t_B	S_xz
0	-0.0905993
0.0001	3.23648
0.0002	6.03805
0.0003	8.40495
0.0004	10.4297
0.0005	12.1192
0.0006	13.61
0.0007	14.9294
0.0008	16.1138
0.0009	17.1631
0.001	18.0949
0.0011	18.9227
0.0012	19.6766
0.0013	20.3604
0.0014	20.9634
0.0015	21.5327
0.0016	22.0636
0.0017	22.5546
0.0018	23.0078
0.0019	23.4189
0.002	23.7964
0.0021	24.1615
0.0022	24.493
0.0023	24.8153
0.0024	25.12
0.0025	25.3879
0.0026	25.6427
0.0027	25.8804
0.0028	26.0929
0.0029	26.2853
0.003	26.4603
0.0031	26.623
0.0032	26.78
0.0033	26.9245
0.0034	27.0511
0.0035	27.1646
0.0036	27.2637
0.0037	27.3438
0.0038	27.4095
0.0039	27.4629
0.004	27.499
0.0041	27.5213
0.0042	27.5283
0.0043	27.5128
0.0044	27.4697
0.0045	27.4072
0.0046	27.3177
0.0047	27.2026
0.0048	27.0584
0.0049	26.8829
0.005	26.682
0.0051	26.4527
0.0052	26.187
0.0053	25.8931
0.0054	25.5653
0.0055	25.2105
0.0056	24.8266
0.0057	24.419
0.0058	23.9884
0.0059	23.5361
0.006	23.0685
0.0061	22.5909
0.0062	22.1126
0.0063	21.6423
0.0064	21.1867
0.0065	20.7482
0.0066	20.336
0.0067	19.9552
0.0068	19.608
0.0069	19.2956
0.007	19.0183
0.0071	18.7832
0.0072	18.5868
0.0073	18.4274
0.0074	18.3024
0.0075	18.21
0.0076	18.1504
0.0077	18.1127
0.0078	18.1005
0.0079	18.1081
0.008	18.1358
0.0081	18.1815
0.0082	18.2391
0.0083	18.3112
0.0084	18.3912
0.0085	18.4775
0.0086	18.5702
0.0087	18.6661
0.0088	18.7633
0.0089	18.8618
0.009	18.9618
0.0091	19.0613
0.0092	19.1604
0.0093	19.2545
0.0094	19.3482
0.0095	19.4403
0.0096	19.5289
0.0097	19.6133
0.0098	19.6924
0.0099	19.7642
0.01	19.8294
0.0101	19.89
0.0102	19.9436
0.0103	19.9872
0.0104	20.0231
0.0105	20.0502
0.0106	20.0695
0.0107	20.078
0.0108	20.0757
0.0109	20.0644
0.011	20.0448
0.0111	20.0143
0.0112	19.9729
0.0113	19.9161
0.0114	19.8488
0.0115	19.7693
0.0116	19.6762
0.0117	19.5699
0.0118	19.4525
0.0119	19.326
0.012	19.1906
0.0121	19.0444
0.0122	18.8937
0.0123	18.738
0.0124	18.5821
0.0125	18.4273
0.0126	18.2761
0.0127	18.1292
0.0128	17.9862
0.0129	17.85
0.013	17.72
0.0131	17.5988
0.0132	17.4877
0.0133	17.3866
0.0134	17.298
0.0135	17.2188
0.0136	17.1482
0.0137	17.0883
0.0138	17.0395
0.0139	17.0006
0.014	16.9728
0.0141	16.9544
0.0142	16.9449
0.0143	16.943
0.0144	16.9476
0.0145	16.9587
0.0146	16.9771
0.0147	17.0006
0.0148	17.0277
0.0149	17.0587
0.015	17.093
0.0151	17.1291
0.0152	17.1675
0.0153	17.2034
0.0154	17.2378
0.0155	17.2707
0.0156	17.3019
0.0157	17.3304
0.0158	17.3563
0.0159	17.3787
0.016	17.3964
0.0161	17.4116
0.0162	17.4233
0.0163	17.4311
0.0164	17.4331
0.0165	17.4305
0.0166	17.4245
0.0167	17.4137
0.0168	17.3985
0.0169	17.3777
0.017	17.3534
0.0171	17.3256
0.0172	17.2933
0.0173	17.2568
0.0174	17.2159
0.0175	17.1709
0.0176	17.122
0.0177	17.0692
0.0178	17.0111
0.0179	16.9492
0.018	16.8832
0.0181	16.8144
0.0182	16.743
0.0183	16.6699
0.0184	16.5966
0.0185	16.5231
0.0186	16.4496
0.0187	16.3768
0.0188	16.3056
0.0189	16.2356
0.019	16.1679
0.0191	16.1049
0.0192	16.0455
0.0193	15.991
0.0194	15.9424
0.0195	15.8994
0.0196	15.8618
0.0197	15.8295
0.0198	15.8026
0.0199	15.7812
0.02	15.7646
0.0201	15.7512
0.0202	15.7419
0.0203	15.7372
0.0204	15.7354
0.0205	15.7359
0.0206	15.7382
0.0207	15.7407
0.0208	15.7456
0.0209	15.7491
0.021	15.7523
0.0211	15.7561
0.0212	15.76
0.0213	15.7616
0.0214	15.7616
0.0215	15.7608
0.0216	15.7598
0.0217	15.7577
0.0218	15.7563
0.0219	15.7539
0.022	15.7494
0.0221	15.7447
0.0222	15.7397
0.0223	15.734
0.0224	15.7284
0.0225	15.7212
0.0226	15.7118
0.0227	15.6995
0.0228	15.6849
0.0229	15.6691
0.023	15.6501
0.0231	15.6276
0.0232	15.603
0.0233	15.575
0.0234	15.5438
0.0235	15.5107
0.0236	15.4754
0.0237	15.438
0.0238	15.4
0.0239	15.3606
0.024	15.3212
0.0241	15.2822
0.0242	15.2444
0.0243	15.2067
0.0244	15.1708
0.0245	15.1358
0.0246	15.1017
0.0247	15.0688
0.0248	15.0379
0.0249	15.0087
0.025	14.981
0.0251	14.9544
0.0252	14.9297
0.0253	14.9063
0.0254	14.8845
0.0255	14.8635
0.0256	14.8436
0.0257	14.8262
0.0258	14.8096
0.0259	14.7938
0.026	14.7796
0.0261	14.7665
0.0262	14.7543
0.0263	14.7426
0.0264	14.732
0.0265	14.7225
0.0266	14.7147
0.0267	14.7084
0.0268	14.7021
0.0269	14.6968
0.027	14.6921
0.0271	14.6866
0.0272	14.6817
0.0273	14.6766
0.0274	14.6726
0.0275	14.6692
0.0276	14.6657
0.0277	14.6618
0.0278	14.6563
0.0279	14.6491
0.028	14.6417
0.0281	14.6336
0.0282	14.6237
0.0283	14.6121
0.0284	14.5982
0.0285	14.5834
0.0286	14.567
0.0287	14.5497
0.0288	14.5316
0.0289	14.5119
0.029	14.4912
0.0291	14.4695
0.0292	14.4471
0.0293	14.4231
0.0294	14.3981
0.0295	14.373
0.0296	14.3478
0.0297	14.3216
0.0298	14.2947
0.0299	14.2682
0.03	14.2427
0.0301	14.217
0.0302	14.1916
0.0303	14.1654
0.0304	14.1401
0.0305	14.1158
0.0306	14.0923
0.0307	14.0711
0.0308	14.0507
0.0309	14.0318
0.031	14.0142
0.0311	13.9987
0.0312	13.9848
0.0313	13.9707
0.0314	13.9574
0.0315	13.9456
0.0316	13.9355
0.0317	13.926
0.0318	13.918
0.0319	13.912
0.032	13.9073
0.0321	13.9034
0.0322	13.9003
0.0323	13.8977
0.0324	13.8946
0.0325	13.8913
0.0326	13.8876
0.0327	13.8846
0.0328	13.881
0.0329	13.8765
0.033	13.8712
0.0331	13.8649
0.0332	13.8583
0.0333	13.8512
0.0334	13.8438
0.0335	13.8362
0.0336	13.8283
0.0337	13.8202
0.0338	13.8114
0.0339	13.8019
0.034	13.7927
0.0341	13.783
0.0342	13.7722
0.0343	13.7611
0.0344	13.7491
0.0345	13.7362
0.0346	13.7226
0.0347	13.7077
0.0348	13.6925
0.0349	13.6763
0.035	13.6591
0.0351	13.6416
0.0352	13.6232
0.0353	13.603
0.0354	13.5826
0.0355	13.5615
0.0356	13.5398
0.0357	13.5184
0.0358	13.497
0.0359	13.4757
0.036	13.4555
0.0361	13.4365
0.0362	13.4182
0.0363	13.4009
0.0364	13.3857
0.0365	13.3713
0.0366	13.3582
0.0367	13.3471
0.0368	13.3385
0.0369	13.3311
0.037	13.3251
0.0371	13.3202
0.0372	13.3161
0.0373	13.3121
0.0374	13.3076
0.0375	13.3036
0.0376	13.2999
0.0377	13.2962
0.0378	13.2926
0.0379	13.2892
0.038	13.2856
0.0381	13.2818
0.0382	13.2777
0.0383	13.2726
0.0384	13.2672
0.0385	13.2615
0.0386	13.2554
0.0387	13.2488
0.0388	13.2427
0.0389	13.237
0.039	13.2312
0.0391	13.2256
0.0392	13.2203
0.0393	13.214
0.0394	13.2069
0.0395	13.1995
0.0396	13.1915
0.0397	13.1825
0.0398	13.1737
0.0399	13.1638
0.04	13.1531
0.0401	13.1414
0.0402	13.1289
0.0403	13.1152
0.0404	13.1007
0.0405	13.0855
0.0406	13.0699
0.0407	13.0538
0.0408	13.0375
0.0409	13.0206
0.041	13.004
0.0411	12.9873
0.0412	12.9712
0.0413	12.9561
0.0414	12.9417
0.0415	12.9282
0.0416	12.9159
0.0417	12.9044
0.0418	12.8945
0.0419	12.8856
0.042	12.8771
0.0421	12.8693
0.0422	12.8619
0.0423	12.856
0.0424	12.8503
0.0425	12.845
0.0426	12.8403
0.0427	12.836
0.0428	12.8319
0.0429	12.8282
0.043	12.8243
0.0431	12.8202
0.0432	12.8164
0.0433	12.8124
0.0434	12.8079
0.0435	12.8035
0.0436	12.7996
0.0437	12.7957
0.0438	12.7914
0.0439	12.7872
0.044	12.7821
0.0441	12.7763
0.0442	12.7703
0.0443	12.7643
0.0444	12.7581
0.0445	12.7516
0.0446	12.7443
0.0447	12.7357
0.0448	12.7262
0.0449	12.7161
0.045	12.7058
0.0451	12.6946
0.0452	12.6826
0.0453	12.6705
0.0454	12.6582
0.0455	12.6456
0.0456	12.6328
0.0457	12.6199
0.0458	12.6072
0.0459	12.5951
0.046	12.5839
0.0461	12.5733
0.0462	12.5635
0.0463	12.5543
0.0464	12.5458
0.0465	12.5374
0.0466	12.5299
0.0467	12.5231
0.0468	12.516
0.0469	12.5093
0.047	12.503
0.0471	12.4962
0.0472	12.4894
0.0473	12.4825
0.0474	12.4751
0.0475	12.4684
0.0476	12.4623
0.0477	12.4563
0.0478	12.4508
0.0479	12.4453
0.048	12.4398
0.0481	12.4346
0.0482	12.4296
0.0483	12.425
0.0484	12.4206
0.0485	12.4168
0.0486	12.4135
0.0487	12.4101
0.0488	12.407
0.0489	12.4036
0.049	12.3993
0.0491	12.3953
0.0492	12.3913
0.0493	12.3871
0.0494	12.3825
0.0495	12.3767
0.0496	12.3699
0.0497	12.3626
0.0498	12.3544
0.0499	12.3458
0.05	12.3373
0.0501	12.3283
0.0502	12.3188
0.0503	12.309
0.0504	12.299
0.0505	12.2893
0.0506	12.2796
0.0507	12.2702
0.0508	12.2617
0.0509	12.2536
0.051	12.246
0.0511	12.2386
0.0512	12.2319
0.0513	12.2253
0.0514	12.2183
0.0515	12.2114
0.0516	12.2046
0.0517	12.1977
0.0518	12.1909
0.0519	12.1841
0.052	12.177
0.0521	12.17
0.0522	12.1631
0.0523	12.1557
0.0524	12.1482
0.0525	12.1413
0.0526	12.1347
0.0527	12.1286
0.0528	12.1227
0.0529	12.1168
0.053	12.1115
0.0531	12.1061
0.0532	12.1013
0.0533	12.0967
0.0534	12.0925
0.0535	12.0889
0.0536	12.0858
0.0537	12.0831
0.0538	12.0806
0.0539	12.078
0.054	12.0753
0.0541	12.072
0.0542	12.0681
0.0543	12.0635
0.0544	12.0583
0.0545	12.0526
0.0546	12.0461
0.0547	12.039
0.0548	12.0311
0.0549	12.0228
0.055	12.0143
0.0551	12.0055
0.0552	11.9963
0.0553	11.9872
0.0554	11.9786
0.0555	11.9706
0.0556	11.9638
0.0557	11.958
0.0558	11.9525
0.0559	11.9477
0.056	11.9435
0.0561	11.9396
0.0562	11.9355
0.0563	11.9313
0.0564	11.9266
0.0565	11.9215
0.0566	11.9162
0.0567	11.9107
0.0568	11.9054
0.0569	11.8999
0.057	11.894
0.0571	11.8877
0.0572	11.8817
0.0573	11.8755
0.0574	11.8691
0.0575	11.8627
0.0576	11.8566
0.0577	11.8504
0.0578	11.8442
0.0579	11.8383
0.058	11.8323
0.0581	11.8268
0.0582	11.8217
0.0583	11.8172
0.0584	11.8128
0.0585	11.8085
0.0586	11.8044
0.0587	11.8001
0.0588	11.7958
0.0589	11.7919
0.059	11.7879
0.0591	11.7832
0.0592	11.7781
0.0593	11.7727
0.0594	11.7665
0.0595	11.7598
0.0596	11.753
0.0597	11.7459
0.0598	11.7389
0.0599	11.7322
0.06	11.7256
0.0601	11.7194
0.0602	11.713
0.0603	11.7073
0.0604	11.7025
0.0605	11.6978
0.0606	11.6934
0.0607	11.6898
0.0608	11.6865
0.0609	11.683
0.061	11.6795
0.0611	11.6764
0.0612	11.6733
0.0613	11.6696
0.0614	11.6658
0.0615	11.6616
0.0616	11.6573
0.0617	11.6526
0.0618	11.6477
0.0619	11.6429
0.062	11.6382
0.0621	11.6334
0.0622	11.6285
0.0623	11.6242
0.0624	11.6198
0.0625	11.6158
0.0626	11.6114
0.0627	11.6074
0.0628	11.6032
0.0629	11.5996
0.063	11.5958
0.0631	11.5926
0.0632	11.59
0.0633	11.5877
0.0634	11.5851
0.0635	11.5824
0.0636	11.5793
0.0637	11.5756
0.0638	11.5717
0.0639	11.5672
0.064	11.5624
0.0641	11.5569
0.0642	11.5511
0.0643	11.5453
0.0644	11.5392
0.0645	11.5331
0.0646	11.527
0.0647	11.521
0.0648	11.5149
0.0649	11.5088
0.065	11.5029
0.0651	11.4972
0.0652	11.4919
0.0653	11.4871
0.0654	11.4829
0.0655	11.4792
0.0656	11.4756
0.0657	11.4722
0.0658	11.469
0.0659	11.4658
0.066	11.4626
0.0661	11.4597
0.0662	11.4565
0.0663	11.4533
0.0664	11.45
0.0665	11.4469
0.0666	11.4441
0.0667	11.4415
0.0668	11.4391
0.0669	11.4369
0.067	11.4346
0.0671	11.4325
0.0672	11.4305
0.0673	11.4289
0.0674	11.4269
0.0675	11.4251
0.0676	11.4232
0.0677	11.4209
0.0678	11.4187
0.0679	11.4161
0.068	11.4138
0.0681	11.4118
0.0682	11.4093
0.0683	11.4064
0.0684	11.4029
0.0685	11.399
0.0686	11.3949
0.0687	11.3903
0.0688	11.3859
0.0689	11.3809
0.069	11.3763
0.0691	11.3719
0.0692	11.3672
0.0693	11.3623
0.0694	11.3574
0.0695	11.3525
0.0696	11.3473
0.0697	11.3421
0.0698	11.3365
0.0699	11.3314
0.07	11.3265
0.0701	11.3222
0.0702	11.3181
0.0703	11.3142
0.0704	11.3103
0.0705	11.3064
0.0706	11.3031
0.0707	11.3002
0.0708	11.2975
0.0709	11.2948
0.071	11.2925
0.0711	11.2899
0.0712	11.2873
0.0713	11.2847
0.0714	11.2821
0.0715	11.2796
0.0716	11.2772
0.0717	11.2747
0.0718	11.2719
0.0719	11.2696
0.072	11.2672
0.0721	11.2653
0.0722	11.2638
0.0723	11.2629
0.0724	11.2618
0.0725	11.261
0.0726	11.2601
0.0727	11.2589
0.0728	11.2579
0.0729	11.2563
0.073	11.2545
0.0731	11.2525
0.0732	11.2503
0.0733	11.2477
0.0734	11.245
0.0735	11.2421
0.0736	11.2391
0.0737	11.2354
0.0738	11.2307
0.0739	11.2258
0.074	11.2206
0.0741	11.2151
0.0742	11.2092
0.0743	11.2035
0.0744	11.1978
0.0745	11.1926
0.0746	11.1878
0.0747	11.1833
0.0748	11.1792
0.0749	11.175
0.075	11.1712
0.0751	11.1681
0.0752	11.165
0.0753	11.1616
0.0754	11.1589
0.0755	11.1563
0.0756	11.1535
0.0757	11.1507
0.0758	11.1478
0.0759	11.1447
0.076	11.1417
0.0761	11.1388
0.0762	11.1359
0.0763	11.1327
0.0764	11.1298
0.0765	11.1269
0.0766	11.1243
0.0767	11.1218
0.0768	11.1196
0.0769	11.1181
0.077	11.1166
0.0771	11.1151
0.0772	11.1133
0.0773	11.1117
0.0774	11.1104
0.0775	11.1095
0.0776	11.109
0.0777	11.1082
0.0778	11.1072
0.0779	11.1057
0.078	11.1037
0.0781	11.1009
0.0782	11.0979
0.0783	11.0946
0.0784	11.0911
0.0785	11.0871
0.0786	11.0828
0.0787	11.0786
0.0788	11.0743
0.0789	11.0703
0.079	11.0664
0.0791	11.0624
0.0792	11.0583
0.0793	11.0539
0.0794	11.0495
0.0795	11.045
0.0796	11.0407
0.0797	11.0363
0.0798	11.0321
0.0799	11.0279
0.08	11.0242
0.0801	11.0206
0.0802	11.0172
0.0803	11.014
0.0804	11.011
0.0805	11.0082
0.0806	11.0055
0.0807	11.0025
0.0808	10.9994
0.0809	10.9962
0.081	10.993
0.0811	10.9897
0.0812	10.9863
0.0813	10.983
0.0814	10.9796
0.0815	10.9762
0.0816	10.9733
0.0817	10.9707
0.0818	10.9682
0.0819	10.966
0.082	10.9641
0.0821	10.9622
0.0822	10.9608
0.0823	10.96
0.0824	10.9594
0.0825	10.959
0.0826	10.9586
0.0827	10.9583
0.0828	10.958
0.0829	10.9574
0.083	10.9564
0.0831	10.9552
0.0832	10.9535
0.0833	10.9515
0.0834	10.9493
0.0835	10.9469
0.0836	10.9443
0.0837	10.9412
0.0838	10.9377
0.0839	10.9344
0.084	10.9308
0.0841	10.9272
0.0842	10.9233
0.0843	10.9194
0.0844	10.9152
0.0845	10.9114
0.0846	10.9077
0.0847	10.9043
0.0848	10.9007
0.0849	10.8973
0.085	10.8945
0.0851	10.8917
0.0852	10.8887
0.0853	10.8858
0.0854	10.8829
0.0855	10.88
0.0856	10.877
0.0857	10.8742
0.0858	10.8714
0.0859	10.8686
0.086	10.8657
0.0861	10.8629
0.0862	10.8602
0.0863	10.8579
0.0864	10.8555
0.0865	10.8534
0.0866	10.8511
0.0867	10.8489
0.0868	10.847
0.0869	10.845
0.087	10.843
0.0871	10.8413
0.0872	10.8399
0.0873	10.8386
0.0874	10.8369
0.0875	10.8355
0.0876	10.834
0.0877	10.8325
0.0878	10.831
0.0879	10.8297
0.088	10.8286
0.0881	10.8275
0.0882	10.8262
0.0883	10.8246
0.0884	10.8229
0.0885	10.8213
0.0886	10.8192
0.0887	10.817
0.0888	10.8148
0.0889	10.8123
0.089	10.8096
0.0891	10.8068
0.0892	10.8038
0.0893	10.8008
0.0894	10.7976
0.0895	10.7945
0.0896	10.7913
0.0897	10.788
0.0898	10.7845
0.0899	10.7809
0.09	10.7773
0.0901	10.7738
0.0902	10.7703
0.0903	10.767
0.0904	10.7639
0.0905	10.7611
0.0906	10.7582
0.0907	10.7558
0.0908	10.7532
0.0909	10.751
0.091	10.7487
0.0911	10.7466
0.0912	10.7449
0.0913	10.7433
0.0914	10.7416
0.0915	10.7398
0.0916	10.738
0.0917	10.7364
0.0918	10.7349
0.0919	10.7333
0.092	10.7313
0.0921	10.7293
0.0922	10.7274
0.0923	10.7256
0.0924	10.7241
0.0925	10.7228
0.0926	10.7217
0.0927	10.7208
0.0928	10.72
0.0929	10.7194
0.093	10.7188
0.0931	10.7182
0.0932	10.7173
0.0933	10.7161
0.0934	10.7145
0.0935	10.7129
0.0936	10.7111
0.0937	10.7093
0.0938	10.7074
0.0939	10.7055
0.094	10.7034
0.0941	10.7012
0.0942	10.699
0.0943	10.6968
0.0944	10.6949
0.0945	10.6928
0.0946	10.6903
0.0947	10.6878
0.0948	10.6853
0.0949	10.6827
0.095	10.6801
0.0951	10.6775
0.0952	10.675
0.0953	10.6727
0.0954	10.6703
0.0955	10.6681
0.0956	10.666
0.0957	10.6638
0.0958	10.6612
0.0959	10.6588
0.096	10.6562
0.0961	10.6532
0.0962	10.6506
0.0963	10.6478
0.0964	10.6449
0.0965	10.6419
0.0966	10.639
0.0967	10.6363
0.0968	10.6339
0.0969	10.6317
0.097	10.6295
0.0971	10.6272
0.0972	10.6253
0.0973	10.6235
0.0974	10.6219
0.0975	10.6205
0.0976	10.6193
0.0977	10.6183
0.0978	10.6176
0.0979	10.6166
0.098	10.6154
0.0981	10.6143
0.0982	10.6133
0.0983	10.6126
0.0984	10.6123
0.0985	10.6119
0.0986	10.6113
0.0987	10.6104
0.0988	10.6094
0.0989	10.6085
0.099	10.6075
0.0991	10.6063
0.0992	10.6052
0.0993	10.6039
0.0994	10.6022
0.0995	10.6004
0.0996	10.5985
0.0997	10.5966
0.0998	10.5948
0.0999	10.5932
