-0.604217	-0.24621	-0.314546	-0.604217	-0.24621	0
0.473707	-0.302551	-0.300804	0.473707	-0.302551	0
1.46917	-0.268839	-0.315404	1.46917	-0.268839	0
2.45373	-0.20173	-0.322931	2.45373	-0.20173	0
3.49081	-0.201961	-0.316108	3.49081	-0.201961	0
4.57031	-0.184801	-0.320958	4.57031	-0.184801	0
5.59222	-0.202721	-0.312291	5.59222	-0.202721	0
6.61559	-0.22575	-0.323355	6.61559	-0.22575	0
7.63129	-0.243152	-0.319041	7.63129	-0.243152	0
8.69902	-0.276508	-0.296071	8.69902	-0.276508	0
9.70994	-0.28917	-0.306272	9.70994	-0.28917	0
10.8182	-0.274132	-0.326854	10.8182	-0.274132	0
11.8282	-0.333335	-0.320931	11.8282	-0.333335	0
-10.9286	-0.337361	-0.327674	-10.9286	-0.337361	0
-9.93008	-0.267191	-0.303081	-9.93008	-0.267191	0
-8.87823	-0.299252	-0.296255	-8.87823	-0.299252	0
-7.83102	-0.304324	-0.326549	-7.83102	-0.304324	0
-6.83526	-0.282693	-0.319338	-6.83526	-0.282693	0
-5.81815	-0.327287	-0.324267	-5.81815	-0.327287	0
-4.6979	-0.271168	-0.300603	-4.6979	-0.271168	0
-3.71456	-0.304127	-0.318511	-3.71456	-0.304127	0
-2.68634	-0.270084	-0.31023	-2.68634	-0.270084	0
-1.64484	-0.208236	-0.315998	-1.64484	-0.208236	0
-0.632058	0.767833	-0.301223	-0.632058	0.767833	0
0.434943	0.778855	-0.331248	0.434943	0.778855	0
1.43456	0.817341	-0.278212	1.43456	0.817341	0
2.43672	0.846366	-0.325738	2.43672	0.846366	0
3.48852	0.811299	-0.316108	3.48852	0.811299	0
4.56744	0.861412	-0.306182	4.56744	0.861412	0
5.63672	0.796357	-0.282323	5.63672	0.796357	0
6.67036	0.766727	-0.350523	6.67036	0.766727	0
7.64375	0.859769	-0.321037	7.64375	0.859769	0
8.7104	0.813907	-0.309793	8.7104	0.813907	0
9.73932	0.730211	-0.307071	9.73932	0.730211	0
10.7317	0.762319	-0.291657	10.7317	0.762319	0
11.7941	0.721141	-0.311902	11.7941	0.721141	0
-10.9575	0.774581	-0.346913	-10.9575	0.774581	0
-9.92085	0.802237	-0.326906	-9.92085	0.802237	0
-8.87669	0.760539	-0.319073	-8.87669	0.760539	0
-7.8823	0.773219	-0.299998	-7.8823	0.773219	0
-6.86516	0.732651	-0.314316	-6.86516	0.732651	0
-5.79057	0.750497	-0.331122	-5.79057	0.750497	0
-4.76871	0.751861	-0.329148	-4.76871	0.751861	0
-3.71575	0.74564	-0.330369	-3.71575	0.74564	0
-2.67287	0.805222	-0.340959	-2.67287	0.805222	0
-1.65046	0.759428	-0.299432	-1.65046	0.759428	0
-0.572502	1.77566	-0.301851	-0.572502	1.77566	0
0.482627	1.79599	-0.32475	0.482627	1.79599	0
1.47977	1.80211	-0.336962	1.47977	1.80211	0
2.49669	1.88363	-0.316628	2.49669	1.88363	0
3.51408	1.84539	-0.318187	3.51408	1.84539	0
4.62557	1.90239	-0.330485	4.62557	1.90239	0
5.63537	1.85978	-0.306793	5.63537	1.85978	0
6.6597	1.87914	-0.332509	6.6597	1.87914	0
7.69882	1.85419	-0.305834	7.69882	1.85419	0
8.71848	1.83838	-0.342909	8.71848	1.83838	0
9.75781	1.7977	-0.29974	9.75781	1.7977	0
10.7428	1.75404	-0.293088	10.7428	1.75404	0
11.8112	1.70938	-0.323644	11.8112	1.70938	0
-10.9288	1.79557	-0.316862	-10.9288	1.79557	0
-9.94603	1.84415	-0.322168	-9.94603	1.84415	0
-8.90038	1.76623	-0.292094	-8.90038	1.76623	0
-7.88042	1.83451	-0.309842	-7.88042	1.83451	0
-6.81928	1.83041	-0.298466	-6.81928	1.83041	0
-5.8031	1.7901	-0.298567	-5.8031	1.7901	0
-4.75535	1.78327	-0.317937	-4.75535	1.78327	0
-3.70794	1.81284	-0.338193	-3.70794	1.81284	0
-2.67371	1.77451	-0.327957	-2.67371	1.77451	0
-1.57517	1.78563	-0.33199	-1.57517	1.78563	0
-0.515753	2.85679	-0.317517	-0.515753	2.85679	0
0.483405	2.83532	-0.313408	0.483405	2.83532	0
1.46113	2.85722	-0.305666	1.46113	2.85722	0
2.50525	2.92383	-0.299251	2.50525	2.92383	0
3.58145	2.84447	-0.30742	3.58145	2.84447	0
4.59243	2.87913	-0.327593	4.59243	2.87913	0
5.634	2.86314	-0.318692	5.634	2.86314	0
6.61611	2.86005	-0.286521	6.61611	2.86005	0
7.66547	2.92949	-0.276394	7.66547	2.92949	0
8.7071	2.87813	-0.344562	8.7071	2.87813	0
9.74085	2.84507	-0.315486	9.74085	2.84507	0
10.7863	2.76656	-0.330906	10.7863	2.76656	0
11.8296	2.78088	-0.310459	11.8296	2.78088	0
-10.9754	2.79836	-0.31811	-10.9754	2.79836	0
-9.88607	2.82604	-0.331932	-9.88607	2.82604	0
-8.88284	2.80806	-0.309278	-8.88284	2.80806	0
-7.7955	2.83706	-0.314521	-7.7955	2.83706	0
-6.78407	2.84809	-0.285028	-6.78407	2.84809	0
-5.73788	2.7979	-0.290631	-5.73788	2.7979	0
-4.68905	2.76823	-0.29081	-4.68905	2.76823	0
-3.61753	2.79503	-0.318968	-3.61753	2.79503	0
-2.58299	2.81301	-0.341427	-2.58299	2.81301	0
-1.56073	2.85063	-0.286593	-1.56073	2.85063	0
-0.577963	3.90053	-0.315402	-0.577963	3.90053	0
0.45541	3.88534	-0.328405	0.45541	3.88534	0
1.50007	3.93297	-0.326931	1.50007	3.93297	0
2.50193	3.92488	-0.304805	2.50193	3.92488	0
3.54739	3.88037	-0.325041	3.54739	3.88037	0
4.58004	3.83556	-0.308745	4.58004	3.83556	0
5.57932	3.86139	-0.34715	5.57932	3.86139	0
6.6229	3.92527	-0.329492	6.6229	3.92527	0
7.67065	3.89755	-0.309514	7.67065	3.89755	0
8.68984	3.87609	-0.32606	8.68984	3.87609	0
9.67607	3.93072	-0.334691	9.67607	3.93072	0
10.7525	3.79732	-0.328762	10.7525	3.79732	0
11.7703	3.87764	-0.328964	11.7703	3.87764	0
-10.9358	3.83181	-0.3262	-10.9358	3.83181	0
-9.87331	3.80727	-0.333012	-9.87331	3.80727	0
-8.81712	3.87821	-0.311037	-8.81712	3.87821	0
-7.80553	3.88609	-0.327089	-7.80553	3.88609	0
-6.78143	3.91113	-0.328199	-6.78143	3.91113	0
-5.71349	3.85863	-0.310904	-5.71349	3.85863	0
-4.71303	3.82848	-0.297918	-4.71303	3.82848	0
-3.68834	3.78037	-0.307899	-3.68834	3.78037	0
-2.6515	3.80442	-0.345	-2.6515	3.80442	0
-1.61902	3.86131	-0.319388	-1.61902	3.86131	0
-0.656293	4.90649	-0.303614	-0.656293	4.90649	0
0.358323	4.95696	-0.294412	0.358323	4.95696	0
1.4364	4.92854	-0.311447	1.4364	4.92854	0
2.49297	4.99033	-0.313505	2.49297	4.99033	0
3.49357	4.91406	-0.295462	3.49357	4.91406	0
4.53286	4.91394	-0.325188	4.53286	4.91394	0
5.58636	4.94842	-0.323009	5.58636	4.94842	0
6.62849	4.96148	-0.309072	6.62849	4.96148	0
7.63038	4.96103	-0.309293	7.63038	4.96103	0
8.67249	4.92104	-0.333651	8.67249	4.92104	0
9.71513	4.92472	-0.313421	9.71513	4.92472	0
10.715	4.87367	-0.335409	10.715	4.87367	0
11.8293	4.90682	-0.334331	11.8293	4.90682	0
-10.9664	4.90956	-0.275853	-10.9664	4.90956	0
-9.95809	4.85748	-0.3393	-9.95809	4.85748	0
-8.87761	4.8731	-0.336963	-8.87761	4.8731	0
-7.80198	4.90545	-0.347379	-7.80198	4.90545	0
-6.77651	4.94725	-0.302041	-6.77651	4.94725	0
-5.75444	4.9094	-0.331311	-5.75444	4.9094	0
-4.75321	4.87429	-0.311476	-4.75321	4.87429	0
-3.7038	4.86518	-0.285625	-3.7038	4.86518	0
-2.71268	4.94131	-0.307363	-2.71268	4.94131	0
-1.66986	4.91259	-0.328042	-1.66986	4.91259	0
-0.676253	5.90655	-0.325916	-0.676253	5.90655	0
0.375035	5.96231	-0.318351	0.375035	5.96231	0
1.43011	5.96256	-0.329647	1.43011	5.96256	0
2.41577	6.02267	-0.312365	2.41577	6.02267	0
3.4597	5.93128	-0.295427	3.4597	5.93128	0
4.51438	5.89492	-0.315327	4.51438	5.89492	0
5.62082	5.96362	-0.311699	5.62082	5.96362	0
6.58702	6.02411	-0.313547	6.58702	6.02411	0
7.65558	5.96078	-0.343652	7.65558	5.96078	0
8.727	5.93206	-0.321791	8.727	5.93206	0
9.72127	5.93091	-0.309247	9.72127	5.93091	0
10.7663	5.9239	-0.317567	10.7663	5.9239	0
11.8467	5.90109	-0.328226	11.8467	5.90109	0
-10.9528	5.94703	-0.327572	-10.9528	5.94703	0
-9.86943	5.92699	-0.327252	-9.86943	5.92699	0
-8.86306	5.9582	-0.282942	-8.86306	5.9582	0
-7.82094	5.94383	-0.310481	-7.82094	5.94383	0
-6.749	5.94935	-0.315954	-6.749	5.94935	0
-5.7795	5.98615	-0.315657	-5.7795	5.98615	0
-4.76743	5.95256	-0.285644	-4.76743	5.95256	0
-3.73623	5.93752	-0.318907	-3.73623	5.93752	0
-2.69027	5.91848	-0.320816	-2.69027	5.91848	0
-1.69404	5.96233	-0.33295	-1.69404	5.96233	0
-0.613587	6.93324	-0.343219	-0.613587	6.93324	0
0.388411	7.00079	-0.335322	0.388411	7.00079	0
1.4316	6.97761	-0.318036	1.4316	6.97761	0
2.43402	7.0069	-0.324552	2.43402	7.0069	0
3.48734	6.94578	-0.308477	3.48734	6.94578	0
4.50394	6.88291	-0.317185	4.50394	6.88291	0
5.55088	6.9942	-0.299511	5.55088	6.9942	0
6.61811	7.0118	-0.332107	6.61811	7.0118	0
7.59915	7.00948	-0.317112	7.59915	7.00948	0
8.64498	6.96973	-0.327236	8.64498	6.96973	0
9.65984	6.99353	-0.316582	9.65984	6.99353	0
10.7421	6.89427	-0.326371	10.7421	6.89427	0
11.8018	6.90277	-0.334291	11.8018	6.90277	0
-10.9533	6.96003	-0.309538	-10.9533	6.96003	0
-9.82671	6.96688	-0.34397	-9.82671	6.96688	0
-8.82245	6.9504	-0.293768	-8.82245	6.9504	0
-7.84091	6.99813	-0.321559	-7.84091	6.99813	0
-6.79388	7.02591	-0.354674	-6.79388	7.02591	0
-5.7689	7.0205	-0.328201	-5.7689	7.0205	0
-4.74946	6.98247	-0.309765	-4.74946	6.98247	0
-3.70775	7.01484	-0.308744	-3.70775	7.01484	0
-2.67269	6.96182	-0.320049	-2.67269	6.96182	0
-1.72979	7.00044	-0.332488	-1.72979	7.00044	0
-0.640553	7.99548	-0.313945	-0.640553	7.99548	0
0.394673	7.99545	-0.308709	0.394673	7.99545	0
1.44481	8.05239	-0.326657	1.44481	8.05239	0
2.43314	8.01516	-0.300407	2.43314	8.01516	0
3.46117	7.97514	-0.323983	3.46117	7.97514	0
4.51479	8.03504	-0.294009	4.51479	8.03504	0
5.55829	7.98497	-0.354641	5.55829	7.98497	0
6.62349	8.07543	-0.307052	6.62349	8.07543	0
7.64986	8.05466	-0.310166	7.64986	8.05466	0
8.64215	7.95654	-0.33346	8.64215	7.95654	0
9.62136	8.07964	-0.323122	9.62136	8.07964	0
10.7811	7.96948	-0.323954	10.7811	7.96948	0
11.771	8.00583	-0.296627	11.771	8.00583	0
-10.9689	7.95583	-0.32476	-10.9689	7.95583	0
-9.96386	7.9587	-0.322171	-9.96386	7.9587	0
-8.90658	7.96239	-0.306153	-8.90658	7.96239	0
-7.85066	7.98042	-0.31065	-7.85066	7.98042	0
-6.84061	8.02191	-0.305108	-6.84061	8.02191	0
-5.78269	8.04781	-0.306005	-5.78269	8.04781	0
-4.73719	7.97021	-0.33702	-4.73719	7.97021	0
-3.74545	8.02759	-0.309476	-3.74545	8.02759	0
-2.68405	8.03969	-0.345911	-2.68405	8.03969	0
-1.7129	7.98133	-0.321109	-1.7129	7.98133	0
-0.640336	9.03308	-0.323157	-0.640336	9.03308	0
0.38206	9.06059	-0.333004	0.38206	9.06059	0
1.38623	9.02421	-0.319296	1.38623	9.02421	0
2.5224	9.03547	-0.344337	2.5224	9.03547	0
3.49067	9.03206	-0.322601	3.49067	9.03206	0
4.45936	9.03696	-0.313469	4.45936	9.03696	0
5.55663	9.03441	-0.315405	5.55663	9.03441	0
6.57536	9.07307	-0.327694	6.57536	9.07307	0
7.66586	9.07358	-0.325303	7.66586	9.07358	0
8.67821	9.0644	-0.305356	8.67821	9.0644	0
9.72222	9.07631	-0.324819	9.72222	9.07631	0
10.79	9.01524	-0.305793	10.79	9.01524	0
11.7896	8.99279	-0.352425	11.7896	8.99279	0
-10.9951	9.05264	-0.307	-10.9951	9.05264	0
-9.95817	9.00632	-0.318268	-9.95817	9.00632	0
-8.84779	8.98818	-0.33284	-8.84779	8.98818	0
-7.85286	9.07626	-0.32121	-7.85286	9.07626	0
-6.82741	9.03485	-0.333271	-6.82741	9.03485	0
-5.7851	9.0972	-0.298913	-5.7851	9.0972	0
-4.74802	9.06727	-0.314649	-4.74802	9.06727	0
-3.73398	9.023	-0.335219	-3.73398	9.023	0
-2.69252	9.04965	-0.297778	-2.69252	9.04965	0
-1.63715	9.01677	-0.305848	-1.63715	9.01677	0
-0.649497	10.0412	-0.312815	-0.649497	10.0412	0
0.366598	10.0521	-0.320717	0.366598	10.0521	0
1.39582	10.0391	-0.304044	1.39582	10.0391	0
2.43389	10.0432	-0.331429	2.43389	10.0432	0
3.47051	10.0355	-0.314971	3.47051	10.0355	0
4.49015	10.0569	-0.321197	4.49015	10.0569	0
5.52817	10.103	-0.328411	5.52817	10.103	0
6.60591	10.1028	-0.280096	6.60591	10.1028	0
7.6366	10.108	-0.311398	7.6366	10.108	0
8.7103	10.0744	-0.305337	8.7103	10.0744	0
9.70944	10.0392	-0.299729	9.70944	10.0392	0
10.6987	10.0543	-0.312531	10.6987	10.0543	0
11.7242	10.1089	-0.308998	11.7242	10.1089	0
-10.9668	10.073	-0.321966	-10.9668	10.073	0
-9.92916	9.97368	-0.327099	-9.92916	9.97368	0
-8.87589	9.98844	-0.304128	-8.87589	9.98844	0
-7.84594	10.0518	-0.307428	-7.84594	10.0518	0
-6.78257	10.1021	-0.354996	-6.78257	10.1021	0
-5.76507	10.0194	-0.312485	-5.76507	10.0194	0
-4.7283	10.0666	-0.330366	-4.7283	10.0666	0
-3.70807	10.0886	-0.335432	-3.70807	10.0886	0
-2.71606	10.0801	-0.29128	-2.71606	10.0801	0
-1.66973	10.0693	-0.321445	-1.66973	10.0693	0
-0.607802	11.0687	-0.324969	-0.607802	11.0687	0
0.351344	11.1048	-0.336287	0.351344	11.1048	0
1.43026	11.0618	-0.311762	1.43026	11.0618	0
2.38839	11.074	-0.311816	2.38839	11.074	0
3.46552	11.0797	-0.255972	3.46552	11.0797	0
4.49518	11.1081	-0.304795	4.49518	11.1081	0
5.47191	11.1103	-0.350406	5.47191	11.1103	0
6.57621	11.1237	-0.319445	6.57621	11.1237	0
7.64029	11.1608	-0.30424	7.64029	11.1608	0
8.64971	11.1193	-0.305351	8.64971	11.1193	0
9.6919	11.0827	-0.318376	9.6919	11.0827	0
10.7239	11.0826	-0.335895	10.7239	11.0826	0
11.7882	11.0662	-0.34382	11.7882	11.0662	0
-10.9254	11.0573	-0.321524	-10.9254	11.0573	0
-9.93157	11.0743	-0.334718	-9.93157	11.0743	0
-8.94563	11.0157	-0.313501	-8.94563	11.0157	0
-7.92741	11.0786	-0.319989	-7.92741	11.0786	0
-6.80038	11.1009	-0.308388	-6.80038	11.1009	0
-5.78693	11.0373	-0.315308	-5.78693	11.0373	0
-4.71191	11.0873	-0.295608	-4.71191	11.0873	0
-3.67326	11.1081	-0.307377	-3.67326	11.1081	0
-2.62138	11.1397	-0.33099	-2.62138	11.1397	0
-1.61217	11.1159	-0.307385	-1.61217	11.1159	0
-0.695341	-11.6001	-0.323711	-0.695341	-11.6001	0
0.366377	-11.6186	-0.310901	0.366377	-11.6186	0
1.41225	-11.7163	-0.321929	1.41225	-11.7163	0
2.46878	-11.6428	-0.308288	2.46878	-11.6428	0
3.4971	-11.6512	-0.339003	3.4971	-11.6512	0
4.47173	-11.5549	-0.299424	4.47173	-11.5549	0
5.49905	-11.6499	-0.323035	5.49905	-11.6499	0
6.57042	-11.6273	-0.306992	6.57042	-11.6273	0
7.60549	-11.6517	-0.338705	7.60549	-11.6517	0
8.72584	-11.6928	-0.284242	8.72584	-11.6928	0
9.75351	-11.6374	-0.316576	9.75351	-11.6374	0
10.7067	-11.6745	-0.293837	10.7067	-11.6745	0
11.8022	-11.6709	-0.33256	11.8022	-11.6709	0
-10.9607	-11.7105	-0.303996	-10.9607	-11.7105	0
-9.91624	-11.6395	-0.314822	-9.91624	-11.6395	0
-8.89139	-11.6388	-0.334397	-8.89139	-11.6388	0
-7.89297	-11.6474	-0.320944	-7.89297	-11.6474	0
-6.83052	-11.6084	-0.319033	-6.83052	-11.6084	0
-5.82129	-11.7026	-0.321956	-5.82129	-11.7026	0
-4.7908	-11.6449	-0.324229	-4.7908	-11.6449	0
-3.73452	-11.6556	-0.364122	-3.73452	-11.6556	0
-2.67056	-11.5984	-0.316064	-2.67056	-11.5984	0
-1.67359	-11.6634	-0.31715	-1.67359	-11.6634	0
-0.652925	-10.5602	-0.320061	-0.652925	-10.5602	0
0.308683	-10.6216	-0.309166	0.308683	-10.6216	0
1.40025	-10.5779	-0.308154	1.40025	-10.5779	0
2.42423	-10.5964	-0.331165	2.42423	-10.5964	0
3.48978	-10.5889	-0.329019	3.48978	-10.5889	0
4.55808	-10.5414	-0.288216	4.55808	-10.5414	0
5.64466	-10.5684	-0.333889	5.64466	-10.5684	0
6.62987	-10.6504	-0.30825	6.62987	-10.6504	0
7.68267	-10.6376	-0.325054	7.68267	-10.6376	0
8.69727	-10.6893	-0.293827	8.69727	-10.6893	0
9.74416	-10.6357	-0.325096	9.74416	-10.6357	0
10.8027	-10.6472	-0.300812	10.8027	-10.6472	0
11.7496	-10.6301	-0.321915	11.7496	-10.6301	0
-10.9949	-10.645	-0.310293	-10.9949	-10.645	0
-9.991	-10.6375	-0.281613	-9.991	-10.6375	0
-8.89155	-10.5461	-0.300784	-8.89155	-10.5461	0
-7.87703	-10.635	-0.298788	-7.87703	-10.635	0
-6.82665	-10.5338	-0.287362	-6.82665	-10.5338	0
-5.8311	-10.6253	-0.311502	-5.8311	-10.6253	0
-4.81039	-10.6822	-0.326897	-4.81039	-10.6822	0
-3.7621	-10.6224	-0.322673	-3.7621	-10.6224	0
-2.68316	-10.5988	-0.342778	-2.68316	-10.5988	0
-1.66022	-10.6052	-0.335653	-1.66022	-10.6052	0
-0.634385	-9.52267	-0.312895	-0.634385	-9.52267	0
0.402082	-9.58854	-0.333027	0.402082	-9.58854	0
1.45777	-9.55446	-0.307158	1.45777	-9.55446	0
2.48972	-9.49543	-0.303852	2.48972	-9.49543	0
3.5461	-9.54299	-0.334172	3.5461	-9.54299	0
4.52853	-9.52292	-0.288068	4.52853	-9.52292	0
5.55342	-9.47684	-0.31934	5.55342	-9.47684	0
6.66268	-9.59215	-0.312807	6.66268	-9.59215	0
7.67602	-9.58341	-0.305065	7.67602	-9.58341	0
8.7434	-9.63695	-0.315386	8.7434	-9.63695	0
9.73935	-9.63593	-0.326513	9.73935	-9.63593	0
10.7368	-9.63242	-0.317759	10.7368	-9.63242	0
11.8023	-9.60459	-0.344264	11.8023	-9.60459	0
-10.9671	-9.6317	-0.325502	-10.9671	-9.6317	0
-9.94177	-9.59592	-0.325301	-9.94177	-9.59592	0
-8.88493	-9.56415	-0.324373	-8.88493	-9.56415	0
-7.85631	-9.55233	-0.315677	-7.85631	-9.55233	0
-6.77431	-9.56213	-0.272717	-6.77431	-9.56213	0
-5.77606	-9.50586	-0.334716	-5.77606	-9.50586	0
-4.78082	-9.57721	-0.323681	-4.78082	-9.57721	0
-3.74703	-9.61388	-0.296021	-3.74703	-9.61388	0
-2.71844	-9.56857	-0.327943	-2.71844	-9.56857	0
-1.65219	-9.55181	-0.339846	-1.65219	-9.55181	0
-0.575607	-8.50593	-0.318996	-0.575607	-8.50593	0
0.407664	-8.52339	-0.334253	0.407664	-8.52339	0
1.46081	-8.55832	-0.302684	1.46081	-8.55832	0
2.49472	-8.48891	-0.319887	2.49472	-8.48891	0
3.51679	-8.51978	-0.306076	3.51679	-8.51978	0
4.58226	-8.4647	-0.318425	4.58226	-8.4647	0
5.65044	-8.49242	-0.298879	5.65044	-8.49242	0
6.68604	-8.46918	-0.320667	6.68604	-8.46918	0
7.69598	-8.52691	-0.345866	7.69598	-8.52691	0
8.70277	-8.59839	-0.293901	8.70277	-8.59839	0
9.74765	-8.56518	-0.316544	9.74765	-8.56518	0
10.7819	-8.56678	-0.34404	10.7819	-8.56678	0
11.8136	-8.5586	-0.329771	11.8136	-8.5586	0
-10.9253	-8.59356	-0.330581	-10.9253	-8.59356	0
-9.92573	-8.52602	-0.328192	-9.92573	-8.52602	0
-8.86617	-8.55629	-0.322875	-8.86617	-8.55629	0
-7.83662	-8.47038	-0.32133	-7.83662	-8.47038	0
-6.78406	-8.54128	-0.321731	-6.78406	-8.54128	0
-5.75481	-8.53393	-0.291247	-5.75481	-8.53393	0
-4.73056	-8.54755	-0.324087	-4.73056	-8.54755	0
-3.74394	-8.5893	-0.359572	-3.74394	-8.5893	0
-2.69952	-8.53466	-0.332334	-2.69952	-8.53466	0
-1.66148	-8.54589	-0.341364	-1.66148	-8.54589	0
-0.544578	-7.43633	-0.335233	-0.544578	-7.43633	0
0.457626	-7.48366	-0.345574	0.457626	-7.48366	0
1.53054	-7.45459	-0.328174	1.53054	-7.45459	0
2.54655	-7.46032	-0.326854	2.54655	-7.46032	0
3.57346	-7.50769	-0.332958	3.57346	-7.50769	0
4.59452	-7.44322	-0.306058	4.59452	-7.44322	0
5.63695	-7.51009	-0.325103	5.63695	-7.51009	0
6.62018	-7.4275	-0.312103	6.62018	-7.4275	0
7.66629	-7.47203	-0.291351	7.66629	-7.47203	0
8.72288	-7.55892	-0.305702	8.72288	-7.55892	0
9.77548	-7.54378	-0.298514	9.77548	-7.54378	0
10.7483	-7.56134	-0.327113	10.7483	-7.56134	0
11.8229	-7.56681	-0.328955	11.8229	-7.56681	0
-11.0041	-7.60356	-0.313436	-11.0041	-7.60356	0
-9.95057	-7.51555	-0.334004	-9.95057	-7.51555	0
-8.84165	-7.53014	-0.327493	-8.84165	-7.53014	0
-7.81293	-7.46123	-0.322046	-7.81293	-7.46123	0
-6.76994	-7.47437	-0.3063	-6.76994	-7.47437	0
-5.7911	-7.50077	-0.317682	-5.7911	-7.50077	0
-4.68595	-7.50373	-0.33639	-4.68595	-7.50373	0
-3.60299	-7.5727	-0.333939	-3.60299	-7.5727	0
-2.63144	-7.54823	-0.305319	-2.63144	-7.54823	0
-1.59115	-7.53087	-0.304073	-1.59115	-7.53087	0
-0.574914	-6.46526	-0.327961	-0.574914	-6.46526	0
0.424525	-6.45463	-0.30513	0.424525	-6.45463	0
1.46648	-6.42069	-0.332238	1.46648	-6.42069	0
2.51274	-6.44539	-0.320866	2.51274	-6.44539	0
3.59053	-6.46509	-0.33589	3.59053	-6.46509	0
4.67467	-6.4644	-0.322869	4.67467	-6.4644	0
5.68527	-6.39339	-0.298536	5.68527	-6.39339	0
6.66613	-6.3735	-0.315791	6.66613	-6.3735	0
7.72652	-6.43779	-0.318811	7.72652	-6.43779	0
8.73148	-6.52903	-0.325524	8.73148	-6.52903	0
9.72373	-6.5078	-0.323837	9.72373	-6.5078	0
10.7751	-6.56042	-0.300659	10.7751	-6.56042	0
11.8207	-6.52165	-0.334617	11.8207	-6.52165	0
-10.9424	-6.50556	-0.285945	-10.9424	-6.50556	0
-9.8816	-6.49094	-0.28936	-9.8816	-6.49094	0
-8.81178	-6.51871	-0.342734	-8.81178	-6.51871	0
-7.77958	-6.42836	-0.307698	-7.77958	-6.42836	0
-6.73343	-6.41468	-0.32909	-6.73343	-6.41468	0
-5.70031	-6.41484	-0.330257	-5.70031	-6.41484	0
-4.73788	-6.45006	-0.325076	-4.73788	-6.45006	0
-3.74566	-6.48961	-0.29914	-3.74566	-6.48961	0
-2.68544	-6.47497	-0.30859	-2.68544	-6.47497	0
-1.6206	-6.53079	-0.320797	-1.6206	-6.53079	0
-0.561151	-5.41584	-0.303713	-0.561151	-5.41584	0
0.41362	-5.37799	-0.34172	0.41362	-5.37799	0
1.49744	-5.42297	-0.313941	1.49744	-5.42297	0
2.53821	-5.43546	-0.314447	2.53821	-5.43546	0
3.55678	-5.42334	-0.297314	3.55678	-5.42334	0
4.60835	-5.37464	-0.323065	4.60835	-5.37464	0
5.5966	-5.38936	-0.341218	5.5966	-5.38936	0
6.61994	-5.34074	-0.321771	6.61994	-5.34074	0
7.68928	-5.38741	-0.330852	7.68928	-5.38741	0
8.69715	-5.4029	-0.297337	8.69715	-5.4029	0
9.69988	-5.49881	-0.280181	9.69988	-5.49881	0
10.7518	-5.44276	-0.322616	10.7518	-5.44276	0
11.7783	-5.47189	-0.31662	11.7783	-5.47189	0
-10.9162	-5.50153	-0.299107	-10.9162	-5.50153	0
-9.91407	-5.4954	-0.330674	-9.91407	-5.4954	0
-8.85719	-5.44592	-0.325138	-8.85719	-5.44592	0
-7.83138	-5.42806	-0.300392	-7.83138	-5.42806	0
-6.74743	-5.39881	-0.311951	-6.74743	-5.39881	0
-5.70142	-5.37986	-0.305238	-5.70142	-5.37986	0
-4.67317	-5.38242	-0.328266	-4.67317	-5.38242	0
-3.64423	-5.38315	-0.310637	-3.64423	-5.38315	0
-2.62613	-5.42876	-0.322103	-2.62613	-5.42876	0
-1.61869	-5.46666	-0.300076	-1.61869	-5.46666	0
-0.536654	-4.38389	-0.32703	-0.536654	-4.38389	0
0.482863	-4.3945	-0.305678	0.482863	-4.3945	0
1.49524	-4.40652	-0.294744	1.49524	-4.40652	0
2.52169	-4.37631	-0.307879	2.52169	-4.37631	0
3.51027	-4.34939	-0.344569	3.51027	-4.34939	0
4.51343	-4.35085	-0.35457	4.51343	-4.35085	0
5.58227	-4.35554	-0.320043	5.58227	-4.35554	0
6.68018	-4.29126	-0.310743	6.68018	-4.29126	0
7.64026	-4.36121	-0.31919	7.64026	-4.36121	0
8.6805	-4.41177	-0.340455	8.6805	-4.41177	0
9.70904	-4.45299	-0.329196	9.70904	-4.45299	0
10.7311	-4.43333	-0.300217	10.7311	-4.43333	0
11.7751	-4.44039	-0.319948	11.7751	-4.44039	0
-10.9888	-4.41489	-0.327653	-10.9888	-4.41489	0
-9.93093	-4.42281	-0.312005	-9.93093	-4.42281	0
-8.88937	-4.3958	-0.333077	-8.88937	-4.3958	0
-7.8101	-4.42038	-0.294995	-7.8101	-4.42038	0
-6.82315	-4.36744	-0.32053	-6.82315	-4.36744	0
-5.78829	-4.38938	-0.31556	-5.78829	-4.38938	0
-4.72729	-4.41373	-0.324253	-4.72729	-4.41373	0
-3.66673	-4.35853	-0.308403	-3.66673	-4.35853	0
-2.60731	-4.39813	-0.353721	-2.60731	-4.39813	0
-1.60835	-4.38286	-0.321043	-1.60835	-4.38286	0
-0.57782	-3.3736	-0.318869	-0.57782	-3.3736	0
0.448066	-3.35297	-0.310896	0.448066	-3.35297	0
1.52795	-3.35336	-0.305084	1.52795	-3.35336	0
2.50537	-3.30771	-0.328709	2.50537	-3.30771	0
3.5468	-3.37274	-0.352155	3.5468	-3.37274	0
4.50913	-3.2946	-0.323727	4.50913	-3.2946	0
5.54299	-3.36048	-0.342315	5.54299	-3.36048	0
6.63154	-3.31675	-0.297218	6.63154	-3.31675	0
7.68013	-3.32824	-0.323625	7.68013	-3.32824	0
8.69307	-3.34548	-0.322169	8.69307	-3.34548	0
9.7063	-3.34145	-0.315419	9.7063	-3.34145	0
10.7273	-3.35067	-0.311008	10.7273	-3.35067	0
11.7494	-3.4564	-0.32	11.7494	-3.4564	0
-10.9581	-3.38793	-0.325389	-10.9581	-3.38793	0
-9.93584	-3.37232	-0.307795	-9.93584	-3.37232	0
-8.89952	-3.34491	-0.275912	-8.89952	-3.34491	0
-7.85447	-3.37511	-0.320643	-7.85447	-3.37511	0
-6.80005	-3.40667	-0.317231	-6.80005	-3.40667	0
-5.75826	-3.38503	-0.32404	-5.75826	-3.38503	0
-4.72451	-3.40572	-0.298944	-4.72451	-3.40572	0
-3.69148	-3.33107	-0.314222	-3.69148	-3.33107	0
-2.67926	-3.37837	-0.319747	-2.67926	-3.37837	0
-1.6104	-3.36768	-0.333228	-1.6104	-3.36768	0
-0.622866	-2.34647	-0.329602	-0.622866	-2.34647	0
0.431778	-2.34186	-0.346968	0.431778	-2.34186	0
1.5002	-2.2922	-0.311181	1.5002	-2.2922	0
2.56572	-2.32275	-0.345562	2.56572	-2.32275	0
3.59202	-2.27968	-0.296465	3.59202	-2.27968	0
4.52645	-2.25833	-0.346866	4.52645	-2.25833	0
5.58496	-2.28209	-0.312062	5.58496	-2.28209	0
6.62209	-2.3453	-0.298022	6.62209	-2.3453	0
7.642	-2.28996	-0.328213	7.642	-2.28996	0
8.6733	-2.34597	-0.31957	8.6733	-2.34597	0
9.75592	-2.32221	-0.294803	9.75592	-2.32221	0
10.7561	-2.33503	-0.314973	10.7561	-2.33503	0
11.7472	-2.40946	-0.319605	11.7472	-2.40946	0
-11.0031	-2.33185	-0.333538	-11.0031	-2.33185	0
-9.94025	-2.3076	-0.307324	-9.94025	-2.3076	0
-8.8807	-2.36405	-0.304609	-8.8807	-2.36405	0
-7.86747	-2.34586	-0.29974	-7.86747	-2.34586	0
-6.81629	-2.38145	-0.300595	-6.81629	-2.38145	0
-5.7936	-2.30285	-0.300423	-5.7936	-2.30285	0
-4.82969	-2.36901	-0.316426	-4.82969	-2.36901	0
-3.70132	-2.27236	-0.310258	-3.70132	-2.27236	0
-2.62967	-2.31347	-0.32739	-2.62967	-2.31347	0
-1.61218	-2.34249	-0.300628	-1.61218	-2.34249	0
-0.627016	-1.2941	-0.28889	-0.627016	-1.2941	0
0.428864	-1.32883	-0.321848	0.428864	-1.32883	0
1.45141	-1.26515	-0.305461	1.45141	-1.26515	0
2.47027	-1.26489	-0.316032	2.47027	-1.26489	0
3.51172	-1.26169	-0.299299	3.51172	-1.26169	0
4.53985	-1.15956	-0.321436	4.53985	-1.15956	0
5.55005	-1.2337	-0.325895	5.55005	-1.2337	0
6.65414	-1.21369	-0.344466	6.65414	-1.21369	0
7.59429	-1.26444	-0.328771	7.59429	-1.26444	0
8.67583	-1.26849	-0.310004	8.67583	-1.26849	0
9.74693	-1.26177	-0.285651	9.74693	-1.26177	0
10.7735	-1.33694	-0.328597	10.7735	-1.33694	0
11.7637	-1.31568	-0.306385	11.7637	-1.31568	0
-10.9876	-1.30052	-0.304646	-10.9876	-1.30052	0
-9.942	-1.28734	-0.349899	-9.942	-1.28734	0
-8.9337	-1.37421	-0.307665	-8.9337	-1.37421	0
-7.82566	-1.35312	-0.308896	-7.82566	-1.35312	0
-6.81681	-1.33365	-0.312075	-6.81681	-1.33365	0
-5.81656	-1.27757	-0.303357	-5.81656	-1.27757	0
-4.74174	-1.30769	-0.303001	-4.74174	-1.30769	0
-3.71767	-1.30357	-0.300389	-3.71767	-1.30357	0
-2.70553	-1.27205	-0.327732	-2.70553	-1.27205	0
-1.62932	-1.24963	-0.32536	-1.62932	-1.24963	0
-0.0672623	0.230873	0.307022	-0.0672623	0.230873	0
0.951424	0.26457	0.319488	0.951424	0.26457	0
1.97866	0.35139	0.311795	1.97866	0.35139	0
2.96693	0.288858	0.310232	2.96693	0.288858	0
3.99149	0.379355	0.311609	3.99149	0.379355	0
5.08039	0.290674	0.330815	5.08039	0.290674	0
6.13406	0.278581	0.334942	6.13406	0.278581	0
7.18293	0.296373	0.310554	7.18293	0.296373	0
8.2031	0.249635	0.277385	8.2031	0.249635	0
9.15311	0.283222	0.324892	9.15311	0.283222	0
10.2154	0.237924	0.330929	10.2154	0.237924	0
11.3067	0.259231	0.302336	11.3067	0.259231	0
-11.4526	0.194254	0.331634	-11.4526	0.194254	0
-10.4766	0.277697	0.316772	-10.4766	0.277697	0
-9.42381	0.299888	0.307712	-9.42381	0.299888	0
-8.35641	0.185338	0.322134	-8.35641	0.185338	0
-7.34088	0.224998	0.333363	-7.34088	0.224998	0
-6.30266	0.259879	0.317905	-6.30266	0.259879	0
-5.30034	0.210465	0.309668	-5.30034	0.210465	0
-4.23624	0.24802	0.317336	-4.23624	0.24802	0
-3.20325	0.229453	0.308539	-3.20325	0.229453	0
-2.1507	0.30053	0.323888	-2.1507	0.30053	0
-1.09957	0.26207	0.304862	-1.09957	0.26207	0
-0.0599894	1.24209	0.292891	-0.0599894	1.24209	0
0.94393	1.27418	0.349597	0.94393	1.27418	0
2.00849	1.40948	0.336452	2.00849	1.40948	0
3.0109	1.36013	0.329701	3.0109	1.36013	0
4.06293	1.39311	0.306328	4.06293	1.39311	0
5.12917	1.39155	0.306323	5.12917	1.39155	0
6.20031	1.31464	0.299807	6.20031	1.31464	0
7.1613	1.36577	0.328648	7.1613	1.36577	0
8.17155	1.33776	0.340028	8.17155	1.33776	0
9.25451	1.27594	0.328331	9.25451	1.27594	0
10.2283	1.29186	0.359737	10.2283	1.29186	0
11.2566	1.28293	0.295774	11.2566	1.28293	0
-11.4542	1.22668	0.314066	-11.4542	1.22668	0
-10.4481	1.29518	0.321861	-10.4481	1.29518	0
-9.42555	1.28141	0.32656	-9.42555	1.28141	0
-8.3981	1.29306	0.314289	-8.3981	1.29306	0
-7.34386	1.28496	0.314471	-7.34386	1.28496	0
-6.33648	1.25503	0.286484	-6.33648	1.25503	0
-5.28818	1.26791	0.304212	-5.28818	1.26791	0
-4.25607	1.24849	0.323551	-4.25607	1.24849	0
-3.20623	1.30722	0.32153	-3.20623	1.30722	0
-2.20234	1.29795	0.329839	-2.20234	1.29795	0
-1.14774	1.27864	0.320359	-1.14774	1.27864	0
-0.0378615	2.31831	0.30725	-0.0378615	2.31831	0
0.99478	2.30844	0.300691	0.99478	2.30844	0
2.00669	2.42529	0.313803	2.00669	2.42529	0
3.01995	2.38105	0.316724	3.01995	2.38105	0
4.06794	2.35986	0.328045	4.06794	2.35986	0
5.12805	2.38118	0.302178	5.12805	2.38118	0
6.13427	2.37462	0.344449	6.13427	2.37462	0
7.14357	2.41132	0.318835	7.14357	2.41132	0
8.15632	2.35834	0.311266	8.15632	2.35834	0
9.25245	2.28496	0.314887	9.25245	2.28496	0
10.2478	2.28433	0.329541	10.2478	2.28433	0
11.3107	2.25788	0.32147	11.3107	2.25788	0
-11.5084	2.25323	0.299481	-11.5084	2.25323	0
-10.419	2.3696	0.316766	-10.419	2.3696	0
-9.37855	2.31741	0.332561	-9.37855	2.31741	0
-8.355	2.338	0.29986	-8.355	2.338	0
-7.32617	2.30078	0.332006	-7.32617	2.30078	0
-6.29966	2.32891	0.337926	-6.29966	2.32891	0
-5.23142	2.28086	0.324484	-5.23142	2.28086	0
-4.19531	2.26701	0.349934	-4.19531	2.26701	0
-3.12395	2.32244	0.324253	-3.12395	2.32244	0
-2.1066	2.29808	0.32264	-2.1066	2.29808	0
-1.06635	2.33542	0.332323	-1.06635	2.33542	0
-0.0280237	3.37107	0.334122	-0.0280237	3.37107	0
0.972912	3.41886	0.32137	0.972912	3.41886	0
2.00241	3.43498	0.296799	2.00241	3.43498	0
3.02883	3.40801	0.333839	3.02883	3.40801	0
4.07071	3.36895	0.332555	4.07071	3.36895	0
5.1281	3.39307	0.345455	5.1281	3.39307	0
6.12391	3.39423	0.292268	6.12391	3.39423	0
7.1184	3.44064	0.303554	7.1184	3.44064	0
8.20288	3.37464	0.329874	8.20288	3.37464	0
9.23285	3.34087	0.321363	9.23285	3.34087	0
10.246	3.37152	0.332367	10.246	3.37152	0
11.3051	3.31378	0.307733	11.3051	3.31378	0
-11.4673	3.29212	0.303716	-11.4673	3.29212	0
-10.47	3.35618	0.326236	-10.47	3.35618	0
-9.36324	3.32703	0.316978	-9.36324	3.32703	0
-8.33899	3.31253	0.302832	-8.33899	3.31253	0
-7.29683	3.42949	0.334662	-7.29683	3.42949	0
-6.22217	3.36164	0.3202	-6.22217	3.36164	0
-5.20263	3.2659	0.307021	-5.20263	3.2659	0
-4.1775	3.28828	0.32236	-4.1775	3.28828	0
-3.1422	3.27602	0.336583	-3.1422	3.27602	0
-2.12032	3.36066	0.303214	-2.12032	3.36066	0
-1.06536	3.39524	0.318458	-1.06536	3.39524	0
-0.119642	4.40941	0.333617	-0.119642	4.40941	0
0.882459	4.43335	0.334738	0.882459	4.43335	0
1.95309	4.46686	0.323281	1.95309	4.46686	0
2.98916	4.41647	0.336616	2.98916	4.41647	0
4.04631	4.37363	0.297797	4.04631	4.37363	0
5.1008	4.34476	0.318888	5.1008	4.34476	0
6.07107	4.38641	0.320859	6.07107	4.38641	0
7.1547	4.44641	0.279999	7.1547	4.44641	0
8.13845	4.40061	0.292024	8.13845	4.40061	0
9.23293	4.42553	0.329123	9.23293	4.42553	0
10.2841	4.37182	0.30247	10.2841	4.37182	0
11.2662	4.35488	0.306693	11.2662	4.35488	0
-11.475	4.34997	0.327194	-11.475	4.34997	0
-10.4596	4.38145	0.299165	-10.4596	4.38145	0
-9.40259	4.35329	0.298004	-9.40259	4.35329	0
-8.38035	4.37754	0.343313	-8.38035	4.37754	0
-7.28087	4.43537	0.323727	-7.28087	4.43537	0
-6.2717	4.37718	0.317626	-6.2717	4.37718	0
-5.22303	4.34064	0.30191	-5.22303	4.34064	0
-4.2027	4.37888	0.327805	-4.2027	4.37888	0
-3.15886	4.33049	0.319272	-3.15886	4.33049	0
-2.18523	4.37	0.310631	-2.18523	4.37	0
-1.18441	4.40063	0.323621	-1.18441	4.40063	0
-0.175078	5.48509	0.324342	-0.175078	5.48509	0
0.913387	5.45254	0.31439	0.913387	5.45254	0
1.9749	5.47513	0.347135	1.9749	5.47513	0
2.9651	5.43232	0.331034	2.9651	5.43232	0
3.97632	5.39933	0.352635	3.97632	5.39933	0
5.05235	5.41961	0.326755	5.05235	5.41961	0
6.06774	5.45186	0.337657	6.06774	5.45186	0
7.11899	5.50347	0.317934	7.11899	5.50347	0
8.15859	5.4695	0.307907	8.15859	5.4695	0
9.21175	5.40135	0.322871	9.21175	5.40135	0
10.2842	5.44879	0.334808	10.2842	5.44879	0
11.2662	5.3137	0.328378	11.2662	5.3137	0
-11.5127	5.36006	0.318452	-11.5127	5.36006	0
-10.4274	5.40289	0.28527	-10.4274	5.40289	0
-9.40409	5.38949	0.338338	-9.40409	5.38949	0
-8.38038	5.35619	0.287522	-8.38038	5.35619	0
-7.34732	5.42405	0.311424	-7.34732	5.42405	0
-6.26758	5.45549	0.325877	-6.26758	5.45549	0
-5.24103	5.36999	0.311749	-5.24103	5.36999	0
-4.20396	5.43414	0.313717	-4.20396	5.43414	0
-3.24028	5.3942	0.336013	-3.24028	5.3942	0
-2.17412	5.40924	0.292728	-2.17412	5.40924	0
-1.22214	5.47737	0.322805	-1.22214	5.47737	0
-0.147212	6.46487	0.299028	-0.147212	6.46487	0
0.92499	6.45106	0.307072	0.92499	6.45106	0
1.93449	6.51402	0.355074	1.93449	6.51402	0
3.0036	6.4312	0.329666	3.0036	6.4312	0
4.01698	6.4332	0.306858	4.01698	6.4332	0
5.05459	6.44974	0.313923	5.05459	6.44974	0
6.05978	6.51352	0.330899	6.05978	6.51352	0
7.16588	6.51383	0.32523	7.16588	6.51383	0
8.18324	6.4256	0.342544	8.18324	6.4256	0
9.16176	6.47882	0.318632	9.16176	6.47882	0
10.1967	6.45538	0.326197	10.1967	6.45538	0
11.2688	6.4044	0.299487	11.2688	6.4044	0
-11.4737	6.36887	0.318309	-11.4737	6.36887	0
-10.4004	6.39002	0.340371	-10.4004	6.39002	0
-9.3925	6.38757	0.326751	-9.3925	6.38757	0
-8.29471	6.43567	0.310528	-8.29471	6.43567	0
-7.26591	6.46665	0.305921	-7.26591	6.46665	0
-6.27298	6.50737	0.319607	-6.27298	6.50737	0
-5.27364	6.51135	0.293316	-5.27364	6.51135	0
-4.19616	6.45936	0.303019	-4.19616	6.45936	0
-3.19315	6.44616	0.282389	-3.19315	6.44616	0
-2.18912	6.47089	0.32111	-2.18912	6.47089	0
-1.19496	6.50089	0.296661	-1.19496	6.50089	0
-0.0941385	7.51087	0.321509	-0.0941385	7.51087	0
0.92224	7.47788	0.331384	0.92224	7.47788	0
1.92488	7.51875	0.312837	1.92488	7.51875	0
2.91631	7.4783	0.331004	2.91631	7.4783	0
3.96988	7.48011	0.303927	3.96988	7.48011	0
5.03582	7.49007	0.287941	5.03582	7.49007	0
6.10197	7.52627	0.353595	6.10197	7.52627	0
7.11776	7.57497	0.311642	7.11776	7.57497	0
8.11938	7.48009	0.308741	8.11938	7.48009	0
9.1712	7.48239	0.331442	9.1712	7.48239	0
10.1774	7.53603	0.306256	10.1774	7.53603	0
11.2426	7.40951	0.297798	11.2426	7.40951	0
-11.4977	7.46545	0.320852	-11.4977	7.46545	0
-10.4235	7.3929	0.294096	-10.4235	7.3929	0
-9.39143	7.52872	0.301463	-9.39143	7.52872	0
-8.34968	7.47379	0.327471	-8.34968	7.47379	0
-7.32079	7.49982	0.342388	-7.32079	7.49982	0
-6.31842	7.52248	0.309636	-6.31842	7.52248	0
-5.27255	7.51149	0.335127	-5.27255	7.51149	0
-4.20044	7.48027	0.323537	-4.20044	7.48027	0
-3.17779	7.54798	0.293043	-3.17779	7.54798	0
-2.18064	7.50657	0.33009	-2.18064	7.50657	0
-1.17148	7.46285	0.324505	-1.17148	7.46285	0
-0.187449	8.53109	0.318358	-0.187449	8.53109	0
0.850588	8.52464	0.311806	0.850588	8.52464	0
1.97776	8.53952	0.307	1.97776	8.53952	0
2.98189	8.5524	0.325745	2.98189	8.5524	0
3.98975	8.51047	0.309155	3.98975	8.51047	0
5.03157	8.53199	0.304208	5.03157	8.53199	0
6.07627	8.54969	0.321069	6.07627	8.54969	0
7.09414	8.56188	0.31581	7.09414	8.56188	0
8.15288	8.52767	0.30727	8.15288	8.52767	0
9.1127	8.51551	0.319989	9.1127	8.51551	0
10.1777	8.53706	0.318142	10.1777	8.53706	0
11.2614	8.51876	0.331326	11.2614	8.51876	0
-11.4979	8.48983	0.289765	-11.4979	8.48983	0
-10.4444	8.45394	0.311995	-10.4444	8.45394	0
-9.45557	8.48705	0.320107	-9.45557	8.48705	0
-8.33793	8.5131	0.28396	-8.33793	8.5131	0
-7.32737	8.51324	0.311912	-7.32737	8.51324	0
-6.32633	8.54332	0.325765	-6.32633	8.54332	0
-5.26958	8.49795	0.335889	-5.26958	8.49795	0
-4.23144	8.52894	0.274831	-4.23144	8.52894	0
-3.18998	8.54655	0.311598	-3.18998	8.54655	0
-2.19428	8.53662	0.319866	-2.19428	8.53662	0
-1.15843	8.48409	0.3279	-1.15843	8.48409	0
-0.144746	9.52372	0.320312	-0.144746	9.52372	0
0.894925	9.50561	0.319047	0.894925	9.50561	0
1.96589	9.52718	0.306327	1.96589	9.52718	0
2.96508	9.51117	0.323412	2.96508	9.51117	0
3.922	9.55349	0.328477	3.922	9.55349	0
4.97969	9.5658	0.304658	4.97969	9.5658	0
6.03379	9.58922	0.32397	6.03379	9.58922	0
7.12185	9.49532	0.321477	7.12185	9.49532	0
8.18964	9.62873	0.313269	8.18964	9.62873	0
9.17506	9.58146	0.336527	9.17506	9.58146	0
10.2646	9.53209	0.331157	10.2646	9.53209	0
11.3152	9.54328	0.303849	11.3152	9.54328	0
-11.5179	9.56523	0.323655	-11.5179	9.56523	0
-10.4678	9.49132	0.316043	-10.4678	9.49132	0
-9.38667	9.48026	0.29898	-9.38667	9.48026	0
-8.37044	9.54027	0.342946	-8.37044	9.54027	0
-7.36697	9.59492	0.321546	-7.36697	9.59492	0
-6.32298	9.54358	0.306282	-6.32298	9.54358	0
-5.19663	9.55838	0.323152	-5.19663	9.55838	0
-4.18961	9.53923	0.324035	-4.18961	9.53923	0
-3.2149	9.55921	0.303099	-3.2149	9.55921	0
-2.17746	9.5558	0.336119	-2.17746	9.5558	0
-1.14571	9.53394	0.312488	-1.14571	9.53394	0
-0.112877	10.599	0.319629	-0.112877	10.599	0
0.895896	10.6009	0.298055	0.895896	10.6009	0
1.88331	10.5788	0.313865	1.88331	10.5788	0
2.92365	10.5817	0.315249	2.92365	10.5817	0
3.99681	10.5384	0.340776	3.99681	10.5384	0
5.00688	10.5593	0.342661	5.00688	10.5593	0
6.03286	10.6172	0.311261	6.03286	10.6172	0
7.15157	10.6093	0.29913	7.15157	10.6093	0
8.1644	10.6083	0.297102	8.1644	10.6083	0
9.21617	10.6253	0.336709	9.21617	10.6253	0
10.2076	10.6102	0.330498	10.2076	10.6102	0
11.232	10.5794	0.31538	11.232	10.5794	0
-11.5186	10.5707	0.320887	-11.5186	10.5707	0
-10.383	10.5195	0.320037	-10.383	10.5195	0
-9.42055	10.4717	0.32342	-9.42055	10.4717	0
-8.37087	10.5505	0.30211	-8.37087	10.5505	0
-7.27559	10.5798	0.314268	-7.27559	10.5798	0
-6.29456	10.5764	0.320016	-6.29456	10.5764	0
-5.27758	10.5891	0.311024	-5.27758	10.5891	0
-4.16019	10.6182	0.327404	-4.16019	10.6182	0
-3.15388	10.617	0.354375	-3.15388	10.617	0
-2.14094	10.61	0.306466	-2.14094	10.61	0
-1.12545	10.5264	0.308265	-1.12545	10.5264	0
-0.161187	11.6266	0.315268	-0.161187	11.6266	0
0.865609	11.6606	0.352826	0.865609	11.6606	0
1.95479	11.5978	0.326266	1.95479	11.5978	0
2.92914	11.5953	0.3247	2.92914	11.5953	0
3.94005	11.6594	0.295419	3.94005	11.6594	0
4.95278	11.6274	0.317609	4.95278	11.6274	0
6.01774	11.6278	0.282121	6.01774	11.6278	0
7.06217	11.6067	0.33608	7.06217	11.6067	0
8.13486	11.5981	0.321355	8.13486	11.5981	0
9.25891	11.5922	0.335155	9.25891	11.5922	0
10.1957	11.6194	0.326115	10.1957	11.6194	0
11.2742	11.5757	0.316642	11.2742	11.5757	0
-11.4605	11.563	0.328595	-11.4605	11.563	0
-10.4296	11.5456	0.323509	-10.4296	11.5456	0
-9.41419	11.6274	0.286145	-9.41419	11.6274	0
-8.42448	11.5621	0.271123	-8.42448	11.5621	0
-7.44368	11.6116	0.305157	-7.44368	11.6116	0
-6.36365	11.6664	0.353208	-6.36365	11.6664	0
-5.32535	11.6138	0.309365	-5.32535	11.6138	0
-4.21132	11.6199	0.311972	-4.21132	11.6199	0
-3.17407	11.6728	0.27963	-3.17407	11.6728	0
-2.17732	11.6334	0.318529	-2.17732	11.6334	0
-1.12736	11.5996	0.312342	-1.12736	11.5996	0
-0.187249	-11.1709	0.338885	-0.187249	-11.1709	0
0.901916	-11.1289	0.300765	0.901916	-11.1289	0
1.90728	-11.1431	0.288839	1.90728	-11.1431	0
2.96149	-11.0894	0.303764	2.96149	-11.0894	0
4.00089	-11.0653	0.323228	4.00089	-11.0653	0
5.02953	-11.103	0.325984	5.02953	-11.103	0
6.0681	-11.1364	0.307779	6.0681	-11.1364	0
7.12104	-11.155	0.329256	7.12104	-11.155	0
8.15924	-11.1879	0.318946	8.15924	-11.1879	0
9.21012	-11.1659	0.349327	9.21012	-11.1659	0
10.2657	-11.1192	0.337081	10.2657	-11.1192	0
11.2467	-11.208	0.327969	11.2467	-11.208	0
-11.4744	-11.1968	0.30365	-11.4744	-11.1968	0
-10.4739	-11.1976	0.301989	-10.4739	-11.1976	0
-9.41212	-11.0862	0.30774	-9.41212	-11.0862	0
-8.41637	-11.124	0.318085	-8.41637	-11.124	0
-7.33467	-11.1108	0.312511	-7.33467	-11.1108	0
-6.31452	-11.1573	0.318255	-6.31452	-11.1573	0
-5.33009	-11.1794	0.350299	-5.33009	-11.1794	0
-4.25407	-11.1448	0.288788	-4.25407	-11.1448	0
-3.25908	-11.1395	0.340212	-3.25908	-11.1395	0
-2.18772	-11.1	0.320593	-2.18772	-11.1	0
-1.19049	-11.0999	0.311507	-1.19049	-11.0999	0
-0.126544	-10.0747	0.318104	-0.126544	-10.0747	0
0.928203	-10.0938	0.349426	0.928203	-10.0938	0
1.987	-10.0543	0.310893	1.987	-10.0543	0
3.00104	-10.0739	0.288229	3.00104	-10.0739	0
4.01725	-10.0748	0.313431	4.01725	-10.0748	0
5.09704	-9.97267	0.314983	5.09704	-9.97267	0
6.08793	-10.0308	0.293575	6.08793	-10.0308	0
7.11579	-10.1027	0.327591	7.11579	-10.1027	0
8.23237	-10.1286	0.296814	8.23237	-10.1286	0
9.21275	-10.1436	0.324928	9.21275	-10.1436	0
10.231	-10.0935	0.315617	10.231	-10.0935	0
11.2732	-10.1361	0.316146	11.2732	-10.1361	0
-11.4981	-10.1347	0.305594	-11.4981	-10.1347	0
-10.4962	-10.1364	0.336142	-10.4962	-10.1364	0
-9.44053	-10.0727	0.322174	-9.44053	-10.0727	0
-8.38219	-10.0522	0.318744	-8.38219	-10.0522	0
-7.35104	-10.0398	0.335771	-7.35104	-10.0398	0
-6.23856	-10.0983	0.296977	-6.23856	-10.0983	0
-5.25792	-10.0906	0.2715	-5.25792	-10.0906	0
-4.29149	-10.123	0.30981	-4.29149	-10.123	0
-3.22334	-10.1184	0.317282	-3.22334	-10.1184	0
-2.16742	-10.1214	0.332896	-2.16742	-10.1214	0
-1.10588	-10.045	0.299371	-1.10588	-10.045	0
-0.0943166	-9.07671	0.334158	-0.0943166	-9.07671	0
0.953244	-9.06165	0.329987	0.953244	-9.06165	0
1.96746	-9.00654	0.325408	1.96746	-9.00654	0
3.01433	-8.99846	0.296175	3.01433	-8.99846	0
4.09213	-8.97369	0.316773	4.09213	-8.97369	0
5.13	-8.92676	0.342236	5.13	-8.92676	0
6.16656	-9.03415	0.320043	6.16656	-9.03415	0
7.16559	-9.00633	0.296456	7.16559	-9.00633	0
8.18803	-9.06053	0.305664	8.18803	-9.06053	0
9.24908	-9.13581	0.320834	9.24908	-9.13581	0
10.2287	-9.07509	0.326066	10.2287	-9.07509	0
11.2478	-9.11039	0.306837	11.2478	-9.11039	0
-11.5132	-9.10387	0.319063	-11.5132	-9.10387	0
-10.4291	-9.11214	0.307189	-10.4291	-9.11214	0
-9.42018	-9.06112	0.288307	-9.42018	-9.06112	0
-8.34693	-9.03323	0.323702	-8.34693	-9.03323	0
-7.33474	-9.02032	0.319831	-7.33474	-9.02032	0
-6.2655	-9.04828	0.315901	-6.2655	-9.04828	0
-5.24102	-9.04818	0.316725	-5.24102	-9.04818	0
-4.19009	-9.08022	0.300491	-4.19009	-9.08022	0
-3.1814	-9.09871	0.298457	-3.1814	-9.09871	0
-2.15558	-9.07712	0.305795	-2.15558	-9.07712	0
-1.1315	-9.0258	0.328841	-1.1315	-9.0258	0
-0.056661	-8.00318	0.318574	-0.056661	-8.00318	0
0.906231	-7.99502	0.306841	0.906231	-7.99502	0
1.9491	-7.97267	0.314569	1.9491	-7.97267	0
3.05357	-7.94687	0.313545	3.05357	-7.94687	0
4.05355	-8.02599	0.31633	4.05355	-8.02599	0
5.11283	-8.01448	0.288684	5.11283	-8.01448	0
6.14438	-7.97844	0.310456	6.14438	-7.97844	0
7.14195	-7.95201	0.352573	7.14195	-7.95201	0
8.16662	-8.04536	0.325156	8.16662	-8.04536	0
9.23553	-8.0416	0.320177	9.23553	-8.0416	0
10.2812	-8.06355	0.307454	10.2812	-8.06355	0
11.2804	-8.11738	0.285557	11.2804	-8.11738	0
-11.4558	-8.08697	0.331775	-11.4558	-8.08697	0
-10.4265	-8.07098	0.319338	-10.4265	-8.07098	0
-9.35723	-8.00315	0.319291	-9.35723	-8.00315	0
-8.32538	-8.02347	0.329034	-8.32538	-8.02347	0
-7.32903	-7.98727	0.323057	-7.32903	-7.98727	0
-6.27545	-8.02747	0.326598	-6.27545	-8.02747	0
-5.2272	-7.98425	0.307348	-5.2272	-7.98425	0
-4.16861	-8.07854	0.338099	-4.16861	-8.07854	0
-3.14254	-8.02458	0.337247	-3.14254	-8.02458	0
-2.15134	-8.02569	0.337885	-2.15134	-8.02569	0
-1.06041	-8.00052	0.321751	-1.06041	-8.00052	0
-0.00987355	-6.98349	0.330395	-0.00987355	-6.98349	0
0.964244	-6.97659	0.3226	0.964244	-6.97659	0
2.02319	-6.93881	0.305043	2.02319	-6.93881	0
3.05756	-6.92355	0.304217	3.05756	-6.92355	0
4.06691	-6.98791	0.309241	4.06691	-6.98791	0
5.18739	-6.96227	0.339096	5.18739	-6.96227	0
6.18749	-6.95564	0.312499	6.18749	-6.95564	0
7.22513	-6.92513	0.287096	7.22513	-6.92513	0
8.22086	-7.02276	0.301942	8.22086	-7.02276	0
9.23307	-6.99005	0.313389	9.23307	-6.99005	0
10.2544	-7.01684	0.315275	10.2544	-7.01684	0
11.3699	-7.029	0.319658	11.3699	-7.029	0
-11.428	-7.02215	0.319917	-11.428	-7.02215	0
-10.4109	-7.04213	0.308836	-10.4109	-7.04213	0
-9.38462	-7.01589	0.297504	-9.38462	-7.01589	0
-8.29663	-7.01117	0.325105	-8.29663	-7.01117	0
-7.26729	-6.93061	0.33035	-7.26729	-6.93061	0
-6.18832	-6.89667	0.30836	-6.18832	-6.89667	0
-5.19681	-7.00041	0.328947	-5.19681	-7.00041	0
-4.18278	-7.01385	0.313126	-4.18278	-7.01385	0
-3.21892	-6.98415	0.314444	-3.21892	-6.98415	0
-2.16667	-6.99037	0.323874	-2.16667	-6.99037	0
-1.10807	-6.99725	0.305123	-1.10807	-6.99725	0
-0.0876621	-5.93619	0.334906	-0.0876621	-5.93619	0
0.95259	-5.94533	0.317338	0.95259	-5.94533	0
2.00529	-5.91561	0.337244	2.00529	-5.91561	0
3.03739	-5.94524	0.31895	3.03739	-5.94524	0
4.07264	-5.94945	0.303938	4.07264	-5.94945	0
5.12719	-5.92383	0.297552	5.12719	-5.92383	0
6.18877	-5.87936	0.313273	6.18877	-5.87936	0
7.18011	-5.9388	0.32561	7.18011	-5.9388	0
8.22985	-5.97033	0.345915	8.22985	-5.97033	0
9.23659	-5.96682	0.316912	9.23659	-5.96682	0
10.2817	-6.02114	0.333147	10.2817	-6.02114	0
11.2929	-6.01259	0.310571	11.2929	-6.01259	0
-11.4918	-5.99771	0.317818	-11.4918	-5.99771	0
-10.4467	-5.99139	0.326348	-10.4467	-5.99139	0
-9.35971	-5.94287	0.316012	-9.35971	-5.94287	0
-8.36139	-5.99162	0.323383	-8.36139	-5.99162	0
-7.30084	-5.92841	0.32264	-7.30084	-5.92841	0
-6.22334	-5.88103	0.309113	-6.22334	-5.88103	0
-5.192	-5.89557	0.305057	-5.192	-5.89557	0
-4.18528	-5.93408	0.31294	-4.18528	-5.93408	0
-3.16066	-5.93819	0.313671	-3.16066	-5.93819	0
-2.17958	-5.95044	0.314086	-2.17958	-5.95044	0
-1.10526	-5.99384	0.295704	-1.10526	-5.99384	0
-0.0948007	-4.92172	0.329069	-0.0948007	-4.92172	0
0.989257	-4.95911	0.35606	0.989257	-4.95911	0
2.01713	-4.90021	0.330459	2.01713	-4.90021	0
3.03377	-4.9005	0.311189	3.03377	-4.9005	0
4.08033	-4.89982	0.313798	4.08033	-4.89982	0
5.06635	-4.84078	0.325711	5.06635	-4.84078	0
6.07982	-4.83332	0.327	6.07982	-4.83332	0
7.13906	-4.88747	0.301813	7.13906	-4.88747	0
8.15247	-4.90493	0.327248	8.15247	-4.90493	0
9.20132	-4.91316	0.338705	9.20132	-4.91316	0
10.2103	-4.97394	0.321876	10.2103	-4.97394	0
11.294	-5.00255	0.316488	11.294	-5.00255	0
-11.443	-4.95324	0.310922	-11.443	-4.95324	0
-10.4082	-4.95314	0.284839	-10.4082	-4.95314	0
-9.40097	-4.97536	0.298359	-9.40097	-4.97536	0
-8.40229	-4.90066	0.297099	-8.40229	-4.90066	0
-7.32664	-4.93817	0.335463	-7.32664	-4.93817	0
-6.2768	-4.82316	0.321816	-6.2768	-4.82316	0
-5.21513	-4.86939	0.342781	-5.21513	-4.86939	0
-4.18567	-4.9287	0.335255	-4.18567	-4.9287	0
-3.14223	-4.83613	0.31376	-3.14223	-4.83613	0
-2.12065	-4.90959	0.315018	-2.12065	-4.90959	0
-1.12962	-4.88584	0.306361	-1.12962	-4.88584	0
-0.00612536	-3.87218	0.335511	-0.00612536	-3.87218	0
0.994904	-3.85609	0.329959	0.994904	-3.85609	0
2.05165	-3.87341	0.318476	2.05165	-3.87341	0
3.02158	-3.88172	0.320655	3.02158	-3.88172	0
4.07599	-3.89821	0.299717	4.07599	-3.89821	0
5.08558	-3.83697	0.315551	5.08558	-3.83697	0
6.09997	-3.80349	0.306839	6.09997	-3.80349	0
7.17236	-3.78796	0.326724	7.17236	-3.78796	0
8.20788	-3.90326	0.322258	8.20788	-3.90326	0
9.22195	-3.89833	0.316055	9.22195	-3.89833	0
10.2348	-3.91159	0.286651	10.2348	-3.91159	0
11.2486	-3.93644	0.314585	11.2486	-3.93644	0
-11.5104	-3.91066	0.28237	-11.5104	-3.91066	0
-10.4288	-3.93539	0.312145	-10.4288	-3.93539	0
-9.38145	-3.8911	0.318635	-9.38145	-3.8911	0
-8.28286	-3.89189	0.324923	-8.28286	-3.89189	0
-7.29206	-3.92272	0.345223	-7.29206	-3.92272	0
-6.27657	-3.85263	0.31182	-6.27657	-3.85263	0
-5.19911	-3.86262	0.329933	-5.19911	-3.86262	0
-4.17168	-3.88705	0.322264	-4.17168	-3.88705	0
-3.15811	-3.88369	0.338529	-3.15811	-3.88369	0
-2.11549	-3.87011	0.316606	-2.11549	-3.87011	0
-1.08506	-3.88983	0.32548	-1.08506	-3.88983	0
-0.0321906	-2.83935	0.312354	-0.0321906	-2.83935	0
0.997463	-2.79275	0.315662	0.997463	-2.79275	0
1.99505	-2.80207	0.316534	1.99505	-2.80207	0
3.03337	-2.8278	0.29241	3.03337	-2.8278	0
3.98827	-2.83692	0.337383	3.98827	-2.83692	0
5.04574	-2.84626	0.334493	5.04574	-2.84626	0
6.05892	-2.82	0.322486	6.05892	-2.82	0
7.11303	-2.84046	0.329011	7.11303	-2.84046	0
8.17062	-2.79376	0.295795	8.17062	-2.79376	0
9.17927	-2.81535	0.301173	9.17927	-2.81535	0
10.145	-2.7938	0.343549	10.145	-2.7938	0
11.318	-2.88609	0.33351	11.318	-2.88609	0
-11.4965	-2.85746	0.315693	-11.4965	-2.85746	0
-10.4679	-2.86807	0.302883	-10.4679	-2.86807	0
-9.44554	-2.84803	0.318424	-9.44554	-2.84803	0
-8.38471	-2.85345	0.331648	-8.38471	-2.85345	0
-7.33906	-2.89113	0.326473	-7.33906	-2.89113	0
-6.25776	-2.85437	0.299261	-6.25776	-2.85437	0
-5.28912	-2.86669	0.311083	-5.28912	-2.86669	0
-4.22931	-2.83105	0.290047	-4.22931	-2.83105	0
-3.13465	-2.84477	0.326156	-3.13465	-2.84477	0
-2.11103	-2.87323	0.316109	-2.11103	-2.87323	0
-1.08079	-2.87209	0.313661	-1.08079	-2.87209	0
-0.161742	-1.82137	0.335009	-0.161742	-1.82137	0
0.924153	-1.77922	0.360233	0.924153	-1.77922	0
2.03617	-1.79582	0.30257	2.03617	-1.79582	0
2.98845	-1.7923	0.309958	2.98845	-1.7923	0
4.09079	-1.73605	0.343313	4.09079	-1.73605	0
5.11526	-1.77077	0.326613	5.11526	-1.77077	0
6.13632	-1.77528	0.296447	6.13632	-1.77528	0
7.12617	-1.807	0.353734	7.12617	-1.807	0
8.14417	-1.8245	0.289745	8.14417	-1.8245	0
9.16106	-1.76865	0.316883	9.16106	-1.76865	0
10.2226	-1.75971	0.342152	10.2226	-1.75971	0
11.2486	-1.84015	0.322741	11.2486	-1.84015	0
-11.493	-1.85034	0.308622	-11.493	-1.85034	0
-10.4867	-1.83495	0.299489	-10.4867	-1.83495	0
-9.41189	-1.83998	0.333059	-9.41189	-1.83998	0
-8.40189	-1.8125	0.298136	-8.40189	-1.8125	0
-7.31827	-1.83696	0.326628	-7.31827	-1.83696	0
-6.30807	-1.84642	0.343318	-6.30807	-1.84642	0
-5.2636	-1.78171	0.333138	-5.2636	-1.78171	0
-4.21152	-1.82922	0.340976	-4.21152	-1.82922	0
-3.17542	-1.81246	0.30061	-3.17542	-1.81246	0
-2.15924	-1.78161	0.305094	-2.15924	-1.78161	0
-1.16743	-1.76788	0.323892	-1.16743	-1.76788	0
-0.0907058	-0.831569	0.316087	-0.0907058	-0.831569	0
0.978141	-0.788986	0.316256	0.978141	-0.788986	0
2.00229	-0.737716	0.311383	2.00229	-0.737716	0
2.98295	-0.730844	0.300354	2.98295	-0.730844	0
4.02589	-0.716203	0.32142	4.02589	-0.716203	0
5.07675	-0.722473	0.307045	5.07675	-0.722473	0
6.0849	-0.719087	0.287232	6.0849	-0.719087	0
7.0767	-0.718367	0.32021	7.0767	-0.718367	0
8.13915	-0.768104	0.274602	8.13915	-0.768104	0
9.19733	-0.755563	0.334737	9.19733	-0.755563	0
10.2749	-0.761777	0.296944	10.2749	-0.761777	0
11.2531	-0.790448	0.329905	11.2531	-0.790448	0
-11.4542	-0.842568	0.315032	-11.4542	-0.842568	0
-10.4226	-0.82233	0.305456	-10.4226	-0.82233	0
-9.4225	-0.840276	0.336028	-9.4225	-0.840276	0
-8.31434	-0.818623	0.279086	-8.31434	-0.818623	0
-7.28762	-0.803589	0.342325	-7.28762	-0.803589	0
-6.34118	-0.778837	0.323792	-6.34118	-0.778837	0
-5.23421	-0.791817	0.290107	-5.23421	-0.791817	0
-4.2698	-0.795075	0.30316	-4.2698	-0.795075	0
-3.20472	-0.802254	0.287783	-3.20472	-0.802254	0
-2.17379	-0.724727	0.318617	-2.17379	-0.724727	0
-1.16521	-0.741405	0.304904	-1.16521	-0.741405	0
