-0.66433	-0.16791	-0.301777	-0.66433	-0.16791	0
0.39334	-0.0847205	-0.289885	0.39334	-0.0847205	0
1.45846	-0.111227	-0.289303	1.45846	-0.111227	0
2.47805	-0.137983	-0.296612	2.47805	-0.137983	0
3.50173	-0.147097	-0.316226	3.50173	-0.147097	0
4.47996	-0.164892	-0.33566	4.47996	-0.164892	0
5.52896	-0.132013	-0.322359	5.52896	-0.132013	0
6.56242	-0.150796	-0.301279	6.56242	-0.150796	0
7.60105	-0.178814	-0.311422	7.60105	-0.178814	0
8.64409	-0.160619	-0.320073	8.64409	-0.160619	0
9.70953	-0.195648	-0.308467	9.70953	-0.195648	0
10.6954	-0.139074	-0.303299	10.6954	-0.139074	0
11.7002	-0.189746	-0.327997	11.7002	-0.189746	0
-11.0657	-0.220371	-0.28417	-11.0657	-0.220371	0
-10.0165	-0.181544	-0.32499	-10.0165	-0.181544	0
-8.97445	-0.131878	-0.356053	-8.97445	-0.131878	0
-7.95146	-0.110062	-0.297807	-7.95146	-0.110062	0
-6.87213	-0.14843	-0.323385	-6.87213	-0.14843	0
-5.85458	-0.151627	-0.332503	-5.85458	-0.151627	0
-4.76299	-0.172795	-0.324988	-4.76299	-0.172795	0
-3.74316	-0.194047	-0.29959	-3.74316	-0.194047	0
-2.76244	-0.145025	-0.337107	-2.76244	-0.145025	0
-1.71197	-0.164604	-0.315128	-1.71197	-0.164604	0
-0.697238	0.883416	-0.340026	-0.697238	0.883416	0
0.336108	0.913794	-0.29476	0.336108	0.913794	0
1.39172	0.904089	-0.337983	1.39172	0.904089	0
2.44386	0.881602	-0.339416	2.44386	0.881602	0
3.45407	0.919956	-0.334542	3.45407	0.919956	0
4.51856	0.91615	-0.32753	4.51856	0.91615	0
5.56915	0.90864	-0.340284	5.56915	0.90864	0
6.58306	0.809895	-0.331079	6.58306	0.809895	0
7.61523	0.882958	-0.326023	7.61523	0.882958	0
8.63339	0.859453	-0.290454	8.63339	0.859453	0
9.73357	0.874712	-0.311591	9.73357	0.874712	0
10.697	0.872411	-0.284624	10.697	0.872411	0
11.6889	0.819729	-0.319593	11.6889	0.819729	0
-11.0668	0.834712	-0.299858	-11.0668	0.834712	0
-10.0739	0.862157	-0.293904	-10.0739	0.862157	0
-9.05309	0.88642	-0.316617	-9.05309	0.88642	0
-7.94215	0.908326	-0.307644	-7.94215	0.908326	0
-6.85533	0.890585	-0.285966	-6.85533	0.890585	0
-5.80595	0.85008	-0.297411	-5.80595	0.85008	0
-4.81284	0.823319	-0.350349	-4.81284	0.823319	0
-3.75722	0.865426	-0.331013	-3.75722	0.865426	0
-2.70516	0.889663	-0.324136	-2.70516	0.889663	0
-1.72538	0.85589	-0.297021	-1.72538	0.85589	0
-0.674688	1.95533	-0.324993	-0.674688	1.95533	0
0.308838	1.92786	-0.321876	0.308838	1.92786	0
1.41841	1.90383	-0.27714	1.41841	1.90383	0
2.44178	1.9061	-0.313115	2.44178	1.9061	0
3.45898	1.93414	-0.323157	3.45898	1.93414	0
4.52031	1.97156	-0.317248	4.52031	1.97156	0
5.5416	1.93692	-0.291396	5.5416	1.93692	0
6.54739	1.88739	-0.336927	6.54739	1.88739	0
7.59095	1.87687	-0.305839	7.59095	1.87687	0
8.65274	1.80508	-0.302224	8.65274	1.80508	0
9.64775	1.92186	-0.307722	9.64775	1.92186	0
10.7218	1.92272	-0.297132	10.7218	1.92272	0
11.7736	1.91947	-0.320504	11.7736	1.91947	0
-11.0498	1.92813	-0.282576	-11.0498	1.92813	0
-10.0717	1.94853	-0.313818	-10.0717	1.94853	0
-9.03594	1.90231	-0.315203	-9.03594	1.90231	0
-7.89934	1.89214	-0.335938	-7.89934	1.89214	0
-6.87942	1.82342	-0.323307	-6.87942	1.82342	0
-5.84982	1.92375	-0.321306	-5.84982	1.92375	0
-4.82104	1.90431	-0.33259	-4.82104	1.90431	0
-3.80613	1.86698	-0.322459	-3.80613	1.86698	0
-2.74724	1.92755	-0.326303	-2.74724	1.92755	0
-1.71232	1.94453	-0.311318	-1.71232	1.94453	0
-0.598854	2.99736	-0.328587	-0.598854	2.99736	0
0.420449	2.9277	-0.325431	0.420449	2.9277	0
1.44315	2.90764	-0.32483	1.44315	2.90764	0
2.53946	2.95306	-0.315174	2.53946	2.95306	0
3.49115	2.97245	-0.306789	3.49115	2.97245	0
4.51999	2.95825	-0.296483	4.51999	2.95825	0
5.5019	2.93058	-0.329956	5.5019	2.93058	0
6.61915	2.92642	-0.298942	6.61915	2.92642	0
7.66072	2.94714	-0.315392	7.66072	2.94714	0
8.6204	2.85926	-0.31639	8.6204	2.85926	0
9.68581	2.97537	-0.339499	9.68581	2.97537	0
10.692	2.96715	-0.313688	10.692	2.96715	0
11.7297	2.98675	-0.309955	11.7297	2.98675	0
-11.0607	2.96599	-0.290128	-11.0607	2.96599	0
-10.0724	3.01584	-0.328382	-10.0724	3.01584	0
-8.99151	2.91756	-0.306136	-8.99151	2.91756	0
-7.93387	2.90033	-0.335006	-7.93387	2.90033	0
-6.89353	2.90942	-0.348877	-6.89353	2.90942	0
-5.85964	3.02838	-0.319753	-5.85964	3.02838	0
-4.81369	2.93326	-0.32059	-4.81369	2.93326	0
-3.77952	2.90351	-0.322045	-3.77952	2.90351	0
-2.70135	2.91852	-0.330718	-2.70135	2.91852	0
-1.64659	2.95969	-0.315478	-1.64659	2.95969	0
-0.627699	3.99332	-0.293249	-0.627699	3.99332	0
0.413074	3.99029	-0.32519	0.413074	3.99029	0
1.42642	3.93947	-0.329203	1.42642	3.93947	0
2.42117	3.99557	-0.300328	2.42117	3.99557	0
3.46336	3.99353	-0.314606	3.46336	3.99353	0
4.51263	3.96339	-0.330654	4.51263	3.96339	0
5.54271	3.96453	-0.328859	5.54271	3.96453	0
6.56955	3.94254	-0.307162	6.56955	3.94254	0
7.61731	3.97277	-0.307069	7.61731	3.97277	0
8.61183	4.01189	-0.274463	8.61183	4.01189	0
9.62642	3.99939	-0.339616	9.62642	3.99939	0
10.6537	3.99723	-0.342579	10.6537	3.99723	0
11.6965	3.99596	-0.31443	11.6965	3.99596	0
-11.0962	3.96197	-0.334501	-11.0962	3.96197	0
-10.0376	4.02485	-0.325028	-10.0376	4.02485	0
-8.96232	3.96508	-0.328089	-8.96232	3.96508	0
-7.91396	3.94058	-0.313487	-7.91396	3.94058	0
-6.80145	3.98156	-0.326737	-6.80145	3.98156	0
-5.84428	4.0128	-0.321625	-5.84428	4.0128	0
-4.82241	3.99937	-0.296555	-4.82241	3.99937	0
-3.77755	4.03778	-0.31059	-3.77755	4.03778	0
-2.7262	3.9155	-0.315292	-2.7262	3.9155	0
-1.67607	3.9929	-0.329337	-1.67607	3.9929	0
-0.725591	5.00699	-0.33604	-0.725591	5.00699	0
0.341702	5.01646	-0.318708	0.341702	5.01646	0
1.37652	5.01456	-0.348793	1.37652	5.01456	0
2.41897	4.97083	-0.322035	2.41897	4.97083	0
3.47305	5.00989	-0.304418	3.47305	5.00989	0
4.5105	4.97044	-0.283526	4.5105	4.97044	0
5.53627	4.97082	-0.315576	5.53627	4.97082	0
6.60093	5.01936	-0.317521	6.60093	5.01936	0
7.60779	5.02255	-0.315928	7.60779	5.02255	0
8.61653	4.99672	-0.339138	8.61653	4.99672	0
9.57531	4.99678	-0.308638	9.57531	4.99678	0
10.6451	4.99912	-0.310687	10.6451	4.99912	0
11.7027	4.98127	-0.318105	11.7027	4.98127	0
-11.0411	5.02024	-0.309823	-11.0411	5.02024	0
-9.92861	5.03676	-0.324618	-9.92861	5.03676	0
-8.86278	4.99999	-0.320896	-8.86278	4.99999	0
-7.84482	4.95505	-0.31473	-7.84482	4.95505	0
-6.83065	4.95548	-0.331844	-6.83065	4.95548	0
-5.7889	4.99267	-0.319387	-5.7889	4.99267	0
-4.78603	5.03001	-0.34194	-4.78603	5.03001	0
-3.76627	5.03747	-0.328553	-3.76627	5.03747	0
-2.76633	5.00158	-0.312046	-2.76633	5.00158	0
-1.74537	5.04312	-0.31626	-1.74537	5.04312	0
-0.675102	6.02306	-0.32512	-0.675102	6.02306	0
0.355836	6.03921	-0.297233	0.355836	6.03921	0
1.37882	6.07659	-0.303921	1.37882	6.07659	0
2.34198	6.03196	-0.299484	2.34198	6.03196	0
3.41704	6.03333	-0.328017	3.41704	6.03333	0
4.46538	6.01904	-0.336776	4.46538	6.01904	0
5.43123	6.02572	-0.315684	5.43123	6.02572	0
6.4908	6.02026	-0.33349	6.4908	6.02026	0
7.58201	5.96919	-0.314318	7.58201	5.96919	0
8.67553	6.03726	-0.322415	8.67553	6.03726	0
9.66842	6.05504	-0.324284	9.66842	6.05504	0
10.6709	6.0018	-0.318128	10.6709	6.0018	0
11.7435	5.98266	-0.309445	11.7435	5.98266	0
-10.9633	6.02044	-0.310996	-10.9633	6.02044	0
-9.98584	6.01863	-0.285187	-9.98584	6.01863	0
-8.93335	6.02207	-0.293086	-8.93335	6.02207	0
-7.90597	6.04158	-0.324396	-7.90597	6.04158	0
-6.87708	6.0473	-0.31696	-6.87708	6.0473	0
-5.80626	6.04639	-0.316228	-5.80626	6.04639	0
-4.77698	6.05811	-0.330397	-4.77698	6.05811	0
-3.70822	6.08287	-0.293412	-3.70822	6.08287	0
-2.72389	6.0069	-0.318373	-2.72389	6.0069	0
-1.68651	6.10333	-0.311392	-1.68651	6.10333	0
-0.638128	7.10811	-0.311321	-0.638128	7.10811	0
0.390344	7.12002	-0.310683	0.390344	7.12002	0
1.41495	7.09791	-0.287086	1.41495	7.09791	0
2.40744	7.10168	-0.312607	2.40744	7.10168	0
3.46849	7.09751	-0.317947	3.46849	7.09751	0
4.43826	7.07156	-0.316263	4.43826	7.07156	0
5.4977	7.0312	-0.311542	5.4977	7.0312	0
6.52393	7.05187	-0.31448	6.52393	7.05187	0
7.59725	7.01539	-0.322846	7.59725	7.01539	0
8.6389	7.11939	-0.321234	8.6389	7.11939	0
9.6844	7.12861	-0.333055	9.6844	7.12861	0
10.7078	7.05854	-0.305617	10.7078	7.05854	0
11.7368	6.99097	-0.313687	11.7368	6.99097	0
-11.0258	7.10028	-0.313082	-11.0258	7.10028	0
-9.98381	7.04682	-0.315863	-9.98381	7.04682	0
-9.0008	7.04717	-0.297534	-9.0008	7.04717	0
-7.9358	7.03877	-0.31688	-7.9358	7.03877	0
-6.89454	7.12756	-0.328025	-6.89454	7.12756	0
-5.88929	7.10942	-0.342036	-5.88929	7.10942	0
-4.85233	7.08972	-0.289185	-4.85233	7.08972	0
-3.75462	7.0882	-0.350197	-3.75462	7.0882	0
-2.65662	7.11006	-0.306099	-2.65662	7.11006	0
-1.68756	7.02493	-0.331616	-1.68756	7.02493	0
-0.696016	8.15248	-0.292904	-0.696016	8.15248	0
0.383289	8.14199	-0.303442	0.383289	8.14199	0
1.43172	8.15653	-0.312085	1.43172	8.15653	0
2.47456	8.11575	-0.315856	2.47456	8.11575	0
3.47767	8.11422	-0.288982	3.47767	8.11422	0
4.50761	8.07097	-0.321095	4.50761	8.07097	0
5.57091	8.04545	-0.283541	5.57091	8.04545	0
6.54055	8.06892	-0.347323	6.54055	8.06892	0
7.63274	8.05387	-0.313186	7.63274	8.05387	0
8.65361	8.17503	-0.300638	8.65361	8.17503	0
9.66012	8.16571	-0.326013	9.66012	8.16571	0
10.7261	8.04673	-0.307297	10.7261	8.04673	0
11.7357	8.0568	-0.320517	11.7357	8.0568	0
-11.0305	8.19097	-0.320701	-11.0305	8.19097	0
-10.0151	8.11581	-0.310584	-10.0151	8.11581	0
-8.91476	8.14495	-0.310325	-8.91476	8.14495	0
-7.93963	8.10486	-0.334915	-7.93963	8.10486	0
-6.84988	8.16079	-0.315896	-6.84988	8.16079	0
-5.86159	8.13581	-0.310841	-5.86159	8.13581	0
-4.83996	8.1256	-0.297773	-4.83996	8.1256	0
-3.83664	8.09756	-0.316937	-3.83664	8.09756	0
-2.74973	8.11964	-0.319677	-2.74973	8.11964	0
-1.69334	8.12346	-0.346888	-1.69334	8.12346	0
-0.706064	9.17224	-0.346406	-0.706064	9.17224	0
0.298656	9.15694	-0.32101	0.298656	9.15694	0
1.38391	9.1731	-0.316136	1.38391	9.1731	0
2.45739	9.18538	-0.335972	2.45739	9.18538	0
3.49789	9.13955	-0.313805	3.49789	9.13955	0
4.51164	9.1013	-0.346818	4.51164	9.1013	0
5.50251	9.085	-0.292161	5.50251	9.085	0
6.53491	9.08398	-0.326476	6.53491	9.08398	0
7.55468	9.14269	-0.315619	7.55468	9.14269	0
8.66318	9.19165	-0.333658	8.66318	9.19165	0
9.73628	9.14391	-0.30519	9.73628	9.14391	0
10.721	9.16775	-0.323812	10.721	9.16775	0
11.7712	9.10497	-0.331896	11.7712	9.10497	0
-10.9894	9.18371	-0.307972	-10.9894	9.18371	0
-9.96638	9.1681	-0.302291	-9.96638	9.1681	0
-8.91791	9.15001	-0.348828	-8.91791	9.15001	0
-7.89649	9.14841	-0.305084	-7.89649	9.14841	0
-6.90741	9.12625	-0.306525	-6.90741	9.12625	0
-5.85454	9.20641	-0.332496	-5.85454	9.20641	0
-4.81434	9.17165	-0.303807	-4.81434	9.17165	0
-3.79124	9.14321	-0.337588	-3.79124	9.14321	0
-2.68776	9.17233	-0.272673	-2.68776	9.17233	0
-1.71168	9.15151	-0.326318	-1.71168	9.15151	0
-0.688556	10.208	-0.332379	-0.688556	10.208	0
0.310593	10.2304	-0.316707	0.310593	10.2304	0
1.36538	10.2179	-0.322113	1.36538	10.2179	0
2.39675	10.2015	-0.333858	2.39675	10.2015	0
3.43462	10.0903	-0.335436	3.43462	10.0903	0
4.52693	10.1015	-0.335734	4.52693	10.1015	0
5.53389	10.106	-0.321705	5.53389	10.106	0
6.56267	10.1154	-0.315782	6.56267	10.1154	0
7.55353	10.143	-0.348961	7.55353	10.143	0
8.57327	10.1799	-0.3149	8.57327	10.1799	0
9.58008	10.1693	-0.318446	9.58008	10.1693	0
10.7118	10.1779	-0.32556	10.7118	10.1779	0
11.7435	10.2394	-0.332235	11.7435	10.2394	0
-10.9784	10.2262	-0.326476	-10.9784	10.2262	0
-9.96714	10.153	-0.2925	-9.96714	10.153	0
-8.93849	10.1994	-0.306686	-8.93849	10.1994	0
-7.93349	10.1654	-0.298237	-7.93349	10.1654	0
-6.88664	10.141	-0.320778	-6.88664	10.141	0
-5.85443	10.2166	-0.315096	-5.85443	10.2166	0
-4.84811	10.2078	-0.329912	-4.84811	10.2078	0
-3.75261	10.178	-0.322842	-3.75261	10.178	0
-2.73659	10.2022	-0.299885	-2.73659	10.2022	0
-1.71762	10.2093	-0.311789	-1.71762	10.2093	0
-0.673905	11.2518	-0.307985	-0.673905	11.2518	0
0.325401	11.2507	-0.31795	0.325401	11.2507	0
1.32819	11.2697	-0.29944	1.32819	11.2697	0
2.40811	11.2231	-0.3126	2.40811	11.2231	0
3.41579	11.1393	-0.321742	3.41579	11.1393	0
4.49578	11.1669	-0.334533	4.49578	11.1669	0
5.57456	11.1467	-0.330981	5.57456	11.1467	0
6.56376	11.1621	-0.309849	6.56376	11.1621	0
7.59255	11.1891	-0.320732	7.59255	11.1891	0
8.60868	11.1862	-0.36285	8.60868	11.1862	0
9.59299	11.161	-0.312199	9.59299	11.161	0
10.6365	11.1753	-0.313308	10.6365	11.1753	0
11.7596	11.2078	-0.304595	11.7596	11.2078	0
-10.9512	11.2669	-0.296568	-10.9512	11.2669	0
-9.94051	11.2495	-0.319556	-9.94051	11.2495	0
-8.89728	11.2306	-0.307802	-8.89728	11.2306	0
-7.95885	11.2081	-0.299811	-7.95885	11.2081	0
-6.92089	11.215	-0.305321	-6.92089	11.215	0
-5.91061	11.2154	-0.32763	-5.91061	11.2154	0
-4.83426	11.2616	-0.317193	-4.83426	11.2616	0
-3.78831	11.2354	-0.33832	-3.78831	11.2354	0
-2.73825	11.2501	-0.33469	-2.73825	11.2501	0
-1.76306	11.2389	-0.328328	-1.76306	11.2389	0
-0.696623	-11.48	-0.292285	-0.696623	-11.48	0
0.33167	-11.5357	-0.31937	0.33167	-11.5357	0
1.41994	-11.5122	-0.315632	1.41994	-11.5122	0
2.41887	-11.5133	-0.336585	2.41887	-11.5133	0
3.46363	-11.5573	-0.315633	3.46363	-11.5573	0
4.48734	-11.5734	-0.321775	4.48734	-11.5734	0
5.4617	-11.5556	-0.331138	5.4617	-11.5556	0
6.58066	-11.5281	-0.309118	6.58066	-11.5281	0
7.55758	-11.5695	-0.31506	7.55758	-11.5695	0
8.60012	-11.5919	-0.335036	8.60012	-11.5919	0
9.71321	-11.6009	-0.319562	9.71321	-11.6009	0
10.7237	-11.5308	-0.339909	10.7237	-11.5308	0
11.7347	-11.536	-0.33337	11.7347	-11.536	0
-11.0507	-11.4991	-0.314892	-11.0507	-11.4991	0
-10.0219	-11.5424	-0.322477	-10.0219	-11.5424	0
-8.97361	-11.4895	-0.312448	-8.97361	-11.4895	0
-7.94648	-11.5259	-0.313253	-7.94648	-11.5259	0
-6.9611	-11.5156	-0.319412	-6.9611	-11.5156	0
-5.88131	-11.5961	-0.319536	-5.88131	-11.5961	0
-4.83692	-11.5454	-0.337744	-4.83692	-11.5454	0
-3.79379	-11.4565	-0.323411	-3.79379	-11.4565	0
-2.77185	-11.5015	-0.305321	-2.77185	-11.5015	0
-1.74042	-11.5083	-0.292814	-1.74042	-11.5083	0
-0.74641	-10.4704	-0.309174	-0.74641	-10.4704	0
0.325096	-10.4843	-0.30638	0.325096	-10.4843	0
1.30795	-10.5022	-0.341808	1.30795	-10.5022	0
2.38808	-10.5057	-0.314331	2.38808	-10.5057	0
3.47518	-10.4782	-0.282639	3.47518	-10.4782	0
4.49645	-10.5464	-0.317938	4.49645	-10.5464	0
5.56513	-10.5206	-0.298989	5.56513	-10.5206	0
6.5791	-10.5409	-0.31989	6.5791	-10.5409	0
7.67623	-10.5393	-0.343042	7.67623	-10.5393	0
8.66232	-10.5043	-0.314886	8.66232	-10.5043	0
9.68073	-10.5013	-0.32685	9.68073	-10.5013	0
10.7225	-10.5034	-0.327907	10.7225	-10.5034	0
11.6999	-10.4889	-0.305902	11.6999	-10.4889	0
-10.9867	-10.4981	-0.323338	-10.9867	-10.4981	0
-9.97543	-10.4782	-0.317971	-9.97543	-10.4782	0
-8.95759	-10.4996	-0.296091	-8.95759	-10.4996	0
-7.90177	-10.547	-0.307058	-7.90177	-10.547	0
-6.85604	-10.552	-0.286742	-6.85604	-10.552	0
-5.82164	-10.514	-0.334168	-5.82164	-10.514	0
-4.79864	-10.4717	-0.301618	-4.79864	-10.4717	0
-3.82811	-10.4505	-0.315797	-3.82811	-10.4505	0
-2.78364	-10.4218	-0.345184	-2.78364	-10.4218	0
-1.7683	-10.4626	-0.328973	-1.7683	-10.4626	0
-0.67217	-9.46122	-0.30718	-0.67217	-9.46122	0
0.385983	-9.4768	-0.308374	0.385983	-9.4768	0
1.41251	-9.47572	-0.297852	1.41251	-9.47572	0
2.43332	-9.4994	-0.308078	2.43332	-9.4994	0
3.45153	-9.49501	-0.317719	3.45153	-9.49501	0
4.55705	-9.45543	-0.31014	4.55705	-9.45543	0
5.5218	-9.46813	-0.288908	5.5218	-9.46813	0
6.61538	-9.48907	-0.315836	6.61538	-9.48907	0
7.64377	-9.46211	-0.273205	7.64377	-9.46211	0
8.61	-9.44495	-0.297439	8.61	-9.44495	0
9.65652	-9.46804	-0.317881	9.65652	-9.46804	0
10.7497	-9.46298	-0.334038	10.7497	-9.46298	0
11.7358	-9.417	-0.33069	11.7358	-9.417	0
-11.0283	-9.39545	-0.329032	-11.0283	-9.39545	0
-10.023	-9.4225	-0.316756	-10.023	-9.4225	0
-8.94881	-9.47409	-0.315268	-8.94881	-9.47409	0
-7.94251	-9.46334	-0.325432	-7.94251	-9.46334	0
-6.84014	-9.48179	-0.327102	-6.84014	-9.48179	0
-5.82858	-9.4906	-0.32786	-5.82858	-9.4906	0
-4.82848	-9.48614	-0.281856	-4.82848	-9.48614	0
-3.79065	-9.44643	-0.31912	-3.79065	-9.44643	0
-2.75419	-9.40265	-0.310945	-2.75419	-9.40265	0
-1.61641	-9.46406	-0.32935	-1.61641	-9.46406	0
-0.613174	-8.3898	-0.313676	-0.613174	-8.3898	0
0.336826	-8.42477	-0.339781	0.336826	-8.42477	0
1.37146	-8.42426	-0.322711	1.37146	-8.42426	0
2.39641	-8.47661	-0.324212	2.39641	-8.47661	0
3.44491	-8.47048	-0.302506	3.44491	-8.47048	0
4.50434	-8.47795	-0.309841	4.50434	-8.47795	0
5.54875	-8.45154	-0.308958	5.54875	-8.45154	0
6.59244	-8.39044	-0.302234	6.59244	-8.39044	0
7.59104	-8.47316	-0.323853	7.59104	-8.47316	0
8.65843	-8.40098	-0.329639	8.65843	-8.40098	0
9.71618	-8.46092	-0.324314	9.71618	-8.46092	0
10.68	-8.42879	-0.316105	10.68	-8.42879	0
11.723	-8.40924	-0.280451	11.723	-8.40924	0
-11.0478	-8.38629	-0.305949	-11.0478	-8.38629	0
-10.0228	-8.39825	-0.321115	-10.0228	-8.39825	0
-8.90539	-8.37527	-0.316924	-8.90539	-8.37527	0
-7.91713	-8.47561	-0.331358	-7.91713	-8.47561	0
-6.81698	-8.40022	-0.311796	-6.81698	-8.40022	0
-5.80846	-8.51345	-0.323722	-5.80846	-8.51345	0
-4.80107	-8.45317	-0.307583	-4.80107	-8.45317	0
-3.75933	-8.36882	-0.323812	-3.75933	-8.36882	0
-2.74501	-8.35271	-0.317891	-2.74501	-8.35271	0
-1.72032	-8.43516	-0.317913	-1.72032	-8.43516	0
-0.677678	-7.33321	-0.311336	-0.677678	-7.33321	0
0.384525	-7.34338	-0.297267	0.384525	-7.34338	0
1.37525	-7.40366	-0.345681	1.37525	-7.40366	0
2.44373	-7.41893	-0.346215	2.44373	-7.41893	0
3.43329	-7.42332	-0.330948	3.43329	-7.42332	0
4.43873	-7.41861	-0.327897	4.43873	-7.41861	0
5.59311	-7.44551	-0.313775	5.59311	-7.44551	0
6.5594	-7.37057	-0.319754	6.5594	-7.37057	0
7.54401	-7.39793	-0.314303	7.54401	-7.39793	0
8.62153	-7.39288	-0.322267	8.62153	-7.39288	0
9.64975	-7.41189	-0.334511	9.64975	-7.41189	0
10.6476	-7.46348	-0.31928	10.6476	-7.46348	0
11.6716	-7.40414	-0.336995	11.6716	-7.40414	0
-11.0874	-7.35188	-0.325542	-11.0874	-7.35188	0
-10.0441	-7.4145	-0.31649	-10.0441	-7.4145	0
-8.95057	-7.39252	-0.30981	-8.95057	-7.39252	0
-7.93722	-7.41701	-0.314323	-7.93722	-7.41701	0
-6.88472	-7.35158	-0.345148	-6.88472	-7.35158	0
-5.87375	-7.4192	-0.331941	-5.87375	-7.4192	0
-4.82856	-7.40219	-0.30798	-4.82856	-7.40219	0
-3.78122	-7.37371	-0.319362	-3.78122	-7.37371	0
-2.76526	-7.34018	-0.305975	-2.76526	-7.34018	0
-1.74968	-7.34324	-0.346372	-1.74968	-7.34324	0
-0.694172	-6.31436	-0.326216	-0.694172	-6.31436	0
0.380697	-6.32428	-0.294002	0.380697	-6.32428	0
1.40537	-6.32298	-0.293899	1.40537	-6.32298	0
2.43107	-6.3576	-0.299992	2.43107	-6.3576	0
3.41461	-6.38659	-0.311861	3.41461	-6.38659	0
4.42816	-6.3965	-0.289197	4.42816	-6.3965	0
5.52453	-6.40984	-0.31228	5.52453	-6.40984	0
6.52544	-6.38971	-0.321977	6.52544	-6.38971	0
7.63932	-6.37326	-0.322411	7.63932	-6.37326	0
8.62216	-6.4012	-0.314296	8.62216	-6.4012	0
9.64093	-6.39916	-0.317023	9.64093	-6.39916	0
10.6841	-6.40606	-0.310975	10.6841	-6.40606	0
11.7118	-6.35837	-0.329638	11.7118	-6.35837	0
-11.0075	-6.41145	-0.307582	-11.0075	-6.41145	0
-9.99661	-6.35066	-0.315335	-9.99661	-6.35066	0
-8.95322	-6.36995	-0.316144	-8.95322	-6.36995	0
-7.85134	-6.44537	-0.278011	-7.85134	-6.44537	0
-6.84909	-6.34039	-0.312451	-6.84909	-6.34039	0
-5.84621	-6.37278	-0.317435	-5.84621	-6.37278	0
-4.86921	-6.32155	-0.319014	-4.86921	-6.32155	0
-3.83001	-6.33493	-0.310839	-3.83001	-6.33493	0
-2.741	-6.31433	-0.32044	-2.741	-6.31433	0
-1.70174	-6.31012	-0.324874	-1.70174	-6.31012	0
-0.644507	-5.24582	-0.332001	-0.644507	-5.24582	0
0.334455	-5.28465	-0.338586	0.334455	-5.28465	0
1.44032	-5.25163	-0.322024	1.44032	-5.25163	0
2.42913	-5.32301	-0.332562	2.42913	-5.32301	0
3.45711	-5.37659	-0.328282	3.45711	-5.37659	0
4.49706	-5.39638	-0.30191	4.49706	-5.39638	0
5.52391	-5.35401	-0.326196	5.52391	-5.35401	0
6.52318	-5.35962	-0.320756	6.52318	-5.35962	0
7.61703	-5.33697	-0.335815	7.61703	-5.33697	0
8.64719	-5.37609	-0.319233	8.64719	-5.37609	0
9.66347	-5.41995	-0.329986	9.66347	-5.41995	0
10.6791	-5.42563	-0.320729	10.6791	-5.42563	0
11.7618	-5.32469	-0.305952	11.7618	-5.32469	0
-11.037	-5.35753	-0.309377	-11.037	-5.35753	0
-9.98274	-5.33237	-0.32943	-9.98274	-5.33237	0
-8.88385	-5.31989	-0.317899	-8.88385	-5.31989	0
-7.84751	-5.31991	-0.321632	-7.84751	-5.31991	0
-6.88279	-5.25825	-0.314389	-6.88279	-5.25825	0
-5.81924	-5.30655	-0.321304	-5.81924	-5.30655	0
-4.79945	-5.29255	-0.304438	-4.79945	-5.29255	0
-3.78187	-5.25906	-0.297151	-3.78187	-5.25906	0
-2.80551	-5.26996	-0.292533	-2.80551	-5.26996	0
-1.72995	-5.29296	-0.321247	-1.72995	-5.29296	0
-0.646926	-4.18707	-0.327379	-0.646926	-4.18707	0
0.330536	-4.27168	-0.322355	0.330536	-4.27168	0
1.45387	-4.24738	-0.311551	1.45387	-4.24738	0
2.4724	-4.25875	-0.319436	2.4724	-4.25875	0
3.45887	-4.29603	-0.315312	3.45887	-4.29603	0
4.52913	-4.3136	-0.295656	4.52913	-4.3136	0
5.51678	-4.294	-0.32393	5.51678	-4.294	0
6.55188	-4.31693	-0.324359	6.55188	-4.31693	0
7.62265	-4.28889	-0.272659	7.62265	-4.28889	0
8.67824	-4.26134	-0.294585	8.67824	-4.26134	0
9.68004	-4.2964	-0.301963	9.68004	-4.2964	0
10.7399	-4.37001	-0.302396	10.7399	-4.37001	0
11.7467	-4.32847	-0.299837	11.7467	-4.32847	0
-10.9612	-4.31537	-0.310718	-10.9612	-4.31537	0
-9.89812	-4.25708	-0.281063	-9.89812	-4.25708	0
-8.95814	-4.29503	-0.306466	-8.95814	-4.29503	0
-7.84008	-4.26694	-0.293789	-7.84008	-4.26694	0
-6.80334	-4.2353	-0.292236	-6.80334	-4.2353	0
-5.82494	-4.22639	-0.330489	-5.82494	-4.22639	0
-4.80363	-4.23812	-0.332443	-4.80363	-4.23812	0
-3.7793	-4.1874	-0.316849	-3.7793	-4.1874	0
-2.70248	-4.25827	-0.283648	-2.70248	-4.25827	0
-1.65606	-4.2897	-0.331088	-1.65606	-4.2897	0
-0.607249	-3.18309	-0.319964	-0.607249	-3.18309	0
0.451622	-3.23764	-0.341311	0.451622	-3.23764	0
1.41109	-3.21947	-0.315694	1.41109	-3.21947	0
2.43784	-3.2076	-0.297502	2.43784	-3.2076	0
3.47386	-3.25584	-0.308603	3.47386	-3.25584	0
4.535	-3.23463	-0.30894	4.535	-3.23463	0
5.57021	-3.20653	-0.326628	5.57021	-3.20653	0
6.58018	-3.19069	-0.330315	6.58018	-3.19069	0
7.60444	-3.25183	-0.293606	7.60444	-3.25183	0
8.67523	-3.27729	-0.328954	8.67523	-3.27729	0
9.77645	-3.31697	-0.329215	9.77645	-3.31697	0
10.7824	-3.35132	-0.340474	10.7824	-3.35132	0
11.7952	-3.25068	-0.310184	11.7952	-3.25068	0
-10.9967	-3.29203	-0.336273	-10.9967	-3.29203	0
-9.97665	-3.25296	-0.312024	-9.97665	-3.25296	0
-8.90635	-3.21544	-0.302409	-8.90635	-3.21544	0
-7.81301	-3.27759	-0.301147	-7.81301	-3.27759	0
-6.76954	-3.22756	-0.314591	-6.76954	-3.22756	0
-5.79431	-3.23233	-0.30683	-5.79431	-3.23233	0
-4.75958	-3.21028	-0.299245	-4.75958	-3.21028	0
-3.7414	-3.21755	-0.3221	-3.7414	-3.21755	0
-2.65694	-3.27603	-0.332712	-2.65694	-3.27603	0
-1.63309	-3.26236	-0.322688	-1.63309	-3.26236	0
-0.659834	-2.19961	-0.325119	-0.659834	-2.19961	0
0.437677	-2.18614	-0.330405	0.437677	-2.18614	0
1.45167	-2.17754	-0.317755	1.45167	-2.17754	0
2.45539	-2.15522	-0.31707	2.45539	-2.15522	0
3.47253	-2.23251	-0.337697	3.47253	-2.23251	0
4.47833	-2.19448	-0.319259	4.47833	-2.19448	0
5.51206	-2.19656	-0.309947	5.51206	-2.19656	0
6.6015	-2.20239	-0.334358	6.6015	-2.20239	0
7.64768	-2.22524	-0.314267	7.64768	-2.22524	0
8.63125	-2.26968	-0.343578	8.63125	-2.26968	0
9.70967	-2.35813	-0.30855	9.70967	-2.35813	0
10.7311	-2.23147	-0.322194	10.7311	-2.23147	0
11.825	-2.24341	-0.335426	11.825	-2.24341	0
-10.956	-2.25194	-0.314206	-10.956	-2.25194	0
-9.96571	-2.20245	-0.314901	-9.96571	-2.20245	0
-8.88184	-2.20283	-0.330426	-8.88184	-2.20283	0
-7.83718	-2.22496	-0.328507	-7.83718	-2.22496	0
-6.81127	-2.14135	-0.313142	-6.81127	-2.14135	0
-5.81892	-2.18647	-0.299971	-5.81892	-2.18647	0
-4.79854	-2.20625	-0.324394	-4.79854	-2.20625	0
-3.71147	-2.18408	-0.305624	-3.71147	-2.18408	0
-2.6804	-2.23002	-0.330609	-2.6804	-2.23002	0
-1.67336	-2.22343	-0.325203	-1.67336	-2.22343	0
-0.683791	-1.1864	-0.332373	-0.683791	-1.1864	0
0.420427	-1.12165	-0.32419	0.420427	-1.12165	0
1.44052	-1.06237	-0.327708	1.44052	-1.06237	0
2.4561	-1.15528	-0.301067	2.4561	-1.15528	0
3.45973	-1.18454	-0.33604	3.45973	-1.18454	0
4.52469	-1.22132	-0.349696	4.52469	-1.22132	0
5.51357	-1.19397	-0.29145	5.51357	-1.19397	0
6.59679	-1.20301	-0.322838	6.59679	-1.20301	0
7.64094	-1.20321	-0.323284	7.64094	-1.20321	0
8.65367	-1.22174	-0.326078	8.65367	-1.22174	0
9.69841	-1.21929	-0.286707	9.69841	-1.21929	0
10.7401	-1.27565	-0.301181	10.7401	-1.27565	0
11.7633	-1.20427	-0.311433	11.7633	-1.20427	0
-10.9514	-1.21094	-0.295246	-10.9514	-1.21094	0
-9.95984	-1.19837	-0.333487	-9.95984	-1.19837	0
-8.90703	-1.20279	-0.318525	-8.90703	-1.20279	0
-7.91369	-1.17317	-0.310148	-7.91369	-1.17317	0
-6.85981	-1.16233	-0.327038	-6.85981	-1.16233	0
-5.79707	-1.16314	-0.290428	-5.79707	-1.16314	0
-4.79403	-1.17463	-0.30455	-4.79403	-1.17463	0
-3.71776	-1.17299	-0.30592	-3.71776	-1.17299	0
-2.66676	-1.19348	-0.316408	-2.66676	-1.19348	0
-1.68237	-1.17252	-0.299103	-1.68237	-1.17252	0
-0.194919	0.383294	0.311392	-0.194919	0.383294	0
0.881074	0.406842	0.338847	0.881074	0.406842	0
1.9386	0.442277	0.323049	1.9386	0.442277	0
2.97844	0.418527	0.309541	2.97844	0.418527	0
4.00458	0.370606	0.318702	4.00458	0.370606	0
4.95893	0.344517	0.300782	4.95893	0.344517	0
5.98262	0.376648	0.318556	5.98262	0.376648	0
7.09626	0.349847	0.300757	7.09626	0.349847	0
8.10275	0.361994	0.316541	8.10275	0.361994	0
9.14743	0.283377	0.302092	9.14743	0.283377	0
10.1625	0.354609	0.318308	10.1625	0.354609	0
11.2139	0.35434	0.337442	11.2139	0.35434	0
-11.5748	0.318491	0.300533	-11.5748	0.318491	0
-10.5784	0.312145	0.320143	-10.5784	0.312145	0
-9.51699	0.352258	0.310904	-9.51699	0.352258	0
-8.46574	0.359875	0.312308	-8.46574	0.359875	0
-7.42538	0.372088	0.313409	-7.42538	0.372088	0
-6.40569	0.373682	0.330773	-6.40569	0.373682	0
-5.25792	0.336762	0.329315	-5.25792	0.336762	0
-4.25019	0.338158	0.313096	-4.25019	0.338158	0
-3.23581	0.387695	0.316378	-3.23581	0.387695	0
-2.22581	0.350289	0.339083	-2.22581	0.350289	0
-1.22655	0.33624	0.319225	-1.22655	0.33624	0
-0.237794	1.45624	0.316266	-0.237794	1.45624	0
0.84963	1.41511	0.295257	0.84963	1.41511	0
1.9093	1.37415	0.344645	1.9093	1.37415	0
2.91803	1.35412	0.330874	2.91803	1.35412	0
3.9795	1.37439	0.309249	3.9795	1.37439	0
5.02593	1.42273	0.339498	5.02593	1.42273	0
6.0358	1.39379	0.299855	6.0358	1.39379	0
7.07612	1.34944	0.3128	7.07612	1.34944	0
8.13101	1.3526	0.320138	8.13101	1.3526	0
9.19335	1.39666	0.345413	9.19335	1.39666	0
10.2216	1.41969	0.329031	10.2216	1.41969	0
11.2054	1.42034	0.320324	11.2054	1.42034	0
-11.5686	1.3696	0.331005	-11.5686	1.3696	0
-10.5531	1.42781	0.329756	-10.5531	1.42781	0
-9.56566	1.40483	0.323269	-9.56566	1.40483	0
-8.50059	1.40993	0.310141	-8.50059	1.40993	0
-7.42443	1.41822	0.346516	-7.42443	1.41822	0
-6.31462	1.39926	0.291608	-6.31462	1.39926	0
-5.29808	1.389	0.300202	-5.29808	1.389	0
-4.33084	1.32829	0.326029	-4.33084	1.32829	0
-3.26705	1.37481	0.334773	-3.26705	1.37481	0
-2.2108	1.42106	0.309916	-2.2108	1.42106	0
-1.2079	1.40848	0.294991	-1.2079	1.40848	0
-0.103177	2.48791	0.309214	-0.103177	2.48791	0
0.911771	2.41724	0.321272	0.911771	2.41724	0
1.98239	2.45889	0.330368	1.98239	2.45889	0
2.94679	2.41937	0.342553	2.94679	2.41937	0
3.98935	2.42758	0.293242	3.98935	2.42758	0
5.00053	2.46811	0.342398	5.00053	2.46811	0
6.06901	2.37738	0.337848	6.06901	2.37738	0
7.15648	2.41571	0.314635	7.15648	2.41571	0
8.15435	2.36006	0.333313	8.15435	2.36006	0
9.13597	2.4528	0.327312	9.13597	2.4528	0
10.1494	2.42915	0.32763	10.1494	2.42915	0
11.2249	2.42512	0.298758	11.2249	2.42512	0
-11.5492	2.41316	0.338853	-11.5492	2.41316	0
-10.5629	2.51483	0.336365	-10.5629	2.51483	0
-9.5585	2.42346	0.305914	-9.5585	2.42346	0
-8.39855	2.46315	0.324207	-8.39855	2.46315	0
-7.35162	2.42432	0.31893	-7.35162	2.42432	0
-6.33854	2.40674	0.302258	-6.33854	2.40674	0
-5.33593	2.42976	0.28355	-5.33593	2.42976	0
-4.29198	2.34783	0.323163	-4.29198	2.34783	0
-3.25845	2.36192	0.290409	-3.25845	2.36192	0
-2.20298	2.44193	0.32049	-2.20298	2.44193	0
-1.14556	2.45932	0.331583	-1.14556	2.45932	0
-0.0863432	3.50798	0.32946	-0.0863432	3.50798	0
0.95365	3.45475	0.301868	0.95365	3.45475	0
1.93925	3.4731	0.305282	1.93925	3.4731	0
2.98265	3.50214	0.340954	2.98265	3.50214	0
4.03174	3.48899	0.321647	4.03174	3.48899	0
5.04684	3.4539	0.341254	5.04684	3.4539	0
6.03478	3.4173	0.305269	6.03478	3.4173	0
7.06975	3.41575	0.312944	7.06975	3.41575	0
8.14643	3.42996	0.32418	8.14643	3.42996	0
9.11502	3.45636	0.291208	9.11502	3.45636	0
10.1445	3.54089	0.334623	10.1445	3.54089	0
11.1687	3.49382	0.330247	11.1687	3.49382	0
-11.5754	3.5252	0.351163	-11.5754	3.5252	0
-10.5413	3.55327	0.331707	-10.5413	3.55327	0
-9.46662	3.4265	0.293049	-9.46662	3.4265	0
-8.49115	3.47086	0.33732	-8.49115	3.47086	0
-7.43936	3.42722	0.328455	-7.43936	3.42722	0
-6.36955	3.4717	0.321597	-6.36955	3.4717	0
-5.32203	3.52019	0.329947	-5.32203	3.52019	0
-4.24399	3.48429	0.329343	-4.24399	3.48429	0
-3.18161	3.43072	0.32391	-3.18161	3.43072	0
-2.17521	3.47277	0.300764	-2.17521	3.47277	0
-1.13758	3.47586	0.313513	-1.13758	3.47586	0
-0.155152	4.54877	0.316398	-0.155152	4.54877	0
0.848885	4.49678	0.330244	0.848885	4.49678	0
1.84504	4.48385	0.331335	1.84504	4.48385	0
2.94797	4.53506	0.325934	2.94797	4.53506	0
4.00281	4.5049	0.323612	4.00281	4.5049	0
5.03683	4.45618	0.327495	5.03683	4.45618	0
6.05874	4.46282	0.300914	6.05874	4.46282	0
7.07241	4.49895	0.312119	7.07241	4.49895	0
8.05335	4.4958	0.329659	8.05335	4.4958	0
9.13175	4.47747	0.339254	9.13175	4.47747	0
10.1623	4.52074	0.337379	10.1623	4.52074	0
11.1916	4.48054	0.309015	11.1916	4.48054	0
-11.4965	4.4863	0.318026	-11.4965	4.4863	0
-10.4781	4.52258	0.309279	-10.4781	4.52258	0
-9.42094	4.48012	0.289208	-9.42094	4.48012	0
-8.34507	4.45532	0.31728	-8.34507	4.45532	0
-7.3166	4.45864	0.321523	-7.3166	4.45864	0
-6.29202	4.49893	0.327683	-6.29202	4.49893	0
-5.29207	4.5324	0.322487	-5.29207	4.5324	0
-4.27878	4.56608	0.300933	-4.27878	4.56608	0
-3.2665	4.446	0.330696	-3.2665	4.446	0
-2.23587	4.48066	0.287217	-2.23587	4.48066	0
-1.18118	4.50159	0.338262	-1.18118	4.50159	0
-0.144518	5.52395	0.320147	-0.144518	5.52395	0
0.889734	5.54115	0.328474	0.889734	5.54115	0
1.89758	5.47357	0.287243	1.89758	5.47357	0
2.9651	5.50893	0.294884	2.9651	5.50893	0
3.98045	5.52333	0.317852	3.98045	5.52333	0
4.96934	5.50867	0.309706	4.96934	5.50867	0
6.06342	5.48707	0.304058	6.06342	5.48707	0
7.06301	5.53492	0.285775	7.06301	5.53492	0
8.1676	5.48954	0.311656	8.1676	5.48954	0
9.1564	5.52649	0.306826	9.1564	5.52649	0
10.1487	5.53218	0.335076	10.1487	5.53218	0
11.1857	5.47578	0.314427	11.1857	5.47578	0
-11.527	5.54926	0.333201	-11.527	5.54926	0
-10.5008	5.47548	0.336284	-10.5008	5.47548	0
-9.43705	5.51801	0.321045	-9.43705	5.51801	0
-8.39404	5.52704	0.332547	-8.39404	5.52704	0
-7.35426	5.55938	0.314167	-7.35426	5.55938	0
-6.32142	5.48935	0.326352	-6.32142	5.48935	0
-5.31114	5.55322	0.291909	-5.31114	5.55322	0
-4.29142	5.61241	0.310463	-4.29142	5.61241	0
-3.24852	5.48448	0.323457	-3.24852	5.48448	0
-2.23633	5.54055	0.336764	-2.23633	5.54055	0
-1.22246	5.50466	0.294298	-1.22246	5.50466	0
-0.174838	6.59463	0.326484	-0.174838	6.59463	0
0.862149	6.59362	0.299498	0.862149	6.59362	0
1.86943	6.58491	0.343499	1.86943	6.58491	0
2.86829	6.57545	0.310422	2.86829	6.57545	0
3.90057	6.50787	0.308778	3.90057	6.50787	0
4.95702	6.55975	0.318754	4.95702	6.55975	0
5.98348	6.51625	0.309416	5.98348	6.51625	0
7.08323	6.57143	0.319379	7.08323	6.57143	0
8.11548	6.53662	0.309804	8.11548	6.53662	0
9.17823	6.55976	0.306072	9.17823	6.55976	0
10.2056	6.53891	0.313382	10.2056	6.53891	0
11.2416	6.49823	0.322092	11.2416	6.49823	0
-11.5202	6.54156	0.312663	-11.5202	6.54156	0
-10.485	6.54757	0.301336	-10.485	6.54757	0
-9.47007	6.50875	0.314615	-9.47007	6.50875	0
-8.41014	6.54494	0.318678	-8.41014	6.54494	0
-7.38015	6.57599	0.312419	-7.38015	6.57599	0
-6.36643	6.53252	0.33552	-6.36643	6.53252	0
-5.30975	6.54633	0.321546	-5.30975	6.54633	0
-4.28722	6.61823	0.297477	-4.28722	6.61823	0
-3.20154	6.64084	0.311547	-3.20154	6.64084	0
-2.21463	6.56917	0.321616	-2.21463	6.56917	0
-1.14763	6.58864	0.31477	-1.14763	6.58864	0
-0.154736	7.66452	0.303816	-0.154736	7.66452	0
0.877209	7.64978	0.306435	0.877209	7.64978	0
1.92709	7.62403	0.321909	1.92709	7.62403	0
2.96345	7.59149	0.313121	2.96345	7.59149	0
3.99579	7.56641	0.304787	3.99579	7.56641	0
5.02378	7.5736	0.316515	5.02378	7.5736	0
6.03867	7.52952	0.314365	6.03867	7.52952	0
7.05161	7.59982	0.301332	7.05161	7.59982	0
8.1421	7.65966	0.314977	8.1421	7.65966	0
9.17366	7.63607	0.32047	9.17366	7.63607	0
10.1682	7.59188	0.320363	10.1682	7.59188	0
11.237	7.57624	0.321756	11.237	7.57624	0
-11.5311	7.57825	0.283224	-11.5311	7.57825	0
-10.543	7.63467	0.323269	-10.543	7.63467	0
-9.4907	7.63003	0.313351	-9.4907	7.63003	0
-8.45087	7.55982	0.290163	-8.45087	7.55982	0
-7.45001	7.58747	0.300773	-7.45001	7.58747	0
-6.4097	7.59643	0.321163	-6.4097	7.59643	0
-5.38202	7.6628	0.333047	-5.38202	7.6628	0
-4.26957	7.57588	0.320259	-4.26957	7.57588	0
-3.25091	7.62657	0.313681	-3.25091	7.62657	0
-2.16751	7.58484	0.32033	-2.16751	7.58484	0
-1.19757	7.59268	0.313083	-1.19757	7.59268	0
-0.173158	8.69001	0.293974	-0.173158	8.69001	0
0.846361	8.65458	0.307691	0.846361	8.65458	0
1.94947	8.67984	0.308437	1.94947	8.67984	0
2.90532	8.63566	0.288901	2.90532	8.63566	0
3.97583	8.6008	0.318297	3.97583	8.6008	0
4.97799	8.61915	0.326892	4.97799	8.61915	0
6.01277	8.57356	0.304846	6.01277	8.57356	0
7.07464	8.60226	0.283013	7.07464	8.60226	0
8.11937	8.67431	0.311128	8.11937	8.67431	0
9.19052	8.65948	0.294977	9.19052	8.65948	0
10.2205	8.63171	0.326533	10.2205	8.63171	0
11.2182	8.56356	0.304786	11.2182	8.56356	0
-11.5473	8.61926	0.337023	-11.5473	8.61926	0
-10.4371	8.673	0.318056	-10.4371	8.673	0
-9.43569	8.65474	0.301191	-9.43569	8.65474	0
-8.43006	8.65393	0.332112	-8.43006	8.65393	0
-7.39578	8.60447	0.33724	-7.39578	8.60447	0
-6.35303	8.66604	0.328384	-6.35303	8.66604	0
-5.37186	8.7321	0.328504	-5.37186	8.7321	0
-4.29944	8.6533	0.305094	-4.29944	8.6533	0
-3.31281	8.63344	0.293933	-3.31281	8.63344	0
-2.23492	8.59275	0.310562	-2.23492	8.59275	0
-1.21096	8.61903	0.340118	-1.21096	8.61903	0
-0.217858	9.71442	0.318881	-0.217858	9.71442	0
0.804257	9.6714	0.312613	0.804257	9.6714	0
1.91236	9.69825	0.295038	1.91236	9.69825	0
2.91621	9.69731	0.355411	2.91621	9.69731	0
4.00484	9.59818	0.305778	4.00484	9.59818	0
5.01841	9.59809	0.329223	5.01841	9.59809	0
6.04024	9.61917	0.323634	6.04024	9.61917	0
7.07304	9.64438	0.327002	7.07304	9.64438	0
8.08695	9.63984	0.300017	8.08695	9.63984	0
9.10583	9.66398	0.328372	9.10583	9.66398	0
10.2075	9.6852	0.317498	10.2075	9.6852	0
11.2257	9.6656	0.280047	11.2257	9.6656	0
-11.5593	9.70621	0.312515	-11.5593	9.70621	0
-10.5541	9.73698	0.317964	-10.5541	9.73698	0
-9.45072	9.69373	0.311116	-9.45072	9.69373	0
-8.4363	9.66455	0.335191	-8.4363	9.66455	0
-7.37291	9.62525	0.325457	-7.37291	9.62525	0
-6.31469	9.69987	0.311584	-6.31469	9.69987	0
-5.28399	9.72336	0.319709	-5.28399	9.72336	0
-4.27974	9.70399	0.325947	-4.27974	9.70399	0
-3.24146	9.61939	0.331997	-3.24146	9.61939	0
-2.22249	9.68422	0.341855	-2.22249	9.68422	0
-1.20513	9.66556	0.311622	-1.20513	9.66556	0
-0.200873	10.7014	0.327969	-0.200873	10.7014	0
0.876973	10.7204	0.316548	0.876973	10.7204	0
1.87298	10.69	0.310255	1.87298	10.69	0
2.90804	10.6582	0.339955	2.90804	10.6582	0
3.99136	10.5786	0.273432	3.99136	10.5786	0
4.98145	10.6545	0.312393	4.98145	10.6545	0
6.08195	10.6282	0.298838	6.08195	10.6282	0
7.08947	10.6881	0.33025	7.08947	10.6881	0
8.09096	10.6679	0.334332	8.09096	10.6679	0
9.02347	10.7057	0.308981	9.02347	10.7057	0
10.1372	10.7012	0.329972	10.1372	10.7012	0
11.2392	10.6893	0.33687	11.2392	10.6893	0
-11.5324	10.6702	0.304506	-11.5324	10.6702	0
-10.4898	10.735	0.316233	-10.4898	10.735	0
-9.50014	10.7238	0.338994	-9.50014	10.7238	0
-8.50965	10.6881	0.350053	-8.50965	10.6881	0
-7.39028	10.6808	0.324204	-7.39028	10.6808	0
-6.41172	10.7019	0.341979	-6.41172	10.7019	0
-5.33121	10.7682	0.294774	-5.33121	10.7682	0
-4.33268	10.7009	0.294072	-4.33268	10.7009	0
-3.2675	10.703	0.318413	-3.2675	10.703	0
-2.22014	10.7008	0.31196	-2.22014	10.7008	0
-1.19747	10.6991	0.326456	-1.19747	10.6991	0
-0.219101	11.7588	0.330445	-0.219101	11.7588	0
0.86104	11.7817	0.335663	0.86104	11.7817	0
1.91304	11.7045	0.317497	1.91304	11.7045	0
2.94854	11.7632	0.297649	2.94854	11.7632	0
3.99238	11.6556	0.314535	3.99238	11.6556	0
5.0148	11.6852	0.330601	5.0148	11.6852	0
6.0135	11.7361	0.312232	6.0135	11.7361	0
7.00184	11.7042	0.310443	7.00184	11.7042	0
8.0789	11.7021	0.304805	8.0789	11.7021	0
9.13897	11.7544	0.320605	9.13897	11.7544	0
10.1762	11.6691	0.30424	10.1762	11.6691	0
11.2184	11.705	0.287992	11.2184	11.705	0
-11.5295	11.7737	0.326	-11.5295	11.7737	0
-10.5197	11.755	0.321866	-10.5197	11.755	0
-9.48681	11.7661	0.306105	-9.48681	11.7661	0
-8.46801	11.755	0.316894	-8.46801	11.755	0
-7.46569	11.7118	0.32444	-7.46569	11.7118	0
-6.41256	11.7426	0.299548	-6.41256	11.7426	0
-5.34865	11.7156	0.306435	-5.34865	11.7156	0
-4.31311	11.739	0.305293	-4.31311	11.739	0
-3.28308	11.746	0.297454	-3.28308	11.746	0
-2.23062	11.7421	0.323852	-2.23062	11.7421	0
-1.21866	11.7424	0.31013	-1.21866	11.7424	0
-0.182941	-11.0028	0.322723	-0.182941	-11.0028	0
0.882666	-11.0199	0.334426	0.882666	-11.0199	0
1.88935	-11.0357	0.323439	1.88935	-11.0357	0
2.90803	-11.0487	0.324329	2.90803	-11.0487	0
3.99377	-11.051	0.287145	3.99377	-11.051	0
5.02854	-11.0365	0.354074	5.02854	-11.0365	0
6.02929	-11.0295	0.330313	6.02929	-11.0295	0
7.11736	-11.0091	0.322239	7.11736	-11.0091	0
8.12404	-11.0253	0.307192	8.12404	-11.0253	0
9.19788	-11.072	0.300471	9.19788	-11.072	0
10.1652	-11.008	0.333565	10.1652	-11.008	0
11.2132	-11.0294	0.311947	11.2132	-11.0294	0
-11.5664	-10.966	0.291617	-11.5664	-10.966	0
-10.4859	-11.0408	0.318634	-10.4859	-11.0408	0
-9.48933	-10.9752	0.330424	-9.48933	-10.9752	0
-8.43401	-10.9886	0.327603	-8.43401	-10.9886	0
-7.40615	-11.0376	0.334084	-7.40615	-11.0376	0
-6.34704	-11.0388	0.298466	-6.34704	-11.0388	0
-5.35237	-11.0894	0.295302	-5.35237	-11.0894	0
-4.3577	-11.0263	0.333095	-4.3577	-11.0263	0
-3.28836	-10.9289	0.303162	-3.28836	-10.9289	0
-2.30707	-10.9336	0.328833	-2.30707	-10.9336	0
-1.23624	-10.9927	0.326477	-1.23624	-10.9927	0
-0.159651	-9.96677	0.302394	-0.159651	-9.96677	0
0.862045	-9.99646	0.31773	0.862045	-9.99646	0
1.85121	-10.018	0.301441	1.85121	-10.018	0
2.94203	-10.0016	0.326566	2.94203	-10.0016	0
4.01222	-9.9924	0.306052	4.01222	-9.9924	0
5.01536	-9.97503	0.288844	5.01536	-9.97503	0
6.09857	-9.92706	0.316967	6.09857	-9.92706	0
7.17011	-10.0039	0.336613	7.17011	-10.0039	0
8.16353	-9.99263	0.325227	8.16353	-9.99263	0
9.17929	-9.98455	0.294268	9.17929	-9.98455	0
10.2421	-9.95404	0.309382	10.2421	-9.95404	0
11.2303	-9.99263	0.303279	11.2303	-9.99263	0
-11.5068	-9.93877	0.308681	-11.5068	-9.93877	0
-10.506	-9.92427	0.335435	-10.506	-9.92427	0
-9.44474	-9.95624	0.310438	-9.44474	-9.95624	0
-8.41903	-9.99521	0.310382	-8.41903	-9.99521	0
-7.37664	-10.0114	0.292823	-7.37664	-10.0114	0
-6.33836	-9.98122	0.313396	-6.33836	-9.98122	0
-5.34554	-10.0382	0.348199	-5.34554	-10.0382	0
-4.31164	-9.95616	0.346603	-4.31164	-9.95616	0
-3.27378	-9.97347	0.346595	-3.27378	-9.97347	0
-2.23176	-9.94089	0.316165	-2.23176	-9.94089	0
-1.21244	-9.99202	0.313822	-1.21244	-9.99202	0
-0.141194	-8.93413	0.302332	-0.141194	-8.93413	0
0.830783	-8.90679	0.30664	0.830783	-8.90679	0
1.89244	-8.92167	0.321306	1.89244	-8.92167	0
2.93474	-8.94437	0.336138	2.93474	-8.94437	0
3.95935	-8.96556	0.319866	3.95935	-8.96556	0
4.96803	-8.95983	0.326085	4.96803	-8.95983	0
6.12975	-8.93237	0.329275	6.12975	-8.93237	0
7.09693	-8.97198	0.326549	7.09693	-8.97198	0
8.12067	-8.89505	0.338738	8.12067	-8.89505	0
9.15572	-8.96834	0.298176	9.15572	-8.96834	0
10.1956	-8.9328	0.321437	10.1956	-8.9328	0
11.2122	-8.91356	0.338016	11.2122	-8.91356	0
-11.5784	-8.90365	0.335663	-11.5784	-8.90365	0
-10.4895	-8.88817	0.324232	-10.4895	-8.88817	0
-9.46207	-8.90897	0.29258	-9.46207	-8.90897	0
-8.43327	-8.90642	0.297526	-8.43327	-8.90642	0
-7.33274	-8.93575	0.316634	-7.33274	-8.93575	0
-6.30979	-8.93725	0.341046	-6.30979	-8.93725	0
-5.29559	-8.9069	0.348754	-5.29559	-8.9069	0
-4.28885	-8.94848	0.305055	-4.28885	-8.94848	0
-3.25812	-8.90819	0.323001	-3.25812	-8.90819	0
-2.21363	-8.94487	0.288509	-2.21363	-8.94487	0
-1.15561	-8.91424	0.306302	-1.15561	-8.91424	0
-0.175611	-7.82746	0.330691	-0.175611	-7.82746	0
0.839881	-7.88001	0.27717	0.839881	-7.88001	0
1.92456	-7.8751	0.300196	1.92456	-7.8751	0
2.92719	-7.95742	0.324331	2.92719	-7.95742	0
3.93782	-7.9561	0.294182	3.93782	-7.9561	0
5.03095	-7.94913	0.305684	5.03095	-7.94913	0
6.0676	-7.87492	0.341208	6.0676	-7.87492	0
7.0994	-7.9017	0.327876	7.0994	-7.9017	0
8.10749	-7.91274	0.295685	8.10749	-7.91274	0
9.13433	-7.87345	0.316896	9.13433	-7.87345	0
10.1719	-7.94994	0.316374	10.1719	-7.94994	0
11.2038	-7.93685	0.321755	11.2038	-7.93685	0
-11.5705	-7.87026	0.338829	-11.5705	-7.87026	0
-10.5713	-7.90399	0.330198	-10.5713	-7.90399	0
-9.49261	-7.89554	0.307987	-9.49261	-7.89554	0
-8.43044	-7.89399	0.30921	-8.43044	-7.89399	0
-7.38087	-7.90704	0.302235	-7.38087	-7.90704	0
-6.3431	-7.85966	0.339439	-6.3431	-7.85966	0
-5.33417	-7.94106	0.310433	-5.33417	-7.94106	0
-4.29502	-7.90976	0.307019	-4.29502	-7.90976	0
-3.23773	-7.89024	0.34028	-3.23773	-7.89024	0
-2.22159	-7.88538	0.303759	-2.22159	-7.88538	0
-1.21778	-7.91228	0.272744	-1.21778	-7.91228	0
-0.184057	-6.83438	0.301662	-0.184057	-6.83438	0
0.942403	-6.83034	0.334484	0.942403	-6.83034	0
1.94726	-6.86182	0.318871	1.94726	-6.86182	0
2.90508	-6.92843	0.330763	2.90508	-6.92843	0
3.89695	-6.8987	0.329846	3.89695	-6.8987	0
4.99254	-6.86562	0.269366	4.99254	-6.86562	0
6.01521	-6.90991	0.361601	6.01521	-6.90991	0
7.08616	-6.84866	0.307847	7.08616	-6.84866	0
8.07523	-6.90245	0.330339	8.07523	-6.90245	0
9.13818	-6.89927	0.305353	9.13818	-6.89927	0
10.15	-6.94584	0.340027	10.15	-6.94584	0
11.1797	-6.93572	0.319371	11.1797	-6.93572	0
-11.6065	-6.88376	0.27908	-11.6065	-6.88376	0
-10.5167	-6.8993	0.334133	-10.5167	-6.8993	0
-9.50283	-6.86757	0.295791	-9.50283	-6.86757	0
-8.47933	-6.88799	0.335075	-8.47933	-6.88799	0
-7.36267	-6.9081	0.328283	-7.36267	-6.9081	0
-6.361	-6.85264	0.312057	-6.361	-6.85264	0
-5.36556	-6.86342	0.30364	-5.36556	-6.86342	0
-4.26934	-6.88706	0.33534	-4.26934	-6.88706	0
-3.27985	-6.84036	0.299899	-3.27985	-6.84036	0
-2.2311	-6.84267	0.327902	-2.2311	-6.84267	0
-1.22757	-6.88011	0.319157	-1.22757	-6.88011	0
-0.137996	-5.76342	0.306252	-0.137996	-5.76342	0
0.878357	-5.77133	0.278818	0.878357	-5.77133	0
1.93627	-5.8179	0.298837	1.93627	-5.8179	0
2.93746	-5.82004	0.312776	2.93746	-5.82004	0
3.94462	-5.90029	0.349179	3.94462	-5.90029	0
5.04133	-5.88005	0.347622	5.04133	-5.88005	0
6.01207	-5.84433	0.307003	6.01207	-5.84433	0
7.07529	-5.89112	0.316249	7.07529	-5.89112	0
8.14315	-5.82888	0.337489	8.14315	-5.82888	0
9.129	-5.89365	0.305339	9.129	-5.89365	0
10.1542	-5.89393	0.3219	10.1542	-5.89393	0
11.2044	-5.89579	0.309999	11.2044	-5.89579	0
-11.5261	-5.90272	0.299751	-11.5261	-5.90272	0
-10.5162	-5.8401	0.319783	-10.5162	-5.8401	0
-9.48354	-5.81088	0.288662	-9.48354	-5.81088	0
-8.41422	-5.84174	0.308346	-8.41422	-5.84174	0
-7.35495	-5.79612	0.343303	-7.35495	-5.79612	0
-6.33417	-5.80359	0.308639	-6.33417	-5.80359	0
-5.35096	-5.78355	0.325411	-5.35096	-5.78355	0
-4.30269	-5.83795	0.330527	-4.30269	-5.83795	0
-3.27785	-5.83326	0.313901	-3.27785	-5.83326	0
-2.20976	-5.78437	0.303257	-2.20976	-5.78437	0
-1.16917	-5.81966	0.289977	-1.16917	-5.81966	0
-0.161265	-4.75897	0.318877	-0.161265	-4.75897	0
0.86309	-4.74887	0.320499	0.86309	-4.74887	0
1.92868	-4.76557	0.30766	1.92868	-4.76557	0
2.94881	-4.81917	0.317628	2.94881	-4.81917	0
3.98071	-4.80422	0.31631	3.98071	-4.80422	0
4.97218	-4.83494	0.309214	4.97218	-4.83494	0
6.01009	-4.77967	0.331588	6.01009	-4.77967	0
7.04199	-4.84636	0.314151	7.04199	-4.84636	0
8.12947	-4.80609	0.356469	8.12947	-4.80609	0
9.17001	-4.84519	0.314812	9.17001	-4.84519	0
10.1933	-4.8715	0.316427	10.1933	-4.8715	0
11.2018	-4.8799	0.338998	11.2018	-4.8799	0
-11.4869	-4.80807	0.289511	-11.4869	-4.80807	0
-10.4285	-4.84894	0.320622	-10.4285	-4.84894	0
-9.45476	-4.83568	0.312416	-9.45476	-4.83568	0
-8.41857	-4.76238	0.324113	-8.41857	-4.76238	0
-7.36193	-4.77852	0.326058	-7.36193	-4.77852	0
-6.32608	-4.7415	0.325047	-6.32608	-4.7415	0
-5.35294	-4.75057	0.310327	-5.35294	-4.75057	0
-4.36712	-4.77618	0.319178	-4.36712	-4.77618	0
-3.3008	-4.74277	0.3158	-3.3008	-4.74277	0
-2.18632	-4.78186	0.328874	-2.18632	-4.78186	0
-1.18506	-4.79007	0.322409	-1.18506	-4.79007	0
-0.107818	-3.72139	0.324661	-0.107818	-3.72139	0
0.943121	-3.77247	0.298832	0.943121	-3.77247	0
1.93248	-3.75612	0.34119	1.93248	-3.75612	0
2.97519	-3.74556	0.310938	2.97519	-3.74556	0
3.9987	-3.78265	0.30586	3.9987	-3.78265	0
4.99884	-3.73067	0.326785	4.99884	-3.73067	0
6.02879	-3.71754	0.315942	6.02879	-3.71754	0
7.05493	-3.76319	0.317378	7.05493	-3.76319	0
8.11268	-3.72993	0.317324	8.11268	-3.72993	0
9.2092	-3.78247	0.303181	9.2092	-3.78247	0
10.2536	-3.88243	0.331317	10.2536	-3.88243	0
11.3072	-3.79289	0.309763	11.3072	-3.79289	0
-11.4814	-3.77306	0.31059	-11.4814	-3.77306	0
-10.4344	-3.8486	0.327066	-10.4344	-3.8486	0
-9.43229	-3.7308	0.311244	-9.43229	-3.7308	0
-8.39479	-3.78938	0.31029	-8.39479	-3.78938	0
-7.33351	-3.74904	0.352005	-7.33351	-3.74904	0
-6.25648	-3.74281	0.32208	-6.25648	-3.74281	0
-5.25765	-3.73303	0.307471	-5.25765	-3.73303	0
-4.24325	-3.69942	0.332672	-4.24325	-3.69942	0
-3.18478	-3.74651	0.309101	-3.18478	-3.74651	0
-2.15469	-3.72688	0.30774	-2.15469	-3.72688	0
-1.11485	-3.70464	0.330327	-1.11485	-3.70464	0
-0.102389	-2.69989	0.31002	-0.102389	-2.69989	0
0.93292	-2.69807	0.306073	0.93292	-2.69807	0
1.9548	-2.73881	0.342175	1.9548	-2.73881	0
2.9694	-2.69324	0.328381	2.9694	-2.69324	0
3.98043	-2.71452	0.313851	3.98043	-2.71452	0
4.99566	-2.69648	0.294865	4.99566	-2.69648	0
6.05796	-2.68322	0.301537	6.05796	-2.68322	0
7.10697	-2.70003	0.312042	7.10697	-2.70003	0
8.14651	-2.74233	0.314862	8.14651	-2.74233	0
9.20197	-2.75969	0.33345	9.20197	-2.75969	0
10.2946	-2.83318	0.334947	10.2946	-2.83318	0
11.2767	-2.7536	0.311454	11.2767	-2.7536	0
-11.4764	-2.74509	0.335215	-11.4764	-2.74509	0
-10.424	-2.75314	0.311206	-10.424	-2.75314	0
-9.42232	-2.74447	0.306858	-9.42232	-2.74447	0
-8.38392	-2.70578	0.302211	-8.38392	-2.70578	0
-7.34665	-2.71264	0.309022	-7.34665	-2.71264	0
-6.31655	-2.70819	0.332923	-6.31655	-2.70819	0
-5.30658	-2.7168	0.342589	-5.30658	-2.7168	0
-4.24851	-2.72313	0.330746	-4.24851	-2.72313	0
-3.17788	-2.75279	0.303215	-3.17788	-2.75279	0
-2.13032	-2.75437	0.328298	-2.13032	-2.75437	0
-1.13379	-2.71152	0.335697	-1.13379	-2.71152	0
-0.123753	-1.66143	0.34119	-0.123753	-1.66143	0
0.897487	-1.65111	0.315825	0.897487	-1.65111	0
1.90871	-1.61955	0.342671	1.90871	-1.61955	0
2.94984	-1.70176	0.328036	2.94984	-1.70176	0
3.96606	-1.6914	0.305963	3.96606	-1.6914	0
4.98541	-1.7113	0.3139	4.98541	-1.7113	0
6.03578	-1.67838	0.314164	6.03578	-1.67838	0
7.11237	-1.69975	0.286957	7.11237	-1.69975	0
8.13665	-1.73057	0.337542	8.13665	-1.73057	0
9.20182	-1.7457	0.319675	9.20182	-1.7457	0
10.2038	-1.77298	0.316354	10.2038	-1.77298	0
11.3015	-1.72492	0.347974	11.3015	-1.72492	0
-11.4888	-1.72874	0.314765	-11.4888	-1.72874	0
-10.4173	-1.72392	0.33704	-10.4173	-1.72392	0
-9.40097	-1.74023	0.308407	-9.40097	-1.74023	0
-8.34696	-1.68681	0.347219	-8.34696	-1.68681	0
-7.35646	-1.67	0.315058	-7.35646	-1.67	0
-6.34698	-1.62546	0.325942	-6.34698	-1.62546	0
-5.3122	-1.68088	0.334123	-5.3122	-1.68088	0
-4.27229	-1.66155	0.327984	-4.27229	-1.66155	0
-3.20647	-1.69445	0.308703	-3.20647	-1.69445	0
-2.2167	-1.70396	0.317293	-2.2167	-1.70396	0
-1.1807	-1.69426	0.287988	-1.1807	-1.69426	0
-0.148392	-0.669786	0.333554	-0.148392	-0.669786	0
0.878232	-0.625943	0.333435	0.878232	-0.625943	0
1.94549	-0.663764	0.319806	1.94549	-0.663764	0
3.01782	-0.701146	0.314684	3.01782	-0.701146	0
3.99334	-0.708709	0.326481	3.99334	-0.708709	0
5.01028	-0.649876	0.310965	5.01028	-0.649876	0
6.07599	-0.675761	0.31222	6.07599	-0.675761	0
7.10541	-0.660627	0.321901	7.10541	-0.660627	0
8.1064	-0.690314	0.313546	8.1064	-0.690314	0
9.13942	-0.689641	0.302221	9.13942	-0.689641	0
10.2169	-0.695786	0.322048	10.2169	-0.695786	0
11.2131	-0.713766	0.334215	11.2131	-0.713766	0
-11.5387	-0.725101	0.328159	-11.5387	-0.725101	0
-10.4958	-0.666304	0.311548	-10.4958	-0.666304	0
-9.41083	-0.657231	0.283269	-9.41083	-0.657231	0
-8.42153	-0.6483	0.321244	-8.42153	-0.6483	0
-7.44498	-0.639485	0.330019	-7.44498	-0.639485	0
-6.36726	-0.617597	0.287821	-6.36726	-0.617597	0
-5.32013	-0.655041	0.311714	-5.32013	-0.655041	0
-4.2315	-0.689517	0.321719	-4.2315	-0.689517	0
-3.20464	-0.664436	0.308782	-3.20464	-0.664436	0
-2.17784	-0.692414	0.330645	-2.17784	-0.692414	0
-1.20012	-0.652626	0.327445	-1.20012	-0.652626	0
