-0.364859	-0.291396	-0.31374	-0.364859	-0.291396	0
0.680596	-0.322341	-0.31778	0.680596	-0.322341	0
1.68563	-0.28494	-0.340154	1.68563	-0.28494	0
2.72138	-0.286123	-0.301075	2.72138	-0.286123	0
3.7148	-0.352776	-0.309958	3.7148	-0.352776	0
4.77233	-0.285396	-0.326429	4.77233	-0.285396	0
5.81203	-0.3174	-0.305039	5.81203	-0.3174	0
6.81087	-0.339858	-0.307232	6.81087	-0.339858	0
7.8544	-0.335955	-0.315817	7.8544	-0.335955	0
8.88779	-0.336449	-0.304175	8.88779	-0.336449	0
9.93074	-0.33133	-0.311542	9.93074	-0.33133	0
10.9486	-0.363953	-0.320325	10.9486	-0.363953	0
-11.7857	-0.421247	-0.330356	-11.7857	-0.421247	0
-10.7739	-0.326863	-0.328837	-10.7739	-0.326863	0
-9.75379	-0.359062	-0.308059	-9.75379	-0.359062	0
-8.64919	-0.346184	-0.311034	-8.64919	-0.346184	0
-7.58594	-0.360233	-0.289048	-7.58594	-0.360233	0
-6.61747	-0.347891	-0.309871	-6.61747	-0.347891	0
-5.56145	-0.319158	-0.307337	-5.56145	-0.319158	0
-4.48834	-0.355225	-0.32911	-4.48834	-0.355225	0
-3.48087	-0.351298	-0.317444	-3.48087	-0.351298	0
-2.42372	-0.378371	-0.300157	-2.42372	-0.378371	0
-1.37545	-0.370164	-0.282707	-1.37545	-0.370164	0
-0.400502	0.69663	-0.323012	-0.400502	0.69663	0
0.631911	0.688231	-0.31948	0.631911	0.688231	0
1.60318	0.700034	-0.307025	1.60318	0.700034	0
2.66627	0.711214	-0.333002	2.66627	0.711214	0
3.67813	0.713453	-0.327778	3.67813	0.713453	0
4.70961	0.704971	-0.296919	4.70961	0.704971	0
5.72266	0.693711	-0.310887	5.72266	0.693711	0
6.79187	0.648963	-0.294984	6.79187	0.648963	0
7.85378	0.652355	-0.276942	7.85378	0.652355	0
8.90786	0.65625	-0.325417	8.90786	0.65625	0
9.95111	0.700101	-0.286498	9.95111	0.700101	0
10.8913	0.672708	-0.341701	10.8913	0.672708	0
-11.8074	0.582469	-0.325918	-11.8074	0.582469	0
-10.7794	0.681352	-0.302968	-10.7794	0.681352	0
-9.7253	0.640296	-0.29864	-9.7253	0.640296	0
-8.70432	0.670162	-0.318553	-8.70432	0.670162	0
-7.67415	0.672664	-0.305735	-7.67415	0.672664	0
-6.62701	0.644378	-0.30571	-6.62701	0.644378	0
-5.6193	0.68394	-0.327376	-5.6193	0.68394	0
-4.55923	0.677696	-0.313843	-4.55923	0.677696	0
-3.5046	0.6233	-0.325673	-3.5046	0.6233	0
-2.43334	0.663789	-0.304707	-2.43334	0.663789	0
-1.41792	0.656679	-0.320231	-1.41792	0.656679	0
-0.411647	1.77837	-0.323808	-0.411647	1.77837	0
0.587512	1.72596	-0.327904	0.587512	1.72596	0
1.61219	1.75463	-0.326316	1.61219	1.75463	0
2.615	1.72875	-0.279057	2.615	1.72875	0
3.59075	1.76597	-0.341389	3.59075	1.76597	0
4.69757	1.70454	-0.33275	4.69757	1.70454	0
5.76515	1.73908	-0.328452	5.76515	1.73908	0
6.82914	1.72495	-0.296915	6.82914	1.72495	0
7.84766	1.78201	-0.347275	7.84766	1.78201	0
8.88679	1.66572	-0.282067	8.88679	1.66572	0
9.90246	1.73113	-0.312371	9.90246	1.73113	0
10.9353	1.73844	-0.302939	10.9353	1.73844	0
-11.8257	1.66075	-0.30821	-11.8257	1.66075	0
-10.7537	1.68083	-0.28155	-10.7537	1.68083	0
-9.73613	1.73714	-0.308528	-9.73613	1.73714	0
-8.71686	1.69644	-0.31692	-8.71686	1.69644	0
-7.69265	1.67022	-0.315308	-7.69265	1.67022	0
-6.5977	1.70513	-0.315469	-6.5977	1.70513	0
-5.53479	1.71774	-0.337783	-5.53479	1.71774	0
-4.54463	1.70012	-0.322512	-4.54463	1.70012	0
-3.53212	1.72356	-0.315442	-3.53212	1.72356	0
-2.5228	1.71747	-0.326044	-2.5228	1.71747	0
-1.47746	1.70655	-0.290294	-1.47746	1.70655	0
-0.433002	2.78256	-0.304018	-0.433002	2.78256	0
0.576301	2.77317	-0.334945	0.576301	2.77317	0
1.62183	2.76139	-0.291252	1.62183	2.76139	0
2.66099	2.76296	-0.31487	2.66099	2.76296	0
3.71787	2.76814	-0.329689	3.71787	2.76814	0
4.71347	2.71422	-0.331347	4.71347	2.71422	0
5.75742	2.73462	-0.308843	5.75742	2.73462	0
6.76193	2.76056	-0.287194	6.76193	2.76056	0
7.85531	2.79266	-0.322893	7.85531	2.79266	0
8.89214	2.71773	-0.331211	8.89214	2.71773	0
9.938	2.78675	-0.293595	9.938	2.78675	0
10.9544	2.76016	-0.315539	10.9544	2.76016	0
-11.7952	2.69614	-0.317425	-11.7952	2.69614	0
-10.7661	2.74805	-0.318908	-10.7661	2.74805	0
-9.71152	2.7541	-0.302257	-9.71152	2.7541	0
-8.69251	2.6745	-0.308095	-8.69251	2.6745	0
-7.66135	2.73789	-0.327211	-7.66135	2.73789	0
-6.6138	2.72907	-0.280263	-6.6138	2.72907	0
-5.60456	2.75865	-0.328569	-5.60456	2.75865	0
-4.60005	2.78525	-0.348466	-4.60005	2.78525	0
-3.57094	2.7379	-0.306458	-3.57094	2.7379	0
-2.50468	2.76191	-0.320423	-2.50468	2.76191	0
-1.48633	2.72489	-0.333746	-1.48633	2.72489	0
-0.463984	3.78327	-0.326886	-0.463984	3.78327	0
0.5615	3.8463	-0.29842	0.5615	3.8463	0
1.52574	3.80389	-0.322823	1.52574	3.80389	0
2.67709	3.8239	-0.324698	2.67709	3.8239	0
3.70528	3.78398	-0.298466	3.70528	3.78398	0
4.73354	3.73212	-0.330596	4.73354	3.73212	0
5.78704	3.79139	-0.318575	5.78704	3.79139	0
6.83256	3.72468	-0.305389	6.83256	3.72468	0
7.88438	3.82769	-0.272488	7.88438	3.82769	0
8.91397	3.80273	-0.340136	8.91397	3.80273	0
9.91808	3.81003	-0.331432	9.91808	3.81003	0
10.9523	3.75224	-0.3163	10.9523	3.75224	0
-11.7347	3.74341	-0.324296	-11.7347	3.74341	0
-10.7051	3.73972	-0.313628	-10.7051	3.73972	0
-9.67616	3.75644	-0.325668	-9.67616	3.75644	0
-8.66909	3.79973	-0.31024	-8.66909	3.79973	0
-7.654	3.85816	-0.320666	-7.654	3.85816	0
-6.63045	3.77828	-0.295843	-6.63045	3.77828	0
-5.61739	3.84285	-0.318046	-5.61739	3.84285	0
-4.61174	3.82073	-0.316615	-4.61174	3.82073	0
-3.5564	3.75032	-0.280335	-3.5564	3.75032	0
-2.55234	3.77601	-0.326197	-2.55234	3.77601	0
-1.49891	3.77924	-0.314775	-1.49891	3.77924	0
-0.451733	4.82813	-0.32917	-0.451733	4.82813	0
0.542569	4.8152	-0.316489	0.542569	4.8152	0
1.55203	4.83172	-0.302119	1.55203	4.83172	0
2.57449	4.86164	-0.310771	2.57449	4.86164	0
3.64779	4.82726	-0.303872	3.64779	4.82726	0
4.68978	4.78424	-0.352973	4.68978	4.78424	0
5.80267	4.79659	-0.327292	5.80267	4.79659	0
6.80799	4.86044	-0.320535	6.80799	4.86044	0
7.87316	4.80932	-0.316877	7.87316	4.80932	0
8.86323	4.83329	-0.283865	8.86323	4.83329	0
9.96389	4.79153	-0.321299	9.96389	4.79153	0
10.9968	4.72867	-0.329205	10.9968	4.72867	0
-11.7105	4.78745	-0.326407	-11.7105	4.78745	0
-10.6681	4.80446	-0.286919	-10.6681	4.80446	0
-9.70907	4.83973	-0.290911	-9.70907	4.83973	0
-8.67254	4.84981	-0.300045	-8.67254	4.84981	0
-7.65872	4.91582	-0.335186	-7.65872	4.91582	0
-6.63509	4.83911	-0.301778	-6.63509	4.83911	0
-5.61633	4.87631	-0.344429	-5.61633	4.87631	0
-4.59438	4.87584	-0.33153	-4.59438	4.87584	0
-3.51846	4.82847	-0.320817	-3.51846	4.82847	0
-2.48944	4.81588	-0.295136	-2.48944	4.81588	0
-1.48413	4.79675	-0.29574	-1.48413	4.79675	0
-0.521265	5.85312	-0.304264	-0.521265	5.85312	0
0.54437	5.83116	-0.317415	0.54437	5.83116	0
1.58495	5.82582	-0.35325	1.58495	5.82582	0
2.67666	5.87564	-0.300046	2.67666	5.87564	0
3.66865	5.81865	-0.298168	3.66865	5.81865	0
4.70236	5.82087	-0.348394	4.70236	5.82087	0
5.77991	5.82664	-0.32326	5.77991	5.82664	0
6.81971	5.82892	-0.34612	6.81971	5.82892	0
7.85014	5.84401	-0.328059	7.85014	5.84401	0
8.84945	5.86774	-0.323415	8.84945	5.86774	0
9.86365	5.81252	-0.324637	9.86365	5.81252	0
10.9367	5.73809	-0.354076	10.9367	5.73809	0
-11.7756	5.856	-0.322082	-11.7756	5.856	0
-10.672	5.86434	-0.332916	-10.672	5.86434	0
-9.67755	5.85004	-0.309905	-9.67755	5.85004	0
-8.68584	5.85988	-0.316662	-8.68584	5.85988	0
-7.62935	5.95104	-0.30474	-7.62935	5.95104	0
-6.66655	5.91541	-0.319649	-6.66655	5.91541	0
-5.59021	5.93008	-0.333555	-5.59021	5.93008	0
-4.6005	5.91986	-0.346079	-4.6005	5.91986	0
-3.52239	5.86003	-0.325096	-3.52239	5.86003	0
-2.5176	5.85664	-0.303119	-2.5176	5.85664	0
-1.49997	5.84962	-0.316719	-1.49997	5.84962	0
-0.467759	6.92807	-0.33633	-0.467759	6.92807	0
0.573428	6.88961	-0.310386	0.573428	6.88961	0
1.63599	6.87083	-0.3235	1.63599	6.87083	0
2.64161	6.93221	-0.303369	2.64161	6.93221	0
3.72331	6.88177	-0.305013	3.72331	6.88177	0
4.78053	6.85355	-0.304827	4.78053	6.85355	0
5.82902	6.86037	-0.325474	5.82902	6.86037	0
6.83709	6.88288	-0.294125	6.83709	6.88288	0
7.85549	6.83934	-0.2962	7.85549	6.83934	0
8.91079	6.88163	-0.321764	8.91079	6.88163	0
9.95572	6.8526	-0.315314	9.95572	6.8526	0
10.9853	6.80962	-0.338016	10.9853	6.80962	0
-11.7374	6.88036	-0.307536	-11.7374	6.88036	0
-10.7135	6.88947	-0.325737	-10.7135	6.88947	0
-9.72231	6.95976	-0.314059	-9.72231	6.95976	0
-8.6501	6.94455	-0.316586	-8.6501	6.94455	0
-7.62561	6.96222	-0.300623	-7.62561	6.96222	0
-6.611	6.94309	-0.337288	-6.611	6.94309	0
-5.60373	6.9375	-0.294451	-5.60373	6.9375	0
-4.56765	6.98366	-0.311621	-4.56765	6.98366	0
-3.52998	6.94842	-0.306956	-3.52998	6.94842	0
-2.55304	6.88371	-0.321715	-2.55304	6.88371	0
-1.51775	6.88558	-0.343628	-1.51775	6.88558	0
-0.40542	7.98398	-0.329181	-0.40542	7.98398	0
0.629031	7.92514	-0.297977	0.629031	7.92514	0
1.64227	7.8477	-0.338024	1.64227	7.8477	0
2.69778	7.91503	-0.292274	2.69778	7.91503	0
3.72714	7.91766	-0.308451	3.72714	7.91766	0
4.73425	7.88954	-0.297902	4.73425	7.88954	0
5.81675	7.85349	-0.316275	5.81675	7.85349	0
6.88249	7.86354	-0.307283	6.88249	7.86354	0
7.87454	7.88234	-0.310188	7.87454	7.88234	0
8.93118	7.8661	-0.318925	8.93118	7.8661	0
9.95503	7.86818	-0.330738	9.95503	7.86818	0
10.9778	7.84033	-0.287516	10.9778	7.84033	0
-11.7448	7.88136	-0.320344	-11.7448	7.88136	0
-10.7888	7.92146	-0.299937	-10.7888	7.92146	0
-9.73232	7.98627	-0.341058	-9.73232	7.98627	0
-8.60674	7.98605	-0.328965	-8.60674	7.98605	0
-7.61033	7.99123	-0.314786	-7.61033	7.99123	0
-6.53811	7.99722	-0.306691	-6.53811	7.99722	0
-5.57145	7.98868	-0.301949	-5.57145	7.98868	0
-4.5153	8.04965	-0.311764	-4.5153	8.04965	0
-3.50465	8.02153	-0.294501	-3.50465	8.02153	0
-2.47132	7.94646	-0.321269	-2.47132	7.94646	0
-1.46653	7.89135	-0.325501	-1.46653	7.89135	0
-0.496318	8.96353	-0.324348	-0.496318	8.96353	0
0.578261	8.93785	-0.330909	0.578261	8.93785	0
1.66873	9.00476	-0.313581	1.66873	9.00476	0
2.72684	8.97932	-0.300118	2.72684	8.97932	0
3.74376	8.92728	-0.313264	3.74376	8.92728	0
4.7612	8.94121	-0.326852	4.7612	8.94121	0
5.81434	8.94171	-0.323118	5.81434	8.94171	0
6.81589	8.87394	-0.352969	6.81589	8.87394	0
7.91894	8.92492	-0.324558	7.91894	8.92492	0
8.91991	8.91849	-0.303757	8.91991	8.91849	0
9.95834	8.91246	-0.318773	9.95834	8.91246	0
10.946	8.83725	-0.315157	10.946	8.83725	0
-11.7948	8.90917	-0.320477	-11.7948	8.90917	0
-10.8001	8.92051	-0.330394	-10.8001	8.92051	0
-9.74843	8.96473	-0.323764	-9.74843	8.96473	0
-8.69673	8.98969	-0.301955	-8.69673	8.98969	0
-7.67886	8.9888	-0.31499	-7.67886	8.9888	0
-6.60032	8.99027	-0.325878	-6.60032	8.99027	0
-5.56115	9.03122	-0.327269	-5.56115	9.03122	0
-4.52562	9.05285	-0.306283	-4.52562	9.05285	0
-3.52307	9.01829	-0.333004	-3.52307	9.01829	0
-2.49297	8.96836	-0.334962	-2.49297	8.96836	0
-1.5102	8.95528	-0.300432	-1.5102	8.95528	0
-0.467297	10.03	-0.335043	-0.467297	10.03	0
0.556167	10.0456	-0.328821	0.556167	10.0456	0
1.60705	10.1087	-0.28662	1.60705	10.1087	0
2.64975	10.0152	-0.327864	2.64975	10.0152	0
3.67767	9.99102	-0.315038	3.67767	9.99102	0
4.71436	9.95718	-0.309415	4.71436	9.95718	0
5.73103	9.99538	-0.327307	5.73103	9.99538	0
6.82024	9.90932	-0.307766	6.82024	9.90932	0
7.83529	9.95214	-0.254831	7.83529	9.95214	0
8.85232	9.96273	-0.314241	8.85232	9.96273	0
9.94842	9.97883	-0.319042	9.94842	9.97883	0
10.984	9.93604	-0.305709	10.984	9.93604	0
-11.7623	9.94055	-0.322215	-11.7623	9.94055	0
-10.7586	10.0154	-0.308883	-10.7586	10.0154	0
-9.76348	9.98003	-0.339392	-9.76348	9.98003	0
-8.71986	10.0572	-0.356089	-8.71986	10.0572	0
-7.66858	9.97238	-0.340252	-7.66858	9.97238	0
-6.62255	10.0148	-0.33161	-6.62255	10.0148	0
-5.52429	10.0497	-0.306007	-5.52429	10.0497	0
-4.54586	10.0695	-0.296175	-4.54586	10.0695	0
-3.52235	10.0341	-0.319378	-3.52235	10.0341	0
-2.48313	10.0068	-0.317768	-2.48313	10.0068	0
-1.4804	10.0326	-0.297702	-1.4804	10.0326	0
-0.498195	11.1061	-0.343939	-0.498195	11.1061	0
0.56503	11.0536	-0.321726	0.56503	11.0536	0
1.5896	11.0635	-0.29258	1.5896	11.0635	0
2.64348	11.0851	-0.328797	2.64348	11.0851	0
3.67812	10.9849	-0.318974	3.67812	10.9849	0
4.75194	10.9984	-0.331007	4.75194	10.9984	0
5.78748	10.9757	-0.34198	5.78748	10.9757	0
6.76934	10.9349	-0.31393	6.76934	10.9349	0
7.83892	10.992	-0.307471	7.83892	10.992	0
8.91986	10.9797	-0.300617	8.91986	10.9797	0
9.94086	11.0306	-0.289955	9.94086	11.0306	0
10.9982	11.0059	-0.311128	10.9982	11.0059	0
-11.7243	10.9512	-0.305952	-11.7243	10.9512	0
-10.7534	11.0571	-0.31115	-10.7534	11.0571	0
-9.69671	10.9953	-0.303562	-9.69671	10.9953	0
-8.67011	11.0213	-0.281639	-8.67011	11.0213	0
-7.64974	11.0802	-0.32886	-7.64974	11.0802	0
-6.65791	11.0654	-0.342521	-6.65791	11.0654	0
-5.64144	11.0536	-0.322473	-5.64144	11.0536	0
-4.63921	11.0859	-0.277034	-4.63921	11.0859	0
-3.53767	11.0606	-0.32052	-3.53767	11.0606	0
-2.51565	11.0747	-0.335777	-2.51565	11.0747	0
-1.48333	11.0749	-0.322289	-1.48333	11.0749	0
-0.475976	-11.7113	-0.32889	-0.475976	-11.7113	0
0.551999	-11.6861	-0.315755	0.551999	-11.6861	0
1.61297	-11.682	-0.312133	1.61297	-11.682	0
2.6549	-11.6707	-0.281096	2.6549	-11.6707	0
3.7442	-11.7629	-0.28556	3.7442	-11.7629	0
4.71671	-11.7577	-0.324262	4.71671	-11.7577	0
5.71259	-11.8059	-0.309179	5.71259	-11.8059	0
6.75287	-11.8543	-0.30867	6.75287	-11.8543	0
7.84329	-11.7979	-0.30159	7.84329	-11.7979	0
8.88329	-11.7349	-0.318719	8.88329	-11.7349	0
9.86131	-11.7281	-0.310818	9.86131	-11.7281	0
10.9622	-11.8024	-0.322366	10.9622	-11.8024	0
-11.7708	-11.7536	-0.314198	-11.7708	-11.7536	0
-10.7885	-11.6621	-0.33197	-10.7885	-11.6621	0
-9.70978	-11.7292	-0.307986	-9.70978	-11.7292	0
-8.68962	-11.7519	-0.299583	-8.68962	-11.7519	0
-7.63595	-11.709	-0.318105	-7.63595	-11.709	0
-6.64829	-11.6657	-0.323915	-6.64829	-11.6657	0
-5.59802	-11.6765	-0.314617	-5.59802	-11.6765	0
-4.57792	-11.6691	-0.323907	-4.57792	-11.6691	0
-3.53147	-11.6692	-0.318679	-3.53147	-11.6692	0
-2.57857	-11.6785	-0.333816	-2.57857	-11.6785	0
-1.491	-11.6627	-0.337063	-1.491	-11.6627	0
-0.472124	-10.6554	-0.310024	-0.472124	-10.6554	0
0.590036	-10.6251	-0.315267	0.590036	-10.6251	0
1.5782	-10.6604	-0.305941	1.5782	-10.6604	0
2.65218	-10.689	-0.304856	2.65218	-10.689	0
3.76737	-10.6509	-0.339019	3.76737	-10.6509	0
4.80904	-10.7223	-0.314211	4.80904	-10.7223	0
5.80251	-10.704	-0.329944	5.80251	-10.704	0
6.78749	-10.7921	-0.314055	6.78749	-10.7921	0
7.76755	-10.7263	-0.291519	7.76755	-10.7263	0
8.86524	-10.7274	-0.330518	8.86524	-10.7274	0
9.88242	-10.696	-0.338126	9.88242	-10.696	0
10.9694	-10.7442	-0.330976	10.9694	-10.7442	0
-11.8331	-10.7043	-0.322248	-11.8331	-10.7043	0
-10.7902	-10.6473	-0.316155	-10.7902	-10.6473	0
-9.73569	-10.7107	-0.320516	-9.73569	-10.7107	0
-8.70449	-10.6672	-0.335334	-8.70449	-10.6672	0
-7.68318	-10.655	-0.334558	-7.68318	-10.655	0
-6.59274	-10.6473	-0.333529	-6.59274	-10.6473	0
-5.57523	-10.6906	-0.313335	-5.57523	-10.6906	0
-4.52948	-10.6494	-0.324601	-4.52948	-10.6494	0
-3.4924	-10.6579	-0.323904	-3.4924	-10.6579	0
-2.48015	-10.6376	-0.32157	-2.48015	-10.6376	0
-1.47812	-10.6708	-0.334775	-1.47812	-10.6708	0
-0.472089	-9.56352	-0.338473	-0.472089	-9.56352	0
0.539365	-9.58595	-0.329323	0.539365	-9.58595	0
1.60002	-9.61689	-0.325109	1.60002	-9.61689	0
2.65159	-9.6477	-0.356278	2.65159	-9.6477	0
3.69249	-9.61639	-0.298657	3.69249	-9.61639	0
4.7195	-9.70738	-0.330416	4.7195	-9.70738	0
5.72908	-9.64704	-0.338478	5.72908	-9.64704	0
6.77235	-9.67837	-0.320115	6.77235	-9.67837	0
7.81167	-9.75504	-0.307415	7.81167	-9.75504	0
8.88912	-9.65089	-0.317236	8.88912	-9.65089	0
9.9149	-9.68884	-0.306008	9.9149	-9.68884	0
10.9456	-9.66184	-0.334541	10.9456	-9.66184	0
-11.8641	-9.67081	-0.309817	-11.8641	-9.67081	0
-10.8315	-9.59123	-0.315202	-10.8315	-9.59123	0
-9.76998	-9.63797	-0.338515	-9.76998	-9.63797	0
-8.78001	-9.61553	-0.316214	-8.78001	-9.61553	0
-7.7613	-9.58826	-0.31842	-7.7613	-9.58826	0
-6.69799	-9.67428	-0.337236	-6.69799	-9.67428	0
-5.63069	-9.57622	-0.324146	-5.63069	-9.57622	0
-4.57353	-9.62713	-0.298578	-4.57353	-9.62713	0
-3.56116	-9.54568	-0.361576	-3.56116	-9.54568	0
-2.53194	-9.64034	-0.317124	-2.53194	-9.64034	0
-1.49502	-9.63501	-0.309674	-1.49502	-9.63501	0
-0.532119	-8.58549	-0.327625	-0.532119	-8.58549	0
0.575341	-8.62033	-0.322261	0.575341	-8.62033	0
1.5893	-8.55298	-0.322413	1.5893	-8.55298	0
2.61963	-8.57611	-0.309249	2.61963	-8.57611	0
3.68535	-8.61197	-0.314951	3.68535	-8.61197	0
4.75825	-8.61671	-0.344581	4.75825	-8.61671	0
5.82899	-8.65693	-0.326872	5.82899	-8.65693	0
6.83075	-8.64708	-0.307656	6.83075	-8.64708	0
7.8363	-8.64533	-0.303163	7.8363	-8.64533	0
8.77619	-8.61558	-0.313178	8.77619	-8.61558	0
9.87841	-8.62468	-0.332305	9.87841	-8.62468	0
10.9023	-8.64907	-0.294771	10.9023	-8.64907	0
-11.7749	-8.5537	-0.333608	-11.7749	-8.5537	0
-10.7732	-8.60116	-0.33955	-10.7732	-8.60116	0
-9.80944	-8.62335	-0.296545	-9.80944	-8.62335	0
-8.74376	-8.56682	-0.297985	-8.74376	-8.56682	0
-7.75518	-8.59021	-0.326812	-7.75518	-8.59021	0
-6.71153	-8.64356	-0.328581	-6.71153	-8.64356	0
-5.60759	-8.59433	-0.321528	-5.60759	-8.59433	0
-4.56625	-8.60194	-0.315856	-4.56625	-8.60194	0
-3.55498	-8.53116	-0.331018	-3.55498	-8.53116	0
-2.54774	-8.55211	-0.306277	-2.54774	-8.55211	0
-1.50566	-8.56389	-0.284416	-1.50566	-8.56389	0
-0.449681	-7.56547	-0.332354	-0.449681	-7.56547	0
0.580452	-7.55865	-0.319006	0.580452	-7.55865	0
1.69766	-7.51547	-0.312597	1.69766	-7.51547	0
2.67622	-7.52066	-0.324906	2.67622	-7.52066	0
3.68667	-7.57348	-0.343391	3.68667	-7.57348	0
4.80514	-7.55287	-0.303325	4.80514	-7.55287	0
5.82788	-7.62134	-0.306486	5.82788	-7.62134	0
6.84694	-7.58333	-0.316241	6.84694	-7.58333	0
7.89755	-7.57613	-0.321	7.89755	-7.57613	0
8.93836	-7.54675	-0.303262	8.93836	-7.54675	0
9.93328	-7.5909	-0.303113	9.93328	-7.5909	0
10.965	-7.53506	-0.315905	10.965	-7.53506	0
-11.8054	-7.51226	-0.305408	-11.8054	-7.51226	0
-10.7561	-7.56136	-0.311179	-10.7561	-7.56136	0
-9.78586	-7.56343	-0.313012	-9.78586	-7.56343	0
-8.79491	-7.5625	-0.333749	-8.79491	-7.5625	0
-7.69632	-7.59246	-0.33186	-7.69632	-7.59246	0
-6.65779	-7.64699	-0.324667	-6.65779	-7.64699	0
-5.60864	-7.64852	-0.277458	-5.60864	-7.64852	0
-4.57673	-7.57511	-0.318048	-4.57673	-7.57511	0
-3.51185	-7.51319	-0.310396	-3.51185	-7.51319	0
-2.49154	-7.53708	-0.322479	-2.49154	-7.53708	0
-1.48746	-7.57424	-0.317941	-1.48746	-7.57424	0
-0.438554	-6.58561	-0.318078	-0.438554	-6.58561	0
0.600912	-6.49134	-0.331675	0.600912	-6.49134	0
1.63444	-6.50629	-0.301473	1.63444	-6.50629	0
2.69609	-6.48632	-0.343458	2.69609	-6.48632	0
3.75902	-6.53472	-0.319413	3.75902	-6.53472	0
4.83647	-6.50184	-0.298506	4.83647	-6.50184	0
5.84594	-6.51188	-0.321315	5.84594	-6.51188	0
6.89649	-6.58114	-0.331087	6.89649	-6.58114	0
7.93624	-6.56685	-0.324295	7.93624	-6.56685	0
8.95134	-6.59378	-0.316348	8.95134	-6.59378	0
9.9916	-6.54554	-0.30735	9.9916	-6.54554	0
10.9773	-6.51718	-0.341402	10.9773	-6.51718	0
-11.7456	-6.5009	-0.325152	-11.7456	-6.5009	0
-10.7376	-6.51641	-0.319231	-10.7376	-6.51641	0
-9.70288	-6.51452	-0.325073	-9.70288	-6.51452	0
-8.73065	-6.57372	-0.307561	-8.73065	-6.57372	0
-7.68866	-6.57822	-0.296871	-7.68866	-6.57822	0
-6.62957	-6.63433	-0.296401	-6.62957	-6.63433	0
-5.65053	-6.61471	-0.3365	-5.65053	-6.61471	0
-4.52212	-6.60075	-0.329946	-4.52212	-6.60075	0
-3.53542	-6.52592	-0.312297	-3.53542	-6.52592	0
-2.45901	-6.4941	-0.322726	-2.45901	-6.4941	0
-1.44884	-6.49783	-0.306492	-1.44884	-6.49783	0
-0.443391	-5.52031	-0.294913	-0.443391	-5.52031	0
0.62321	-5.49922	-0.303821	0.62321	-5.49922	0
1.68045	-5.45855	-0.362475	1.68045	-5.45855	0
2.72051	-5.52031	-0.329132	2.72051	-5.52031	0
3.80224	-5.48211	-0.312321	3.80224	-5.48211	0
4.80289	-5.50299	-0.30948	4.80289	-5.50299	0
5.8081	-5.4874	-0.349045	5.8081	-5.4874	0
6.83738	-5.52648	-0.314604	6.83738	-5.52648	0
7.88681	-5.5426	-0.322999	7.88681	-5.5426	0
8.99514	-5.48268	-0.3233	8.99514	-5.48268	0
9.98613	-5.49518	-0.326582	9.98613	-5.49518	0
10.9654	-5.50117	-0.328287	10.9654	-5.50117	0
-11.7631	-5.51211	-0.30772	-11.7631	-5.51211	0
-10.6713	-5.45919	-0.33174	-10.6713	-5.45919	0
-9.6824	-5.4537	-0.315398	-9.6824	-5.4537	0
-8.65602	-5.48924	-0.317845	-8.65602	-5.48924	0
-7.68909	-5.55568	-0.287312	-7.68909	-5.55568	0
-6.61816	-5.55731	-0.326766	-6.61816	-5.55731	0
-5.55857	-5.55205	-0.311162	-5.55857	-5.55205	0
-4.55447	-5.57673	-0.3204	-4.55447	-5.57673	0
-3.50597	-5.52335	-0.302254	-3.50597	-5.52335	0
-2.47086	-5.47548	-0.308207	-2.47086	-5.47548	0
-1.46199	-5.48175	-0.315448	-1.46199	-5.48175	0
-0.417747	-4.48199	-0.30836	-0.417747	-4.48199	0
0.599811	-4.47632	-0.30484	0.599811	-4.47632	0
1.66232	-4.44103	-0.317649	1.66232	-4.44103	0
2.71178	-4.50457	-0.308603	2.71178	-4.50457	0
3.78984	-4.5031	-0.335548	3.78984	-4.5031	0
4.84456	-4.52076	-0.316878	4.84456	-4.52076	0
5.85253	-4.51634	-0.310789	5.85253	-4.51634	0
6.89792	-4.49515	-0.33456	6.89792	-4.49515	0
7.88506	-4.44929	-0.311714	7.88506	-4.44929	0
8.90901	-4.47884	-0.30263	8.90901	-4.47884	0
10.0181	-4.42085	-0.300694	10.0181	-4.42085	0
11.0469	-4.54779	-0.308261	11.0469	-4.54779	0
-11.7241	-4.50485	-0.296699	-11.7241	-4.50485	0
-10.7118	-4.39057	-0.325828	-10.7118	-4.39057	0
-9.69834	-4.44898	-0.316348	-9.69834	-4.44898	0
-8.6873	-4.48263	-0.326269	-8.6873	-4.48263	0
-7.66703	-4.48839	-0.338571	-7.66703	-4.48839	0
-6.62962	-4.49356	-0.362694	-6.62962	-4.49356	0
-5.59143	-4.48601	-0.325893	-5.59143	-4.48601	0
-4.55502	-4.49328	-0.338373	-4.55502	-4.49328	0
-3.47292	-4.5232	-0.32271	-3.47292	-4.5232	0
-2.49926	-4.46755	-0.324584	-2.49926	-4.46755	0
-1.44096	-4.50111	-0.303445	-1.44096	-4.50111	0
-0.406659	-3.41923	-0.330906	-0.406659	-3.41923	0
0.706933	-3.43309	-0.310768	0.706933	-3.43309	0
1.67668	-3.3803	-0.313515	1.67668	-3.3803	0
2.70293	-3.43827	-0.32546	2.70293	-3.43827	0
3.79442	-3.44584	-0.354102	3.79442	-3.44584	0
4.79566	-3.44177	-0.324859	4.79566	-3.44177	0
5.85121	-3.43807	-0.332311	5.85121	-3.43807	0
6.85481	-3.43884	-0.309248	6.85481	-3.43884	0
7.85942	-3.44693	-0.326146	7.85942	-3.44693	0
8.9164	-3.4068	-0.32234	8.9164	-3.4068	0
9.99232	-3.44304	-0.313375	9.99232	-3.44304	0
11.0014	-3.52151	-0.30699	11.0014	-3.52151	0
-11.7807	-3.46908	-0.31492	-11.7807	-3.46908	0
-10.7264	-3.36197	-0.309929	-10.7264	-3.36197	0
-9.73341	-3.40195	-0.3321	-9.73341	-3.40195	0
-8.63005	-3.45228	-0.329511	-8.63005	-3.45228	0
-7.59749	-3.46176	-0.338021	-7.59749	-3.46176	0
-6.60183	-3.4707	-0.304905	-6.60183	-3.4707	0
-5.57045	-3.46495	-0.308466	-5.57045	-3.46495	0
-4.47474	-3.46109	-0.314033	-4.47474	-3.46109	0
-3.49627	-3.46772	-0.306859	-3.49627	-3.46772	0
-2.41994	-3.43419	-0.29557	-2.41994	-3.43419	0
-1.40198	-3.47572	-0.308398	-1.40198	-3.47572	0
-0.331287	-2.34799	-0.332631	-0.331287	-2.34799	0
0.685499	-2.38693	-0.314283	0.685499	-2.38693	0
1.68026	-2.33927	-0.31841	1.68026	-2.33927	0
2.66148	-2.36324	-0.321746	2.66148	-2.36324	0
3.72184	-2.42018	-0.321554	3.72184	-2.42018	0
4.70217	-2.3655	-0.320307	4.70217	-2.3655	0
5.82903	-2.3813	-0.310594	5.82903	-2.3813	0
6.82304	-2.39522	-0.319897	6.82304	-2.39522	0
7.924	-2.42515	-0.316611	7.924	-2.42515	0
8.97392	-2.40372	-0.32054	8.97392	-2.40372	0
9.91884	-2.37359	-0.318858	9.91884	-2.37359	0
10.978	-2.42886	-0.324715	10.978	-2.42886	0
-11.8198	-2.45153	-0.324289	-11.8198	-2.45153	0
-10.8244	-2.36526	-0.34504	-10.8244	-2.36526	0
-9.71252	-2.32838	-0.310296	-9.71252	-2.32838	0
-8.63565	-2.33636	-0.312898	-8.63565	-2.33636	0
-7.64468	-2.45392	-0.337726	-7.64468	-2.45392	0
-6.58248	-2.39089	-0.315096	-6.58248	-2.39089	0
-5.55889	-2.40214	-0.315991	-5.55889	-2.40214	0
-4.50267	-2.41915	-0.296327	-4.50267	-2.41915	0
-3.47537	-2.40346	-0.339096	-3.47537	-2.40346	0
-2.42237	-2.39493	-0.324982	-2.42237	-2.39493	0
-1.40468	-2.47427	-0.336855	-1.40468	-2.47427	0
-0.381507	-1.36722	-0.304806	-0.381507	-1.36722	0
0.765771	-1.35085	-0.323887	0.765771	-1.35085	0
1.71712	-1.34059	-0.317005	1.71712	-1.34059	0
2.72024	-1.36112	-0.302495	2.72024	-1.36112	0
3.67776	-1.41285	-0.291659	3.67776	-1.41285	0
4.79152	-1.33481	-0.322258	4.79152	-1.33481	0
5.77371	-1.36498	-0.321082	5.77371	-1.36498	0
6.86144	-1.31841	-0.293812	6.86144	-1.31841	0
7.87586	-1.3734	-0.320539	7.87586	-1.3734	0
8.88366	-1.40051	-0.33021	8.88366	-1.40051	0
9.92491	-1.38375	-0.332098	9.92491	-1.38375	0
10.9652	-1.47454	-0.320967	10.9652	-1.47454	0
-11.8108	-1.42814	-0.343656	-11.8108	-1.42814	0
-10.764	-1.37649	-0.308448	-10.764	-1.37649	0
-9.67917	-1.33867	-0.313922	-9.67917	-1.33867	0
-8.65174	-1.35796	-0.323063	-8.65174	-1.35796	0
-7.55804	-1.41229	-0.291852	-7.55804	-1.41229	0
-6.53357	-1.37025	-0.332881	-6.53357	-1.37025	0
-5.52888	-1.35793	-0.327447	-5.52888	-1.35793	0
-4.47249	-1.38592	-0.310722	-4.47249	-1.38592	0
-3.46782	-1.33833	-0.320584	-3.46782	-1.33833	0
-2.4731	-1.40954	-0.316457	-2.4731	-1.40954	0
-1.47125	-1.40235	-0.32644	-1.47125	-1.40235	0
0.162586	0.191075	0.314131	0.162586	0.191075	0
1.18532	0.152198	0.320326	1.18532	0.152198	0
2.22056	0.213905	0.34079	2.22056	0.213905	0
3.27072	0.175306	0.321817	3.27072	0.175306	0
4.22766	0.207317	0.313541	4.22766	0.207317	0
5.24338	0.197268	0.341518	5.24338	0.197268	0
6.28255	0.130061	0.324092	6.28255	0.130061	0
7.34928	0.147633	0.336145	7.34928	0.147633	0
8.39554	0.181142	0.325627	8.39554	0.181142	0
9.45066	0.152409	0.338615	9.45066	0.152409	0
10.4735	0.122545	0.347888	10.4735	0.122545	0
11.4286	0.137851	0.313483	11.4286	0.137851	0
-11.267	0.152842	0.289457	-11.267	0.152842	0
-10.2628	0.119781	0.337054	-10.2628	0.119781	0
-9.20252	0.144793	0.325267	-9.20252	0.144793	0
-8.16241	0.14834	0.315664	-8.16241	0.14834	0
-7.11941	0.188641	0.32573	-7.11941	0.188641	0
-6.0241	0.157298	0.333334	-6.0241	0.157298	0
-5.01898	0.148639	0.305332	-5.01898	0.148639	0
-3.99795	0.142651	0.311518	-3.99795	0.142651	0
-2.95254	0.125556	0.323681	-2.95254	0.125556	0
-1.90784	0.128655	0.323822	-1.90784	0.128655	0
-0.884666	0.176671	0.338032	-0.884666	0.176671	0
0.0603537	1.26966	0.30707	0.0603537	1.26966	0
1.11226	1.21783	0.294204	1.11226	1.21783	0
2.12368	1.20826	0.314539	2.12368	1.20826	0
3.1582	1.22332	0.333776	3.1582	1.22332	0
4.16671	1.2134	0.298043	4.16671	1.2134	0
5.17812	1.26325	0.344772	5.17812	1.26325	0
6.24724	1.20333	0.289827	6.24724	1.20333	0
7.32738	1.21487	0.28836	7.32738	1.21487	0
8.33735	1.24568	0.339687	8.33735	1.24568	0
9.38096	1.16685	0.326838	9.38096	1.16685	0
10.4119	1.22806	0.326916	10.4119	1.22806	0
11.416	1.12372	0.302751	11.416	1.12372	0
-11.2998	1.13231	0.341966	-11.2998	1.13231	0
-10.2553	1.13994	0.321139	-10.2553	1.13994	0
-9.26965	1.14495	0.306283	-9.26965	1.14495	0
-8.20093	1.19035	0.333205	-8.20093	1.19035	0
-7.14559	1.23365	0.307047	-7.14559	1.23365	0
-6.14269	1.23527	0.318248	-6.14269	1.23527	0
-5.08579	1.18545	0.297269	-5.08579	1.18545	0
-4.04933	1.23659	0.323702	-4.04933	1.23659	0
-2.9854	1.1784	0.315317	-2.9854	1.1784	0
-1.93796	1.18121	0.322252	-1.93796	1.18121	0
-0.90974	1.21233	0.294863	-0.90974	1.21233	0
0.0720694	2.29696	0.296589	0.0720694	2.29696	0
1.08072	2.27219	0.326951	1.08072	2.27219	0
2.1466	2.284	0.33167	2.1466	2.284	0
3.21459	2.26351	0.325969	3.21459	2.26351	0
4.21546	2.20876	0.327064	4.21546	2.20876	0
5.19208	2.24704	0.299887	5.19208	2.24704	0
6.24471	2.21621	0.33631	6.24471	2.21621	0
7.31428	2.24294	0.293589	7.31428	2.24294	0
8.36398	2.22899	0.312225	8.36398	2.22899	0
9.37345	2.20958	0.315257	9.37345	2.20958	0
10.4127	2.27333	0.336019	10.4127	2.27333	0
11.4512	2.20287	0.316982	11.4512	2.20287	0
-11.2767	2.24027	0.324176	-11.2767	2.24027	0
-10.2217	2.26112	0.331425	-10.2217	2.26112	0
-9.22694	2.19889	0.357751	-9.22694	2.19889	0
-8.17346	2.2126	0.324891	-8.17346	2.2126	0
-7.15462	2.19752	0.316025	-7.15462	2.19752	0
-6.07673	2.25292	0.322921	-6.07673	2.25292	0
-5.09579	2.23383	0.308712	-5.09579	2.23383	0
-4.07085	2.28887	0.33844	-4.07085	2.28887	0
-3.02191	2.24889	0.338911	-3.02191	2.24889	0
-2.04212	2.2668	0.340696	-2.04212	2.2668	0
-0.973167	2.25223	0.321128	-0.973167	2.25223	0
0.0111686	3.34327	0.33013	0.0111686	3.34327	0
1.04524	3.29346	0.301148	1.04524	3.29346	0
2.12263	3.32839	0.298567	2.12263	3.32839	0
3.1484	3.24249	0.334667	3.1484	3.24249	0
4.20499	3.27071	0.314229	4.20499	3.27071	0
5.26318	3.29045	0.305032	5.26318	3.29045	0
6.22484	3.26025	0.304369	6.22484	3.26025	0
7.2991	3.28639	0.351296	7.2991	3.28639	0
8.38389	3.25263	0.313964	8.38389	3.25263	0
9.36809	3.23301	0.318017	9.36809	3.23301	0
10.4164	3.31185	0.29469	10.4164	3.31185	0
11.4631	3.26004	0.311594	11.4631	3.26004	0
-11.2476	3.24183	0.337969	-11.2476	3.24183	0
-10.2206	3.25938	0.313091	-10.2206	3.25938	0
-9.12682	3.26329	0.333389	-9.12682	3.26329	0
-8.11812	3.30908	0.30903	-8.11812	3.30908	0
-7.13429	3.27884	0.315543	-7.13429	3.27884	0
-6.13705	3.28547	0.337843	-6.13705	3.28547	0
-5.0929	3.307	0.325718	-5.0929	3.307	0
-4.12817	3.28166	0.31079	-4.12817	3.28166	0
-3.07138	3.25565	0.337804	-3.07138	3.25565	0
-2.01526	3.28806	0.287782	-2.01526	3.28806	0
-0.968672	3.25838	0.331371	-0.968672	3.25838	0
-0.00626739	4.31772	0.326148	-0.00626739	4.31772	0
1.02645	4.29837	0.33296	1.02645	4.29837	0
2.10337	4.31066	0.299604	2.10337	4.31066	0
3.13148	4.31012	0.314106	3.13148	4.31012	0
4.22058	4.32637	0.30766	4.22058	4.32637	0
5.2165	4.28799	0.315637	5.2165	4.28799	0
6.28747	4.2719	0.333105	6.28747	4.2719	0
7.30801	4.31544	0.313856	7.30801	4.31544	0
8.38561	4.29596	0.343617	8.38561	4.29596	0
9.37782	4.28356	0.335886	9.37782	4.28356	0
10.4562	4.30325	0.304203	10.4562	4.30325	0
11.5691	4.26201	0.315367	11.5691	4.26201	0
-11.2217	4.28158	0.322139	-11.2217	4.28158	0
-10.1962	4.27678	0.338469	-10.1962	4.27678	0
-9.13306	4.3064	0.301147	-9.13306	4.3064	0
-8.13087	4.36231	0.312405	-8.13087	4.36231	0
-7.14779	4.33575	0.298596	-7.14779	4.33575	0
-6.12479	4.34046	0.314378	-6.12479	4.34046	0
-5.13334	4.35794	0.31287	-5.13334	4.35794	0
-4.07962	4.34078	0.285948	-4.07962	4.34078	0
-3.01532	4.32541	0.337318	-3.01532	4.32541	0
-1.96543	4.30473	0.351038	-1.96543	4.30473	0
-0.984247	4.32994	0.349074	-0.984247	4.32994	0
0.0132609	5.36991	0.327646	0.0132609	5.36991	0
1.04635	5.36084	0.336592	1.04635	5.36084	0
2.07588	5.35254	0.340916	2.07588	5.35254	0
3.13919	5.37995	0.338717	3.13919	5.37995	0
4.21729	5.32571	0.307912	4.21729	5.32571	0
5.24727	5.33219	0.30482	5.24727	5.33219	0
6.27604	5.33168	0.334975	6.27604	5.33168	0
7.30678	5.35031	0.315023	7.30678	5.35031	0
8.39279	5.31894	0.342095	8.39279	5.31894	0
9.39022	5.31882	0.328622	9.39022	5.31882	0
10.4525	5.34598	0.285933	10.4525	5.34598	0
11.5387	5.31157	0.297508	11.5387	5.31157	0
-11.2413	5.34716	0.320068	-11.2413	5.34716	0
-10.1807	5.35928	0.329807	-10.1807	5.35928	0
-9.1627	5.40277	0.303339	-9.1627	5.40277	0
-8.09484	5.39349	0.301714	-8.09484	5.39349	0
-7.09755	5.38522	0.303072	-7.09755	5.38522	0
-6.05388	5.43692	0.317471	-6.05388	5.43692	0
-5.06664	5.39079	0.303437	-5.06664	5.39079	0
-4.00397	5.378	0.311542	-4.00397	5.378	0
-3.04413	5.32441	0.340393	-3.04413	5.32441	0
-1.99052	5.3632	0.310859	-1.99052	5.3632	0
-0.978413	5.37217	0.338655	-0.978413	5.37217	0
-0.000654297	6.3701	0.340712	-0.000654297	6.3701	0
1.04202	6.37774	0.314706	1.04202	6.37774	0
2.13665	6.34839	0.307007	2.13665	6.34839	0
3.18408	6.43093	0.332623	3.18408	6.43093	0
4.22778	6.32504	0.313517	4.22778	6.32504	0
5.31904	6.33915	0.305737	5.31904	6.33915	0
6.28929	6.35838	0.304581	6.28929	6.35838	0
7.33111	6.34563	0.303331	7.33111	6.34563	0
8.38748	6.39564	0.321791	8.38748	6.39564	0
9.39317	6.33459	0.314618	9.39317	6.33459	0
10.4223	6.31145	0.294873	10.4223	6.31145	0
11.4627	6.32218	0.306255	11.4627	6.32218	0
-11.2612	6.33161	0.322795	-11.2612	6.33161	0
-10.1983	6.42274	0.315398	-10.1983	6.42274	0
-9.24554	6.4387	0.316424	-9.24554	6.4387	0
-8.22557	6.43094	0.316858	-8.22557	6.43094	0
-7.11525	6.47124	0.324243	-7.11525	6.47124	0
-6.09865	6.41842	0.322914	-6.09865	6.41842	0
-5.08892	6.44075	0.32124	-5.08892	6.44075	0
-4.08796	6.43256	0.305879	-4.08796	6.43256	0
-3.04118	6.36813	0.299185	-3.04118	6.36813	0
-1.99362	6.38811	0.303673	-1.99362	6.38811	0
-1.00841	6.38704	0.311189	-1.00841	6.38704	0
0.0268409	7.42625	0.298903	0.0268409	7.42625	0
1.09424	7.41598	0.33775	1.09424	7.41598	0
2.09485	7.37257	0.306485	2.09485	7.37257	0
3.18273	7.4232	0.327627	3.18273	7.4232	0
4.20324	7.40554	0.325059	4.20324	7.40554	0
5.31333	7.3671	0.311892	5.31333	7.3671	0
6.33785	7.37347	0.333192	6.33785	7.37347	0
7.3938	7.36092	0.324965	7.3938	7.36092	0
8.37329	7.40457	0.32043	8.37329	7.40457	0
9.4383	7.36193	0.322578	9.4383	7.36193	0
10.4667	7.30264	0.31768	10.4667	7.30264	0
11.4898	7.31385	0.299362	11.4898	7.31385	0
-11.1977	7.36479	0.341403	-11.1977	7.36479	0
-10.1503	7.45998	0.328663	-10.1503	7.45998	0
-9.13529	7.43246	0.314111	-9.13529	7.43246	0
-8.1144	7.45612	0.321703	-8.1144	7.45612	0
-7.07821	7.46394	0.321468	-7.07821	7.46394	0
-6.04695	7.44065	0.328073	-6.04695	7.44065	0
-5.04909	7.50766	0.302186	-5.04909	7.50766	0
-4.04491	7.47127	0.321386	-4.04491	7.47127	0
-3.01319	7.42914	0.306963	-3.01319	7.42914	0
-1.98404	7.38274	0.328362	-1.98404	7.38274	0
-0.972442	7.45102	0.321974	-0.972442	7.45102	0
0.0609531	8.46673	0.343022	0.0609531	8.46673	0
1.14018	8.4734	0.308805	1.14018	8.4734	0
2.17206	8.44947	0.313493	2.17206	8.44947	0
3.2054	8.42618	0.287564	3.2054	8.42618	0
4.23708	8.40705	0.324315	4.23708	8.40705	0
5.33345	8.42599	0.274578	5.33345	8.42599	0
6.30302	8.38237	0.30293	6.30302	8.38237	0
7.39452	8.41051	0.305506	7.39452	8.41051	0
8.38936	8.38316	0.325529	8.38936	8.38316	0
9.46788	8.40298	0.315697	9.46788	8.40298	0
10.4546	8.29753	0.333974	10.4546	8.29753	0
11.5157	8.35816	0.309093	11.5157	8.35816	0
-11.2565	8.3961	0.333338	-11.2565	8.3961	0
-10.2835	8.471	0.30951	-10.2835	8.471	0
-9.19426	8.44186	0.31264	-9.19426	8.44186	0
-8.16533	8.48336	0.333308	-8.16533	8.48336	0
-7.08328	8.47881	0.306431	-7.08328	8.47881	0
-6.05635	8.50089	0.330407	-6.05635	8.50089	0
-5.01456	8.53836	0.33879	-5.01456	8.53836	0
-3.9545	8.50893	0.354017	-3.9545	8.50893	0
-2.9581	8.48175	0.305203	-2.9581	8.48175	0
-1.97859	8.42469	0.326445	-1.97859	8.42469	0
-0.965093	8.45437	0.313927	-0.965093	8.45437	0
0.0617205	9.49632	0.311855	0.0617205	9.49632	0
1.12523	9.48599	0.299504	1.12523	9.48599	0
2.17283	9.48211	0.317813	2.17283	9.48211	0
3.23756	9.46836	0.334507	3.23756	9.46836	0
4.22171	9.44105	0.330245	4.22171	9.44105	0
5.2724	9.44443	0.301243	5.2724	9.44443	0
6.30934	9.409	0.321871	6.30934	9.409	0
7.3137	9.35313	0.282902	7.3137	9.35313	0
8.38843	9.42249	0.336931	8.38843	9.42249	0
9.42715	9.48226	0.302954	9.42715	9.48226	0
10.4758	9.41091	0.320254	10.4758	9.41091	0
11.4626	9.41919	0.316809	11.4626	9.41919	0
-11.2984	9.48612	0.305315	-11.2984	9.48612	0
-10.2737	9.44027	0.338613	-10.2737	9.44027	0
-9.23232	9.4947	0.324775	-9.23232	9.4947	0
-8.18256	9.52355	0.322081	-8.18256	9.52355	0
-7.11467	9.45237	0.317204	-7.11467	9.45237	0
-6.09852	9.4758	0.287653	-6.09852	9.4758	0
-5.08079	9.53769	0.335821	-5.08079	9.53769	0
-4.06615	9.55708	0.322827	-4.06615	9.55708	0
-3.00145	9.54486	0.316551	-3.00145	9.54486	0
-1.96536	9.45127	0.328734	-1.96536	9.45127	0
-0.958443	9.50221	0.304562	-0.958443	9.50221	0
0.00150005	10.5555	0.300049	0.00150005	10.5555	0
1.03523	10.5217	0.31706	1.03523	10.5217	0
2.14654	10.5623	0.306877	2.14654	10.5623	0
3.12204	10.482	0.292073	3.12204	10.482	0
4.24777	10.5233	0.337863	4.24777	10.5233	0
5.28262	10.4924	0.333569	5.28262	10.4924	0
6.26543	10.4188	0.322285	6.26543	10.4188	0
7.29732	10.4793	0.319489	7.29732	10.4793	0
8.38161	10.4669	0.287957	8.38161	10.4669	0
9.41587	10.5292	0.329093	9.41587	10.5292	0
10.4693	10.4481	0.314146	10.4693	10.4481	0
11.4935	10.4489	0.29871	11.4935	10.4489	0
-11.2763	10.4964	0.326116	-11.2763	10.4964	0
-10.237	10.5016	0.337712	-10.237	10.5016	0
-9.20629	10.5128	0.333764	-9.20629	10.5128	0
-8.16687	10.5172	0.314001	-8.16687	10.5172	0
-7.12521	10.5023	0.30096	-7.12521	10.5023	0
-6.14056	10.4955	0.283554	-6.14056	10.4955	0
-5.09981	10.6052	0.352581	-5.09981	10.6052	0
-4.05264	10.5511	0.307407	-4.05264	10.5511	0
-3.01513	10.5495	0.30349	-3.01513	10.5495	0
-1.99298	10.538	0.307817	-1.99298	10.538	0
-1.0019	10.525	0.315827	-1.0019	10.525	0
0.0286994	11.5855	0.298549	0.0286994	11.5855	0
1.09057	11.5192	0.342391	1.09057	11.5192	0
2.10433	11.6011	0.32097	2.10433	11.6011	0
3.16621	11.5955	0.322196	3.16621	11.5955	0
4.2394	11.4653	0.327343	4.2394	11.4653	0
5.23719	11.524	0.320469	5.23719	11.524	0
6.21637	11.4472	0.327216	6.21637	11.4472	0
7.30155	11.5162	0.312858	7.30155	11.5162	0
8.41615	11.5013	0.290706	8.41615	11.5013	0
9.40729	11.5179	0.337705	9.40729	11.5179	0
10.4211	11.5324	0.317183	10.4211	11.5324	0
11.5385	11.49	0.320908	11.5385	11.49	0
-11.2242	11.5223	0.309396	-11.2242	11.5223	0
-10.2246	11.5639	0.331472	-10.2246	11.5639	0
-9.1931	11.5049	0.334727	-9.1931	11.5049	0
-8.19748	11.5488	0.328637	-8.19748	11.5488	0
-7.10552	11.5817	0.312522	-7.10552	11.5817	0
-6.12632	11.5173	0.313462	-6.12632	11.5173	0
-5.10576	11.6405	0.342433	-5.10576	11.6405	0
-4.06599	11.6099	0.313649	-4.06599	11.6099	0
-3.01134	11.5942	0.326153	-3.01134	11.5942	0
-2.04035	11.5825	0.301773	-2.04035	11.5825	0
-0.96516	11.5387	0.3319	-0.96516	11.5387	0
0.0591507	-11.1393	0.316569	0.0591507	-11.1393	0
1.08027	-11.1908	0.30707	1.08027	-11.1908	0
2.12115	-11.1304	0.31882	2.12115	-11.1304	0
3.23673	-11.1786	0.33846	3.23673	-11.1786	0
4.25712	-11.1799	0.30236	4.25712	-11.1799	0
5.30386	-11.1755	0.304083	5.30386	-11.1755	0
6.27877	-11.2965	0.316866	6.27877	-11.2965	0
7.27628	-11.2952	0.324754	7.27628	-11.2952	0
8.33935	-11.2354	0.330302	8.33935	-11.2354	0
9.364	-11.2168	0.329038	9.364	-11.2168	0
10.4166	-11.2625	0.301496	10.4166	-11.2625	0
11.4502	-11.2647	0.313705	11.4502	-11.2647	0
-11.2884	-11.2397	0.307827	-11.2884	-11.2397	0
-10.1948	-11.1661	0.33747	-10.1948	-11.1661	0
-9.16519	-11.2127	0.331939	-9.16519	-11.2127	0
-8.17846	-11.1949	0.303677	-8.17846	-11.1949	0
-7.15267	-11.1308	0.313336	-7.15267	-11.1308	0
-6.0778	-11.1951	0.320929	-6.0778	-11.1951	0
-5.08585	-11.1602	0.337589	-5.08585	-11.1602	0
-3.9972	-11.1393	0.339225	-3.9972	-11.1393	0
-2.98261	-11.1381	0.331673	-2.98261	-11.1381	0
-1.99067	-11.206	0.319832	-1.99067	-11.206	0
-0.954423	-11.1948	0.321626	-0.954423	-11.1948	0
0.0263268	-10.0574	0.308465	0.0263268	-10.0574	0
1.07806	-10.08	0.341574	1.07806	-10.08	0
2.12283	-10.0852	0.300802	2.12283	-10.0852	0
3.21473	-10.1637	0.299634	3.21473	-10.1637	0
4.26126	-10.1857	0.301461	4.26126	-10.1857	0
5.26547	-10.1876	0.308785	5.26547	-10.1876	0
6.27416	-10.1577	0.316351	6.27416	-10.1577	0
7.26088	-10.1771	0.332696	7.26088	-10.1771	0
8.34378	-10.2316	0.3064	8.34378	-10.2316	0
9.37661	-10.2073	0.332809	9.37661	-10.2073	0
10.4207	-10.2346	0.298236	10.4207	-10.2346	0
11.4281	-10.1956	0.323814	11.4281	-10.1956	0
-11.3459	-10.1599	0.31551	-11.3459	-10.1599	0
-10.2871	-10.1548	0.295567	-10.2871	-10.1548	0
-9.25634	-10.1811	0.32245	-9.25634	-10.1811	0
-8.22549	-10.1374	0.319346	-8.22549	-10.1374	0
-7.21682	-10.1286	0.319521	-7.21682	-10.1286	0
-6.1272	-10.1629	0.323773	-6.1272	-10.1629	0
-5.08794	-10.1077	0.304909	-5.08794	-10.1077	0
-3.99305	-10.1382	0.287573	-3.99305	-10.1382	0
-3.00844	-10.1266	0.309826	-3.00844	-10.1266	0
-2.00983	-10.128	0.317763	-2.00983	-10.128	0
-0.93838	-10.145	0.329962	-0.93838	-10.145	0
0.0218863	-9.04974	0.291449	0.0218863	-9.04974	0
1.14577	-9.06833	0.339074	1.14577	-9.06833	0
2.16425	-9.08732	0.27376	2.16425	-9.08732	0
3.17993	-9.06239	0.322388	3.17993	-9.06239	0
4.21425	-9.1228	0.306271	4.21425	-9.1228	0
5.25065	-9.14013	0.3193	5.25065	-9.14013	0
6.31609	-9.17019	0.324992	6.31609	-9.17019	0
7.3367	-9.14829	0.287999	7.3367	-9.14829	0
8.31252	-9.17244	0.317852	8.31252	-9.17244	0
9.35814	-9.1083	0.307427	9.35814	-9.1083	0
10.4015	-9.12745	0.320655	10.4015	-9.12745	0
11.4361	-9.14054	0.320492	11.4361	-9.14054	0
-11.3353	-9.09431	0.307391	-11.3353	-9.09431	0
-10.3003	-9.10959	0.326541	-10.3003	-9.10959	0
-9.27495	-9.14261	0.310997	-9.27495	-9.14261	0
-8.25878	-9.05959	0.329153	-8.25878	-9.05959	0
-7.2538	-9.14348	0.297553	-7.2538	-9.14348	0
-6.15852	-9.14262	0.307028	-6.15852	-9.14262	0
-5.10526	-9.09486	0.317987	-5.10526	-9.09486	0
-4.01776	-9.08998	0.32919	-4.01776	-9.08998	0
-3.02568	-9.06228	0.310181	-3.02568	-9.06228	0
-2.04889	-9.09734	0.286186	-2.04889	-9.09734	0
-0.986097	-9.11001	0.342746	-0.986097	-9.11001	0
0.0725799	-8.07795	0.276203	0.0725799	-8.07795	0
1.06865	-8.04749	0.329837	1.06865	-8.04749	0
2.1257	-8.0551	0.329253	2.1257	-8.0551	0
3.18885	-8.06331	0.305296	3.18885	-8.06331	0
4.24704	-8.13892	0.296182	4.24704	-8.13892	0
5.29323	-8.12759	0.302651	5.29323	-8.12759	0
6.28247	-8.11089	0.333058	6.28247	-8.11089	0
7.36815	-8.16131	0.30862	7.36815	-8.16131	0
8.35211	-8.08952	0.317998	8.35211	-8.08952	0
9.42468	-8.10831	0.322312	9.42468	-8.10831	0
10.4485	-8.08928	0.290104	10.4485	-8.08928	0
11.478	-8.08807	0.319001	11.478	-8.08807	0
-11.3032	-8.09578	0.35276	-11.3032	-8.09578	0
-10.2752	-8.05323	0.320266	-10.2752	-8.05323	0
-9.25726	-8.09464	0.301196	-9.25726	-8.09464	0
-8.18722	-8.03172	0.300897	-8.18722	-8.03172	0
-7.18483	-8.13159	0.336968	-7.18483	-8.13159	0
-6.14436	-8.13961	0.325484	-6.14436	-8.13961	0
-5.07868	-8.12671	0.341027	-5.07868	-8.12671	0
-4.06214	-8.07424	0.31939	-4.06214	-8.07424	0
-3.05506	-8.03057	0.306004	-3.05506	-8.03057	0
-2.02408	-8.06311	0.349883	-2.02408	-8.06311	0
-0.986976	-8.07355	0.332857	-0.986976	-8.07355	0
0.0824177	-7.0559	0.334218	0.0824177	-7.0559	0
1.10926	-7.05919	0.288456	1.10926	-7.05919	0
2.192	-6.96076	0.325723	2.192	-6.96076	0
3.20905	-7.04074	0.323201	3.20905	-7.04074	0
4.22961	-7.02593	0.303219	4.22961	-7.02593	0
5.30431	-7.0677	0.29413	5.30431	-7.0677	0
6.30312	-7.03779	0.32385	6.30312	-7.03779	0
7.38853	-7.09858	0.335629	7.38853	-7.09858	0
8.40104	-7.08295	0.324441	8.40104	-7.08295	0
9.48533	-7.03572	0.320523	9.48533	-7.03572	0
10.4438	-7.06475	0.315296	10.4438	-7.06475	0
11.4801	-7.01851	0.338964	11.4801	-7.01851	0
-11.2762	-7.06664	0.333454	-11.2762	-7.06664	0
-10.2358	-7.00538	0.303595	-10.2358	-7.00538	0
-9.24275	-7.07252	0.329664	-9.24275	-7.07252	0
-8.20458	-7.06114	0.27088	-8.20458	-7.06114	0
-7.13528	-7.16583	0.317402	-7.13528	-7.16583	0
-6.12092	-7.11213	0.337433	-6.12092	-7.11213	0
-5.07933	-7.09187	0.328182	-5.07933	-7.09187	0
-4.04654	-7.04408	0.332008	-4.04654	-7.04408	0
-2.93837	-6.99256	0.331709	-2.93837	-6.99256	0
-1.97032	-7.01796	0.313783	-1.97032	-7.01796	0
-0.932019	-7.03779	0.303556	-0.932019	-7.03779	0
0.095723	-6.03119	0.316229	0.095723	-6.03119	0
1.12859	-5.99809	0.326841	1.12859	-5.99809	0
2.17066	-5.95063	0.308099	2.17066	-5.95063	0
3.20908	-6.02635	0.313205	3.20908	-6.02635	0
4.34577	-6.05951	0.338616	4.34577	-6.05951	0
5.36331	-5.96604	0.336892	5.36331	-5.96604	0
6.32794	-6.04911	0.342367	6.32794	-6.04911	0
7.38319	-6.08331	0.329074	7.38319	-6.08331	0
8.45706	-6.03426	0.299792	8.45706	-6.03426	0
9.4775	-6.00341	0.303108	9.4775	-6.00341	0
10.5152	-6.01334	0.308843	10.5152	-6.01334	0
11.5305	-6.05065	0.320118	11.5305	-6.05065	0
-11.2363	-6.0037	0.315866	-11.2363	-6.0037	0
-10.1518	-5.94088	0.3376	-10.1518	-5.94088	0
-9.17435	-5.9899	0.298817	-9.17435	-5.9899	0
-8.181	-6.06324	0.355029	-8.181	-6.06324	0
-7.09584	-6.05933	0.328634	-7.09584	-6.05933	0
-6.11561	-6.05902	0.340613	-6.11561	-6.05902	0
-5.09801	-6.12886	0.295742	-5.09801	-6.12886	0
-4.06829	-6.01998	0.323384	-4.06829	-6.01998	0
-3.01068	-6.01407	0.322351	-3.01068	-6.01407	0
-2.00409	-5.95508	0.328707	-2.00409	-5.95508	0
-0.975572	-6.02307	0.32297	-0.975572	-6.02307	0
0.0892841	-4.98827	0.336336	0.0892841	-4.98827	0
1.18819	-4.94274	0.312119	1.18819	-4.94274	0
2.1855	-4.91501	0.311015	2.1855	-4.91501	0
3.24341	-5.01378	0.325765	3.24341	-5.01378	0
4.31979	-4.9976	0.317681	4.31979	-4.9976	0
5.38161	-4.98516	0.348081	5.38161	-4.98516	0
6.38534	-5.02913	0.331679	6.38534	-5.02913	0
7.38069	-5.00441	0.339293	7.38069	-5.00441	0
8.38862	-5.00085	0.287451	8.38862	-5.00085	0
9.45682	-4.92438	0.317964	9.45682	-4.92438	0
10.4451	-4.96685	0.318329	10.4451	-4.96685	0
11.5774	-5.02653	0.326983	11.5774	-5.02653	0
-11.1745	-4.93342	0.310503	-11.1745	-4.93342	0
-10.2165	-4.93418	0.30056	-10.2165	-4.93418	0
-9.1789	-4.95452	0.317914	-9.1789	-4.95452	0
-8.147	-5.0078	0.324137	-8.147	-5.0078	0
-7.12128	-5.04339	0.313615	-7.12128	-5.04339	0
-6.10662	-5.0342	0.282122	-6.10662	-5.0342	0
-5.05478	-5.03711	0.317576	-5.05478	-5.03711	0
-4.02715	-5.00655	0.289764	-4.02715	-5.00655	0
-3.00834	-4.98138	0.337516	-3.00834	-4.98138	0
-2.0179	-4.97132	0.34384	-2.0179	-4.97132	0
-0.943475	-4.99034	0.300612	-0.943475	-4.99034	0
0.131314	-3.94302	0.27438	0.131314	-3.94302	0
1.18973	-3.93552	0.350302	1.18973	-3.93552	0
2.19068	-3.9251	0.348774	2.19068	-3.9251	0
3.25438	-3.96547	0.332616	3.25438	-3.96547	0
4.3531	-3.95576	0.295808	4.3531	-3.95576	0
5.38284	-3.936	0.303018	5.38284	-3.936	0
6.38042	-3.97448	0.315306	6.38042	-3.97448	0
7.44497	-3.91928	0.35008	7.44497	-3.91928	0
8.40761	-3.96759	0.344762	8.40761	-3.96759	0
9.41306	-3.9045	0.305981	9.41306	-3.9045	0
10.5155	-3.98503	0.330863	10.5155	-3.98503	0
11.5464	-3.99747	0.328277	11.5464	-3.99747	0
-11.2317	-3.93535	0.321623	-11.2317	-3.93535	0
-10.1701	-3.8786	0.312956	-10.1701	-3.8786	0
-9.18735	-3.90698	0.304376	-9.18735	-3.90698	0
-8.15204	-3.95774	0.323444	-8.15204	-3.95774	0
-7.08656	-4.0175	0.30657	-7.08656	-4.0175	0
-6.05073	-4.01976	0.332145	-6.05073	-4.01976	0
-5.05116	-3.94286	0.32197	-5.05116	-3.94286	0
-4.01662	-3.96795	0.308452	-4.01662	-3.96795	0
-2.98679	-3.96265	0.333978	-2.98679	-3.96265	0
-1.96682	-3.98273	0.344061	-1.96682	-3.98273	0
-0.929559	-3.96464	0.335956	-0.929559	-3.96464	0
0.118594	-2.93334	0.290391	0.118594	-2.93334	0
1.17083	-2.89949	0.298228	1.17083	-2.89949	0
2.21651	-2.89424	0.316796	2.21651	-2.89424	0
3.24404	-2.96415	0.302993	3.24404	-2.96415	0
4.21575	-2.92082	0.310685	4.21575	-2.92082	0
5.22437	-2.87682	0.295266	5.22437	-2.87682	0
6.30085	-2.9356	0.309567	6.30085	-2.9356	0
7.41538	-2.90113	0.314374	7.41538	-2.90113	0
8.40108	-2.96185	0.318781	8.40108	-2.96185	0
9.44343	-2.92698	0.304414	9.44343	-2.92698	0
10.4822	-2.91648	0.320489	10.4822	-2.91648	0
11.4305	-2.9894	0.29627	11.4305	-2.9894	0
-11.2709	-2.92671	0.333791	-11.2709	-2.92671	0
-10.2418	-2.80658	0.29249	-10.2418	-2.80658	0
-9.19238	-2.89348	0.292127	-9.19238	-2.89348	0
-8.12725	-2.88514	0.297617	-8.12725	-2.88514	0
-7.0964	-2.93488	0.318338	-7.0964	-2.93488	0
-6.07248	-3.01106	0.310974	-6.07248	-3.01106	0
-5.04479	-2.95586	0.315194	-5.04479	-2.95586	0
-3.99563	-2.90163	0.327809	-3.99563	-2.90163	0
-2.93687	-2.90718	0.295933	-2.93687	-2.90718	0
-1.91396	-2.95955	0.335487	-1.91396	-2.95955	0
-0.886515	-2.89549	0.333999	-0.886515	-2.89549	0
0.160855	-1.84526	0.310677	0.160855	-1.84526	0
1.16013	-1.86699	0.31961	1.16013	-1.86699	0
2.18461	-1.8606	0.310254	2.18461	-1.8606	0
3.19071	-1.95016	0.329906	3.19071	-1.95016	0
4.24565	-1.87259	0.309697	4.24565	-1.87259	0
5.27142	-1.92244	0.322685	5.27142	-1.92244	0
6.33453	-1.92225	0.299483	6.33453	-1.92225	0
7.3887	-1.92669	0.31577	7.3887	-1.92669	0
8.36059	-1.8992	0.316011	8.36059	-1.8992	0
9.42457	-1.79897	0.311952	9.42457	-1.79897	0
10.4489	-1.94053	0.339519	10.4489	-1.94053	0
11.5033	-1.93922	0.322718	11.5033	-1.93922	0
-11.3184	-1.90266	0.302828	-11.3184	-1.90266	0
-10.2665	-1.80959	0.318551	-10.2665	-1.80959	0
-9.17291	-1.80721	0.328305	-9.17291	-1.80721	0
-8.13746	-1.8845	0.312178	-8.13746	-1.8845	0
-7.04959	-1.91981	0.320818	-7.04959	-1.91981	0
-6.02789	-1.94245	0.325052	-6.02789	-1.94245	0
-4.98286	-1.90166	0.314872	-4.98286	-1.90166	0
-3.97971	-1.91991	0.315176	-3.97971	-1.91991	0
-3.0035	-1.92505	0.306872	-3.0035	-1.92505	0
-1.94124	-1.98295	0.324254	-1.94124	-1.98295	0
-0.936275	-1.94139	0.298204	-0.936275	-1.94139	0
0.14433	-0.813341	0.299435	0.14433	-0.813341	0
1.19948	-0.849317	0.314761	1.19948	-0.849317	0
2.20464	-0.809767	0.328536	2.20464	-0.809767	0
3.21884	-0.854829	0.327636	3.21884	-0.854829	0
4.25827	-0.847145	0.306293	4.25827	-0.847145	0
5.24407	-0.841175	0.34022	5.24407	-0.841175	0
6.3464	-0.905544	0.335624	6.3464	-0.905544	0
7.37172	-0.837193	0.299534	7.37172	-0.837193	0
8.39183	-0.879516	0.330696	8.39183	-0.879516	0
9.4273	-0.84809	0.308802	9.4273	-0.84809	0
10.4523	-0.933613	0.300544	10.4523	-0.933613	0
11.4624	-0.911942	0.312288	11.4624	-0.911942	0
-11.2593	-0.911135	0.319308	-11.2593	-0.911135	0
-10.2454	-0.842393	0.318638	-10.2454	-0.842393	0
-9.17366	-0.816069	0.327048	-9.17366	-0.816069	0
-8.09622	-0.875604	0.302079	-8.09622	-0.875604	0
-7.05322	-0.909025	0.346869	-7.05322	-0.909025	0
-6.02852	-0.859059	0.33515	-6.02852	-0.859059	0
-5.02778	-0.830326	0.303114	-5.02778	-0.830326	0
-4.00341	-0.8707	0.318148	-4.00341	-0.8707	0
-2.99452	-0.892528	0.348135	-2.99452	-0.892528	0
-1.97261	-0.933954	0.289538	-1.97261	-0.933954	0
-0.870149	-0.891222	0.321841	-0.870149	-0.891222	0
