-0.208625	-0.0171985	-0.33095	-0.208625	-0.0171985	0
0.79177	0.0511442	-0.338222	0.79177	0.0511442	0
1.84779	0.0280305	-0.289362	1.84779	0.0280305	0
2.83832	0.0537983	-0.346746	2.83832	0.0537983	0
3.88564	0.0189334	-0.316748	3.88564	0.0189334	0
4.8791	0.031879	-0.326276	4.8791	0.031879	0
5.90155	0.0949904	-0.330339	5.90155	0.0949904	0
6.91487	0.0421641	-0.297669	6.91487	0.0421641	0
7.94125	-0.0131282	-0.342286	7.94125	-0.0131282	0
8.99027	0.0240706	-0.315132	8.99027	0.0240706	0
10.049	-0.00594387	-0.359003	10.049	-0.00594387	0
11.1093	-0.0232921	-0.345168	11.1093	-0.0232921	0
-11.6146	-0.0319045	-0.336447	-11.6146	-0.0319045	0
-10.6269	-0.0411693	-0.350371	-10.6269	-0.0411693	0
-9.54582	0.0209701	-0.319112	-9.54582	0.0209701	0
-8.50832	-0.0177274	-0.327898	-8.50832	-0.0177274	0
-7.4956	-0.000110163	-0.346572	-7.4956	-0.000110163	0
-6.4263	0.0645141	-0.330942	-6.4263	0.0645141	0
-5.38243	0.0659434	-0.331518	-5.38243	0.0659434	0
-4.33785	0.0266346	-0.315318	-4.33785	0.0266346	0
-3.33794	0.0281135	-0.31619	-3.33794	0.0281135	0
-2.29795	-0.0191821	-0.319334	-2.29795	-0.0191821	0
-1.22976	0.00477946	-0.330297	-1.22976	0.00477946	0
-0.193444	1.10308	-0.326728	-0.193444	1.10308	0
0.807769	1.07613	-0.324864	0.807769	1.07613	0
1.79496	1.09386	-0.32369	1.79496	1.09386	0
2.90771	1.09805	-0.34266	2.90771	1.09805	0
3.93594	1.055	-0.311705	3.93594	1.055	0
4.8792	1.02174	-0.317513	4.8792	1.02174	0
5.95503	1.05719	-0.313026	5.95503	1.05719	0
6.95343	1.07665	-0.32428	6.95343	1.07665	0
7.9934	1.02798	-0.308445	7.9934	1.02798	0
9.05029	1.03625	-0.313969	9.05029	1.03625	0
10.12	0.997005	-0.290291	10.12	0.997005	0
11.1786	1.06621	-0.328431	11.1786	1.06621	0
-11.5944	1.01768	-0.321996	-11.5944	1.01768	0
-10.553	0.992196	-0.316463	-10.553	0.992196	0
-9.51415	1.0655	-0.319924	-9.51415	1.0655	0
-8.48897	1.06189	-0.331556	-8.48897	1.06189	0
-7.47446	1.10964	-0.324518	-7.47446	1.10964	0
-6.43271	1.13393	-0.332844	-6.43271	1.13393	0
-5.3935	1.00751	-0.303806	-5.3935	1.00751	0
-4.32344	1.04108	-0.349777	-4.32344	1.04108	0
-3.38002	1.11201	-0.311521	-3.38002	1.11201	0
-2.30507	1.00038	-0.304887	-2.30507	1.00038	0
-1.29044	1.06987	-0.327752	-1.29044	1.06987	0
-0.195567	2.12942	-0.32515	-0.195567	2.12942	0
0.812043	2.09291	-0.314719	0.812043	2.09291	0
1.82213	2.10764	-0.319436	1.82213	2.10764	0
2.83201	2.12384	-0.315535	2.83201	2.12384	0
3.9357	2.14886	-0.30872	3.9357	2.14886	0
4.92582	2.0775	-0.347546	4.92582	2.0775	0
5.93825	2.06096	-0.338239	5.93825	2.06096	0
7.02168	2.00046	-0.323226	7.02168	2.00046	0
8.11404	2.02829	-0.32759	8.11404	2.02829	0
9.13225	2.07729	-0.299087	9.13225	2.07729	0
10.1899	1.99945	-0.332275	10.1899	1.99945	0
11.1957	2.05997	-0.296167	11.1957	2.05997	0
-11.5326	2.03813	-0.278039	-11.5326	2.03813	0
-10.4882	2.00562	-0.326389	-10.4882	2.00562	0
-9.50031	2.1045	-0.306902	-9.50031	2.1045	0
-8.48125	2.1495	-0.328679	-8.48125	2.1495	0
-7.41347	2.08237	-0.335364	-7.41347	2.08237	0
-6.36909	2.07315	-0.333658	-6.36909	2.07315	0
-5.37617	2.06609	-0.292598	-5.37617	2.06609	0
-4.3475	2.082	-0.325612	-4.3475	2.082	0
-3.33333	2.15725	-0.316935	-3.33333	2.15725	0
-2.32027	2.07177	-0.322788	-2.32027	2.07177	0
-1.31528	2.1039	-0.302368	-1.31528	2.1039	0
-0.202173	3.1373	-0.340835	-0.202173	3.1373	0
0.808099	3.09377	-0.345036	0.808099	3.09377	0
1.82591	3.14184	-0.332201	1.82591	3.14184	0
2.90958	3.13105	-0.32033	2.90958	3.13105	0
3.95678	3.13506	-0.307476	3.95678	3.13506	0
4.97085	3.11355	-0.334389	4.97085	3.11355	0
6.02419	3.02605	-0.308764	6.02419	3.02605	0
7.00517	3.04601	-0.345626	7.00517	3.04601	0
8.11553	3.10093	-0.335442	8.11553	3.10093	0
9.15026	3.0857	-0.298806	9.15026	3.0857	0
10.1835	3.06928	-0.328876	10.1835	3.06928	0
11.2494	3.10392	-0.303905	11.2494	3.10392	0
-11.5122	3.05238	-0.322687	-11.5122	3.05238	0
-10.5272	3.05967	-0.330816	-10.5272	3.05967	0
-9.50972	3.09716	-0.322176	-9.50972	3.09716	0
-8.51244	3.14924	-0.314423	-8.51244	3.14924	0
-7.48515	3.10362	-0.329979	-7.48515	3.10362	0
-6.44677	3.10481	-0.296107	-6.44677	3.10481	0
-5.42671	3.08769	-0.309111	-5.42671	3.08769	0
-4.39021	3.10026	-0.332563	-4.39021	3.10026	0
-3.23668	3.1812	-0.337992	-3.23668	3.1812	0
-2.28162	3.12756	-0.328404	-2.28162	3.12756	0
-1.25471	3.12533	-0.296315	-1.25471	3.12533	0
-0.224921	4.22397	-0.314384	-0.224921	4.22397	0
0.81859	4.19811	-0.318756	0.81859	4.19811	0
1.86859	4.1563	-0.317325	1.86859	4.1563	0
2.9289	4.11161	-0.301209	2.9289	4.11161	0
3.8871	4.15963	-0.31065	3.8871	4.15963	0
4.94117	4.13972	-0.306237	4.94117	4.13972	0
6.02234	4.06315	-0.267911	6.02234	4.06315	0
7.04008	4.07023	-0.325377	7.04008	4.07023	0
8.08818	4.10009	-0.287499	8.08818	4.10009	0
9.13249	4.0922	-0.283108	9.13249	4.0922	0
10.1161	4.09308	-0.359941	10.1161	4.09308	0
11.188	4.06975	-0.345763	11.188	4.06975	0
-11.5643	4.11247	-0.324008	-11.5643	4.11247	0
-10.6063	4.09923	-0.35281	-10.6063	4.09923	0
-9.53246	4.12786	-0.336388	-9.53246	4.12786	0
-8.51374	4.1663	-0.353976	-8.51374	4.1663	0
-7.42834	4.15531	-0.330394	-7.42834	4.15531	0
-6.41246	4.14947	-0.296186	-6.41246	4.14947	0
-5.41214	4.13252	-0.305583	-5.41214	4.13252	0
-4.41334	4.17171	-0.296733	-4.41334	4.17171	0
-3.34492	4.17419	-0.309223	-3.34492	4.17419	0
-2.28523	4.18041	-0.314424	-2.28523	4.18041	0
-1.2941	4.16104	-0.291888	-1.2941	4.16104	0
-0.255442	5.21458	-0.302236	-0.255442	5.21458	0
0.813153	5.19663	-0.329815	0.813153	5.19663	0
1.85719	5.15815	-0.347246	1.85719	5.15815	0
2.87136	5.16705	-0.345221	2.87136	5.16705	0
3.87572	5.14913	-0.331211	3.87572	5.14913	0
4.96677	5.13344	-0.339847	4.96677	5.13344	0
6.04515	5.08809	-0.326267	6.04515	5.08809	0
7.07242	5.08101	-0.30728	7.07242	5.08101	0
8.08128	5.1393	-0.340463	8.08128	5.1393	0
9.09814	5.18176	-0.325914	9.09814	5.18176	0
10.1072	5.08106	-0.30567	10.1072	5.08106	0
11.1594	5.1044	-0.338031	11.1594	5.1044	0
-11.599	5.18677	-0.307679	-11.599	5.18677	0
-10.5419	5.1335	-0.302528	-10.5419	5.1335	0
-9.53721	5.13619	-0.329918	-9.53721	5.13619	0
-8.47764	5.22424	-0.3119	-8.47764	5.22424	0
-7.46584	5.19793	-0.303731	-7.46584	5.19793	0
-6.51915	5.22508	-0.307977	-6.51915	5.22508	0
-5.43524	5.23641	-0.33057	-5.43524	5.23641	0
-4.42745	5.21911	-0.291328	-4.42745	5.21911	0
-3.3448	5.18492	-0.317501	-3.3448	5.18492	0
-2.3005	5.18355	-0.334903	-2.3005	5.18355	0
-1.2377	5.21126	-0.347554	-1.2377	5.21126	0
-0.185802	6.25953	-0.322093	-0.185802	6.25953	0
0.87714	6.26035	-0.317595	0.87714	6.26035	0
1.82799	6.24696	-0.319569	1.82799	6.24696	0
2.81203	6.19491	-0.297246	2.81203	6.19491	0
3.8845	6.16926	-0.313629	3.8845	6.16926	0
4.93368	6.21632	-0.324339	4.93368	6.21632	0
6.03592	6.11009	-0.306776	6.03592	6.11009	0
7.03339	6.16413	-0.321657	7.03339	6.16413	0
8.12068	6.14499	-0.328867	8.12068	6.14499	0
9.10953	6.195	-0.325916	9.10953	6.195	0
10.1695	6.12734	-0.306102	10.1695	6.12734	0
11.1146	6.11694	-0.334765	11.1146	6.11694	0
-11.5795	6.19514	-0.345584	-11.5795	6.19514	0
-10.5972	6.1603	-0.327738	-10.5972	6.1603	0
-9.55434	6.23114	-0.334126	-9.55434	6.23114	0
-8.4951	6.24527	-0.317969	-8.4951	6.24527	0
-7.49885	6.2225	-0.311731	-7.49885	6.2225	0
-6.51555	6.28369	-0.280776	-6.51555	6.28369	0
-5.45981	6.30541	-0.316061	-5.45981	6.30541	0
-4.39819	6.29942	-0.318603	-4.39819	6.29942	0
-3.34606	6.22626	-0.317764	-3.34606	6.22626	0
-2.29684	6.20666	-0.309205	-2.29684	6.20666	0
-1.25629	6.22775	-0.330556	-1.25629	6.22775	0
-0.214045	7.31021	-0.306773	-0.214045	7.31021	0
0.816899	7.25535	-0.312829	0.816899	7.25535	0
1.86589	7.28477	-0.275624	1.86589	7.28477	0
2.90473	7.24587	-0.282025	2.90473	7.24587	0
3.87895	7.24326	-0.319585	3.87895	7.24326	0
4.89131	7.18506	-0.331553	4.89131	7.18506	0
5.96853	7.17893	-0.330317	5.96853	7.17893	0
7.01999	7.17337	-0.318236	7.01999	7.17337	0
8.07795	7.19892	-0.343306	8.07795	7.19892	0
9.12592	7.18912	-0.330109	9.12592	7.18912	0
10.1816	7.14253	-0.334013	10.1816	7.14253	0
11.2333	7.1918	-0.295537	11.2333	7.1918	0
-11.5726	7.25293	-0.33728	-11.5726	7.25293	0
-10.5463	7.23061	-0.325131	-10.5463	7.23061	0
-9.53665	7.25009	-0.325703	-9.53665	7.25009	0
-8.53808	7.24248	-0.326082	-8.53808	7.24248	0
-7.43999	7.27947	-0.314895	-7.43999	7.27947	0
-6.4081	7.25697	-0.338829	-6.4081	7.25697	0
-5.34902	7.2702	-0.332534	-5.34902	7.2702	0
-4.37555	7.31276	-0.336994	-4.37555	7.31276	0
-3.37989	7.2828	-0.298769	-3.37989	7.2828	0
-2.24746	7.23752	-0.298138	-2.24746	7.23752	0
-1.22935	7.26611	-0.311224	-1.22935	7.26611	0
-0.254501	8.33753	-0.330751	-0.254501	8.33753	0
0.823724	8.32963	-0.325625	0.823724	8.32963	0
1.84448	8.27167	-0.319693	1.84448	8.27167	0
2.90027	8.28695	-0.300726	2.90027	8.28695	0
3.90135	8.25928	-0.315195	3.90135	8.25928	0
4.98298	8.21773	-0.342059	4.98298	8.21773	0
5.92228	8.28173	-0.313179	5.92228	8.28173	0
6.99805	8.25024	-0.297137	6.99805	8.25024	0
8.04913	8.23811	-0.308043	8.04913	8.23811	0
9.12146	8.20841	-0.319981	9.12146	8.20841	0
10.1097	8.28181	-0.298496	10.1097	8.28181	0
11.1521	8.26262	-0.313002	11.1521	8.26262	0
-11.5987	8.26688	-0.324718	-11.5987	8.26688	0
-10.6193	8.28017	-0.295711	-10.6193	8.28017	0
-9.56109	8.27381	-0.333474	-9.56109	8.27381	0
-8.5503	8.2852	-0.293626	-8.5503	8.2852	0
-7.41828	8.31696	-0.300441	-7.41828	8.31696	0
-6.43557	8.30841	-0.318441	-6.43557	8.30841	0
-5.40724	8.33926	-0.304418	-5.40724	8.33926	0
-4.34757	8.33028	-0.304684	-4.34757	8.33028	0
-3.40314	8.36486	-0.266825	-3.40314	8.36486	0
-2.33042	8.28908	-0.345122	-2.33042	8.28908	0
-1.23275	8.32171	-0.308504	-1.23275	8.32171	0
-0.222018	9.40918	-0.30906	-0.222018	9.40918	0
0.825152	9.35695	-0.315522	0.825152	9.35695	0
1.83706	9.31777	-0.303454	1.83706	9.31777	0
2.86912	9.2921	-0.318792	2.86912	9.2921	0
3.92532	9.27608	-0.323034	3.92532	9.27608	0
4.93613	9.25001	-0.299246	4.93613	9.25001	0
5.9811	9.29087	-0.332598	5.9811	9.29087	0
7.02478	9.26768	-0.324191	7.02478	9.26768	0
8.0029	9.25887	-0.318874	8.0029	9.25887	0
9.04316	9.28108	-0.297072	9.04316	9.28108	0
10.0703	9.24085	-0.318546	10.0703	9.24085	0
11.1016	9.28662	-0.316665	11.1016	9.28662	0
-11.6432	9.30921	-0.326417	-11.6432	9.30921	0
-10.64	9.30078	-0.290579	-10.64	9.30078	0
-9.55903	9.30291	-0.32615	-9.55903	9.30291	0
-8.55774	9.28884	-0.333102	-8.55774	9.28884	0
-7.49005	9.30967	-0.289603	-7.49005	9.30967	0
-6.43691	9.33561	-0.337541	-6.43691	9.33561	0
-5.45153	9.37118	-0.325256	-5.45153	9.37118	0
-4.36711	9.37702	-0.351943	-4.36711	9.37702	0
-3.33768	9.37632	-0.324777	-3.33768	9.37632	0
-2.25716	9.35411	-0.303026	-2.25716	9.35411	0
-1.26093	9.40149	-0.325809	-1.26093	9.40149	0
-0.181802	10.4305	-0.320319	-0.181802	10.4305	0
0.876292	10.3586	-0.324363	0.876292	10.3586	0
1.83694	10.342	-0.346699	1.83694	10.342	0
2.84496	10.3406	-0.340692	2.84496	10.3406	0
3.90437	10.3286	-0.333281	3.90437	10.3286	0
4.94832	10.329	-0.335016	4.94832	10.329	0
5.92054	10.3508	-0.336329	5.92054	10.3508	0
6.97864	10.3414	-0.314775	6.97864	10.3414	0
8.01916	10.3208	-0.327208	8.01916	10.3208	0
9.07941	10.2955	-0.322443	9.07941	10.2955	0
10.0661	10.325	-0.318642	10.0661	10.325	0
11.1025	10.3646	-0.322808	11.1025	10.3646	0
-11.5915	10.3164	-0.289329	-11.5915	10.3164	0
-10.6094	10.4049	-0.323116	-10.6094	10.4049	0
-9.53317	10.3423	-0.286573	-9.53317	10.3423	0
-8.56621	10.2755	-0.328049	-8.56621	10.2755	0
-7.49567	10.3129	-0.325727	-7.49567	10.3129	0
-6.43397	10.3589	-0.305498	-6.43397	10.3589	0
-5.41614	10.4243	-0.309972	-5.41614	10.4243	0
-4.38439	10.3944	-0.296904	-4.38439	10.3944	0
-3.26764	10.4658	-0.315029	-3.26764	10.4658	0
-2.24194	10.4003	-0.305828	-2.24194	10.4003	0
-1.21132	10.439	-0.318083	-1.21132	10.439	0
-0.173518	11.412	-0.319518	-0.173518	11.412	0
0.873141	11.3711	-0.316999	0.873141	11.3711	0
1.83496	11.4045	-0.315833	1.83496	11.4045	0
2.92399	11.3729	-0.338538	2.92399	11.3729	0
3.94305	11.3169	-0.31461	3.94305	11.3169	0
4.98173	11.3105	-0.338008	4.98173	11.3105	0
5.97626	11.3907	-0.323698	5.97626	11.3907	0
6.98921	11.3991	-0.321122	6.98921	11.3991	0
8.03601	11.3603	-0.295103	8.03601	11.3603	0
9.06523	11.3041	-0.312089	9.06523	11.3041	0
10.1039	11.3819	-0.321354	10.1039	11.3819	0
11.2049	11.4055	-0.319469	11.2049	11.4055	0
-11.5804	11.3719	-0.323242	-11.5804	11.3719	0
-10.555	11.4127	-0.316201	-10.555	11.4127	0
-9.49171	11.3909	-0.31017	-9.49171	11.3909	0
-8.49669	11.3335	-0.330239	-8.49669	11.3335	0
-7.52697	11.4218	-0.315149	-7.52697	11.4218	0
-6.49152	11.4063	-0.342156	-6.49152	11.4063	0
-5.44859	11.4293	-0.304212	-5.44859	11.4293	0
-4.40599	11.4243	-0.300207	-4.40599	11.4243	0
-3.34477	11.4712	-0.328344	-3.34477	11.4712	0
-2.25381	11.5072	-0.34524	-2.25381	11.5072	0
-1.22788	11.4786	-0.325937	-1.22788	11.4786	0
-0.142321	-11.3542	-0.324608	-0.142321	-11.3542	0
0.838738	-11.401	-0.316616	0.838738	-11.401	0
1.81598	-11.3544	-0.332482	1.81598	-11.3544	0
2.86816	-11.3912	-0.284701	2.86816	-11.3912	0
3.91106	-11.3819	-0.332755	3.91106	-11.3819	0
4.92708	-11.3776	-0.319207	4.92708	-11.3776	0
5.95307	-11.3947	-0.297487	5.95307	-11.3947	0
7.04954	-11.4235	-0.316577	7.04954	-11.4235	0
8.04017	-11.4012	-0.309523	8.04017	-11.4012	0
9.04527	-11.4156	-0.341934	9.04527	-11.4156	0
10.0638	-11.3809	-0.311173	10.0638	-11.3809	0
11.1239	-11.3598	-0.316595	11.1239	-11.3598	0
-11.595	-11.3752	-0.305222	-11.595	-11.3752	0
-10.5307	-11.3065	-0.30955	-10.5307	-11.3065	0
-9.4813	-11.2795	-0.305883	-9.4813	-11.2795	0
-8.4732	-11.3301	-0.323005	-8.4732	-11.3301	0
-7.45224	-11.363	-0.326201	-7.45224	-11.363	0
-6.42689	-11.3205	-0.309238	-6.42689	-11.3205	0
-5.41997	-11.3052	-0.316066	-5.41997	-11.3052	0
-4.3486	-11.2464	-0.345053	-4.3486	-11.2464	0
-3.3044	-11.3222	-0.308199	-3.3044	-11.3222	0
-2.26358	-11.2926	-0.290016	-2.26358	-11.2926	0
-1.22471	-11.3088	-0.284636	-1.22471	-11.3088	0
-0.18436	-10.2779	-0.334609	-0.18436	-10.2779	0
0.855029	-10.3545	-0.297935	0.855029	-10.3545	0
1.83994	-10.3146	-0.323739	1.83994	-10.3146	0
2.88879	-10.369	-0.313731	2.88879	-10.369	0
3.91945	-10.3466	-0.319906	3.91945	-10.3466	0
4.94451	-10.3094	-0.328872	4.94451	-10.3094	0
5.95025	-10.3289	-0.288702	5.95025	-10.3289	0
6.94686	-10.3535	-0.285455	6.94686	-10.3535	0
7.97367	-10.4132	-0.315391	7.97367	-10.4132	0
9.04865	-10.3775	-0.343464	9.04865	-10.3775	0
10.1245	-10.3471	-0.31557	10.1245	-10.3471	0
11.166	-10.2926	-0.331478	11.166	-10.2926	0
-11.5791	-10.3465	-0.305087	-11.5791	-10.3465	0
-10.5547	-10.3015	-0.296401	-10.5547	-10.3015	0
-9.40809	-10.2786	-0.308371	-9.40809	-10.2786	0
-8.4124	-10.2852	-0.318162	-8.4124	-10.2852	0
-7.43269	-10.2994	-0.315382	-7.43269	-10.2994	0
-6.39392	-10.3114	-0.314241	-6.39392	-10.3114	0
-5.37243	-10.2803	-0.353743	-5.37243	-10.2803	0
-4.34107	-10.2639	-0.328092	-4.34107	-10.2639	0
-3.39341	-10.2801	-0.323225	-3.39341	-10.2801	0
-2.3426	-10.2573	-0.33892	-2.3426	-10.2573	0
-1.16725	-10.2843	-0.321818	-1.16725	-10.2843	0
-0.195551	-9.22669	-0.319736	-0.195551	-9.22669	0
0.849369	-9.28703	-0.32125	0.849369	-9.28703	0
1.87058	-9.30691	-0.324955	1.87058	-9.30691	0
2.88332	-9.3204	-0.323151	2.88332	-9.3204	0
3.88972	-9.38509	-0.305962	3.88972	-9.38509	0
4.93306	-9.29441	-0.297128	4.93306	-9.29441	0
5.91977	-9.30685	-0.318534	5.91977	-9.30685	0
6.98861	-9.35841	-0.327923	6.98861	-9.35841	0
8.01395	-9.35296	-0.362107	8.01395	-9.35296	0
9.00951	-9.28495	-0.342548	9.00951	-9.28495	0
10.1792	-9.33936	-0.301546	10.1792	-9.33936	0
11.1856	-9.28682	-0.32557	11.1856	-9.28682	0
-11.5965	-9.25981	-0.288089	-11.5965	-9.25981	0
-10.5017	-9.22172	-0.364484	-10.5017	-9.22172	0
-9.51467	-9.23842	-0.297523	-9.51467	-9.23842	0
-8.4872	-9.25156	-0.30008	-8.4872	-9.25156	0
-7.46078	-9.29652	-0.296748	-7.46078	-9.29652	0
-6.47554	-9.28513	-0.334422	-6.47554	-9.28513	0
-5.40708	-9.22971	-0.31964	-5.40708	-9.22971	0
-4.3908	-9.27305	-0.315358	-4.3908	-9.27305	0
-3.37323	-9.31726	-0.317615	-3.37323	-9.31726	0
-2.32234	-9.23849	-0.320709	-2.32234	-9.23849	0
-1.22564	-9.27778	-0.333549	-1.22564	-9.27778	0
-0.209167	-8.25348	-0.333918	-0.209167	-8.25348	0
0.817317	-8.23305	-0.335327	0.817317	-8.23305	0
1.8282	-8.26332	-0.300033	1.8282	-8.26332	0
2.8407	-8.2659	-0.309489	2.8407	-8.2659	0
3.87578	-8.31527	-0.297184	3.87578	-8.31527	0
4.90517	-8.2932	-0.332979	4.90517	-8.2932	0
5.97882	-8.20364	-0.348951	5.97882	-8.20364	0
6.97814	-8.30959	-0.315035	6.97814	-8.30959	0
8.07678	-8.34226	-0.312949	8.07678	-8.34226	0
9.0547	-8.25797	-0.291988	9.0547	-8.25797	0
10.0831	-8.27834	-0.318243	10.0831	-8.27834	0
11.1141	-8.26582	-0.287283	11.1141	-8.26582	0
-11.5374	-8.26402	-0.294543	-11.5374	-8.26402	0
-10.5413	-8.13866	-0.317191	-10.5413	-8.13866	0
-9.46646	-8.17297	-0.297357	-9.46646	-8.17297	0
-8.43674	-8.22684	-0.336945	-8.43674	-8.22684	0
-7.43101	-8.27873	-0.31654	-7.43101	-8.27873	0
-6.42945	-8.19192	-0.304954	-6.42945	-8.19192	0
-5.3394	-8.22354	-0.289763	-5.3394	-8.22354	0
-4.32192	-8.25174	-0.290208	-4.32192	-8.25174	0
-3.29429	-8.29326	-0.310602	-3.29429	-8.29326	0
-2.25966	-8.20344	-0.330441	-2.25966	-8.20344	0
-1.26043	-8.24843	-0.296347	-1.26043	-8.24843	0
-0.231804	-7.21471	-0.34226	-0.231804	-7.21471	0
0.807751	-7.23304	-0.280828	0.807751	-7.23304	0
1.86621	-7.2272	-0.30858	1.86621	-7.2272	0
2.90579	-7.16327	-0.3105	2.90579	-7.16327	0
3.91462	-7.21367	-0.32132	3.91462	-7.21367	0
4.92767	-7.23962	-0.33446	4.92767	-7.23962	0
6.01045	-7.23313	-0.31281	6.01045	-7.23313	0
7.03885	-7.26271	-0.288505	7.03885	-7.26271	0
8.02827	-7.27324	-0.297085	8.02827	-7.27324	0
9.02879	-7.23727	-0.331496	9.02879	-7.23727	0
10.0687	-7.21283	-0.347611	10.0687	-7.21283	0
11.1919	-7.26324	-0.305807	11.1919	-7.26324	0
-11.534	-7.25598	-0.294941	-11.534	-7.25598	0
-10.4758	-7.17382	-0.358031	-10.4758	-7.17382	0
-9.47115	-7.18203	-0.297872	-9.47115	-7.18203	0
-8.41876	-7.15493	-0.342905	-8.41876	-7.15493	0
-7.40238	-7.22312	-0.33384	-7.40238	-7.22312	0
-6.40039	-7.19256	-0.32667	-6.40039	-7.19256	0
-5.37217	-7.14757	-0.320192	-5.37217	-7.14757	0
-4.2698	-7.18444	-0.292331	-4.2698	-7.18444	0
-3.27194	-7.23951	-0.33461	-3.27194	-7.23951	0
-2.3012	-7.16658	-0.304104	-2.3012	-7.16658	0
-1.34397	-7.19209	-0.337858	-1.34397	-7.19209	0
-0.245318	-6.19287	-0.282506	-0.245318	-6.19287	0
0.815373	-6.17054	-0.329285	0.815373	-6.17054	0
1.90273	-6.17583	-0.316833	1.90273	-6.17583	0
2.94752	-6.13169	-0.333176	2.94752	-6.13169	0
3.93388	-6.17082	-0.317365	3.93388	-6.17082	0
4.92192	-6.13644	-0.310967	4.92192	-6.13644	0
5.95565	-6.21076	-0.326199	5.95565	-6.21076	0
6.99248	-6.21433	-0.309557	6.99248	-6.21433	0
7.99688	-6.21785	-0.341163	7.99688	-6.21785	0
9.03107	-6.20699	-0.299501	9.03107	-6.20699	0
10.0831	-6.19592	-0.317372	10.0831	-6.19592	0
11.1411	-6.19716	-0.30037	11.1411	-6.19716	0
-11.6352	-6.2246	-0.31792	-11.6352	-6.2246	0
-10.5432	-6.13167	-0.32114	-10.5432	-6.13167	0
-9.48997	-6.1408	-0.283349	-9.48997	-6.1408	0
-8.49195	-6.10203	-0.264728	-8.49195	-6.10203	0
-7.4381	-6.19955	-0.3056	-7.4381	-6.19955	0
-6.4181	-6.16412	-0.337648	-6.4181	-6.16412	0
-5.37595	-6.1616	-0.277745	-5.37595	-6.1616	0
-4.3137	-6.15945	-0.331065	-4.3137	-6.15945	0
-3.30723	-6.18098	-0.322579	-3.30723	-6.18098	0
-2.25916	-6.18577	-0.326408	-2.25916	-6.18577	0
-1.25367	-6.17986	-0.312655	-1.25367	-6.17986	0
-0.294576	-5.19751	-0.280307	-0.294576	-5.19751	0
0.76129	-5.13714	-0.325092	0.76129	-5.13714	0
1.83648	-5.14287	-0.303551	1.83648	-5.14287	0
2.85945	-5.11857	-0.325325	2.85945	-5.11857	0
3.95476	-5.14351	-0.320694	3.95476	-5.14351	0
4.98749	-5.15672	-0.287955	4.98749	-5.15672	0
5.99594	-5.12858	-0.320348	5.99594	-5.12858	0
6.99903	-5.11481	-0.291962	6.99903	-5.11481	0
8.01831	-5.19219	-0.302464	8.01831	-5.19219	0
9.0785	-5.20551	-0.318956	9.0785	-5.20551	0
10.1119	-5.18469	-0.335226	10.1119	-5.18469	0
11.1969	-5.1579	-0.318701	11.1969	-5.1579	0
-11.6153	-5.17577	-0.30835	-11.6153	-5.17577	0
-10.5152	-5.13896	-0.320757	-10.5152	-5.13896	0
-9.46161	-5.08334	-0.324466	-9.46161	-5.08334	0
-8.48227	-5.06216	-0.283589	-8.48227	-5.06216	0
-7.45618	-5.08263	-0.319075	-7.45618	-5.08263	0
-6.4156	-5.12284	-0.326676	-6.4156	-5.12284	0
-5.39114	-5.0869	-0.319661	-5.39114	-5.0869	0
-4.32749	-5.1438	-0.305699	-4.32749	-5.1438	0
-3.35885	-5.12732	-0.351884	-3.35885	-5.12732	0
-2.31807	-5.1478	-0.305318	-2.31807	-5.1478	0
-1.25876	-5.14016	-0.29846	-1.25876	-5.14016	0
-0.268992	-4.07735	-0.330777	-0.268992	-4.07735	0
0.764898	-4.12936	-0.312475	0.764898	-4.12936	0
1.75064	-4.09987	-0.325659	1.75064	-4.09987	0
2.78883	-4.10341	-0.338895	2.78883	-4.10341	0
3.88408	-4.11739	-0.318658	3.88408	-4.11739	0
4.9441	-4.10682	-0.337106	4.9441	-4.10682	0
6.00994	-4.06278	-0.32774	6.00994	-4.06278	0
6.98929	-4.07809	-0.275854	6.98929	-4.07809	0
7.98878	-4.10478	-0.32791	7.98878	-4.10478	0
9.02463	-4.23109	-0.33285	9.02463	-4.23109	0
10.0629	-4.20863	-0.335436	10.0629	-4.20863	0
11.0968	-4.17932	-0.30513	11.0968	-4.17932	0
-11.6531	-4.11915	-0.33214	-11.6531	-4.11915	0
-10.6087	-4.08499	-0.320139	-10.6087	-4.08499	0
-9.57619	-4.09866	-0.327644	-9.57619	-4.09866	0
-8.48501	-4.03912	-0.30369	-8.48501	-4.03912	0
-7.50245	-4.08727	-0.263467	-7.50245	-4.08727	0
-6.4157	-4.04847	-0.312525	-6.4157	-4.04847	0
-5.40106	-4.09378	-0.307023	-5.40106	-4.09378	0
-4.33064	-4.09273	-0.339634	-4.33064	-4.09273	0
-3.30919	-4.07163	-0.276487	-3.30919	-4.07163	0
-2.24713	-4.09612	-0.300375	-2.24713	-4.09612	0
-1.25834	-4.05751	-0.330747	-1.25834	-4.05751	0
-0.277199	-3.0283	-0.32322	-0.277199	-3.0283	0
0.781224	-3.10706	-0.319618	0.781224	-3.10706	0
1.8206	-3.09123	-0.291079	1.8206	-3.09123	0
2.85305	-3.02618	-0.319124	2.85305	-3.02618	0
3.89072	-3.05119	-0.312998	3.89072	-3.05119	0
4.90329	-3.04676	-0.345875	4.90329	-3.04676	0
5.92373	-3.03007	-0.280889	5.92373	-3.03007	0
6.94962	-3.08657	-0.30281	6.94962	-3.08657	0
7.98694	-3.08911	-0.347074	7.98694	-3.08911	0
9.03787	-3.18489	-0.322703	9.03787	-3.18489	0
10.0595	-3.1241	-0.335871	10.0595	-3.1241	0
11.0967	-3.12247	-0.313851	11.0967	-3.12247	0
-11.6345	-3.05776	-0.320585	-11.6345	-3.05776	0
-10.627	-3.02345	-0.289492	-10.627	-3.02345	0
-9.59126	-3.11055	-0.334662	-9.59126	-3.11055	0
-8.48946	-3.05405	-0.29967	-8.48946	-3.05405	0
-7.4707	-3.0628	-0.331003	-7.4707	-3.0628	0
-6.41774	-3.04918	-0.334726	-6.41774	-3.04918	0
-5.3793	-3.06355	-0.29576	-5.3793	-3.06355	0
-4.34504	-3.01643	-0.314906	-4.34504	-3.01643	0
-3.29824	-3.0876	-0.328474	-3.29824	-3.0876	0
-2.28172	-3.06965	-0.32055	-2.28172	-3.06965	0
-1.26504	-3.08697	-0.336506	-1.26504	-3.08697	0
-0.284342	-1.99837	-0.293712	-0.284342	-1.99837	0
0.738779	-2.04786	-0.315066	0.738779	-2.04786	0
1.72986	-2.07746	-0.289974	1.72986	-2.07746	0
2.83347	-2.00666	-0.307764	2.83347	-2.00666	0
3.84624	-2.04	-0.319793	3.84624	-2.04	0
4.92532	-1.98536	-0.320832	4.92532	-1.98536	0
5.96759	-2.026	-0.336019	5.96759	-2.026	0
6.99152	-2.06129	-0.306436	6.99152	-2.06129	0
8.03987	-2.07591	-0.339403	8.03987	-2.07591	0
9.06544	-2.05623	-0.31693	9.06544	-2.05623	0
10.0293	-2.10631	-0.312325	10.0293	-2.10631	0
11.0635	-2.09101	-0.312855	11.0635	-2.09101	0
-11.682	-2.10643	-0.329636	-11.682	-2.10643	0
-10.6366	-2.07545	-0.315352	-10.6366	-2.07545	0
-9.55773	-2.05428	-0.304501	-9.55773	-2.05428	0
-8.54046	-1.99973	-0.333109	-8.54046	-1.99973	0
-7.51836	-2.00889	-0.30181	-7.51836	-2.00889	0
-6.48029	-2.04619	-0.323955	-6.48029	-2.04619	0
-5.43995	-2.00983	-0.325156	-5.43995	-2.00983	0
-4.33577	-2.05034	-0.358205	-4.33577	-2.05034	0
-3.33581	-2.0362	-0.31397	-3.33581	-2.0362	0
-2.2924	-2.02513	-0.300548	-2.2924	-2.02513	0
-1.26401	-1.99568	-0.275978	-1.26401	-1.99568	0
-0.198162	-0.993224	-0.291367	-0.198162	-0.993224	0
0.787518	-0.981029	-0.306627	0.787518	-0.981029	0
1.78448	-0.978238	-0.310328	1.78448	-0.978238	0
2.87592	-0.99305	-0.339547	2.87592	-0.99305	0
3.86793	-0.971369	-0.289942	3.86793	-0.971369	0
4.91895	-1.04613	-0.276988	4.91895	-1.04613	0
5.91373	-0.957549	-0.314286	5.91373	-0.957549	0
7.01476	-1.01556	-0.289085	7.01476	-1.01556	0
8.02076	-1.02343	-0.296587	8.02076	-1.02343	0
9.01051	-1.01035	-0.310216	9.01051	-1.01035	0
10.0591	-1.01341	-0.333746	10.0591	-1.01341	0
11.0918	-1.0825	-0.322097	11.0918	-1.0825	0
-11.6754	-1.11331	-0.303019	-11.6754	-1.11331	0
-10.6106	-1.07385	-0.305128	-10.6106	-1.07385	0
-9.53054	-1.04207	-0.329714	-9.53054	-1.04207	0
-8.56134	-1.03013	-0.318794	-8.56134	-1.03013	0
-7.47018	-0.982237	-0.307945	-7.47018	-0.982237	0
-6.42059	-0.962607	-0.305613	-6.42059	-0.962607	0
-5.4144	-0.977546	-0.310326	-5.4144	-0.977546	0
-4.38565	-1.06855	-0.3229	-4.38565	-1.06855	0
-3.35237	-0.96008	-0.321621	-3.35237	-0.96008	0
-2.36131	-1.01708	-0.286822	-2.36131	-1.01708	0
-1.2895	-1.04624	-0.347818	-1.2895	-1.04624	0
0.379622	0.566424	0.32534	0.379622	0.566424	0
1.35513	0.581345	0.310546	1.35513	0.581345	0
2.36692	0.555505	0.321756	2.36692	0.555505	0
3.35028	0.567507	0.33324	3.35028	0.567507	0
4.35533	0.548525	0.304941	4.35533	0.548525	0
5.35715	0.517034	0.323097	5.35715	0.517034	0
6.44506	0.562378	0.31264	6.44506	0.562378	0
7.47497	0.538123	0.329984	7.47497	0.538123	0
8.50449	0.523716	0.321802	8.50449	0.523716	0
9.55228	0.544965	0.332187	9.55228	0.544965	0
10.6478	0.47201	0.307345	10.6478	0.47201	0
11.7046	0.506282	0.283273	11.7046	0.506282	0
-11.069	0.52681	0.340815	-11.069	0.52681	0
-10.0479	0.471662	0.333639	-10.0479	0.471662	0
-9.02397	0.549422	0.336712	-9.02397	0.549422	0
-7.97575	0.525451	0.325241	-7.97575	0.525451	0
-6.92901	0.559903	0.31481	-6.92901	0.559903	0
-5.90668	0.565845	0.333026	-5.90668	0.565845	0
-4.86241	0.576198	0.332189	-4.86241	0.576198	0
-3.89567	0.541746	0.323806	-3.89567	0.541746	0
-2.8178	0.5103	0.322319	-2.8178	0.5103	0
-1.72727	0.489665	0.326552	-1.72727	0.489665	0
-0.691607	0.585501	0.291323	-0.691607	0.585501	0
0.296357	1.60356	0.312412	0.296357	1.60356	0
1.29905	1.57688	0.307304	1.29905	1.57688	0
2.46399	1.57649	0.320245	2.46399	1.57649	0
3.45293	1.60194	0.284984	3.45293	1.60194	0
4.43004	1.59648	0.318376	4.43004	1.59648	0
5.40743	1.57588	0.304914	5.40743	1.57588	0
6.50075	1.53772	0.329207	6.50075	1.53772	0
7.55162	1.55695	0.335807	7.55162	1.55695	0
8.6097	1.51669	0.315921	8.6097	1.51669	0
9.61846	1.55062	0.322247	9.61846	1.55062	0
10.6322	1.50491	0.318526	10.6322	1.50491	0
11.7182	1.54	0.322859	11.7182	1.54	0
-11.0171	1.53478	0.321359	-11.0171	1.53478	0
-9.97063	1.50721	0.337274	-9.97063	1.50721	0
-8.97119	1.55289	0.307256	-8.97119	1.55289	0
-7.95581	1.57148	0.325228	-7.95581	1.57148	0
-6.90195	1.59356	0.348805	-6.90195	1.59356	0
-5.87254	1.60656	0.319195	-5.87254	1.60656	0
-4.87113	1.55501	0.307358	-4.87113	1.55501	0
-3.82422	1.6107	0.304375	-3.82422	1.6107	0
-2.82624	1.55055	0.289525	-2.82624	1.55055	0
-1.78333	1.56333	0.320104	-1.78333	1.56333	0
-0.771309	1.58899	0.337436	-0.771309	1.58899	0
0.291186	2.62726	0.3258	0.291186	2.62726	0
1.30193	2.61743	0.307705	1.30193	2.61743	0
2.27531	2.65105	0.306058	2.27531	2.65105	0
3.35631	2.60507	0.337454	3.35631	2.60507	0
4.44418	2.61681	0.308948	4.44418	2.61681	0
5.45325	2.56835	0.305896	5.45325	2.56835	0
6.50994	2.5277	0.339886	6.50994	2.5277	0
7.54973	2.56612	0.291013	7.54973	2.56612	0
8.60548	2.55805	0.308371	8.60548	2.55805	0
9.69489	2.52788	0.321937	9.69489	2.52788	0
10.666	2.58024	0.306684	10.666	2.58024	0
11.7347	2.55675	0.318599	11.7347	2.55675	0
-11.0047	2.54487	0.307163	-11.0047	2.54487	0
-10.0496	2.57839	0.313444	-10.0496	2.57839	0
-8.98831	2.60375	0.331876	-8.98831	2.60375	0
-7.94814	2.63572	0.313996	-7.94814	2.63572	0
-6.91864	2.56139	0.33245	-6.91864	2.56139	0
-5.88214	2.59129	0.333571	-5.88214	2.59129	0
-4.87514	2.58103	0.292109	-4.87514	2.58103	0
-3.82636	2.67816	0.317214	-3.82636	2.67816	0
-2.87684	2.62946	0.316336	-2.87684	2.62946	0
-1.81854	2.56827	0.303859	-1.81854	2.56827	0
-0.745309	2.62564	0.270979	-0.745309	2.62564	0
0.360038	3.67265	0.314938	0.360038	3.67265	0
1.3501	3.6637	0.314395	1.3501	3.6637	0
2.37522	3.65545	0.323477	2.37522	3.65545	0
3.43814	3.6087	0.342149	3.43814	3.6087	0
4.43283	3.65421	0.314168	4.43283	3.65421	0
5.46165	3.5977	0.301525	5.46165	3.5977	0
6.50941	3.56093	0.335738	6.50941	3.56093	0
7.51708	3.53932	0.28198	7.51708	3.53932	0
8.6094	3.55461	0.306996	8.6094	3.55461	0
9.67908	3.61543	0.31445	9.67908	3.61543	0
10.7112	3.57199	0.330222	10.7112	3.57199	0
11.7193	3.6149	0.312841	11.7193	3.6149	0
-11.0445	3.61318	0.302303	-11.0445	3.61318	0
-10.0371	3.59486	0.310546	-10.0371	3.59486	0
-9.01935	3.65611	0.321924	-9.01935	3.65611	0
-7.96069	3.65133	0.314347	-7.96069	3.65133	0
-6.98092	3.607	0.306057	-6.98092	3.607	0
-5.92589	3.63119	0.30801	-5.92589	3.63119	0
-4.91629	3.61432	0.325041	-4.91629	3.61432	0
-3.82848	3.62631	0.28654	-3.82848	3.62631	0
-2.80999	3.67382	0.31688	-2.80999	3.67382	0
-1.76945	3.62293	0.324337	-1.76945	3.62293	0
-0.648717	3.66599	0.32268	-0.648717	3.66599	0
0.315151	4.72891	0.308995	0.315151	4.72891	0
1.33174	4.74746	0.308392	1.33174	4.74746	0
2.37354	4.66562	0.319102	2.37354	4.66562	0
3.34674	4.65147	0.33549	3.34674	4.65147	0
4.40778	4.66101	0.292395	4.40778	4.66101	0
5.4965	4.61367	0.306036	5.4965	4.61367	0
6.5667	4.6144	0.325805	6.5667	4.6144	0
7.60986	4.59865	0.309891	7.60986	4.59865	0
8.57082	4.6343	0.327987	8.57082	4.6343	0
9.61702	4.59431	0.313813	9.61702	4.59431	0
10.6751	4.58466	0.319601	10.6751	4.58466	0
11.7118	4.60806	0.329388	11.7118	4.60806	0
-11.0894	4.63209	0.306924	-11.0894	4.63209	0
-10.0369	4.59828	0.337593	-10.0369	4.59828	0
-9.03592	4.68985	0.320232	-9.03592	4.68985	0
-7.98664	4.66366	0.320769	-7.98664	4.66366	0
-6.96513	4.61766	0.314864	-6.96513	4.61766	0
-5.93178	4.73574	0.301268	-5.93178	4.73574	0
-4.91986	4.70545	0.298315	-4.91986	4.70545	0
-3.88797	4.68037	0.312981	-3.88797	4.68037	0
-2.8326	4.6732	0.334523	-2.8326	4.6732	0
-1.77907	4.65518	0.322504	-1.77907	4.65518	0
-0.736799	4.69469	0.332338	-0.736799	4.69469	0
0.35198	5.73793	0.30395	0.35198	5.73793	0
1.33299	5.72338	0.291886	1.33299	5.72338	0
2.2944	5.66934	0.337224	2.2944	5.66934	0
3.37776	5.68039	0.341707	3.37776	5.68039	0
4.46252	5.63573	0.29383	4.46252	5.63573	0
5.48674	5.63927	0.31576	5.48674	5.63927	0
6.55263	5.59255	0.328669	6.55263	5.59255	0
7.52209	5.63475	0.306776	7.52209	5.63475	0
8.58394	5.72346	0.313557	8.58394	5.72346	0
9.61225	5.67334	0.343773	9.61225	5.67334	0
10.6115	5.57185	0.326155	10.6115	5.57185	0
11.628	5.6165	0.314874	11.628	5.6165	0
-11.0564	5.68632	0.313772	-11.0564	5.68632	0
-10.0494	5.64882	0.33689	-10.0494	5.64882	0
-9.00465	5.72846	0.302662	-9.00465	5.72846	0
-8.02589	5.75039	0.313005	-8.02589	5.75039	0
-6.99426	5.74816	0.352771	-6.99426	5.74816	0
-5.91214	5.74719	0.31131	-5.91214	5.74719	0
-4.90299	5.78656	0.326036	-4.90299	5.78656	0
-3.86137	5.71188	0.308041	-3.86137	5.71188	0
-2.81212	5.71488	0.33471	-2.81212	5.71488	0
-1.75411	5.65903	0.337804	-1.75411	5.65903	0
-0.734342	5.72829	0.340981	-0.734342	5.72829	0
0.338862	6.7852	0.340566	0.338862	6.7852	0
1.3664	6.79801	0.325417	1.3664	6.79801	0
2.38039	6.72579	0.340764	2.38039	6.72579	0
3.40102	6.72205	0.320586	3.40102	6.72205	0
4.40805	6.67223	0.32136	4.40805	6.67223	0
5.48592	6.68472	0.260569	5.48592	6.68472	0
6.49369	6.6826	0.321926	6.49369	6.6826	0
7.59648	6.67324	0.286982	7.59648	6.67324	0
8.63235	6.72178	0.320622	8.63235	6.72178	0
9.66911	6.65281	0.302278	9.66911	6.65281	0
10.7129	6.65072	0.328661	10.7129	6.65072	0
11.694	6.59774	0.302712	11.694	6.59774	0
-11.0686	6.7643	0.295011	-11.0686	6.7643	0
-10.0561	6.69969	0.330945	-10.0561	6.69969	0
-9.04842	6.76222	0.323649	-9.04842	6.76222	0
-7.98305	6.8151	0.330398	-7.98305	6.8151	0
-6.98829	6.84518	0.330149	-6.98829	6.84518	0
-5.92103	6.80907	0.314059	-5.92103	6.80907	0
-4.89813	6.8208	0.331678	-4.89813	6.8208	0
-3.85659	6.75863	0.33906	-3.85659	6.75863	0
-2.77333	6.79358	0.322408	-2.77333	6.79358	0
-1.76047	6.7195	0.307701	-1.76047	6.7195	0
-0.733692	6.77115	0.324135	-0.733692	6.77115	0
0.267361	7.84653	0.312909	0.267361	7.84653	0
1.2722	7.79192	0.307195	1.2722	7.79192	0
2.37496	7.82469	0.335385	2.37496	7.82469	0
3.3996	7.78337	0.331875	3.3996	7.78337	0
4.42534	7.73018	0.294562	4.42534	7.73018	0
5.46587	7.67755	0.290758	5.46587	7.67755	0
6.44359	7.69834	0.297458	6.44359	7.69834	0
7.49722	7.72161	0.314572	7.49722	7.72161	0
8.5773	7.7128	0.298819	8.5773	7.7128	0
9.65702	7.71038	0.313074	9.65702	7.71038	0
10.6837	7.6889	0.250455	10.6837	7.6889	0
11.6717	7.75303	0.335922	11.6717	7.75303	0
-11.0961	7.73819	0.324288	-11.0961	7.73819	0
-10.0151	7.75991	0.321202	-10.0151	7.75991	0
-8.9923	7.75404	0.323721	-8.9923	7.75404	0
-8.01052	7.80121	0.299108	-8.01052	7.80121	0
-6.86874	7.81542	0.312428	-6.86874	7.81542	0
-5.86588	7.79409	0.295657	-5.86588	7.79409	0
-4.90936	7.83254	0.337465	-4.90936	7.83254	0
-3.84575	7.80996	0.335139	-3.84575	7.80996	0
-2.84497	7.8543	0.295655	-2.84497	7.8543	0
-1.7942	7.8035	0.320357	-1.7942	7.8035	0
-0.757149	7.8062	0.338439	-0.757149	7.8062	0
0.30212	8.85525	0.309168	0.30212	8.85525	0
1.31793	8.79603	0.316851	1.31793	8.79603	0
2.34523	8.804	0.302749	2.34523	8.804	0
3.41658	8.82006	0.359289	3.41658	8.82006	0
4.38749	8.73017	0.320425	4.38749	8.73017	0
5.458	8.7738	0.325669	5.458	8.7738	0
6.47258	8.77574	0.31728	6.47258	8.77574	0
7.52227	8.76812	0.318712	7.52227	8.76812	0
8.52381	8.75072	0.309516	8.52381	8.75072	0
9.51275	8.75268	0.352163	9.51275	8.75268	0
10.5587	8.78145	0.333436	10.5587	8.78145	0
11.6413	8.79766	0.307003	11.6413	8.79766	0
-11.122	8.74309	0.316788	-11.122	8.74309	0
-10.077	8.84097	0.320301	-10.077	8.84097	0
-9.09611	8.71778	0.333017	-9.09611	8.71778	0
-8.02726	8.81224	0.31371	-8.02726	8.81224	0
-6.96607	8.86843	0.333409	-6.96607	8.86843	0
-5.92155	8.84664	0.315575	-5.92155	8.84664	0
-4.92633	8.85524	0.280474	-4.92633	8.85524	0
-3.90172	8.90906	0.32811	-3.90172	8.90906	0
-2.76719	8.82448	0.311193	-2.76719	8.82448	0
-1.72481	8.82636	0.302479	-1.72481	8.82636	0
-0.753706	8.88997	0.314912	-0.753706	8.88997	0
0.328364	9.90312	0.326488	0.328364	9.90312	0
1.33552	9.89235	0.357679	1.33552	9.89235	0
2.34617	9.85295	0.297838	2.34617	9.85295	0
3.365	9.8151	0.277911	3.365	9.8151	0
4.41227	9.7865	0.328382	4.41227	9.7865	0
5.42889	9.84853	0.304255	5.42889	9.84853	0
6.44003	9.80276	0.302924	6.44003	9.80276	0
7.47857	9.81506	0.317896	7.47857	9.81506	0
8.48657	9.81173	0.318173	8.48657	9.81173	0
9.56724	9.72923	0.34417	9.56724	9.72923	0
10.5547	9.84426	0.258232	10.5547	9.84426	0
11.6364	9.84792	0.308774	11.6364	9.84792	0
-11.0512	9.82084	0.31591	-11.0512	9.82084	0
-10.0612	9.87507	0.297743	-10.0612	9.87507	0
-9.00437	9.77119	0.33216	-9.00437	9.77119	0
-7.9861	9.83517	0.320989	-7.9861	9.83517	0
-6.94631	9.82734	0.333851	-6.94631	9.82734	0
-5.9045	9.8722	0.321131	-5.9045	9.8722	0
-4.94488	9.85755	0.30458	-4.94488	9.85755	0
-3.76869	9.93271	0.291636	-3.76869	9.93271	0
-2.77717	9.8787	0.291579	-2.77717	9.8787	0
-1.72142	9.90834	0.343204	-1.72142	9.90834	0
-0.680478	9.8801	0.306638	-0.680478	9.8801	0
0.353855	10.8656	0.317933	0.353855	10.8656	0
1.35253	10.9104	0.322906	1.35253	10.9104	0
2.31172	10.8684	0.300715	2.31172	10.8684	0
3.37559	10.8151	0.310347	3.37559	10.8151	0
4.47119	10.8421	0.328234	4.47119	10.8421	0
5.47965	10.8723	0.329479	5.47965	10.8723	0
6.44637	10.8512	0.318885	6.44637	10.8512	0
7.45926	10.8348	0.316219	7.45926	10.8348	0
8.51916	10.8237	0.287325	8.51916	10.8237	0
9.58725	10.7776	0.32201	9.58725	10.7776	0
10.666	10.8634	0.32243	10.666	10.8634	0
11.7118	10.8381	0.332929	11.7118	10.8381	0
-11.0734	10.8945	0.337499	-11.0734	10.8945	0
-10.0611	10.8868	0.305379	-10.0611	10.8868	0
-8.99599	10.8845	0.33476	-8.99599	10.8845	0
-8.0044	10.8675	0.332318	-8.0044	10.8675	0
-6.98765	10.8537	0.313041	-6.98765	10.8537	0
-5.98468	10.894	0.318754	-5.98468	10.894	0
-4.95855	10.9195	0.327326	-4.95855	10.9195	0
-3.842	10.9054	0.309575	-3.842	10.9054	0
-2.75158	10.9716	0.311598	-2.75158	10.9716	0
-1.73065	10.9685	0.31639	-1.73065	10.9685	0
-0.73801	10.9741	0.331909	-0.73801	10.9741	0
0.356012	-11.923	0.309206	0.356012	11.863	0
1.3724	-11.8642	0.31514	1.3724	-11.8642	0
2.40453	-11.9364	0.283009	2.40453	11.8497	0
3.44267	11.8467	0.309256	3.44267	11.8467	0
4.45248	11.8658	0.273969	4.45248	11.8658	0
5.42395	11.8733	0.333236	5.42395	11.8733	0
6.48411	11.9223	0.326233	6.48411	-11.8637	0
7.55296	-11.8788	0.318932	7.55296	-11.8788	0
8.56352	11.848	0.289243	8.56352	11.848	0
9.5204	11.8374	0.321354	9.5204	11.8374	0
10.6135	11.865	0.314483	10.6135	11.865	0
11.6189	-11.9228	0.342388	11.6189	11.8632	0
-11.0984	-11.8445	0.316883	-11.0984	-11.8445	0
-10.0272	11.9549	0.314425	-10.0272	-11.8311	0
-9.01033	-11.873	0.316703	-9.01033	-11.873	0
-7.96881	-11.8901	0.31816	-7.96881	-11.8901	0
-6.95375	-11.8988	0.326167	-6.95375	11.8873	0
-5.92784	-11.8446	0.307184	-5.92784	-11.8446	0
-4.87787	12.0024	0.291065	-4.87787	-11.7836	0
-3.86855	-11.8368	0.301584	-3.86855	-11.8368	0
-2.84963	-11.8733	0.31742	-2.84963	-11.8733	0
-1.75158	-11.8186	0.336585	-1.75158	-11.8186	0
-0.662806	-11.8018	0.308407	-0.662806	-11.8018	0
0.312593	-10.8369	0.32122	0.312593	-10.8369	0
1.35316	-10.8893	0.315035	1.35316	-10.8893	0
2.29138	-10.8768	0.343439	2.29138	-10.8768	0
3.4075	-10.881	0.315969	3.4075	-10.881	0
4.44456	-10.8359	0.32624	4.44456	-10.8359	0
5.45012	-10.8967	0.300511	5.45012	-10.8967	0
6.46953	-10.8556	0.342876	6.46953	-10.8556	0
7.47932	-10.8361	0.331683	7.47932	-10.8361	0
8.57054	-10.9012	0.307267	8.57054	-10.9012	0
9.55894	-10.8746	0.31287	9.55894	-10.8746	0
10.6106	-10.857	0.31831	10.6106	-10.857	0
11.6896	-10.852	0.28997	11.6896	-10.852	0
-11.085	-10.8156	0.34175	-11.085	-10.8156	0
-10.039	-10.7835	0.310164	-10.039	-10.7835	0
-8.93119	-10.7725	0.315473	-8.93119	-10.7725	0
-7.92799	-10.8106	0.304337	-7.92799	-10.8106	0
-6.89337	-10.7826	0.328037	-6.89337	-10.7826	0
-5.84669	-10.8072	0.31583	-5.84669	-10.8072	0
-4.8593	-10.7659	0.314242	-4.8593	-10.7659	0
-3.84202	-10.8199	0.315418	-3.84202	-10.8199	0
-2.80715	-10.8408	0.334736	-2.80715	-10.8408	0
-1.73936	-10.7654	0.321299	-1.73936	-10.7654	0
-0.702165	-10.7999	0.319597	-0.702165	-10.7999	0
0.286144	-9.77293	0.336254	0.286144	-9.77293	0
1.38987	-9.78804	0.322003	1.38987	-9.78804	0
2.3845	-9.84681	0.331815	2.3845	-9.84681	0
3.40235	-9.86689	0.331447	3.40235	-9.86689	0
4.42445	-9.83307	0.343838	4.42445	-9.83307	0
5.43326	-9.82001	0.329944	5.43326	-9.82001	0
6.45939	-9.80808	0.311455	6.45939	-9.80808	0
7.5346	-9.84967	0.294807	7.5346	-9.84967	0
8.51524	-9.85358	0.307892	8.51524	-9.85358	0
9.58572	-9.7773	0.29543	9.58572	-9.7773	0
10.6721	-9.80543	0.319078	10.6721	-9.80543	0
11.6902	-9.83205	0.309426	11.6902	-9.83205	0
-11.0422	-9.78857	0.307447	-11.0422	-9.78857	0
-10.0234	-9.74101	0.336261	-10.0234	-9.74101	0
-9.00854	-9.75491	0.316515	-9.00854	-9.75491	0
-7.99947	-9.76106	0.295122	-7.99947	-9.76106	0
-6.95312	-9.7933	0.351487	-6.95312	-9.7933	0
-5.9293	-9.7723	0.282199	-5.9293	-9.7723	0
-4.92326	-9.77411	0.299066	-4.92326	-9.77411	0
-3.86795	-9.76426	0.344302	-3.86795	-9.76426	0
-2.81204	-9.79422	0.308987	-2.81204	-9.79422	0
-1.81435	-9.77747	0.308534	-1.81435	-9.77747	0
-0.708399	-9.78368	0.309536	-0.708399	-9.78368	0
0.31177	-8.7312	0.326805	0.31177	-8.7312	0
1.36188	-8.76975	0.325664	1.36188	-8.76975	0
2.38548	-8.79933	0.298895	2.38548	-8.79933	0
3.40621	-8.87018	0.301641	3.40621	-8.87018	0
4.41339	-8.82436	0.346012	4.41339	-8.82436	0
5.4575	-8.75105	0.294118	5.4575	-8.75105	0
6.44692	-8.81291	0.302323	6.44692	-8.81291	0
7.54088	-8.84283	0.280082	7.54088	-8.84283	0
8.52653	-8.86432	0.326832	8.52653	-8.86432	0
9.57294	-8.76024	0.319254	9.57294	-8.76024	0
10.6389	-8.81893	0.318469	10.6389	-8.81893	0
11.6676	-8.75128	0.334158	11.6676	-8.75128	0
-10.9926	-8.76554	0.328511	-10.9926	-8.76554	0
-10.0144	-8.69533	0.310815	-10.0144	-8.69533	0
-8.97348	-8.72212	0.308042	-8.97348	-8.72212	0
-7.94856	-8.72309	0.320162	-7.94856	-8.72309	0
-6.92641	-8.74767	0.315126	-6.92641	-8.74767	0
-5.90075	-8.75906	0.320616	-5.90075	-8.75906	0
-4.89019	-8.79768	0.339194	-4.89019	-8.79768	0
-3.84309	-8.77595	0.315689	-3.84309	-8.77595	0
-2.80999	-8.79751	0.30648	-2.80999	-8.79751	0
-1.74092	-8.77555	0.315622	-1.74092	-8.77555	0
-0.707369	-8.76753	0.310591	-0.707369	-8.76753	0
0.274026	-7.74046	0.281907	0.274026	-7.74046	0
1.29449	-7.74353	0.327604	1.29449	-7.74353	0
2.30578	-7.71676	0.347363	2.30578	-7.71676	0
3.39869	-7.72754	0.30908	3.39869	-7.72754	0
4.39476	-7.78014	0.295043	4.39476	-7.78014	0
5.40296	-7.73663	0.30973	5.40296	-7.73663	0
6.48839	-7.80422	0.30992	6.48839	-7.80422	0
7.50551	-7.77377	0.334882	7.50551	-7.77377	0
8.52526	-7.77817	0.314357	8.52526	-7.77817	0
9.62795	-7.73124	0.307864	9.62795	-7.73124	0
10.6318	-7.69615	0.317887	10.6318	-7.69615	0
11.6852	-7.77709	0.307174	11.6852	-7.77709	0
-10.9835	-7.67294	0.347613	-10.9835	-7.67294	0
-9.9718	-7.62021	0.341848	-9.9718	-7.62021	0
-8.94927	-7.68951	0.331814	-8.94927	-7.68951	0
-7.9335	-7.73811	0.282398	-7.9335	-7.73811	0
-6.95652	-7.70812	0.321035	-6.95652	-7.70812	0
-5.86129	-7.69807	0.322404	-5.86129	-7.69807	0
-4.81176	-7.69531	0.311551	-4.81176	-7.69531	0
-3.77886	-7.72363	0.302583	-3.77886	-7.72363	0
-2.79776	-7.75665	0.310056	-2.79776	-7.75665	0
-1.74628	-7.72453	0.331486	-1.74628	-7.72453	0
-0.697364	-7.73131	0.314488	-0.697364	-7.73131	0
0.276977	-6.70541	0.320877	0.276977	-6.70541	0
1.31474	-6.71374	0.320112	1.31474	-6.71374	0
2.38152	-6.64504	0.322361	2.38152	-6.64504	0
3.41736	-6.65948	0.317157	3.41736	-6.65948	0
4.45156	-6.74166	0.312735	4.45156	-6.74166	0
5.46828	-6.69345	0.306137	5.46828	-6.69345	0
6.47918	-6.75044	0.325115	6.47918	-6.75044	0
7.52754	-6.7295	0.317985	7.52754	-6.7295	0
8.50977	-6.78233	0.314056	8.50977	-6.78233	0
9.57951	-6.75012	0.301978	9.57951	-6.75012	0
10.6324	-6.70783	0.323414	10.6324	-6.70783	0
11.6972	-6.74066	0.30704	11.6972	-6.74066	0
-11.0596	-6.71638	0.30909	-11.0596	-6.71638	0
-10.0674	-6.60626	0.329156	-10.0674	-6.60626	0
-8.99031	-6.64317	0.341844	-8.99031	-6.64317	0
-7.92922	-6.69926	0.335074	-7.92922	-6.69926	0
-6.92001	-6.66775	0.315728	-6.92001	-6.66775	0
-5.91732	-6.64645	0.316471	-5.91732	-6.64645	0
-4.81618	-6.68976	0.304575	-4.81618	-6.68976	0
-3.79843	-6.71705	0.326256	-3.79843	-6.71705	0
-2.84318	-6.69221	0.319302	-2.84318	-6.69221	0
-1.75708	-6.67217	0.33888	-1.75708	-6.67217	0
-0.754775	-6.75763	0.296823	-0.754775	-6.75763	0
0.283734	-5.73363	0.308727	0.283734	-5.73363	0
1.33935	-5.65894	0.317116	1.33935	-5.65894	0
2.40892	-5.61152	0.32321	2.40892	-5.61152	0
3.38783	-5.61476	0.30498	3.38783	-5.61476	0
4.40313	-5.65107	0.329258	4.40313	-5.65107	0
5.51701	-5.66379	0.310888	5.51701	-5.66379	0
6.49467	-5.74013	0.332222	6.49467	-5.74013	0
7.50774	-5.71478	0.299954	7.50774	-5.71478	0
8.54268	-5.68204	0.322636	8.54268	-5.68204	0
9.52603	-5.71736	0.316213	9.52603	-5.71736	0
10.6297	-5.71373	0.303706	10.6297	-5.71373	0
11.7122	-5.71702	0.327949	11.7122	-5.71702	0
-11.0881	-5.67266	0.285477	-11.0881	-5.67266	0
-10.0649	-5.60407	0.330321	-10.0649	-5.60407	0
-9.02093	-5.64425	0.312106	-9.02093	-5.64425	0
-7.95258	-5.6328	0.310088	-7.95258	-5.6328	0
-6.91921	-5.65569	0.345264	-6.91921	-5.65569	0
-5.91163	-5.65055	0.330416	-5.91163	-5.65055	0
-4.87884	-5.63171	0.2962	-4.87884	-5.63171	0
-3.81754	-5.65399	0.345617	-3.81754	-5.65399	0
-2.83136	-5.67312	0.305169	-2.83136	-5.67312	0
-1.77448	-5.69097	0.311126	-1.77448	-5.69097	0
-0.774189	-5.70251	0.324172	-0.774189	-5.70251	0
0.214193	-4.65082	0.292204	0.214193	-4.65082	0
1.23826	-4.68729	0.331807	1.23826	-4.68729	0
2.33784	-4.6058	0.317364	2.33784	-4.6058	0
3.36828	-4.60906	0.340202	3.36828	-4.60906	0
4.44655	-4.65912	0.328128	4.44655	-4.65912	0
5.48333	-4.57664	0.342784	5.48333	-4.57664	0
6.47311	-4.62724	0.315558	6.47311	-4.62724	0
7.49706	-4.6306	0.302837	7.49706	-4.6306	0
8.48412	-4.66811	0.323088	8.48412	-4.66811	0
9.56234	-4.73707	0.306156	9.56234	-4.73707	0
10.6077	-4.69017	0.317301	10.6077	-4.69017	0
11.7182	-4.61085	0.344523	11.7182	-4.61085	0
-11.0373	-4.61409	0.315205	-11.0373	-4.61409	0
-10.0313	-4.63008	0.300141	-10.0313	-4.63008	0
-9.00261	-4.54222	0.309776	-9.00261	-4.54222	0
-7.99296	-4.5651	0.354084	-7.99296	-4.5651	0
-6.92147	-4.55577	0.337557	-6.92147	-4.55577	0
-5.91375	-4.61553	0.318516	-5.91375	-4.61553	0
-4.86193	-4.6181	0.314846	-4.86193	-4.6181	0
-3.82402	-4.55947	0.325462	-3.82402	-4.55947	0
-2.79871	-4.63838	0.330273	-2.79871	-4.63838	0
-1.77132	-4.60396	0.287649	-1.77132	-4.60396	0
-0.768296	-4.58779	0.310291	-0.768296	-4.58779	0
0.283435	-3.63247	0.329639	0.283435	-3.63247	0
1.27187	-3.61991	0.299882	1.27187	-3.61991	0
2.3059	-3.55827	0.314426	2.3059	-3.55827	0
3.36683	-3.58021	0.294271	3.36683	-3.58021	0
4.41898	-3.59484	0.277463	4.41898	-3.59484	0
5.44225	-3.61915	0.281745	5.44225	-3.61915	0
6.46299	-3.56197	0.318307	6.46299	-3.56197	0
7.51135	-3.57088	0.306051	7.51135	-3.57088	0
8.48643	-3.65108	0.336755	8.48643	-3.65108	0
9.55611	-3.70254	0.310026	9.55611	-3.70254	0
10.5847	-3.67097	0.309434	10.5847	-3.67097	0
11.6192	-3.6161	0.292837	11.6192	-3.6161	0
-11.1579	-3.63035	0.294058	-11.1579	-3.63035	0
-10.1172	-3.61265	0.323781	-10.1172	-3.61265	0
-9.08793	-3.551	0.323367	-9.08793	-3.551	0
-7.98595	-3.54106	0.310657	-7.98595	-3.54106	0
-6.95703	-3.5331	0.31288	-6.95703	-3.5331	0
-5.88813	-3.57626	0.352949	-5.88813	-3.57626	0
-4.79621	-3.56661	0.314742	-4.79621	-3.56661	0
-3.81077	-3.56871	0.317543	-3.81077	-3.56871	0
-2.77629	-3.58152	0.336276	-2.77629	-3.58152	0
-1.74735	-3.56899	0.306467	-1.74735	-3.56899	0
-0.738941	-3.52073	0.34113	-0.738941	-3.52073	0
0.203017	-2.5809	0.332365	0.203017	-2.5809	0
1.24016	-2.59025	0.332164	1.24016	-2.59025	0
2.31531	-2.50976	0.297412	2.31531	-2.50976	0
3.38535	-2.53766	0.329128	3.38535	-2.53766	0
4.37757	-2.55849	0.291485	4.37757	-2.55849	0
5.40181	-2.57116	0.312871	5.40181	-2.57116	0
6.46038	-2.52152	0.329806	6.46038	-2.52152	0
7.51893	-2.60755	0.32759	7.51893	-2.60755	0
8.56932	-2.64834	0.294934	8.56932	-2.64834	0
9.55202	-2.63876	0.316232	9.55202	-2.63876	0
10.5582	-2.58486	0.305817	10.5582	-2.58486	0
11.5741	-2.61847	0.296813	11.5741	-2.61847	0
-11.1494	-2.57378	0.322299	-11.1494	-2.57378	0
-10.1311	-2.52391	0.311318	-10.1311	-2.52391	0
-9.05991	-2.59714	0.310033	-9.05991	-2.59714	0
-8.02675	-2.49603	0.309248	-8.02675	-2.49603	0
-6.94935	-2.52943	0.306181	-6.94935	-2.52943	0
-5.96884	-2.55213	0.312095	-5.96884	-2.55213	0
-4.88862	-2.5237	0.302389	-4.88862	-2.5237	0
-3.76829	-2.54296	0.349189	-3.76829	-2.54296	0
-2.78004	-2.5536	0.325729	-2.78004	-2.5536	0
-1.75272	-2.53208	0.300899	-1.75272	-2.53208	0
-0.772509	-2.5688	0.32119	-0.772509	-2.5688	0
0.301004	-1.51533	0.341001	0.301004	-1.51533	0
1.28479	-1.48707	0.327013	1.28479	-1.48707	0
2.33845	-1.49932	0.299702	2.33845	-1.49932	0
3.37715	-1.50282	0.330592	3.37715	-1.50282	0
4.36847	-1.54548	0.293352	4.36847	-1.54548	0
5.49586	-1.50495	0.32423	5.49586	-1.50495	0
6.4652	-1.50578	0.277727	6.4652	-1.50578	0
7.52856	-1.54835	0.325363	7.52856	-1.54835	0
8.55159	-1.60349	0.298286	8.55159	-1.60349	0
9.59244	-1.52329	0.303724	9.59244	-1.52329	0
10.5837	-1.55846	0.299516	10.5837	-1.55846	0
11.5862	-1.60167	0.298708	11.5862	-1.60167	0
-11.1714	-1.5541	0.304041	-11.1714	-1.5541	0
-10.0544	-1.51298	0.308522	-10.0544	-1.51298	0
-9.02212	-1.57903	0.317768	-9.02212	-1.57903	0
-7.993	-1.50064	0.327907	-7.993	-1.50064	0
-6.95921	-1.4898	0.332398	-6.95921	-1.4898	0
-5.93691	-1.48494	0.317274	-5.93691	-1.48494	0
-4.9271	-1.55995	0.290273	-4.9271	-1.55995	0
-3.88467	-1.49952	0.352012	-3.88467	-1.49952	0
-2.86766	-1.51235	0.324475	-2.86766	-1.51235	0
-1.83513	-1.49826	0.329393	-1.83513	-1.49826	0
-0.746274	-1.47838	0.337273	-0.746274	-1.47838	0
0.305957	-0.460316	0.339286	0.305957	-0.460316	0
1.29859	-0.465294	0.32184	1.29859	-0.465294	0
2.34121	-0.508337	0.288389	2.34121	-0.508337	0
3.32117	-0.421088	0.305866	3.32117	-0.421088	0
4.38766	-0.440961	0.310053	4.38766	-0.440961	0
5.41153	-0.442857	0.314292	5.41153	-0.442857	0
6.3866	-0.49714	0.322033	6.3866	-0.49714	0
7.48562	-0.523492	0.342272	7.48562	-0.523492	0
8.51982	-0.512331	0.337043	8.51982	-0.512331	0
9.51295	-0.464829	0.307091	9.51295	-0.464829	0
10.6011	-0.547693	0.317541	10.6011	-0.547693	0
11.6189	-0.509488	0.30555	11.6189	-0.509488	0
-11.1256	-0.532825	0.318992	-11.1256	-0.532825	0
-10.1345	-0.507259	0.305532	-10.1345	-0.507259	0
-9.05963	-0.509951	0.292594	-9.05963	-0.509951	0
-8.01501	-0.512073	0.340338	-8.01501	-0.512073	0
-6.99359	-0.464825	0.326523	-6.99359	-0.464825	0
-5.94927	-0.442415	0.33546	-5.94927	-0.442415	0
-4.89578	-0.486031	0.305566	-4.89578	-0.486031	0
-3.85046	-0.458778	0.306519	-3.85046	-0.458778	0
-2.85278	-0.477083	0.340053	-2.85278	-0.477083	0
-1.75645	-0.491058	0.309018	-1.75645	-0.491058	0
-0.74433	-0.489165	0.299659	-0.74433	-0.489165	0
