-0.602676	-0.160342	-0.299739	-0.602676	-0.160342	0
0.463657	-0.192305	-0.297802	0.463657	-0.192305	0
1.46347	-0.115216	-0.290786	1.46347	-0.115216	0
2.48379	-0.168408	-0.33053	2.48379	-0.168408	0
3.55365	-0.211293	-0.301832	3.55365	-0.211293	0
4.57228	-0.227986	-0.315164	4.57228	-0.227986	0
5.61311	-0.214046	-0.276579	5.61311	-0.214046	0
6.68095	-0.255145	-0.318571	6.68095	-0.255145	0
7.68236	-0.312722	-0.310835	7.68236	-0.312722	0
8.72728	-0.272363	-0.32285	8.72728	-0.272363	0
9.7474	-0.212306	-0.324175	9.7474	-0.212306	0
10.7816	-0.257368	-0.329899	10.7816	-0.257368	0
11.7981	-0.217726	-0.297115	11.7981	-0.217726	0
-10.9361	-0.291443	-0.321437	-10.9361	-0.291443	0
-9.94731	-0.307897	-0.337333	-9.94731	-0.307897	0
-8.87659	-0.26876	-0.313214	-8.87659	-0.26876	0
-7.80472	-0.224668	-0.30366	-7.80472	-0.224668	0
-6.79057	-0.233999	-0.319856	-6.79057	-0.233999	0
-5.77629	-0.194676	-0.310607	-5.77629	-0.194676	0
-4.74342	-0.233466	-0.308892	-4.74342	-0.233466	0
-3.75807	-0.195752	-0.305373	-3.75807	-0.195752	0
-2.70981	-0.210997	-0.325563	-2.70981	-0.210997	0
-1.62641	-0.255025	-0.334045	-1.62641	-0.255025	0
-0.647065	0.838239	-0.308891	-0.647065	0.838239	0
0.398926	0.838111	-0.32124	0.398926	0.838111	0
1.45065	0.856679	-0.33315	1.45065	0.856679	0
2.49604	0.825528	-0.325937	2.49604	0.825528	0
3.53176	0.839117	-0.298598	3.53176	0.839117	0
4.55113	0.770687	-0.30295	4.55113	0.770687	0
5.66976	0.847788	-0.318961	5.66976	0.847788	0
6.69647	0.821433	-0.342457	6.69647	0.821433	0
7.76825	0.773789	-0.342986	7.76825	0.773789	0
8.74726	0.751339	-0.327364	8.74726	0.751339	0
9.72063	0.814114	-0.286701	9.72063	0.814114	0
10.7998	0.796848	-0.304603	10.7998	0.796848	0
11.8052	0.793666	-0.297933	11.8052	0.793666	0
-10.941	0.78044	-0.303658	-10.941	0.78044	0
-9.93639	0.771477	-0.301338	-9.93639	0.771477	0
-8.94088	0.734401	-0.318716	-8.94088	0.734401	0
-7.92691	0.813812	-0.311494	-7.92691	0.813812	0
-6.84186	0.82489	-0.329766	-6.84186	0.82489	0
-5.85138	0.788357	-0.323164	-5.85138	0.788357	0
-4.76888	0.862862	-0.294492	-4.76888	0.862862	0
-3.75591	0.839234	-0.288622	-3.75591	0.839234	0
-2.70294	0.821032	-0.299152	-2.70294	0.821032	0
-1.71041	0.816339	-0.32714	-1.71041	0.816339	0
-0.599192	1.84159	-0.335832	-0.599192	1.84159	0
0.395382	1.86184	-0.324851	0.395382	1.86184	0
1.45025	1.85187	-0.316703	1.45025	1.85187	0
2.51642	1.84746	-0.325624	2.51642	1.84746	0
3.5584	1.85623	-0.293872	3.5584	1.85623	0
4.63257	1.82347	-0.30757	4.63257	1.82347	0
5.63815	1.85461	-0.279017	5.63815	1.85461	0
6.69385	1.84414	-0.340757	6.69385	1.84414	0
7.71919	1.75131	-0.345143	7.71919	1.75131	0
8.71853	1.783	-0.326541	8.71853	1.783	0
9.76566	1.88887	-0.322173	9.76566	1.88887	0
10.774	1.87165	-0.330359	10.774	1.87165	0
11.7924	1.84043	-0.317706	11.7924	1.84043	0
-10.9625	1.8274	-0.3164	-10.9625	1.8274	0
-9.92413	1.78154	-0.333479	-9.92413	1.78154	0
-8.88075	1.85334	-0.321491	-8.88075	1.85334	0
-7.84574	1.77913	-0.297747	-7.84574	1.77913	0
-6.78239	1.85826	-0.315671	-6.78239	1.85826	0
-5.811	1.87352	-0.330523	-5.811	1.87352	0
-4.7825	1.90079	-0.349034	-4.7825	1.90079	0
-3.78409	1.84643	-0.326475	-3.78409	1.84643	0
-2.69238	1.87496	-0.315188	-2.69238	1.87496	0
-1.67611	1.87559	-0.301871	-1.67611	1.87559	0
-0.629045	2.92593	-0.341482	-0.629045	2.92593	0
0.356819	2.9294	-0.300571	0.356819	2.9294	0
1.38559	2.94437	-0.297376	1.38559	2.94437	0
2.46793	2.93284	-0.327207	2.46793	2.93284	0
3.52847	2.88307	-0.312645	3.52847	2.88307	0
4.56792	2.88325	-0.323174	4.56792	2.88325	0
5.69658	2.91276	-0.298867	5.69658	2.91276	0
6.67848	2.84291	-0.293651	6.67848	2.84291	0
7.71281	2.83503	-0.310572	7.71281	2.83503	0
8.78668	2.87902	-0.316861	8.78668	2.87902	0
9.75099	2.86676	-0.305199	9.75099	2.86676	0
10.7948	2.85243	-0.297683	10.7948	2.85243	0
11.8454	2.93334	-0.302192	11.8454	2.93334	0
-10.8759	2.88277	-0.310344	-10.8759	2.88277	0
-9.83979	2.79974	-0.315046	-9.83979	2.79974	0
-8.83946	2.84176	-0.319795	-8.83946	2.84176	0
-7.76581	2.82428	-0.313101	-7.76581	2.82428	0
-6.74413	2.86232	-0.333629	-6.74413	2.86232	0
-5.74121	2.86018	-0.3045	-5.74121	2.86018	0
-4.70895	2.92211	-0.335172	-4.70895	2.92211	0
-3.69417	2.88547	-0.334055	-3.69417	2.88547	0
-2.71487	2.92043	-0.31165	-2.71487	2.92043	0
-1.68148	2.89049	-0.308802	-1.68148	2.89049	0
-0.70015	3.99343	-0.340027	-0.70015	3.99343	0
0.32847	3.95909	-0.306076	0.32847	3.95909	0
1.34603	3.9768	-0.325267	1.34603	3.9768	0
2.49108	3.92341	-0.326844	2.49108	3.92341	0
3.45706	3.90815	-0.325193	3.45706	3.90815	0
4.56315	3.91889	-0.338544	4.56315	3.91889	0
5.5844	3.96505	-0.316311	5.5844	3.96505	0
6.72203	3.8261	-0.316541	6.72203	3.8261	0
7.67598	3.85476	-0.329397	7.67598	3.85476	0
8.74647	3.94331	-0.351573	8.74647	3.94331	0
9.77272	3.93158	-0.346533	9.77272	3.93158	0
10.8085	3.94116	-0.319856	10.8085	3.94116	0
11.9082	3.89356	-0.324416	-11.8778	3.89356	0
-10.8158	3.84105	-0.316442	-10.8158	3.84105	0
-9.81383	3.86634	-0.296347	-9.81383	3.86634	0
-8.82084	3.84247	-0.322534	-8.82084	3.84247	0
-7.76525	3.84059	-0.31733	-7.76525	3.84059	0
-6.80137	3.95922	-0.289641	-6.80137	3.95922	0
-5.70995	3.94104	-0.328153	-5.70995	3.94104	0
-4.71621	3.94888	-0.310418	-4.71621	3.94888	0
-3.74513	3.94478	-0.3308	-3.74513	3.94478	0
-2.74507	3.94797	-0.305972	-2.74507	3.94797	0
-1.70759	3.98333	-0.32933	-1.70759	3.98333	0
-0.607474	5.00348	-0.335459	-0.607474	5.00348	0
0.335716	5.07512	-0.310681	0.335716	5.07512	0
1.44036	4.97182	-0.273006	1.44036	4.97182	0
2.53789	4.98606	-0.289745	2.53789	4.98606	0
3.5224	4.95342	-0.316549	3.5224	4.95342	0
4.52791	4.94687	-0.300449	4.52791	4.94687	0
5.58284	4.95044	-0.334823	5.58284	4.95044	0
6.60426	4.85172	-0.346107	6.60426	4.85172	0
7.64156	4.8827	-0.324523	7.64156	4.8827	0
8.70289	4.90518	-0.295395	8.70289	4.90518	0
9.76789	4.92013	-0.31033	9.76789	4.92013	0
10.8338	4.94073	-0.347261	10.8338	4.94073	0
11.8689	4.94127	-0.292723	11.8689	4.94127	0
-10.8761	4.9121	-0.318823	-10.8761	4.9121	0
-9.85508	4.86449	-0.268773	-9.85508	4.86449	0
-8.86986	4.89712	-0.325257	-8.86986	4.89712	0
-7.84182	4.91632	-0.312214	-7.84182	4.91632	0
-6.77337	4.99485	-0.319996	-6.77337	4.99485	0
-5.7805	4.99282	-0.303701	-5.7805	4.99282	0
-4.74371	5.02512	-0.329014	-4.74371	5.02512	0
-3.69695	4.98338	-0.338276	-3.69695	4.98338	0
-2.68595	4.98625	-0.307763	-2.68595	4.98625	0
-1.62663	5.0174	-0.315466	-1.62663	5.0174	0
-0.682577	6.06943	-0.336801	-0.682577	6.06943	0
0.386256	6.03506	-0.297444	0.386256	6.03506	0
1.54873	6.08608	-0.338536	1.54873	6.08608	0
2.58442	6.02971	-0.322199	2.58442	6.02971	0
3.54218	5.96477	-0.309502	3.54218	5.96477	0
4.56347	5.94927	-0.319243	4.56347	5.94927	0
5.63736	5.95006	-0.342156	5.63736	5.95006	0
6.68257	5.88998	-0.322777	6.68257	5.88998	0
7.69388	5.8706	-0.310237	7.69388	5.8706	0
8.75074	5.94344	-0.316426	8.75074	5.94344	0
9.78678	5.92579	-0.283368	9.78678	5.92579	0
10.8202	5.92587	-0.33429	10.8202	5.92587	0
11.8803	5.9483	-0.292111	11.8803	5.9483	0
-10.9101	5.87917	-0.313011	-10.9101	5.87917	0
-9.83047	5.94112	-0.324307	-9.83047	5.94112	0
-8.83453	5.93478	-0.329791	-8.83453	5.93478	0
-7.80984	5.89369	-0.324421	-7.80984	5.89369	0
-6.85685	5.98739	-0.347819	-6.85685	5.98739	0
-5.76855	6.04575	-0.301212	-5.76855	6.04575	0
-4.73492	6.06196	-0.31324	-4.73492	6.06196	0
-3.72457	6.02409	-0.284387	-3.72457	6.02409	0
-2.70386	5.99233	-0.322842	-2.70386	5.99233	0
-1.6625	6.03329	-0.302163	-1.6625	6.03329	0
-0.637807	7.06664	-0.346892	-0.637807	7.06664	0
0.426313	7.03175	-0.301361	0.426313	7.03175	0
1.49322	7.08488	-0.330652	1.49322	7.08488	0
2.48295	7.06263	-0.315344	2.48295	7.06263	0
3.59376	6.9654	-0.327406	3.59376	6.9654	0
4.58261	7.00123	-0.298768	4.58261	7.00123	0
5.59212	7.01111	-0.298664	5.59212	7.01111	0
6.68886	6.92942	-0.325524	6.68886	6.92942	0
7.70382	6.95892	-0.265068	7.70382	6.95892	0
8.69082	6.9465	-0.306815	8.69082	6.9465	0
9.7608	6.94654	-0.318959	9.7608	6.94654	0
10.752	6.99917	-0.338075	10.752	6.99917	0
-11.9966	6.95681	-0.318875	11.7894	6.95681	0
-10.9022	6.94623	-0.351475	-10.9022	6.94623	0
-9.85507	6.96401	-0.327912	-9.85507	6.96401	0
-8.84033	6.98693	-0.33931	-8.84033	6.98693	0
-7.8538	6.99751	-0.293943	-7.8538	6.99751	0
-6.81004	7.03789	-0.291687	-6.81004	7.03789	0
-5.80594	7.04992	-0.329752	-5.80594	7.04992	0
-4.74428	7.07299	-0.31824	-4.74428	7.07299	0
-3.72295	7.08764	-0.338772	-3.72295	7.08764	0
-2.72743	7.06892	-0.306786	-2.72743	7.06892	0
-1.6992	7.09492	-0.330628	-1.6992	7.09492	0
-0.601649	8.14563	-0.314058	-0.601649	8.14563	0
0.386344	8.06623	-0.307685	0.386344	8.06623	0
1.42187	8.08218	-0.322896	1.42187	8.08218	0
2.54162	8.08277	-0.310229	2.54162	8.08277	0
3.53049	8.02325	-0.297937	3.53049	8.02325	0
4.55361	8.0216	-0.322792	4.55361	8.0216	0
5.63929	8.02318	-0.316238	5.63929	8.02318	0
6.63808	8.02513	-0.333357	6.63808	8.02513	0
7.65484	7.98346	-0.306166	7.65484	7.98346	0
8.75652	7.99014	-0.311113	8.75652	7.99014	0
9.69508	8.02133	-0.287626	9.69508	8.02133	0
10.8499	7.97329	-0.325334	10.8499	7.97329	0
11.918	8.02244	-0.329814	-11.868	8.02244	0
-10.8682	7.96824	-0.298443	-10.8682	7.96824	0
-9.87904	8.05373	-0.280519	-9.87904	8.05373	0
-8.85411	8.06288	-0.322698	-8.85411	8.06288	0
-7.7819	8.0393	-0.313272	-7.7819	8.0393	0
-6.83834	8.07207	-0.328073	-6.83834	8.07207	0
-5.74843	8.0489	-0.312765	-5.74843	8.0489	0
-4.72495	8.13376	-0.32754	-4.72495	8.13376	0
-3.69473	8.07856	-0.333936	-3.69473	8.07856	0
-2.71496	8.11089	-0.320863	-2.71496	8.11089	0
-1.64264	8.1265	-0.342128	-1.64264	8.1265	0
-0.61747	9.13634	-0.334341	-0.61747	9.13634	0
0.45785	9.12319	-0.316366	0.45785	9.12319	0
1.48242	9.04993	-0.317639	1.48242	9.04993	0
2.52085	9.07634	-0.325893	2.52085	9.07634	0
3.57559	9.09277	-0.302554	3.57559	9.09277	0
4.57153	9.05106	-0.290442	4.57153	9.05106	0
5.54453	9.0411	-0.300271	5.54453	9.0411	0
6.60103	9.07157	-0.360749	6.60103	9.07157	0
7.67644	9.02251	-0.336571	7.67644	9.02251	0
8.69604	9.00008	-0.320418	8.69604	9.00008	0
9.77235	9.05461	-0.304293	9.77235	9.05461	0
10.8341	9.00614	-0.326582	10.8341	9.00614	0
11.8483	9.0229	-0.336089	11.8483	9.0229	0
-10.8795	9.06781	-0.299742	-10.8795	9.06781	0
-9.84408	9.15026	-0.311464	-9.84408	9.15026	0
-8.85298	9.04316	-0.34665	-8.85298	9.04316	0
-7.80045	9.06468	-0.289946	-7.80045	9.06468	0
-6.74139	9.10774	-0.291669	-6.74139	9.10774	0
-5.74209	9.0481	-0.297105	-5.74209	9.0481	0
-4.66664	9.15542	-0.305968	-4.66664	9.15542	0
-3.65503	9.11578	-0.328997	-3.65503	9.11578	0
-2.64332	9.17587	-0.339962	-2.64332	9.17587	0
-1.63144	9.17174	-0.318036	-1.63144	9.17174	0
-0.527196	10.2138	-0.306431	-0.527196	10.2138	0
0.489484	10.1295	-0.311479	0.489484	10.1295	0
1.52127	10.0968	-0.291946	1.52127	10.0968	0
2.44776	10.1108	-0.306987	2.44776	10.1108	0
3.49389	10.1089	-0.331733	3.49389	10.1089	0
4.61693	10.0926	-0.328075	4.61693	10.0926	0
5.61891	10.0771	-0.328925	5.61891	10.0771	0
6.65511	10.0958	-0.345777	6.65511	10.0958	0
7.65652	10.0615	-0.33704	7.65652	10.0615	0
8.68498	10.0402	-0.340409	8.68498	10.0402	0
9.79323	10.0138	-0.314474	9.79323	10.0138	0
10.8024	10.0466	-0.301477	10.8024	10.0466	0
11.7722	10.0356	-0.311427	11.7722	10.0356	0
-10.9255	10.1107	-0.355177	-10.9255	10.1107	0
-9.85145	10.1382	-0.335754	-9.85145	10.1382	0
-8.84696	10.1001	-0.312838	-8.84696	10.1001	0
-7.82416	10.0619	-0.299141	-7.82416	10.0619	0
-6.73467	10.1041	-0.312017	-6.73467	10.1041	0
-5.69881	10.112	-0.330353	-5.69881	10.112	0
-4.69584	10.1559	-0.286811	-4.69584	10.1559	0
-3.64764	10.1578	-0.327541	-3.64764	10.1578	0
-2.58874	10.2084	-0.324108	-2.58874	10.2084	0
-1.56542	10.2326	-0.344779	-1.56542	10.2326	0
-0.543641	11.1917	-0.313606	-0.543641	11.1917	0
0.473204	11.2229	-0.342237	0.473204	11.2229	0
1.47948	11.1578	-0.310101	1.47948	11.1578	0
2.49353	11.1845	-0.329165	2.49353	11.1845	0
3.53725	11.0843	-0.323364	3.53725	11.0843	0
4.544	11.1305	-0.327178	4.544	11.1305	0
5.5584	11.063	-0.297451	5.5584	11.063	0
6.56856	11.1122	-0.292183	6.56856	11.1122	0
7.62869	11.0831	-0.328375	7.62869	11.0831	0
8.66429	11.033	-0.337522	8.66429	11.033	0
9.8072	11.0948	-0.315548	9.8072	11.0948	0
10.7729	11.0744	-0.318872	10.7729	11.0744	0
11.8405	11.0429	-0.335877	11.8405	11.0429	0
-10.9126	11.0857	-0.320699	-10.9126	11.0857	0
-9.86252	11.1449	-0.326236	-9.86252	11.1449	0
-8.84255	11.1403	-0.311819	-8.84255	11.1403	0
-7.79054	11.0672	-0.32216	-7.79054	11.0672	0
-6.75408	11.1138	-0.314822	-6.75408	11.1138	0
-5.70242	11.1794	-0.32442	-5.70242	11.1794	0
-4.66165	11.1945	-0.307036	-4.66165	11.1945	0
-3.63882	11.2064	-0.312792	-3.63882	11.2064	0
-2.64688	11.2295	-0.351846	-2.64688	11.2295	0
-1.56171	11.2582	-0.299995	-1.56171	11.2582	0
-0.497723	-11.5439	-0.32433	-0.497723	-11.5439	0
0.473642	-11.5301	-0.326122	0.473642	-11.5301	0
1.48452	-11.5675	-0.33577	1.48452	-11.5675	0
2.56712	-11.6238	-0.329342	2.56712	-11.6238	0
3.53785	-11.672	-0.318592	3.53785	-11.672	0
4.55497	-11.7097	-0.318209	4.55497	-11.7097	0
5.58364	-11.6547	-0.303409	5.58364	-11.6547	0
6.67323	-11.6668	-0.291808	6.67323	-11.6668	0
7.71275	-11.6462	-0.312661	7.71275	-11.6462	0
8.74391	-11.7077	-0.304277	8.74391	-11.7077	0
9.7629	-11.6958	-0.3183	9.7629	-11.6958	0
10.8178	-11.6731	-0.329234	10.8178	-11.6731	0
11.8092	-11.67	-0.282939	11.8092	-11.67	0
-10.9956	-11.6786	-0.326898	-10.9956	-11.6786	0
-9.95043	-11.6013	-0.329018	-9.95043	-11.6013	0
-8.91495	-11.5878	-0.304905	-8.91495	-11.5878	0
-7.81888	-11.5914	-0.327795	-7.81888	-11.5914	0
-6.77741	-11.6473	-0.30176	-6.77741	-11.6473	0
-5.68369	-11.6086	-0.315414	-5.68369	-11.6086	0
-4.69383	-11.5685	-0.311083	-4.69383	-11.5685	0
-3.66692	-11.5545	-0.299804	-3.66692	-11.5545	0
-2.58973	-11.5608	-0.326119	-2.58973	-11.5608	0
-1.57327	-11.5318	-0.341723	-1.57327	-11.5318	0
-0.565878	-10.5321	-0.30861	-0.565878	-10.5321	0
0.466532	-10.4911	-0.31144	0.466532	-10.4911	0
1.49981	-10.5229	-0.326505	1.49981	-10.5229	0
2.50043	-10.6145	-0.329452	2.50043	-10.6145	0
3.56102	-10.6336	-0.318755	3.56102	-10.6336	0
4.58453	-10.603	-0.289773	4.58453	-10.603	0
5.60695	-10.5597	-0.321454	5.60695	-10.5597	0
6.64006	-10.5988	-0.330198	6.64006	-10.5988	0
7.651	-10.6136	-0.305913	7.651	-10.6136	0
8.72999	-10.6554	-0.327131	8.72999	-10.6554	0
9.74242	-10.6328	-0.313393	9.74242	-10.6328	0
10.7845	-10.6096	-0.34012	10.7845	-10.6096	0
11.7586	-10.653	-0.325304	11.7586	-10.653	0
-11.0098	-10.6374	-0.344834	-11.0098	-10.6374	0
-9.97101	-10.5908	-0.278138	-9.97101	-10.5908	0
-8.95158	-10.5875	-0.315967	-8.95158	-10.5875	0
-7.82689	-10.6194	-0.290473	-7.82689	-10.6194	0
-6.79726	-10.5465	-0.304735	-6.79726	-10.5465	0
-5.7744	-10.63	-0.316686	-5.7744	-10.63	0
-4.65859	-10.5736	-0.326279	-4.65859	-10.5736	0
-3.65685	-10.5389	-0.321066	-3.65685	-10.5389	0
-2.60294	-10.5363	-0.317844	-2.60294	-10.5363	0
-1.62159	-10.5187	-0.32163	-1.62159	-10.5187	0
-0.60524	-9.49296	-0.327009	-0.60524	-9.49296	0
0.459411	-9.50684	-0.321036	0.459411	-9.50684	0
1.51178	-9.51513	-0.322789	1.51178	-9.51513	0
2.54273	-9.55109	-0.29918	2.54273	-9.55109	0
3.53792	-9.53474	-0.309134	3.53792	-9.53474	0
4.59363	-9.56455	-0.298646	4.59363	-9.56455	0
5.62684	-9.51287	-0.339833	5.62684	-9.51287	0
6.62605	-9.56441	-0.303815	6.62605	-9.56441	0
7.67551	-9.54621	-0.338481	7.67551	-9.54621	0
8.73721	-9.55365	-0.30328	8.73721	-9.55365	0
9.75824	-9.62375	-0.337413	9.75824	-9.62375	0
10.7369	-9.54999	-0.324087	10.7369	-9.54999	0
11.773	-9.60692	-0.326586	11.773	-9.60692	0
-10.9897	-9.61778	-0.346406	-10.9897	-9.61778	0
-9.95719	-9.62111	-0.293371	-9.95719	-9.62111	0
-8.89245	-9.58072	-0.31629	-8.89245	-9.58072	0
-7.91166	-9.61738	-0.294635	-7.91166	-9.61738	0
-6.83393	-9.49485	-0.316961	-6.83393	-9.49485	0
-5.74718	-9.49939	-0.342065	-5.74718	-9.49939	0
-4.74569	-9.5473	-0.322271	-4.74569	-9.5473	0
-3.67497	-9.50605	-0.317266	-3.67497	-9.50605	0
-2.68062	-9.51155	-0.325565	-2.68062	-9.51155	0
-1.59337	-9.49884	-0.344394	-1.59337	-9.49884	0
-0.620548	-8.47275	-0.302605	-0.620548	-8.47275	0
0.436038	-8.49993	-0.322407	0.436038	-8.49993	0
1.46735	-8.51117	-0.310927	1.46735	-8.51117	0
2.44924	-8.51832	-0.3193	2.44924	-8.51832	0
3.49798	-8.49582	-0.316273	3.49798	-8.49582	0
4.58467	-8.48712	-0.330156	4.58467	-8.48712	0
5.58422	-8.52951	-0.33173	5.58422	-8.52951	0
6.60517	-8.51308	-0.305905	6.60517	-8.51308	0
7.61241	-8.57755	-0.312601	7.61241	-8.57755	0
8.62649	-8.56419	-0.285873	8.62649	-8.56419	0
9.7235	-8.56427	-0.304786	9.7235	-8.56427	0
10.7401	-8.56385	-0.280392	10.7401	-8.56385	0
11.8163	-8.59641	-0.307379	11.8163	-8.59641	0
-10.9646	-8.58873	-0.33468	-10.9646	-8.58873	0
-9.89321	-8.60236	-0.366691	-9.89321	-8.60236	0
-8.89388	-8.62211	-0.34044	-8.89388	-8.62211	0
-7.93766	-8.60955	-0.3375	-7.93766	-8.60955	0
-6.81163	-8.52175	-0.330714	-6.81163	-8.52175	0
-5.74938	-8.49814	-0.317534	-5.74938	-8.49814	0
-4.70577	-8.52004	-0.320489	-4.70577	-8.52004	0
-3.7013	-8.48551	-0.300264	-3.7013	-8.48551	0
-2.68295	-8.48278	-0.352698	-2.68295	-8.48278	0
-1.67598	-8.44229	-0.310386	-1.67598	-8.44229	0
-0.621681	-7.4335	-0.34063	-0.621681	-7.4335	0
0.414107	-7.46382	-0.344555	0.414107	-7.46382	0
1.48381	-7.49819	-0.314045	1.48381	-7.49819	0
2.565	-7.45998	-0.318878	2.565	-7.45998	0
3.63042	-7.50292	-0.306287	3.63042	-7.50292	0
4.59281	-7.47792	-0.293338	4.59281	-7.47792	0
5.60758	-7.47166	-0.342789	5.60758	-7.47166	0
6.62725	-7.48541	-0.322486	6.62725	-7.48541	0
7.66412	-7.48448	-0.321416	7.66412	-7.48448	0
8.6911	-7.51318	-0.295956	8.6911	-7.51318	0
9.70926	-7.54475	-0.321009	9.70926	-7.54475	0
10.725	-7.5481	-0.326188	10.725	-7.5481	0
11.8346	-7.50404	-0.304413	11.8346	-7.50404	0
-10.9003	-7.57882	-0.339355	-10.9003	-7.57882	0
-9.87218	-7.54166	-0.321046	-9.87218	-7.54166	0
-8.83302	-7.56785	-0.305984	-8.83302	-7.56785	0
-7.85666	-7.53533	-0.338291	-7.85666	-7.53533	0
-6.85113	-7.52764	-0.326538	-6.85113	-7.52764	0
-5.80815	-7.48006	-0.285748	-5.80815	-7.48006	0
-4.74945	-7.50389	-0.323023	-4.74945	-7.50389	0
-3.67573	-7.47725	-0.320662	-3.67573	-7.47725	0
-2.66465	-7.43879	-0.305232	-2.66465	-7.43879	0
-1.65936	-7.43248	-0.333808	-1.65936	-7.43248	0
-0.613883	-6.41153	-0.297392	-0.613883	-6.41153	0
0.435399	-6.46656	-0.306705	0.435399	-6.46656	0
1.47221	-6.39912	-0.317909	1.47221	-6.39912	0
2.51947	-6.4557	-0.276809	2.51947	-6.4557	0
3.57517	-6.43931	-0.305279	3.57517	-6.43931	0
4.57708	-6.46701	-0.30459	4.57708	-6.46701	0
5.62645	-6.48114	-0.308527	5.62645	-6.48114	0
6.64982	-6.47291	-0.322768	6.64982	-6.47291	0
7.65868	-6.47057	-0.314567	7.65868	-6.47057	0
8.69778	-6.42471	-0.298178	8.69778	-6.42471	0
9.77675	-6.44931	-0.311657	9.77675	-6.44931	0
10.7843	-6.44826	-0.287623	10.7843	-6.44826	0
11.8356	-6.46953	-0.31929	11.8356	-6.46953	0
-10.946	-6.53016	-0.326058	-10.946	-6.53016	0
-9.93179	-6.51746	-0.307953	-9.93179	-6.51746	0
-8.91655	-6.52159	-0.305346	-8.91655	-6.52159	0
-7.83431	-6.46881	-0.280305	-7.83431	-6.46881	0
-6.80776	-6.45667	-0.322901	-6.80776	-6.45667	0
-5.78025	-6.4896	-0.350211	-5.78025	-6.4896	0
-4.75095	-6.41662	-0.303922	-4.75095	-6.41662	0
-3.7385	-6.42423	-0.309762	-3.7385	-6.42423	0
-2.66065	-6.37112	-0.293368	-2.66065	-6.37112	0
-1.66698	-6.43063	-0.321544	-1.66698	-6.43063	0
-0.564363	-5.40983	-0.316362	-0.564363	-5.40983	0
0.455049	-5.40428	-0.321658	0.455049	-5.40428	0
1.49438	-5.37257	-0.327711	1.49438	-5.37257	0
2.53845	-5.46687	-0.327288	2.53845	-5.46687	0
3.5688	-5.40713	-0.306092	3.5688	-5.40713	0
4.62787	-5.42	-0.296755	4.62787	-5.42	0
5.63137	-5.4103	-0.335037	5.63137	-5.4103	0
6.64903	-5.38638	-0.308649	6.64903	-5.38638	0
7.66153	-5.40361	-0.319587	7.66153	-5.40361	0
8.76731	-5.39239	-0.339819	8.76731	-5.39239	0
9.8342	-5.42848	-0.326092	9.8342	-5.42848	0
10.8102	-5.42743	-0.310932	10.8102	-5.42743	0
11.8176	-5.47632	-0.31666	11.8176	-5.47632	0
-10.9176	-5.5073	-0.302391	-10.9176	-5.5073	0
-9.85895	-5.43497	-0.315803	-9.85895	-5.43497	0
-8.84865	-5.43711	-0.305603	-8.84865	-5.43711	0
-7.83909	-5.4271	-0.302433	-7.83909	-5.4271	0
-6.78491	-5.38024	-0.341925	-6.78491	-5.38024	0
-5.76886	-5.39717	-0.355429	-5.76886	-5.39717	0
-4.7406	-5.39796	-0.340561	-4.7406	-5.39796	0
-3.70424	-5.36156	-0.313654	-3.70424	-5.36156	0
-2.68777	-5.34301	-0.325566	-2.68777	-5.34301	0
-1.6312	-5.42527	-0.333748	-1.6312	-5.42527	0
-0.606093	-4.41923	-0.321437	-0.606093	-4.41923	0
0.412449	-4.37243	-0.308293	0.412449	-4.37243	0
1.45291	-4.34014	-0.309875	1.45291	-4.34014	0
2.51445	-4.3397	-0.312072	2.51445	-4.3397	0
3.53314	-4.42523	-0.319922	3.53314	-4.42523	0
4.56329	-4.40101	-0.35241	4.56329	-4.40101	0
5.62146	-4.3814	-0.34471	5.62146	-4.3814	0
6.7007	-4.36036	-0.278084	6.7007	-4.36036	0
7.73761	-4.35731	-0.323548	7.73761	-4.35731	0
8.75499	-4.39031	-0.309816	8.75499	-4.39031	0
9.761	-4.35924	-0.326901	9.761	-4.35924	0
10.7979	-4.37829	-0.312129	10.7979	-4.37829	0
-11.9405	-4.46057	-0.311006	11.8455	-4.46057	0
-10.9464	-4.48665	-0.314698	-10.9464	-4.48665	0
-9.93485	-4.4203	-0.305049	-9.93485	-4.4203	0
-8.88664	-4.37637	-0.309508	-8.88664	-4.37637	0
-7.81911	-4.35155	-0.351548	-7.81911	-4.35155	0
-6.77366	-4.32586	-0.333752	-6.77366	-4.32586	0
-5.77007	-4.34953	-0.303889	-5.77007	-4.34953	0
-4.74338	-4.35761	-0.268936	-4.74338	-4.35761	0
-3.73792	-4.24983	-0.305849	-3.73792	-4.24983	0
-2.6185	-4.3514	-0.306151	-2.6185	-4.3514	0
-1.63573	-4.39121	-0.3126	-1.63573	-4.39121	0
-0.651539	-3.32183	-0.314751	-0.651539	-3.32183	0
0.400386	-3.29018	-0.338878	0.400386	-3.29018	0
1.42391	-3.27149	-0.307973	1.42391	-3.27149	0
2.45717	-3.3364	-0.31085	2.45717	-3.3364	0
3.53144	-3.40306	-0.328358	3.53144	-3.40306	0
4.55151	-3.37401	-0.344336	4.55151	-3.37401	0
5.57328	-3.40992	-0.316468	5.57328	-3.40992	0
6.61915	-3.34407	-0.345477	6.61915	-3.34407	0
7.64044	-3.30011	-0.282947	7.64044	-3.30011	0
8.76198	-3.35432	-0.285561	8.76198	-3.35432	0
9.76793	-3.34789	-0.320416	9.76793	-3.34789	0
10.7789	-3.36996	-0.3076	10.7789	-3.36996	0
11.8555	-3.30291	-0.302404	11.8555	-3.30291	0
-10.9136	-3.38361	-0.30967	-10.9136	-3.38361	0
-9.89901	-3.36969	-0.311632	-9.89901	-3.36969	0
-8.81244	-3.35016	-0.314718	-8.81244	-3.35016	0
-7.8102	-3.38492	-0.31483	-7.8102	-3.38492	0
-6.84606	-3.26715	-0.325376	-6.84606	-3.26715	0
-5.77904	-3.31823	-0.318235	-5.77904	-3.31823	0
-4.79491	-3.32529	-0.320297	-4.79491	-3.32529	0
-3.73086	-3.23846	-0.341398	-3.73086	-3.23846	0
-2.69332	-3.30053	-0.351348	-2.69332	-3.30053	0
-1.69055	-3.31524	-0.311162	-1.69055	-3.31524	0
-0.580001	-2.28978	-0.329684	-0.580001	-2.28978	0
0.418918	-2.26747	-0.302116	0.418918	-2.26747	0
1.48489	-2.23411	-0.321929	1.48489	-2.23411	0
2.52235	-2.29003	-0.329947	2.52235	-2.29003	0
3.55789	-2.33536	-0.296092	3.55789	-2.33536	0
4.60112	-2.31415	-0.315802	4.60112	-2.31415	0
5.60574	-2.3526	-0.311859	5.60574	-2.3526	0
6.65749	-2.31834	-0.322499	6.65749	-2.31834	0
7.71017	-2.3111	-0.322796	7.71017	-2.3111	0
8.7044	-2.34623	-0.30047	8.7044	-2.34623	0
9.81494	-2.33587	-0.330429	9.81494	-2.33587	0
10.8208	-2.32659	-0.315672	10.8208	-2.32659	0
11.8215	-2.31969	-0.297475	11.8215	-2.31969	0
-10.8586	-2.28705	-0.339167	-10.8586	-2.28705	0
-9.85991	-2.35626	-0.309955	-9.85991	-2.35626	0
-8.85884	-2.33111	-0.322401	-8.85884	-2.33111	0
-7.8146	-2.33682	-0.332352	-7.8146	-2.33682	0
-6.79312	-2.27986	-0.291854	-6.79312	-2.27986	0
-5.76766	-2.30675	-0.297823	-5.76766	-2.30675	0
-4.72811	-2.26103	-0.314242	-4.72811	-2.26103	0
-3.7244	-2.26642	-0.301547	-3.7244	-2.26642	0
-2.68058	-2.25363	-0.29813	-2.68058	-2.25363	0
-1.68193	-2.31546	-0.318288	-1.68193	-2.31546	0
-0.616599	-1.22808	-0.327356	-0.616599	-1.22808	0
0.443724	-1.25232	-0.330675	0.443724	-1.25232	0
1.49106	-1.17088	-0.314202	1.49106	-1.17088	0
2.5227	-1.27817	-0.329751	2.5227	-1.27817	0
3.5697	-1.29296	-0.344633	3.5697	-1.29296	0
4.61488	-1.25252	-0.280917	4.61488	-1.25252	0
5.63185	-1.27275	-0.319262	5.63185	-1.27275	0
6.6271	-1.23187	-0.300434	6.6271	-1.23187	0
7.65563	-1.33368	-0.317621	7.65563	-1.33368	0
8.72216	-1.30555	-0.307298	8.72216	-1.30555	0
9.76022	-1.25612	-0.327514	9.76022	-1.25612	0
10.7968	-1.32427	-0.308083	10.7968	-1.32427	0
11.8072	-1.25422	-0.310561	11.8072	-1.25422	0
-10.9164	-1.26142	-0.299843	-10.9164	-1.26142	0
-9.93091	-1.27648	-0.31529	-9.93091	-1.27648	0
-8.7781	-1.29113	-0.319847	-8.7781	-1.29113	0
-7.76736	-1.29351	-0.329807	-7.76736	-1.29351	0
-6.77724	-1.29501	-0.340043	-6.77724	-1.29501	0
-5.75308	-1.21657	-0.291974	-5.75308	-1.21657	0
-4.73145	-1.24285	-0.32157	-4.73145	-1.24285	0
-3.67387	-1.21271	-0.334687	-3.67387	-1.21271	0
-2.65752	-1.24276	-0.285471	-2.65752	-1.24276	0
-1.63608	-1.27011	-0.307976	-1.63608	-1.27011	0
-0.0487137	0.27422	0.31251	-0.0487137	0.27422	0
0.95628	0.349491	0.307428	0.95628	0.349491	0
1.96978	0.361447	0.311629	1.96978	0.361447	0
3.02629	0.289125	0.324789	3.02629	0.289125	0
4.08124	0.239047	0.336616	4.08124	0.239047	0
5.09602	0.307423	0.305003	5.09602	0.307423	0
6.15053	0.315695	0.301558	6.15053	0.315695	0
7.16041	0.258645	0.309125	7.16041	0.258645	0
8.16426	0.215502	0.313033	8.16426	0.215502	0
9.18627	0.209323	0.33202	9.18627	0.209323	0
10.2336	0.270832	0.298196	10.2336	0.270832	0
11.2564	0.231527	0.331175	11.2564	0.231527	0
-11.4595	0.262395	0.313564	-11.4595	0.262395	0
-10.4588	0.24117	0.289628	-10.4588	0.24117	0
-9.44023	0.229607	0.313978	-9.44023	0.229607	0
-8.39003	0.269361	0.289899	-8.39003	0.269361	0
-7.30971	0.328646	0.309644	-7.30971	0.328646	0
-6.32197	0.258009	0.316609	-6.32197	0.258009	0
-5.27438	0.323561	0.313494	-5.27438	0.323561	0
-4.24196	0.263096	0.325388	-4.24196	0.263096	0
-3.19302	0.330694	0.314562	-3.19302	0.330694	0
-2.1227	0.239024	0.328173	-2.1227	0.239024	0
-1.15731	0.288607	0.301734	-1.15731	0.288607	0
-0.0963265	1.34646	0.32707	-0.0963265	1.34646	0
0.910577	1.37484	0.31421	0.910577	1.37484	0
1.94476	1.38373	0.316173	1.94476	1.38373	0
3.01166	1.35373	0.290992	3.01166	1.35373	0
4.07056	1.36224	0.326784	4.07056	1.36224	0
5.14565	1.28926	0.317174	5.14565	1.28926	0
6.15965	1.38653	0.307435	6.15965	1.38653	0
7.17425	1.30804	0.311005	7.17425	1.30804	0
8.22821	1.2794	0.319099	8.22821	1.2794	0
9.24011	1.32078	0.303087	9.24011	1.32078	0
10.2661	1.35796	0.32011	10.2661	1.35796	0
11.2776	1.29938	0.296605	11.2776	1.29938	0
-11.4855	1.31949	0.321358	-11.4855	1.31949	0
-10.4538	1.28571	0.309961	-10.4538	1.28571	0
-9.39839	1.30195	0.316468	-9.39839	1.30195	0
-8.43686	1.27859	0.32552	-8.43686	1.27859	0
-7.26944	1.26005	0.330801	-7.26944	1.26005	0
-6.28101	1.3521	0.317257	-6.28101	1.3521	0
-5.31846	1.36172	0.292254	-5.31846	1.36172	0
-4.26808	1.33776	0.313549	-4.26808	1.33776	0
-3.23286	1.34963	0.319253	-3.23286	1.34963	0
-2.21513	1.36546	0.322266	-2.21513	1.36546	0
-1.17137	1.35773	0.322447	-1.17137	1.35773	0
-0.126654	2.37358	0.29616	-0.126654	2.37358	0
0.899342	2.37689	0.315422	0.899342	2.37689	0
1.94805	2.42004	0.32541	1.94805	2.42004	0
3.00129	2.39508	0.31297	3.00129	2.39508	0
4.14288	2.37979	0.320644	4.14288	2.37979	0
5.11958	2.41005	0.29604	5.11958	2.41005	0
6.20401	2.37085	0.324576	6.20401	2.37085	0
7.22427	2.2916	0.343406	7.22427	2.2916	0
8.24991	2.31898	0.285733	8.24991	2.31898	0
9.2203	2.34553	0.308435	9.2203	2.34553	0
10.2476	2.36909	0.336652	10.2476	2.36909	0
11.2976	2.34072	0.311569	11.2976	2.34072	0
-11.4767	2.37453	0.316305	-11.4767	2.37453	0
-10.4028	2.3577	0.314165	-10.4028	2.3577	0
-9.38505	2.29541	0.320594	-9.38505	2.29541	0
-8.30515	2.32257	0.312186	-8.30515	2.32257	0
-7.28364	2.30938	0.323197	-7.28364	2.30938	0
-6.25285	2.40227	0.325218	-6.25285	2.40227	0
-5.24476	2.37438	0.332178	-5.24476	2.37438	0
-4.24851	2.38794	0.3368	-4.24851	2.38794	0
-3.20404	2.40571	0.333022	-3.20404	2.40571	0
-2.1908	2.43723	0.32693	-2.1908	2.43723	0
-1.08926	2.40587	0.287108	-1.08926	2.40587	0
-0.176691	3.44657	0.314334	-0.176691	3.44657	0
0.900077	3.41256	0.338378	0.900077	3.41256	0
1.93137	3.4536	0.311363	1.93137	3.4536	0
3.00026	3.38055	0.326619	3.00026	3.38055	0
4.04211	3.45474	0.322539	4.04211	3.45474	0
5.05033	3.38351	0.30459	5.05033	3.38351	0
6.16502	3.47061	0.317083	6.16502	3.47061	0
7.23905	3.33007	0.331218	7.23905	3.33007	0
8.28274	3.37059	0.335667	8.28274	3.37059	0
9.28794	3.43674	0.303995	9.28794	3.43674	0
10.281	3.40959	0.320175	10.281	3.40959	0
11.3451	3.44093	0.316864	11.3451	3.44093	0
-11.3776	3.41803	0.346155	-11.3776	3.41803	0
-10.3456	3.38537	0.32381	-10.3456	3.38537	0
-9.35629	3.36509	0.315554	-9.35629	3.36509	0
-8.31637	3.34943	0.32726	-8.31637	3.34943	0
-7.22928	3.34744	0.335357	-7.22928	3.34744	0
-6.26679	3.41082	0.306243	-6.26679	3.41082	0
-5.21726	3.39251	0.331334	-5.21726	3.39251	0
-4.21891	3.4329	0.329868	-4.21891	3.4329	0
-3.24181	3.42345	0.309605	-3.24181	3.42345	0
-2.20017	3.4508	0.307883	-2.20017	3.4508	0
-1.15794	3.44287	0.296957	-1.15794	3.44287	0
-0.167823	4.4898	0.325572	-0.167823	4.4898	0
0.810068	4.5064	0.31902	0.810068	4.5064	0
1.96063	4.43257	0.318074	1.96063	4.43257	0
3.00685	4.45626	0.326907	3.00685	4.45626	0
3.98295	4.44214	0.317583	3.98295	4.44214	0
5.01836	4.41432	0.316189	5.01836	4.41432	0
6.07842	4.46851	0.324779	6.07842	4.46851	0
7.19641	4.3313	0.318618	7.19641	4.3313	0
8.19173	4.38962	0.304075	8.19173	4.38962	0
9.25592	4.42739	0.328559	9.25592	4.42739	0
10.3131	4.41195	0.28326	10.3131	4.41195	0
11.3706	4.44014	0.316879	11.3706	4.44014	0
-11.3361	4.42757	0.317724	-11.3361	4.42757	0
-10.3809	4.36044	0.314269	-10.3809	4.36044	0
-9.33319	4.37118	0.330982	-9.33319	4.37118	0
-8.33249	4.34362	0.315994	-8.33249	4.34362	0
-7.31024	4.43336	0.315344	-7.31024	4.43336	0
-6.25155	4.41481	0.337629	-6.25155	4.41481	0
-5.23646	4.44846	0.321519	-5.23646	4.44846	0
-4.24897	4.44178	0.332862	-4.24897	4.44178	0
-3.25461	4.46928	0.318551	-3.25461	4.46928	0
-2.20565	4.47194	0.314667	-2.20565	4.47194	0
-1.15357	4.49903	0.324629	-1.15357	4.49903	0
-0.137432	5.53145	0.325047	-0.137432	5.53145	0
0.932859	5.55316	0.315503	0.932859	5.55316	0
2.00838	5.54276	0.312628	2.00838	5.54276	0
2.99572	5.46014	0.315879	2.99572	5.46014	0
4.10227	5.43943	0.323666	4.10227	5.43943	0
5.13599	5.43787	0.316191	5.13599	5.43787	0
6.136	5.44023	0.308052	6.136	5.44023	0
7.16185	5.39527	0.34816	7.16185	5.39527	0
8.19508	5.39774	0.341021	8.19508	5.39774	0
9.24404	5.46738	0.334867	9.24404	5.46738	0
10.3527	5.38069	0.315294	10.3527	5.38069	0
11.3736	5.44888	0.336076	11.3736	5.44888	0
-11.4021	5.38911	0.343028	-11.4021	5.38911	0
-10.3733	5.38434	0.310597	-10.3733	5.38434	0
-9.34607	5.43545	0.321459	-9.34607	5.43545	0
-8.33192	5.43164	0.293248	-8.33192	5.43164	0
-7.30993	5.44853	0.319719	-7.30993	5.44853	0
-6.29989	5.46387	0.329892	-6.29989	5.46387	0
-5.18926	5.51162	0.33039	-5.18926	5.51162	0
-4.21779	5.45392	0.307382	-4.21779	5.45392	0
-3.20718	5.49515	0.302008	-3.20718	5.49515	0
-2.17401	5.52305	0.289752	-2.17401	5.52305	0
-1.1419	5.5361	0.313665	-1.1419	5.5361	0
-0.181816	6.55207	0.315842	-0.181816	6.55207	0
0.969481	6.56015	0.318792	0.969481	6.56015	0
2.03829	6.58309	0.347655	2.03829	6.58309	0
3.04019	6.55433	0.339978	3.04019	6.55433	0
4.08572	6.43092	0.326709	4.08572	6.43092	0
5.13358	6.45904	0.305516	5.13358	6.45904	0
6.14639	6.4344	0.312782	6.14639	6.4344	0
7.15647	6.42032	0.321895	7.15647	6.42032	0
8.19696	6.40808	0.330635	8.19696	6.40808	0
9.2011	6.50163	0.310278	9.2011	6.50163	0
10.3127	6.44069	0.323809	10.3127	6.44069	0
11.3449	6.45256	0.313551	11.3449	6.45256	0
-11.3924	6.43959	0.33096	-11.3924	6.43959	0
-10.379	6.43705	0.295909	-10.379	6.43705	0
-9.31497	6.45001	0.32122	-9.31497	6.45001	0
-8.31506	6.45719	0.340125	-8.31506	6.45719	0
-7.30783	6.52545	0.316324	-7.30783	6.52545	0
-6.31635	6.51913	0.301128	-6.31635	6.51913	0
-5.27501	6.56377	0.324661	-5.27501	6.56377	0
-4.23433	6.54846	0.320947	-4.23433	6.54846	0
-3.24921	6.51276	0.263909	-3.24921	6.51276	0
-2.26213	6.54205	0.292886	-2.26213	6.54205	0
-1.21638	6.62883	0.313215	-1.21638	6.62883	0
-0.156896	7.56802	0.334701	-0.156896	7.56802	0
0.973636	7.52437	0.313278	0.973636	7.52437	0
1.96189	7.58888	0.323465	1.96189	7.58888	0
3.02054	7.52768	0.316884	3.02054	7.52768	0
4.05085	7.4835	0.326754	4.05085	7.4835	0
5.11482	7.53304	0.327052	5.11482	7.53304	0
6.13851	7.52166	0.305917	6.13851	7.52166	0
7.14128	7.50111	0.342117	7.14128	7.50111	0
8.25149	7.48881	0.339901	8.25149	7.48881	0
9.29734	7.47596	0.338514	9.29734	7.47596	0
10.2702	7.48675	0.323683	10.2702	7.48675	0
11.3461	7.45749	0.306569	11.3461	7.45749	0
-11.4533	7.4208	0.303791	-11.4533	7.4208	0
-10.3598	7.4564	0.314888	-10.3598	7.4564	0
-9.3601	7.53006	0.304597	-9.3601	7.53006	0
-8.3644	7.51435	0.327203	-8.3644	7.51435	0
-7.32897	7.543	0.343566	-7.32897	7.543	0
-6.29583	7.59633	0.304672	-6.29583	7.59633	0
-5.21059	7.57223	0.303773	-5.21059	7.57223	0
-4.20914	7.59128	0.317175	-4.20914	7.59128	0
-3.16526	7.61079	0.315064	-3.16526	7.61079	0
-2.1726	7.55621	0.322904	-2.1726	7.55621	0
-1.1495	7.64091	0.329268	-1.1495	7.64091	0
-0.130552	8.61228	0.308735	-0.130552	8.61228	0
0.917642	8.5862	0.311885	0.917642	8.5862	0
2.00523	8.55876	0.32326	2.00523	8.55876	0
3.04445	8.617	0.341529	3.04445	8.617	0
4.04257	8.4964	0.320943	4.04257	8.4964	0
5.12075	8.51158	0.304238	5.12075	8.51158	0
6.16881	8.54489	0.316885	6.16881	8.54489	0
7.14261	8.57461	0.310359	7.14261	8.57461	0
8.22129	8.49718	0.300684	8.22129	8.49718	0
9.26115	8.53297	0.346507	9.26115	8.53297	0
10.3334	8.48668	0.305982	10.3334	8.48668	0
11.371	8.48037	0.315721	11.371	8.48037	0
-11.4072	8.52194	0.319726	-11.4072	8.52194	0
-10.3753	8.5693	0.320722	-10.3753	8.5693	0
-9.37224	8.58173	0.336802	-9.37224	8.58173	0
-8.32414	8.56669	0.338908	-8.32414	8.56669	0
-7.27336	8.56233	0.33553	-7.27336	8.56233	0
-6.2503	8.60423	0.325963	-6.2503	8.60423	0
-5.20299	8.62205	0.315357	-5.20299	8.62205	0
-4.21563	8.62661	0.315567	-4.21563	8.62661	0
-3.20727	8.63691	0.312769	-3.20727	8.63691	0
-2.16429	8.64065	0.283302	-2.16429	8.64065	0
-1.13565	8.66236	0.327005	-1.13565	8.66236	0
-0.0596085	9.64837	0.321675	-0.0596085	9.64837	0
0.988562	9.62027	0.267673	0.988562	9.62027	0
1.98942	9.52436	0.305213	1.98942	9.52436	0
3.02987	9.5625	0.343212	3.02987	9.5625	0
3.98772	9.61173	0.318352	3.98772	9.61173	0
5.07015	9.5799	0.301688	5.07015	9.5799	0
6.17401	9.56916	0.321657	6.17401	9.56916	0
7.19103	9.54203	0.308451	7.19103	9.54203	0
8.18638	9.55933	0.306632	8.18638	9.55933	0
9.21939	9.55667	0.315374	9.21939	9.55667	0
10.3345	9.51687	0.33378	10.3345	9.51687	0
11.3075	9.50823	0.317802	11.3075	9.50823	0
-11.4474	9.55948	0.308267	-11.4474	9.55948	0
-10.3982	9.66322	0.303753	-10.3982	9.66322	0
-9.30348	9.61733	0.321628	-9.30348	9.61733	0
-8.29711	9.5831	0.325341	-8.29711	9.5831	0
-7.22659	9.59025	0.333856	-7.22659	9.59025	0
-6.2157	9.59347	0.317421	-6.2157	9.59347	0
-5.2285	9.64272	0.302539	-5.2285	9.64272	0
-4.13314	9.6603	0.318493	-4.13314	9.6603	0
-3.16968	9.61298	0.324338	-3.16968	9.61298	0
-2.10359	9.6945	0.311836	-2.10359	9.6945	0
-1.07267	9.69666	0.309348	-1.07267	9.69666	0
-0.0221136	10.743	0.307565	-0.0221136	10.743	0
0.98422	10.6532	0.303958	0.98422	10.6532	0
1.96744	10.6693	0.331705	1.96744	10.6693	0
2.99762	10.6124	0.304268	2.99762	10.6124	0
4.02902	10.6063	0.340253	4.02902	10.6063	0
5.03225	10.5717	0.340823	5.03225	10.5717	0
6.07926	10.5662	0.306972	6.07926	10.5662	0
7.11995	10.6026	0.354219	7.11995	10.6026	0
8.14003	10.5941	0.288521	8.14003	10.5941	0
9.24167	10.5459	0.298874	9.24167	10.5459	0
10.2775	10.5506	0.313245	10.2775	10.5506	0
11.3124	10.5771	0.329652	11.3124	10.5771	0
-11.4583	10.5677	0.306361	-11.4583	10.5677	0
-10.3515	10.6544	0.340154	-10.3515	10.6544	0
-9.30167	10.6352	0.303905	-9.30167	10.6352	0
-8.32179	10.5975	0.328567	-8.32179	10.5975	0
-7.24089	10.5833	0.315601	-7.24089	10.5833	0
-6.18143	10.6292	0.317133	-6.18143	10.6292	0
-5.18748	10.6728	0.316838	-5.18748	10.6728	0
-4.13778	10.7065	0.318015	-4.13778	10.7065	0
-3.11325	10.6353	0.321836	-3.11325	10.6353	0
-2.10531	10.7262	0.276508	-2.10531	10.7262	0
-1.06642	10.725	0.300369	-1.06642	10.725	0
-0.0204484	11.7015	0.338634	-0.0204484	11.7015	0
0.988731	11.7343	0.329455	0.988731	11.7343	0
1.99195	11.7069	0.289853	1.99195	11.7069	0
3.04251	11.6212	0.339503	3.04251	11.6212	0
4.00945	11.6029	0.308343	4.00945	11.6029	0
5.04488	11.6096	0.348048	5.04488	11.6096	0
6.08809	11.6192	0.318127	6.08809	11.6192	0
7.11922	11.6577	0.313365	7.11922	11.6577	0
8.16143	11.5836	0.315371	8.16143	11.5836	0
9.23405	11.5401	0.277376	9.23405	11.5401	0
10.2362	11.5613	0.337299	10.2362	11.5613	0
11.3309	11.5855	0.312409	11.3309	11.5855	0
-11.4451	11.5494	0.302408	-11.4451	11.5494	0
-10.4519	11.6451	0.294634	-10.4519	11.6451	0
-9.38504	11.6646	0.330687	-9.38504	11.6646	0
-8.32424	11.6311	0.316363	-8.32424	11.6311	0
-7.29228	11.6386	0.34548	-7.29228	11.6386	0
-6.27858	11.6413	0.304568	-6.27858	11.6413	0
-5.2306	11.6985	0.326167	-5.2306	11.6985	0
-4.15984	11.6885	0.323324	-4.15984	11.6885	0
-3.1142	11.7249	0.308596	-3.1142	11.7249	0
-2.03385	11.74	0.328374	-2.03385	11.74	0
-1.0238	11.7841	0.322862	-1.0238	11.7841	0
-0.0360861	-11.0387	0.315517	-0.0360861	-11.0387	0
0.995063	-10.9768	0.277784	0.995063	-10.9768	0
1.97636	-11.0951	0.301936	1.97636	-11.0951	0
3.00087	-11.0815	0.307686	3.00087	-11.0815	0
4.03198	-11.1126	0.304153	4.03198	-11.1126	0
5.12234	-11.099	0.332737	5.12234	-11.099	0
6.16588	-11.1174	0.289195	6.16588	-11.1174	0
7.17583	-11.1315	0.316533	7.17583	-11.1315	0
8.22886	-11.1762	0.336523	8.22886	-11.1762	0
9.20901	-11.1842	0.301561	9.20901	-11.1842	0
10.2452	-11.1382	0.271606	10.2452	-11.1382	0
11.2571	-11.1125	0.328337	11.2571	-11.1125	0
-11.4641	-11.1428	0.324021	-11.4641	-11.1428	0
-10.4914	-11.1714	0.298644	-10.4914	-11.1714	0
-9.49202	-11.1157	0.31216	-9.49202	-11.1157	0
-8.33923	-11.1351	0.31361	-8.33923	-11.1351	0
-7.27085	-11.1072	0.30934	-7.27085	-11.1072	0
-6.2674	-11.1305	0.32682	-6.2674	-11.1305	0
-5.1777	-11.0374	0.305379	-5.1777	-11.0374	0
-4.13176	-11.0288	0.322106	-4.13176	-11.0288	0
-3.11245	-11.0308	0.307103	-3.11245	-11.0308	0
-2.08208	-11.0357	0.316191	-2.08208	-11.0357	0
-1.0494	-11.0285	0.298972	-1.0494	-11.0285	0
-0.0480128	-9.99795	0.312615	-0.0480128	-9.99795	0
1.01335	-9.97674	0.341565	1.01335	-9.97674	0
1.9852	-10.0417	0.318174	1.9852	-10.0417	0
2.98559	-10.0767	0.329122	2.98559	-10.0767	0
4.09213	-10.0504	0.323357	4.09213	-10.0504	0
5.08183	-10.0625	0.327026	5.08183	-10.0625	0
6.13382	-10.1075	0.346057	6.13382	-10.1075	0
7.15338	-10.0364	0.3204	7.15338	-10.0364	0
8.21229	-10.1461	0.292318	8.21229	-10.1461	0
9.22661	-10.1484	0.355748	9.22661	-10.1484	0
10.2822	-10.118	0.32652	10.2822	-10.118	0
11.2663	-10.0821	0.319002	11.2663	-10.0821	0
-11.5506	-10.1252	0.338106	-11.5506	-10.1252	0
-10.5414	-10.1369	0.331053	-10.5414	-10.1369	0
-9.44271	-10.0475	0.342022	-9.44271	-10.0475	0
-8.39841	-10.1617	0.331841	-8.39841	-10.1617	0
-7.35756	-10.0725	0.314929	-7.35756	-10.0725	0
-6.28907	-10.024	0.276621	-6.28907	-10.024	0
-5.26147	-10.0367	0.312467	-5.26147	-10.0367	0
-4.18084	-9.98765	0.317713	-4.18084	-9.98765	0
-3.12729	-10.0214	0.326683	-3.12729	-10.0214	0
-2.05663	-9.96935	0.291971	-2.05663	-9.96935	0
-1.049	-10.013	0.305693	-1.049	-10.013	0
-0.0844622	-9.01412	0.304849	-0.0844622	-9.01412	0
0.937325	-8.94683	0.323077	0.937325	-8.94683	0
2.02145	-8.99225	0.31606	2.02145	-8.99225	0
2.97731	-9.02515	0.325401	2.97731	-9.02515	0
4.07004	-8.99347	0.324696	4.07004	-8.99347	0
5.06446	-9.0653	0.29086	5.06446	-9.0653	0
6.09632	-9.00452	0.327691	6.09632	-9.00452	0
7.11282	-9.02035	0.343909	7.11282	-9.02035	0
8.18477	-9.13804	0.314544	8.18477	-9.13804	0
9.25119	-9.06542	0.338161	9.25119	-9.06542	0
10.2129	-9.09995	0.324174	10.2129	-9.09995	0
11.2712	-9.04474	0.346762	11.2712	-9.04474	0
-11.4185	-9.08842	0.319997	-11.4185	-9.08842	0
-10.4725	-9.07879	0.322793	-10.4725	-9.07879	0
-9.40596	-9.07858	0.327603	-9.40596	-9.07858	0
-8.38138	-9.10116	0.319633	-8.38138	-9.10116	0
-7.36084	-9.04345	0.308388	-7.36084	-9.04345	0
-6.30726	-9.00116	0.304996	-6.30726	-9.00116	0
-5.28779	-8.99576	0.340909	-5.28779	-8.99576	0
-4.19435	-9.07112	0.308128	-4.19435	-9.07112	0
-3.12594	-8.99402	0.326268	-3.12594	-8.99402	0
-2.13033	-8.98457	0.32299	-2.13033	-8.98457	0
-1.12423	-8.99437	0.305842	-1.12423	-8.99437	0
-0.0813646	-7.96104	0.305236	-0.0813646	-7.96104	0
0.955443	-7.93905	0.312639	0.955443	-7.93905	0
2.01778	-7.96733	0.334516	2.01778	-7.96733	0
3.02955	-8.02924	0.32642	3.02955	-8.02924	0
4.07999	-8.01298	0.327224	4.07999	-8.01298	0
5.13021	-8.0072	0.295737	5.13021	-8.0072	0
6.08484	-7.98352	0.293504	6.08484	-7.98352	0
7.13081	-8.0187	0.304004	7.13081	-8.0187	0
8.10271	-7.98657	0.322088	8.10271	-7.98657	0
9.20062	-8.02114	0.309833	9.20062	-8.02114	0
10.2342	-8.04732	0.308255	10.2342	-8.04732	0
11.3071	-8.0008	0.315273	11.3071	-8.0008	0
-11.5218	-8.08187	0.341459	-11.5218	-8.08187	0
-10.392	-8.07417	0.293919	-10.392	-8.07417	0
-9.39191	-8.04197	0.305381	-9.39191	-8.04197	0
-8.39191	-8.09933	0.348524	-8.39191	-8.09933	0
-7.39148	-8.02676	0.303189	-7.39148	-8.02676	0
-6.34339	-8.03551	0.311277	-6.34339	-8.03551	0
-5.26856	-7.97399	0.323287	-5.26856	-7.97399	0
-4.2118	-8.02404	0.330373	-4.2118	-8.02404	0
-3.14005	-7.98514	0.31699	-3.14005	-7.98514	0
-2.16807	-7.9957	0.324797	-2.16807	-7.9957	0
-1.11417	-7.90704	0.31728	-1.11417	-7.90704	0
-0.0791346	-6.95098	0.320549	-0.0791346	-6.95098	0
0.962421	-6.95419	0.304694	0.962421	-6.95419	0
1.96355	-6.95756	0.284523	1.96355	-6.95756	0
3.10606	-6.97393	0.30291	3.10606	-6.97393	0
4.10281	-6.99563	0.308686	4.10281	-6.99563	0
5.09412	-6.95492	0.311627	5.09412	-6.95492	0
6.07378	-6.9684	0.311455	6.07378	-6.9684	0
7.1283	-6.99874	0.322048	7.1283	-6.99874	0
8.16927	-6.97143	0.347773	8.16927	-6.97143	0
9.23953	-6.99612	0.302284	9.23953	-6.99612	0
10.2465	-6.99514	0.325725	10.2465	-6.99514	0
11.2298	-6.99703	0.322673	11.2298	-6.99703	0
-11.5234	-7.01646	0.342105	-11.5234	-7.01646	0
-10.4319	-7.06412	0.301385	-10.4319	-7.06412	0
-9.38101	-7.03248	0.326714	-9.38101	-7.03248	0
-8.3869	-7.02625	0.298347	-8.3869	-7.02625	0
-7.33131	-6.99235	0.320845	-7.33131	-6.99235	0
-6.31919	-6.9434	0.322019	-6.31919	-6.9434	0
-5.22662	-6.87707	0.329008	-5.22662	-6.87707	0
-4.23742	-6.98035	0.298494	-4.23742	-6.98035	0
-3.16552	-6.89368	0.324903	-3.16552	-6.89368	0
-2.11599	-6.95409	0.328982	-2.11599	-6.95409	0
-1.14219	-6.88287	0.330258	-1.14219	-6.88287	0
-0.02772	-5.93074	0.322087	-0.02772	-5.93074	0
0.988507	-5.87109	0.317341	0.988507	-5.87109	0
1.98552	-5.90399	0.315937	1.98552	-5.90399	0
3.07057	-5.90613	0.294164	3.07057	-5.90613	0
4.07164	-5.89361	0.325315	4.07164	-5.89361	0
5.10517	-5.93484	0.306732	5.10517	-5.93484	0
6.14885	-5.90135	0.32516	6.14885	-5.90135	0
7.18001	-5.96595	0.325069	7.18001	-5.96595	0
8.18346	-5.92687	0.306594	8.18346	-5.92687	0
9.21055	-5.97938	0.304798	9.21055	-5.97938	0
10.3065	-5.92987	0.34291	10.3065	-5.92987	0
11.3059	-5.94828	0.322517	11.3059	-5.94828	0
-11.4419	-6.03214	0.334346	-11.4419	-6.03214	0
-10.3799	-5.98148	0.295489	-10.3799	-5.98148	0
-9.4163	-5.99243	0.303151	-9.4163	-5.99243	0
-8.39188	-5.99288	0.313435	-8.39188	-5.99288	0
-7.26733	-5.88601	0.341005	-7.26733	-5.88601	0
-6.22552	-5.90671	0.307067	-6.22552	-5.90671	0
-5.27316	-5.86987	0.312258	-5.27316	-5.86987	0
-4.22502	-5.88233	0.325046	-4.22502	-5.88233	0
-3.20048	-5.82369	0.337708	-3.20048	-5.82369	0
-2.14309	-5.92459	0.316617	-2.14309	-5.92459	0
-1.16473	-5.90327	0.306151	-1.16473	-5.90327	0
-0.106633	-4.88259	0.326037	-0.106633	-4.88259	0
0.975908	-4.85202	0.33091	0.975908	-4.85202	0
2.02479	-4.87982	0.297977	2.02479	-4.87982	0
3.0054	-4.89974	0.322728	3.0054	-4.89974	0
4.09199	-4.86656	0.314071	4.09199	-4.86656	0
5.10343	-4.8709	0.29692	5.10343	-4.8709	0
6.10373	-4.91306	0.30178	6.10373	-4.91306	0
7.18975	-4.94507	0.341797	7.18975	-4.94507	0
8.20831	-4.93851	0.263977	8.20831	-4.93851	0
9.29945	-5.00727	0.331707	9.29945	-5.00727	0
10.3169	-4.88466	0.3299	10.3169	-4.88466	0
11.2943	-4.90251	0.298163	11.2943	-4.90251	0
-11.4224	-4.97083	0.323614	-11.4224	-4.97083	0
-10.39	-4.95469	0.32672	-10.39	-4.95469	0
-9.34723	-4.90612	0.319922	-9.34723	-4.90612	0
-8.30591	-4.90854	0.341598	-8.30591	-4.90854	0
-7.29913	-4.85221	0.298486	-7.29913	-4.85221	0
-6.23456	-4.92192	0.32583	-6.23456	-4.92192	0
-5.21738	-4.89049	0.303186	-5.21738	-4.89049	0
-4.19915	-4.84931	0.306869	-4.19915	-4.84931	0
-3.1944	-4.79653	0.28941	-3.1944	-4.79653	0
-2.14112	-4.93716	0.330622	-2.14112	-4.93716	0
-1.10052	-4.91038	0.29114	-1.10052	-4.91038	0
-0.0907658	-3.81866	0.311634	-0.0907658	-3.81866	0
0.947745	-3.83284	0.323985	0.947745	-3.83284	0
1.96327	-3.80116	0.275756	1.96327	-3.80116	0
3.01453	-3.9085	0.308605	3.01453	-3.9085	0
4.06434	-3.84832	0.307795	4.06434	-3.84832	0
5.07629	-3.86648	0.332013	5.07629	-3.86648	0
6.10774	-3.89226	0.318553	6.10774	-3.89226	0
7.16175	-3.84093	0.311055	7.16175	-3.84093	0
8.19563	-3.87952	0.326595	8.19563	-3.87952	0
9.22841	-3.86587	0.343665	9.22841	-3.86587	0
10.2878	-3.87009	0.318809	10.2878	-3.87009	0
11.3387	-3.88863	0.314738	11.3387	-3.88863	0
-11.4549	-3.91896	0.299579	-11.4549	-3.91896	0
-10.3769	-3.89906	0.29872	-10.3769	-3.89906	0
-9.37811	-3.83623	0.353723	-9.37811	-3.83623	0
-8.32466	-3.87918	0.318056	-8.32466	-3.87918	0
-7.29444	-3.83903	0.343916	-7.29444	-3.83903	0
-6.3266	-3.88279	0.301079	-6.3266	-3.88279	0
-5.26221	-3.83924	0.33603	-5.26221	-3.83924	0
-4.20534	-3.73362	0.332629	-4.20534	-3.73362	0
-3.16577	-3.81113	0.301707	-3.16577	-3.81113	0
-2.16124	-3.80627	0.310532	-2.16124	-3.80627	0
-1.08486	-3.86389	0.309197	-1.08486	-3.86389	0
-0.131269	-2.82579	0.304448	-0.131269	-2.82579	0
0.934736	-2.78962	0.327669	0.934736	-2.78962	0
2.02089	-2.79915	0.324407	2.02089	-2.79915	0
3.00612	-2.89019	0.317213	3.00612	-2.89019	0
4.06343	-2.8188	0.286022	4.06343	-2.8188	0
5.04321	-2.86744	0.315439	5.04321	-2.86744	0
6.09767	-2.84952	0.325069	6.09767	-2.84952	0
7.10927	-2.80126	0.347328	7.10927	-2.80126	0
8.23386	-2.82865	0.325712	8.23386	-2.82865	0
9.28188	-2.82151	0.293961	9.28188	-2.82151	0
10.3662	-2.81316	0.310057	10.3662	-2.81316	0
11.3615	-2.88774	0.334949	11.3615	-2.88774	0
-11.3917	-2.84716	0.332614	-11.3917	-2.84716	0
-10.3973	-2.86152	0.313859	-10.3973	-2.86152	0
-9.32839	-2.9034	0.292499	-9.32839	-2.9034	0
-8.33182	-2.80414	0.315053	-8.33182	-2.80414	0
-7.30762	-2.75878	0.33981	-7.30762	-2.75878	0
-6.27337	-2.91145	0.341186	-6.27337	-2.91145	0
-5.20513	-2.79127	0.322065	-5.20513	-2.79127	0
-4.21837	-2.7516	0.309591	-4.21837	-2.7516	0
-3.20239	-2.75954	0.308868	-3.20239	-2.75954	0
-2.15391	-2.80181	0.359952	-2.15391	-2.80181	0
-1.16883	-2.83267	0.321414	-1.16883	-2.83267	0
-0.110598	-1.723	0.351357	-0.110598	-1.723	0
0.982715	-1.75606	0.316094	0.982715	-1.75606	0
2.01791	-1.75461	0.320585	2.01791	-1.75461	0
3.04202	-1.78969	0.295725	3.04202	-1.78969	0
4.06945	-1.80838	0.291406	4.06945	-1.80838	0
5.12756	-1.78978	0.301499	5.12756	-1.78978	0
6.14263	-1.84341	0.329588	6.14263	-1.84341	0
7.15146	-1.83207	0.31074	7.15146	-1.83207	0
8.20045	-1.81685	0.322876	8.20045	-1.81685	0
9.24356	-1.82851	0.280131	9.24356	-1.82851	0
10.2586	-1.76542	0.303065	10.2586	-1.76542	0
11.3246	-1.88095	0.324144	11.3246	-1.88095	0
-11.4283	-1.80736	0.313607	-11.4283	-1.80736	0
-10.371	-1.8274	0.327848	-10.371	-1.8274	0
-9.37846	-1.82031	0.328207	-9.37846	-1.82031	0
-8.34609	-1.78273	0.330966	-8.34609	-1.78273	0
-7.30283	-1.75747	0.312393	-7.30283	-1.75747	0
-6.28272	-1.8244	0.294063	-6.28272	-1.8244	0
-5.28123	-1.75373	0.339258	-5.28123	-1.75373	0
-4.2355	-1.74337	0.316845	-4.2355	-1.74337	0
-3.20986	-1.73641	0.305578	-3.20986	-1.73641	0
-2.12793	-1.76244	0.320778	-2.12793	-1.76244	0
-1.13549	-1.8091	0.341593	-1.13549	-1.8091	0
-0.064776	-0.708641	0.304474	-0.064776	-0.708641	0
0.978624	-0.737354	0.317298	0.978624	-0.737354	0
2.03674	-0.668059	0.331043	2.03674	-0.668059	0
3.05686	-0.773546	0.302281	3.05686	-0.773546	0
4.03945	-0.729175	0.326513	4.03945	-0.729175	0
5.09803	-0.700321	0.312308	5.09803	-0.700321	0
6.11419	-0.732769	0.33051	6.11419	-0.732769	0
7.18094	-0.78589	0.325609	7.18094	-0.78589	0
8.1986	-0.843731	0.295362	8.1986	-0.843731	0
9.21501	-0.801603	0.284552	9.21501	-0.801603	0
10.2624	-0.721204	0.321804	10.2624	-0.721204	0
11.2922	-0.807503	0.294218	11.2922	-0.807503	0
-11.4672	-0.800756	0.314484	-11.4672	-0.800756	0
-10.4263	-0.744516	0.338665	-10.4263	-0.744516	0
-9.33379	-0.787161	0.303123	-9.33379	-0.787161	0
-8.27498	-0.737001	0.306255	-8.27498	-0.737001	0
-7.26542	-0.766429	0.357701	-7.26542	-0.766429	0
-6.26664	-0.764587	0.311778	-6.26664	-0.764587	0
-5.24492	-0.709343	0.313317	-5.24492	-0.709343	0
-4.20228	-0.736088	0.328523	-4.20228	-0.736088	0
-3.19912	-0.688855	0.348604	-3.19912	-0.688855	0
-2.13946	-0.783446	0.31982	-2.13946	-0.783446	0
-1.11004	-0.751877	0.333299	-1.11004	-0.751877	0
