-0.606932	-0.114877	-0.309633	-0.606932	-0.114877	0
0.458743	-0.210377	-0.344283	0.458743	-0.210377	0
1.45955	-0.218126	-0.314234	1.45955	-0.218126	0
2.46464	-0.290319	-0.297164	2.46464	-0.290319	0
3.43778	-0.237179	-0.275604	3.43778	-0.237179	0
4.43001	-0.248672	-0.294898	4.43001	-0.248672	0
5.5268	-0.287377	-0.304051	5.5268	-0.287377	0
6.56053	-0.280387	-0.296561	6.56053	-0.280387	0
7.58364	-0.246872	-0.324586	7.58364	-0.246872	0
8.58304	-0.208822	-0.312897	8.58304	-0.208822	0
9.67792	-0.214607	-0.330971	9.67792	-0.214607	0
10.7369	-0.252168	-0.317172	10.7369	-0.252168	0
11.7965	-0.187032	-0.325772	11.7965	-0.187032	0
-10.9501	-0.213759	-0.299744	-10.9501	-0.213759	0
-9.8817	-0.219805	-0.327507	-9.8817	-0.219805	0
-8.86486	-0.19245	-0.305102	-8.86486	-0.19245	0
-7.84457	-0.226856	-0.296953	-7.84457	-0.226856	0
-6.81081	-0.275152	-0.313143	-6.81081	-0.275152	0
-5.79313	-0.28197	-0.334289	-5.79313	-0.28197	0
-4.72188	-0.259992	-0.314564	-4.72188	-0.259992	0
-3.6525	-0.22487	-0.290984	-3.6525	-0.22487	0
-2.65274	-0.225176	-0.321614	-2.65274	-0.225176	0
-1.64017	-0.181059	-0.328778	-1.64017	-0.181059	0
-0.650822	0.867211	-0.321158	-0.650822	0.867211	0
0.371186	0.869693	-0.310685	0.371186	0.869693	0
1.47092	0.811421	-0.314366	1.47092	0.811421	0
2.46748	0.824276	-0.285548	2.46748	0.824276	0
3.43305	0.771836	-0.317224	3.43305	0.771836	0
4.51969	0.7642	-0.313553	4.51969	0.7642	0
5.56151	0.721713	-0.336601	5.56151	0.721713	0
6.59678	0.730266	-0.3133	6.59678	0.730266	0
7.64535	0.810117	-0.316592	7.64535	0.810117	0
8.66254	0.816741	-0.319104	8.66254	0.816741	0
9.72295	0.76359	-0.314241	9.72295	0.76359	0
10.8102	0.791461	-0.304083	10.8102	0.791461	0
11.8371	0.859347	-0.304293	11.8371	0.859347	0
-10.9376	0.82072	-0.320603	-10.9376	0.82072	0
-9.89816	0.835211	-0.317947	-9.89816	0.835211	0
-8.87967	0.833269	-0.323474	-8.87967	0.833269	0
-7.84306	0.776045	-0.317314	-7.84306	0.776045	0
-6.79112	0.737691	-0.321489	-6.79112	0.737691	0
-5.75616	0.767669	-0.327524	-5.75616	0.767669	0
-4.79605	0.742091	-0.309334	-4.79605	0.742091	0
-3.78408	0.811147	-0.320946	-3.78408	0.811147	0
-2.69487	0.806003	-0.328104	-2.69487	0.806003	0
-1.69583	0.858919	-0.331169	-1.69583	0.858919	0
-0.674047	1.90001	-0.319648	-0.674047	1.90001	0
0.398274	1.85801	-0.313798	0.398274	1.85801	0
1.41498	1.87288	-0.303323	1.41498	1.87288	0
2.47576	1.83247	-0.329567	2.47576	1.83247	0
3.51284	1.87684	-0.302254	3.51284	1.87684	0
4.55406	1.76767	-0.316017	4.55406	1.76767	0
5.55191	1.7553	-0.292205	5.55191	1.7553	0
6.56965	1.80736	-0.301032	6.56965	1.80736	0
7.57225	1.82695	-0.33131	7.57225	1.82695	0
8.61783	1.81674	-0.308864	8.61783	1.81674	0
9.69555	1.83412	-0.302422	9.69555	1.83412	0
10.6624	1.86596	-0.334016	10.6624	1.86596	0
11.7902	1.85628	-0.308907	11.7902	1.85628	0
-10.8977	1.86612	-0.300571	-10.8977	1.86612	0
-9.92487	1.86479	-0.327088	-9.92487	1.86479	0
-8.90589	1.90116	-0.326733	-8.90589	1.90116	0
-7.8452	1.83453	-0.336227	-7.8452	1.83453	0
-6.83348	1.79352	-0.316634	-6.83348	1.79352	0
-5.80829	1.78647	-0.296931	-5.80829	1.78647	0
-4.72066	1.81588	-0.313792	-4.72066	1.81588	0
-3.73599	1.81517	-0.315519	-3.73599	1.81517	0
-2.68073	1.8169	-0.314482	-2.68073	1.8169	0
-1.70002	1.88936	-0.332448	-1.70002	1.88936	0
-0.626822	2.96461	-0.315686	-0.626822	2.96461	0
0.382412	2.92641	-0.334242	0.382412	2.92641	0
1.41328	2.89377	-0.308755	1.41328	2.89377	0
2.44781	2.9166	-0.310281	2.44781	2.9166	0
3.44626	2.8672	-0.333765	3.44626	2.8672	0
4.51396	2.8653	-0.330154	4.51396	2.8653	0
5.54341	2.825	-0.321549	5.54341	2.825	0
6.52521	2.81909	-0.321252	6.52521	2.81909	0
7.56554	2.87971	-0.282882	7.56554	2.87971	0
8.70269	2.87219	-0.321751	8.70269	2.87219	0
9.70102	2.85317	-0.30632	9.70102	2.85317	0
10.7007	2.87783	-0.310685	10.7007	2.87783	0
11.7557	2.90162	-0.318272	11.7557	2.90162	0
-10.9782	2.84358	-0.341909	-10.9782	2.84358	0
-9.97758	2.84082	-0.340203	-9.97758	2.84082	0
-8.91061	2.95555	-0.304748	-8.91061	2.95555	0
-7.91447	2.85893	-0.284921	-7.91447	2.85893	0
-6.89081	2.79794	-0.313991	-6.89081	2.79794	0
-5.82273	2.85617	-0.344517	-5.82273	2.85617	0
-4.8242	2.80638	-0.333041	-4.8242	2.80638	0
-3.76048	2.88565	-0.318795	-3.76048	2.88565	0
-2.71451	2.89555	-0.317542	-2.71451	2.89555	0
-1.66386	2.92182	-0.29531	-1.66386	2.92182	0
-0.599874	3.97394	-0.321591	-0.599874	3.97394	0
0.425047	3.97878	-0.319044	0.425047	3.97878	0
1.46637	3.90827	-0.323663	1.46637	3.90827	0
2.45609	3.9293	-0.327485	2.45609	3.9293	0
3.45934	3.93274	-0.31173	3.45934	3.93274	0
4.463	3.84495	-0.296161	4.463	3.84495	0
5.48452	3.87609	-0.32607	5.48452	3.87609	0
6.51652	3.88724	-0.304262	6.51652	3.88724	0
7.54405	3.86706	-0.328338	7.54405	3.86706	0
8.56916	3.89056	-0.310611	8.56916	3.89056	0
9.621	3.92264	-0.303767	9.621	3.92264	0
10.6677	3.95848	-0.313547	10.6677	3.95848	0
11.6838	3.92594	-0.339524	11.6838	3.92594	0
-11.0211	3.85986	-0.326812	-11.0211	3.85986	0
-10	3.90195	-0.325947	-10	3.90195	0
-8.96099	3.90337	-0.318168	-8.96099	3.90337	0
-7.97157	3.90781	-0.292945	-7.97157	3.90781	0
-6.89815	3.84638	-0.306696	-6.89815	3.84638	0
-5.85454	3.83582	-0.30221	-5.85454	3.83582	0
-4.85863	3.85632	-0.295204	-4.85863	3.85632	0
-3.79634	3.88347	-0.335972	-3.79634	3.88347	0
-2.72784	3.90853	-0.297783	-2.72784	3.90853	0
-1.71679	3.98901	-0.305412	-1.71679	3.98901	0
-0.696109	5.01434	-0.311555	-0.696109	5.01434	0
0.368735	5.0002	-0.330811	0.368735	5.0002	0
1.41887	4.96455	-0.313502	1.41887	4.96455	0
2.44317	4.97417	-0.319732	2.44317	4.97417	0
3.48227	5.01203	-0.317664	3.48227	5.01203	0
4.48103	4.89536	-0.317219	4.48103	4.89536	0
5.51408	4.91472	-0.319427	5.51408	4.91472	0
6.58472	4.88806	-0.290689	6.58472	4.88806	0
7.60212	4.90536	-0.328486	7.60212	4.90536	0
8.67283	4.91072	-0.325089	8.67283	4.91072	0
9.65453	4.93956	-0.330937	9.65453	4.93956	0
10.7241	4.91651	-0.316212	10.7241	4.91651	0
11.7706	4.93935	-0.324092	11.7706	4.93935	0
-10.9887	4.88866	-0.312902	-10.9887	4.88866	0
-9.98345	4.89119	-0.318293	-9.98345	4.89119	0
-8.9673	4.89868	-0.295909	-8.9673	4.89868	0
-7.95137	4.90331	-0.293043	-7.95137	4.90331	0
-6.9499	4.86157	-0.316361	-6.9499	4.86157	0
-5.93253	4.92279	-0.309782	-5.93253	4.92279	0
-4.83145	4.91741	-0.321036	-4.83145	4.91741	0
-3.81646	4.96205	-0.310069	-3.81646	4.96205	0
-2.74834	4.96672	-0.313765	-2.74834	4.96672	0
-1.69758	5.00828	-0.334165	-1.69758	5.00828	0
-0.614937	6.0812	-0.283145	-0.614937	6.0812	0
0.349029	5.97439	-0.301889	0.349029	5.97439	0
1.32691	6.02734	-0.321482	1.32691	6.02734	0
2.37786	5.94071	-0.302819	2.37786	5.94071	0
3.48905	5.96591	-0.332096	3.48905	5.96591	0
4.48105	5.93842	-0.303549	4.48105	5.93842	0
5.52073	5.89684	-0.311718	5.52073	5.89684	0
6.56202	5.94756	-0.308626	6.56202	5.94756	0
7.61431	5.93366	-0.289977	7.61431	5.93366	0
8.61938	5.97287	-0.333567	8.61938	5.97287	0
9.67926	5.96218	-0.325588	9.67926	5.96218	0
10.7724	5.94153	-0.330746	10.7724	5.94153	0
11.8199	5.98193	-0.331742	11.8199	5.98193	0
-10.9571	5.92404	-0.317311	-10.9571	5.92404	0
-9.93263	5.93926	-0.310237	-9.93263	5.93926	0
-8.99155	5.92837	-0.35084	-8.99155	5.92837	0
-7.95774	5.90264	-0.326192	-7.95774	5.90264	0
-6.93678	5.9359	-0.344764	-6.93678	5.9359	0
-5.85269	5.92132	-0.286425	-5.85269	5.92132	0
-4.80437	5.98444	-0.312764	-4.80437	5.98444	0
-3.81709	5.94333	-0.324744	-3.81709	5.94333	0
-2.74668	6.00287	-0.293437	-2.74668	6.00287	0
-1.70913	6.01266	-0.308208	-1.70913	6.01266	0
-0.703438	7.06181	-0.330592	-0.703438	7.06181	0
0.401492	7.04267	-0.302433	0.401492	7.04267	0
1.3923	7.04022	-0.318627	1.3923	7.04022	0
2.35192	7.09023	-0.32284	2.35192	7.09023	0
3.48665	7.05017	-0.330102	3.48665	7.05017	0
4.52922	7.00565	-0.327774	4.52922	7.00565	0
5.55827	6.94758	-0.318093	5.55827	6.94758	0
6.61197	6.93645	-0.287368	6.61197	6.93645	0
7.61803	7.00025	-0.315744	7.61803	7.00025	0
8.69196	7.03455	-0.302016	8.69196	7.03455	0
9.66967	6.99815	-0.337597	9.66967	6.99815	0
10.7377	6.99787	-0.332851	10.7377	6.99787	0
11.7728	7.01147	-0.303645	11.7728	7.01147	0
-10.952	6.97067	-0.31695	-10.952	6.97067	0
-10.0039	6.98396	-0.315687	-10.0039	6.98396	0
-8.9717	6.97491	-0.324915	-8.9717	6.97491	0
-7.93473	6.97145	-0.329431	-7.93473	6.97145	0
-6.85153	6.96269	-0.342979	-6.85153	6.96269	0
-5.82552	6.9868	-0.338627	-5.82552	6.9868	0
-4.84113	6.98808	-0.300702	-4.84113	6.98808	0
-3.76182	7.0742	-0.294552	-3.76182	7.0742	0
-2.76668	7.03057	-0.282649	-2.76668	7.03057	0
-1.7574	7.01182	-0.311436	-1.7574	7.01182	0
-0.657246	8.07679	-0.329773	-0.657246	8.07679	0
0.382394	8.05249	-0.324881	0.382394	8.05249	0
1.41449	8.05628	-0.312502	1.41449	8.05628	0
2.44436	8.05528	-0.31106	2.44436	8.05528	0
3.51743	8.06631	-0.344134	3.51743	8.06631	0
4.5343	8.01799	-0.305611	4.5343	8.01799	0
5.51778	8.04686	-0.318073	5.51778	8.04686	0
6.58239	8.03015	-0.276854	6.58239	8.03015	0
7.56929	7.96766	-0.333616	7.56929	7.96766	0
8.65673	8.09422	-0.318483	8.65673	8.09422	0
9.74799	8.0281	-0.358456	9.74799	8.0281	0
10.7157	8.08595	-0.295654	10.7157	8.08595	0
11.7434	8.06197	-0.329407	11.7434	8.06197	0
-10.9589	8.04777	-0.313811	-10.9589	8.04777	0
-9.91053	7.98919	-0.312161	-9.91053	7.98919	0
-8.92359	8.03937	-0.315786	-8.92359	8.03937	0
-7.89594	8.01129	-0.322145	-7.89594	8.01129	0
-6.79363	8.02192	-0.348249	-6.79363	8.02192	0
-5.84162	8.03134	-0.31884	-5.84162	8.03134	0
-4.75398	8.04014	-0.312086	-4.75398	8.04014	0
-3.7944	8.06184	-0.300908	-3.7944	8.06184	0
-2.67743	8.10116	-0.324802	-2.67743	8.10116	0
-1.65329	8.0607	-0.339232	-1.65329	8.0607	0
-0.641343	9.06504	-0.3249	-0.641343	9.06504	0
0.36132	9.08879	-0.30639	0.36132	9.08879	0
1.35781	9.059	-0.306113	1.35781	9.059	0
2.45933	9.08927	-0.281578	2.45933	9.08927	0
3.50041	9.11886	-0.312825	3.50041	9.11886	0
4.50651	9.11607	-0.314533	4.50651	9.11607	0
5.55279	9.02927	-0.327138	5.55279	9.02927	0
6.62358	9.09246	-0.324092	6.62358	9.09246	0
7.58937	9.04283	-0.316081	7.58937	9.04283	0
8.69111	9.0828	-0.330518	8.69111	9.0828	0
9.68692	9.07505	-0.314516	9.68692	9.07505	0
10.6885	9.06287	-0.287804	10.6885	9.06287	0
11.7718	9.08524	-0.34493	11.7718	9.08524	0
-10.9677	9.03056	-0.311236	-10.9677	9.03056	0
-9.9705	9.07036	-0.30327	-9.9705	9.07036	0
-8.91605	9.08912	-0.322707	-8.91605	9.08912	0
-7.86898	9.11626	-0.343314	-7.86898	9.11626	0
-6.87774	8.98525	-0.300028	-6.87774	8.98525	0
-5.81632	9.00565	-0.290534	-5.81632	9.00565	0
-4.7913	9.07876	-0.320848	-4.7913	9.07876	0
-3.73911	9.08419	-0.305341	-3.73911	9.08419	0
-2.68075	9.08118	-0.290838	-2.68075	9.08118	0
-1.58047	9.13195	-0.33618	-1.58047	9.13195	0
-0.615576	10.1401	-0.320384	-0.615576	10.1401	0
0.394017	10.1211	-0.341571	0.394017	10.1211	0
1.39969	10.1146	-0.332698	1.39969	10.1146	0
2.44682	10.1181	-0.304906	2.44682	10.1181	0
3.4486	10.1156	-0.297556	3.4486	10.1156	0
4.46349	10.1206	-0.321943	4.46349	10.1206	0
5.56139	10.0452	-0.300762	5.56139	10.0452	0
6.59347	10.0839	-0.310917	6.59347	10.0839	0
7.63902	10.0935	-0.285892	7.63902	10.0935	0
8.70217	10.1571	-0.273477	8.70217	10.1571	0
9.67523	10.1044	-0.31222	9.67523	10.1044	0
10.737	10.0597	-0.33468	10.737	10.0597	0
11.8208	10.0575	-0.316166	11.8208	10.0575	0
-10.9376	10.0273	-0.313161	-10.9376	10.0273	0
-9.93663	10.0755	-0.318072	-9.93663	10.0755	0
-8.90402	10.0798	-0.327127	-8.90402	10.0798	0
-7.88216	10.1347	-0.328121	-7.88216	10.1347	0
-6.87792	10.0369	-0.309889	-6.87792	10.0369	0
-5.88765	10.1139	-0.317036	-5.88765	10.1139	0
-4.83255	10.1057	-0.335468	-4.83255	10.1057	0
-3.7458	10.0915	-0.33023	-3.7458	10.0915	0
-2.65667	10.1281	-0.322464	-2.65667	10.1281	0
-1.67253	10.1678	-0.329162	-1.67253	10.1678	0
-0.654678	11.149	-0.318901	-0.654678	11.149	0
0.396747	11.1634	-0.317966	0.396747	11.1634	0
1.39193	11.1534	-0.293797	1.39193	11.1534	0
2.42603	11.2097	-0.300195	2.42603	11.2097	0
3.46312	11.1714	-0.320888	3.46312	11.1714	0
4.45375	11.1901	-0.302429	4.45375	11.1901	0
5.5553	11.1243	-0.332272	5.5553	11.1243	0
6.55605	11.133	-0.316239	6.55605	11.133	0
7.62005	11.0961	-0.300607	7.62005	11.0961	0
8.67908	11.1699	-0.335159	8.67908	11.1699	0
9.73224	11.1598	-0.331522	9.73224	11.1598	0
10.6829	11.0771	-0.332706	10.6829	11.0771	0
11.7584	11.1606	-0.335197	11.7584	11.1606	0
-10.9843	11.0788	-0.292946	-10.9843	11.0788	0
-9.96635	11.0994	-0.297289	-9.96635	11.0994	0
-8.91781	11.1337	-0.299007	-8.91781	11.1337	0
-7.90162	11.1394	-0.298104	-7.90162	11.1394	0
-6.85066	11.0499	-0.344832	-6.85066	11.0499	0
-5.76276	11.203	-0.266216	-5.76276	11.203	0
-4.76305	11.1046	-0.324696	-4.76305	11.1046	0
-3.73072	11.0851	-0.326355	-3.73072	11.0851	0
-2.71709	11.1974	-0.326488	-2.71709	11.1974	0
-1.69715	11.2063	-0.292927	-1.69715	11.2063	0
-0.621687	-11.5247	-0.329529	-0.621687	-11.5247	0
0.391851	-11.5466	-0.330751	0.391851	-11.5466	0
1.40581	-11.6666	-0.31901	1.40581	-11.6666	0
2.41167	-11.5742	-0.314858	2.41167	-11.5742	0
3.48805	-11.6148	-0.317439	3.48805	-11.6148	0
4.5092	-11.521	-0.295397	4.5092	-11.521	0
5.48072	-11.6123	-0.315049	5.48072	-11.6123	0
6.56884	-11.6416	-0.305716	6.56884	-11.6416	0
7.63861	-11.6615	-0.297722	7.63861	-11.6615	0
8.61458	-11.6384	-0.300587	8.61458	-11.6384	0
9.68544	-11.6108	-0.315954	9.68544	-11.6108	0
10.7118	-11.6757	-0.308772	10.7118	-11.6757	0
11.7604	-11.6996	-0.327248	11.7604	-11.6996	0
-10.9819	-11.6416	-0.33066	-10.9819	-11.6416	0
-9.92663	-11.6389	-0.352041	-9.92663	-11.6389	0
-8.92743	-11.6322	-0.312476	-8.92743	-11.6322	0
-7.84525	-11.6133	-0.320336	-7.84525	-11.6133	0
-6.80096	-11.6206	-0.337849	-6.80096	-11.6206	0
-5.80713	-11.5808	-0.295969	-5.80713	-11.5808	0
-4.71895	-11.6374	-0.327991	-4.71895	-11.6374	0
-3.6969	-11.616	-0.32859	-3.6969	-11.616	0
-2.66906	-11.55	-0.334123	-2.66906	-11.55	0
-1.63456	-11.5907	-0.315867	-1.63456	-11.5907	0
-0.669701	-10.5074	-0.320197	-0.669701	-10.5074	0
0.378831	-10.4735	-0.334504	0.378831	-10.4735	0
1.41776	-10.5649	-0.33436	1.41776	-10.5649	0
2.45947	-10.5948	-0.338608	2.45947	-10.5948	0
3.52271	-10.5439	-0.321856	3.52271	-10.5439	0
4.56918	-10.5071	-0.316281	4.56918	-10.5071	0
5.61306	-10.5732	-0.298813	5.61306	-10.5732	0
6.62157	-10.5713	-0.311243	6.62157	-10.5713	0
7.62171	-10.6097	-0.324867	7.62171	-10.6097	0
8.6862	-10.5458	-0.321852	8.6862	-10.5458	0
9.68432	-10.6012	-0.319343	9.68432	-10.6012	0
10.7298	-10.601	-0.339481	10.7298	-10.601	0
11.736	-10.6787	-0.303073	11.736	-10.6787	0
-10.9325	-10.6283	-0.291847	-10.9325	-10.6283	0
-9.95787	-10.6409	-0.304461	-9.95787	-10.6409	0
-8.90205	-10.6138	-0.328128	-8.90205	-10.6138	0
-7.89556	-10.5837	-0.323284	-7.89556	-10.5837	0
-6.87875	-10.5984	-0.319866	-6.87875	-10.5984	0
-5.75239	-10.5599	-0.339918	-5.75239	-10.5599	0
-4.69543	-10.6415	-0.321405	-4.69543	-10.6415	0
-3.74087	-10.5655	-0.317681	-3.74087	-10.5655	0
-2.71135	-10.5768	-0.331161	-2.71135	-10.5768	0
-1.69885	-10.5082	-0.339731	-1.69885	-10.5082	0
-0.600806	-9.46475	-0.323397	-0.600806	-9.46475	0
0.414972	-9.47741	-0.341007	0.414972	-9.47741	0
1.42488	-9.51768	-0.308541	1.42488	-9.51768	0
2.48904	-9.53718	-0.304999	2.48904	-9.53718	0
3.53072	-9.55566	-0.325317	3.53072	-9.55566	0
4.59033	-9.56166	-0.319586	4.59033	-9.56166	0
5.6128	-9.52964	-0.323028	5.6128	-9.52964	0
6.65823	-9.55785	-0.327844	6.65823	-9.55785	0
7.6429	-9.56876	-0.285938	7.6429	-9.56876	0
8.70038	-9.52419	-0.303547	8.70038	-9.52419	0
9.77256	-9.58654	-0.318175	9.77256	-9.58654	0
10.788	-9.60286	-0.301298	10.788	-9.60286	0
11.8628	-9.56038	-0.314078	11.8628	-9.56038	0
-10.8958	-9.62197	-0.311091	-10.8958	-9.62197	0
-9.91949	-9.51975	-0.356507	-9.91949	-9.51975	0
-8.8827	-9.60753	-0.289917	-8.8827	-9.60753	0
-7.87634	-9.53759	-0.301394	-7.87634	-9.53759	0
-6.86192	-9.55594	-0.310089	-6.86192	-9.55594	0
-5.79736	-9.5982	-0.298331	-5.79736	-9.5982	0
-4.72027	-9.59618	-0.34766	-4.72027	-9.59618	0
-3.6801	-9.52781	-0.297189	-3.6801	-9.52781	0
-2.66459	-9.50458	-0.327857	-2.66459	-9.50458	0
-1.63761	-9.49492	-0.30941	-1.63761	-9.49492	0
-0.63059	-8.44581	-0.312333	-0.63059	-8.44581	0
0.366996	-8.47984	-0.312149	0.366996	-8.47984	0
1.38217	-8.47479	-0.329847	1.38217	-8.47479	0
2.41518	-8.474	-0.325077	2.41518	-8.474	0
3.42232	-8.572	-0.315331	3.42232	-8.572	0
4.52245	-8.51175	-0.308801	4.52245	-8.51175	0
5.55757	-8.50959	-0.328091	5.55757	-8.50959	0
6.60601	-8.5547	-0.325753	6.60601	-8.5547	0
7.65133	-8.54718	-0.31799	7.65133	-8.54718	0
8.7302	-8.53063	-0.327461	8.7302	-8.53063	0
9.73117	-8.54035	-0.33352	9.73117	-8.54035	0
10.8364	-8.58173	-0.318654	10.8364	-8.58173	0
11.8263	-8.57278	-0.306797	11.8263	-8.57278	0
-10.9672	-8.57332	-0.324843	-10.9672	-8.57332	0
-9.89333	-8.52285	-0.326994	-9.89333	-8.52285	0
-8.85262	-8.52231	-0.304103	-8.85262	-8.52231	0
-7.81705	-8.53257	-0.319178	-7.81705	-8.53257	0
-6.84808	-8.4717	-0.318688	-6.84808	-8.4717	0
-5.79415	-8.58292	-0.302686	-5.79415	-8.58292	0
-4.82242	-8.5685	-0.297845	-4.82242	-8.5685	0
-3.76994	-8.49044	-0.299503	-3.76994	-8.49044	0
-2.68416	-8.41476	-0.341301	-2.68416	-8.41476	0
-1.69736	-8.47913	-0.319164	-1.69736	-8.47913	0
-0.58415	-7.38573	-0.295513	-0.58415	-7.38573	0
0.415468	-7.43239	-0.321976	0.415468	-7.43239	0
1.41692	-7.46631	-0.321848	1.41692	-7.46631	0
2.46816	-7.45179	-0.349371	2.46816	-7.45179	0
3.56427	-7.466	-0.318009	3.56427	-7.466	0
4.54686	-7.51677	-0.313354	4.54686	-7.51677	0
5.52846	-7.54006	-0.328696	5.52846	-7.54006	0
6.65917	-7.51673	-0.306624	6.65917	-7.51673	0
7.67982	-7.50955	-0.291191	7.67982	-7.50955	0
8.65586	-7.52289	-0.297233	8.65586	-7.52289	0
9.74321	-7.46554	-0.307364	9.74321	-7.46554	0
10.7169	-7.57346	-0.323696	10.7169	-7.57346	0
11.8116	-7.58924	-0.3017	11.8116	-7.58924	0
-10.9577	-7.49502	-0.299319	-10.9577	-7.49502	0
-9.93199	-7.47092	-0.321954	-9.93199	-7.47092	0
-8.90497	-7.49172	-0.33434	-8.90497	-7.49172	0
-7.8378	-7.44251	-0.312352	-7.8378	-7.44251	0
-6.85854	-7.4525	-0.272184	-6.85854	-7.4525	0
-5.81819	-7.49788	-0.316947	-5.81819	-7.49788	0
-4.76222	-7.49925	-0.288786	-4.76222	-7.49925	0
-3.70549	-7.46994	-0.334189	-3.70549	-7.46994	0
-2.6805	-7.46007	-0.307279	-2.6805	-7.46007	0
-1.66082	-7.36378	-0.30751	-1.66082	-7.36378	0
-0.630082	-6.40274	-0.319106	-0.630082	-6.40274	0
0.410815	-6.40603	-0.317736	0.410815	-6.40603	0
1.43736	-6.45869	-0.324086	1.43736	-6.45869	0
2.49756	-6.45662	-0.332177	2.49756	-6.45662	0
3.50634	-6.44668	-0.323999	3.50634	-6.44668	0
4.58648	-6.51021	-0.329376	4.58648	-6.51021	0
5.59964	-6.48766	-0.295938	5.59964	-6.48766	0
6.64336	-6.50018	-0.283797	6.64336	-6.50018	0
7.70945	-6.50113	-0.342309	7.70945	-6.50113	0
8.71332	-6.47292	-0.330296	8.71332	-6.47292	0
9.74327	-6.44754	-0.332016	9.74327	-6.44754	0
10.7662	-6.49724	-0.345378	10.7662	-6.49724	0
11.7596	-6.45741	-0.313321	11.7596	-6.45741	0
-10.9814	-6.45448	-0.316807	-10.9814	-6.45448	0
-9.97223	-6.46117	-0.327131	-9.97223	-6.46117	0
-8.92946	-6.47688	-0.322805	-8.92946	-6.47688	0
-7.89981	-6.41493	-0.338094	-7.89981	-6.41493	0
-6.90251	-6.43757	-0.297198	-6.90251	-6.43757	0
-5.78645	-6.47657	-0.34371	-5.78645	-6.47657	0
-4.77729	-6.44615	-0.31239	-4.77729	-6.44615	0
-3.69789	-6.39071	-0.34481	-3.69789	-6.39071	0
-2.70291	-6.36737	-0.341733	-2.70291	-6.36737	0
-1.71109	-6.40669	-0.307931	-1.71109	-6.40669	0
-0.672038	-5.38108	-0.283265	-0.672038	-5.38108	0
0.440996	-5.37363	-0.334418	0.440996	-5.37363	0
1.45626	-5.38214	-0.317086	1.45626	-5.38214	0
2.50076	-5.4117	-0.30076	2.50076	-5.4117	0
3.56218	-5.39319	-0.320783	3.56218	-5.39319	0
4.51879	-5.43828	-0.305072	4.51879	-5.43828	0
5.58649	-5.46311	-0.344372	5.58649	-5.46311	0
6.63923	-5.42579	-0.335683	6.63923	-5.42579	0
7.68913	-5.47627	-0.309435	7.68913	-5.47627	0
8.67287	-5.43938	-0.325707	8.67287	-5.43938	0
9.71001	-5.41874	-0.327333	9.71001	-5.41874	0
10.7303	-5.41254	-0.330408	10.7303	-5.41254	0
11.7515	-5.41975	-0.307639	11.7515	-5.41975	0
-11.0365	-5.46061	-0.293012	-11.0365	-5.46061	0
-9.95522	-5.42323	-0.311562	-9.95522	-5.42323	0
-8.9586	-5.43857	-0.330722	-8.9586	-5.43857	0
-7.90168	-5.41538	-0.35108	-7.90168	-5.41538	0
-6.84269	-5.3461	-0.314421	-6.84269	-5.3461	0
-5.79414	-5.45198	-0.314944	-5.79414	-5.45198	0
-4.78356	-5.37848	-0.336818	-4.78356	-5.37848	0
-3.77107	-5.35494	-0.309513	-3.77107	-5.35494	0
-2.78212	-5.37955	-0.33534	-2.78212	-5.37955	0
-1.80068	-5.33278	-0.342927	-1.80068	-5.33278	0
-0.664091	-4.3433	-0.305773	-0.664091	-4.3433	0
0.371112	-4.31991	-0.330818	0.371112	-4.31991	0
1.48732	-4.34491	-0.31057	1.48732	-4.34491	0
2.48324	-4.37089	-0.31383	2.48324	-4.37089	0
3.46082	-4.37861	-0.313783	3.46082	-4.37861	0
4.53565	-4.38699	-0.308722	4.53565	-4.38699	0
5.59104	-4.42279	-0.310358	5.59104	-4.42279	0
6.64727	-4.41536	-0.275695	6.64727	-4.41536	0
7.66381	-4.33998	-0.329685	7.66381	-4.33998	0
8.71276	-4.38117	-0.289284	8.71276	-4.38117	0
9.68026	-4.34682	-0.315579	9.68026	-4.34682	0
10.6958	-4.34679	-0.316992	10.6958	-4.34679	0
11.7293	-4.39525	-0.321306	11.7293	-4.39525	0
-10.9744	-4.46723	-0.341972	-10.9744	-4.46723	0
-9.97066	-4.42849	-0.326073	-9.97066	-4.42849	0
-8.91985	-4.38679	-0.306983	-8.91985	-4.38679	0
-7.89996	-4.44431	-0.316712	-7.89996	-4.44431	0
-6.87825	-4.41225	-0.309103	-6.87825	-4.41225	0
-5.79465	-4.42477	-0.331621	-5.79465	-4.42477	0
-4.76495	-4.30424	-0.311297	-4.76495	-4.30424	0
-3.79323	-4.33851	-0.339712	-3.79323	-4.33851	0
-2.76387	-4.32822	-0.305022	-2.76387	-4.32822	0
-1.6915	-4.34342	-0.309227	-1.6915	-4.34342	0
-0.628383	-3.27173	-0.339973	-0.628383	-3.27173	0
0.334229	-3.31055	-0.286822	0.334229	-3.31055	0
1.37289	-3.35386	-0.293842	1.37289	-3.35386	0
2.41629	-3.36383	-0.323307	2.41629	-3.36383	0
3.53481	-3.32473	-0.317653	3.53481	-3.32473	0
4.57234	-3.39677	-0.268886	4.57234	-3.39677	0
5.57874	-3.36128	-0.340217	5.57874	-3.36128	0
6.63379	-3.34267	-0.306325	6.63379	-3.34267	0
7.66579	-3.28103	-0.324867	7.66579	-3.28103	0
8.68407	-3.31609	-0.323321	8.68407	-3.31609	0
9.71154	-3.34457	-0.328391	9.71154	-3.34457	0
10.7469	-3.38681	-0.302394	10.7469	-3.38681	0
11.7617	-3.36182	-0.330823	11.7617	-3.36182	0
-10.9727	-3.45981	-0.308375	-10.9727	-3.45981	0
-9.98217	-3.40311	-0.343736	-9.98217	-3.40311	0
-8.94646	-3.33421	-0.296052	-8.94646	-3.33421	0
-7.87017	-3.34621	-0.334673	-7.87017	-3.34621	0
-6.87358	-3.37869	-0.313712	-6.87358	-3.37869	0
-5.80582	-3.39208	-0.312774	-5.80582	-3.39208	0
-4.72745	-3.33365	-0.342433	-4.72745	-3.33365	0
-3.73885	-3.31613	-0.337896	-3.73885	-3.31613	0
-2.73724	-3.34415	-0.331905	-2.73724	-3.34415	0
-1.66268	-3.28814	-0.276096	-1.66268	-3.28814	0
-0.619701	-2.25351	-0.319833	-0.619701	-2.25351	0
0.415489	-2.34158	-0.280116	0.415489	-2.34158	0
1.45894	-2.31418	-0.324246	1.45894	-2.31418	0
2.4617	-2.28654	-0.317201	2.4617	-2.28654	0
3.4966	-2.30566	-0.294019	3.4966	-2.30566	0
4.53664	-2.3895	-0.310649	4.53664	-2.3895	0
5.59044	-2.36409	-0.306136	5.59044	-2.36409	0
6.64971	-2.37223	-0.328551	6.64971	-2.37223	0
7.63052	-2.27861	-0.272511	7.63052	-2.27861	0
8.64438	-2.26717	-0.307405	8.64438	-2.26717	0
9.7104	-2.27975	-0.331662	9.7104	-2.27975	0
10.7152	-2.33709	-0.335931	10.7152	-2.33709	0
11.7642	-2.28707	-0.322067	11.7642	-2.28707	0
-10.9235	-2.3001	-0.335578	-10.9235	-2.3001	0
-9.88445	-2.28821	-0.314631	-9.88445	-2.28821	0
-8.90128	-2.31735	-0.328394	-8.90128	-2.31735	0
-7.87419	-2.29735	-0.313259	-7.87419	-2.29735	0
-6.86359	-2.32959	-0.319387	-6.86359	-2.32959	0
-5.80839	-2.30771	-0.31707	-5.80839	-2.30771	0
-4.76647	-2.32807	-0.33147	-4.76647	-2.32807	0
-3.72859	-2.26992	-0.293435	-3.72859	-2.26992	0
-2.71255	-2.3139	-0.334691	-2.71255	-2.3139	0
-1.64235	-2.303	-0.352741	-1.64235	-2.303	0
-0.612732	-1.20858	-0.308794	-0.612732	-1.20858	0
0.436361	-1.27699	-0.325853	0.436361	-1.27699	0
1.43438	-1.28138	-0.341345	1.43438	-1.28138	0
2.49725	-1.299	-0.321625	2.49725	-1.299	0
3.51735	-1.27913	-0.329811	3.51735	-1.27913	0
4.5229	-1.26627	-0.31143	4.5229	-1.26627	0
5.52125	-1.36867	-0.30425	5.52125	-1.36867	0
6.57504	-1.32207	-0.335157	6.57504	-1.32207	0
7.58682	-1.3258	-0.312153	7.58682	-1.3258	0
8.67565	-1.19292	-0.316503	8.67565	-1.19292	0
9.6781	-1.27	-0.331328	9.6781	-1.27	0
10.7466	-1.27076	-0.315134	10.7466	-1.27076	0
11.8085	-1.29246	-0.283667	11.8085	-1.29246	0
-10.9204	-1.29222	-0.294567	-10.9204	-1.29222	0
-9.93487	-1.25915	-0.313041	-9.93487	-1.25915	0
-8.93114	-1.30324	-0.332302	-8.93114	-1.30324	0
-7.94304	-1.21259	-0.306604	-7.94304	-1.21259	0
-6.84853	-1.28116	-0.306093	-6.84853	-1.28116	0
-5.81044	-1.31421	-0.342165	-5.81044	-1.31421	0
-4.74833	-1.32224	-0.303687	-4.74833	-1.32224	0
-3.6787	-1.27457	-0.301499	-3.6787	-1.27457	0
-2.68901	-1.26932	-0.317852	-2.68901	-1.26932	0
-1.63563	-1.28475	-0.33351	-1.63563	-1.28475	0
-0.0778226	0.352867	0.326516	-0.0778226	0.352867	0
0.940838	0.335291	0.297412	0.940838	0.335291	0
1.93959	0.268842	0.338387	1.93959	0.268842	0
2.92808	0.281804	0.319782	2.92808	0.281804	0
3.93336	0.346714	0.332642	3.93336	0.346714	0
4.99967	0.196765	0.324031	4.99967	0.196765	0
6.04508	0.195186	0.321849	6.04508	0.195186	0
7.08834	0.209823	0.323069	7.08834	0.209823	0
8.09299	0.273498	0.313014	8.09299	0.273498	0
9.1188	0.288859	0.292059	9.1188	0.288859	0
10.2012	0.24209	0.303646	10.2012	0.24209	0
11.2692	0.275512	0.294212	11.2692	0.275512	0
-11.4719	0.316349	0.322133	-11.4719	0.316349	0
-10.4576	0.307975	0.315167	-10.4576	0.307975	0
-9.36504	0.296745	0.3053	-9.36504	0.296745	0
-8.34228	0.307434	0.333888	-8.34228	0.307434	0
-7.3035	0.230915	0.339043	-7.3035	0.230915	0
-6.28047	0.201271	0.315257	-6.28047	0.201271	0
-5.23231	0.236461	0.334857	-5.23231	0.236461	0
-4.22208	0.249351	0.316521	-4.22208	0.249351	0
-3.16592	0.270255	0.334186	-3.16592	0.270255	0
-2.17358	0.336328	0.309595	-2.17358	0.336328	0
-1.12149	0.328861	0.325184	-1.12149	0.328861	0
-0.128872	1.39503	0.337151	-0.128872	1.39503	0
0.873891	1.37539	0.322212	0.873891	1.37539	0
1.94472	1.35067	0.334222	1.94472	1.35067	0
2.99675	1.35237	0.321173	2.99675	1.35237	0
4.00115	1.32134	0.323876	4.00115	1.32134	0
5.10117	1.19172	0.339909	5.10117	1.19172	0
6.13348	1.2321	0.296738	6.13348	1.2321	0
7.12134	1.2507	0.332537	7.12134	1.2507	0
8.11032	1.34642	0.306983	8.11032	1.34642	0
9.20441	1.35419	0.318889	9.20441	1.35419	0
10.2066	1.27144	0.330728	10.2066	1.27144	0
11.2321	1.3496	0.332911	11.2321	1.3496	0
-11.4043	1.34999	0.335531	-11.4043	1.34999	0
-10.407	1.35671	0.315705	-10.407	1.35671	0
-9.41586	1.35195	0.343028	-9.41586	1.35195	0
-8.38103	1.30666	0.30082	-8.38103	1.30666	0
-7.36421	1.28843	0.319988	-7.36421	1.28843	0
-6.32075	1.24398	0.296201	-6.32075	1.24398	0
-5.29521	1.28531	0.324749	-5.29521	1.28531	0
-4.25194	1.30002	0.323827	-4.25194	1.30002	0
-3.21713	1.31782	0.306429	-3.21713	1.31782	0
-2.19338	1.35775	0.326268	-2.19338	1.35775	0
-1.15542	1.36868	0.30061	-1.15542	1.36868	0
-0.068721	2.39543	0.313223	-0.068721	2.39543	0
0.914209	2.37546	0.302218	0.914209	2.37546	0
1.94915	2.38903	0.298609	1.94915	2.38903	0
2.94722	2.35586	0.334021	2.94722	2.35586	0
4.00906	2.38884	0.324732	4.00906	2.38884	0
5.07349	2.27616	0.316215	5.07349	2.27616	0
6.05187	2.29854	0.311962	6.05187	2.29854	0
7.02715	2.34373	0.328607	7.02715	2.34373	0
8.08399	2.35846	0.27972	8.08399	2.35846	0
9.19004	2.38268	0.321334	9.19004	2.38268	0
10.2544	2.35892	0.306634	10.2544	2.35892	0
11.2238	2.34955	0.291381	11.2238	2.34955	0
-11.5511	2.36387	0.302338	-11.5511	2.36387	0
-10.4528	2.41223	0.317411	-10.4528	2.41223	0
-9.44167	2.39705	0.295691	-9.44167	2.39705	0
-8.39846	2.34595	0.311417	-8.39846	2.34595	0
-7.3899	2.27757	0.318387	-7.3899	2.27757	0
-6.31112	2.28784	0.315639	-6.31112	2.28784	0
-5.32211	2.35451	0.298936	-5.32211	2.35451	0
-4.26162	2.3997	0.319972	-4.26162	2.3997	0
-3.27599	2.38989	0.315615	-3.27599	2.38989	0
-2.21477	2.38843	0.308011	-2.21477	2.38843	0
-1.17019	2.37904	0.327873	-1.17019	2.37904	0
-0.0987924	3.43629	0.337559	-0.0987924	3.43629	0
0.947472	3.43929	0.315264	0.947472	3.43929	0
1.9246	3.39539	0.311799	1.9246	3.39539	0
2.91716	3.42726	0.303377	2.91716	3.42726	0
3.97021	3.36286	0.320766	3.97021	3.36286	0
5.02368	3.35679	0.326684	5.02368	3.35679	0
6.01433	3.39204	0.30008	6.01433	3.39204	0
7.05989	3.38266	0.330122	7.05989	3.38266	0
8.17717	3.34506	0.319096	8.17717	3.34506	0
9.17011	3.41951	0.306196	9.17011	3.41951	0
10.1953	3.39232	0.293075	10.1953	3.39232	0
11.2552	3.36962	0.32078	11.2552	3.36962	0
-11.5496	3.38082	0.321937	-11.5496	3.38082	0
-10.5629	3.3511	0.290012	-10.5629	3.3511	0
-9.54565	3.36843	0.290508	-9.54565	3.36843	0
-8.41249	3.41695	0.328041	-8.41249	3.41695	0
-7.42125	3.30237	0.341218	-7.42125	3.30237	0
-6.37813	3.30346	0.30409	-6.37813	3.30346	0
-5.34727	3.32828	0.346008	-5.34727	3.32828	0
-4.33451	3.39159	0.310927	-4.33451	3.39159	0
-3.24391	3.3848	0.316286	-3.24391	3.3848	0
-2.1988	3.44241	0.331341	-2.1988	3.44241	0
-1.14527	3.46599	0.301725	-1.14527	3.46599	0
-0.120493	4.4833	0.292865	-0.120493	4.4833	0
0.931759	4.48883	0.326854	0.931759	4.48883	0
1.94405	4.41154	0.319125	1.94405	4.41154	0
2.95593	4.46231	0.320441	2.95593	4.46231	0
3.95689	4.41202	0.337594	3.95689	4.41202	0
4.98276	4.35657	0.31854	4.98276	4.35657	0
6.00276	4.40916	0.309622	6.00276	4.40916	0
7.03624	4.35561	0.324547	7.03624	4.35561	0
8.12979	4.49018	0.325701	8.12979	4.49018	0
9.11645	4.38623	0.355752	9.11645	4.38623	0
10.1368	4.43191	0.294587	10.1368	4.43191	0
11.2049	4.44532	0.319158	11.2049	4.44532	0
-11.5315	4.41523	0.302982	-11.5315	4.41523	0
-10.5287	4.36023	0.333679	-10.5287	4.36023	0
-9.46701	4.39938	0.334583	-9.46701	4.39938	0
-8.46326	4.45158	0.347811	-8.46326	4.45158	0
-7.41436	4.36384	0.311951	-7.41436	4.36384	0
-6.39747	4.35564	0.299012	-6.39747	4.35564	0
-5.41017	4.41922	0.334876	-5.41017	4.41922	0
-4.33323	4.43211	0.328454	-4.33323	4.43211	0
-3.29173	4.45536	0.301457	-3.29173	4.45536	0
-2.2389	4.49058	0.320434	-2.2389	4.49058	0
-1.15306	4.51262	0.333854	-1.15306	4.51262	0
-0.14543	5.47808	0.322092	-0.14543	5.47808	0
0.897859	5.5087	0.32135	0.897859	5.5087	0
1.90542	5.46594	0.342431	1.90542	5.46594	0
2.92951	5.50781	0.3257	2.92951	5.50781	0
3.93765	5.44851	0.324867	3.93765	5.44851	0
5.01296	5.40616	0.291972	5.01296	5.40616	0
6.04358	5.39959	0.30527	6.04358	5.39959	0
7.09543	5.37244	0.309124	7.09543	5.37244	0
8.1399	5.48602	0.316347	8.1399	5.48602	0
9.17273	5.4591	0.310087	9.17273	5.4591	0
10.241	5.4113	0.290367	10.241	5.4113	0
11.2694	5.50326	0.310508	11.2694	5.50326	0
-11.4726	5.47192	0.304714	-11.4726	5.47192	0
-10.4812	5.36125	0.344417	-10.4812	5.36125	0
-9.49083	5.39867	0.326816	-9.49083	5.39867	0
-8.48319	5.44714	0.312242	-8.48319	5.44714	0
-7.44091	5.43161	0.314557	-7.44091	5.43161	0
-6.42682	5.39956	0.321186	-6.42682	5.39956	0
-5.35949	5.42988	0.326658	-5.35949	5.42988	0
-4.3485	5.44424	0.329175	-4.3485	5.44424	0
-3.32042	5.46692	0.301197	-3.32042	5.46692	0
-2.25719	5.44683	0.318211	-2.25719	5.44683	0
-1.1752	5.5248	0.329685	-1.1752	5.5248	0
-0.129607	6.55533	0.324221	-0.129607	6.55533	0
0.849125	6.49768	0.329292	0.849125	6.49768	0
1.86974	6.50707	0.308021	1.86974	6.50707	0
2.90109	6.54143	0.28214	2.90109	6.54143	0
3.94224	6.50863	0.315495	3.94224	6.50863	0
5.02555	6.48313	0.295955	5.02555	6.48313	0
6.04947	6.43663	0.323008	6.04947	6.43663	0
7.08981	6.43584	0.314304	7.08981	6.43584	0
8.15391	6.53856	0.303839	8.15391	6.53856	0
9.22597	6.46742	0.351725	9.22597	6.46742	0
10.2553	6.49971	0.299473	10.2553	6.49971	0
11.2741	6.50306	0.327987	11.2741	6.50306	0
-11.4688	6.50638	0.319524	-11.4688	6.50638	0
-10.5021	6.41883	0.338625	-10.5021	6.41883	0
-9.52423	6.47083	0.320583	-9.52423	6.47083	0
-8.51666	6.50353	0.315382	-8.51666	6.50353	0
-7.42199	6.43318	0.302994	-7.42199	6.43318	0
-6.38964	6.39254	0.307352	-6.38964	6.39254	0
-5.36227	6.47932	0.340795	-5.36227	6.47932	0
-4.29203	6.5011	0.336992	-4.29203	6.5011	0
-3.32623	6.51931	0.336164	-3.32623	6.51931	0
-2.25221	6.53575	0.325825	-2.25221	6.53575	0
-1.2262	6.55601	0.312885	-1.2262	6.55601	0
-0.157842	7.54797	0.303151	-0.157842	7.54797	0
0.870271	7.59426	0.348289	0.870271	7.59426	0
1.8959	7.5566	0.293176	1.8959	7.5566	0
2.98649	7.55996	0.312978	2.98649	7.55996	0
3.99581	7.52759	0.312556	3.99581	7.52759	0
5.05605	7.45832	0.3085	5.05605	7.45832	0
6.06169	7.50083	0.329608	6.06169	7.50083	0
7.11999	7.47453	0.327368	7.11999	7.47453	0
8.14037	7.56747	0.34332	8.14037	7.56747	0
9.22088	7.56865	0.289209	9.22088	7.56865	0
10.2234	7.53749	0.322571	10.2234	7.53749	0
11.2086	7.54603	0.309247	11.2086	7.54603	0
-11.4777	7.48081	0.297563	-11.4777	7.48081	0
-10.4517	7.50633	0.324493	-10.4517	7.50633	0
-9.4411	7.50855	0.321365	-9.4411	7.50855	0
-8.38757	7.47994	0.310312	-8.38757	7.47994	0
-7.41003	7.4744	0.295499	-7.41003	7.4744	0
-6.39656	7.48809	0.310424	-6.39656	7.48809	0
-5.30161	7.52403	0.296394	-5.30161	7.52403	0
-4.25889	7.55303	0.338989	-4.25889	7.55303	0
-3.24097	7.58156	0.304876	-3.24097	7.58156	0
-2.21304	7.56931	0.332244	-2.21304	7.56931	0
-1.18182	7.55927	0.308782	-1.18182	7.55927	0
-0.146153	8.59669	0.347582	-0.146153	8.59669	0
0.894658	8.55996	0.341364	0.894658	8.55996	0
1.938	8.57585	0.317739	1.938	8.57585	0
3.00298	8.55439	0.323806	3.00298	8.55439	0
4.02693	8.53681	0.3123	4.02693	8.53681	0
5.0348	8.59664	0.334273	5.0348	8.59664	0
6.07369	8.5561	0.286579	6.07369	8.5561	0
7.08168	8.50577	0.31816	7.08168	8.50577	0
8.08677	8.54624	0.313398	8.08677	8.54624	0
9.14292	8.56452	0.330073	9.14292	8.56452	0
10.1738	8.58461	0.332745	10.1738	8.58461	0
11.2227	8.54494	0.357456	11.2227	8.54494	0
-11.5268	8.51923	0.342594	-11.5268	8.51923	0
-10.4405	8.53023	0.326435	-10.4405	8.53023	0
-9.36894	8.59281	0.334486	-9.36894	8.59281	0
-8.36591	8.54927	0.327024	-8.36591	8.54927	0
-7.39446	8.54731	0.290006	-7.39446	8.54731	0
-6.3629	8.49348	0.348833	-6.3629	8.49348	0
-5.3269	8.52074	0.3076	-5.3269	8.52074	0
-4.30312	8.58512	0.316118	-4.30312	8.58512	0
-3.2314	8.60149	0.311109	-3.2314	8.60149	0
-2.13014	8.58997	0.300425	-2.13014	8.58997	0
-1.17731	8.61326	0.318357	-1.17731	8.61326	0
-0.130969	9.63828	0.298342	-0.130969	9.63828	0
0.876112	9.59661	0.312411	0.876112	9.59661	0
1.92398	9.61673	0.294914	1.92398	9.61673	0
2.96082	9.65832	0.303231	2.96082	9.65832	0
3.98459	9.61863	0.340999	3.98459	9.61863	0
5.01194	9.64044	0.297083	5.01194	9.64044	0
6.05689	9.52787	0.332862	6.05689	9.52787	0
7.11514	9.57139	0.337967	7.11514	9.57139	0
8.15601	9.55405	0.291411	8.15601	9.55405	0
9.16249	9.60545	0.330714	9.16249	9.60545	0
10.191	9.60216	0.316314	10.191	9.60216	0
11.2266	9.55086	0.29201	11.2266	9.55086	0
-11.5179	9.56299	0.301784	-11.5179	9.56299	0
-10.4804	9.57502	0.329914	-10.4804	9.57502	0
-9.41708	9.5681	0.321137	-9.41708	9.5681	0
-8.36966	9.57604	0.349679	-8.36966	9.57604	0
-7.32259	9.58251	0.333777	-7.32259	9.58251	0
-6.30008	9.54708	0.304313	-6.30008	9.54708	0
-5.31655	9.57532	0.321195	-5.31655	9.57532	0
-4.31493	9.60505	0.300261	-4.31493	9.60505	0
-3.24015	9.6145	0.285375	-3.24015	9.6145	0
-2.19612	9.57635	0.293596	-2.19612	9.57635	0
-1.12021	9.65309	0.308601	-1.12021	9.65309	0
-0.107413	10.6611	0.310591	-0.107413	10.6611	0
0.860899	10.6111	0.313603	0.860899	10.6111	0
1.94006	10.6079	0.304232	1.94006	10.6079	0
2.91114	10.6589	0.321249	2.91114	10.6589	0
3.93487	10.6672	0.29142	3.93487	10.6672	0
4.97638	10.6342	0.305746	4.97638	10.6342	0
6.01237	10.6132	0.319708	6.01237	10.6132	0
7.10119	10.6218	0.308685	7.10119	10.6218	0
8.13917	10.6238	0.322738	8.13917	10.6238	0
9.21519	10.6827	0.32069	9.21519	10.6827	0
10.1967	10.5633	0.323101	10.1967	10.5633	0
11.2491	10.5976	0.323688	11.2491	10.5976	0
-11.5434	10.6506	0.325515	-11.5434	10.6506	0
-10.4975	10.5942	0.326236	-10.4975	10.5942	0
-9.44378	10.567	0.323402	-9.44378	10.567	0
-8.39927	10.569	0.338973	-8.39927	10.569	0
-7.37078	10.5967	0.315838	-7.37078	10.5967	0
-6.33356	10.6363	0.315572	-6.33356	10.6363	0
-5.29057	10.6185	0.322845	-5.29057	10.6185	0
-4.24253	10.5933	0.308716	-4.24253	10.5933	0
-3.22779	10.6477	0.327624	-3.22779	10.6477	0
-2.19958	10.6722	0.313844	-2.19958	10.6722	0
-1.18243	10.7015	0.305644	-1.18243	10.7015	0
-0.105342	11.7095	0.310768	-0.105342	11.7095	0
0.861598	11.6472	0.317243	0.861598	11.6472	0
1.93789	11.6406	0.332527	1.93789	11.6406	0
2.95305	11.6779	0.330741	2.95305	11.6779	0
3.98245	11.6964	0.32239	3.98245	11.6964	0
4.9767	11.6771	0.35197	4.9767	11.6771	0
6.04565	11.6457	0.330221	6.04565	11.6457	0
7.082	11.6391	0.332062	7.082	11.6391	0
8.12544	11.6112	0.314086	8.12544	11.6112	0
9.1712	11.6795	0.310454	9.1712	11.6795	0
10.1982	11.6928	0.34369	10.1982	11.6928	0
11.209	11.6062	0.319922	11.209	11.6062	0
-11.5167	11.5886	0.320131	-11.5167	11.5886	0
-10.5018	11.6381	0.302886	-10.5018	11.6381	0
-9.47061	11.591	0.335815	-9.47061	11.591	0
-8.35172	11.6555	0.279931	-8.35172	11.6555	0
-7.33254	11.6338	0.267702	-7.33254	11.6338	0
-6.35212	11.6445	0.307779	-6.35212	11.6445	0
-5.29194	11.6935	0.349482	-5.29194	11.6935	0
-4.25414	11.5839	0.326122	-4.25414	11.5839	0
-3.2541	11.6495	0.315223	-3.2541	11.6495	0
-2.21183	11.7231	0.31785	-2.21183	11.7231	0
-1.11781	11.7143	0.321168	-1.11781	11.7143	0
-0.106719	-11.0139	0.319247	-0.106719	-11.0139	0
0.918759	-11.0807	0.289084	0.918759	-11.0807	0
1.91432	-11.099	0.342526	1.91432	-11.099	0
2.96138	-11.1014	0.317113	2.96138	-11.1014	0
4.00684	-11.045	0.313495	4.00684	-11.045	0
5.02119	-11.0589	0.332028	5.02119	-11.0589	0
6.11559	-11.1057	0.327487	6.11559	-11.1057	0
7.14392	-11.1407	0.321148	7.14392	-11.1407	0
8.15261	-11.0722	0.302732	8.15261	-11.0722	0
9.16396	-11.0862	0.295479	9.16396	-11.0862	0
10.172	-11.0856	0.333928	10.172	-11.0856	0
11.1799	-11.1215	0.331686	11.1799	-11.1215	0
-11.5377	-11.1773	0.308555	-11.5377	-11.1773	0
-10.4705	-11.1362	0.345836	-10.4705	-11.1362	0
-9.44159	-11.1399	0.306658	-9.44159	-11.1399	0
-8.38269	-11.1398	0.308711	-8.38269	-11.1398	0
-7.37726	-11.1063	0.34493	-7.37726	-11.1063	0
-6.31915	-11.0641	0.340703	-6.31915	-11.0641	0
-5.25475	-11.1109	0.330657	-5.25475	-11.1109	0
-4.21531	-11.1874	0.313497	-4.21531	-11.1874	0
-3.17643	-11.0974	0.311089	-3.17643	-11.0974	0
-2.16659	-11.0726	0.328065	-2.16659	-11.0726	0
-1.19755	-11.042	0.327258	-1.19755	-11.042	0
-0.0980036	-10.0001	0.318397	-0.0980036	-10.0001	0
0.908338	-10.0344	0.313113	0.908338	-10.0344	0
1.96442	-10.0708	0.314519	1.96442	-10.0708	0
3.00876	-10.0557	0.313103	3.00876	-10.0557	0
4.02628	-9.9662	0.317454	4.02628	-9.9662	0
5.13706	-10.0139	0.332741	5.13706	-10.0139	0
6.17515	-10.0568	0.323207	6.17515	-10.0568	0
7.14835	-10.0702	0.343006	7.14835	-10.0702	0
8.15958	-10.0798	0.289591	8.15958	-10.0798	0
9.2566	-10.0418	0.323305	9.2566	-10.0418	0
10.2723	-10.0781	0.320354	10.2723	-10.0781	0
11.293	-10.0806	0.27735	11.293	-10.0806	0
-11.47	-10.116	0.323901	-11.47	-10.116	0
-10.4114	-10.0889	0.315231	-10.4114	-10.0889	0
-9.39116	-10.1162	0.317223	-9.39116	-10.1162	0
-8.38127	-10.1249	0.31389	-8.38127	-10.1249	0
-7.35628	-10.1057	0.318261	-7.35628	-10.1057	0
-6.33782	-10.0782	0.304358	-6.33782	-10.0782	0
-5.24008	-10.1253	0.305861	-5.24008	-10.1253	0
-4.25466	-10.0512	0.321206	-4.25466	-10.0512	0
-3.15634	-10.0389	0.309885	-3.15634	-10.0389	0
-2.19918	-10.0334	0.317799	-2.19918	-10.0334	0
-1.21295	-10.0398	0.310824	-1.21295	-10.0398	0
-0.109813	-8.95339	0.35392	-0.109813	-8.95339	0
0.908488	-9.00893	0.329376	0.908488	-9.00893	0
1.93158	-9.0209	0.319649	1.93158	-9.0209	0
2.9144	-9.01561	0.318846	2.9144	-9.01561	0
4.01203	-9.01922	0.323663	4.01203	-9.01922	0
5.07347	-8.99517	0.31151	5.07347	-8.99517	0
6.13553	-9.00913	0.310824	6.13553	-9.00913	0
7.13785	-9.03059	0.333984	7.13785	-9.03059	0
8.17435	-9.05757	0.30487	8.17435	-9.05757	0
9.23196	-9.02523	0.310829	9.23196	-9.02523	0
10.2634	-9.01168	0.313128	10.2634	-9.01168	0
11.3469	-9.11692	0.328418	11.3469	-9.11692	0
-11.3979	-9.05868	0.322808	-11.3979	-9.05868	0
-10.4202	-9.05367	0.307255	-10.4202	-9.05367	0
-9.40698	-9.0346	0.31917	-9.40698	-9.0346	0
-8.36427	-9.00516	0.327354	-8.36427	-9.00516	0
-7.35405	-9.03228	0.315617	-7.35405	-9.03228	0
-6.31757	-9.08481	0.327697	-6.31757	-9.08481	0
-5.27594	-9.13246	0.327968	-5.27594	-9.13246	0
-4.23277	-9.05991	0.331205	-4.23277	-9.05991	0
-3.15966	-8.9561	0.31484	-3.15966	-8.9561	0
-2.17205	-9.0293	0.314766	-2.17205	-9.0293	0
-1.13534	-8.94054	0.32904	-1.13534	-8.94054	0
-0.0888918	-7.92234	0.345798	-0.0888918	-7.92234	0
0.902658	-8.01441	0.329898	0.902658	-8.01441	0
1.90252	-7.95157	0.301948	1.90252	-7.95157	0
2.98967	-7.9584	0.325409	2.98967	-7.9584	0
3.97819	-8.02431	0.32079	3.97819	-8.02431	0
5.0328	-8.01336	0.341514	5.0328	-8.01336	0
6.10896	-8.00729	0.300249	6.10896	-8.00729	0
7.14853	-7.97974	0.327337	7.14853	-7.97974	0
8.1665	-8.0397	0.313524	8.1665	-8.0397	0
9.19831	-8.01192	0.326683	9.19831	-8.01192	0
10.246	-8.04115	0.321624	10.246	-8.04115	0
11.2691	-8.0272	0.320114	11.2691	-8.0272	0
-11.5006	-8.01925	0.341114	-11.5006	-8.01925	0
-10.439	-8.00972	0.316805	-10.439	-8.00972	0
-9.35649	-7.98317	0.325734	-9.35649	-7.98317	0
-8.32916	-7.99481	0.315186	-8.32916	-7.99481	0
-7.34776	-7.96481	0.316555	-7.34776	-7.96481	0
-6.2883	-8.00027	0.303927	-6.2883	-8.00027	0
-5.26976	-8.0222	0.283424	-5.26976	-8.0222	0
-4.247	-7.97643	0.305976	-4.247	-7.97643	0
-3.20787	-7.95049	0.300068	-3.20787	-7.95049	0
-2.19279	-7.94188	0.315713	-2.19279	-7.94188	0
-1.19552	-7.88292	0.297101	-1.19552	-7.88292	0
-0.0823692	-6.87886	0.341167	-0.0823692	-6.87886	0
0.943493	-6.93068	0.338639	0.943493	-6.93068	0
1.97723	-6.93658	0.313251	1.97723	-6.93658	0
3.02564	-7.01715	0.323902	3.02564	-7.01715	0
4.0071	-6.96691	0.310488	4.0071	-6.96691	0
5.08555	-6.98894	0.310052	5.08555	-6.98894	0
6.13053	-7.03869	0.308938	6.13053	-7.03869	0
7.19685	-6.97627	0.315055	7.19685	-6.97627	0
8.20883	-6.97602	0.319337	8.20883	-6.97602	0
9.21292	-7.02215	0.331411	9.21292	-7.02215	0
10.2895	-6.94543	0.322499	10.2895	-6.94543	0
11.2664	-7.02609	0.285381	11.2664	-7.02609	0
-11.4684	-6.99768	0.318755	-11.4684	-6.99768	0
-10.4714	-6.97384	0.353077	-10.4714	-6.97384	0
-9.40827	-6.98714	0.328523	-9.40827	-6.98714	0
-8.41802	-6.95476	0.322803	-8.41802	-6.95476	0
-7.37769	-6.89164	0.328137	-7.37769	-6.89164	0
-6.34	-6.96266	0.329625	-6.34	-6.96266	0
-5.28502	-6.97231	0.323844	-5.28502	-6.97231	0
-4.24871	-6.96257	0.295461	-4.24871	-6.96257	0
-3.25329	-6.89766	0.303698	-3.25329	-6.89766	0
-2.27572	-6.89287	0.34096	-2.27572	-6.89287	0
-1.14347	-6.88327	0.33431	-1.14347	-6.88327	0
-0.100026	-5.89228	0.34638	-0.100026	-5.89228	0
0.882047	-5.93535	0.330764	0.882047	-5.93535	0
1.96461	-5.91263	0.331003	1.96461	-5.91263	0
3.00734	-5.95315	0.329041	3.00734	-5.95315	0
4.06073	-5.9656	0.320588	4.06073	-5.9656	0
5.05845	-5.96258	0.320471	5.05845	-5.96258	0
6.1417	-5.95166	0.318312	6.1417	-5.95166	0
7.17579	-5.96393	0.302688	7.17579	-5.96393	0
8.20126	-5.9967	0.331416	8.20126	-5.9967	0
9.21483	-5.97052	0.329822	9.21483	-5.97052	0
10.2509	-5.91942	0.336003	10.2509	-5.91942	0
11.2486	-5.90425	0.314255	11.2486	-5.90425	0
-11.5475	-6.02705	0.329541	-11.5475	-6.02705	0
-10.4534	-5.96189	0.314258	-10.4534	-5.96189	0
-9.42308	-5.96361	0.313189	-9.42308	-5.96361	0
-8.38786	-5.90937	0.320762	-8.38786	-5.90937	0
-7.33876	-5.87032	0.329003	-7.33876	-5.87032	0
-6.34781	-5.92883	0.303005	-6.34781	-5.92883	0
-5.26037	-5.90568	0.311255	-5.26037	-5.90568	0
-4.24702	-5.9163	0.308684	-4.24702	-5.9163	0
-3.23604	-5.94841	0.332492	-3.23604	-5.94841	0
-2.24803	-5.86362	0.301525	-2.24803	-5.86362	0
-1.27076	-5.82806	0.294132	-1.27076	-5.82806	0
-0.0942568	-4.87252	0.290042	-0.0942568	-4.87252	0
0.913399	-4.88443	0.327489	0.913399	-4.88443	0
1.94044	-4.9034	0.288089	1.94044	-4.9034	0
2.99321	-4.92226	0.323654	2.99321	-4.92226	0
3.98727	-4.9207	0.339101	3.98727	-4.9207	0
5.04964	-4.95917	0.302376	5.04964	-4.95917	0
6.10329	-4.9251	0.293338	6.10329	-4.9251	0
7.18103	-4.95011	0.292304	7.18103	-4.95011	0
8.16841	-4.88918	0.344483	8.16841	-4.88918	0
9.21835	-4.92366	0.324682	9.21835	-4.92366	0
10.2142	-4.87973	0.318693	10.2142	-4.87973	0
11.223	-4.92493	0.358826	11.223	-4.92493	0
-11.5316	-4.94016	0.324509	-11.5316	-4.94016	0
-10.4758	-4.95967	0.317666	-10.4758	-4.95967	0
-9.41548	-4.89768	0.304736	-9.41548	-4.89768	0
-8.43005	-4.88533	0.315557	-8.43005	-4.88533	0
-7.37854	-4.88307	0.334674	-7.37854	-4.88307	0
-6.23225	-4.91734	0.299557	-6.23225	-4.91734	0
-5.28961	-4.90556	0.294908	-5.28961	-4.90556	0
-4.2954	-4.82928	0.32709	-4.2954	-4.82928	0
-3.24877	-4.86421	0.306843	-3.24877	-4.86421	0
-2.24908	-4.85831	0.317276	-2.24908	-4.85831	0
-1.16071	-4.86559	0.334206	-1.16071	-4.86559	0
-0.163214	-3.86547	0.315143	-0.163214	-3.86547	0
0.950528	-3.85169	0.32865	0.950528	-3.85169	0
1.98596	-3.87176	0.32045	1.98596	-3.87176	0
2.93431	-3.86591	0.328537	2.93431	-3.86591	0
3.98185	-3.88168	0.308686	3.98185	-3.88168	0
5.07482	-3.89953	0.311256	5.07482	-3.89953	0
6.08991	-3.88163	0.311707	6.08991	-3.88163	0
7.19008	-3.88823	0.318507	7.19008	-3.88823	0
8.20743	-3.86276	0.30699	8.20743	-3.86276	0
9.22142	-3.81577	0.330903	9.22142	-3.81577	0
10.1843	-3.84366	0.328683	10.1843	-3.84366	0
11.1847	-3.87917	0.351183	11.1847	-3.87917	0
-11.4774	-3.96276	0.304636	-11.4774	-3.96276	0
-10.5062	-3.95753	0.327049	-10.5062	-3.95753	0
-9.4337	-3.86692	0.288618	-9.4337	-3.86692	0
-8.38065	-3.87356	0.289854	-8.38065	-3.87356	0
-7.41539	-3.91661	0.334493	-7.41539	-3.91661	0
-6.36712	-3.87268	0.311332	-6.36712	-3.87268	0
-5.33307	-3.85658	0.323624	-5.33307	-3.85658	0
-4.26041	-3.81976	0.316977	-4.26041	-3.81976	0
-3.27798	-3.82644	0.29879	-3.27798	-3.82644	0
-2.22387	-3.87198	0.278988	-2.22387	-3.87198	0
-1.16366	-3.80394	0.332763	-1.16366	-3.80394	0
-0.152957	-2.79152	0.31107	-0.152957	-2.79152	0
0.928703	-2.84012	0.340158	0.928703	-2.84012	0
1.95707	-2.82964	0.316925	1.95707	-2.82964	0
2.94931	-2.82512	0.299141	2.94931	-2.82512	0
3.99737	-2.82542	0.335605	3.99737	-2.82542	0
5.07203	-2.85538	0.30313	5.07203	-2.85538	0
6.0913	-2.87556	0.338743	6.0913	-2.87556	0
7.14732	-2.87328	0.330575	7.14732	-2.87328	0
8.18978	-2.77856	0.324928	8.18978	-2.77856	0
9.24036	-2.7741	0.310709	9.24036	-2.7741	0
10.2334	-2.86489	0.342781	10.2334	-2.86489	0
11.2692	-2.86491	0.296628	11.2692	-2.86491	0
-11.4875	-2.85868	0.313505	-11.4875	-2.85868	0
-10.4368	-2.85888	0.300014	-10.4368	-2.85888	0
-9.48659	-2.88355	0.308471	-9.48659	-2.88355	0
-8.40978	-2.84902	0.31481	-8.40978	-2.84902	0
-7.37254	-2.89251	0.340512	-7.37254	-2.89251	0
-6.30631	-2.82216	0.31894	-6.30631	-2.82216	0
-5.26071	-2.8634	0.323556	-5.26071	-2.8634	0
-4.26354	-2.80692	0.308926	-4.26354	-2.80692	0
-3.26259	-2.8244	0.314944	-3.26259	-2.8244	0
-2.21527	-2.80993	0.328757	-2.21527	-2.80993	0
-1.14856	-2.81301	0.331181	-1.14856	-2.81301	0
-0.107878	-1.76002	0.304278	-0.107878	-1.76002	0
0.924635	-1.7938	0.294434	0.924635	-1.7938	0
1.92246	-1.78233	0.327844	1.92246	-1.78233	0
2.95792	-1.79273	0.30315	2.95792	-1.79273	0
3.99762	-1.78346	0.332698	3.99762	-1.78346	0
5.01747	-1.87568	0.309315	5.01747	-1.87568	0
6.12146	-1.86234	0.295576	6.12146	-1.86234	0
7.06664	-1.81971	0.31908	7.06664	-1.81971	0
8.17676	-1.73291	0.335804	8.17676	-1.73291	0
9.18026	-1.80275	0.322355	9.18026	-1.80275	0
10.2111	-1.78435	0.30099	10.2111	-1.78435	0
11.2739	-1.82472	0.293877	11.2739	-1.82472	0
-11.4771	-1.80972	0.317777	-11.4771	-1.80972	0
-10.4493	-1.82463	0.322391	-10.4493	-1.82463	0
-9.37327	-1.78416	0.350205	-9.37327	-1.78416	0
-8.35114	-1.74985	0.305485	-8.35114	-1.74985	0
-7.33151	-1.7774	0.310381	-7.33151	-1.7774	0
-6.31899	-1.77459	0.293103	-6.31899	-1.77459	0
-5.25689	-1.83958	0.347388	-5.25689	-1.83958	0
-4.21692	-1.78573	0.344919	-4.21692	-1.78573	0
-3.1405	-1.81296	0.321232	-3.1405	-1.81296	0
-2.16768	-1.76662	0.302354	-2.16768	-1.76662	0
-1.14696	-1.789	0.308892	-1.14696	-1.789	0
-0.0626651	-0.691301	0.256157	-0.0626651	-0.691301	0
0.912839	-0.726194	0.310673	0.912839	-0.726194	0
1.91482	-0.787002	0.313672	1.91482	-0.787002	0
2.97911	-0.810198	0.320561	2.97911	-0.810198	0
3.97853	-0.778521	0.322245	3.97853	-0.778521	0
5.01647	-0.78767	0.339928	5.01647	-0.78767	0
6.09775	-0.881241	0.321866	6.09775	-0.881241	0
7.09724	-0.797637	0.293428	7.09724	-0.797637	0
8.09408	-0.733197	0.331441	8.09408	-0.733197	0
9.18683	-0.719809	0.315809	9.18683	-0.719809	0
10.2023	-0.755424	0.288627	10.2023	-0.755424	0
11.2546	-0.718113	0.316855	11.2546	-0.718113	0
-11.4768	-0.762484	0.293053	-11.4768	-0.762484	0
-10.4234	-0.745995	0.297009	-10.4234	-0.745995	0
-9.42844	-0.778163	0.306212	-9.42844	-0.778163	0
-8.41967	-0.752706	0.328416	-8.41967	-0.752706	0
-7.31609	-0.789103	0.309646	-7.31609	-0.789103	0
-6.28844	-0.82607	0.331905	-6.28844	-0.82607	0
-5.22865	-0.806417	0.301828	-5.22865	-0.806417	0
-4.21738	-0.794203	0.330614	-4.21738	-0.794203	0
-3.13331	-0.781432	0.318905	-3.13331	-0.781432	0
-2.13686	-0.739645	0.300911	-2.13686	-0.739645	0
-1.06819	-0.706	0.306907	-1.06819	-0.706	0
