-0.176952	0.264136	-0.298189	-0.176952	0.264136	0
0.795706	0.277595	-0.305328	0.795706	0.277595	0
1.82883	0.291039	-0.301271	1.82883	0.291039	0
2.87182	0.312269	-0.330057	2.87182	0.312269	0
3.88789	0.268821	-0.304476	3.88789	0.268821	0
4.93455	0.268414	-0.285546	4.93455	0.268414	0
5.97975	0.258511	-0.344903	5.97975	0.258511	0
6.98062	0.251983	-0.309875	6.98062	0.251983	0
8.03044	0.239676	-0.326362	8.03044	0.239676	0
9.05157	0.262113	-0.307961	9.05157	0.262113	0
10.0709	0.257453	-0.31677	10.0709	0.257453	0
11.0807	0.257165	-0.323502	11.0807	0.257165	0
-11.685	0.302673	-0.32509	-11.685	0.302673	0
-10.6188	0.306828	-0.298152	-10.6188	0.306828	0
-9.57308	0.246302	-0.315542	-9.57308	0.246302	0
-8.46759	0.241799	-0.326907	-8.46759	0.241799	0
-7.42615	0.228329	-0.310282	-7.42615	0.228329	0
-6.42166	0.180463	-0.332308	-6.42166	0.180463	0
-5.41016	0.35905	-0.304938	-5.41016	0.35905	0
-4.34687	0.330542	-0.315683	-4.34687	0.330542	0
-3.33782	0.22711	-0.294608	-3.33782	0.22711	0
-2.29271	0.262936	-0.316173	-2.29271	0.262936	0
-1.27683	0.271025	-0.329155	-1.27683	0.271025	0
-0.247152	1.29149	-0.33649	-0.247152	1.29149	0
0.790371	1.28609	-0.339903	0.790371	1.28609	0
1.82372	1.31214	-0.322175	1.82372	1.31214	0
2.83401	1.31578	-0.335604	2.83401	1.31578	0
3.8707	1.30313	-0.296131	3.8707	1.30313	0
4.95256	1.36062	-0.353211	4.95256	1.36062	0
5.94225	1.31417	-0.324279	5.94225	1.31417	0
6.9853	1.25962	-0.319741	6.9853	1.25962	0
8.02892	1.25846	-0.304301	8.02892	1.25846	0
9.0997	1.32403	-0.295405	9.0997	1.32403	0
10.1161	1.28103	-0.297857	10.1161	1.28103	0
11.156	1.27895	-0.316183	11.156	1.27895	0
-11.6178	1.30767	-0.348601	-11.6178	1.30767	0
-10.6104	1.29893	-0.316349	-10.6104	1.29893	0
-9.50479	1.25084	-0.362067	-9.50479	1.25084	0
-8.50171	1.2765	-0.306349	-8.50171	1.2765	0
-7.50818	1.28976	-0.296688	-7.50818	1.28976	0
-6.47234	1.24887	-0.318035	-6.47234	1.24887	0
-5.3844	1.34983	-0.323223	-5.3844	1.34983	0
-4.30256	1.34915	-0.340278	-4.30256	1.34915	0
-3.32057	1.22626	-0.311321	-3.32057	1.22626	0
-2.33287	1.31681	-0.312481	-2.33287	1.31681	0
-1.29979	1.30278	-0.299306	-1.29979	1.30278	0
-0.253161	2.32534	-0.328425	-0.253161	2.32534	0
0.783367	2.3414	-0.305488	0.783367	2.3414	0
1.80392	2.32823	-0.30388	1.80392	2.32823	0
2.8165	2.38922	-0.315085	2.8165	2.38922	0
3.83483	2.32191	-0.271538	3.83483	2.32191	0
4.85864	2.36505	-0.303877	4.85864	2.36505	0
5.91957	2.338	-0.304712	5.91957	2.338	0
6.97457	2.30778	-0.333568	6.97457	2.30778	0
8.00262	2.32828	-0.307648	8.00262	2.32828	0
9.06679	2.33407	-0.346748	9.06679	2.33407	0
10.0947	2.3013	-0.324401	10.0947	2.3013	0
11.144	2.31517	-0.29053	11.144	2.31517	0
-11.5484	2.39954	-0.350282	-11.5484	2.39954	0
-10.5631	2.38297	-0.317932	-10.5631	2.38297	0
-9.58898	2.25948	-0.316925	-9.58898	2.25948	0
-8.49068	2.28677	-0.296272	-8.49068	2.28677	0
-7.45678	2.28499	-0.330411	-7.45678	2.28499	0
-6.41541	2.2817	-0.346902	-6.41541	2.2817	0
-5.3636	2.34095	-0.309411	-5.3636	2.34095	0
-4.34339	2.38065	-0.328706	-4.34339	2.38065	0
-3.3041	2.29673	-0.330468	-3.3041	2.29673	0
-2.27368	2.36707	-0.332886	-2.27368	2.36707	0
-1.27159	2.33901	-0.296747	-1.27159	2.33901	0
-0.246477	3.4031	-0.338091	-0.246477	3.4031	0
0.797917	3.39597	-0.322844	0.797917	3.39597	0
1.83555	3.34124	-0.3186	1.83555	3.34124	0
2.85265	3.34274	-0.322137	2.85265	3.34274	0
3.87194	3.37458	-0.278778	3.87194	3.37458	0
4.91062	3.41564	-0.322381	4.91062	3.41564	0
5.91077	3.32787	-0.298496	5.91077	3.32787	0
6.93114	3.3636	-0.331018	6.93114	3.3636	0
7.96879	3.35777	-0.313398	7.96879	3.35777	0
9.06096	3.38245	-0.334493	9.06096	3.38245	0
10.0681	3.28921	-0.322365	10.0681	3.28921	0
11.2133	3.38487	-0.324258	11.2133	3.38487	0
-11.5524	3.44598	-0.31095	-11.5524	3.44598	0
-10.5273	3.37346	-0.320807	-10.5273	3.37346	0
-9.49789	3.35133	-0.334832	-9.49789	3.35133	0
-8.53239	3.36301	-0.320453	-8.53239	3.36301	0
-7.45075	3.30434	-0.320345	-7.45075	3.30434	0
-6.4055	3.40692	-0.308297	-6.4055	3.40692	0
-5.3649	3.34778	-0.329278	-5.3649	3.34778	0
-4.34948	3.38981	-0.289319	-4.34948	3.38981	0
-3.33878	3.36083	-0.331602	-3.33878	3.36083	0
-2.37676	3.3816	-0.331944	-2.37676	3.3816	0
-1.2712	3.41275	-0.32427	-1.2712	3.41275	0
-0.27592	4.50967	-0.334504	-0.27592	4.50967	0
0.834786	4.41914	-0.293218	0.834786	4.41914	0
1.79252	4.35642	-0.304529	1.79252	4.35642	0
2.87051	4.40914	-0.320268	2.87051	4.40914	0
3.91701	4.44718	-0.310862	3.91701	4.44718	0
4.93205	4.42026	-0.306229	4.93205	4.42026	0
5.98376	4.42115	-0.306203	5.98376	4.42115	0
6.98145	4.39229	-0.317605	6.98145	4.39229	0
7.98391	4.4112	-0.279387	7.98391	4.4112	0
9.06481	4.33653	-0.319015	9.06481	4.33653	0
10.0795	4.31394	-0.295124	10.0795	4.31394	0
11.1021	4.36764	-0.308661	11.1021	4.36764	0
-11.5459	4.4949	-0.305073	-11.5459	4.4949	0
-10.4904	4.464	-0.317848	-10.4904	4.464	0
-9.4827	4.38934	-0.294281	-9.4827	4.38934	0
-8.47364	4.38225	-0.318476	-8.47364	4.38225	0
-7.45737	4.39415	-0.327128	-7.45737	4.39415	0
-6.42655	4.39492	-0.330082	-6.42655	4.39492	0
-5.33413	4.36482	-0.349591	-5.33413	4.36482	0
-4.33377	4.40626	-0.310148	-4.33377	4.40626	0
-3.30191	4.44808	-0.337365	-3.30191	4.44808	0
-2.25979	4.45944	-0.31457	-2.25979	4.45944	0
-1.27776	4.42742	-0.313917	-1.27776	4.42742	0
-0.211334	5.46805	-0.315441	-0.211334	5.46805	0
0.857009	5.40482	-0.307473	0.857009	5.40482	0
1.84638	5.43589	-0.30353	1.84638	5.43589	0
2.91554	5.46927	-0.311137	2.91554	5.46927	0
3.94104	5.44939	-0.323995	3.94104	5.44939	0
4.95414	5.43169	-0.3329	4.95414	5.43169	0
5.98676	5.47538	-0.313763	5.98676	5.47538	0
7.07986	5.47111	-0.345811	7.07986	5.47111	0
8.05373	5.45282	-0.322467	8.05373	5.45282	0
9.06699	5.38784	-0.322953	9.06699	5.38784	0
10.0886	5.38161	-0.326205	10.0886	5.38161	0
11.0924	5.40464	-0.335322	11.0924	5.40464	0
-11.6299	5.45658	-0.300916	-11.6299	5.45658	0
-10.5163	5.45318	-0.320821	-10.5163	5.45318	0
-9.46666	5.43474	-0.325045	-9.46666	5.43474	0
-8.49023	5.39556	-0.343952	-8.49023	5.39556	0
-7.43086	5.37398	-0.35626	-7.43086	5.37398	0
-6.44616	5.40742	-0.322953	-6.44616	5.40742	0
-5.37284	5.44283	-0.344082	-5.37284	5.44283	0
-4.30417	5.42197	-0.298952	-4.30417	5.42197	0
-3.3532	5.43783	-0.315027	-3.3532	5.43783	0
-2.32116	5.48096	-0.3234	-2.32116	5.48096	0
-1.29422	5.49521	-0.307104	-1.29422	5.49521	0
-0.200252	6.48807	-0.307052	-0.200252	6.48807	0
0.855529	6.46062	-0.292212	0.855529	6.46062	0
1.85792	6.4757	-0.292689	1.85792	6.4757	0
2.89808	6.53088	-0.324647	2.89808	6.53088	0
3.95593	6.46979	-0.327967	3.95593	6.46979	0
5.06173	6.47595	-0.346687	5.06173	6.47595	0
6.07731	6.48939	-0.320793	6.07731	6.48939	0
7.02106	6.49176	-0.311557	7.02106	6.49176	0
8.10477	6.44159	-0.322573	8.10477	6.44159	0
9.12919	6.43273	-0.360633	9.12919	6.43273	0
10.1105	6.40127	-0.287538	10.1105	6.40127	0
11.1871	6.39184	-0.31275	11.1871	6.39184	0
-11.5511	6.44566	-0.304202	-11.5511	6.44566	0
-10.5218	6.47299	-0.318295	-10.5218	6.47299	0
-9.4493	6.481	-0.31682	-9.4493	6.481	0
-8.45378	6.40015	-0.312241	-8.45378	6.40015	0
-7.39084	6.37206	-0.315607	-7.39084	6.37206	0
-6.36495	6.43708	-0.326656	-6.36495	6.43708	0
-5.34249	6.4839	-0.329362	-5.34249	6.4839	0
-4.27545	6.47217	-0.338081	-4.27545	6.47217	0
-3.30221	6.52615	-0.303624	-3.30221	6.52615	0
-2.26397	6.49561	-0.322739	-2.26397	6.49561	0
-1.21169	6.46459	-0.30488	-1.21169	6.46459	0
-0.160694	7.47217	-0.298207	-0.160694	7.47217	0
0.846848	7.52172	-0.291176	0.846848	7.52172	0
1.93607	7.50758	-0.299009	1.93607	7.50758	0
2.98254	7.51926	-0.324476	2.98254	7.51926	0
4.02544	7.52413	-0.300803	4.02544	7.52413	0
5.09542	7.54023	-0.309144	5.09542	7.54023	0
6.11966	7.56481	-0.33208	6.11966	7.56481	0
7.07723	7.5769	-0.322724	7.07723	7.5769	0
8.13602	7.54284	-0.30534	8.13602	7.54284	0
9.14792	7.52137	-0.335501	9.14792	7.52137	0
10.1854	7.43658	-0.310278	10.1854	7.43658	0
11.2147	7.5071	-0.316474	11.2147	7.5071	0
-11.5755	7.48049	-0.292905	-11.5755	7.48049	0
-10.5261	7.53085	-0.320219	-10.5261	7.53085	0
-9.51976	7.54131	-0.329282	-9.51976	7.54131	0
-8.46607	7.44221	-0.336657	-8.46607	7.44221	0
-7.35126	7.43292	-0.331836	-7.35126	7.43292	0
-6.27926	7.49816	-0.326774	-6.27926	7.49816	0
-5.26986	7.51477	-0.329066	-5.26986	7.51477	0
-4.22298	7.50007	-0.321372	-4.22298	7.50007	0
-3.21587	7.55833	-0.295863	-3.21587	7.55833	0
-2.23491	7.52593	-0.329682	-2.23491	7.52593	0
-1.17344	7.57361	-0.313693	-1.17344	7.57361	0
-0.12018	8.54799	-0.32298	-0.12018	8.54799	0
0.84352	8.55769	-0.341529	0.84352	8.55769	0
1.92756	8.58094	-0.323831	1.92756	8.58094	0
2.95863	8.58228	-0.304431	2.95863	8.58228	0
4.05521	8.56328	-0.302934	4.05521	8.56328	0
5.10826	8.59018	-0.322766	5.10826	8.59018	0
6.12327	8.54654	-0.298163	6.12327	8.54654	0
7.11291	8.58872	-0.329561	7.11291	8.58872	0
8.11001	8.55024	-0.327127	8.11001	8.55024	0
9.15614	8.5437	-0.294612	9.15614	8.5437	0
10.1812	8.48467	-0.339951	10.1812	8.48467	0
11.2074	8.52787	-0.331619	11.2074	8.52787	0
-11.5354	8.53073	-0.345506	-11.5354	8.53073	0
-10.5496	8.53103	-0.320669	-10.5496	8.53103	0
-9.48012	8.51834	-0.348156	-9.48012	8.51834	0
-8.40758	8.46784	-0.324368	-8.40758	8.46784	0
-7.39624	8.48314	-0.315428	-7.39624	8.48314	0
-6.40881	8.52296	-0.313185	-6.40881	8.52296	0
-5.28067	8.50945	-0.316149	-5.28067	8.50945	0
-4.22516	8.54426	-0.337279	-4.22516	8.54426	0
-3.14975	8.60866	-0.292673	-3.14975	8.60866	0
-2.20918	8.60406	-0.291643	-2.20918	8.60406	0
-1.17302	8.61371	-0.309254	-1.17302	8.61371	0
-0.123393	9.61172	-0.318332	-0.123393	9.61172	0
0.882901	9.56314	-0.284479	0.882901	9.56314	0
1.93449	9.55727	-0.303418	1.93449	9.55727	0
3.00971	9.60326	-0.331335	3.00971	9.60326	0
4.02929	9.5753	-0.329026	4.02929	9.5753	0
5.06477	9.59457	-0.32656	5.06477	9.59457	0
6.0795	9.59943	-0.317261	6.0795	9.59943	0
7.11526	9.61693	-0.308571	7.11526	9.61693	0
8.12312	9.61592	-0.331797	8.12312	9.61592	0
9.16221	9.54723	-0.319145	9.16221	9.54723	0
10.1371	9.55992	-0.313226	10.1371	9.55992	0
11.1848	9.50825	-0.311737	11.1848	9.50825	0
-11.5105	9.62073	-0.309354	-11.5105	9.62073	0
-10.5194	9.52516	-0.323578	-10.5194	9.52516	0
-9.48645	9.53665	-0.310235	-9.48645	9.53665	0
-8.44135	9.51643	-0.329735	-8.44135	9.51643	0
-7.43812	9.55406	-0.320248	-7.43812	9.55406	0
-6.40825	9.58737	-0.33964	-6.40825	9.58737	0
-5.29061	9.54477	-0.326141	-5.29061	9.54477	0
-4.2949	9.561	-0.294521	-4.2949	9.561	0
-3.25098	9.6062	-0.301002	-3.25098	9.6062	0
-2.21486	9.64435	-0.292195	-2.21486	9.64435	0
-1.14853	9.62852	-0.298232	-1.14853	9.62852	0
-0.152946	10.6767	-0.327394	-0.152946	10.6767	0
0.850451	10.5752	-0.328087	0.850451	10.5752	0
1.94	10.5924	-0.30467	1.94	10.5924	0
2.92694	10.5914	-0.345434	2.92694	10.5914	0
3.99394	10.6021	-0.305056	3.99394	10.6021	0
5.02517	10.6285	-0.291026	5.02517	10.6285	0
6.03254	10.6467	-0.309415	6.03254	10.6467	0
7.06573	10.5838	-0.31097	7.06573	10.5838	0
8.1096	10.607	-0.308351	8.1096	10.607	0
9.15926	10.5737	-0.30984	9.15926	10.5737	0
10.1849	10.5916	-0.321313	10.1849	10.5916	0
11.1769	10.61	-0.335808	11.1769	10.61	0
-11.5613	10.5847	-0.314519	-11.5613	10.5847	0
-10.4552	10.5772	-0.325205	-10.4552	10.5772	0
-9.4878	10.5851	-0.308618	-9.4878	10.5851	0
-8.4095	10.5807	-0.328559	-8.4095	10.5807	0
-7.44487	10.6071	-0.313183	-7.44487	10.6071	0
-6.43343	10.5518	-0.32655	-6.43343	10.5518	0
-5.32898	10.5512	-0.322918	-5.32898	10.5512	0
-4.28478	10.5733	-0.314163	-4.28478	10.5733	0
-3.22592	10.6054	-0.304934	-3.22592	10.6054	0
-2.2076	10.7062	-0.311913	-2.2076	10.7062	0
-1.14443	10.6934	-0.312332	-1.14443	10.6934	0
-0.171677	11.698	-0.294866	-0.171677	11.698	0
0.897207	11.6839	-0.321707	0.897207	11.6839	0
1.87819	11.6736	-0.313459	1.87819	11.6736	0
2.89856	11.6517	-0.319243	2.89856	11.6517	0
4.00987	11.6577	-0.342289	4.00987	11.6577	0
5.03306	11.6563	-0.306268	5.03306	11.6563	0
6.02803	11.6912	-0.348614	6.02803	11.6912	0
6.98872	11.6026	-0.313488	6.98872	11.6026	0
8.10218	11.6145	-0.347672	8.10218	11.6145	0
9.11327	11.5863	-0.333449	9.11327	11.5863	0
10.1687	11.6757	-0.329069	10.1687	11.6757	0
11.2245	11.5964	-0.307057	11.2245	11.5964	0
-11.5337	11.6183	-0.34092	-11.5337	11.6183	0
-10.4575	11.5836	-0.328341	-10.4575	11.5836	0
-9.48708	11.6236	-0.330742	-9.48708	11.6236	0
-8.47317	11.6004	-0.317194	-8.47317	11.6004	0
-7.42965	11.6507	-0.317985	-7.42965	11.6507	0
-6.40843	11.5866	-0.303019	-6.40843	11.5866	0
-5.36421	11.5972	-0.312128	-5.36421	11.5972	0
-4.38353	11.6066	-0.320548	-4.38353	11.6066	0
-3.32056	11.59	-0.316736	-3.32056	11.59	0
-2.27633	11.7113	-0.31631	-2.27633	11.7113	0
-1.19445	11.6692	-0.326659	-1.19445	11.6692	0
-0.18915	-11.0821	-0.332237	-0.18915	-11.0821	0
0.844798	-11.0713	-0.30707	0.844798	-11.0713	0
1.92455	-11.0848	-0.28373	1.92455	-11.0848	0
2.96081	-11.1093	-0.31153	2.96081	-11.1093	0
3.98997	-11.1466	-0.308524	3.98997	-11.1466	0
5.04586	-11.0781	-0.302333	5.04586	-11.0781	0
6.09052	-11.0466	-0.291576	6.09052	-11.0466	0
7.06602	-11.1344	-0.325863	7.06602	-11.1344	0
8.09746	-11.1126	-0.315301	8.09746	-11.1126	0
9.13537	-11.1143	-0.317661	9.13537	-11.1143	0
10.179	-11.0968	-0.313046	10.179	-11.0968	0
11.2197	-11.1917	-0.306462	11.2197	-11.1917	0
-11.5424	-11.1105	-0.315786	-11.5424	-11.1105	0
-10.4711	-11.1507	-0.303288	-10.4711	-11.1507	0
-9.49525	-11.1455	-0.299015	-9.49525	-11.1455	0
-8.48202	-11.0805	-0.339558	-8.48202	-11.0805	0
-7.43179	-11.0618	-0.348418	-7.43179	-11.0618	0
-6.43575	-11.156	-0.306471	-6.43575	-11.156	0
-5.38918	-11.1602	-0.323779	-5.38918	-11.1602	0
-4.38224	-11.0873	-0.323846	-4.38224	-11.0873	0
-3.33684	-11.1074	-0.335671	-3.33684	-11.1074	0
-2.29212	-11.0635	-0.349078	-2.29212	-11.0635	0
-1.2447	-11.1118	-0.316201	-1.2447	-11.1118	0
-0.196136	-10.0878	-0.303234	-0.196136	-10.0878	0
0.812102	-10.0111	-0.299814	0.812102	-10.0111	0
1.88894	-10.0452	-0.29565	1.88894	-10.0452	0
2.91255	-10.0795	-0.312656	2.91255	-10.0795	0
4.0322	-10.0845	-0.311136	4.0322	-10.0845	0
5.02838	-10.0269	-0.296029	5.02838	-10.0269	0
6.06323	-10.0158	-0.336368	6.06323	-10.0158	0
7.07891	-10.0961	-0.33556	7.07891	-10.0961	0
8.09804	-10.0681	-0.318169	8.09804	-10.0681	0
9.13808	-10.1072	-0.321965	9.13808	-10.1072	0
10.1359	-10.1101	-0.325406	10.1359	-10.1101	0
11.2206	-10.081	-0.308378	11.2206	-10.081	0
-11.5843	-10.0934	-0.316762	-11.5843	-10.0934	0
-10.5146	-10.1009	-0.302178	-10.5146	-10.1009	0
-9.45462	-10.0835	-0.319547	-9.45462	-10.0835	0
-8.44052	-10.0364	-0.308412	-8.44052	-10.0364	0
-7.46601	-10.0574	-0.312604	-7.46601	-10.0574	0
-6.44327	-10.0606	-0.315435	-6.44327	-10.0606	0
-5.3887	-10.0757	-0.287704	-5.3887	-10.0757	0
-4.37835	-10.0626	-0.339361	-4.37835	-10.0626	0
-3.3831	-10.0746	-0.300203	-3.3831	-10.0746	0
-2.33978	-10.0357	-0.317577	-2.33978	-10.0357	0
-1.26859	-10.0909	-0.33047	-1.26859	-10.0909	0
-0.223394	-9.08082	-0.313434	-0.223394	-9.08082	0
0.802196	-9.01132	-0.302121	0.802196	-9.01132	0
1.883	-9.04743	-0.346634	1.883	-9.04743	0
2.91956	-9.07588	-0.30886	2.91956	-9.07588	0
3.98481	-9.0301	-0.319421	3.98481	-9.0301	0
5.05271	-9.03774	-0.292778	5.05271	-9.03774	0
6.04108	-9.0114	-0.304293	6.04108	-9.0114	0
7.06186	-8.9869	-0.322297	7.06186	-8.9869	0
8.06051	-9.01145	-0.342884	8.06051	-9.01145	0
9.12123	-9.03128	-0.301227	9.12123	-9.03128	0
10.124	-9.05673	-0.303143	10.124	-9.05673	0
11.1746	-9.07648	-0.314034	11.1746	-9.07648	0
-11.544	-9.07845	-0.31872	-11.544	-9.07845	0
-10.575	-9.04439	-0.300454	-10.575	-9.04439	0
-9.56158	-9.0287	-0.313837	-9.56158	-9.0287	0
-8.53787	-9.02435	-0.307741	-8.53787	-9.02435	0
-7.40331	-9.05363	-0.321382	-7.40331	-9.05363	0
-6.4277	-9.01264	-0.320793	-6.4277	-9.01264	0
-5.42252	-9.009	-0.352078	-5.42252	-9.009	0
-4.41522	-9.07856	-0.31157	-4.41522	-9.07856	0
-3.37685	-9.05842	-0.306166	-3.37685	-9.05842	0
-2.33614	-9.01718	-0.283314	-2.33614	-9.01718	0
-1.29424	-9.04857	-0.307293	-1.29424	-9.04857	0
-0.193325	-8.01219	-0.335904	-0.193325	-8.01219	0
0.843956	-7.98384	-0.28341	0.843956	-7.98384	0
1.88518	-8.00547	-0.333187	1.88518	-8.00547	0
2.96226	-8.05985	-0.342063	2.96226	-8.05985	0
4.00244	-7.99711	-0.317643	4.00244	-7.99711	0
4.95848	-7.98883	-0.299472	4.95848	-7.98883	0
5.98826	-7.97749	-0.328156	5.98826	-7.97749	0
7.06742	-8.00553	-0.323089	7.06742	-8.00553	0
8.06691	-8.01698	-0.308419	8.06691	-8.01698	0
9.12303	-7.99216	-0.285387	9.12303	-7.99216	0
10.0898	-8.02087	-0.323761	10.0898	-8.02087	0
11.1077	-8.04512	-0.333664	11.1077	-8.04512	0
-11.5539	-8.06018	-0.321755	-11.5539	-8.06018	0
-10.494	-7.99172	-0.310435	-10.494	-7.99172	0
-9.48212	-7.97365	-0.317298	-9.48212	-7.97365	0
-8.48662	-8.02737	-0.317002	-8.48662	-8.02737	0
-7.39046	-7.99958	-0.337136	-7.39046	-7.99958	0
-6.40398	-8.0027	-0.310241	-6.40398	-8.0027	0
-5.38087	-7.97094	-0.323331	-5.38087	-7.97094	0
-4.34722	-8.00752	-0.308964	-4.34722	-8.00752	0
-3.32835	-7.95956	-0.313943	-3.32835	-7.95956	0
-2.24491	-7.97279	-0.329568	-2.24491	-7.97279	0
-1.23489	-8.03624	-0.295141	-1.23489	-8.03624	0
-0.296496	-6.95839	-0.319112	-0.296496	-6.95839	0
0.78501	-6.98002	-0.314632	0.78501	-6.98002	0
1.84651	-6.91666	-0.30757	1.84651	-6.91666	0
2.89984	-7.03347	-0.324489	2.89984	-7.03347	0
3.94506	-7.00668	-0.29963	3.94506	-7.00668	0
4.96207	-6.90093	-0.287414	4.96207	-6.90093	0
6.03443	-6.93873	-0.324883	6.03443	-6.93873	0
7.04062	-6.98486	-0.306553	7.04062	-6.98486	0
8.05836	-6.98655	-0.326744	8.05836	-6.98655	0
9.10582	-7.00335	-0.332582	9.10582	-7.00335	0
10.1277	-6.9757	-0.328959	10.1277	-6.9757	0
11.182	-6.98597	-0.302237	11.182	-6.98597	0
-11.5916	-6.98242	-0.298507	-11.5916	-6.98242	0
-10.5533	-7.03046	-0.305115	-10.5533	-7.03046	0
-9.53392	-6.89574	-0.33582	-9.53392	-6.89574	0
-8.52714	-6.94466	-0.294531	-8.52714	-6.94466	0
-7.4583	-6.94212	-0.30866	-7.4583	-6.94212	0
-6.40453	-6.97505	-0.336162	-6.40453	-6.97505	0
-5.38424	-6.95899	-0.300252	-5.38424	-6.95899	0
-4.3368	-6.94633	-0.302699	-4.3368	-6.94633	0
-3.29608	-6.96618	-0.295044	-3.29608	-6.96618	0
-2.30143	-6.99764	-0.324031	-2.30143	-6.99764	0
-1.31549	-7.00824	-0.32535	-1.31549	-7.00824	0
-0.206416	-5.96716	-0.278993	-0.206416	-5.96716	0
0.879199	-5.95143	-0.290401	0.879199	-5.95143	0
1.89627	-5.92857	-0.307897	1.89627	-5.92857	0
2.88183	-5.93807	-0.312045	2.88183	-5.93807	0
3.87486	-5.98488	-0.331922	3.87486	-5.98488	0
4.91564	-5.90453	-0.321625	4.91564	-5.90453	0
5.98627	-5.88807	-0.341694	5.98627	-5.88807	0
7.07815	-5.94679	-0.315859	7.07815	-5.94679	0
8.05688	-5.92225	-0.306783	8.05688	-5.92225	0
9.05971	-5.93297	-0.325104	9.05971	-5.93297	0
10.1202	-5.96435	-0.333022	10.1202	-5.96435	0
11.1199	-5.92721	-0.311407	11.1199	-5.92721	0
-11.5632	-5.97372	-0.306275	-11.5632	-5.97372	0
-10.4908	-5.97187	-0.327809	-10.4908	-5.97187	0
-9.51103	-5.91982	-0.331308	-9.51103	-5.91982	0
-8.45728	-5.95958	-0.304356	-8.45728	-5.95958	0
-7.43376	-5.88417	-0.334815	-7.43376	-5.88417	0
-6.43336	-5.9224	-0.306406	-6.43336	-5.9224	0
-5.42214	-5.95896	-0.289728	-5.42214	-5.95896	0
-4.31353	-6.00905	-0.311059	-4.31353	-6.00905	0
-3.29545	-5.89613	-0.302552	-3.29545	-5.89613	0
-2.24617	-5.94302	-0.33244	-2.24617	-5.94302	0
-1.22255	-5.94831	-0.312206	-1.22255	-5.94831	0
-0.23909	-4.92003	-0.306593	-0.23909	-4.92003	0
0.902916	-4.92024	-0.333297	0.902916	-4.92024	0
1.87536	-4.87355	-0.316606	1.87536	-4.87355	0
2.87776	-4.91858	-0.304398	2.87776	-4.91858	0
3.89464	-4.87871	-0.29506	3.89464	-4.87871	0
4.88542	-4.83006	-0.335098	4.88542	-4.83006	0
5.94118	-4.90408	-0.314531	5.94118	-4.90408	0
6.93437	-4.92241	-0.32296	6.93437	-4.92241	0
8.04626	-4.9115	-0.317735	8.04626	-4.9115	0
9.10805	-4.9479	-0.318606	9.10805	-4.9479	0
10.1944	-4.89085	-0.331677	10.1944	-4.89085	0
11.2122	-4.92768	-0.292193	11.2122	-4.92768	0
-11.5744	-4.88216	-0.301653	-11.5744	-4.88216	0
-10.5691	-4.89837	-0.312524	-10.5691	-4.89837	0
-9.57043	-4.8882	-0.318885	-9.57043	-4.8882	0
-8.48244	-4.92902	-0.312873	-8.48244	-4.92902	0
-7.4145	-4.87568	-0.309182	-7.4145	-4.87568	0
-6.44899	-4.89498	-0.347438	-6.44899	-4.89498	0
-5.37271	-4.92003	-0.294213	-5.37271	-4.92003	0
-4.34802	-4.92573	-0.334152	-4.34802	-4.92573	0
-3.30407	-4.91156	-0.313921	-3.30407	-4.91156	0
-2.27083	-4.9071	-0.318043	-2.27083	-4.9071	0
-1.23613	-4.95004	-0.319689	-1.23613	-4.95004	0
-0.164573	-3.90872	-0.30694	-0.164573	-3.90872	0
0.818593	-3.84077	-0.31845	0.818593	-3.84077	0
1.86321	-3.87281	-0.312216	1.86321	-3.87281	0
2.93708	-3.8607	-0.315347	2.93708	-3.8607	0
3.92252	-3.8431	-0.304594	3.92252	-3.8431	0
4.93036	-3.85287	-0.339633	4.93036	-3.85287	0
5.98436	-3.86067	-0.324662	5.98436	-3.86067	0
6.98563	-3.86011	-0.324971	6.98563	-3.86011	0
8.11704	-3.89086	-0.320586	8.11704	-3.89086	0
9.15555	-3.89074	-0.313793	9.15555	-3.89074	0
10.122	-3.898	-0.301803	10.122	-3.898	0
11.1673	-3.88767	-0.33756	11.1673	-3.88767	0
-11.5966	-3.81353	-0.311603	-11.5966	-3.81353	0
-10.5901	-3.88031	-0.332096	-10.5901	-3.88031	0
-9.48967	-3.85293	-0.308822	-9.48967	-3.85293	0
-8.4998	-3.90329	-0.330095	-8.4998	-3.90329	0
-7.48324	-3.85243	-0.290874	-7.48324	-3.85243	0
-6.43084	-3.86958	-0.329569	-6.43084	-3.86958	0
-5.37861	-3.87575	-0.334222	-5.37861	-3.87575	0
-4.32111	-3.85818	-0.310303	-4.32111	-3.85818	0
-3.32304	-3.89654	-0.32403	-3.32304	-3.89654	0
-2.27285	-3.88574	-0.332265	-2.27285	-3.88574	0
-1.22274	-3.92185	-0.347992	-1.22274	-3.92185	0
-0.223945	-2.89085	-0.341463	-0.223945	-2.89085	0
0.824321	-2.83278	-0.35136	0.824321	-2.83278	0
1.85432	-2.75579	-0.29891	1.85432	-2.75579	0
2.89751	-2.76157	-0.304539	2.89751	-2.76157	0
3.93579	-2.80408	-0.308651	3.93579	-2.80408	0
4.97085	-2.87203	-0.330152	4.97085	-2.87203	0
5.97507	-2.82709	-0.34614	5.97507	-2.82709	0
7.0852	-2.91323	-0.301315	7.0852	-2.91323	0
8.04018	-2.80738	-0.312664	8.04018	-2.80738	0
9.127	-2.91964	-0.344484	9.127	-2.91964	0
10.1652	-2.90383	-0.340089	10.1652	-2.90383	0
11.2118	-2.8243	-0.344091	11.2118	-2.8243	0
-11.5641	-2.81649	-0.347151	-11.5641	-2.81649	0
-10.5967	-2.84008	-0.300957	-10.5967	-2.84008	0
-9.55319	-2.8611	-0.322787	-9.55319	-2.8611	0
-8.50769	-2.86954	-0.297316	-8.50769	-2.86954	0
-7.49696	-2.82396	-0.306099	-7.49696	-2.82396	0
-6.48221	-2.78075	-0.34541	-6.48221	-2.78075	0
-5.43655	-2.79815	-0.305346	-5.43655	-2.79815	0
-4.36758	-2.81184	-0.350826	-4.36758	-2.81184	0
-3.37118	-2.83563	-0.316996	-3.37118	-2.83563	0
-2.32546	-2.89062	-0.34338	-2.32546	-2.89062	0
-1.24299	-2.83966	-0.331383	-1.24299	-2.83966	0
-0.221643	-1.89261	-0.306001	-0.221643	-1.89261	0
0.802649	-1.84184	-0.333991	0.802649	-1.84184	0
1.83871	-1.77199	-0.321011	1.83871	-1.77199	0
2.85991	-1.77073	-0.324201	2.85991	-1.77073	0
3.97719	-1.77423	-0.298844	3.97719	-1.77423	0
5.01804	-1.80017	-0.326335	5.01804	-1.80017	0
6.01532	-1.7882	-0.316434	6.01532	-1.7882	0
7.05928	-1.86359	-0.335139	7.05928	-1.86359	0
8.12816	-1.79409	-0.333643	8.12816	-1.79409	0
9.1133	-1.83797	-0.339364	9.1133	-1.83797	0
10.1484	-1.82536	-0.326324	10.1484	-1.82536	0
11.19	-1.80761	-0.301685	11.19	-1.80761	0
-11.6065	-1.7513	-0.295146	-11.6065	-1.7513	0
-10.5496	-1.79465	-0.329614	-10.5496	-1.79465	0
-9.53949	-1.86819	-0.315206	-9.53949	-1.86819	0
-8.5027	-1.81613	-0.328471	-8.5027	-1.81613	0
-7.53336	-1.80983	-0.323732	-7.53336	-1.80983	0
-6.48737	-1.7986	-0.322594	-6.48737	-1.7986	0
-5.40303	-1.78433	-0.296793	-5.40303	-1.78433	0
-4.38717	-1.76963	-0.313922	-4.38717	-1.76963	0
-3.37557	-1.79788	-0.288408	-3.37557	-1.79788	0
-2.31122	-1.852	-0.305083	-2.31122	-1.852	0
-1.26176	-1.84758	-0.299653	-1.26176	-1.84758	0
-0.240153	-0.816328	-0.31119	-0.240153	-0.816328	0
0.848854	-0.802787	-0.31466	0.848854	-0.802787	0
1.86073	-0.717483	-0.318504	1.86073	-0.717483	0
2.86609	-0.738617	-0.289556	2.86609	-0.738617	0
3.95963	-0.789817	-0.315954	3.95963	-0.789817	0
4.92829	-0.751946	-0.317717	4.92829	-0.751946	0
5.99642	-0.765334	-0.310699	5.99642	-0.765334	0
7.00245	-0.831667	-0.305944	7.00245	-0.831667	0
8.00381	-0.775194	-0.288626	8.00381	-0.775194	0
9.07523	-0.836649	-0.342262	9.07523	-0.836649	0
10.1408	-0.778636	-0.3405	10.1408	-0.778636	0
11.1357	-0.774175	-0.295042	11.1357	-0.774175	0
-11.5374	-0.719473	-0.296043	-11.5374	-0.719473	0
-10.5698	-0.773238	-0.302393	-10.5698	-0.773238	0
-9.54115	-0.717943	-0.314465	-9.54115	-0.717943	0
-8.57469	-0.764584	-0.323111	-8.57469	-0.764584	0
-7.47342	-0.765068	-0.322552	-7.47342	-0.765068	0
-6.43985	-0.847911	-0.312058	-6.43985	-0.847911	0
-5.39846	-0.690213	-0.31672	-5.39846	-0.690213	0
-4.38455	-0.698925	-0.29912	-4.38455	-0.698925	0
-3.38411	-0.770226	-0.336792	-3.38411	-0.770226	0
-2.30878	-0.76373	-0.299995	-2.30878	-0.76373	0
-1.28673	-0.778119	-0.324969	-1.28673	-0.778119	0
0.320346	0.799384	0.336176	0.320346	0.799384	0
1.33243	0.792753	0.300175	1.33243	0.792753	0
2.29248	0.837004	0.329723	2.29248	0.837004	0
3.34251	0.818654	0.304247	3.34251	0.818654	0
4.41827	0.764914	0.279711	4.41827	0.764914	0
5.46171	0.799915	0.310487	5.46171	0.799915	0
6.49097	0.794773	0.305195	6.49097	0.794773	0
7.49506	0.806673	0.301422	7.49506	0.806673	0
8.50391	0.755997	0.312251	8.50391	0.755997	0
9.53833	0.760628	0.331047	9.53833	0.760628	0
10.5977	0.739888	0.329443	10.5977	0.739888	0
11.6341	0.785699	0.342397	11.6341	0.785699	0
-11.1461	0.802807	0.30439	-11.1461	0.802807	0
-10.068	0.813536	0.338414	-10.068	0.813536	0
-9.01191	0.751681	0.297714	-9.01191	0.751681	0
-7.96224	0.77843	0.31067	-7.96224	0.77843	0
-6.94641	0.720741	0.323894	-6.94641	0.720741	0
-5.9469	0.765783	0.335972	-5.9469	0.765783	0
-4.8726	0.842194	0.319391	-4.8726	0.842194	0
-3.87217	0.816721	0.318479	-3.87217	0.816721	0
-2.81539	0.745906	0.338874	-2.81539	0.745906	0
-1.76619	0.80484	0.308453	-1.76619	0.80484	0
-0.718421	0.780773	0.321307	-0.718421	0.780773	0
0.277378	1.81499	0.314517	0.277378	1.81499	0
1.26259	1.78252	0.337265	1.26259	1.78252	0
2.30007	1.84885	0.317174	2.30007	1.84885	0
3.32825	1.81241	0.317106	3.32825	1.81241	0
4.40135	1.78806	0.324636	4.40135	1.78806	0
5.44843	1.81852	0.311182	5.44843	1.81852	0
6.48485	1.85452	0.320641	6.48485	1.85452	0
7.45874	1.83033	0.334229	7.45874	1.83033	0
8.51201	1.84443	0.321234	8.51201	1.84443	0
9.54045	1.79943	0.322894	9.54045	1.79943	0
10.6459	1.76683	0.332385	10.6459	1.76683	0
11.7265	1.8202	0.309195	11.7265	1.8202	0
-11.1179	1.86122	0.295437	-11.1179	1.86122	0
-10.0612	1.79467	0.352326	-10.0612	1.79467	0
-9.07491	1.79138	0.326157	-9.07491	1.79138	0
-7.98547	1.82994	0.321028	-7.98547	1.82994	0
-6.9326	1.8147	0.301574	-6.9326	1.8147	0
-5.90879	1.78958	0.327652	-5.90879	1.78958	0
-4.80584	1.8338	0.288435	-4.80584	1.8338	0
-3.8068	1.87457	0.331682	-3.8068	1.87457	0
-2.79948	1.77507	0.344319	-2.79948	1.77507	0
-1.8113	1.85886	0.307855	-1.8113	1.85886	0
-0.790939	1.79244	0.304096	-0.790939	1.79244	0
0.250239	2.85603	0.324898	0.250239	2.85603	0
1.2961	2.83428	0.32977	1.2961	2.83428	0
2.33689	2.89144	0.300114	2.33689	2.89144	0
3.39498	2.84846	0.31965	3.39498	2.84846	0
4.42465	2.87409	0.334958	4.42465	2.87409	0
5.40134	2.80685	0.33005	5.40134	2.80685	0
6.44494	2.85683	0.331068	6.44494	2.85683	0
7.48717	2.8717	0.321619	7.48717	2.8717	0
8.5349	2.85221	0.31684	8.5349	2.85221	0
9.57287	2.79613	0.321772	9.57287	2.79613	0
10.6397	2.81398	0.302158	10.6397	2.81398	0
11.7012	2.86238	0.3051	11.7012	2.86238	0
-11.0988	2.8789	0.311274	-11.0988	2.8789	0
-10.0363	2.89054	0.31458	-10.0363	2.89054	0
-9.01373	2.79718	0.304743	-9.01373	2.79718	0
-7.98201	2.85824	0.345192	-7.98201	2.85824	0
-6.90648	2.7945	0.329663	-6.90648	2.7945	0
-5.90239	2.82786	0.321175	-5.90239	2.82786	0
-4.87434	2.87034	0.345703	-4.87434	2.87034	0
-3.85527	2.85364	0.290183	-3.85527	2.85364	0
-2.86305	2.78831	0.314346	-2.86305	2.78831	0
-1.78523	2.85771	0.312195	-1.78523	2.85771	0
-0.78703	2.90935	0.349896	-0.78703	2.90935	0
0.23906	3.8881	0.311298	0.23906	3.8881	0
1.27987	3.8432	0.336087	1.27987	3.8432	0
2.36264	3.90223	0.309361	2.36264	3.90223	0
3.36333	3.96011	0.332871	3.36333	3.96011	0
4.37154	3.89924	0.310393	4.37154	3.89924	0
5.41362	3.88118	0.327938	5.41362	3.88118	0
6.4423	3.8449	0.306433	6.4423	3.8449	0
7.44653	3.9167	0.346343	7.44653	3.9167	0
8.52365	3.84863	0.348874	8.52365	3.84863	0
9.59807	3.81554	0.32499	9.59807	3.81554	0
10.6284	3.82027	0.312902	10.6284	3.82027	0
11.6629	3.95154	0.31243	11.6629	3.95154	0
-10.9971	3.98037	0.332431	-10.9971	3.98037	0
-9.99406	3.88405	0.296577	-9.99406	3.88405	0
-8.96945	3.87346	0.343192	-8.96945	3.87346	0
-7.96264	3.90192	0.316139	-7.96264	3.90192	0
-6.96236	3.8213	0.309446	-6.96236	3.8213	0
-5.89451	3.86916	0.327996	-5.89451	3.86916	0
-4.88771	3.89235	0.315547	-4.88771	3.89235	0
-3.81429	3.81851	0.315125	-3.81429	3.81851	0
-2.80495	3.92814	0.291339	-2.80495	3.92814	0
-1.77664	3.91506	0.346583	-1.77664	3.91506	0
-0.735176	3.90191	0.310328	-0.735176	3.90191	0
0.298882	4.91599	0.302075	0.298882	4.91599	0
1.38152	4.88466	0.339453	1.38152	4.88466	0
2.3496	4.94028	0.342207	2.3496	4.94028	0
3.37277	4.97456	0.328686	3.37277	4.97456	0
4.40746	4.9089	0.337236	4.40746	4.9089	0
5.4605	4.95011	0.296767	5.4605	4.95011	0
6.49773	4.96294	0.300242	6.49773	4.96294	0
7.52168	4.92017	0.321475	7.52168	4.92017	0
8.54742	4.89271	0.317778	8.54742	4.89271	0
9.60264	4.85781	0.33449	9.60264	4.85781	0
10.6108	4.87077	0.292158	10.6108	4.87077	0
11.6332	4.91815	0.295408	11.6332	4.91815	0
-11.0368	4.9679	0.317578	-11.0368	4.9679	0
-10.0179	4.91304	0.348573	-10.0179	4.91304	0
-8.95131	4.89917	0.309279	-8.95131	4.89917	0
-7.97745	4.92428	0.324495	-7.97745	4.92428	0
-6.92225	4.86502	0.33549	-6.92225	4.86502	0
-5.87616	4.88665	0.285751	-5.87616	4.88665	0
-4.89202	4.95696	0.310848	-4.89202	4.95696	0
-3.83285	4.88426	0.310029	-3.83285	4.88426	0
-2.80868	4.95859	0.31411	-2.80868	4.95859	0
-1.84274	4.95923	0.335108	-1.84274	4.95923	0
-0.768908	4.92494	0.324805	-0.768908	4.92494	0
0.323608	5.90903	0.336387	0.323608	5.90903	0
1.33912	5.94426	0.318951	1.33912	5.94426	0
2.39718	5.9652	0.327336	2.39718	5.9652	0
3.46396	5.97859	0.32452	3.46396	5.97859	0
4.48847	5.97248	0.335295	4.48847	5.97248	0
5.47603	6.01046	0.302148	5.47603	6.01046	0
6.50874	5.99242	0.306953	6.50874	5.99242	0
7.54197	5.95015	0.336825	7.54197	5.95015	0
8.58225	5.94914	0.337577	8.58225	5.94914	0
9.58131	5.91775	0.312124	9.58131	5.91775	0
10.5806	5.89378	0.318525	10.5806	5.89378	0
11.6352	5.89826	0.337959	11.6352	5.89826	0
-11.0436	5.9396	0.324293	-11.0436	5.9396	0
-10.0141	5.95534	0.312194	-10.0141	5.95534	0
-8.95557	5.90362	0.312314	-8.95557	5.90362	0
-7.90703	5.95578	0.304561	-7.90703	5.95578	0
-6.90494	5.86395	0.336133	-6.90494	5.86395	0
-5.87648	5.95979	0.316607	-5.87648	5.95979	0
-4.86856	5.94487	0.277427	-4.86856	5.94487	0
-3.8367	5.99224	0.340685	-3.8367	5.99224	0
-2.81181	5.99732	0.313245	-2.81181	5.99732	0
-1.79559	6.02773	0.330752	-1.79559	6.02773	0
-0.686889	5.98724	0.340274	-0.686889	5.98724	0
0.375933	6.96792	0.331487	0.375933	6.96792	0
1.40752	7.055	0.314501	1.40752	7.055	0
2.44595	6.99217	0.32476	2.44595	6.99217	0
3.47414	7.04185	0.296748	3.47414	7.04185	0
4.57979	6.98247	0.31321	4.57979	6.98247	0
5.57882	7.03256	0.308634	5.57882	7.03256	0
6.57214	7.03382	0.319537	6.57214	7.03382	0
7.57013	6.94897	0.300561	7.57013	6.94897	0
8.60276	7.03059	0.291753	8.60276	7.03059	0
9.6385	6.96765	0.338993	9.6385	6.96765	0
10.6702	6.91504	0.310279	10.6702	6.91504	0
11.6944	6.94714	0.309711	11.6944	6.94714	0
-11.0395	6.9665	0.326978	-11.0395	6.9665	0
-9.97421	7.00869	0.288289	-9.97421	7.00869	0
-8.91854	6.96019	0.317641	-8.91854	6.96019	0
-7.91614	7.01289	0.284904	-7.91614	7.01289	0
-6.83558	6.90667	0.3336	-6.83558	6.90667	0
-5.78767	6.99014	0.308372	-5.78767	6.99014	0
-4.76253	6.97776	0.320774	-4.76253	6.97776	0
-3.73328	7.0827	0.358701	-3.73328	7.0827	0
-2.74945	6.98998	0.322809	-2.74945	6.98998	0
-1.70039	7.06937	0.302728	-1.70039	7.06937	0
-0.720988	7.01331	0.331019	-0.720988	7.01331	0
0.349544	8.00321	0.321902	0.349544	8.00321	0
1.39665	8.05112	0.295198	1.39665	8.05112	0
2.43312	8.01083	0.306486	2.43312	8.01083	0
3.46918	8.07244	0.3345	3.46918	8.07244	0
4.56309	8.07518	0.344886	4.56309	8.07518	0
5.58093	8.07848	0.324134	5.58093	8.07848	0
6.64301	8.08624	0.30587	6.64301	8.08624	0
7.6424	8.03937	0.332736	7.6424	8.03937	0
8.68003	8.04524	0.32645	8.68003	8.04524	0
9.68523	8.00076	0.332841	9.68523	8.00076	0
10.7179	7.99144	0.291841	10.7179	7.99144	0
11.706	8.00745	0.31961	11.706	8.00745	0
-11.0631	8.03852	0.329833	-11.0631	8.03852	0
-9.99177	8.05593	0.324059	-9.99177	8.05593	0
-8.94533	8.01354	0.310814	-8.94533	8.01354	0
-7.88194	8.01114	0.312781	-7.88194	8.01114	0
-6.83551	7.98949	0.33079	-6.83551	7.98949	0
-5.87286	8.05236	0.327659	-5.87286	8.05236	0
-4.73187	7.97477	0.285587	-4.73187	7.97477	0
-3.67717	8.08615	0.30337	-3.67717	8.08615	0
-2.66094	8.06326	0.311847	-2.66094	8.06326	0
-1.64314	8.09805	0.325192	-1.64314	8.09805	0
-0.644669	8.03172	0.323316	-0.644669	8.03172	0
0.3531	9.08138	0.303234	0.3531	9.08138	0
1.43299	9.07475	0.323815	1.43299	9.07475	0
2.51395	9.13211	0.339403	2.51395	9.13211	0
3.51106	9.07416	0.281648	3.51106	9.07416	0
4.56097	9.09317	0.321284	4.56097	9.09317	0
5.58196	9.13346	0.333037	5.58196	9.13346	0
6.66894	9.11261	0.336638	6.66894	9.11261	0
7.64189	9.07891	0.324279	7.64189	9.07891	0
8.6479	9.08122	0.318989	8.6479	9.08122	0
9.67664	9.04254	0.320787	9.67664	9.04254	0
10.6472	9.03299	0.287476	10.6472	9.03299	0
11.7199	9.05886	0.329596	11.7199	9.05886	0
-11.0326	9.07206	0.304305	-11.0326	9.07206	0
-9.98094	9.02433	0.317066	-9.98094	9.02433	0
-8.92962	9.00795	0.316808	-8.92962	9.00795	0
-7.90673	9.03081	0.300092	-7.90673	9.03081	0
-6.91676	9.04205	0.306023	-6.91676	9.04205	0
-5.81788	9.04721	0.308525	-5.81788	9.04721	0
-4.78413	9.01559	0.312116	-4.78413	9.01559	0
-3.76563	8.99519	0.321975	-3.76563	8.99519	0
-2.72142	9.10416	0.335249	-2.72142	9.10416	0
-1.67809	9.12687	0.32181	-1.67809	9.12687	0
-0.650963	9.05816	0.339334	-0.650963	9.05816	0
0.284179	10.1402	0.310731	0.284179	10.1402	0
1.38075	10.1724	0.325773	1.38075	10.1724	0
2.45071	10.1328	0.291763	2.45071	10.1328	0
3.46716	10.1096	0.340225	3.46716	10.1096	0
4.54235	10.0866	0.30204	4.54235	10.0866	0
5.56795	10.1275	0.305546	5.56795	10.1275	0
6.61095	10.0974	0.33903	6.61095	10.0974	0
7.65479	10.1198	0.312663	7.65479	10.1198	0
8.66304	10.117	0.319189	8.66304	10.117	0
9.67407	10.1063	0.336065	9.67407	10.1063	0
10.6526	10.0527	0.29819	10.6526	10.0527	0
11.6623	10.0799	0.315441	11.6623	10.0799	0
-11.0397	10.0932	0.302267	-11.0397	10.0932	0
-9.97625	10.0594	0.301528	-9.97625	10.0594	0
-8.95531	10.047	0.329556	-8.95531	10.047	0
-7.97028	10.0149	0.310841	-7.97028	10.0149	0
-6.90126	10.0873	0.323461	-6.90126	10.0873	0
-5.77673	10.0346	0.327267	-5.77673	10.0346	0
-4.7686	10.0853	0.339004	-4.7686	10.0853	0
-3.74371	10.0769	0.334615	-3.74371	10.0769	0
-2.70003	10.1776	0.308575	-2.70003	10.1776	0
-1.71461	10.191	0.326259	-1.71461	10.191	0
-0.671171	10.098	0.304351	-0.671171	10.098	0
0.378689	11.159	0.30007	0.378689	11.159	0
1.35399	11.1449	0.30454	1.35399	11.1449	0
2.3768	11.1487	0.284982	2.3768	11.1487	0
3.44401	11.131	0.30649	3.44401	11.131	0
4.4871	11.1722	0.314066	4.4871	11.1722	0
5.53937	11.1496	0.312826	5.53937	11.1496	0
6.48597	11.1669	0.338929	6.48597	11.1669	0
7.56015	11.1218	0.292054	7.56015	11.1218	0
8.5879	11.0905	0.340996	8.5879	11.0905	0
9.65397	11.1035	0.298143	9.65397	11.1035	0
10.6646	11.1234	0.311437	10.6646	11.1234	0
11.7198	11.1284	0.308129	11.7198	11.1284	0
-11.0255	11.0765	0.31166	-11.0255	11.0765	0
-9.95882	11.0795	0.327857	-9.95882	11.0795	0
-8.94817	11.1365	0.291218	-8.94817	11.1365	0
-7.93939	11.1419	0.316862	-7.93939	11.1419	0
-6.94136	11.0699	0.327519	-6.94136	11.0699	0
-5.91712	11.072	0.297683	-5.91712	11.072	0
-4.8639	11.1057	0.310724	-4.8639	11.1057	0
-3.83881	11.1039	0.335234	-3.83881	11.1039	0
-2.7454	11.1895	0.32825	-2.7454	11.1895	0
-1.67204	11.2037	0.337788	-1.67204	11.2037	0
-0.636538	11.1888	0.333431	-0.636538	11.1888	0
0.380811	-11.5906	0.314757	0.380811	-11.5906	0
1.40583	-11.5972	0.327923	1.40583	-11.5972	0
2.42566	-11.5894	0.334617	2.42566	-11.5894	0
3.48842	-11.6511	0.3234	3.48842	-11.6511	0
4.53749	-11.6109	0.33142	4.53749	-11.6109	0
5.53582	-11.5817	0.312004	5.53582	-11.5817	0
6.54489	-11.6152	0.319361	6.54489	-11.6152	0
7.56623	-11.7019	0.270647	7.56623	-11.7019	0
8.59611	-11.6342	0.302339	8.59611	-11.6342	0
9.65007	-11.6482	0.344082	9.65007	-11.6482	0
10.6993	-11.6492	0.314983	10.6993	-11.6492	0
11.7604	-11.6601	0.293585	11.7604	-11.6601	0
-10.9974	-11.6754	0.295116	-10.9974	-11.6754	0
-9.9578	-11.6546	0.336947	-9.9578	-11.6546	0
-8.93051	-11.6428	0.320518	-8.93051	-11.6428	0
-7.93577	-11.5936	0.284802	-7.93577	-11.5936	0
-6.87903	-11.6753	0.31491	-6.87903	-11.6753	0
-5.86908	-11.6122	0.30537	-5.86908	-11.6122	0
-4.84178	-11.6255	0.325209	-4.84178	-11.6255	0
-3.8643	-11.6471	0.301265	-3.8643	-11.6471	0
-2.86369	-11.6097	0.300248	-2.86369	-11.6097	0
-1.78603	-11.5932	0.308278	-1.78603	-11.5932	0
-0.695372	-11.585	0.312622	-0.695372	-11.585	0
0.327929	-10.5603	0.309153	0.327929	-10.5603	0
1.32462	-10.5743	0.322925	1.32462	-10.5743	0
2.42118	-10.5877	0.327744	2.42118	-10.5877	0
3.47496	-10.5628	0.300376	3.47496	-10.5628	0
4.50945	-10.5922	0.306769	4.50945	-10.5922	0
5.55702	-10.5494	0.323054	5.55702	-10.5494	0
6.58363	-10.5578	0.324883	6.58363	-10.5578	0
7.61889	-10.5691	0.315242	7.61889	-10.5691	0
8.61353	-10.5889	0.308065	8.61353	-10.5889	0
9.64914	-10.5717	0.34635	9.64914	-10.5717	0
10.7226	-10.6013	0.332276	10.7226	-10.6013	0
11.7551	-10.6248	0.318702	11.7551	-10.6248	0
-11.0285	-10.6484	0.337608	-11.0285	-10.6484	0
-9.96396	-10.6	0.307012	-9.96396	-10.6	0
-8.93452	-10.5616	0.323993	-8.93452	-10.5616	0
-7.93607	-10.6043	0.323706	-7.93607	-10.6043	0
-6.9381	-10.6275	0.310669	-6.9381	-10.6275	0
-5.9234	-10.5904	0.322151	-5.9234	-10.5904	0
-4.85427	-10.6157	0.322	-4.85427	-10.6157	0
-3.85975	-10.6012	0.31129	-3.85975	-10.6012	0
-2.81923	-10.5712	0.30663	-2.81923	-10.5712	0
-1.80102	-10.571	0.351253	-1.80102	-10.571	0
-0.753868	-10.598	0.289423	-0.753868	-10.598	0
0.32441	-9.53336	0.3348	0.32441	-9.53336	0
1.38159	-9.54599	0.321071	1.38159	-9.54599	0
2.40276	-9.54872	0.327914	2.40276	-9.54872	0
3.47348	-9.56009	0.29416	3.47348	-9.56009	0
4.48683	-9.55572	0.325946	4.48683	-9.55572	0
5.57686	-9.52129	0.320309	5.57686	-9.52129	0
6.59215	-9.54512	0.319197	6.59215	-9.54512	0
7.56963	-9.53273	0.288537	7.56963	-9.53273	0
8.59445	-9.55953	0.311643	8.59445	-9.55953	0
9.65887	-9.59626	0.320537	9.65887	-9.59626	0
10.6861	-9.60152	0.324919	10.6861	-9.60152	0
11.725	-9.54458	0.330489	11.725	-9.54458	0
-11.0074	-9.61244	0.348848	-11.0074	-9.61244	0
-10.0248	-9.56686	0.310132	-10.0248	-9.56686	0
-9.06538	-9.55545	0.33779	-9.06538	-9.55545	0
-8.03591	-9.51125	0.341086	-8.03591	-9.51125	0
-6.99032	-9.56615	0.331636	-6.99032	-9.56615	0
-5.95014	-9.49851	0.318393	-5.95014	-9.49851	0
-4.89183	-9.61457	0.329767	-4.89183	-9.61457	0
-3.8449	-9.58992	0.318001	-3.8449	-9.58992	0
-2.83611	-9.52119	0.324427	-2.83611	-9.52119	0
-1.79442	-9.57168	0.31151	-1.79442	-9.57168	0
-0.758269	-9.53685	0.30948	-0.758269	-9.53685	0
0.300264	-8.52144	0.334741	0.300264	-8.52144	0
1.32081	-8.55038	0.327498	1.32081	-8.55038	0
2.3867	-8.50925	0.33184	2.3867	-8.50925	0
3.45532	-8.52858	0.316689	3.45532	-8.52858	0
4.4607	-8.5219	0.342656	4.4607	-8.5219	0
5.50602	-8.46725	0.314097	5.50602	-8.46725	0
6.53027	-8.50512	0.319692	6.53027	-8.50512	0
7.52086	-8.51951	0.317529	7.52086	-8.51951	0
8.58177	-8.53732	0.305421	8.58177	-8.53732	0
9.60109	-8.51606	0.313986	9.60109	-8.51606	0
10.674	-8.56194	0.317099	10.674	-8.56194	0
11.7134	-8.58175	0.30631	11.7134	-8.58175	0
-11.0673	-8.53925	0.316356	-11.0673	-8.53925	0
-10.0347	-8.52902	0.316776	-10.0347	-8.52902	0
-8.98634	-8.48695	0.314512	-8.98634	-8.48695	0
-7.9471	-8.51588	0.301775	-7.9471	-8.51588	0
-6.96084	-8.51435	0.316476	-6.96084	-8.51435	0
-5.90455	-8.47778	0.320429	-5.90455	-8.47778	0
-4.90657	-8.52153	0.296027	-4.90657	-8.52153	0
-3.86693	-8.52727	0.310943	-3.86693	-8.52727	0
-2.85844	-8.47853	0.323032	-2.85844	-8.47853	0
-1.76346	-8.5244	0.283588	-1.76346	-8.5244	0
-0.683068	-8.50365	0.328841	-0.683068	-8.50365	0
0.244802	-7.48837	0.310683	0.244802	-7.48837	0
1.37233	-7.47043	0.302896	1.37233	-7.47043	0
2.4145	-7.52978	0.315386	2.4145	-7.52978	0
3.44025	-7.53495	0.333134	3.44025	-7.53495	0
4.46695	-7.49443	0.313785	4.46695	-7.49443	0
5.51045	-7.45324	0.350435	5.51045	-7.45324	0
6.54564	-7.48843	0.299448	6.54564	-7.48843	0
7.55995	-7.42948	0.331617	7.55995	-7.42948	0
8.58892	-7.50058	0.319117	8.58892	-7.50058	0
9.66018	-7.43234	0.32899	9.66018	-7.43234	0
10.658	-7.50705	0.322515	10.658	-7.50705	0
11.6271	-7.51378	0.310336	11.6271	-7.51378	0
-11.0789	-7.51217	0.315354	-11.0789	-7.51217	0
-10.0234	-7.4484	0.28848	-10.0234	-7.4484	0
-9.00094	-7.46353	0.311393	-9.00094	-7.46353	0
-7.94624	-7.48162	0.271186	-7.94624	-7.48162	0
-6.95043	-7.4709	0.28753	-6.95043	-7.4709	0
-5.94848	-7.42929	0.314333	-5.94848	-7.42929	0
-4.84824	-7.52146	0.306824	-4.84824	-7.52146	0
-3.85178	-7.50323	0.330811	-3.85178	-7.50323	0
-2.78942	-7.47169	0.3358	-2.78942	-7.47169	0
-1.79637	-7.50684	0.330005	-1.79637	-7.50684	0
-0.737081	-7.53125	0.319465	-0.737081	-7.53125	0
0.307211	-6.44879	0.304288	0.307211	-6.44879	0
1.35612	-6.4754	0.334428	1.35612	-6.4754	0
2.41292	-6.46384	0.303555	2.41292	-6.46384	0
3.34291	-6.51393	0.318182	3.34291	-6.51393	0
4.43741	-6.43857	0.324674	4.43741	-6.43857	0
5.48334	-6.37882	0.332949	5.48334	-6.37882	0
6.5132	-6.40295	0.31442	6.5132	-6.40295	0
7.54844	-6.42529	0.328679	7.54844	-6.42529	0
8.58999	-6.49855	0.323124	8.58999	-6.49855	0
9.59935	-6.45978	0.30019	9.59935	-6.45978	0
10.6329	-6.46269	0.303431	10.6329	-6.46269	0
11.6559	-6.44991	0.327579	11.6559	-6.44991	0
-11.026	-6.49385	0.306629	-11.026	-6.49385	0
-9.99855	-6.44109	0.315622	-9.99855	-6.44109	0
-8.96979	-6.4255	0.332838	-8.96979	-6.4255	0
-7.97384	-6.43947	0.320804	-7.97384	-6.43947	0
-6.94229	-6.41955	0.293048	-6.94229	-6.41955	0
-5.9887	-6.41614	0.32344	-5.9887	-6.41614	0
-4.93506	-6.44935	0.332307	-4.93506	-6.44935	0
-3.78631	-6.4441	0.336651	-3.78631	-6.4441	0
-2.83514	-6.45861	0.355573	-2.83514	-6.45861	0
-1.78751	-6.43927	0.311542	-1.78751	-6.43927	0
-0.816181	-6.50037	0.33607	-0.816181	-6.50037	0
0.333461	-5.4185	0.29102	0.333461	-5.4185	0
1.37565	-5.4725	0.323573	1.37565	-5.4725	0
2.41671	-5.36448	0.327261	2.41671	-5.36448	0
3.38216	-5.45178	0.30686	3.38216	-5.45178	0
4.36466	-5.42821	0.3009	4.36466	-5.42821	0
5.40371	-5.36592	0.315794	5.40371	-5.36592	0
6.40757	-5.42093	0.326929	6.40757	-5.42093	0
7.49011	-5.36137	0.329305	7.49011	-5.36137	0
8.56729	-5.43079	0.318232	8.56729	-5.43079	0
9.58065	-5.44545	0.313278	9.58065	-5.44545	0
10.5913	-5.45035	0.32599	10.5913	-5.45035	0
11.6803	-5.46484	0.326072	11.6803	-5.46484	0
-10.9864	-5.49039	0.321966	-10.9864	-5.49039	0
-10.0141	-5.37528	0.342063	-10.0141	-5.37528	0
-9.01108	-5.42691	0.297101	-9.01108	-5.42691	0
-7.96908	-5.42121	0.309723	-7.96908	-5.42121	0
-6.87205	-5.39512	0.319448	-6.87205	-5.39512	0
-5.88673	-5.38866	0.305179	-5.88673	-5.38866	0
-4.80948	-5.42926	0.30513	-4.80948	-5.42926	0
-3.77687	-5.41971	0.298153	-3.77687	-5.41971	0
-2.7266	-5.43766	0.27257	-2.7266	-5.43766	0
-1.71075	-5.46106	0.332107	-1.71075	-5.46106	0
-0.710862	-5.44365	0.350589	-0.710862	-5.44365	0
0.320473	-4.46722	0.299832	0.320473	-4.46722	0
1.3258	-4.38546	0.291268	1.3258	-4.38546	0
2.39816	-4.35931	0.327551	2.39816	-4.35931	0
3.42382	-4.39472	0.33714	3.42382	-4.39472	0
4.45659	-4.3869	0.322421	4.45659	-4.3869	0
5.47232	-4.38048	0.323261	5.47232	-4.38048	0
6.46695	-4.38645	0.306432	6.46695	-4.38645	0
7.46657	-4.39459	0.315768	7.46657	-4.39459	0
8.61737	-4.39717	0.296998	8.61737	-4.39717	0
9.61358	-4.448	0.306005	9.61358	-4.448	0
10.6731	-4.40385	0.323278	10.6731	-4.40385	0
11.6978	-4.40253	0.340971	11.6978	-4.40253	0
-11.0485	-4.36795	0.313842	-11.0485	-4.36795	0
-10.0642	-4.31122	0.321213	-10.0642	-4.31122	0
-9.03251	-4.40945	0.305253	-9.03251	-4.40945	0
-7.95222	-4.40075	0.30507	-7.95222	-4.40075	0
-6.93409	-4.35678	0.330199	-6.93409	-4.35678	0
-5.93672	-4.37498	0.302984	-5.93672	-4.37498	0
-4.89573	-4.39649	0.321633	-4.89573	-4.39649	0
-3.85875	-4.43218	0.2929	-3.85875	-4.43218	0
-2.8322	-4.39716	0.302946	-2.8322	-4.39716	0
-1.7645	-4.38387	0.301863	-1.7645	-4.38387	0
-0.722366	-4.40308	0.330296	-0.722366	-4.40308	0
0.325887	-3.3937	0.316669	0.325887	-3.3937	0
1.37008	-3.337	0.308569	1.37008	-3.337	0
2.3865	-3.32723	0.303704	2.3865	-3.32723	0
3.43584	-3.30393	0.28625	3.43584	-3.30393	0
4.43964	-3.35712	0.313361	4.43964	-3.35712	0
5.5254	-3.41174	0.328733	5.5254	-3.41174	0
6.49081	-3.38358	0.290007	6.49081	-3.38358	0
7.58982	-3.40978	0.320645	7.58982	-3.40978	0
8.58409	-3.35011	0.317315	8.58409	-3.35011	0
9.62514	-3.36355	0.332469	9.62514	-3.36355	0
10.6949	-3.3757	0.301493	10.6949	-3.3757	0
11.7018	-3.3626	0.319988	11.7018	-3.3626	0
-11.0638	-3.3286	0.34927	-11.0638	-3.3286	0
-10.0428	-3.31932	0.315306	-10.0428	-3.31932	0
-9.02457	-3.35858	0.326547	-9.02457	-3.35858	0
-8.01098	-3.39353	0.334971	-8.01098	-3.39353	0
-6.96389	-3.3537	0.308457	-6.96389	-3.3537	0
-5.87114	-3.38555	0.322136	-5.87114	-3.38555	0
-4.88173	-3.31209	0.313219	-4.88173	-3.31209	0
-3.85397	-3.34488	0.344839	-3.85397	-3.34488	0
-2.79953	-3.37578	0.302391	-2.79953	-3.37578	0
-1.71984	-3.36725	0.302864	-1.71984	-3.36725	0
-0.710478	-3.40487	0.315732	-0.710478	-3.40487	0
0.274118	-2.43511	0.308541	0.274118	-2.43511	0
1.32597	-2.32031	0.337793	1.32597	-2.32031	0
2.3513	-2.25839	0.32434	2.3513	-2.25839	0
3.40673	-2.24397	0.31356	3.40673	-2.24397	0
4.48267	-2.30311	0.321003	4.48267	-2.30311	0
5.4792	-2.38869	0.313159	5.4792	-2.38869	0
6.50227	-2.34886	0.285921	6.50227	-2.34886	0
7.54226	-2.37061	0.337774	7.54226	-2.37061	0
8.6192	-2.34237	0.309671	8.6192	-2.34237	0
9.64429	-2.33721	0.291379	9.64429	-2.33721	0
10.6368	-2.36009	0.294437	10.6368	-2.36009	0
11.7031	-2.3122	0.323737	11.7031	-2.3122	0
-11.0779	-2.29639	0.319857	-11.0779	-2.29639	0
-10.0885	-2.34176	0.289269	-10.0885	-2.34176	0
-9.02046	-2.34556	0.313967	-9.02046	-2.34556	0
-7.97813	-2.28487	0.32043	-7.97813	-2.28487	0
-6.94047	-2.3069	0.303496	-6.94047	-2.3069	0
-5.96011	-2.3013	0.335703	-5.96011	-2.3013	0
-4.96903	-2.32581	0.323829	-4.96903	-2.32581	0
-3.94774	-2.32043	0.336007	-3.94774	-2.32043	0
-2.83376	-2.37682	0.320388	-2.83376	-2.37682	0
-1.78152	-2.37569	0.32592	-1.78152	-2.37569	0
-0.696907	-2.38612	0.303082	-0.696907	-2.38612	0
0.308497	-1.34978	0.306942	0.308497	-1.34978	0
1.29877	-1.31763	0.331807	1.29877	-1.31763	0
2.36167	-1.23673	0.33114	2.36167	-1.23673	0
3.39753	-1.29516	0.315036	3.39753	-1.29516	0
4.51395	-1.27653	0.328404	4.51395	-1.27653	0
5.49952	-1.27334	0.328507	5.49952	-1.27334	0
6.49268	-1.32662	0.315354	6.49268	-1.32662	0
7.52565	-1.36324	0.304237	7.52565	-1.36324	0
8.60376	-1.29366	0.319097	8.60376	-1.29366	0
9.61684	-1.29876	0.302327	9.61684	-1.29876	0
10.6057	-1.29923	0.289186	10.6057	-1.29923	0
11.7027	-1.1998	0.32899	11.7027	-1.1998	0
-11.0351	-1.25178	0.316607	-11.0351	-1.25178	0
-10.0033	-1.30013	0.305418	-10.0033	-1.30013	0
-9.04831	-1.32554	0.310439	-9.04831	-1.32554	0
-7.97055	-1.27354	0.331207	-7.97055	-1.27354	0
-6.95912	-1.33318	0.341443	-6.95912	-1.33318	0
-5.90251	-1.27575	0.335976	-5.90251	-1.27575	0
-4.89401	-1.21231	0.338683	-4.89401	-1.21231	0
-3.89258	-1.26501	0.304805	-3.89258	-1.26501	0
-2.85714	-1.30226	0.322746	-2.85714	-1.30226	0
-1.74662	-1.29771	0.299755	-1.74662	-1.29771	0
-0.741459	-1.38885	0.324806	-0.741459	-1.38885	0
0.328555	-0.341854	0.290967	0.328555	-0.341854	0
1.29564	-0.293468	0.301626	1.29564	-0.293468	0
2.34939	-0.164451	0.329976	2.34939	-0.164451	0
3.35524	-0.219065	0.321974	3.35524	-0.219065	0
4.40375	-0.288118	0.333145	4.40375	-0.288118	0
5.48966	-0.248631	0.318766	5.48966	-0.248631	0
6.49387	-0.252582	0.30821	6.49387	-0.252582	0
7.49508	-0.224259	0.318904	7.49508	-0.224259	0
8.58991	-0.232616	0.324352	8.58991	-0.232616	0
9.55148	-0.281708	0.321526	9.55148	-0.281708	0
10.5848	-0.250623	0.329343	10.5848	-0.250623	0
11.6245	-0.253168	0.326958	11.6245	-0.253168	0
-11.137	-0.204687	0.320129	-11.137	-0.204687	0
-10.0995	-0.24337	0.333315	-10.0995	-0.24337	0
-9.01891	-0.228838	0.328152	-9.01891	-0.228838	0
-7.98772	-0.255223	0.307113	-7.98772	-0.255223	0
-6.91167	-0.282168	0.309039	-6.91167	-0.282168	0
-5.89014	-0.280922	0.33343	-5.89014	-0.280922	0
-4.82519	-0.145798	0.337455	-4.82519	-0.145798	0
-3.90772	-0.243394	0.352773	-3.90772	-0.243394	0
-2.81078	-0.294852	0.314281	-2.81078	-0.294852	0
-1.71814	-0.195397	0.342175	-1.71814	-0.195397	0
-0.691959	-0.235339	0.313021	-0.691959	-0.235339	0
