-0.682089	-0.415804	-0.319789	-0.682089	-0.415804	0
0.391716	-0.352968	-0.327055	0.391716	-0.352968	0
1.43588	-0.430587	-0.315622	1.43588	-0.430587	0
2.42217	-0.421874	-0.329216	2.42217	-0.421874	0
3.46264	-0.366305	-0.321995	3.46264	-0.366305	0
4.52413	-0.363554	-0.309754	4.52413	-0.363554	0
5.5717	-0.360446	-0.330952	5.5717	-0.360446	0
6.61362	-0.294141	-0.317833	6.61362	-0.294141	0
7.58348	-0.341566	-0.32178	7.58348	-0.341566	0
8.65612	-0.3625	-0.324631	8.65612	-0.3625	0
9.66611	-0.391443	-0.334443	9.66611	-0.391443	0
10.6541	-0.40692	-0.32192	10.6541	-0.40692	0
11.707	-0.374087	-0.334334	11.707	-0.374087	0
-11.0309	-0.414403	-0.344188	-11.0309	-0.414403	0
-9.99152	-0.42058	-0.332108	-9.99152	-0.42058	0
-8.98573	-0.324723	-0.289588	-8.98573	-0.324723	0
-7.93949	-0.412973	-0.311232	-7.93949	-0.412973	0
-6.83963	-0.356606	-0.330197	-6.83963	-0.356606	0
-5.84535	-0.395719	-0.330288	-5.84535	-0.395719	0
-4.77542	-0.454276	-0.346374	-4.77542	-0.454276	0
-3.77332	-0.448096	-0.295659	-3.77332	-0.448096	0
-2.8011	-0.452776	-0.31922	-2.8011	-0.452776	0
-1.77255	-0.382809	-0.304525	-1.77255	-0.382809	0
-0.646204	0.620974	-0.328728	-0.646204	0.620974	0
0.395147	0.62878	-0.312079	0.395147	0.62878	0
1.4063	0.628987	-0.29137	1.4063	0.628987	0
2.44672	0.626605	-0.295191	2.44672	0.626605	0
3.49818	0.606329	-0.304582	3.49818	0.606329	0
4.54948	0.725353	-0.326577	4.54948	0.725353	0
5.56426	0.693172	-0.334957	5.56426	0.693172	0
6.57909	0.692356	-0.32264	6.57909	0.692356	0
7.57774	0.674912	-0.304986	7.57774	0.674912	0
8.58923	0.692136	-0.32744	8.58923	0.692136	0
9.66558	0.679454	-0.325243	9.66558	0.679454	0
10.6915	0.594379	-0.32606	10.6915	0.594379	0
11.7277	0.602716	-0.326656	11.7277	0.602716	0
-11.0055	0.615095	-0.324496	-11.0055	0.615095	0
-10.0352	0.606887	-0.312019	-10.0352	0.606887	0
-8.97362	0.692015	-0.278294	-8.97362	0.692015	0
-7.92738	0.62409	-0.316761	-7.92738	0.62409	0
-6.88791	0.697153	-0.306709	-6.88791	0.697153	0
-5.78973	0.645258	-0.324062	-5.78973	0.645258	0
-4.79713	0.604371	-0.30352	-4.79713	0.604371	0
-3.81076	0.615797	-0.296331	-3.81076	0.615797	0
-2.72797	0.563887	-0.295669	-2.72797	0.563887	0
-1.69791	0.641447	-0.330979	-1.69791	0.641447	0
-0.633388	1.63354	-0.283875	-0.633388	1.63354	0
0.375499	1.66812	-0.308593	0.375499	1.66812	0
1.41461	1.66673	-0.299081	1.41461	1.66673	0
2.42362	1.73583	-0.295505	2.42362	1.73583	0
3.4072	1.67845	-0.313563	3.4072	1.67845	0
4.50667	1.73068	-0.296595	4.50667	1.73068	0
5.52545	1.70627	-0.328713	5.52545	1.70627	0
6.57291	1.72321	-0.329623	6.57291	1.72321	0
7.58844	1.70614	-0.321496	7.58844	1.70614	0
8.58463	1.7265	-0.332775	8.58463	1.7265	0
9.61371	1.73142	-0.361537	9.61371	1.73142	0
10.5857	1.69273	-0.313102	10.5857	1.69273	0
11.7057	1.6286	-0.302441	11.7057	1.6286	0
-11.0857	1.60883	-0.326451	-11.0857	1.60883	0
-10.0212	1.66504	-0.323862	-10.0212	1.66504	0
-8.9574	1.65878	-0.283627	-8.9574	1.65878	0
-7.94809	1.65108	-0.333602	-7.94809	1.65108	0
-6.91698	1.74261	-0.311739	-6.91698	1.74261	0
-5.84524	1.70098	-0.333923	-5.84524	1.70098	0
-4.78429	1.67894	-0.343938	-4.78429	1.67894	0
-3.778	1.66547	-0.322339	-3.778	1.66547	0
-2.72038	1.67353	-0.334098	-2.72038	1.67353	0
-1.72113	1.73999	-0.348086	-1.72113	1.73999	0
-0.688256	2.62912	-0.322557	-0.688256	2.62912	0
0.349266	2.68419	-0.303284	0.349266	2.68419	0
1.38022	2.70674	-0.32396	1.38022	2.70674	0
2.43496	2.73427	-0.292041	2.43496	2.73427	0
3.44294	2.72562	-0.298376	3.44294	2.72562	0
4.45283	2.70822	-0.322242	4.45283	2.70822	0
5.53843	2.7275	-0.308291	5.53843	2.7275	0
6.52708	2.72049	-0.347469	6.52708	2.72049	0
7.56697	2.74453	-0.312072	7.56697	2.74453	0
8.59302	2.69877	-0.309518	8.59302	2.69877	0
9.61932	2.74744	-0.303455	9.61932	2.74744	0
10.681	2.73803	-0.30167	10.681	2.73803	0
11.7363	2.6465	-0.313754	11.7363	2.6465	0
-11.0221	2.63472	-0.307914	-11.0221	2.63472	0
-9.95593	2.65225	-0.309527	-9.95593	2.65225	0
-8.90675	2.68456	-0.315254	-8.90675	2.68456	0
-7.88961	2.72603	-0.336345	-7.88961	2.72603	0
-6.8682	2.73864	-0.304782	-6.8682	2.73864	0
-5.82736	2.70913	-0.306418	-5.82736	2.70913	0
-4.72893	2.7018	-0.316563	-4.72893	2.7018	0
-3.69854	2.69263	-0.312436	-3.69854	2.69263	0
-2.71861	2.73732	-0.32122	-2.71861	2.73732	0
-1.73475	2.72518	-0.323036	-1.73475	2.72518	0
-0.644156	3.72862	-0.342323	-0.644156	3.72862	0
0.380286	3.70277	-0.324656	0.380286	3.70277	0
1.42198	3.79257	-0.304825	1.42198	3.79257	0
2.4682	3.7436	-0.317053	2.4682	3.7436	0
3.46588	3.80871	-0.341726	3.46588	3.80871	0
4.50955	3.84034	-0.317771	4.50955	3.84034	0
5.45624	3.73006	-0.318538	5.45624	3.73006	0
6.512	3.79533	-0.322811	6.512	3.79533	0
7.53827	3.72654	-0.321453	7.53827	3.72654	0
8.62493	3.71472	-0.292947	8.62493	3.71472	0
9.62691	3.76672	-0.283903	9.62691	3.76672	0
10.6155	3.79831	-0.325105	10.6155	3.79831	0
11.6805	3.71111	-0.297752	11.6805	3.71111	0
-11.0834	3.67659	-0.323916	-11.0834	3.67659	0
-10.0106	3.67282	-0.282765	-10.0106	3.67282	0
-8.94504	3.68216	-0.292316	-8.94504	3.68216	0
-7.88997	3.75971	-0.323976	-7.88997	3.75971	0
-6.82746	3.73939	-0.330741	-6.82746	3.73939	0
-5.76351	3.7382	-0.337673	-5.76351	3.7382	0
-4.76771	3.74335	-0.301437	-4.76771	3.74335	0
-3.79901	3.70336	-0.295791	-3.79901	3.70336	0
-2.80532	3.80929	-0.309987	-2.80532	3.80929	0
-1.7153	3.73029	-0.302248	-1.7153	3.73029	0
-0.601872	4.74447	-0.337853	-0.601872	4.74447	0
0.370492	4.77237	-0.283981	0.370492	4.77237	0
1.37342	4.7947	-0.313347	1.37342	4.7947	0
2.43588	4.78432	-0.322166	2.43588	4.78432	0
3.47322	4.8432	-0.282208	3.47322	4.8432	0
4.4867	4.85649	-0.318807	4.4867	4.85649	0
5.5469	4.89258	-0.278844	5.5469	4.89258	0
6.5255	4.81607	-0.296196	6.5255	4.81607	0
7.50501	4.80952	-0.343666	7.50501	4.80952	0
8.57516	4.77702	-0.318965	8.57516	4.77702	0
9.62864	4.81772	-0.326942	9.62864	4.81772	0
10.6773	4.84499	-0.308891	10.6773	4.84499	0
11.7187	4.78349	-0.292816	11.7187	4.78349	0
-11.0492	4.73613	-0.312176	-11.0492	4.73613	0
-10.0357	4.78346	-0.328354	-10.0357	4.78346	0
-8.97618	4.69994	-0.312547	-8.97618	4.69994	0
-7.88782	4.84643	-0.344203	-7.88782	4.84643	0
-6.86837	4.74435	-0.317276	-6.86837	4.74435	0
-5.85285	4.78685	-0.339666	-5.85285	4.78685	0
-4.84814	4.75285	-0.312979	-4.84814	4.75285	0
-3.77476	4.77039	-0.330631	-3.77476	4.77039	0
-2.7552	4.78219	-0.289767	-2.7552	4.78219	0
-1.68904	4.76324	-0.315374	-1.68904	4.76324	0
-0.708067	5.81261	-0.326339	-0.708067	5.81261	0
0.390016	5.86193	-0.311717	0.390016	5.86193	0
1.45175	5.84862	-0.328121	1.45175	5.84862	0
2.42649	5.87979	-0.338155	2.42649	5.87979	0
3.41686	5.80199	-0.328162	3.41686	5.80199	0
4.52244	5.93755	-0.308056	4.52244	5.93755	0
5.56205	5.87984	-0.314739	5.56205	5.87984	0
6.60525	5.87452	-0.3175	6.60525	5.87452	0
7.61162	5.79303	-0.318662	7.61162	5.79303	0
8.61628	5.78435	-0.321919	8.61628	5.78435	0
9.6408	5.77416	-0.325846	9.6408	5.77416	0
10.7043	5.82927	-0.313671	10.7043	5.82927	0
11.7234	5.78069	-0.325444	11.7234	5.78069	0
-11.0291	5.78847	-0.304326	-11.0291	5.78847	0
-9.99814	5.81558	-0.318788	-9.99814	5.81558	0
-8.9781	5.77091	-0.282243	-8.9781	5.77091	0
-7.85685	5.81214	-0.323219	-7.85685	5.81214	0
-6.87	5.82771	-0.318054	-6.87	5.82771	0
-5.81091	5.80314	-0.317198	-5.81091	5.80314	0
-4.80333	5.78931	-0.31177	-4.80333	5.78931	0
-3.80393	5.80422	-0.310337	-3.80393	5.80422	0
-2.80458	5.81313	-0.285455	-2.80458	5.81313	0
-1.70748	5.88366	-0.308948	-1.70748	5.88366	0
-0.674726	6.85929	-0.315348	-0.674726	6.85929	0
0.349408	6.8935	-0.340591	0.349408	6.8935	0
1.35201	6.91385	-0.298873	1.35201	6.91385	0
2.4117	6.93166	-0.320684	2.4117	6.93166	0
3.40651	6.83996	-0.339863	3.40651	6.83996	0
4.4797	6.90057	-0.331038	4.4797	6.90057	0
5.5319	6.86149	-0.337279	5.5319	6.86149	0
6.62782	6.93175	-0.301608	6.62782	6.93175	0
7.60718	6.84529	-0.316241	7.60718	6.84529	0
8.61213	6.8111	-0.284933	8.61213	6.8111	0
9.64034	6.8446	-0.323437	9.64034	6.8446	0
10.6576	6.84828	-0.282671	10.6576	6.84828	0
11.7288	6.81504	-0.320742	11.7288	6.81504	0
-11.0164	6.85026	-0.311382	-11.0164	6.85026	0
-9.99383	6.82388	-0.317771	-9.99383	6.82388	0
-8.99623	6.80642	-0.342207	-8.99623	6.80642	0
-7.90602	6.84984	-0.317405	-7.90602	6.84984	0
-6.87189	6.84994	-0.308948	-6.87189	6.84994	0
-5.85445	6.82294	-0.315068	-5.85445	6.82294	0
-4.84775	6.79395	-0.314941	-4.84775	6.79395	0
-3.79701	6.8357	-0.325389	-3.79701	6.8357	0
-2.72306	6.85335	-0.341053	-2.72306	6.85335	0
-1.71475	6.86727	-0.304865	-1.71475	6.86727	0
-0.683102	7.93232	-0.329051	-0.683102	7.93232	0
0.37258	7.87183	-0.291729	0.37258	7.87183	0
1.42073	7.91582	-0.333928	1.42073	7.91582	0
2.40825	7.9704	-0.284895	2.40825	7.9704	0
3.42634	7.89393	-0.306035	3.42634	7.89393	0
4.43556	7.93704	-0.336476	4.43556	7.93704	0
5.532	7.85632	-0.325184	5.532	7.85632	0
6.6304	7.9267	-0.297776	6.6304	7.9267	0
7.58093	7.90288	-0.322163	7.58093	7.90288	0
8.60428	7.86055	-0.310378	8.60428	7.86055	0
9.60901	7.87163	-0.342682	9.60901	7.87163	0
10.6727	7.87332	-0.329425	10.6727	7.87332	0
11.7211	7.89726	-0.293783	11.7211	7.89726	0
-11.024	7.87274	-0.322837	-11.024	7.87274	0
-10.0035	7.91264	-0.318068	-10.0035	7.91264	0
-8.96814	7.83864	-0.314678	-8.96814	7.83864	0
-7.89079	7.84903	-0.32677	-7.89079	7.84903	0
-6.90581	7.91591	-0.295502	-6.90581	7.91591	0
-5.89304	7.91376	-0.344043	-5.89304	7.91376	0
-4.84715	7.84453	-0.29959	-4.84715	7.84453	0
-3.82739	7.90115	-0.319847	-3.82739	7.90115	0
-2.77989	7.84155	-0.329893	-2.77989	7.84155	0
-1.67279	7.9144	-0.311357	-1.67279	7.9144	0
-0.677035	8.95861	-0.319358	-0.677035	8.95861	0
0.36405	8.89828	-0.33309	0.36405	8.89828	0
1.36559	8.97102	-0.345804	1.36559	8.97102	0
2.40516	8.98758	-0.316691	2.40516	8.98758	0
3.42677	8.98096	-0.309349	3.42677	8.98096	0
4.41882	8.94346	-0.323152	4.41882	8.94346	0
5.4838	8.87246	-0.326549	5.4838	8.87246	0
6.53029	8.9113	-0.317429	6.53029	8.9113	0
7.55162	8.99328	-0.333267	7.55162	8.99328	0
8.65381	8.88101	-0.324797	8.65381	8.88101	0
9.63507	8.8918	-0.343318	9.63507	8.8918	0
10.6754	8.92086	-0.346456	10.6754	8.92086	0
11.6663	8.88308	-0.31724	11.6663	8.88308	0
-11.0646	8.93315	-0.321968	-11.0646	8.93315	0
-10.0535	8.93396	-0.322472	-10.0535	8.93396	0
-8.97037	8.9056	-0.339294	-8.97037	8.9056	0
-7.93575	8.92441	-0.315015	-7.93575	8.92441	0
-6.90911	8.91012	-0.325396	-6.90911	8.91012	0
-5.88328	8.93095	-0.319657	-5.88328	8.93095	0
-4.8385	8.87732	-0.321525	-4.8385	8.87732	0
-3.84202	8.90017	-0.31156	-3.84202	8.90017	0
-2.79725	8.93922	-0.326677	-2.79725	8.93922	0
-1.72797	8.94551	-0.317014	-1.72797	8.94551	0
-0.696455	9.94827	-0.325419	-0.696455	9.94827	0
0.311355	9.96537	-0.32315	0.311355	9.96537	0
1.34465	9.92854	-0.329841	1.34465	9.92854	0
2.38433	10.017	-0.312584	2.38433	10.017	0
3.46664	9.96763	-0.295214	3.46664	9.96763	0
4.51977	9.96623	-0.325649	4.51977	9.96623	0
5.49849	9.98701	-0.312207	5.49849	9.98701	0
6.61602	9.97449	-0.308752	6.61602	9.97449	0
7.54559	9.9501	-0.316066	7.54559	9.9501	0
8.61202	9.89644	-0.307948	8.61202	9.89644	0
9.61554	9.92618	-0.330566	9.61554	9.92618	0
10.6782	9.95907	-0.298029	10.6782	9.95907	0
11.714	9.90777	-0.306339	11.714	9.90777	0
-11.0645	9.94181	-0.298982	-11.0645	9.94181	0
-10.0233	9.9323	-0.310198	-10.0233	9.9323	0
-9.0008	9.98087	-0.326068	-9.0008	9.98087	0
-7.97881	9.93453	-0.304563	-7.97881	9.93453	0
-6.96022	9.92817	-0.325794	-6.96022	9.92817	0
-5.87915	9.91399	-0.322173	-5.87915	9.91399	0
-4.86502	9.89682	-0.309254	-4.86502	9.89682	0
-3.77986	9.91335	-0.315683	-3.77986	9.91335	0
-2.7741	9.99623	-0.316794	-2.7741	9.99623	0
-1.73177	9.9595	-0.30452	-1.73177	9.9595	0
-0.701228	11.019	-0.335946	-0.701228	11.019	0
0.344622	10.9486	-0.336182	0.344622	10.9486	0
1.38066	10.9781	-0.321862	1.38066	10.9781	0
2.43129	11.0145	-0.323024	2.43129	11.0145	0
3.43323	10.9672	-0.313324	3.43323	10.9672	0
4.53395	10.9805	-0.319867	4.53395	10.9805	0
5.57618	10.9535	-0.310576	5.57618	10.9535	0
6.55413	10.9564	-0.32189	6.55413	10.9564	0
7.57743	10.9538	-0.303354	7.57743	10.9538	0
8.63429	10.9574	-0.34745	8.63429	10.9574	0
9.69882	10.9054	-0.302251	9.69882	10.9054	0
10.7534	10.9505	-0.324254	10.7534	10.9505	0
11.7021	10.944	-0.328614	11.7021	10.944	0
-11.0276	10.9293	-0.331696	-11.0276	10.9293	0
-9.95375	10.9501	-0.315819	-9.95375	10.9501	0
-8.99709	10.9408	-0.314641	-8.99709	10.9408	0
-7.96298	10.9234	-0.287882	-7.96298	10.9234	0
-6.87817	11.0158	-0.287769	-6.87817	11.0158	0
-5.84308	10.978	-0.323273	-5.84308	10.978	0
-4.85319	10.9631	-0.306659	-4.85319	10.9631	0
-3.77602	10.9879	-0.329366	-3.77602	10.9879	0
-2.75976	10.9715	-0.31008	-2.75976	10.9715	0
-1.76334	10.9593	-0.326267	-1.76334	10.9593	0
-0.641908	-11.8097	-0.311637	-0.641908	-11.8097	0
0.388979	-11.7857	-0.304044	0.388979	-11.7857	0
1.48562	-11.729	-0.328699	1.48562	-11.729	0
2.46439	-11.7636	-0.300562	2.46439	-11.7636	0
3.50875	-11.731	-0.333518	3.50875	-11.731	0
4.49461	-11.712	-0.337941	4.49461	-11.712	0
5.5307	-11.7773	-0.318449	5.5307	-11.7773	0
6.63298	-11.7476	-0.321233	6.63298	-11.7476	0
7.64214	-11.7876	-0.305593	7.64214	-11.7876	0
8.63469	-11.7573	-0.299681	8.63469	-11.7573	0
9.60972	-11.7604	-0.292153	9.60972	-11.7604	0
10.6126	-11.7588	-0.311003	10.6126	-11.7588	0
11.6443	-11.8141	-0.303779	11.6443	-11.8141	0
-11.0762	-11.7992	-0.309654	-11.0762	-11.7992	0
-9.9928	-11.797	-0.354577	-9.9928	-11.797	0
-8.95706	-11.7986	-0.315028	-8.95706	-11.7986	0
-7.96272	-11.7772	-0.306289	-7.96272	-11.7772	0
-6.90228	-11.7684	-0.322683	-6.90228	-11.7684	0
-5.8277	-11.7643	-0.33663	-5.8277	-11.7643	0
-4.77514	-11.731	-0.350767	-4.77514	-11.731	0
-3.78653	-11.699	-0.326913	-3.78653	-11.699	0
-2.72498	-11.7806	-0.324873	-2.72498	-11.7806	0
-1.76421	-11.7835	-0.34671	-1.76421	-11.7835	0
-0.664864	-10.7876	-0.332071	-0.664864	-10.7876	0
0.391186	-10.7993	-0.32637	0.391186	-10.7993	0
1.40063	-10.7143	-0.287473	1.40063	-10.7143	0
2.44115	-10.7032	-0.312682	2.44115	-10.7032	0
3.49671	-10.6748	-0.319726	3.49671	-10.6748	0
4.52465	-10.6721	-0.356722	4.52465	-10.6721	0
5.56955	-10.7506	-0.315592	5.56955	-10.7506	0
6.61293	-10.7156	-0.309408	6.61293	-10.7156	0
7.63327	-10.7465	-0.293562	7.63327	-10.7465	0
8.68519	-10.6883	-0.355187	8.68519	-10.6883	0
9.63704	-10.7537	-0.325689	9.63704	-10.7537	0
10.6836	-10.6864	-0.325212	10.6836	-10.6864	0
11.685	-10.7968	-0.343595	11.685	-10.7968	0
-11.0473	-10.7909	-0.293938	-11.0473	-10.7909	0
-10.0606	-10.8091	-0.290029	-10.0606	-10.8091	0
-8.95784	-10.7065	-0.332138	-8.95784	-10.7065	0
-7.89551	-10.7909	-0.323458	-7.89551	-10.7909	0
-6.87796	-10.7757	-0.304302	-6.87796	-10.7757	0
-5.85913	-10.7101	-0.292759	-5.85913	-10.7101	0
-4.8634	-10.7146	-0.293879	-4.8634	-10.7146	0
-3.83322	-10.7404	-0.322134	-3.83322	-10.7404	0
-2.72904	-10.7507	-0.331624	-2.72904	-10.7507	0
-1.71624	-10.7096	-0.299524	-1.71624	-10.7096	0
-0.638724	-9.71443	-0.335392	-0.638724	-9.71443	0
0.370159	-9.75709	-0.308193	0.370159	-9.75709	0
1.42124	-9.66692	-0.313768	1.42124	-9.66692	0
2.44404	-9.63994	-0.321213	2.44404	-9.63994	0
3.48266	-9.64295	-0.321809	3.48266	-9.64295	0
4.49373	-9.64251	-0.308339	4.49373	-9.64251	0
5.55433	-9.6868	-0.299293	5.55433	-9.6868	0
6.54364	-9.73532	-0.308156	6.54364	-9.73532	0
7.63585	-9.71704	-0.336116	7.63585	-9.71704	0
8.65163	-9.68103	-0.31619	8.65163	-9.68103	0
9.68412	-9.68366	-0.295429	9.68412	-9.68366	0
10.6965	-9.70096	-0.324093	10.6965	-9.70096	0
11.7641	-9.72316	-0.340179	11.7641	-9.72316	0
-11.0363	-9.7203	-0.324133	-11.0363	-9.7203	0
-10.0307	-9.77465	-0.334315	-10.0307	-9.77465	0
-9.0028	-9.71643	-0.310865	-9.0028	-9.71643	0
-7.901	-9.74753	-0.336831	-7.901	-9.74753	0
-6.86669	-9.65618	-0.33632	-6.86669	-9.65618	0
-5.9013	-9.69046	-0.311628	-5.9013	-9.69046	0
-4.81261	-9.65405	-0.324465	-4.81261	-9.65405	0
-3.78304	-9.69113	-0.290653	-3.78304	-9.69113	0
-2.75371	-9.67888	-0.34659	-2.75371	-9.67888	0
-1.7207	-9.74018	-0.328176	-1.7207	-9.74018	0
-0.665484	-8.75715	-0.290633	-0.665484	-8.75715	0
0.39286	-8.62418	-0.282532	0.39286	-8.62418	0
1.39633	-8.6182	-0.303136	1.39633	-8.6182	0
2.47961	-8.6072	-0.284878	2.47961	-8.6072	0
3.51385	-8.64877	-0.316829	3.51385	-8.64877	0
4.51319	-8.60794	-0.312637	4.51319	-8.60794	0
5.52909	-8.62217	-0.322661	5.52909	-8.62217	0
6.59877	-8.70423	-0.304756	6.59877	-8.70423	0
7.63198	-8.62363	-0.312106	7.63198	-8.62363	0
8.67149	-8.6339	-0.334156	8.67149	-8.6339	0
9.66737	-8.68144	-0.285748	9.66737	-8.68144	0
10.7318	-8.68093	-0.294036	10.7318	-8.68093	0
11.7309	-8.63594	-0.320303	11.7309	-8.63594	0
-11.0472	-8.70125	-0.318872	-11.0472	-8.70125	0
-10.0181	-8.69952	-0.285904	-10.0181	-8.69952	0
-8.96501	-8.69702	-0.313927	-8.96501	-8.69702	0
-7.98665	-8.67692	-0.333416	-7.98665	-8.67692	0
-6.92943	-8.66303	-0.333008	-6.92943	-8.66303	0
-5.87049	-8.65215	-0.325291	-5.87049	-8.65215	0
-4.83243	-8.59239	-0.285818	-4.83243	-8.59239	0
-3.78138	-8.67942	-0.320131	-3.78138	-8.67942	0
-2.72179	-8.65226	-0.290908	-2.72179	-8.65226	0
-1.66361	-8.72552	-0.333731	-1.66361	-8.72552	0
-0.683964	-7.69585	-0.325565	-0.683964	-7.69585	0
0.324943	-7.61941	-0.324654	0.324943	-7.61941	0
1.38187	-7.65638	-0.339605	1.38187	-7.65638	0
2.43526	-7.63278	-0.316076	2.43526	-7.63278	0
3.48133	-7.55524	-0.299306	3.48133	-7.55524	0
4.48639	-7.55089	-0.330641	4.48639	-7.55089	0
5.58793	-7.63032	-0.296822	5.58793	-7.63032	0
6.58428	-7.57516	-0.308717	6.58428	-7.57516	0
7.61206	-7.65687	-0.318363	7.61206	-7.65687	0
8.68506	-7.59963	-0.268245	8.68506	-7.59963	0
9.67738	-7.55893	-0.297788	9.67738	-7.55893	0
10.6825	-7.61036	-0.331162	10.6825	-7.61036	0
11.6981	-7.64041	-0.286949	11.6981	-7.64041	0
-11.0425	-7.64551	-0.322721	-11.0425	-7.64551	0
-10.0083	-7.6567	-0.306187	-10.0083	-7.6567	0
-9.06556	-7.68168	-0.308876	-9.06556	-7.68168	0
-8.03712	-7.69274	-0.316861	-8.03712	-7.69274	0
-6.96821	-7.62267	-0.326269	-6.96821	-7.62267	0
-5.93191	-7.61295	-0.290903	-5.93191	-7.61295	0
-4.89762	-7.55979	-0.323996	-4.89762	-7.55979	0
-3.84614	-7.63719	-0.305855	-3.84614	-7.63719	0
-2.75317	-7.64745	-0.279516	-2.75317	-7.64745	0
-1.71643	-7.65782	-0.307242	-1.71643	-7.65782	0
-0.646255	-6.64683	-0.301435	-0.646255	-6.64683	0
0.332471	-6.57529	-0.299377	0.332471	-6.57529	0
1.34173	-6.63442	-0.306431	1.34173	-6.63442	0
2.39085	-6.57351	-0.315758	2.39085	-6.57351	0
3.43044	-6.54414	-0.292469	3.43044	-6.54414	0
4.51291	-6.55376	-0.311274	4.51291	-6.55376	0
5.50539	-6.58752	-0.31408	5.50539	-6.58752	0
6.5698	-6.5807	-0.328247	6.5698	-6.5807	0
7.62408	-6.61895	-0.296703	7.62408	-6.61895	0
8.61587	-6.58083	-0.325842	8.61587	-6.58083	0
9.66537	-6.57543	-0.329274	9.66537	-6.57543	0
10.6762	-6.58896	-0.309027	10.6762	-6.58896	0
11.67	-6.60163	-0.330327	11.67	-6.60163	0
-11.0716	-6.64041	-0.315083	-11.0716	-6.64041	0
-10.0932	-6.62983	-0.348962	-10.0932	-6.62983	0
-9.02675	-6.62963	-0.298426	-9.02675	-6.62963	0
-8.02786	-6.61491	-0.291626	-8.02786	-6.61491	0
-6.9966	-6.63328	-0.311516	-6.9966	-6.63328	0
-5.95013	-6.56152	-0.317965	-5.95013	-6.56152	0
-4.85757	-6.52941	-0.329862	-4.85757	-6.52941	0
-3.86105	-6.58459	-0.328779	-3.86105	-6.58459	0
-2.76696	-6.58265	-0.296947	-2.76696	-6.58265	0
-1.68778	-6.66556	-0.313066	-1.68778	-6.66556	0
-0.664387	-5.60916	-0.324778	-0.664387	-5.60916	0
0.293222	-5.5386	-0.339944	0.293222	-5.5386	0
1.35644	-5.56352	-0.330958	1.35644	-5.56352	0
2.40672	-5.53868	-0.316343	2.40672	-5.53868	0
3.47327	-5.54598	-0.317299	3.47327	-5.54598	0
4.48547	-5.5044	-0.295229	4.48547	-5.5044	0
5.51231	-5.53867	-0.315697	5.51231	-5.53867	0
6.52321	-5.56681	-0.334669	6.52321	-5.56681	0
7.55829	-5.57704	-0.336279	7.55829	-5.57704	0
8.53084	-5.53203	-0.326497	8.53084	-5.53203	0
9.55471	-5.54707	-0.282581	9.55471	-5.54707	0
10.6024	-5.54873	-0.301916	10.6024	-5.54873	0
11.5976	-5.59955	-0.318439	11.5976	-5.59955	0
-11.0795	-5.63111	-0.303221	-11.0795	-5.63111	0
-10.0607	-5.63235	-0.325393	-10.0607	-5.63235	0
-9.03207	-5.55953	-0.302701	-9.03207	-5.55953	0
-7.95933	-5.51153	-0.335176	-7.95933	-5.51153	0
-6.97691	-5.60139	-0.315182	-6.97691	-5.60139	0
-5.90612	-5.53749	-0.327611	-5.90612	-5.53749	0
-4.86992	-5.54688	-0.295302	-4.86992	-5.54688	0
-3.80398	-5.54681	-0.326328	-3.80398	-5.54681	0
-2.73665	-5.56179	-0.306751	-2.73665	-5.56179	0
-1.6988	-5.57934	-0.341639	-1.6988	-5.57934	0
-0.692875	-4.50829	-0.330617	-0.692875	-4.50829	0
0.301896	-4.53319	-0.328898	0.301896	-4.53319	0
1.32446	-4.57823	-0.293139	1.32446	-4.57823	0
2.40579	-4.51445	-0.31021	2.40579	-4.51445	0
3.44882	-4.46778	-0.321505	3.44882	-4.46778	0
4.54896	-4.5773	-0.318792	4.54896	-4.5773	0
5.55357	-4.55786	-0.307197	5.55357	-4.55786	0
6.49157	-4.55745	-0.319066	6.49157	-4.55745	0
7.49843	-4.53073	-0.329548	7.49843	-4.53073	0
8.58368	-4.52181	-0.314501	8.58368	-4.52181	0
9.54115	-4.51621	-0.321509	9.54115	-4.51621	0
10.6158	-4.54373	-0.316452	10.6158	-4.54373	0
11.6602	-4.546	-0.311366	11.6602	-4.546	0
-11.1232	-4.55099	-0.302888	-11.1232	-4.55099	0
-10.0899	-4.56968	-0.319556	-10.0899	-4.56968	0
-9.00001	-4.4793	-0.296002	-9.00001	-4.4793	0
-7.98477	-4.51035	-0.317106	-7.98477	-4.51035	0
-6.99322	-4.53731	-0.291406	-6.99322	-4.53731	0
-5.95954	-4.51286	-0.325849	-5.95954	-4.51286	0
-4.81826	-4.51274	-0.334369	-4.81826	-4.51274	0
-3.80177	-4.5314	-0.313316	-3.80177	-4.5314	0
-2.73544	-4.51291	-0.330736	-2.73544	-4.51291	0
-1.67754	-4.53091	-0.328079	-1.67754	-4.53091	0
-0.725313	-3.54657	-0.339188	-0.725313	-3.54657	0
0.347684	-3.49386	-0.314846	0.347684	-3.49386	0
1.37759	-3.55519	-0.330913	1.37759	-3.55519	0
2.424	-3.50903	-0.325753	2.424	-3.50903	0
3.46022	-3.45731	-0.306985	3.46022	-3.45731	0
4.47575	-3.48524	-0.312444	4.47575	-3.48524	0
5.55	-3.4745	-0.305464	5.55	-3.4745	0
6.58296	-3.49829	-0.317541	6.58296	-3.49829	0
7.5868	-3.47879	-0.331377	7.5868	-3.47879	0
8.61293	-3.48156	-0.343926	8.61293	-3.48156	0
9.66234	-3.48963	-0.309649	9.66234	-3.48963	0
10.6692	-3.49849	-0.287747	10.6692	-3.49849	0
11.6743	-3.55827	-0.277957	11.6743	-3.55827	0
-11.0584	-3.57806	-0.324351	-11.0584	-3.57806	0
-10.0572	-3.49216	-0.336614	-10.0572	-3.49216	0
-8.98481	-3.46238	-0.313927	-8.98481	-3.46238	0
-7.96731	-3.46746	-0.314875	-7.96731	-3.46746	0
-6.94201	-3.48399	-0.330848	-6.94201	-3.48399	0
-5.87725	-3.52421	-0.302401	-5.87725	-3.52421	0
-4.90451	-3.56711	-0.305947	-4.90451	-3.56711	0
-3.88523	-3.50254	-0.313992	-3.88523	-3.50254	0
-2.76854	-3.45944	-0.292249	-2.76854	-3.45944	0
-1.77784	-3.47601	-0.320709	-1.77784	-3.47601	0
-0.648857	-2.45827	-0.329227	-0.648857	-2.45827	0
0.364053	-2.49891	-0.304302	0.364053	-2.49891	0
1.38462	-2.5214	-0.321098	1.38462	-2.5214	0
2.4033	-2.4692	-0.317668	2.4033	-2.4692	0
3.45938	-2.51613	-0.312909	3.45938	-2.51613	0
4.45722	-2.45618	-0.310997	4.45722	-2.45618	0
5.50333	-2.4512	-0.304441	5.50333	-2.4512	0
6.4936	-2.39326	-0.305324	6.4936	-2.39326	0
7.60278	-2.43606	-0.314367	7.60278	-2.43606	0
8.58106	-2.34728	-0.339419	8.58106	-2.34728	0
9.66717	-2.43689	-0.324445	9.66717	-2.43689	0
10.6437	-2.43365	-0.315044	10.6437	-2.43365	0
11.7409	-2.54122	-0.344241	11.7409	-2.54122	0
-11.0414	-2.51509	-0.323359	-11.0414	-2.51509	0
-9.99328	-2.49117	-0.311089	-9.99328	-2.49117	0
-8.95539	-2.44386	-0.31504	-8.95539	-2.44386	0
-7.97008	-2.45116	-0.304958	-7.97008	-2.45116	0
-6.97158	-2.45491	-0.32769	-6.97158	-2.45491	0
-5.91157	-2.51688	-0.310586	-5.91157	-2.51688	0
-4.80534	-2.48979	-0.326476	-4.80534	-2.48979	0
-3.79739	-2.56695	-0.299858	-3.79739	-2.56695	0
-2.77065	-2.44825	-0.333902	-2.77065	-2.44825	0
-1.76726	-2.44421	-0.310316	-1.76726	-2.44421	0
-0.719239	-1.45566	-0.308468	-0.719239	-1.45566	0
0.354745	-1.43332	-0.33907	0.354745	-1.43332	0
1.36937	-1.48653	-0.303817	1.36937	-1.48653	0
2.40251	-1.45267	-0.295906	2.40251	-1.45267	0
3.428	-1.42161	-0.315764	3.428	-1.42161	0
4.47422	-1.38561	-0.320768	4.47422	-1.38561	0
5.44971	-1.40665	-0.331345	5.44971	-1.40665	0
6.49684	-1.3498	-0.326539	6.49684	-1.3498	0
7.56583	-1.38644	-0.312798	7.56583	-1.38644	0
8.6635	-1.35222	-0.321477	8.6635	-1.35222	0
9.57901	-1.39755	-0.324914	9.57901	-1.39755	0
10.6415	-1.44097	-0.354571	10.6415	-1.44097	0
11.688	-1.47763	-0.313702	11.688	-1.47763	0
-11.0769	-1.39341	-0.347391	-11.0769	-1.39341	0
-10.0217	-1.47997	-0.323166	-10.0217	-1.47997	0
-8.99301	-1.41309	-0.325619	-8.99301	-1.41309	0
-7.98687	-1.39433	-0.315689	-7.98687	-1.39433	0
-6.89635	-1.3398	-0.338254	-6.89635	-1.3398	0
-5.93117	-1.47256	-0.316071	-5.93117	-1.47256	0
-4.9092	-1.48577	-0.332044	-4.9092	-1.48577	0
-3.84761	-1.54441	-0.309101	-3.84761	-1.54441	0
-2.83757	-1.45515	-0.342035	-2.83757	-1.45515	0
-1.76633	-1.43908	-0.320593	-1.76633	-1.43908	0
-0.132905	0.0464822	0.319261	-0.132905	0.0464822	0
0.908464	0.0661431	0.314886	0.908464	0.0661431	0
1.90961	0.102432	0.32593	1.90961	0.102432	0
2.95886	0.0871319	0.325982	2.95886	0.0871319	0
4.02712	0.159486	0.342414	4.02712	0.159486	0
5.05355	0.109956	0.323034	5.05355	0.109956	0
6.05947	0.154007	0.305169	6.05947	0.154007	0
7.10823	0.1536	0.346826	7.10823	0.1536	0
8.17248	0.126305	0.334631	8.17248	0.126305	0
9.15129	0.132136	0.279922	9.15129	0.132136	0
10.1504	0.0992999	0.302485	10.1504	0.0992999	0
11.1718	0.0901817	0.311526	11.1718	0.0901817	0
-11.5248	0.086377	0.281149	-11.5248	0.086377	0
-10.5818	0.0843203	0.331747	-10.5818	0.0843203	0
-9.56205	0.127773	0.326411	-9.56205	0.127773	0
-8.40544	0.180064	0.322987	-8.40544	0.180064	0
-7.3762	0.148235	0.315072	-7.3762	0.148235	0
-6.35453	0.13813	0.307429	-6.35453	0.13813	0
-5.3236	0.0831612	0.310362	-5.3236	0.0831612	0
-4.30676	0.0869632	0.337926	-4.30676	0.0869632	0
-3.26911	0.0614164	0.329751	-3.26911	0.0614164	0
-2.25092	0.106476	0.318808	-2.25092	0.106476	0
-1.17361	0.107949	0.329428	-1.17361	0.107949	0
-0.11864	1.06881	0.327772	-0.11864	1.06881	0
0.869902	1.16534	0.283885	0.869902	1.16534	0
1.89319	1.14541	0.322919	1.89319	1.14541	0
2.95909	1.15459	0.324979	2.95909	1.15459	0
3.9983	1.16886	0.30017	3.9983	1.16886	0
5.05319	1.1587	0.316385	5.05319	1.1587	0
6.03953	1.18551	0.321268	6.03953	1.18551	0
7.10815	1.20267	0.308488	7.10815	1.20267	0
8.13041	1.21256	0.337917	8.13041	1.21256	0
9.1173	1.19004	0.311034	9.1173	1.19004	0
10.1329	1.20017	0.311049	10.1329	1.20017	0
11.1593	1.09122	0.307731	11.1593	1.09122	0
-11.5543	1.11712	0.328594	-11.5543	1.11712	0
-10.4952	1.14751	0.300767	-10.4952	1.14751	0
-9.48022	1.13315	0.326954	-9.48022	1.13315	0
-8.42597	1.15547	0.346131	-8.42597	1.15547	0
-7.43714	1.20309	0.296522	-7.43714	1.20309	0
-6.30434	1.12597	0.30418	-6.30434	1.12597	0
-5.33651	1.17211	0.307382	-5.33651	1.17211	0
-4.34416	1.1387	0.314718	-4.34416	1.1387	0
-3.27713	1.08864	0.320646	-3.27713	1.08864	0
-2.20103	1.14597	0.307435	-2.20103	1.14597	0
-1.18326	1.10832	0.307992	-1.18326	1.10832	0
-0.129957	2.15565	0.33297	-0.129957	2.15565	0
0.890123	2.17034	0.315496	0.890123	2.17034	0
1.89297	2.2053	0.324249	1.89297	2.2053	0
2.95079	2.23766	0.350898	2.95079	2.23766	0
3.9462	2.17102	0.301725	3.9462	2.17102	0
5.02497	2.18723	0.326843	5.02497	2.18723	0
6.04235	2.20744	0.332818	6.04235	2.20744	0
7.0678	2.2223	0.295193	7.0678	2.2223	0
8.09038	2.22153	0.303726	8.09038	2.22153	0
9.11745	2.18219	0.310651	9.11745	2.18219	0
10.1286	2.19477	0.338315	10.1286	2.19477	0
11.1804	2.10893	0.313106	11.1804	2.10893	0
-11.586	2.14599	0.316559	-11.586	2.14599	0
-10.5076	2.14814	0.327829	-10.5076	2.14814	0
-9.48749	2.14925	0.313213	-9.48749	2.14925	0
-8.39304	2.19652	0.326303	-8.39304	2.19652	0
-7.41741	2.25574	0.315994	-7.41741	2.25574	0
-6.35323	2.12697	0.336663	-6.35323	2.12697	0
-5.27313	2.19803	0.282071	-5.27313	2.19803	0
-4.25394	2.19415	0.30727	-4.25394	2.19415	0
-3.21914	2.16518	0.32941	-3.21914	2.16518	0
-2.21229	2.21379	0.320901	-2.21229	2.21379	0
-1.2066	2.1931	0.332066	-1.2066	2.1931	0
-0.152558	3.24058	0.297522	-0.152558	3.24058	0
0.900647	3.24463	0.309418	0.900647	3.24463	0
1.9177	3.26802	0.312099	1.9177	3.26802	0
2.98788	3.29271	0.33832	2.98788	3.29271	0
3.97487	3.32056	0.293576	3.97487	3.32056	0
4.99868	3.22556	0.319562	4.99868	3.22556	0
6.01795	3.23641	0.321658	6.01795	3.23641	0
7.02286	3.26541	0.31048	7.02286	3.26541	0
8.11149	3.23503	0.315116	8.11149	3.23503	0
9.12816	3.20955	0.331862	9.12816	3.20955	0
10.1846	3.24722	0.309447	10.1846	3.24722	0
11.1928	3.16841	0.302573	11.1928	3.16841	0
-11.6032	3.14759	0.301165	-11.6032	3.14759	0
-10.4984	3.1458	0.310703	-10.4984	3.1458	0
-9.40834	3.15486	0.318531	-9.40834	3.15486	0
-8.39395	3.20387	0.327161	-8.39395	3.20387	0
-7.39722	3.25649	0.331601	-7.39722	3.25649	0
-6.33145	3.21192	0.309513	-6.33145	3.21192	0
-5.24566	3.19873	0.318667	-5.24566	3.19873	0
-4.25876	3.19653	0.323562	-4.25876	3.19653	0
-3.22967	3.20666	0.315281	-3.22967	3.20666	0
-2.2232	3.26619	0.289461	-2.2232	3.26619	0
-1.16328	3.20352	0.317784	-1.16328	3.20352	0
-0.125305	4.22777	0.306069	-0.125305	4.22777	0
0.875203	4.29303	0.328824	0.875203	4.29303	0
1.96607	4.27511	0.288292	1.96607	4.27511	0
2.94509	4.31813	0.344433	2.94509	4.31813	0
3.96419	4.36191	0.314202	3.96419	4.36191	0
5.05002	4.3246	0.313007	5.05002	4.3246	0
6.01486	4.29007	0.300878	6.01486	4.29007	0
7.04877	4.23916	0.32944	7.04877	4.23916	0
8.07896	4.25389	0.318937	8.07896	4.25389	0
9.12101	4.28742	0.331731	9.12101	4.28742	0
10.1831	4.32885	0.312008	10.1831	4.32885	0
11.1857	4.24194	0.34145	11.1857	4.24194	0
-11.5468	4.23527	0.294179	-11.5468	4.23527	0
-10.5191	4.23594	0.315188	-10.5191	4.23594	0
-9.49486	4.21577	0.350924	-9.49486	4.21577	0
-8.41573	4.26891	0.283877	-8.41573	4.26891	0
-7.35058	4.24453	0.324008	-7.35058	4.24453	0
-6.34817	4.22609	0.324497	-6.34817	4.22609	0
-5.31962	4.25242	0.327407	-5.31962	4.25242	0
-4.30706	4.26516	0.299068	-4.30706	4.26516	0
-3.28371	4.22886	0.334045	-3.28371	4.22886	0
-2.2183	4.28892	0.303224	-2.2183	4.28892	0
-1.16969	4.27338	0.31219	-1.16969	4.27338	0
-0.122392	5.35033	0.308189	-0.122392	5.35033	0
0.896495	5.37332	0.306639	0.896495	5.37332	0
1.92584	5.26788	0.324038	1.92584	5.26788	0
2.91349	5.37348	0.333998	2.91349	5.37348	0
3.93015	5.38417	0.341803	3.93015	5.38417	0
4.93664	5.34333	0.327794	4.93664	5.34333	0
6.0562	5.39315	0.345903	6.0562	5.39315	0
7.09857	5.26919	0.335593	7.09857	5.26919	0
8.08846	5.28543	0.325614	8.08846	5.28543	0
9.12641	5.26026	0.312921	9.12641	5.26026	0
10.1705	5.34942	0.327728	10.1705	5.34942	0
11.213	5.32228	0.314552	11.213	5.32228	0
-11.5304	5.29669	0.322674	-11.5304	5.29669	0
-10.5022	5.27086	0.318383	-10.5022	5.27086	0
-9.49249	5.27469	0.313693	-9.49249	5.27469	0
-8.39396	5.30971	0.29925	-8.39396	5.30971	0
-7.3771	5.29744	0.313151	-7.3771	5.29744	0
-6.34955	5.34312	0.305369	-6.34955	5.34312	0
-5.30529	5.28286	0.308398	-5.30529	5.28286	0
-4.27833	5.29841	0.328471	-4.27833	5.29841	0
-3.26975	5.28136	0.315646	-3.26975	5.28136	0
-2.23548	5.31816	0.281955	-2.23548	5.31816	0
-1.22985	5.3152	0.311563	-1.22985	5.3152	0
-0.145968	6.36143	0.330675	-0.145968	6.36143	0
0.901872	6.3673	0.302617	0.901872	6.3673	0
1.91408	6.35425	0.319418	1.91408	6.35425	0
2.89942	6.39067	0.297356	2.89942	6.39067	0
3.93157	6.405	0.303451	3.93157	6.405	0
5.03473	6.37102	0.331059	5.03473	6.37102	0
6.0797	6.38128	0.304925	6.0797	6.38128	0
7.11596	6.32536	0.327913	7.11596	6.32536	0
8.09355	6.29008	0.310506	8.09355	6.29008	0
9.15519	6.30804	0.312771	9.15519	6.30804	0
10.149	6.34127	0.309547	10.149	6.34127	0
11.1628	6.33924	0.339333	11.1628	6.33924	0
-11.589	6.31003	0.324023	-11.589	6.31003	0
-10.5351	6.31955	0.350519	-10.5351	6.31955	0
-9.54285	6.34787	0.321472	-9.54285	6.34787	0
-8.43883	6.32284	0.31142	-8.43883	6.32284	0
-7.43183	6.33158	0.320199	-7.43183	6.33158	0
-6.32175	6.31999	0.316581	-6.32175	6.31999	0
-5.31383	6.33469	0.329523	-5.31383	6.33469	0
-4.3471	6.33886	0.310144	-4.3471	6.33886	0
-3.30889	6.35521	0.317816	-3.30889	6.35521	0
-2.29405	6.33524	0.317821	-2.29405	6.33524	0
-1.15499	6.37686	0.317982	-1.15499	6.37686	0
-0.18628	7.37327	0.329525	-0.18628	7.37327	0
0.866133	7.38982	0.314403	0.866133	7.38982	0
1.87252	7.43322	0.309198	1.87252	7.43322	0
2.88521	7.40518	0.318091	2.88521	7.40518	0
3.93551	7.41715	0.310244	3.93551	7.41715	0
4.98906	7.38871	0.317803	4.98906	7.38871	0
6.03835	7.38276	0.308001	6.03835	7.38276	0
7.14526	7.37211	0.341706	7.14526	7.37211	0
8.12715	7.38097	0.340211	8.12715	7.38097	0
9.12472	7.34435	0.32187	9.12472	7.34435	0
10.1415	7.36869	0.303319	10.1415	7.36869	0
11.1871	7.33366	0.330635	11.1871	7.33366	0
-11.5584	7.35896	0.295804	-11.5584	7.35896	0
-10.52	7.39279	0.304631	-10.52	7.39279	0
-9.52201	7.37967	0.319286	-9.52201	7.37967	0
-8.43889	7.35256	0.317761	-8.43889	7.35256	0
-7.36505	7.38428	0.340224	-7.36505	7.38428	0
-6.35486	7.36161	0.301321	-6.35486	7.36161	0
-5.35473	7.33035	0.284054	-5.35473	7.33035	0
-4.30277	7.39173	0.278006	-4.30277	7.39173	0
-3.29053	7.34139	0.302149	-3.29053	7.34139	0
-2.21812	7.36102	0.318595	-2.21812	7.36102	0
-1.17334	7.43382	0.32389	-1.17334	7.43382	0
-0.19956	8.38493	0.329469	-0.19956	8.38493	0
0.894213	8.42293	0.303189	0.894213	8.42293	0
1.85632	8.49649	0.32107	1.85632	8.49649	0
2.93849	8.45508	0.316595	2.93849	8.45508	0
3.98891	8.4087	0.341604	3.98891	8.4087	0
5.0055	8.43245	0.301454	5.0055	8.43245	0
6.0167	8.39061	0.314491	6.0167	8.39061	0
7.08121	8.43308	0.337889	7.08121	8.43308	0
8.10162	8.41176	0.29024	8.10162	8.41176	0
9.1624	8.36202	0.347047	9.1624	8.36202	0
10.2102	8.40878	0.344072	10.2102	8.40878	0
11.1508	8.38906	0.305466	11.1508	8.38906	0
-11.5498	8.40692	0.323336	-11.5498	8.40692	0
-10.575	8.41914	0.326347	-10.575	8.41914	0
-9.49641	8.37667	0.312305	-9.49641	8.37667	0
-8.45892	8.3305	0.275759	-8.45892	8.3305	0
-7.48464	8.40999	0.296097	-7.48464	8.40999	0
-6.40688	8.40873	0.334583	-6.40688	8.40873	0
-5.3737	8.38994	0.341129	-5.3737	8.38994	0
-4.31243	8.39869	0.299567	-4.31243	8.39869	0
-3.26275	8.40143	0.316829	-3.26275	8.40143	0
-2.25622	8.36537	0.298711	-2.25622	8.36537	0
-1.18255	8.46618	0.312485	-1.18255	8.46618	0
-0.148573	9.39242	0.331151	-0.148573	9.39242	0
0.805317	9.44101	0.298832	0.805317	9.44101	0
1.87386	9.49325	0.290912	1.87386	9.49325	0
2.89309	9.49805	0.309524	2.89309	9.49805	0
3.96334	9.46871	0.335206	3.96334	9.46871	0
4.98475	9.39588	0.298372	4.98475	9.39588	0
6.0202	9.42349	0.307187	6.0202	9.42349	0
7.03562	9.45319	0.319332	7.03562	9.45319	0
8.08198	9.41975	0.328872	8.08198	9.41975	0
9.15408	9.39802	0.345338	9.15408	9.39802	0
10.1622	9.43184	0.29657	10.1622	9.43184	0
11.1949	9.46429	0.337666	11.1949	9.46429	0
-11.5997	9.3955	0.312091	-11.5997	9.3955	0
-10.5555	9.44027	0.337943	-10.5555	9.44027	0
-9.49795	9.37344	0.304248	-9.49795	9.37344	0
-8.48866	9.40072	0.277009	-8.48866	9.40072	0
-7.45097	9.47091	0.32389	-7.45097	9.47091	0
-6.42254	9.41371	0.324254	-6.42254	9.41371	0
-5.34091	9.40634	0.338569	-5.34091	9.40634	0
-4.33291	9.44238	0.318968	-4.33291	9.44238	0
-3.30115	9.40901	0.334585	-3.30115	9.40901	0
-2.27705	9.44719	0.294486	-2.27705	9.44719	0
-1.19549	9.48145	0.299744	-1.19549	9.48145	0
-0.170398	10.4017	0.328722	-0.170398	10.4017	0
0.851905	10.4403	0.320056	0.851905	10.4403	0
1.90005	10.4855	0.3225	1.90005	10.4855	0
2.92845	10.4889	0.313244	2.92845	10.4889	0
3.97863	10.5095	0.301213	3.97863	10.5095	0
5.02745	10.4682	0.346749	5.02745	10.4682	0
6.02493	10.4758	0.313415	6.02493	10.4758	0
7.07519	10.4914	0.332535	7.07519	10.4914	0
8.13811	10.4645	0.3188	8.13811	10.4645	0
9.14663	10.4356	0.281369	9.14663	10.4356	0
10.1604	10.4253	0.334157	10.1604	10.4253	0
11.226	10.4602	0.33584	11.226	10.4602	0
-11.5818	10.4648	0.323449	-11.5818	10.4648	0
-10.5053	10.4415	0.292898	-10.5053	10.4415	0
-9.49633	10.4232	0.347883	-9.49633	10.4232	0
-8.48022	10.4106	0.338795	-8.48022	10.4106	0
-7.43593	10.4834	0.319781	-7.43593	10.4834	0
-6.3633	10.4666	0.300626	-6.3633	10.4666	0
-5.34082	10.4418	0.333056	-5.34082	10.4418	0
-4.30185	10.4891	0.313092	-4.30185	10.4891	0
-3.27823	10.5219	0.309588	-3.27823	10.5219	0
-2.20804	10.462	0.334624	-2.20804	10.462	0
-1.19659	10.4818	0.321551	-1.19659	10.4818	0
-0.192261	11.4871	0.320768	-0.192261	11.4871	0
0.856585	11.434	0.304774	0.856585	11.434	0
1.88067	11.5126	0.310968	1.88067	11.5126	0
2.99086	11.5289	0.281747	2.99086	11.5289	0
4.02638	11.5439	0.299651	4.02638	11.5439	0
5.03964	11.5519	0.310483	5.03964	11.5519	0
6.0651	11.5134	0.303577	6.0651	11.5134	0
7.09347	11.4911	0.3416	7.09347	11.4911	0
8.13327	11.4958	0.323521	8.13327	11.4958	0
9.10405	11.424	0.322015	9.10405	11.424	0
10.1531	11.4697	0.306494	10.1531	11.4697	0
11.1908	11.4857	0.332663	11.1908	11.4857	0
-11.5698	11.455	0.336607	-11.5698	11.455	0
-10.5727	11.4286	0.308716	-10.5727	11.4286	0
-9.49717	11.5055	0.32846	-9.49717	11.5055	0
-8.49343	11.4975	0.300516	-8.49343	11.4975	0
-7.46117	11.5178	0.305417	-7.46117	11.5178	0
-6.3173	11.528	0.323179	-6.3173	11.528	0
-5.29687	11.5032	0.314524	-5.29687	11.5032	0
-4.29096	11.4926	0.280797	-4.29096	11.4926	0
-3.27148	11.5265	0.313209	-3.27148	11.5265	0
-2.28383	11.5131	0.307027	-2.28383	11.5131	0
-1.2138	11.4896	0.319088	-1.2138	11.4896	0
-0.126234	-11.2661	0.30414	-0.126234	-11.2661	0
0.941195	-11.2802	0.31998	0.941195	-11.2802	0
1.98152	-11.2119	0.322431	1.98152	-11.2119	0
2.96959	-11.256	0.333629	2.96959	-11.256	0
4.00276	-11.2301	0.297577	4.00276	-11.2301	0
5.02783	-11.2253	0.307562	5.02783	-11.2253	0
6.10401	-11.2524	0.293751	6.10401	-11.2524	0
7.10767	-11.2245	0.315905	7.10767	-11.2245	0
8.15501	-11.2653	0.337457	8.15501	-11.2653	0
9.16386	-11.258	0.352227	9.16386	-11.258	0
10.1696	-11.1672	0.322156	10.1696	-11.1672	0
11.1555	-11.2595	0.315251	11.1555	-11.2595	0
-11.6051	-11.3039	0.327817	-11.6051	-11.3039	0
-10.5309	-11.3573	0.327078	-10.5309	-11.3573	0
-9.44048	-11.3019	0.33131	-9.44048	-11.3019	0
-8.4564	-11.2846	0.313576	-8.4564	-11.2846	0
-7.41175	-11.3134	0.34357	-7.41175	-11.3134	0
-6.3418	-11.2891	0.315661	-6.3418	-11.2891	0
-5.32528	-11.2819	0.329753	-5.32528	-11.2819	0
-4.33909	-11.205	0.308007	-4.33909	-11.205	0
-3.25059	-11.2664	0.317718	-3.25059	-11.2664	0
-2.23481	-11.2415	0.302343	-2.23481	-11.2415	0
-1.22729	-11.3052	0.310473	-1.22729	-11.3052	0
-0.15015	-10.267	0.312413	-0.15015	-10.267	0
0.919806	-10.1779	0.328367	0.919806	-10.1779	0
1.95687	-10.1419	0.328169	1.95687	-10.1419	0
2.98963	-10.1935	0.302034	2.98963	-10.1935	0
4.02409	-10.1642	0.319338	4.02409	-10.1642	0
5.00044	-10.1859	0.330542	5.00044	-10.1859	0
6.04094	-10.254	0.351345	6.04094	-10.254	0
7.11125	-10.2344	0.310895	7.11125	-10.2344	0
8.15633	-10.2125	0.291293	8.15633	-10.2125	0
9.14007	-10.2055	0.316072	9.14007	-10.2055	0
10.1759	-10.2151	0.296634	10.1759	-10.2151	0
11.1738	-10.2133	0.339249	11.1738	-10.2133	0
-11.6004	-10.2686	0.315183	-11.6004	-10.2686	0
-10.5287	-10.2628	0.311886	-10.5287	-10.2628	0
-9.50098	-10.2926	0.316532	-9.50098	-10.2926	0
-8.47482	-10.2108	0.319681	-8.47482	-10.2108	0
-7.39645	-10.2679	0.314071	-7.39645	-10.2679	0
-6.38856	-10.173	0.321493	-6.38856	-10.173	0
-5.33521	-10.1789	0.310332	-5.33521	-10.1789	0
-4.29621	-10.19	0.278344	-4.29621	-10.19	0
-3.26986	-10.201	0.289353	-3.26986	-10.201	0
-2.24911	-10.2468	0.316223	-2.24911	-10.2468	0
-1.16439	-10.2807	0.3194	-1.16439	-10.2807	0
-0.199081	-9.22117	0.323955	-0.199081	-9.22117	0
0.84242	-9.19121	0.286491	0.84242	-9.19121	0
1.91509	-9.12659	0.309941	1.91509	-9.12659	0
2.98562	-9.2047	0.308644	2.98562	-9.2047	0
4.01205	-9.13173	0.324491	4.01205	-9.13173	0
5.05315	-9.20233	0.307991	5.05315	-9.20233	0
6.07348	-9.12843	0.336391	6.07348	-9.12843	0
7.13334	-9.25504	0.310335	7.13334	-9.25504	0
8.11754	-9.14752	0.318344	8.11754	-9.14752	0
9.12467	-9.18898	0.328796	9.12467	-9.18898	0
10.2195	-9.18229	0.332025	10.2195	-9.18229	0
11.2294	-9.20334	0.305855	11.2294	-9.20334	0
-11.5093	-9.1646	0.294172	-11.5093	-9.1646	0
-10.4742	-9.24008	0.322057	-10.4742	-9.24008	0
-9.47949	-9.25206	0.333161	-9.47949	-9.25206	0
-8.43468	-9.20256	0.337671	-8.43468	-9.20256	0
-7.41974	-9.16405	0.274704	-7.41974	-9.16405	0
-6.36833	-9.12948	0.36435	-6.36833	-9.12948	0
-5.34703	-9.1562	0.281001	-5.34703	-9.1562	0
-4.31025	-9.14421	0.314387	-4.31025	-9.14421	0
-3.24023	-9.14938	0.309018	-3.24023	-9.14938	0
-2.2334	-9.20004	0.291638	-2.2334	-9.20004	0
-1.21227	-9.27459	0.305601	-1.21227	-9.27459	0
-0.207187	-8.19037	0.323635	-0.207187	-8.19037	0
0.839392	-8.09231	0.316985	0.839392	-8.09231	0
1.96201	-8.10125	0.31902	1.96201	-8.10125	0
3.01146	-8.11286	0.294381	3.01146	-8.11286	0
4.03	-8.09174	0.296365	4.03	-8.09174	0
5.01015	-8.1032	0.317559	5.01015	-8.1032	0
6.07812	-8.15089	0.297461	6.07812	-8.15089	0
7.06063	-8.11667	0.347516	7.06063	-8.11667	0
8.14515	-8.14918	0.310308	8.14515	-8.14918	0
9.23025	-8.17105	0.306588	9.23025	-8.17105	0
10.1605	-8.1115	0.329271	10.1605	-8.1115	0
11.1839	-8.17036	0.326882	11.1839	-8.17036	0
-11.5677	-8.11625	0.331379	-11.5677	-8.11625	0
-10.5716	-8.16277	0.317932	-10.5716	-8.16277	0
-9.53	-8.19175	0.332415	-9.53	-8.19175	0
-8.46866	-8.16591	0.343593	-8.46866	-8.16591	0
-7.49475	-8.17335	0.319125	-7.49475	-8.17335	0
-6.47482	-8.14027	0.278124	-6.47482	-8.14027	0
-5.36436	-8.11644	0.3324	-5.36436	-8.11644	0
-4.3322	-8.11474	0.340865	-4.3322	-8.11474	0
-3.30576	-8.14937	0.339034	-3.30576	-8.14937	0
-2.19167	-8.19323	0.340905	-2.19167	-8.19323	0
-1.18312	-8.17957	0.293459	-1.18312	-8.17957	0
-0.157192	-7.1817	0.313553	-0.157192	-7.1817	0
0.828673	-7.08307	0.322365	0.828673	-7.08307	0
1.90593	-7.1313	0.318226	1.90593	-7.1313	0
2.91185	-7.08636	0.307587	2.91185	-7.08636	0
3.98048	-7.05059	0.330365	3.98048	-7.05059	0
5.0023	-7.09565	0.306085	5.0023	-7.09565	0
6.00676	-7.05105	0.321169	6.00676	-7.05105	0
7.10948	-7.09848	0.325925	7.10948	-7.09848	0
8.11067	-7.11867	0.325363	8.11067	-7.11867	0
9.13996	-7.03123	0.336305	9.13996	-7.03123	0
10.192	-7.08768	0.323337	10.192	-7.08768	0
11.2347	-7.08946	0.32122	11.2347	-7.08946	0
-11.5696	-7.10687	0.333218	-11.5696	-7.10687	0
-10.5657	-7.15681	0.316716	-10.5657	-7.15681	0
-9.61182	-7.1104	0.339718	-9.61182	-7.1104	0
-8.56164	-7.12204	0.34289	-8.56164	-7.12204	0
-7.56822	-7.13486	0.293659	-7.56822	-7.13486	0
-6.43974	-7.12671	0.332104	-6.43974	-7.12671	0
-5.42803	-7.03882	0.32573	-5.42803	-7.03882	0
-4.325	-7.06894	0.315726	-4.325	-7.06894	0
-3.27849	-7.10708	0.311308	-3.27849	-7.10708	0
-2.20937	-7.13417	0.323101	-2.20937	-7.13417	0
-1.1973	-7.11676	0.341935	-1.1973	-7.11676	0
-0.147069	-6.06215	0.341204	-0.147069	-6.06215	0
0.842333	-6.02982	0.29497	0.842333	-6.02982	0
1.86496	-6.06976	0.332326	1.86496	-6.06976	0
2.92642	-6.07648	0.302856	2.92642	-6.07648	0
4.00647	-6.0503	0.322445	4.00647	-6.0503	0
5.00243	-6.0533	0.32918	5.00243	-6.0533	0
6.00383	-6.04977	0.310967	6.00383	-6.04977	0
7.0532	-6.11147	0.322179	7.0532	-6.11147	0
8.05759	-6.05469	0.31137	8.05759	-6.05469	0
9.08127	-6.07166	0.313811	9.08127	-6.07166	0
10.0897	-6.02999	0.322448	10.0897	-6.02999	0
11.1416	-6.09069	0.33409	11.1416	-6.09069	0
-11.6367	-6.07736	0.299514	-11.6367	-6.07736	0
-10.5262	-6.16584	0.311499	-10.5262	-6.16584	0
-9.51445	-6.10356	0.333979	-9.51445	-6.10356	0
-8.47799	-6.0397	0.324071	-8.47799	-6.0397	0
-7.4948	-6.11049	0.317043	-7.4948	-6.11049	0
-6.46158	-6.10662	0.297284	-6.46158	-6.10662	0
-5.42986	-6.04108	0.307762	-5.42986	-6.04108	0
-4.33961	-6.07266	0.337751	-4.33961	-6.07266	0
-3.29423	-6.0723	0.335721	-3.29423	-6.0723	0
-2.15071	-6.08117	0.317158	-2.15071	-6.08117	0
-1.1894	-6.06132	0.29767	-1.1894	-6.06132	0
-0.19544	-5.07324	0.312563	-0.19544	-5.07324	0
0.806635	-5.04553	0.319195	0.806635	-5.04553	0
1.8588	-5.03978	0.311208	1.8588	-5.03978	0
2.9189	-5.09171	0.299204	2.9189	-5.09171	0
4.00299	-4.99356	0.295279	4.00299	-4.99356	0
5.01491	-5.01759	0.331248	5.01491	-5.01759	0
6.06323	-5.04875	0.318178	6.06323	-5.04875	0
7.03704	-5.09771	0.313431	7.03704	-5.09771	0
8.04693	-5.02543	0.309831	8.04693	-5.02543	0
9.02588	-5.0403	0.330274	9.02588	-5.0403	0
10.0648	-5.00885	0.336369	10.0648	-5.00885	0
11.113	-5.00867	0.28481	11.113	-5.00867	0
-11.6417	-5.10917	0.302667	-11.6417	-5.10917	0
-10.544	-5.15103	0.319463	-10.544	-5.15103	0
-9.54254	-5.04561	0.328619	-9.54254	-5.04561	0
-8.45907	-5.04089	0.308254	-8.45907	-5.04089	0
-7.48649	-5.0278	0.31217	-7.48649	-5.0278	0
-6.40168	-5.06542	0.304904	-6.40168	-5.06542	0
-5.35488	-4.99162	0.304448	-5.35488	-4.99162	0
-4.27905	-5.08006	0.323787	-4.27905	-5.08006	0
-3.27093	-5.03351	0.320124	-3.27093	-5.03351	0
-2.21061	-5.02214	0.300753	-2.21061	-5.02214	0
-1.19292	-5.06991	0.280175	-1.19292	-5.06991	0
-0.188232	-4.01771	0.319547	-0.188232	-4.01771	0
0.829241	-4.05579	0.308932	0.829241	-4.05579	0
1.87347	-4.06159	0.312457	1.87347	-4.06159	0
2.93166	-3.98642	0.327994	2.93166	-3.98642	0
4.0333	-4.00516	0.309324	4.0333	-4.00516	0
5.03093	-4.0197	0.330757	5.03093	-4.0197	0
6.06131	-3.9737	0.308538	6.06131	-3.9737	0
7.0556	-4.00265	0.300547	7.0556	-4.00265	0
8.04727	-4.01503	0.274527	8.04727	-4.01503	0
9.08389	-3.93793	0.325681	9.08389	-3.93793	0
10.0979	-3.96605	0.303287	10.0979	-3.96605	0
11.1255	-4.05071	0.325343	11.1255	-4.05071	0
-11.6139	-4.02856	0.330827	-11.6139	-4.02856	0
-10.5341	-4.04942	0.322386	-10.5341	-4.04942	0
-9.58149	-4.03344	0.330148	-9.58149	-4.03344	0
-8.46619	-4.01143	0.319416	-8.46619	-4.01143	0
-7.45915	-3.99184	0.311565	-7.45915	-3.99184	0
-6.45083	-4.01389	0.340512	-6.45083	-4.01389	0
-5.38162	-4.02961	0.335669	-5.38162	-4.02961	0
-4.36421	-4.06545	0.315536	-4.36421	-4.06545	0
-3.25703	-4.0402	0.300254	-3.25703	-4.0402	0
-2.30024	-3.98564	0.31036	-2.30024	-3.98564	0
-1.2383	-4.00601	0.299867	-1.2383	-4.00601	0
-0.203086	-3.0169	0.322511	-0.203086	-3.0169	0
0.866058	-3.03443	0.315058	0.866058	-3.03443	0
1.87159	-3.05578	0.311554	1.87159	-3.05578	0
2.93269	-2.9648	0.341307	2.93269	-2.9648	0
3.95763	-2.97043	0.342355	3.95763	-2.97043	0
4.95945	-3.00827	0.335646	4.95945	-3.00827	0
6.02976	-2.94898	0.304139	6.02976	-2.94898	0
7.0745	-2.93079	0.317148	7.0745	-2.93079	0
8.14542	-2.98385	0.305325	8.14542	-2.98385	0
9.09956	-2.98961	0.274238	9.09956	-2.98961	0
10.1528	-2.96258	0.323165	10.1528	-2.96258	0
11.1625	-2.97989	0.295514	11.1625	-2.97989	0
-11.6111	-3.03675	0.307173	-11.6111	-3.03675	0
-10.5919	-3.0533	0.329932	-10.5919	-3.0533	0
-9.5154	-2.98897	0.28575	-9.5154	-2.98897	0
-8.50282	-2.98237	0.318479	-8.50282	-2.98237	0
-7.44771	-3.00156	0.335727	-7.44771	-3.00156	0
-6.39857	-2.97756	0.336195	-6.39857	-2.97756	0
-5.32994	-3.00637	0.332355	-5.32994	-3.00637	0
-4.36359	-3.04845	0.333368	-4.36359	-3.04845	0
-3.32868	-3.03149	0.331535	-3.32868	-3.03149	0
-2.21971	-2.96142	0.337869	-2.21971	-2.96142	0
-1.22021	-2.9725	0.319474	-1.22021	-2.9725	0
-0.165918	-1.97252	0.312556	-0.165918	-1.97252	0
0.861886	-1.99215	0.327759	0.861886	-1.99215	0
1.89651	-1.97692	0.311032	1.89651	-1.97692	0
2.92555	-1.98543	0.306491	2.92555	-1.98543	0
3.92831	-1.96652	0.314473	3.92831	-1.96652	0
4.95709	-1.9325	0.335276	4.95709	-1.9325	0
5.9674	-1.91055	0.329682	5.9674	-1.91055	0
7.05838	-1.88539	0.312586	7.05838	-1.88539	0
8.13307	-1.84118	0.280283	8.13307	-1.84118	0
9.13253	-1.96167	0.339564	9.13253	-1.96167	0
10.1297	-1.91035	0.298864	10.1297	-1.91035	0
11.1904	-1.98498	0.304397	11.1904	-1.98498	0
-11.5539	-1.99692	0.32242	-11.5539	-1.99692	0
-10.5562	-1.9465	0.320467	-10.5562	-1.9465	0
-9.46441	-1.978	0.323022	-9.46441	-1.978	0
-8.44275	-1.91387	0.332518	-8.44275	-1.91387	0
-7.42124	-1.89324	0.299523	-7.42124	-1.89324	0
-6.46351	-1.99198	0.27635	-6.46351	-1.99198	0
-5.42096	-2.01841	0.318061	-5.42096	-2.01841	0
-4.34565	-2.00141	0.326503	-4.34565	-2.00141	0
-3.29813	-1.97529	0.324361	-3.29813	-1.97529	0
-2.27992	-1.91481	0.323714	-2.27992	-1.91481	0
-1.25695	-1.9919	0.324426	-1.25695	-1.9919	0
-0.212173	-0.967356	0.296678	-0.212173	-0.967356	0
0.862098	-0.897232	0.317754	0.862098	-0.897232	0
1.88199	-0.958879	0.305257	1.88199	-0.958879	0
2.96326	-0.925063	0.320016	2.96326	-0.925063	0
3.97911	-0.908351	0.323917	3.97911	-0.908351	0
5.01401	-0.897572	0.319553	5.01401	-0.897572	0
6.00987	-0.888672	0.307395	6.00987	-0.888672	0
7.02361	-0.84049	0.31364	7.02361	-0.84049	0
8.07904	-0.860234	0.313412	8.07904	-0.860234	0
9.12605	-0.845715	0.336186	9.12605	-0.845715	0
10.1928	-0.885472	0.304785	10.1928	-0.885472	0
11.1884	-0.922096	0.298866	11.1884	-0.922096	0
-11.5908	-0.887443	0.29814	-11.5908	-0.887443	0
-10.5293	-0.90916	0.297191	-10.5293	-0.90916	0
-9.53742	-0.914259	0.302031	-9.53742	-0.914259	0
-8.50979	-0.850915	0.314197	-8.50979	-0.850915	0
-7.41785	-0.86266	0.297785	-7.41785	-0.86266	0
-6.33268	-0.922383	0.304458	-6.33268	-0.922383	0
-5.34967	-0.918367	0.294442	-5.34967	-0.918367	0
-4.35059	-0.999867	0.315754	-4.35059	-0.999867	0
-3.30031	-0.998132	0.308875	-3.30031	-0.998132	0
-2.30088	-0.914426	0.295428	-2.30088	-0.914426	0
-1.25291	-0.905039	0.303703	-1.25291	-0.905039	0
