-0.688229	-0.392572	-0.293545	-0.688229	-0.392572	0
0.285898	-0.375303	-0.344752	0.285898	-0.375303	0
1.36267	-0.409621	-0.330516	1.36267	-0.409621	0
2.36351	-0.399759	-0.320147	2.36351	-0.399759	0
3.46249	-0.364079	-0.331642	3.46249	-0.364079	0
4.45591	-0.28526	-0.318851	4.45591	-0.28526	0
5.53265	-0.270776	-0.303131	5.53265	-0.270776	0
6.546	-0.358823	-0.311928	6.546	-0.358823	0
7.62012	-0.354202	-0.303867	7.62012	-0.354202	0
8.66392	-0.364563	-0.329917	8.66392	-0.364563	0
9.70145	-0.402445	-0.330207	9.70145	-0.402445	0
10.7144	-0.316252	-0.344564	10.7144	-0.316252	0
11.7312	-0.449504	-0.294676	11.7312	-0.449504	0
-11.0465	-0.327116	-0.322764	-11.0465	-0.327116	0
-10.0323	-0.29568	-0.302632	-10.0323	-0.29568	0
-9.031	-0.278683	-0.311798	-9.031	-0.278683	0
-7.96566	-0.349846	-0.326219	-7.96566	-0.349846	0
-6.90613	-0.324196	-0.360649	-6.90613	-0.324196	0
-5.8964	-0.36116	-0.340374	-5.8964	-0.36116	0
-4.91436	-0.393082	-0.318572	-4.91436	-0.393082	0
-3.84251	-0.434898	-0.317873	-3.84251	-0.434898	0
-2.77077	-0.34716	-0.352386	-2.77077	-0.34716	0
-1.67663	-0.406727	-0.306729	-1.67663	-0.406727	0
-0.723773	0.644918	-0.329897	-0.723773	0.644918	0
0.329495	0.616757	-0.309861	0.329495	0.616757	0
1.42047	0.634842	-0.337076	1.42047	0.634842	0
2.41421	0.640958	-0.320278	2.41421	0.640958	0
3.48803	0.729273	-0.300562	3.48803	0.729273	0
4.51665	0.673909	-0.323141	4.51665	0.673909	0
5.61398	0.711153	-0.324198	5.61398	0.711153	0
6.56184	0.658304	-0.325314	6.56184	0.658304	0
7.64064	0.671568	-0.342243	7.64064	0.671568	0
8.66227	0.680996	-0.295767	8.66227	0.680996	0
9.68247	0.601938	-0.316091	9.68247	0.601938	0
10.7455	0.6808	-0.326899	10.7455	0.6808	0
11.7056	0.639362	-0.323535	11.7056	0.639362	0
-11.0155	0.715077	-0.352426	-11.0155	0.715077	0
-9.99034	0.751145	-0.273744	-9.99034	0.751145	0
-8.99646	0.717042	-0.31476	-8.99646	0.717042	0
-7.92145	0.786937	-0.324755	-7.92145	0.786937	0
-6.93232	0.706766	-0.316896	-6.93232	0.706766	0
-5.88929	0.660455	-0.319933	-5.88929	0.660455	0
-4.86162	0.645409	-0.325834	-4.86162	0.645409	0
-3.84559	0.601359	-0.313057	-3.84559	0.601359	0
-2.83899	0.591718	-0.309874	-2.83899	0.591718	0
-1.77754	0.572345	-0.32346	-1.77754	0.572345	0
-0.710481	1.666	-0.312467	-0.710481	1.666	0
0.299524	1.69446	-0.314475	0.299524	1.69446	0
1.3666	1.69535	-0.317504	1.3666	1.69535	0
2.43342	1.74614	-0.322217	2.43342	1.74614	0
3.51552	1.74325	-0.301672	3.51552	1.74325	0
4.57529	1.7226	-0.336458	4.57529	1.7226	0
5.57163	1.74595	-0.328682	5.57163	1.74595	0
6.60969	1.72286	-0.306858	6.60969	1.72286	0
7.64706	1.68444	-0.324919	7.64706	1.68444	0
8.69093	1.69009	-0.313606	8.69093	1.69009	0
9.6873	1.66219	-0.332463	9.6873	1.66219	0
10.694	1.704	-0.321194	10.694	1.704	0
11.7771	1.76898	-0.3209	11.7771	1.76898	0
-11.023	1.71864	-0.330198	-11.023	1.71864	0
-9.99617	1.78955	-0.31908	-9.99617	1.78955	0
-8.96846	1.73496	-0.324869	-8.96846	1.73496	0
-7.99946	1.82449	-0.325903	-7.99946	1.82449	0
-6.93343	1.76304	-0.299145	-6.93343	1.76304	0
-5.91737	1.69039	-0.308057	-5.91737	1.69039	0
-4.9053	1.66046	-0.33128	-4.9053	1.66046	0
-3.82032	1.62159	-0.326692	-3.82032	1.62159	0
-2.79337	1.66037	-0.33784	-2.79337	1.66037	0
-1.74753	1.65466	-0.339534	-1.74753	1.65466	0
-0.663663	2.67847	-0.324103	-0.663663	2.67847	0
0.361255	2.73276	-0.310901	0.361255	2.73276	0
1.40397	2.74237	-0.323578	1.40397	2.74237	0
2.39006	2.77128	-0.308254	2.39006	2.77128	0
3.49134	2.75102	-0.336759	3.49134	2.75102	0
4.53851	2.74422	-0.330543	4.53851	2.74422	0
5.55755	2.80811	-0.290036	5.55755	2.80811	0
6.61852	2.74648	-0.315161	6.61852	2.74648	0
7.66428	2.72638	-0.309056	7.66428	2.72638	0
8.65091	2.73824	-0.330299	8.65091	2.73824	0
9.66003	2.72493	-0.319012	9.66003	2.72493	0
10.6861	2.71484	-0.310756	10.6861	2.71484	0
11.7004	2.77092	-0.305715	11.7004	2.77092	0
-11.0045	2.84631	-0.316487	-11.0045	2.84631	0
-10.0034	2.77229	-0.294555	-10.0034	2.77229	0
-8.96343	2.77129	-0.308945	-8.96343	2.77129	0
-7.96484	2.81664	-0.328378	-7.96484	2.81664	0
-6.9107	2.70346	-0.310722	-6.9107	2.70346	0
-5.85618	2.6986	-0.314278	-5.85618	2.6986	0
-4.82323	2.66726	-0.323632	-4.82323	2.66726	0
-3.789	2.68446	-0.334781	-3.789	2.68446	0
-2.78273	2.67991	-0.32685	-2.78273	2.67991	0
-1.70071	2.66999	-0.338775	-1.70071	2.66999	0
-0.69637	3.76922	-0.312063	-0.69637	3.76922	0
0.311118	3.78242	-0.301433	0.311118	3.78242	0
1.36505	3.80259	-0.331794	1.36505	3.80259	0
2.35994	3.7935	-0.349632	2.35994	3.7935	0
3.48791	3.81269	-0.316132	3.48791	3.81269	0
4.52495	3.80063	-0.327828	4.52495	3.80063	0
5.54902	3.79934	-0.317502	5.54902	3.79934	0
6.61086	3.81888	-0.334769	6.61086	3.81888	0
7.64732	3.72101	-0.312706	7.64732	3.72101	0
8.64632	3.79475	-0.323504	8.64632	3.79475	0
9.67601	3.75861	-0.33917	9.67601	3.75861	0
10.6374	3.79021	-0.329061	10.6374	3.79021	0
11.6707	3.74757	-0.311099	11.6707	3.74757	0
-11.0674	3.86381	-0.289907	-11.0674	3.86381	0
-10.0332	3.80472	-0.319587	-10.0332	3.80472	0
-9.02529	3.77726	-0.341329	-9.02529	3.77726	0
-7.9825	3.83946	-0.30917	-7.9825	3.83946	0
-6.89294	3.74911	-0.317477	-6.89294	3.74911	0
-5.85234	3.76719	-0.311097	-5.85234	3.76719	0
-4.84804	3.65702	-0.32131	-4.84804	3.65702	0
-3.82973	3.69575	-0.318483	-3.82973	3.69575	0
-2.77398	3.63557	-0.330008	-2.77398	3.63557	0
-1.72311	3.72192	-0.297294	-1.72311	3.72192	0
-0.733987	4.79487	-0.331209	-0.733987	4.79487	0
0.350586	4.7954	-0.319616	0.350586	4.7954	0
1.36504	4.82813	-0.325765	1.36504	4.82813	0
2.38689	4.80218	-0.328194	2.38689	4.80218	0
3.49794	4.83064	-0.298293	3.49794	4.83064	0
4.514	4.89786	-0.314619	4.514	4.89786	0
5.55047	4.8296	-0.318282	5.55047	4.8296	0
6.57648	4.86159	-0.329602	6.57648	4.86159	0
7.62062	4.80372	-0.290706	7.62062	4.80372	0
8.59153	4.83497	-0.311303	8.59153	4.83497	0
9.55685	4.85476	-0.321807	9.55685	4.85476	0
10.6213	4.84582	-0.323877	10.6213	4.84582	0
11.6575	4.78944	-0.315816	11.6575	4.78944	0
-11.0616	4.86349	-0.303835	-11.0616	4.86349	0
-10.0553	4.87641	-0.319985	-10.0553	4.87641	0
-9.00419	4.80751	-0.318849	-9.00419	4.80751	0
-7.97423	4.86041	-0.310843	-7.97423	4.86041	0
-6.94017	4.82207	-0.309427	-6.94017	4.82207	0
-5.89353	4.81183	-0.306994	-5.89353	4.81183	0
-4.85071	4.7386	-0.322435	-4.85071	4.7386	0
-3.79733	4.69765	-0.309951	-3.79733	4.69765	0
-2.75704	4.71147	-0.311051	-2.75704	4.71147	0
-1.74012	4.79091	-0.326495	-1.74012	4.79091	0
-0.704175	5.79713	-0.324228	-0.704175	5.79713	0
0.375601	5.86536	-0.313835	0.375601	5.86536	0
1.31034	5.84284	-0.321052	1.31034	5.84284	0
2.37956	5.85494	-0.321107	2.37956	5.85494	0
3.43932	5.88421	-0.323111	3.43932	5.88421	0
4.46399	5.86669	-0.32369	4.46399	5.86669	0
5.51186	5.8475	-0.320557	5.51186	5.8475	0
6.54208	5.89887	-0.319166	6.54208	5.89887	0
7.59157	5.83616	-0.320412	7.59157	5.83616	0
8.60623	5.84543	-0.335704	8.60623	5.84543	0
9.68447	5.84542	-0.329987	9.68447	5.84542	0
10.6868	5.89044	-0.326874	10.6868	5.89044	0
11.6734	5.84871	-0.311861	11.6734	5.84871	0
-11.1109	5.89876	-0.292143	-11.1109	5.89876	0
-10.0302	5.89395	-0.32988	-10.0302	5.89395	0
-8.95232	5.8534	-0.322744	-8.95232	5.8534	0
-7.94037	5.86875	-0.323291	-7.94037	5.86875	0
-6.8832	5.90406	-0.316161	-6.8832	5.90406	0
-5.8665	5.80698	-0.320106	-5.8665	5.80698	0
-4.83642	5.73795	-0.32145	-4.83642	5.73795	0
-3.76414	5.75903	-0.305852	-3.76414	5.75903	0
-2.80207	5.76562	-0.316475	-2.80207	5.76562	0
-1.75353	5.84181	-0.308383	-1.75353	5.84181	0
-0.658402	6.89363	-0.342622	-0.658402	6.89363	0
0.314521	6.95018	-0.341882	0.314521	6.95018	0
1.35819	6.88854	-0.320695	1.35819	6.88854	0
2.34611	6.94571	-0.32573	2.34611	6.94571	0
3.37918	6.94588	-0.316986	3.37918	6.94588	0
4.41184	6.9058	-0.331119	4.41184	6.9058	0
5.50507	6.90097	-0.298795	5.50507	6.90097	0
6.50962	6.9359	-0.305956	6.50962	6.9359	0
7.60459	6.92172	-0.357602	7.60459	6.92172	0
8.60886	6.93211	-0.322956	8.60886	6.93211	0
9.63734	6.89862	-0.291905	9.63734	6.89862	0
10.6354	6.90559	-0.329546	10.6354	6.90559	0
11.6924	6.94657	-0.31929	11.6924	6.94657	0
-11.0979	6.9078	-0.293546	-11.0979	6.9078	0
-10.0307	6.90053	-0.293255	-10.0307	6.90053	0
-9.00198	6.88662	-0.332516	-9.00198	6.88662	0
-7.95275	6.91419	-0.301407	-7.95275	6.91419	0
-6.9125	6.914	-0.308355	-6.9125	6.914	0
-5.84976	6.89097	-0.297828	-5.84976	6.89097	0
-4.83879	6.76483	-0.315627	-4.83879	6.76483	0
-3.77994	6.84139	-0.313947	-3.77994	6.84139	0
-2.76897	6.842	-0.317262	-2.76897	6.842	0
-1.71082	6.84725	-0.298732	-1.71082	6.84725	0
-0.707246	7.95389	-0.333725	-0.707246	7.95389	0
0.299071	8.00357	-0.294145	0.299071	8.00357	0
1.3515	8.01674	-0.31198	1.3515	8.01674	0
2.3537	8.00891	-0.307136	2.3537	8.00891	0
3.43882	7.9752	-0.342103	3.43882	7.9752	0
4.43701	7.93363	-0.334763	4.43701	7.93363	0
5.4736	7.87895	-0.305328	5.4736	7.87895	0
6.53348	7.9567	-0.32803	6.53348	7.9567	0
7.59224	7.96225	-0.323132	7.59224	7.96225	0
8.60425	7.93918	-0.333035	8.60425	7.93918	0
9.63205	7.9221	-0.295781	9.63205	7.9221	0
10.6312	7.8709	-0.334163	10.6312	7.8709	0
11.6556	7.96545	-0.327481	11.6556	7.96545	0
-11.0912	7.95438	-0.296738	-11.0912	7.95438	0
-10.0323	7.96058	-0.323889	-10.0323	7.96058	0
-9.043	7.95462	-0.296137	-9.043	7.95462	0
-7.92274	7.96529	-0.315779	-7.92274	7.96529	0
-6.88311	7.97163	-0.297834	-6.88311	7.97163	0
-5.87313	7.86601	-0.323338	-5.87313	7.86601	0
-4.82281	7.90814	-0.342586	-4.82281	7.90814	0
-3.80568	7.89372	-0.360871	-3.80568	7.89372	0
-2.76687	7.89955	-0.328829	-2.76687	7.89955	0
-1.70246	7.85984	-0.326579	-1.70246	7.85984	0
-0.713242	8.98405	-0.317299	-0.713242	8.98405	0
0.342972	9.03125	-0.323338	0.342972	9.03125	0
1.35155	9.05292	-0.294233	1.35155	9.05292	0
2.41321	9.00939	-0.31835	2.41321	9.00939	0
3.45736	8.9777	-0.310991	3.45736	8.9777	0
4.47768	8.97353	-0.319583	4.47768	8.97353	0
5.48528	8.92899	-0.294229	5.48528	8.92899	0
6.52204	8.95864	-0.306043	6.52204	8.95864	0
7.61066	8.98889	-0.341995	7.61066	8.98889	0
8.60188	8.95862	-0.31726	8.60188	8.95862	0
9.61472	8.98926	-0.327971	9.61472	8.98926	0
10.6602	8.92867	-0.338731	10.6602	8.92867	0
11.6884	9.01657	-0.330252	11.6884	9.01657	0
-11.1063	8.98866	-0.32427	-11.1063	8.98866	0
-10.0709	8.94941	-0.294117	-10.0709	8.94941	0
-9.04078	8.99456	-0.309141	-9.04078	8.99456	0
-7.94037	8.97384	-0.314327	-7.94037	8.97384	0
-6.91346	9.0542	-0.323415	-6.91346	9.0542	0
-5.86366	8.87356	-0.313437	-5.86366	8.87356	0
-4.88412	8.94925	-0.322968	-4.88412	8.94925	0
-3.82137	8.95243	-0.312401	-3.82137	8.95243	0
-2.78777	8.95525	-0.312273	-2.78777	8.95525	0
-1.72975	8.91902	-0.299709	-1.72975	8.91902	0
-0.726856	10.02	-0.299065	-0.726856	10.02	0
0.365929	10.0768	-0.295602	0.365929	10.0768	0
1.43893	10.097	-0.305733	1.43893	10.097	0
2.40923	10.0206	-0.299859	2.40923	10.0206	0
3.51157	10.0124	-0.32949	3.51157	10.0124	0
4.53948	10.001	-0.320088	4.53948	10.001	0
5.52864	10.0442	-0.295221	5.52864	10.0442	0
6.50409	9.98513	-0.338547	6.50409	9.98513	0
7.59256	9.97738	-0.327758	7.59256	9.97738	0
8.5521	9.97242	-0.293432	8.5521	9.97242	0
9.67689	9.98183	-0.322789	9.67689	9.98183	0
10.7322	9.99968	-0.334237	10.7322	9.99968	0
11.7401	10.0862	-0.345532	11.7401	10.0862	0
-11.0226	10.0105	-0.298925	-11.0226	10.0105	0
-10.0029	10.0254	-0.33376	-10.0029	10.0254	0
-8.98792	9.99687	-0.331122	-8.98792	9.99687	0
-7.88804	9.98547	-0.296766	-7.88804	9.98547	0
-6.85445	10.069	-0.339417	-6.85445	10.069	0
-5.83938	9.92291	-0.317471	-5.83938	9.92291	0
-4.84231	9.95008	-0.296632	-4.84231	9.95008	0
-3.7994	9.95637	-0.336081	-3.7994	9.95637	0
-2.79172	10.0203	-0.302415	-2.79172	10.0203	0
-1.77489	9.92487	-0.326714	-1.77489	9.92487	0
-0.666085	11.0422	-0.341466	-0.666085	11.0422	0
0.371269	11.1136	-0.331066	0.371269	11.1136	0
1.41007	11.0893	-0.314268	1.41007	11.0893	0
2.44775	11.1181	-0.310247	2.44775	11.1181	0
3.47845	11.0922	-0.337313	3.47845	11.0922	0
4.47825	11.1283	-0.323187	4.47825	11.1283	0
5.52017	11.0662	-0.320023	5.52017	11.0662	0
6.54077	10.989	-0.299355	6.54077	10.989	0
7.52625	10.9862	-0.312316	7.52625	10.9862	0
8.63216	11.0047	-0.324477	8.63216	11.0047	0
9.64033	11.0334	-0.31781	9.64033	11.0334	0
10.6504	11.0389	-0.294241	10.6504	11.0389	0
11.6985	11.0705	-0.314205	11.6985	11.0705	0
-11.046	11.0285	-0.32379	-11.046	11.0285	0
-9.97907	11.0679	-0.292944	-9.97907	11.0679	0
-8.95109	11.0417	-0.332708	-8.95109	11.0417	0
-7.96078	11.0226	-0.315048	-7.96078	11.0226	0
-6.87732	11.001	-0.323395	-6.87732	11.001	0
-5.8722	11.0427	-0.327754	-5.8722	11.0427	0
-4.83497	11.0002	-0.338791	-4.83497	11.0002	0
-3.83863	11.0176	-0.33206	-3.83863	11.0176	0
-2.81042	11.0335	-0.303046	-2.81042	11.0335	0
-1.72286	11.0153	-0.330999	-1.72286	11.0153	0
-0.716369	-11.6373	-0.325229	-0.716369	-11.6373	0
0.344534	-11.648	-0.326393	0.344534	-11.648	0
1.34565	-11.6479	-0.331858	1.34565	-11.6479	0
2.40652	-11.6906	-0.339655	2.40652	-11.6906	0
3.46299	-11.6978	-0.311971	3.46299	-11.6978	0
4.43479	-11.6755	-0.314842	4.43479	-11.6755	0
5.55	-11.6601	-0.32219	5.55	-11.6601	0
6.64276	-11.7353	-0.291028	6.64276	-11.7353	0
7.63355	-11.7318	-0.304961	7.63355	-11.7318	0
8.7106	-11.631	-0.308302	8.7106	-11.631	0
9.73801	-11.7043	-0.333962	9.73801	-11.7043	0
10.7064	-11.7323	-0.31713	10.7064	-11.7323	0
11.7679	-11.7064	-0.32551	11.7679	-11.7064	0
-10.9857	-11.7188	-0.322267	-10.9857	-11.7188	0
-9.97209	-11.709	-0.292608	-9.97209	-11.709	0
-8.97061	-11.7453	-0.294506	-8.97061	-11.7453	0
-7.90355	-11.7354	-0.324439	-7.90355	-11.7354	0
-6.8884	-11.7645	-0.311612	-6.8884	-11.7645	0
-5.83743	-11.756	-0.309169	-5.83743	-11.756	0
-4.87352	-11.6916	-0.327684	-4.87352	-11.6916	0
-3.8132	-11.7487	-0.328527	-3.8132	-11.7487	0
-2.75756	-11.7263	-0.300297	-2.75756	-11.7263	0
-1.7467	-11.7422	-0.317373	-1.7467	-11.7422	0
-0.686292	-10.6233	-0.331002	-0.686292	-10.6233	0
0.34963	-10.6699	-0.308872	0.34963	-10.6699	0
1.42223	-10.6658	-0.31592	1.42223	-10.6658	0
2.47611	-10.6741	-0.326424	2.47611	-10.6741	0
3.46704	-10.6484	-0.30727	3.46704	-10.6484	0
4.57214	-10.6671	-0.331686	4.57214	-10.6671	0
5.62281	-10.6464	-0.294222	5.62281	-10.6464	0
6.59536	-10.6968	-0.338405	6.59536	-10.6968	0
7.65534	-10.6776	-0.295337	7.65534	-10.6776	0
8.56235	-10.6633	-0.333741	8.56235	-10.6633	0
9.65661	-10.6759	-0.329626	9.65661	-10.6759	0
10.7156	-10.6488	-0.307882	10.7156	-10.6488	0
11.7585	-10.7177	-0.310892	11.7585	-10.7177	0
-10.9803	-10.6672	-0.311914	-10.9803	-10.6672	0
-10.0228	-10.7346	-0.296681	-10.0228	-10.7346	0
-8.93882	-10.7649	-0.301121	-8.93882	-10.7649	0
-7.91112	-10.7696	-0.320062	-7.91112	-10.7696	0
-6.86234	-10.7182	-0.328461	-6.86234	-10.7182	0
-5.82279	-10.7195	-0.317247	-5.82279	-10.7195	0
-4.78026	-10.6902	-0.332618	-4.78026	-10.6902	0
-3.8393	-10.7002	-0.31278	-3.8393	-10.7002	0
-2.78176	-10.6611	-0.309	-2.78176	-10.6611	0
-1.7202	-10.6373	-0.309322	-1.7202	-10.6373	0
-0.629364	-9.66552	-0.325551	-0.629364	-9.66552	0
0.399054	-9.6874	-0.329979	0.399054	-9.6874	0
1.4602	-9.63639	-0.31502	1.4602	-9.63639	0
2.45524	-9.63315	-0.318791	2.45524	-9.63315	0
3.49126	-9.60469	-0.319765	3.49126	-9.60469	0
4.60298	-9.65104	-0.333681	4.60298	-9.65104	0
5.58852	-9.62171	-0.32303	5.58852	-9.62171	0
6.65592	-9.66413	-0.31941	6.65592	-9.66413	0
7.655	-9.62173	-0.292451	7.655	-9.62173	0
8.68385	-9.63414	-0.328756	8.68385	-9.63414	0
9.72101	-9.65342	-0.315001	9.72101	-9.65342	0
10.7423	-9.6393	-0.252163	10.7423	-9.6393	0
11.7253	-9.62506	-0.286566	11.7253	-9.62506	0
-10.9634	-9.63579	-0.332901	-10.9634	-9.63579	0
-9.9564	-9.61154	-0.308845	-9.9564	-9.61154	0
-8.94368	-9.71194	-0.337609	-8.94368	-9.71194	0
-7.88629	-9.6895	-0.349293	-7.88629	-9.6895	0
-6.87573	-9.66964	-0.292783	-6.87573	-9.66964	0
-5.82973	-9.68646	-0.30089	-5.82973	-9.68646	0
-4.81977	-9.66043	-0.328118	-4.81977	-9.66043	0
-3.79135	-9.68021	-0.312271	-3.79135	-9.68021	0
-2.67552	-9.69383	-0.303029	-2.67552	-9.69383	0
-1.71734	-9.67557	-0.290724	-1.71734	-9.67557	0
-0.649465	-8.63448	-0.326265	-0.649465	-8.63448	0
0.36246	-8.595	-0.323528	0.36246	-8.595	0
1.46324	-8.64306	-0.34153	1.46324	-8.64306	0
2.48854	-8.64063	-0.349656	2.48854	-8.64063	0
3.5518	-8.59946	-0.33908	3.5518	-8.59946	0
4.49992	-8.58939	-0.315119	4.49992	-8.58939	0
5.47763	-8.55739	-0.330118	5.47763	-8.55739	0
6.67603	-8.61393	-0.313699	6.67603	-8.61393	0
7.63761	-8.57442	-0.292058	7.63761	-8.57442	0
8.63314	-8.58214	-0.291736	8.63314	-8.58214	0
9.64709	-8.62956	-0.358946	9.64709	-8.62956	0
10.6865	-8.60838	-0.326616	10.6865	-8.60838	0
11.716	-8.61263	-0.323877	11.716	-8.61263	0
-11.0258	-8.58108	-0.313992	-11.0258	-8.58108	0
-9.98695	-8.5951	-0.311809	-9.98695	-8.5951	0
-8.96556	-8.6251	-0.299841	-8.96556	-8.6251	0
-7.94888	-8.65532	-0.296768	-7.94888	-8.65532	0
-6.86561	-8.64441	-0.307024	-6.86561	-8.64441	0
-5.88669	-8.65408	-0.307451	-5.88669	-8.65408	0
-4.71238	-8.65658	-0.305343	-4.71238	-8.65658	0
-3.7148	-8.66783	-0.334826	-3.7148	-8.66783	0
-2.69263	-8.62488	-0.321167	-2.69263	-8.62488	0
-1.67815	-8.64701	-0.323064	-1.67815	-8.64701	0
-0.599467	-7.59985	-0.321359	-0.599467	-7.59985	0
0.425476	-7.55647	-0.307158	0.425476	-7.55647	0
1.40465	-7.61247	-0.314345	1.40465	-7.61247	0
2.46438	-7.59192	-0.3145	2.46438	-7.59192	0
3.51499	-7.52428	-0.325198	3.51499	-7.52428	0
4.59275	-7.57101	-0.329662	4.59275	-7.57101	0
5.57891	-7.58039	-0.327563	5.57891	-7.58039	0
6.61223	-7.55846	-0.325191	6.61223	-7.55846	0
7.61694	-7.51264	-0.334839	7.61694	-7.51264	0
8.62	-7.5292	-0.294307	8.62	-7.5292	0
9.66532	-7.53926	-0.327146	9.66532	-7.53926	0
10.6863	-7.55921	-0.323863	10.6863	-7.55921	0
11.6781	-7.57262	-0.308876	11.6781	-7.57262	0
-11.0681	-7.59494	-0.288601	-11.0681	-7.59494	0
-9.9908	-7.59128	-0.344951	-9.9908	-7.59128	0
-8.96115	-7.60947	-0.323709	-8.96115	-7.60947	0
-7.91988	-7.60695	-0.331269	-7.91988	-7.60695	0
-6.85509	-7.6418	-0.318466	-6.85509	-7.6418	0
-5.85595	-7.63058	-0.299884	-5.85595	-7.63058	0
-4.77084	-7.65302	-0.31898	-4.77084	-7.65302	0
-3.71533	-7.6545	-0.328268	-3.71533	-7.6545	0
-2.70239	-7.52378	-0.30916	-2.70239	-7.52378	0
-1.62152	-7.61179	-0.327541	-1.62152	-7.61179	0
-0.660903	-6.57301	-0.296851	-0.660903	-6.57301	0
0.397754	-6.58754	-0.309531	0.397754	-6.58754	0
1.42533	-6.58421	-0.304756	1.42533	-6.58421	0
2.42382	-6.53684	-0.327012	2.42382	-6.53684	0
3.47336	-6.53913	-0.305338	3.47336	-6.53913	0
4.58231	-6.54004	-0.3187	4.58231	-6.54004	0
5.61322	-6.51302	-0.320926	5.61322	-6.51302	0
6.63074	-6.48985	-0.294967	6.63074	-6.48985	0
7.6242	-6.47228	-0.311378	7.6242	-6.47228	0
8.67784	-6.55387	-0.318706	8.67784	-6.55387	0
9.68913	-6.52718	-0.342053	9.68913	-6.52718	0
10.6861	-6.53339	-0.325663	10.6861	-6.53339	0
11.7223	-6.50493	-0.319107	11.7223	-6.50493	0
-11.0726	-6.57363	-0.32013	-11.0726	-6.57363	0
-9.98682	-6.52502	-0.316059	-9.98682	-6.52502	0
-8.90378	-6.59194	-0.302613	-8.90378	-6.59194	0
-7.91774	-6.58847	-0.311047	-7.91774	-6.58847	0
-6.88571	-6.6432	-0.323595	-6.88571	-6.6432	0
-5.87677	-6.60315	-0.320214	-5.87677	-6.60315	0
-4.85781	-6.62604	-0.306264	-4.85781	-6.62604	0
-3.77101	-6.54347	-0.310052	-3.77101	-6.54347	0
-2.73278	-6.59572	-0.31773	-2.73278	-6.59572	0
-1.64094	-6.61972	-0.284663	-1.64094	-6.61972	0
-0.664171	-5.56584	-0.300541	-0.664171	-5.56584	0
0.388247	-5.52693	-0.316789	0.388247	-5.52693	0
1.39027	-5.50444	-0.323787	1.39027	-5.50444	0
2.44813	-5.49259	-0.301181	2.44813	-5.49259	0
3.44142	-5.52646	-0.318378	3.44142	-5.52646	0
4.51764	-5.50807	-0.31783	4.51764	-5.50807	0
5.53393	-5.43866	-0.286369	5.53393	-5.43866	0
6.59089	-5.4722	-0.317562	6.59089	-5.4722	0
7.61534	-5.45644	-0.307932	7.61534	-5.45644	0
8.63024	-5.47002	-0.301723	8.63024	-5.47002	0
9.63686	-5.52238	-0.303612	9.63686	-5.52238	0
10.7385	-5.48061	-0.290168	10.7385	-5.48061	0
11.6941	-5.53669	-0.290131	11.6941	-5.53669	0
-11.0063	-5.51924	-0.308872	-11.0063	-5.51924	0
-9.98587	-5.52803	-0.294024	-9.98587	-5.52803	0
-8.93702	-5.48218	-0.311127	-8.93702	-5.48218	0
-7.90238	-5.49482	-0.308727	-7.90238	-5.49482	0
-6.85856	-5.55328	-0.31671	-6.85856	-5.55328	0
-5.87997	-5.5439	-0.317731	-5.87997	-5.5439	0
-4.83322	-5.59185	-0.347271	-4.83322	-5.59185	0
-3.79459	-5.59052	-0.3028	-3.79459	-5.59052	0
-2.74024	-5.54675	-0.305507	-2.74024	-5.54675	0
-1.70418	-5.48059	-0.328029	-1.70418	-5.48059	0
-0.688952	-4.5011	-0.319764	-0.688952	-4.5011	0
0.367795	-4.45064	-0.31463	0.367795	-4.45064	0
1.43462	-4.39699	-0.321868	1.43462	-4.39699	0
2.43196	-4.48005	-0.345291	2.43196	-4.48005	0
3.46612	-4.49421	-0.31989	3.46612	-4.49421	0
4.48099	-4.49522	-0.30341	4.48099	-4.49522	0
5.47758	-4.44834	-0.303893	5.47758	-4.44834	0
6.56266	-4.44944	-0.310455	6.56266	-4.44944	0
7.60889	-4.46412	-0.316977	7.60889	-4.46412	0
8.678	-4.49158	-0.321816	8.678	-4.49158	0
9.66396	-4.45558	-0.326637	9.66396	-4.45558	0
10.7333	-4.4532	-0.333305	10.7333	-4.4532	0
11.7862	-4.52525	-0.334053	11.7862	-4.52525	0
-10.974	-4.48815	-0.323307	-10.974	-4.48815	0
-10.0057	-4.4753	-0.346418	-10.0057	-4.4753	0
-8.90675	-4.44494	-0.305572	-8.90675	-4.44494	0
-7.90372	-4.46624	-0.325899	-7.90372	-4.46624	0
-6.82448	-4.50159	-0.31084	-6.82448	-4.50159	0
-5.86848	-4.47463	-0.325329	-5.86848	-4.47463	0
-4.85519	-4.5369	-0.324392	-4.85519	-4.5369	0
-3.74967	-4.54696	-0.318832	-3.74967	-4.54696	0
-2.72948	-4.4996	-0.297953	-2.72948	-4.4996	0
-1.74555	-4.51118	-0.307922	-1.74555	-4.51118	0
-0.662551	-3.43491	-0.306835	-0.662551	-3.43491	0
0.376066	-3.40221	-0.332027	0.376066	-3.40221	0
1.36966	-3.34429	-0.320049	1.36966	-3.34429	0
2.38289	-3.42284	-0.337042	2.38289	-3.42284	0
3.46383	-3.47958	-0.308424	3.46383	-3.47958	0
4.51036	-3.40061	-0.31797	4.51036	-3.40061	0
5.53672	-3.35757	-0.321156	5.53672	-3.35757	0
6.49393	-3.39857	-0.300922	6.49393	-3.39857	0
7.61227	-3.44904	-0.337895	7.61227	-3.44904	0
8.67697	-3.46733	-0.312023	8.67697	-3.46733	0
9.7086	-3.45431	-0.360478	9.7086	-3.45431	0
10.7861	-3.38617	-0.324987	10.7861	-3.38617	0
11.8318	-3.45922	-0.33053	11.8318	-3.45922	0
-10.9915	-3.4635	-0.302304	-10.9915	-3.4635	0
-9.99141	-3.4095	-0.3002	-9.99141	-3.4095	0
-9.02418	-3.42688	-0.311603	-9.02418	-3.42688	0
-7.94323	-3.42924	-0.314423	-7.94323	-3.42924	0
-6.92026	-3.47567	-0.346351	-6.92026	-3.47567	0
-5.85308	-3.45575	-0.340609	-5.85308	-3.45575	0
-4.79759	-3.50354	-0.329185	-4.79759	-3.50354	0
-3.75629	-3.4625	-0.326585	-3.75629	-3.4625	0
-2.75766	-3.5113	-0.33301	-2.75766	-3.5113	0
-1.6926	-3.48781	-0.318533	-1.6926	-3.48781	0
-0.743006	-2.45295	-0.33757	-0.743006	-2.45295	0
0.311175	-2.40023	-0.30976	0.311175	-2.40023	0
1.3657	-2.40511	-0.3214	1.3657	-2.40511	0
2.34623	-2.41287	-0.320515	2.34623	-2.41287	0
3.38674	-2.46096	-0.300018	3.38674	-2.46096	0
4.46811	-2.40393	-0.309232	4.46811	-2.40393	0
5.45451	-2.35589	-0.331605	5.45451	-2.35589	0
6.50586	-2.35842	-0.322599	6.50586	-2.35842	0
7.56833	-2.41557	-0.327342	7.56833	-2.41557	0
8.6546	-2.46371	-0.317055	8.6546	-2.46371	0
9.64403	-2.46264	-0.321434	9.64403	-2.46264	0
10.6708	-2.40464	-0.311065	10.6708	-2.40464	0
11.6989	-2.43116	-0.327864	11.6989	-2.43116	0
-11.0233	-2.41425	-0.352259	-11.0233	-2.41425	0
-9.97224	-2.39122	-0.31415	-9.97224	-2.39122	0
-8.99081	-2.39757	-0.322274	-8.99081	-2.39757	0
-7.95681	-2.44554	-0.307544	-7.95681	-2.44554	0
-6.90636	-2.40708	-0.314529	-6.90636	-2.40708	0
-5.89888	-2.48091	-0.326657	-5.89888	-2.48091	0
-4.85265	-2.54187	-0.327017	-4.85265	-2.54187	0
-3.83651	-2.53964	-0.32736	-3.83651	-2.53964	0
-2.77702	-2.44188	-0.301418	-2.77702	-2.44188	0
-1.75856	-2.51176	-0.346206	-1.75856	-2.51176	0
-0.769717	-1.41755	-0.330107	-0.769717	-1.41755	0
0.364414	-1.41013	-0.312522	0.364414	-1.41013	0
1.32566	-1.3896	-0.310925	1.32566	-1.3896	0
2.43078	-1.42992	-0.31192	2.43078	-1.42992	0
3.44861	-1.4569	-0.32081	3.44861	-1.4569	0
4.43372	-1.43293	-0.306429	4.43372	-1.43293	0
5.41992	-1.32579	-0.31608	5.41992	-1.32579	0
6.50426	-1.35527	-0.305828	6.50426	-1.35527	0
7.63099	-1.3853	-0.310467	7.63099	-1.3853	0
8.61635	-1.43439	-0.315512	8.61635	-1.43439	0
9.65235	-1.42502	-0.329121	9.65235	-1.42502	0
10.6162	-1.41092	-0.347496	10.6162	-1.41092	0
11.6548	-1.44822	-0.355457	11.6548	-1.44822	0
-11.0133	-1.41843	-0.325389	-11.0133	-1.41843	0
-9.97709	-1.41291	-0.360484	-9.97709	-1.41291	0
-8.95523	-1.38478	-0.331402	-8.95523	-1.38478	0
-8.00799	-1.35862	-0.299204	-8.00799	-1.35862	0
-6.97934	-1.4101	-0.290523	-6.97934	-1.4101	0
-5.95074	-1.44779	-0.336702	-5.95074	-1.44779	0
-4.86843	-1.42728	-0.283278	-4.86843	-1.42728	0
-3.83027	-1.41966	-0.312	-3.83027	-1.41966	0
-2.80647	-1.38627	-0.296245	-2.80647	-1.38627	0
-1.78512	-1.41621	-0.313969	-1.78512	-1.41621	0
-0.173313	0.15514	0.33497	-0.173313	0.15514	0
0.880555	0.131783	0.302687	0.880555	0.131783	0
1.87333	0.137721	0.311882	1.87333	0.137721	0
2.92963	0.136038	0.293606	2.92963	0.136038	0
3.96178	0.151092	0.331874	3.96178	0.151092	0
5.01584	0.197014	0.332654	5.01584	0.197014	0
6.07185	0.211773	0.324606	6.07185	0.211773	0
7.09122	0.160002	0.28476	7.09122	0.160002	0
8.13128	0.13657	0.322911	8.13128	0.13657	0
9.17694	0.131092	0.316945	9.17694	0.131092	0
10.1532	0.139066	0.326302	10.1532	0.139066	0
11.2137	0.157039	0.315392	11.2137	0.157039	0
-11.5433	0.118998	0.312445	-11.5433	0.118998	0
-10.5403	0.186759	0.304936	-10.5403	0.186759	0
-9.51518	0.229505	0.343232	-9.51518	0.229505	0
-8.42593	0.22169	0.294829	-8.42593	0.22169	0
-7.43923	0.23437	0.323397	-7.43923	0.23437	0
-6.44012	0.108711	0.314093	-6.44012	0.108711	0
-5.42899	0.135543	0.346268	-5.42899	0.135543	0
-4.37802	0.123343	0.33936	-4.37802	0.123343	0
-3.31667	0.091175	0.312921	-3.31667	0.091175	0
-2.29211	0.150107	0.296358	-2.29211	0.150107	0
-1.21965	0.170416	0.340261	-1.21965	0.170416	0
-0.192382	1.17439	0.322987	-0.192382	1.17439	0
0.878836	1.15068	0.28753	0.878836	1.15068	0
1.90948	1.17553	0.329916	1.90948	1.17553	0
2.95332	1.22061	0.309168	2.95332	1.22061	0
4.03691	1.18424	0.347979	4.03691	1.18424	0
5.09609	1.18037	0.305553	5.09609	1.18037	0
6.12144	1.25488	0.295508	6.12144	1.25488	0
7.10526	1.15716	0.304499	7.10526	1.15716	0
8.14073	1.18397	0.336452	8.14073	1.18397	0
9.18073	1.19231	0.316094	9.18073	1.19231	0
10.1692	1.14396	0.2914	10.1692	1.14396	0
11.2669	1.17793	0.28918	11.2669	1.17793	0
-11.5012	1.19981	0.317871	-11.5012	1.19981	0
-10.5126	1.27723	0.342689	-10.5126	1.27723	0
-9.46509	1.31351	0.331778	-9.46509	1.31351	0
-8.44885	1.22833	0.325707	-8.44885	1.22833	0
-7.42567	1.28413	0.31234	-7.42567	1.28413	0
-6.33758	1.16381	0.337369	-6.33758	1.16381	0
-5.38274	1.13598	0.324032	-5.38274	1.13598	0
-4.35722	1.19525	0.321869	-4.35722	1.19525	0
-3.28545	1.15046	0.318276	-3.28545	1.15046	0
-2.27539	1.12779	0.314111	-2.27539	1.12779	0
-1.22947	1.15592	0.301409	-1.22947	1.15592	0
-0.174121	2.21014	0.306493	-0.174121	2.21014	0
0.893203	2.1738	0.314141	0.893203	2.1738	0
1.92316	2.1455	0.327446	1.92316	2.1455	0
2.94591	2.23183	0.297261	2.94591	2.23183	0
4.01861	2.27464	0.318141	4.01861	2.27464	0
5.06111	2.16388	0.305285	5.06111	2.16388	0
6.07369	2.26287	0.32661	6.07369	2.26287	0
7.11342	2.23794	0.327462	7.11342	2.23794	0
8.14351	2.19053	0.329024	8.14351	2.19053	0
9.21596	2.1874	0.317292	9.21596	2.1874	0
10.1661	2.17522	0.322408	10.1661	2.17522	0
11.2049	2.21519	0.317992	11.2049	2.21519	0
-11.503	2.33329	0.309886	-11.503	2.33329	0
-10.5023	2.26439	0.305401	-10.5023	2.26439	0
-9.48121	2.2539	0.322692	-9.48121	2.2539	0
-8.45991	2.27425	0.340465	-8.45991	2.27425	0
-7.47968	2.28347	0.323102	-7.47968	2.28347	0
-6.38861	2.19921	0.300479	-6.38861	2.19921	0
-5.39618	2.21045	0.330863	-5.39618	2.21045	0
-4.34067	2.1755	0.325102	-4.34067	2.1755	0
-3.30838	2.16873	0.312094	-3.30838	2.16873	0
-2.22894	2.18852	0.331383	-2.22894	2.18852	0
-1.21421	2.18984	0.333384	-1.21421	2.18984	0
-0.161747	3.19581	0.31549	-0.161747	3.19581	0
0.840771	3.24287	0.323011	0.840771	3.24287	0
1.83284	3.24802	0.341591	1.83284	3.24802	0
2.92277	3.24848	0.277914	2.92277	3.24848	0
3.94832	3.29589	0.319391	3.94832	3.29589	0
5.01288	3.29558	0.318849	5.01288	3.29558	0
6.07357	3.31912	0.31714	6.07357	3.31912	0
7.09632	3.25972	0.296114	7.09632	3.25972	0
8.16683	3.22778	0.305175	8.16683	3.22778	0
9.13237	3.26304	0.269999	9.13237	3.26304	0
10.1197	3.24377	0.32159	10.1197	3.24377	0
11.1672	3.22323	0.333549	11.1672	3.22323	0
-11.5676	3.3528	0.321277	-11.5676	3.3528	0
-10.5282	3.3075	0.301097	-10.5282	3.3075	0
-9.53306	3.25116	0.297399	-9.53306	3.25116	0
-8.49718	3.2953	0.306825	-8.49718	3.2953	0
-7.44228	3.30287	0.304039	-7.44228	3.30287	0
-6.4176	3.18217	0.330248	-6.4176	3.18217	0
-5.32892	3.19168	0.297245	-5.32892	3.19168	0
-4.2875	3.18749	0.321291	-4.2875	3.18749	0
-3.29412	3.161	0.325717	-3.29412	3.161	0
-2.1925	3.1824	0.281104	-2.1925	3.1824	0
-1.19972	3.22736	0.309635	-1.19972	3.22736	0
-0.232476	4.26659	0.314473	-0.232476	4.26659	0
0.877295	4.26984	0.33342	0.877295	4.26984	0
1.90711	4.28489	0.331492	1.90711	4.28489	0
2.96279	4.28876	0.293626	2.96279	4.28876	0
4.06612	4.33863	0.306562	4.06612	4.33863	0
5.07127	4.30814	0.293454	5.07127	4.30814	0
6.07833	4.31388	0.319238	6.07833	4.31388	0
7.11053	4.3074	0.33767	7.11053	4.3074	0
8.15828	4.23979	0.317362	8.15828	4.23979	0
9.12834	4.32337	0.305882	9.12834	4.32337	0
10.134	4.34517	0.318842	10.134	4.34517	0
11.1295	4.24788	0.291982	11.1295	4.24788	0
-11.6194	4.36814	0.308276	-11.6194	4.36814	0
-10.5165	4.35327	0.32802	-10.5165	4.35327	0
-9.50323	4.31752	0.334135	-9.50323	4.31752	0
-8.48044	4.28915	0.324008	-8.48044	4.28915	0
-7.49525	4.33267	0.319193	-7.49525	4.33267	0
-6.43634	4.29206	0.327117	-6.43634	4.29206	0
-5.41147	4.27887	0.328355	-5.41147	4.27887	0
-4.3931	4.21393	0.298889	-4.3931	4.21393	0
-3.31653	4.16736	0.333144	-3.31653	4.16736	0
-2.25871	4.20966	0.312797	-2.25871	4.20966	0
-1.26403	4.32578	0.334129	-1.26403	4.32578	0
-0.164754	5.32061	0.3003	-0.164754	5.32061	0
0.872094	5.28346	0.314398	0.872094	5.28346	0
1.92848	5.36701	0.314458	1.92848	5.36701	0
2.96154	5.38047	0.310954	2.96154	5.38047	0
3.9758	5.3703	0.320989	3.9758	5.3703	0
5.02721	5.36293	0.319836	5.02721	5.36293	0
6.07413	5.36603	0.309609	6.07413	5.36603	0
7.1137	5.36175	0.289919	7.1137	5.36175	0
8.10207	5.27845	0.313267	8.10207	5.27845	0
9.12519	5.34746	0.29555	9.12519	5.34746	0
10.1697	5.33234	0.332324	10.1697	5.33234	0
11.1595	5.34531	0.319304	11.1595	5.34531	0
-11.5911	5.34231	0.30893	-11.5911	5.34231	0
-10.5462	5.35058	0.326316	-10.5462	5.35058	0
-9.4623	5.34212	0.34283	-9.4623	5.34212	0
-8.48593	5.39841	0.327645	-8.48593	5.39841	0
-7.46726	5.36766	0.288667	-7.46726	5.36766	0
-6.44565	5.29045	0.316284	-6.44565	5.29045	0
-5.32395	5.26161	0.324877	-5.32395	5.26161	0
-4.27866	5.27687	0.317037	-4.27866	5.27687	0
-3.27578	5.24108	0.317694	-3.27578	5.24108	0
-2.25755	5.27489	0.323384	-2.25755	5.27489	0
-1.26422	5.35611	0.325934	-1.26422	5.35611	0
-0.151588	6.38566	0.303709	-0.151588	6.38566	0
0.859529	6.37282	0.335688	0.859529	6.37282	0
1.89868	6.39326	0.298554	1.89868	6.39326	0
2.88783	6.38371	0.291121	2.88783	6.38371	0
3.92431	6.43819	0.321206	3.92431	6.43819	0
4.96794	6.36244	0.335656	4.96794	6.36244	0
6.01085	6.36615	0.326382	6.01085	6.36615	0
7.07219	6.44021	0.332401	7.07219	6.44021	0
8.1141	6.3865	0.289745	8.1141	6.3865	0
9.08064	6.37741	0.311772	9.08064	6.37741	0
10.1513	6.37637	0.332105	10.1513	6.37637	0
11.1703	6.41158	0.315182	11.1703	6.41158	0
-11.6054	6.4025	0.333813	-11.6054	6.4025	0
-10.5096	6.40013	0.313931	-10.5096	6.40013	0
-9.50832	6.40436	0.33319	-9.50832	6.40436	0
-8.49081	6.38867	0.305532	-8.49081	6.38867	0
-7.43353	6.45264	0.32304	-7.43353	6.45264	0
-6.40061	6.36426	0.3191	-6.40061	6.36426	0
-5.3508	6.30248	0.323458	-5.3508	6.30248	0
-4.30696	6.29244	0.310903	-4.30696	6.29244	0
-3.25598	6.32444	0.336488	-3.25598	6.32444	0
-2.26577	6.33723	0.305408	-2.26577	6.33723	0
-1.15691	6.34622	0.30715	-1.15691	6.34622	0
-0.191587	7.44583	0.29935	-0.191587	7.44583	0
0.846963	7.39866	0.276142	0.846963	7.39866	0
1.80861	7.44718	0.292425	1.80861	7.44718	0
2.89372	7.42751	0.337189	2.89372	7.42751	0
3.88837	7.42593	0.329692	3.88837	7.42593	0
4.94881	7.39543	0.35392	4.94881	7.39543	0
6.01822	7.44526	0.341695	6.01822	7.44526	0
7.03962	7.47973	0.313751	7.03962	7.47973	0
8.09258	7.45694	0.333117	8.09258	7.45694	0
9.07479	7.43297	0.32769	9.07479	7.43297	0
10.1337	7.42381	0.353391	10.1337	7.42381	0
11.1824	7.41933	0.342463	11.1824	7.41933	0
-11.5577	7.44864	0.321494	-11.5577	7.44864	0
-10.5042	7.40262	0.324917	-10.5042	7.40262	0
-9.52747	7.4338	0.311095	-9.52747	7.4338	0
-8.5051	7.4159	0.288821	-8.5051	7.4159	0
-7.39216	7.45962	0.329761	-7.39216	7.45962	0
-6.36642	7.38402	0.318281	-6.36642	7.38402	0
-5.34208	7.35329	0.323945	-5.34208	7.35329	0
-4.32541	7.38915	0.287017	-4.32541	7.38915	0
-3.28549	7.40948	0.313359	-3.28549	7.40948	0
-2.22409	7.37658	0.298688	-2.22409	7.37658	0
-1.17726	7.36534	0.304125	-1.17726	7.36534	0
-0.199176	8.51514	0.302811	-0.199176	8.51514	0
0.780073	8.46745	0.335981	0.780073	8.46745	0
1.86272	8.52562	0.328036	1.86272	8.52562	0
2.88379	8.45985	0.305897	2.88379	8.45985	0
3.90961	8.50003	0.305141	3.90961	8.50003	0
4.92834	8.39077	0.30736	4.92834	8.39077	0
5.97861	8.48097	0.322077	5.97861	8.48097	0
7.10394	8.46449	0.306128	7.10394	8.46449	0
8.11401	8.45363	0.330581	8.11401	8.45363	0
9.13397	8.43151	0.308134	9.13397	8.43151	0
10.1517	8.46907	0.331234	10.1517	8.46907	0
11.13	8.43547	0.307627	11.13	8.43547	0
-11.6163	8.4811	0.298695	-11.6163	8.4811	0
-10.5984	8.44492	0.312253	-10.5984	8.44492	0
-9.50086	8.48931	0.32214	-9.50086	8.48931	0
-8.50508	8.41808	0.311285	-8.50508	8.41808	0
-7.42384	8.50709	0.29946	-7.42384	8.50709	0
-6.39837	8.43754	0.327719	-6.39837	8.43754	0
-5.30741	8.37589	0.323638	-5.30741	8.37589	0
-4.33145	8.46241	0.285702	-4.33145	8.46241	0
-3.32385	8.40606	0.317553	-3.32385	8.40606	0
-2.28476	8.40474	0.31251	-2.28476	8.40474	0
-1.27725	8.40815	0.310593	-1.27725	8.40815	0
-0.179814	9.53511	0.312607	-0.179814	9.53511	0
0.834829	9.54955	0.338516	0.834829	9.54955	0
1.87648	9.52312	0.313857	1.87648	9.52312	0
2.92605	9.47847	0.318639	2.92605	9.47847	0
4.03227	9.5009	0.291575	4.03227	9.5009	0
4.98943	9.46225	0.306826	4.98943	9.46225	0
5.96877	9.49579	0.304914	5.96877	9.49579	0
7.00665	9.47626	0.304976	7.00665	9.47626	0
8.0833	9.43793	0.331608	8.0833	9.43793	0
9.09498	9.48969	0.316486	9.09498	9.48969	0
10.1734	9.45871	0.328789	10.1734	9.45871	0
11.2315	9.52162	0.313845	11.2315	9.52162	0
-11.5684	9.51796	0.352673	-11.5684	9.51796	0
-10.5752	9.4717	0.340346	-10.5752	9.4717	0
-9.52502	9.5126	0.320798	-9.52502	9.5126	0
-8.45823	9.46232	0.30777	-8.45823	9.46232	0
-7.43283	9.47077	0.319221	-7.43283	9.47077	0
-6.33125	9.45933	0.324553	-6.33125	9.45933	0
-5.3532	9.43406	0.318332	-5.3532	9.43406	0
-4.33412	9.45443	0.31366	-4.33412	9.45443	0
-3.3308	9.47424	0.334923	-3.3308	9.47424	0
-2.28836	9.48312	0.342865	-2.28836	9.48312	0
-1.22112	9.46902	0.315042	-1.22112	9.46902	0
-0.20154	10.5467	0.309421	-0.20154	10.5467	0
0.891594	10.5733	0.30666	0.891594	10.5733	0
2.00866	10.6006	0.323956	2.00866	10.6006	0
3.01188	10.4995	0.291433	3.01188	10.4995	0
4.00188	10.5383	0.307712	4.00188	10.5383	0
4.99532	10.5769	0.3235	4.99532	10.5769	0
6.03474	10.494	0.31813	6.03474	10.494	0
7.07138	10.4463	0.309024	7.07138	10.4463	0
8.05565	10.5115	0.330631	8.05565	10.5115	0
9.14672	10.4749	0.305164	9.14672	10.4749	0
10.1876	10.5156	0.323833	10.1876	10.5156	0
11.2395	10.4931	0.333508	11.2395	10.4931	0
-11.5214	10.5278	0.312788	-11.5214	10.5278	0
-10.4495	10.5032	0.30043	-10.4495	10.5032	0
-9.47025	10.4999	0.335294	-9.47025	10.4999	0
-8.43165	10.4943	0.325443	-8.43165	10.4943	0
-7.44061	10.4955	0.322614	-7.44061	10.4955	0
-6.33661	10.4965	0.320149	-6.33661	10.4965	0
-5.33043	10.5018	0.298409	-5.33043	10.5018	0
-4.32351	10.5066	0.320374	-4.32351	10.5066	0
-3.36238	10.5383	0.316607	-3.36238	10.5383	0
-2.2796	10.5418	0.313853	-2.2796	10.5418	0
-1.26821	10.5011	0.314037	-1.26821	10.5011	0
-0.165758	11.6141	0.320306	-0.165758	11.6141	0
0.852928	11.6097	0.309697	0.852928	11.6097	0
1.88733	11.6432	0.319745	1.88733	11.6432	0
2.94412	11.5568	0.317084	2.94412	11.5568	0
3.95237	11.5873	0.343585	3.95237	11.5873	0
4.97877	11.6165	0.282672	4.97877	11.6165	0
6.03432	11.5758	0.316655	6.03432	11.5758	0
7.11489	11.4858	0.348744	7.11489	11.4858	0
8.14475	11.4985	0.294568	8.14475	11.4985	0
9.20533	11.5253	0.329877	9.20533	11.5253	0
10.1726	11.5984	0.333285	10.1726	11.5984	0
11.1935	11.5565	0.3346	11.1935	11.5565	0
-11.5382	11.5844	0.322726	-11.5382	11.5844	0
-10.5214	11.5261	0.314768	-10.5214	11.5261	0
-9.45183	11.5204	0.321997	-9.45183	11.5204	0
-8.42056	11.5238	0.294299	-8.42056	11.5238	0
-7.42987	11.5219	0.272293	-7.42987	11.5219	0
-6.41279	11.5133	0.301177	-6.41279	11.5133	0
-5.37037	11.5251	0.314244	-5.37037	11.5251	0
-4.35595	11.533	0.332198	-4.35595	11.533	0
-3.27238	11.6051	0.342823	-3.27238	11.6051	0
-2.24121	11.5505	0.307871	-2.24121	11.5505	0
-1.16806	11.5429	0.314715	-1.16806	11.5429	0
-0.21403	-11.1994	0.320421	-0.21403	-11.1994	0
0.906801	-11.1371	0.326311	0.906801	-11.1371	0
1.96348	-11.1487	0.340949	1.96348	-11.1487	0
2.94033	-11.1516	0.325994	2.94033	-11.1516	0
4.02265	-11.1205	0.315882	4.02265	-11.1205	0
4.99292	-11.1367	0.324925	4.99292	-11.1367	0
6.02003	-11.1765	0.323146	6.02003	-11.1765	0
7.08193	-11.1831	0.319639	7.08193	-11.1831	0
8.13315	-11.2154	0.336698	8.13315	-11.2154	0
9.2324	-11.186	0.295755	9.2324	-11.186	0
10.2145	-11.1976	0.312976	10.2145	-11.1976	0
11.2149	-11.2322	0.316654	11.2149	-11.2322	0
-11.4784	-11.2183	0.293558	-11.4784	-11.2183	0
-10.507	-11.2531	0.315259	-10.507	-11.2531	0
-9.46044	-11.2115	0.338621	-9.46044	-11.2115	0
-8.41379	-11.2362	0.33206	-8.41379	-11.2362	0
-7.35135	-11.2421	0.332075	-7.35135	-11.2421	0
-6.34926	-11.218	0.311975	-6.34926	-11.218	0
-5.31097	-11.1781	0.324947	-5.31097	-11.1781	0
-4.29447	-11.1934	0.356866	-4.29447	-11.1934	0
-3.25326	-11.2006	0.320433	-3.25326	-11.2006	0
-2.20143	-11.1999	0.300939	-2.20143	-11.1999	0
-1.22048	-11.1905	0.307194	-1.22048	-11.1905	0
-0.155277	-10.1525	0.314989	-0.155277	-10.1525	0
0.925163	-10.1126	0.3162	0.925163	-10.1126	0
1.9646	-10.1427	0.307444	1.9646	-10.1427	0
2.99013	-10.1193	0.322077	2.99013	-10.1193	0
4.01803	-10.0848	0.309135	4.01803	-10.0848	0
5.0906	-10.1443	0.33304	5.0906	-10.1443	0
6.13502	-10.0854	0.32871	6.13502	-10.0854	0
7.13906	-10.1802	0.31767	7.13906	-10.1802	0
8.18198	-10.1495	0.339274	8.18198	-10.1495	0
9.16393	-10.1662	0.328689	9.16393	-10.1662	0
10.174	-10.1843	0.359539	10.174	-10.1843	0
11.2875	-10.1736	0.323894	11.2875	-10.1736	0
-11.5294	-10.1812	0.335489	-11.5294	-10.1812	0
-10.4784	-10.0876	0.321511	-10.4784	-10.0876	0
-9.43056	-10.1933	0.298426	-9.43056	-10.1933	0
-8.38375	-10.1953	0.333786	-8.38375	-10.1953	0
-7.40901	-10.2331	0.309662	-7.40901	-10.2331	0
-6.37165	-10.2262	0.330424	-6.37165	-10.2262	0
-5.31716	-10.1812	0.334785	-5.31716	-10.1812	0
-4.26778	-10.1607	0.328067	-4.26778	-10.1607	0
-3.26049	-10.1791	0.331868	-3.26049	-10.1791	0
-2.24581	-10.2394	0.332314	-2.24581	-10.2394	0
-1.17355	-10.1692	0.331927	-1.17355	-10.1692	0
-0.104188	-9.16178	0.318381	-0.104188	-9.16178	0
0.921368	-9.15026	0.29525	0.921368	-9.15026	0
1.98621	-9.10465	0.329237	1.98621	-9.10465	0
3.00844	-9.13618	0.301259	3.00844	-9.13618	0
4.04014	-9.12076	0.312773	4.04014	-9.12076	0
5.06283	-9.12646	0.309289	5.06283	-9.12646	0
6.10339	-9.14702	0.306899	6.10339	-9.14702	0
7.10749	-9.14817	0.300983	7.10749	-9.14817	0
8.14406	-9.09727	0.330925	8.14406	-9.09727	0
9.17822	-9.16946	0.307928	9.17822	-9.16946	0
10.1759	-9.12647	0.325047	10.1759	-9.12647	0
11.1959	-9.12312	0.33538	11.1959	-9.12312	0
-11.5085	-9.12781	0.33774	-11.5085	-9.12781	0
-10.5216	-9.07684	0.324835	-10.5216	-9.07684	0
-9.41692	-9.15298	0.330027	-9.41692	-9.15298	0
-8.42096	-9.20171	0.299739	-8.42096	-9.20171	0
-7.39217	-9.14559	0.287568	-7.39217	-9.14559	0
-6.33703	-9.1827	0.327322	-6.33703	-9.1827	0
-5.30167	-9.12815	0.300486	-5.30167	-9.12815	0
-4.26757	-9.16042	0.32661	-4.26757	-9.16042	0
-3.18666	-9.16066	0.307892	-3.18666	-9.16066	0
-2.17743	-9.12424	0.319835	-2.17743	-9.12424	0
-1.18775	-9.19545	0.320713	-1.18775	-9.19545	0
-0.195301	-8.09547	0.334458	-0.195301	-8.09547	0
0.864743	-8.13286	0.310823	0.864743	-8.13286	0
1.96948	-8.11875	0.29494	1.96948	-8.11875	0
2.99901	-8.06146	0.298686	2.99901	-8.06146	0
4.00679	-8.06585	0.302298	4.00679	-8.06585	0
5.02621	-8.07457	0.342969	5.02621	-8.07457	0
6.08608	-8.1084	0.287124	6.08608	-8.1084	0
7.12116	-8.03126	0.336565	7.12116	-8.03126	0
8.11768	-8.04894	0.308228	8.11768	-8.04894	0
9.1708	-8.08413	0.317368	9.1708	-8.08413	0
10.217	-8.10878	0.304944	10.217	-8.10878	0
11.1937	-8.13069	0.303128	11.1937	-8.13069	0
-11.5962	-8.12156	0.34291	-11.5962	-8.12156	0
-10.5191	-8.09546	0.299495	-10.5191	-8.09546	0
-9.46625	-8.12025	0.32957	-9.46625	-8.12025	0
-8.42637	-8.16794	0.328566	-8.42637	-8.16794	0
-7.46007	-8.1387	0.318149	-7.46007	-8.1387	0
-6.35844	-8.16047	0.312108	-6.35844	-8.16047	0
-5.32722	-8.15307	0.291183	-5.32722	-8.15307	0
-4.24997	-8.16512	0.315107	-4.24997	-8.16512	0
-3.1514	-8.12266	0.318974	-3.1514	-8.12266	0
-2.17631	-8.03444	0.296744	-2.17631	-8.03444	0
-1.19763	-8.18749	0.299328	-1.19763	-8.18749	0
-0.11927	-7.08035	0.321816	-0.11927	-7.08035	0
0.959566	-7.10015	0.338069	0.959566	-7.10015	0
1.95639	-7.06564	0.31994	1.95639	-7.06564	0
3.01222	-7.0679	0.335887	3.01222	-7.0679	0
4.05774	-7.04308	0.328997	4.05774	-7.04308	0
5.09203	-7.04833	0.292686	5.09203	-7.04833	0
6.08272	-7.04053	0.317614	6.08272	-7.04053	0
7.13935	-7.02824	0.324631	7.13935	-7.02824	0
8.09628	-7.01837	0.308625	8.09628	-7.01837	0
9.155	-7.01971	0.333124	9.155	-7.01971	0
10.1761	-7.0219	0.353004	10.1761	-7.0219	0
11.1622	-7.05891	0.297503	11.1622	-7.05891	0
-11.5923	-7.03252	0.300732	-11.5923	-7.03252	0
-10.5236	-6.99988	0.290892	-10.5236	-6.99988	0
-9.48509	-7.09457	0.315328	-9.48509	-7.09457	0
-8.42678	-7.11412	0.329639	-8.42678	-7.11412	0
-7.41757	-7.07301	0.322136	-7.41757	-7.07301	0
-6.39405	-7.10933	0.320559	-6.39405	-7.10933	0
-5.32208	-7.16448	0.306591	-5.32208	-7.16448	0
-4.25792	-7.13422	0.306566	-4.25792	-7.13422	0
-3.28031	-7.14331	0.297377	-3.28031	-7.14331	0
-2.16467	-7.08133	0.328773	-2.16467	-7.08133	0
-1.12069	-7.10926	0.329997	-1.12069	-7.10926	0
-0.10575	-6.09042	0.32179	-0.10575	-6.09042	0
0.916445	-6.0209	0.300889	0.916445	-6.0209	0
1.94076	-5.98993	0.329418	1.94076	-5.98993	0
2.93672	-6.07541	0.294536	2.93672	-6.07541	0
4.01638	-6.03315	0.283925	4.01638	-6.03315	0
5.02129	-5.98345	0.325919	5.02129	-5.98345	0
6.08191	-5.97702	0.338829	6.08191	-5.97702	0
7.11369	-5.91863	0.341166	7.11369	-5.91863	0
8.16683	-6.02191	0.342264	8.16683	-6.02191	0
9.17874	-6.03478	0.323948	9.17874	-6.03478	0
10.2442	-6.02913	0.321146	10.2442	-6.02913	0
11.2512	-6.02435	0.330117	11.2512	-6.02435	0
-11.5224	-6.02096	0.343138	-11.5224	-6.02096	0
-10.5342	-6.03001	0.27833	-10.5342	-6.03001	0
-9.43514	-6.09877	0.302649	-9.43514	-6.09877	0
-8.44323	-6.03896	0.311534	-8.44323	-6.03896	0
-7.42006	-6.07898	0.303635	-7.42006	-6.07898	0
-6.40429	-6.09665	0.317501	-6.40429	-6.09665	0
-5.38985	-6.09936	0.325946	-5.38985	-6.09936	0
-4.32911	-6.12908	0.335088	-4.32911	-6.12908	0
-3.22587	-6.03884	0.326426	-3.22587	-6.03884	0
-2.16948	-6.06859	0.27814	-2.16948	-6.06859	0
-1.18094	-6.00414	0.296679	-1.18094	-6.00414	0
-0.148832	-4.98686	0.307484	-0.148832	-4.98686	0
0.943092	-4.95846	0.321	0.943092	-4.95846	0
1.93524	-4.97457	0.282934	1.93524	-4.97457	0
2.94009	-5.0009	0.325364	2.94009	-5.0009	0
3.94297	-5.0096	0.320805	3.94297	-5.0096	0
4.97459	-4.97853	0.333559	4.97459	-4.97853	0
6.10049	-4.98465	0.341521	6.10049	-4.98465	0
7.08094	-4.98123	0.316093	7.08094	-4.98123	0
8.11959	-4.95921	0.333264	8.11959	-4.95921	0
9.15342	-4.98916	0.336098	9.15342	-4.98916	0
10.1997	-4.95869	0.334975	10.1997	-4.95869	0
11.2433	-4.97455	0.32024	11.2433	-4.97455	0
-11.5546	-4.99933	0.314722	-11.5546	-4.99933	0
-10.5226	-5.02909	0.304968	-10.5226	-5.02909	0
-9.5058	-4.97078	0.300162	-9.5058	-4.97078	0
-8.38072	-4.99576	0.308364	-8.38072	-4.99576	0
-7.31417	-5.02809	0.31998	-7.31417	-5.02809	0
-6.34442	-5.03048	0.318197	-6.34442	-5.03048	0
-5.33242	-5.05629	0.319385	-5.33242	-5.05629	0
-4.32155	-5.05592	0.314205	-4.32155	-5.05592	0
-3.29764	-5.06191	0.316475	-3.29764	-5.06191	0
-2.23283	-4.98559	0.314474	-2.23283	-4.98559	0
-1.21464	-5.04852	0.336157	-1.21464	-5.04852	0
-0.13601	-3.95543	0.318962	-0.13601	-3.95543	0
0.91665	-3.92075	0.327899	0.91665	-3.92075	0
1.91717	-3.90774	0.309378	1.91717	-3.90774	0
2.97046	-3.9837	0.283088	2.97046	-3.9837	0
4.00167	-3.99765	0.332139	4.00167	-3.99765	0
4.98635	-3.93252	0.311909	4.98635	-3.93252	0
5.99607	-3.97697	0.328892	5.99607	-3.97697	0
6.98702	-3.95522	0.312778	6.98702	-3.95522	0
8.08697	-3.94446	0.330067	8.08697	-3.94446	0
9.15892	-3.9443	0.290988	9.15892	-3.9443	0
10.2227	-3.93725	0.302775	10.2227	-3.93725	0
11.2557	-3.96128	0.283892	11.2557	-3.96128	0
-11.5232	-3.97378	0.292833	-11.5232	-3.97378	0
-10.4631	-4.02475	0.314492	-10.4631	-4.02475	0
-9.45302	-3.99992	0.314409	-9.45302	-3.99992	0
-8.39429	-3.95238	0.332018	-8.39429	-3.95238	0
-7.38884	-3.99644	0.31217	-7.38884	-3.99644	0
-6.38141	-3.9459	0.305453	-6.38141	-3.9459	0
-5.38516	-3.94108	0.313379	-5.38516	-3.94108	0
-4.30944	-4.03939	0.29464	-4.30944	-4.03939	0
-3.25913	-3.99508	0.32156	-3.25913	-3.99508	0
-2.21933	-3.97433	0.301771	-2.21933	-3.97433	0
-1.20148	-4.03542	0.310435	-1.20148	-4.03542	0
-0.191281	-2.90236	0.314574	-0.191281	-2.90236	0
0.826646	-2.8756	0.312923	0.826646	-2.8756	0
1.85728	-2.92729	0.331007	1.85728	-2.92729	0
2.85739	-2.93963	0.310312	2.85739	-2.93963	0
3.95471	-2.9618	0.320815	3.95471	-2.9618	0
5.03024	-2.90122	0.315638	5.03024	-2.90122	0
6.02319	-2.87487	0.336725	6.02319	-2.87487	0
7.04581	-2.88012	0.294667	7.04581	-2.88012	0
8.12319	-2.91199	0.327511	8.12319	-2.91199	0
9.14774	-2.97307	0.328748	9.14774	-2.97307	0
10.1927	-2.95014	0.288267	10.1927	-2.95014	0
11.2238	-2.86232	0.330813	11.2238	-2.86232	0
-11.5319	-2.90231	0.315208	-11.5319	-2.90231	0
-10.5351	-2.92415	0.322419	-10.5351	-2.92415	0
-9.44996	-2.87696	0.317028	-9.44996	-2.87696	0
-8.46069	-2.91398	0.320636	-8.46069	-2.91398	0
-7.40103	-2.92878	0.305292	-7.40103	-2.92878	0
-6.38849	-2.95249	0.298916	-6.38849	-2.95249	0
-5.3821	-2.96057	0.308585	-5.3821	-2.96057	0
-4.3496	-3.00739	0.337069	-4.3496	-3.00739	0
-3.23671	-2.98467	0.320892	-3.23671	-2.98467	0
-2.23365	-3.02371	0.316326	-2.23365	-3.02371	0
-1.22067	-3.00322	0.316378	-1.22067	-3.00322	0
-0.242908	-1.91446	0.303675	-0.242908	-1.91446	0
0.813963	-1.86158	0.333321	0.813963	-1.86158	0
1.8601	-1.90251	0.323151	1.8601	-1.90251	0
2.86896	-1.93473	0.312482	2.86896	-1.93473	0
3.89861	-1.93818	0.33005	3.89861	-1.93818	0
4.93569	-1.8338	0.337598	4.93569	-1.8338	0
5.92116	-1.86511	0.333131	5.92116	-1.86511	0
7.06181	-1.87937	0.303927	7.06181	-1.87937	0
8.06242	-1.93329	0.310289	8.06242	-1.93329	0
9.14114	-1.92492	0.320633	9.14114	-1.92492	0
10.1498	-1.91898	0.331245	10.1498	-1.91898	0
11.1522	-1.86674	0.333844	11.1522	-1.86674	0
-11.5757	-1.87128	0.320208	-11.5757	-1.87128	0
-10.5296	-1.87335	0.317639	-10.5296	-1.87335	0
-9.51027	-1.88133	0.326733	-9.51027	-1.88133	0
-8.50684	-1.89972	0.318336	-8.50684	-1.89972	0
-7.47535	-1.89421	0.304703	-7.47535	-1.89421	0
-6.4426	-1.91881	0.329493	-6.4426	-1.91881	0
-5.39195	-1.96118	0.3067	-5.39195	-1.96118	0
-4.36406	-2.05783	0.321554	-4.36406	-2.05783	0
-3.33748	-1.92106	0.333621	-3.33748	-1.92106	0
-2.26107	-1.94493	0.294308	-2.26107	-1.94493	0
-1.24439	-1.9949	0.319478	-1.24439	-1.9949	0
-0.230817	-0.937894	0.339675	-0.230817	-0.937894	0
0.818443	-0.888987	0.342625	0.818443	-0.888987	0
1.90025	-0.927329	0.315584	1.90025	-0.927329	0
2.92768	-0.903666	0.318872	2.92768	-0.903666	0
3.93977	-0.876401	0.298256	3.93977	-0.876401	0
4.97083	-0.804876	0.323267	4.97083	-0.804876	0
5.96942	-0.86858	0.306699	5.96942	-0.86858	0
7.05622	-0.847424	0.331268	7.05622	-0.847424	0
8.16857	-0.870975	0.322822	8.16857	-0.870975	0
9.13618	-0.895149	0.289191	9.13618	-0.895149	0
10.151	-0.860093	0.320927	10.151	-0.860093	0
11.0798	-0.924351	0.31492	11.0798	-0.924351	0
-11.519	-0.908974	0.326106	-11.519	-0.908974	0
-10.512	-0.858861	0.333366	-10.512	-0.858861	0
-9.47635	-0.855129	0.330192	-9.47635	-0.855129	0
-8.50427	-0.800826	0.312222	-8.50427	-0.800826	0
-7.49117	-0.844301	0.314547	-7.49117	-0.844301	0
-6.39969	-0.902696	0.302924	-6.39969	-0.902696	0
-5.38735	-0.916071	0.32358	-5.38735	-0.916071	0
-4.35025	-0.984015	0.350029	-4.35025	-0.984015	0
-3.29619	-0.887546	0.340947	-3.29619	-0.887546	0
-2.24119	-0.879181	0.32588	-2.24119	-0.879181	0
-1.22979	-0.880148	0.330614	-1.22979	-0.880148	0
