-0.545937	-0.30143	-0.328769	-0.545937	-0.30143	0
0.535959	-0.265578	-0.320251	0.535959	-0.265578	0
1.49806	-0.313423	-0.280525	1.49806	-0.313423	0
2.5198	-0.394969	-0.308402	2.5198	-0.394969	0
3.57545	-0.269628	-0.340511	3.57545	-0.269628	0
4.60638	-0.31811	-0.326703	4.60638	-0.31811	0
5.63415	-0.307258	-0.338093	5.63415	-0.307258	0
6.7024	-0.333968	-0.316469	6.7024	-0.333968	0
7.75649	-0.281324	-0.338225	7.75649	-0.281324	0
8.78465	-0.271257	-0.292153	8.78465	-0.271257	0
9.80411	-0.334173	-0.31563	9.80411	-0.334173	0
10.7968	-0.313437	-0.329893	10.7968	-0.313437	0
11.8058	-0.294379	-0.303225	11.8058	-0.294379	0
-10.9468	-0.297144	-0.33131	-10.9468	-0.297144	0
-9.90749	-0.298266	-0.352369	-9.90749	-0.298266	0
-8.87	-0.284069	-0.319176	-8.87	-0.284069	0
-7.84328	-0.271695	-0.332377	-7.84328	-0.271695	0
-6.75786	-0.283553	-0.300261	-6.75786	-0.283553	0
-5.74459	-0.278733	-0.342663	-5.74459	-0.278733	0
-4.67974	-0.237972	-0.333212	-4.67974	-0.237972	0
-3.67402	-0.269774	-0.329394	-3.67402	-0.269774	0
-2.64318	-0.254529	-0.339733	-2.64318	-0.254529	0
-1.59083	-0.261706	-0.312748	-1.59083	-0.261706	0
-0.595918	0.771507	-0.329687	-0.595918	0.771507	0
0.493763	0.694967	-0.323957	0.493763	0.694967	0
1.53239	0.745367	-0.314236	1.53239	0.745367	0
2.53788	0.707255	-0.301891	2.53788	0.707255	0
3.53171	0.744487	-0.35895	3.53171	0.744487	0
4.57759	0.70863	-0.346478	4.57759	0.70863	0
5.6693	0.72798	-0.317717	5.6693	0.72798	0
6.65134	0.702415	-0.315061	6.65134	0.702415	0
7.70924	0.71091	-0.3385	7.70924	0.71091	0
8.7168	0.728164	-0.317339	8.7168	0.728164	0
9.79046	0.712375	-0.302908	9.79046	0.712375	0
10.8161	0.738063	-0.321165	10.8161	0.738063	0
11.8564	0.754172	-0.329579	11.8564	0.754172	0
-10.973	0.736268	-0.309433	-10.973	0.736268	0
-9.87663	0.744193	-0.326222	-9.87663	0.744193	0
-8.86452	0.768473	-0.31954	-8.86452	0.768473	0
-7.82146	0.756998	-0.323383	-7.82146	0.756998	0
-6.78268	0.823572	-0.29267	-6.78268	0.823572	0
-5.72432	0.69883	-0.334361	-5.72432	0.69883	0
-4.71426	0.772843	-0.314666	-4.71426	0.772843	0
-3.62443	0.666643	-0.344218	-3.62443	0.666643	0
-2.59005	0.775464	-0.302155	-2.59005	0.775464	0
-1.61185	0.777338	-0.285452	-1.61185	0.777338	0
-0.561366	1.77057	-0.305125	-0.561366	1.77057	0
0.473737	1.78007	-0.31398	0.473737	1.78007	0
1.42961	1.74624	-0.313648	1.42961	1.74624	0
2.46324	1.75602	-0.332699	2.46324	1.75602	0
3.54319	1.77294	-0.326491	3.54319	1.77294	0
4.5693	1.74551	-0.317423	4.5693	1.74551	0
5.63913	1.75142	-0.326136	5.63913	1.75142	0
6.65855	1.77821	-0.309051	6.65855	1.77821	0
7.66824	1.71841	-0.321903	7.66824	1.71841	0
8.69237	1.7543	-0.299297	8.69237	1.7543	0
9.69587	1.73251	-0.323713	9.69587	1.73251	0
10.7617	1.75676	-0.292944	10.7617	1.75676	0
11.8458	1.79311	-0.316615	11.8458	1.79311	0
-10.9675	1.72873	-0.301452	-10.9675	1.72873	0
-9.95595	1.79881	-0.325162	-9.95595	1.79881	0
-8.79483	1.81918	-0.2999	-8.79483	1.81918	0
-7.77509	1.80891	-0.310678	-7.77509	1.80891	0
-6.79556	1.82747	-0.288915	-6.79556	1.82747	0
-5.74598	1.77708	-0.318073	-5.74598	1.77708	0
-4.73648	1.75084	-0.305151	-4.73648	1.75084	0
-3.63866	1.78236	-0.297415	-3.63866	1.78236	0
-2.57975	1.83425	-0.289869	-2.57975	1.83425	0
-1.62722	1.7894	-0.301997	-1.62722	1.7894	0
-0.562548	2.87833	-0.311459	-0.562548	2.87833	0
0.456629	2.81461	-0.3213	0.456629	2.81461	0
1.47493	2.81757	-0.306619	1.47493	2.81757	0
2.50425	2.78218	-0.31336	2.50425	2.78218	0
3.57998	2.83351	-0.331848	3.57998	2.83351	0
4.57059	2.74494	-0.298641	4.57059	2.74494	0
5.64452	2.75325	-0.308235	5.64452	2.75325	0
6.69451	2.77593	-0.296777	6.69451	2.77593	0
7.66722	2.71489	-0.316294	7.66722	2.71489	0
8.7171	2.73964	-0.295067	8.7171	2.73964	0
9.71813	2.78259	-0.306227	9.71813	2.78259	0
10.7471	2.80919	-0.319965	10.7471	2.80919	0
11.7843	2.8409	-0.309209	11.7843	2.8409	0
-10.9492	2.81071	-0.286146	-10.9492	2.81071	0
-9.87863	2.79814	-0.309895	-9.87863	2.79814	0
-8.86513	2.85784	-0.341458	-8.86513	2.85784	0
-7.76927	2.82406	-0.358333	-7.76927	2.82406	0
-6.69708	2.89668	-0.346935	-6.69708	2.89668	0
-5.73958	2.80185	-0.301322	-5.73958	2.80185	0
-4.6962	2.82801	-0.320175	-4.6962	2.82801	0
-3.65402	2.82449	-0.312714	-3.65402	2.82449	0
-2.6289	2.81367	-0.296454	-2.6289	2.81367	0
-1.60925	2.83857	-0.309392	-1.60925	2.83857	0
-0.558822	3.95875	-0.332165	-0.558822	3.95875	0
0.463752	3.86126	-0.326895	0.463752	3.86126	0
1.53261	3.86191	-0.323279	1.53261	3.86191	0
2.55685	3.80376	-0.329424	2.55685	3.80376	0
3.61579	3.81913	-0.336934	3.61579	3.81913	0
4.60292	3.7719	-0.305611	4.60292	3.7719	0
5.60991	3.77054	-0.308553	5.60991	3.77054	0
6.67759	3.7958	-0.32044	6.67759	3.7958	0
7.72481	3.82442	-0.318257	7.72481	3.82442	0
8.7288	3.7954	-0.307526	8.7288	3.7954	0
9.75509	3.77888	-0.305272	9.75509	3.77888	0
10.7609	3.90601	-0.297471	10.7609	3.90601	0
11.8255	3.88816	-0.30235	11.8255	3.88816	0
-10.9179	3.85811	-0.313352	-10.9179	3.85811	0
-9.88035	3.83376	-0.297065	-9.88035	3.83376	0
-8.87064	3.90241	-0.323906	-8.87064	3.90241	0
-7.82476	3.8442	-0.340224	-7.82476	3.8442	0
-6.82337	3.87491	-0.319027	-6.82337	3.87491	0
-5.71715	3.80653	-0.312249	-5.71715	3.80653	0
-4.72844	3.82115	-0.32639	-4.72844	3.82115	0
-3.65051	3.87429	-0.296168	-3.65051	3.87429	0
-2.59764	3.91931	-0.30828	-2.59764	3.91931	0
-1.59617	3.9259	-0.33531	-1.59617	3.9259	0
-0.53129	4.94345	-0.307637	-0.53129	4.94345	0
0.527367	4.93434	-0.284853	0.527367	4.93434	0
1.52113	4.87975	-0.335049	1.52113	4.87975	0
2.57633	4.84186	-0.31421	2.57633	4.84186	0
3.55209	4.83455	-0.312522	3.55209	4.83455	0
4.62509	4.81473	-0.296746	4.62509	4.81473	0
5.6182	4.8411	-0.297003	5.6182	4.8411	0
6.64805	4.85995	-0.317087	6.64805	4.85995	0
7.6941	4.83946	-0.32541	7.6941	4.83946	0
8.724	4.86694	-0.327749	8.724	4.86694	0
9.71588	4.83856	-0.332915	9.71588	4.83856	0
10.7898	4.891	-0.321949	10.7898	4.891	0
11.8052	4.89575	-0.308238	11.8052	4.89575	0
-10.9817	4.87053	-0.321778	-10.9817	4.87053	0
-9.87557	4.88462	-0.340196	-9.87557	4.88462	0
-8.78755	4.90724	-0.320437	-8.78755	4.90724	0
-7.81077	4.90717	-0.318979	-7.81077	4.90717	0
-6.80108	4.90928	-0.33472	-6.80108	4.90928	0
-5.73057	4.9153	-0.345879	-5.73057	4.9153	0
-4.71969	4.86497	-0.302688	-4.71969	4.86497	0
-3.67051	4.92994	-0.323171	-3.67051	4.92994	0
-2.60717	4.94182	-0.313589	-2.60717	4.94182	0
-1.57011	4.95699	-0.31965	-1.57011	4.95699	0
-0.501991	6.00753	-0.295836	-0.501991	6.00753	0
0.540357	5.96783	-0.31624	0.540357	5.96783	0
1.51071	5.91057	-0.330795	1.51071	5.91057	0
2.6113	5.96179	-0.337657	2.6113	5.96179	0
3.61286	5.88278	-0.313921	3.61286	5.88278	0
4.64231	5.91491	-0.324089	4.64231	5.91491	0
5.64644	5.86458	-0.301241	5.64644	5.86458	0
6.70735	5.88034	-0.322913	6.70735	5.88034	0
7.72308	5.92604	-0.310932	7.72308	5.92604	0
8.72842	5.88466	-0.308117	8.72842	5.88466	0
9.7789	5.85931	-0.34237	9.7789	5.85931	0
10.8086	5.9041	-0.311672	10.8086	5.9041	0
11.8302	5.95101	-0.297899	11.8302	5.95101	0
-10.9061	5.86815	-0.339749	-10.9061	5.86815	0
-9.82712	5.92016	-0.324537	-9.82712	5.92016	0
-8.84397	5.95165	-0.337161	-8.84397	5.95165	0
-7.72848	5.92323	-0.354225	-7.72848	5.92323	0
-6.7245	5.87615	-0.330871	-6.7245	5.87615	0
-5.73185	5.91001	-0.280587	-5.73185	5.91001	0
-4.68281	5.94574	-0.331426	-4.68281	5.94574	0
-3.66386	5.9854	-0.310447	-3.66386	5.9854	0
-2.59933	5.94099	-0.30635	-2.59933	5.94099	0
-1.57102	5.96691	-0.303844	-1.57102	5.96691	0
-0.468434	6.96771	-0.298737	-0.468434	6.96771	0
0.534731	7.07803	-0.31831	0.534731	7.07803	0
1.57154	6.95144	-0.319448	1.57154	6.95144	0
2.58282	6.93469	-0.323586	2.58282	6.93469	0
3.61583	6.93675	-0.334989	3.61583	6.93675	0
4.58806	6.92357	-0.3074	4.58806	6.92357	0
5.66752	6.88802	-0.348732	5.66752	6.88802	0
6.67174	6.9171	-0.28253	6.67174	6.9171	0
7.73547	6.93943	-0.326375	7.73547	6.93943	0
8.78095	6.96216	-0.28566	8.78095	6.96216	0
9.72309	6.89665	-0.330883	9.72309	6.89665	0
10.7326	6.91441	-0.294449	10.7326	6.91441	0
11.8359	6.95305	-0.343459	11.8359	6.95305	0
-10.9012	6.89921	-0.287208	-10.9012	6.89921	0
-9.87082	6.90533	-0.321649	-9.87082	6.90533	0
-8.81798	7.01204	-0.319267	-8.81798	7.01204	0
-7.77021	7.01339	-0.317076	-7.77021	7.01339	0
-6.71267	7.00503	-0.3135	-6.71267	7.00503	0
-5.71707	6.91233	-0.301401	-5.71707	6.91233	0
-4.63393	6.96249	-0.329578	-4.63393	6.96249	0
-3.64801	6.99541	-0.337273	-3.64801	6.99541	0
-2.60754	6.98617	-0.314209	-2.60754	6.98617	0
-1.5662	6.99593	-0.326883	-1.5662	6.99593	0
-0.532546	7.99438	-0.307682	-0.532546	7.99438	0
0.491874	8.05149	-0.288894	0.491874	8.05149	0
1.51295	8.00481	-0.305868	1.51295	8.00481	0
2.56969	7.9972	-0.30878	2.56969	7.9972	0
3.61317	8.0112	-0.311375	3.61317	8.0112	0
4.64278	7.93979	-0.343153	4.64278	7.93979	0
5.68566	7.95992	-0.32732	5.68566	7.95992	0
6.68272	7.96936	-0.322711	6.68272	7.96936	0
7.70659	7.93324	-0.284534	7.70659	7.93324	0
8.72427	7.97832	-0.334964	8.72427	7.97832	0
9.7414	7.96024	-0.341791	9.7414	7.96024	0
10.8018	7.93509	-0.323928	10.8018	7.93509	0
11.8081	7.96132	-0.289713	11.8081	7.96132	0
-10.9287	7.96292	-0.325812	-10.9287	7.96292	0
-9.90347	8.00215	-0.349548	-9.90347	8.00215	0
-8.83109	8.01779	-0.336787	-8.83109	8.01779	0
-7.76432	8.04759	-0.2953	-7.76432	8.04759	0
-6.70987	8.08494	-0.33439	-6.70987	8.08494	0
-5.67874	7.97805	-0.331755	-5.67874	7.97805	0
-4.69088	7.97953	-0.307149	-4.69088	7.97953	0
-3.66656	8.05787	-0.296358	-3.66656	8.05787	0
-2.57063	8.0303	-0.309713	-2.57063	8.0303	0
-1.58214	8.02961	-0.346762	-1.58214	8.02961	0
-0.547684	9.08163	-0.303914	-0.547684	9.08163	0
0.527639	9.06489	-0.305746	0.527639	9.06489	0
1.5666	9.05834	-0.326523	1.5666	9.05834	0
2.60635	9.02656	-0.29998	2.60635	9.02656	0
3.61763	9.00508	-0.326715	3.61763	9.00508	0
4.64434	9.00123	-0.304487	4.64434	9.00123	0
5.62058	8.97831	-0.312842	5.62058	8.97831	0
6.65655	8.97393	-0.318846	6.65655	8.97393	0
7.71397	9.02716	-0.325287	7.71397	9.02716	0
8.78673	9.04589	-0.346123	8.78673	9.04589	0
9.79971	9.04293	-0.311571	9.79971	9.04293	0
10.7639	8.93419	-0.304451	10.7639	8.93419	0
11.8528	8.99802	-0.314109	11.8528	8.99802	0
-10.891	9.01878	-0.32114	-10.891	9.01878	0
-9.83632	8.97955	-0.331145	-9.83632	8.97955	0
-8.8039	9.00909	-0.309039	-8.8039	9.00909	0
-7.79859	9.06189	-0.311119	-7.79859	9.06189	0
-6.77673	9.12384	-0.324446	-6.77673	9.12384	0
-5.69855	9.08376	-0.294456	-5.69855	9.08376	0
-4.64316	9.07942	-0.304833	-4.64316	9.07942	0
-3.62106	9.10773	-0.319969	-3.62106	9.10773	0
-2.60204	9.03663	-0.302714	-2.60204	9.03663	0
-1.58779	9.066	-0.284348	-1.58779	9.066	0
-0.527094	10.0552	-0.329974	-0.527094	10.0552	0
0.494012	10.0976	-0.308082	0.494012	10.0976	0
1.54344	10.0441	-0.324183	1.54344	10.0441	0
2.55139	10.0229	-0.324285	2.55139	10.0229	0
3.59693	10.033	-0.333366	3.59693	10.033	0
4.60549	9.98851	-0.306298	4.60549	9.98851	0
5.70075	10.0262	-0.348653	5.70075	10.0262	0
6.68274	10.0714	-0.305856	6.68274	10.0714	0
7.72138	10.0725	-0.307584	7.72138	10.0725	0
8.77249	10.0432	-0.32997	8.77249	10.0432	0
9.7632	10.0846	-0.337529	9.7632	10.0846	0
10.8159	10.0364	-0.330019	10.8159	10.0364	0
11.8475	10.0497	-0.272729	11.8475	10.0497	0
-10.9019	10.0509	-0.322487	-10.9019	10.0509	0
-9.87773	10.0064	-0.298603	-9.87773	10.0064	0
-8.83844	10.0732	-0.334343	-8.83844	10.0732	0
-7.80168	10.0764	-0.333897	-7.80168	10.0764	0
-6.79241	10.085	-0.32624	-6.79241	10.085	0
-5.68073	10.0553	-0.316779	-5.68073	10.0553	0
-4.59873	10.1281	-0.342234	-4.59873	10.1281	0
-3.58266	10.1511	-0.327298	-3.58266	10.1511	0
-2.55439	10.1188	-0.284416	-2.55439	10.1188	0
-1.5447	10.0771	-0.312386	-1.5447	10.0771	0
-0.495031	11.1219	-0.324664	-0.495031	11.1219	0
0.518589	11.09	-0.319497	0.518589	11.09	0
1.5578	11.1134	-0.295716	1.5578	11.1134	0
2.5702	11.118	-0.284342	2.5702	11.118	0
3.64341	11.0525	-0.321411	3.64341	11.0525	0
4.66123	10.984	-0.303151	4.66123	10.984	0
5.67789	11.0698	-0.325901	5.67789	11.0698	0
6.69505	11.106	-0.301717	6.69505	11.106	0
7.72954	11.0819	-0.320933	7.72954	11.0819	0
8.74837	11.028	-0.347043	8.74837	11.028	0
9.75049	11.1058	-0.295265	9.75049	11.1058	0
10.8152	11.1511	-0.345705	10.8152	11.1511	0
-11.9215	11.0994	-0.304053	11.8645	11.0994	0
-10.8835	11.0788	-0.307453	-10.8835	11.0788	0
-9.85843	11.1214	-0.322435	-9.85843	11.1214	0
-8.83932	11.077	-0.281456	-8.83932	11.077	0
-7.77787	11.0851	-0.340348	-7.77787	11.0851	0
-6.78173	11.0875	-0.321349	-6.78173	11.0875	0
-5.70343	11.0711	-0.313772	-5.70343	11.0711	0
-4.71174	11.1701	-0.34073	-4.71174	11.1701	0
-3.61139	11.1628	-0.308404	-3.61139	11.1628	0
-2.57901	11.1133	-0.318292	-2.57901	11.1133	0
-1.5102	11.147	-0.298785	-1.5102	11.147	0
-0.523138	-11.6169	-0.28837	-0.523138	-11.6169	0
0.447565	-11.6232	-0.292472	0.447565	-11.6232	0
1.54089	-11.6102	-0.333279	1.54089	-11.6102	0
2.58838	-11.6711	-0.331619	2.58838	-11.6711	0
3.60417	-11.7134	-0.327942	3.60417	-11.7134	0
4.62956	-11.6596	-0.333135	4.62956	-11.6596	0
5.62752	-11.6929	-0.358194	5.62752	-11.6929	0
6.70708	-11.6724	-0.316742	6.70708	-11.6724	0
7.73471	-11.6179	-0.319585	7.73471	-11.6179	0
8.75468	-11.7269	-0.304947	8.75468	-11.7269	0
9.80215	-11.66	-0.296396	9.80215	-11.66	0
10.8459	-11.647	-0.311791	10.8459	-11.647	0
11.8093	-11.627	-0.324055	11.8093	-11.627	0
-10.8755	-11.6542	-0.310023	-10.8755	-11.6542	0
-9.82981	-11.628	-0.301006	-9.82981	-11.628	0
-8.77215	-11.6799	-0.334786	-8.77215	-11.6799	0
-7.69538	-11.7153	-0.334052	-7.69538	-11.7153	0
-6.71406	-11.6852	-0.316621	-6.71406	-11.6852	0
-5.69399	-11.6734	-0.335711	-5.69399	-11.6734	0
-4.6792	-11.5611	-0.336938	-4.6792	-11.5611	0
-3.67888	-11.5767	-0.302956	-3.67888	-11.5767	0
-2.64453	-11.6326	-0.315986	-2.64453	-11.6326	0
-1.5791	-11.6402	-0.303547	-1.5791	-11.6402	0
-0.576343	-10.5998	-0.306673	-0.576343	-10.5998	0
0.499574	-10.5656	-0.317017	0.499574	-10.5656	0
1.53929	-10.602	-0.29784	1.53929	-10.602	0
2.54332	-10.5933	-0.322273	2.54332	-10.5933	0
3.57462	-10.6704	-0.316318	3.57462	-10.6704	0
4.61781	-10.6426	-0.31317	4.61781	-10.6426	0
5.66049	-10.6711	-0.313347	5.66049	-10.6711	0
6.72146	-10.6734	-0.313575	6.72146	-10.6734	0
7.7581	-10.6354	-0.305656	7.7581	-10.6354	0
8.80403	-10.6638	-0.339045	8.80403	-10.6638	0
9.79028	-10.635	-0.305082	9.79028	-10.635	0
10.7863	-10.5899	-0.314926	10.7863	-10.5899	0
11.875	-10.5964	-0.299411	11.875	-10.5964	0
-10.8472	-10.6208	-0.30257	-10.8472	-10.6208	0
-9.82161	-10.6037	-0.342848	-9.82161	-10.6037	0
-8.80347	-10.6443	-0.335797	-8.80347	-10.6443	0
-7.71482	-10.7122	-0.302842	-7.71482	-10.7122	0
-6.70602	-10.5934	-0.330614	-6.70602	-10.5934	0
-5.67293	-10.6107	-0.328947	-5.67293	-10.6107	0
-4.68853	-10.5484	-0.317541	-4.68853	-10.5484	0
-3.68279	-10.5456	-0.327246	-3.68279	-10.5456	0
-2.62963	-10.6112	-0.301169	-2.62963	-10.6112	0
-1.61102	-10.5982	-0.329753	-1.61102	-10.5982	0
-0.546635	-9.58277	-0.3127	-0.546635	-9.58277	0
0.484731	-9.5207	-0.279286	0.484731	-9.5207	0
1.52912	-9.57154	-0.315961	1.52912	-9.57154	0
2.55169	-9.58548	-0.333659	2.55169	-9.58548	0
3.56924	-9.57878	-0.319033	3.56924	-9.57878	0
4.63026	-9.61427	-0.313303	4.63026	-9.61427	0
5.63694	-9.65969	-0.340623	5.63694	-9.65969	0
6.64508	-9.61588	-0.331704	6.64508	-9.61588	0
7.69721	-9.61651	-0.318655	7.69721	-9.61651	0
8.77456	-9.64253	-0.34516	8.77456	-9.64253	0
9.78891	-9.59572	-0.299071	9.78891	-9.59572	0
10.8626	-9.57523	-0.316833	10.8626	-9.57523	0
-11.8605	-9.63845	-0.322799	-11.8605	-9.63845	0
-10.8263	-9.54205	-0.29281	-10.8263	-9.54205	0
-9.80858	-9.59912	-0.309718	-9.80858	-9.59912	0
-8.76419	-9.6078	-0.312153	-8.76419	-9.6078	0
-7.72331	-9.63985	-0.345897	-7.72331	-9.63985	0
-6.66755	-9.54107	-0.317527	-6.66755	-9.54107	0
-5.64835	-9.53965	-0.313184	-5.64835	-9.53965	0
-4.67112	-9.54809	-0.329709	-4.67112	-9.54809	0
-3.65934	-9.51022	-0.311294	-3.65934	-9.51022	0
-2.69086	-9.5438	-0.308771	-2.69086	-9.5438	0
-1.60052	-9.52645	-0.334889	-1.60052	-9.52645	0
-0.533902	-8.50464	-0.303297	-0.533902	-8.50464	0
0.52636	-8.48963	-0.297845	0.52636	-8.48963	0
1.55426	-8.46852	-0.346284	1.55426	-8.46852	0
2.55622	-8.50031	-0.341909	2.55622	-8.50031	0
3.58376	-8.56897	-0.323989	3.58376	-8.56897	0
4.64978	-8.57491	-0.326795	4.64978	-8.57491	0
5.6418	-8.61705	-0.32075	5.6418	-8.61705	0
6.67854	-8.53857	-0.330296	6.67854	-8.53857	0
7.69074	-8.59012	-0.32549	7.69074	-8.59012	0
8.72406	-8.60809	-0.312609	8.72406	-8.60809	0
9.7986	-8.57313	-0.338825	9.7986	-8.57313	0
10.8444	-8.50517	-0.319574	10.8444	-8.50517	0
-11.8954	-8.59809	-0.294832	11.8906	-8.59809	0
-10.8517	-8.56429	-0.328146	-10.8517	-8.56429	0
-9.70744	-8.57889	-0.339382	-9.70744	-8.57889	0
-8.71517	-8.5847	-0.300966	-8.71517	-8.5847	0
-7.73709	-8.56066	-0.325285	-7.73709	-8.56066	0
-6.66726	-8.49835	-0.323105	-6.66726	-8.49835	0
-5.64408	-8.52384	-0.29106	-5.64408	-8.52384	0
-4.69646	-8.47237	-0.314859	-4.69646	-8.47237	0
-3.6471	-8.50307	-0.31336	-3.6471	-8.50307	0
-2.56249	-8.54203	-0.323061	-2.56249	-8.54203	0
-1.51848	-8.45138	-0.323105	-1.51848	-8.45138	0
-0.500614	-7.48489	-0.310308	-0.500614	-7.48489	0
0.531516	-7.50155	-0.322036	0.531516	-7.50155	0
1.59134	-7.44225	-0.298355	1.59134	-7.44225	0
2.61774	-7.45871	-0.309512	2.61774	-7.45871	0
3.62086	-7.51383	-0.315058	3.62086	-7.51383	0
4.61027	-7.55206	-0.338795	4.61027	-7.55206	0
5.66127	-7.60359	-0.314256	5.66127	-7.60359	0
6.68055	-7.50662	-0.315781	6.68055	-7.50662	0
7.7128	-7.55439	-0.342147	7.7128	-7.55439	0
8.74749	-7.60334	-0.308478	8.74749	-7.60334	0
9.77779	-7.53185	-0.311079	9.77779	-7.53185	0
10.8229	-7.52247	-0.322043	10.8229	-7.52247	0
-11.9916	-7.57253	-0.315825	11.7944	-7.57253	0
-10.9135	-7.54576	-0.350502	-10.9135	-7.54576	0
-9.84516	-7.51961	-0.333257	-9.84516	-7.51961	0
-8.75301	-7.52529	-0.328903	-8.75301	-7.52529	0
-7.74971	-7.48259	-0.335068	-7.74971	-7.48259	0
-6.76518	-7.50131	-0.305171	-6.76518	-7.50131	0
-5.71681	-7.4692	-0.322116	-5.71681	-7.4692	0
-4.64338	-7.44321	-0.313214	-4.64338	-7.44321	0
-3.64474	-7.47299	-0.30463	-3.64474	-7.47299	0
-2.60681	-7.4601	-0.301852	-2.60681	-7.4601	0
-1.56666	-7.42309	-0.307482	-1.56666	-7.42309	0
-0.516819	-6.44926	-0.345947	-0.516819	-6.44926	0
0.49968	-6.45492	-0.335954	0.49968	-6.45492	0
1.55493	-6.48392	-0.30112	1.55493	-6.48392	0
2.62339	-6.46417	-0.328053	2.62339	-6.46417	0
3.60992	-6.47605	-0.328821	3.60992	-6.47605	0
4.64554	-6.49696	-0.301955	4.64554	-6.49696	0
5.68993	-6.50243	-0.324407	5.68993	-6.50243	0
6.70681	-6.47461	-0.315892	6.70681	-6.47461	0
7.74099	-6.54618	-0.330841	7.74099	-6.54618	0
8.73132	-6.57197	-0.346318	8.73132	-6.57197	0
9.73402	-6.50783	-0.31646	9.73402	-6.50783	0
10.8178	-6.53587	-0.324899	10.8178	-6.53587	0
11.8952	-6.52716	-0.306417	-11.8908	-6.52716	0
-10.9518	-6.47455	-0.298223	-10.9518	-6.47455	0
-9.88231	-6.48835	-0.336324	-9.88231	-6.48835	0
-8.89213	-6.50638	-0.346107	-8.89213	-6.50638	0
-7.83714	-6.44692	-0.317874	-7.83714	-6.44692	0
-6.78127	-6.48467	-0.301364	-6.78127	-6.48467	0
-5.73102	-6.41828	-0.300525	-5.73102	-6.41828	0
-4.71224	-6.41177	-0.328343	-4.71224	-6.41177	0
-3.6466	-6.41751	-0.315775	-3.6466	-6.41751	0
-2.61403	-6.41721	-0.304875	-2.61403	-6.41721	0
-1.61918	-6.37551	-0.318868	-1.61918	-6.37551	0
-0.589919	-5.41511	-0.312986	-0.589919	-5.41511	0
0.517647	-5.46856	-0.315895	0.517647	-5.46856	0
1.55358	-5.46194	-0.317719	1.55358	-5.46194	0
2.58086	-5.47941	-0.299699	2.58086	-5.47941	0
3.56018	-5.46336	-0.325243	3.56018	-5.46336	0
4.6399	-5.48449	-0.332465	4.6399	-5.48449	0
5.67694	-5.51691	-0.316122	5.67694	-5.51691	0
6.70507	-5.49235	-0.306718	6.70507	-5.49235	0
7.73336	-5.48053	-0.297518	7.73336	-5.48053	0
8.79376	-5.49542	-0.300045	8.79376	-5.49542	0
9.80291	-5.45997	-0.324539	9.80291	-5.45997	0
10.8118	-5.46784	-0.303673	10.8118	-5.46784	0
11.7797	-5.48171	-0.310679	11.7797	-5.48171	0
-10.8914	-5.4538	-0.301285	-10.8914	-5.4538	0
-9.84558	-5.44061	-0.294362	-9.84558	-5.44061	0
-8.85017	-5.431	-0.313741	-8.85017	-5.431	0
-7.84115	-5.48587	-0.3236	-7.84115	-5.48587	0
-6.82008	-5.41492	-0.324738	-6.82008	-5.41492	0
-5.77716	-5.35421	-0.32847	-5.77716	-5.35421	0
-4.72947	-5.38701	-0.293353	-4.72947	-5.38701	0
-3.72116	-5.41996	-0.327303	-3.72116	-5.41996	0
-2.65961	-5.36934	-0.30441	-2.65961	-5.36934	0
-1.61377	-5.3841	-0.306156	-1.61377	-5.3841	0
-0.547181	-4.33516	-0.318958	-0.547181	-4.33516	0
0.449728	-4.39718	-0.322459	0.449728	-4.39718	0
1.49791	-4.41083	-0.333569	1.49791	-4.41083	0
2.53419	-4.43919	-0.32485	2.53419	-4.43919	0
3.5829	-4.43711	-0.310075	3.5829	-4.43711	0
4.57509	-4.44108	-0.312837	4.57509	-4.44108	0
5.58137	-4.46258	-0.318456	5.58137	-4.46258	0
6.66809	-4.46371	-0.328775	6.66809	-4.46371	0
7.72079	-4.41126	-0.313735	7.72079	-4.41126	0
8.68928	-4.41332	-0.32028	8.68928	-4.41332	0
9.7941	-4.44725	-0.316682	9.7941	-4.44725	0
10.8165	-4.4769	-0.30963	10.8165	-4.4769	0
11.8239	-4.40716	-0.323903	11.8239	-4.40716	0
-10.9763	-4.45375	-0.333342	-10.9763	-4.45375	0
-9.89091	-4.4278	-0.317144	-9.89091	-4.4278	0
-8.81629	-4.42421	-0.336861	-8.81629	-4.42421	0
-7.83013	-4.46375	-0.319614	-7.83013	-4.46375	0
-6.81383	-4.40568	-0.311606	-6.81383	-4.40568	0
-5.79604	-4.39926	-0.314391	-5.79604	-4.39926	0
-4.75453	-4.35981	-0.32441	-4.75453	-4.35981	0
-3.65309	-4.35998	-0.351422	-3.65309	-4.35998	0
-2.56513	-4.39953	-0.339341	-2.56513	-4.39953	0
-1.59766	-4.31939	-0.321621	-1.59766	-4.31939	0
-0.572182	-3.32927	-0.300104	-0.572182	-3.32927	0
0.482954	-3.35395	-0.333539	0.482954	-3.35395	0
1.53217	-3.34374	-0.314284	1.53217	-3.34374	0
2.50287	-3.42711	-0.290837	2.50287	-3.42711	0
3.54519	-3.4157	-0.335338	3.54519	-3.4157	0
4.60554	-3.35438	-0.30232	4.60554	-3.35438	0
5.59583	-3.41913	-0.315344	5.59583	-3.41913	0
6.66151	-3.3549	-0.329192	6.66151	-3.3549	0
7.68958	-3.41521	-0.314359	7.68958	-3.41521	0
8.78193	-3.41698	-0.278601	8.78193	-3.41698	0
9.77846	-3.43129	-0.301385	9.77846	-3.43129	0
10.778	-3.37555	-0.330474	10.778	-3.37555	0
11.821	-3.42315	-0.325936	11.821	-3.42315	0
-10.8903	-3.42261	-0.340544	-10.8903	-3.42261	0
-9.89868	-3.40356	-0.31699	-9.89868	-3.40356	0
-8.85923	-3.42941	-0.312304	-8.85923	-3.42941	0
-7.81406	-3.42385	-0.329974	-7.81406	-3.42385	0
-6.80285	-3.35162	-0.301963	-6.80285	-3.35162	0
-5.75572	-3.33471	-0.31645	-5.75572	-3.33471	0
-4.74717	-3.35812	-0.305077	-4.74717	-3.35812	0
-3.69664	-3.34358	-0.295229	-3.69664	-3.34358	0
-2.63015	-3.335	-0.294219	-2.63015	-3.335	0
-1.65575	-3.35516	-0.308594	-1.65575	-3.35516	0
-0.601201	-2.28232	-0.332903	-0.601201	-2.28232	0
0.46908	-2.32695	-0.311699	0.46908	-2.32695	0
1.50582	-2.32763	-0.323694	1.50582	-2.32763	0
2.52443	-2.43119	-0.333318	2.52443	-2.43119	0
3.52477	-2.42075	-0.332446	3.52477	-2.42075	0
4.59143	-2.35133	-0.342989	4.59143	-2.35133	0
5.6357	-2.36319	-0.321723	5.6357	-2.36319	0
6.6366	-2.32437	-0.324455	6.6366	-2.32437	0
7.71086	-2.3507	-0.302918	7.71086	-2.3507	0
8.73022	-2.37606	-0.327971	8.73022	-2.37606	0
9.76478	-2.44641	-0.310857	9.76478	-2.44641	0
10.8114	-2.36028	-0.312478	10.8114	-2.36028	0
11.8868	-2.34029	-0.321633	11.8868	-2.34029	0
-10.8979	-2.36281	-0.309235	-10.8979	-2.36281	0
-9.82631	-2.40941	-0.3404	-9.82631	-2.40941	0
-8.82154	-2.3794	-0.314535	-8.82154	-2.3794	0
-7.87406	-2.35535	-0.317705	-7.87406	-2.35535	0
-6.79368	-2.30379	-0.279572	-6.79368	-2.30379	0
-5.76275	-2.35622	-0.321892	-5.76275	-2.35622	0
-4.7027	-2.30098	-0.324175	-4.7027	-2.30098	0
-3.70212	-2.34	-0.314239	-3.70212	-2.34	0
-2.67623	-2.29519	-0.30471	-2.67623	-2.29519	0
-1.60133	-2.37367	-0.327048	-1.60133	-2.37367	0
-0.589511	-1.25792	-0.31231	-0.589511	-1.25792	0
0.472553	-1.33594	-0.320597	0.472553	-1.33594	0
1.55347	-1.35622	-0.309562	1.55347	-1.35622	0
2.54054	-1.45917	-0.312979	2.54054	-1.45917	0
3.56766	-1.38186	-0.326858	3.56766	-1.38186	0
4.5832	-1.35841	-0.301426	4.5832	-1.35841	0
5.66024	-1.33573	-0.315757	5.66024	-1.33573	0
6.66617	-1.30759	-0.310008	6.66617	-1.30759	0
7.69684	-1.27217	-0.304249	7.69684	-1.27217	0
8.75493	-1.31929	-0.306658	8.75493	-1.31929	0
9.79589	-1.32572	-0.330313	9.79589	-1.32572	0
10.7908	-1.33707	-0.345219	10.7908	-1.33707	0
11.8618	-1.30281	-0.327359	11.8618	-1.30281	0
-10.9148	-1.38709	-0.299696	-10.9148	-1.38709	0
-9.87971	-1.33586	-0.295906	-9.87971	-1.33586	0
-8.88733	-1.31533	-0.298481	-8.88733	-1.31533	0
-7.84787	-1.3399	-0.285785	-7.84787	-1.3399	0
-6.751	-1.29757	-0.306736	-6.751	-1.29757	0
-5.71243	-1.32854	-0.309473	-5.71243	-1.32854	0
-4.67143	-1.32149	-0.308593	-4.67143	-1.32149	0
-3.69861	-1.34703	-0.349546	-3.69861	-1.34703	0
-2.68862	-1.2414	-0.314055	-2.68862	-1.2414	0
-1.60717	-1.31479	-0.322799	-1.60717	-1.31479	0
-0.0257349	0.197067	0.304042	-0.0257349	0.197067	0
1.00998	0.189338	0.345836	1.00998	0.189338	0
2.05787	0.211896	0.292747	2.05787	0.211896	0
3.04979	0.176686	0.288801	3.04979	0.176686	0
4.04602	0.172656	0.309084	4.04602	0.172656	0
5.14109	0.219598	0.332982	5.14109	0.219598	0
6.17571	0.187953	0.297735	6.17571	0.187953	0
7.19142	0.270558	0.314047	7.19142	0.270558	0
8.21774	0.223509	0.341343	8.21774	0.223509	0
9.28817	0.193925	0.320875	9.28817	0.193925	0
10.3232	0.190594	0.319656	10.3232	0.190594	0
11.329	0.230757	0.327439	11.329	0.230757	0
-11.4866	0.188713	0.316719	-11.4866	0.188713	0
-10.4295	0.2065	0.310871	-10.4295	0.2065	0
-9.37947	0.255489	0.314377	-9.37947	0.255489	0
-8.34608	0.274519	0.307135	-8.34608	0.274519	0
-7.33075	0.237336	0.306975	-7.33075	0.237336	0
-6.29244	0.281969	0.309692	-6.29244	0.281969	0
-5.20701	0.239837	0.312569	-5.20701	0.239837	0
-4.17497	0.233459	0.309059	-4.17497	0.233459	0
-3.11391	0.240167	0.299847	-3.11391	0.240167	0
-2.10158	0.256135	0.336745	-2.10158	0.256135	0
-1.05549	0.202311	0.323205	-1.05549	0.202311	0
-0.0354761	1.19791	0.296923	-0.0354761	1.19791	0
0.962282	1.16539	0.300788	0.962282	1.16539	0
1.98812	1.26193	0.333899	1.98812	1.26193	0
3.01695	1.22898	0.311222	3.01695	1.22898	0
4.02941	1.18218	0.305439	4.02941	1.18218	0
5.11018	1.23363	0.30146	5.11018	1.23363	0
6.12144	1.23088	0.318346	6.12144	1.23088	0
7.18894	1.24646	0.333042	7.18894	1.24646	0
8.20742	1.23396	0.341455	8.20742	1.23396	0
9.2501	1.19338	0.339965	9.2501	1.19338	0
10.2682	1.22698	0.316206	10.2682	1.22698	0
11.2698	1.2263	0.327537	11.2698	1.2263	0
-11.4322	1.19732	0.349211	-11.4322	1.19732	0
-10.4266	1.22287	0.319563	-10.4266	1.22287	0
-9.43312	1.28895	0.291704	-9.43312	1.28895	0
-8.35157	1.28879	0.338434	-8.35157	1.28879	0
-7.34832	1.32093	0.315728	-7.34832	1.32093	0
-6.25753	1.32317	0.323873	-6.25753	1.32317	0
-5.2584	1.28538	0.331605	-5.2584	1.28538	0
-4.1484	1.25693	0.322345	-4.1484	1.25693	0
-3.13251	1.283	0.28679	-3.13251	1.283	0
-2.1273	1.24932	0.352995	-2.1273	1.24932	0
-1.09116	1.30502	0.3308	-1.09116	1.30502	0
-0.0167697	2.34824	0.317697	-0.0167697	2.34824	0
0.967464	2.27653	0.323436	0.967464	2.27653	0
2.00824	2.28398	0.314563	2.00824	2.28398	0
3.06083	2.28441	0.320212	3.06083	2.28441	0
4.04945	2.25456	0.304612	4.04945	2.25456	0
5.10171	2.21782	0.310389	5.10171	2.21782	0
6.147	2.24071	0.284848	6.147	2.24071	0
7.17455	2.26378	0.333082	7.17455	2.26378	0
8.17885	2.26183	0.350401	8.17885	2.26183	0
9.2333	2.23525	0.330337	9.2333	2.23525	0
10.2738	2.27357	0.296177	10.2738	2.27357	0
11.3564	2.27331	0.303466	11.3564	2.27331	0
-11.4533	2.28767	0.328195	-11.4533	2.28767	0
-10.4593	2.27866	0.321631	-10.4593	2.27866	0
-9.36956	2.32048	0.312959	-9.36956	2.32048	0
-8.27505	2.35861	0.317127	-8.27505	2.35861	0
-7.27537	2.33013	0.324327	-7.27537	2.33013	0
-6.22749	2.3724	0.344513	-6.22749	2.3724	0
-5.22045	2.27234	0.330056	-5.22045	2.27234	0
-4.21868	2.30602	0.299013	-4.21868	2.30602	0
-3.13167	2.31746	0.32342	-3.13167	2.31746	0
-2.10716	2.32158	0.328977	-2.10716	2.32158	0
-1.10267	2.33377	0.288636	-1.10267	2.33377	0
-0.0465132	3.40974	0.324543	-0.0465132	3.40974	0
0.982073	3.32804	0.333087	0.982073	3.32804	0
2.02344	3.33264	0.319436	2.02344	3.33264	0
3.04229	3.32546	0.314822	3.04229	3.32546	0
4.11328	3.28906	0.324839	4.11328	3.28906	0
5.13598	3.25806	0.319487	5.13598	3.25806	0
6.1454	3.30531	0.29081	6.1454	3.30531	0
7.17092	3.29426	0.335694	7.17092	3.29426	0
8.19351	3.32435	0.31366	8.19351	3.32435	0
9.18504	3.29068	0.344529	9.18504	3.29068	0
10.2533	3.30411	0.345711	10.2533	3.30411	0
11.2857	3.35468	0.293893	11.2857	3.35468	0
-11.4635	3.31794	0.320105	-11.4635	3.31794	0
-10.4327	3.31365	0.315442	-10.4327	3.31365	0
-9.36144	3.37183	0.330392	-9.36144	3.37183	0
-8.31312	3.3712	0.304496	-8.31312	3.3712	0
-7.30202	3.32953	0.303038	-7.30202	3.32953	0
-6.30232	3.39233	0.308969	-6.30232	3.39233	0
-5.19983	3.33379	0.349797	-5.19983	3.33379	0
-4.17503	3.36707	0.300806	-4.17503	3.36707	0
-3.1507	3.33709	0.314308	-3.1507	3.33709	0
-2.09079	3.34102	0.294897	-2.09079	3.34102	0
-1.06289	3.43826	0.28463	-1.06289	3.43826	0
-0.0509758	4.33317	0.31227	-0.0509758	4.33317	0
1.02936	4.34441	0.320694	1.02936	4.34441	0
2.08717	4.36718	0.312085	2.08717	4.36718	0
3.08624	4.30281	0.312071	3.08624	4.30281	0
4.12283	4.35454	0.312876	4.12283	4.35454	0
5.10567	4.28219	0.319869	5.10567	4.28219	0
6.15337	4.33028	0.316469	6.15337	4.33028	0
7.15727	4.3443	0.346954	7.15727	4.3443	0
8.26988	4.31921	0.322369	8.26988	4.31921	0
9.26681	4.34476	0.299774	9.26681	4.34476	0
10.2648	4.36186	0.342272	10.2648	4.36186	0
11.2903	4.3612	0.322843	11.2903	4.3612	0
-11.4544	4.39753	0.341207	-11.4544	4.39753	0
-10.416	4.36875	0.330903	-10.416	4.36875	0
-9.36524	4.38859	0.337008	-9.36524	4.38859	0
-8.32126	4.39465	0.337509	-8.32126	4.39465	0
-7.34187	4.31372	0.321221	-7.34187	4.31372	0
-6.22487	4.38217	0.316341	-6.22487	4.38217	0
-5.24003	4.33919	0.27946	-5.24003	4.33919	0
-4.22217	4.38639	0.277858	-4.22217	4.38639	0
-3.12677	4.40312	0.316471	-3.12677	4.40312	0
-2.09446	4.45039	0.320131	-2.09446	4.45039	0
-1.0609	4.43225	0.288896	-1.0609	4.43225	0
0.0067641	5.4251	0.292001	0.0067641	5.4251	0
1.04337	5.39351	0.32172	1.04337	5.39351	0
2.02527	5.39587	0.320179	2.02527	5.39587	0
3.07745	5.39249	0.31835	3.07745	5.39249	0
4.14063	5.41416	0.30824	4.14063	5.41416	0
5.12731	5.39071	0.310496	5.12731	5.39071	0
6.14044	5.34705	0.335016	6.14044	5.34705	0
7.18379	5.32625	0.311054	7.18379	5.32625	0
8.18869	5.36656	0.325736	8.18869	5.36656	0
9.24976	5.39152	0.325392	9.24976	5.39152	0
10.2383	5.3534	0.317311	10.2383	5.3534	0
11.3257	5.38369	0.329806	11.3257	5.38369	0
-11.4292	5.42599	0.30728	-11.4292	5.42599	0
-10.4177	5.38925	0.304932	-10.4177	5.38925	0
-9.27286	5.44752	0.316146	-9.27286	5.44752	0
-8.2768	5.51983	0.288629	-8.2768	5.51983	0
-7.26669	5.39178	0.315294	-7.26669	5.39178	0
-6.19584	5.34226	0.339447	-6.19584	5.34226	0
-5.19725	5.42908	0.293617	-5.19725	5.42908	0
-4.21796	5.46877	0.332407	-4.21796	5.46877	0
-3.12972	5.45273	0.299746	-3.12972	5.45273	0
-2.06391	5.43504	0.326004	-2.06391	5.43504	0
-0.997514	5.51248	0.321521	-0.997514	5.51248	0
0.0800101	6.47899	0.351364	0.0800101	6.47899	0
1.0694	6.46604	0.311859	1.0694	6.46604	0
2.09201	6.36364	0.331442	2.09201	6.36364	0
3.08014	6.46691	0.327358	3.08014	6.46691	0
4.0859	6.40573	0.333833	4.0859	6.40573	0
5.10308	6.41582	0.311807	5.10308	6.41582	0
6.1479	6.39231	0.324937	6.1479	6.39231	0
7.18522	6.41295	0.309432	7.18522	6.41295	0
8.22726	6.44098	0.341616	8.22726	6.44098	0
9.23456	6.43074	0.322733	9.23456	6.43074	0
10.2473	6.37485	0.303559	10.2473	6.37485	0
11.2946	6.436	0.341811	11.2946	6.436	0
-11.4023	6.42781	0.313816	-11.4023	6.42781	0
-10.3438	6.36332	0.297267	-10.3438	6.36332	0
-9.29767	6.47787	0.303769	-9.29767	6.47787	0
-8.26871	6.43553	0.286127	-8.26871	6.43553	0
-7.25792	6.43542	0.317986	-7.25792	6.43542	0
-6.28611	6.38732	0.332985	-6.28611	6.38732	0
-5.24945	6.4146	0.325586	-5.24945	6.4146	0
-4.13503	6.45261	0.343031	-4.13503	6.45261	0
-3.14367	6.53285	0.334886	-3.14367	6.53285	0
-2.08113	6.48503	0.329152	-2.08113	6.48503	0
-1.01668	6.46966	0.314358	-1.01668	6.46966	0
0.020458	7.50339	0.288537	0.020458	7.50339	0
1.04554	7.45871	0.329505	1.04554	7.45871	0
2.09012	7.46892	0.311432	2.09012	7.46892	0
3.07873	7.46037	0.295249	3.07873	7.46037	0
4.09954	7.45755	0.305754	4.09954	7.45755	0
5.15743	7.39909	0.30843	5.15743	7.39909	0
6.11144	7.43855	0.332713	6.11144	7.43855	0
7.16377	7.43857	0.337273	7.16377	7.43857	0
8.22205	7.44694	0.312397	8.22205	7.44694	0
9.27497	7.50863	0.314191	9.27497	7.50863	0
10.2973	7.42686	0.309016	10.2973	7.42686	0
11.3228	7.42934	0.341503	11.3228	7.42934	0
-11.4537	7.41821	0.284684	-11.4537	7.41821	0
-10.3683	7.43516	0.305267	-10.3683	7.43516	0
-9.35318	7.50176	0.311889	-9.35318	7.50176	0
-8.26146	7.49722	0.34916	-8.26146	7.49722	0
-7.22126	7.51737	0.307015	-7.22126	7.51737	0
-6.2223	7.53174	0.313691	-6.2223	7.53174	0
-5.23907	7.49794	0.325553	-5.23907	7.49794	0
-4.17993	7.47445	0.307409	-4.17993	7.47445	0
-3.15471	7.50509	0.288114	-3.15471	7.50509	0
-2.0893	7.51692	0.290109	-2.0893	7.51692	0
-1.07281	7.50033	0.306914	-1.07281	7.50033	0
-0.0442203	8.58443	0.332094	-0.0442203	8.58443	0
1.03007	8.54472	0.320688	1.03007	8.54472	0
2.00958	8.5072	0.305581	2.00958	8.5072	0
3.16468	8.4907	0.334218	3.16468	8.4907	0
4.15791	8.44915	0.331448	4.15791	8.44915	0
5.17101	8.41989	0.301631	5.17101	8.41989	0
6.19496	8.48051	0.331758	6.19496	8.48051	0
7.18898	8.50539	0.315098	7.18898	8.50539	0
8.23502	8.4777	0.350278	8.23502	8.4777	0
9.2809	8.51488	0.306913	9.2809	8.51488	0
10.294	8.46287	0.326756	10.294	8.46287	0
11.3219	8.508	0.330601	11.3219	8.508	0
-11.4017	8.47066	0.322274	-11.4017	8.47066	0
-10.3632	8.49337	0.326002	-10.3632	8.49337	0
-9.28482	8.48723	0.332537	-9.28482	8.48723	0
-8.3283	8.47959	0.339531	-8.3283	8.47959	0
-7.26436	8.57565	0.31466	-7.26436	8.57565	0
-6.22457	8.59258	0.304685	-6.22457	8.59258	0
-5.20721	8.53068	0.313829	-5.20721	8.53068	0
-4.13615	8.58725	0.312075	-4.13615	8.58725	0
-3.06577	8.49255	0.320975	-3.06577	8.49255	0
-2.1027	8.52813	0.319283	-2.1027	8.52813	0
-1.02053	8.5163	0.297409	-1.02053	8.5163	0
0.0113716	9.59548	0.338338	0.0113716	9.59548	0
1.06183	9.55593	0.329618	1.06183	9.55593	0
2.05064	9.55154	0.319019	2.05064	9.55154	0
3.09733	9.54594	0.300994	3.09733	9.54594	0
4.1104	9.5141	0.331965	4.1104	9.5141	0
5.1439	9.51458	0.3415	5.1439	9.51458	0
6.16906	9.49774	0.305921	6.16906	9.49774	0
7.17157	9.57055	0.311016	7.17157	9.57055	0
8.24626	9.52819	0.295536	8.24626	9.52819	0
9.23301	9.55435	0.351245	9.23301	9.55435	0
10.3027	9.49318	0.292746	10.3027	9.49318	0
11.3193	9.52293	0.307121	11.3193	9.52293	0
-11.3818	9.55666	0.30859	-11.3818	9.55666	0
-10.386	9.52986	0.326717	-10.386	9.52986	0
-9.31078	9.53716	0.306035	-9.31078	9.53716	0
-8.32463	9.60259	0.313377	-8.32463	9.60259	0
-7.27012	9.58393	0.318496	-7.27012	9.58393	0
-6.22421	9.63172	0.323298	-6.22421	9.63172	0
-5.1374	9.55493	0.305913	-5.1374	9.55493	0
-4.07247	9.61257	0.320057	-4.07247	9.61257	0
-3.09339	9.59987	0.317575	-3.09339	9.59987	0
-2.12123	9.56174	0.337691	-2.12123	9.56174	0
-1.06839	9.5612	0.347507	-1.06839	9.5612	0
-0.056594	10.5986	0.317967	-0.056594	10.5986	0
1.04764	10.5709	0.330465	1.04764	10.5709	0
2.07367	10.5724	0.320085	2.07367	10.5724	0
3.0538	10.5663	0.319982	3.0538	10.5663	0
4.08891	10.5222	0.315101	4.08891	10.5222	0
5.20607	10.5128	0.311545	5.20607	10.5128	0
6.18701	10.5267	0.33032	6.18701	10.5267	0
7.19459	10.5858	0.309437	7.19459	10.5858	0
8.27969	10.5655	0.315412	8.27969	10.5655	0
9.25577	10.5519	0.338271	9.25577	10.5519	0
10.3179	10.5792	0.309049	10.3179	10.5792	0
11.3046	10.6264	0.31973	11.3046	10.6264	0
-11.4457	10.5853	0.312376	-11.4457	10.5853	0
-10.3809	10.5404	0.314526	-10.3809	10.5404	0
-9.41524	10.5872	0.313122	-9.41524	10.5872	0
-8.2879	10.5751	0.314805	-8.2879	10.5751	0
-7.25993	10.5976	0.320805	-7.25993	10.5976	0
-6.21103	10.6065	0.309723	-6.21103	10.6065	0
-5.12582	10.5403	0.316192	-5.12582	10.5403	0
-4.13937	10.679	0.28715	-4.13937	10.679	0
-3.099	10.5833	0.343001	-3.099	10.5833	0
-2.02921	10.5951	0.331644	-2.02921	10.5951	0
-1.02851	10.6213	0.308791	-1.02851	10.6213	0
0.0162417	11.6355	0.310131	0.0162417	11.6355	0
1.03509	11.6536	0.323081	1.03509	11.6536	0
2.05718	11.6208	0.306491	2.05718	11.6208	0
3.12853	11.5658	0.312438	3.12853	11.5658	0
4.1293	11.5408	0.313343	4.1293	11.5408	0
5.16367	11.6052	0.322003	5.16367	11.6052	0
6.14355	11.6105	0.316704	6.14355	11.6105	0
7.2319	11.6092	0.318289	7.2319	11.6092	0
8.20261	11.5332	0.319207	8.20261	11.5332	0
9.21948	11.5702	0.334593	9.21948	11.5702	0
10.3018	11.6215	0.299404	10.3018	11.6215	0
11.3668	11.6348	0.320328	11.3668	11.6348	0
-11.442	11.6297	0.301436	-11.442	11.6297	0
-10.3847	11.6372	0.310135	-10.3847	11.6372	0
-9.3161	11.6676	0.274754	-9.3161	11.6676	0
-8.29733	11.6331	0.326935	-8.29733	11.6331	0
-7.20996	11.5901	0.326765	-7.20996	11.5901	0
-6.13075	11.6451	0.334925	-6.13075	11.6451	0
-5.15511	11.6553	0.305314	-5.15511	11.6553	0
-4.21451	11.6857	0.292524	-4.21451	11.6857	0
-3.13092	11.6226	0.332497	-3.13092	11.6226	0
-2.09609	11.6233	0.290673	-2.09609	11.6233	0
-1.03939	11.6476	0.345495	-1.03939	11.6476	0
-0.0866386	-11.0908	0.320495	-0.0866386	-11.0908	0
1.01733	-11.0919	0.317414	1.01733	-11.0919	0
2.03474	-11.1172	0.312942	2.03474	-11.1172	0
3.0209	-11.1767	0.296674	3.0209	-11.1767	0
4.15145	-11.1367	0.31699	4.15145	-11.1367	0
5.17416	-11.1709	0.304736	5.17416	-11.1709	0
6.19386	-11.2021	0.32581	6.19386	-11.2021	0
7.24344	-11.1658	0.335788	7.24344	-11.1658	0
8.293	-11.1452	0.30269	8.293	-11.1452	0
9.27129	-11.1716	0.324204	9.27129	-11.1716	0
10.3609	-11.1283	0.329017	10.3609	-11.1283	0
11.3584	-11.1301	0.32269	11.3584	-11.1301	0
-11.3896	-11.1799	0.312382	-11.3896	-11.1799	0
-10.314	-11.1085	0.309748	-10.314	-11.1085	0
-9.33424	-11.1569	0.321432	-9.33424	-11.1569	0
-8.27636	-11.1542	0.299035	-8.27636	-11.1542	0
-7.22108	-11.1562	0.345473	-7.22108	-11.1562	0
-6.19136	-11.1004	0.307401	-6.19136	-11.1004	0
-5.20309	-11.1261	0.316317	-5.20309	-11.1261	0
-4.19642	-11.0352	0.328387	-4.19642	-11.0352	0
-3.15186	-11.1224	0.298485	-3.15186	-11.1224	0
-2.12308	-11.1523	0.314379	-2.12308	-11.1523	0
-1.07718	-11.108	0.310184	-1.07718	-11.108	0
-0.0533998	-10.093	0.342753	-0.0533998	-10.093	0
1.0085	-10.0533	0.331195	1.0085	-10.0533	0
2.02134	-10.0314	0.313495	2.02134	-10.0314	0
3.03494	-10.0857	0.331812	3.03494	-10.0857	0
4.08063	-10.0824	0.313543	4.08063	-10.0824	0
5.14987	-10.1573	0.293265	5.14987	-10.1573	0
6.1313	-10.1285	0.30805	6.1313	-10.1285	0
7.17014	-10.1025	0.310917	7.17014	-10.1025	0
8.27366	-10.1447	0.321858	8.27366	-10.1447	0
9.22963	-10.1132	0.308268	9.22963	-10.1132	0
10.2496	-10.1101	0.318232	10.2496	-10.1101	0
11.3422	-10.1438	0.32434	11.3422	-10.1438	0
-11.3388	-10.1509	0.351505	-11.3388	-10.1509	0
-10.3364	-10.1113	0.300659	-10.3364	-10.1113	0
-9.29099	-10.1345	0.30345	-9.29099	-10.1345	0
-8.27834	-10.2107	0.315599	-8.27834	-10.2107	0
-7.22744	-10.0901	0.320014	-7.22744	-10.0901	0
-6.21241	-10.0826	0.288933	-6.21241	-10.0826	0
-5.19562	-10.0436	0.325641	-5.19562	-10.0436	0
-4.15039	-10.0636	0.335445	-4.15039	-10.0636	0
-3.16859	-10.0443	0.297561	-3.16859	-10.0443	0
-2.1297	-9.99061	0.31001	-2.1297	-9.99061	0
-1.11688	-10.0474	0.330549	-1.11688	-10.0474	0
-0.0504321	-9.06956	0.327478	-0.0504321	-9.06956	0
1.07373	-9.02874	0.295926	1.07373	-9.02874	0
2.11575	-8.966	0.318984	2.11575	-8.966	0
3.02837	-9.09018	0.31029	3.02837	-9.09018	0
4.11543	-9.08269	0.330594	4.11543	-9.08269	0
5.154	-9.12597	0.326383	5.154	-9.12597	0
6.16859	-9.11072	0.302323	6.16859	-9.11072	0
7.22474	-9.09491	0.318006	7.22474	-9.09491	0
8.21433	-9.12382	0.296882	8.21433	-9.12382	0
9.23679	-9.06245	0.293223	9.23679	-9.06245	0
10.314	-9.08382	0.301044	10.314	-9.08382	0
11.3665	-9.08313	0.316048	11.3665	-9.08313	0
-11.3752	-9.10596	0.300251	-11.3752	-9.10596	0
-10.2699	-8.99786	0.307625	-10.2699	-8.99786	0
-9.27397	-9.11325	0.316719	-9.27397	-9.11325	0
-8.22125	-9.18116	0.321396	-8.22125	-9.18116	0
-7.173	-9.04655	0.329379	-7.173	-9.04655	0
-6.17813	-9.0294	0.33187	-6.17813	-9.0294	0
-5.15771	-9.02436	0.341897	-5.15771	-9.02436	0
-4.14814	-9.01472	0.309124	-4.14814	-9.01472	0
-3.10679	-9.02898	0.326223	-3.10679	-9.02898	0
-2.08924	-9.00898	0.321471	-2.08924	-9.00898	0
-1.08159	-8.98171	0.31148	-1.08159	-8.98171	0
0.011767	-8.00615	0.313703	0.011767	-8.00615	0
1.03108	-7.98326	0.296747	1.03108	-7.98326	0
2.07329	-7.96115	0.340775	2.07329	-7.96115	0
3.06273	-8.04996	0.313909	3.06273	-8.04996	0
4.11749	-8.06113	0.302233	4.11749	-8.06113	0
5.12735	-8.09425	0.298076	5.12735	-8.09425	0
6.14911	-8.10894	0.312593	6.14911	-8.10894	0
7.16594	-8.02513	0.34734	7.16594	-8.02513	0
8.20356	-8.1117	0.322328	8.20356	-8.1117	0
9.22913	-8.03354	0.326602	9.22913	-8.03354	0
10.271	-8.05284	0.31159	10.271	-8.05284	0
11.3165	-8.05644	0.324318	11.3165	-8.05644	0
-11.4002	-8.05223	0.310475	-11.4002	-8.05223	0
-10.3142	-8.01973	0.324645	-10.3142	-8.01973	0
-9.25302	-8.03549	0.329856	-9.25302	-8.03549	0
-8.24005	-8.05418	0.308316	-8.24005	-8.05418	0
-7.22969	-8.07114	0.333069	-7.22969	-8.07114	0
-6.17133	-7.9946	0.314726	-6.17133	-7.9946	0
-5.15674	-7.9199	0.324723	-5.15674	-7.9199	0
-4.17418	-8.01383	0.319793	-4.17418	-8.01383	0
-3.07695	-7.98474	0.332053	-3.07695	-7.98474	0
-2.09963	-7.96422	0.318835	-2.09963	-7.96422	0
-1.02807	-7.98031	0.315442	-1.02807	-7.98031	0
-0.0133829	-6.94839	0.318052	-0.0133829	-6.94839	0
0.96597	-6.94777	0.329186	0.96597	-6.94777	0
2.05342	-6.9392	0.312835	2.05342	-6.9392	0
3.1218	-7.01156	0.3237	3.1218	-7.01156	0
4.12949	-7.00955	0.318122	4.12949	-7.00955	0
5.14846	-7.05269	0.305312	5.14846	-7.05269	0
6.17146	-7.01171	0.293008	6.17146	-7.01171	0
7.19917	-6.9874	0.311069	7.19917	-6.9874	0
8.24456	-7.06809	0.327398	8.24456	-7.06809	0
9.2431	-7.03005	0.338076	9.2431	-7.03005	0
10.2453	-6.99144	0.328788	10.2453	-6.99144	0
11.3499	-7.03964	0.330342	11.3499	-7.03964	0
-11.4365	-7.07756	0.315408	-11.4365	-7.07756	0
-10.4258	-7.03621	0.320402	-10.4258	-7.03621	0
-9.36092	-7.03126	0.321108	-9.36092	-7.03126	0
-8.34847	-6.96522	0.303422	-8.34847	-6.96522	0
-7.32145	-6.97956	0.314762	-7.32145	-6.97956	0
-6.26562	-6.94343	0.337433	-6.26562	-6.94343	0
-5.17763	-6.93246	0.326448	-5.17763	-6.93246	0
-4.12955	-6.94509	0.342488	-4.12955	-6.94509	0
-3.15149	-6.89249	0.313116	-3.15149	-6.89249	0
-2.07423	-6.91889	0.321862	-2.07423	-6.91889	0
-1.04998	-6.96471	0.318152	-1.04998	-6.96471	0
-0.0890703	-5.93925	0.308845	-0.0890703	-5.93925	0
1.00678	-5.94094	0.309364	1.00678	-5.94094	0
2.03961	-5.95793	0.322712	2.03961	-5.95793	0
3.07997	-5.95235	0.323538	3.07997	-5.95235	0
4.12469	-5.97956	0.321142	4.12469	-5.97956	0
5.11817	-5.99319	0.325186	5.11817	-5.99319	0
6.20636	-6.00564	0.322278	6.20636	-6.00564	0
7.26973	-6.05585	0.331023	7.26973	-6.05585	0
8.24195	-6.01425	0.281565	8.24195	-6.01425	0
9.24759	-5.97757	0.284999	9.24759	-5.97757	0
10.2471	-5.98566	0.289503	10.2471	-5.98566	0
11.3083	-6.07035	0.34763	11.3083	-6.07035	0
-11.4332	-5.94037	0.290369	-11.4332	-5.94037	0
-10.3821	-5.9836	0.320547	-10.3821	-5.9836	0
-9.39256	-6.00488	0.336396	-9.39256	-6.00488	0
-8.39575	-5.9889	0.342398	-8.39575	-5.9889	0
-7.3037	-5.95581	0.329861	-7.3037	-5.95581	0
-6.31919	-5.90047	0.32374	-6.31919	-5.90047	0
-5.26988	-5.89772	0.334493	-5.26988	-5.89772	0
-4.2167	-5.91295	0.326957	-4.2167	-5.91295	0
-3.17078	-5.86451	0.298177	-3.17078	-5.86451	0
-2.12283	-5.86758	0.304365	-2.12283	-5.86758	0
-1.08263	-5.94041	0.346998	-1.08263	-5.94041	0
-0.0613636	-4.91791	0.303365	-0.0613636	-4.91791	0
1.00247	-4.89434	0.309126	1.00247	-4.89434	0
2.01101	-4.97423	0.326129	2.01101	-4.97423	0
3.08865	-4.92386	0.300192	3.08865	-4.92386	0
4.10707	-4.93883	0.324425	4.10707	-4.93883	0
5.12341	-4.97679	0.28603	5.12341	-4.97679	0
6.12466	-4.95283	0.32679	6.12466	-4.95283	0
7.235	-4.98667	0.304451	7.235	-4.98667	0
8.25954	-4.95918	0.331818	8.25954	-4.95918	0
9.24829	-4.93734	0.299529	9.24829	-4.93734	0
10.2478	-4.96116	0.325956	10.2478	-4.96116	0
11.3412	-4.91322	0.312199	11.3412	-4.91322	0
-11.467	-4.91998	0.308523	-11.467	-4.91998	0
-10.3745	-4.92466	0.347089	-10.3745	-4.92466	0
-9.32538	-4.96807	0.320846	-9.32538	-4.96807	0
-8.36394	-4.96469	0.318957	-8.36394	-4.96469	0
-7.30444	-4.93927	0.331474	-7.30444	-4.93927	0
-6.2517	-4.92509	0.323092	-6.2517	-4.92509	0
-5.23483	-4.90191	0.310346	-5.23483	-4.90191	0
-4.19433	-4.88783	0.305241	-4.19433	-4.88783	0
-3.15055	-4.87395	0.325666	-3.15055	-4.87395	0
-2.12285	-4.91203	0.349631	-2.12285	-4.91203	0
-1.09753	-4.84809	0.28032	-1.09753	-4.84809	0
-0.0450517	-3.87933	0.315942	-0.0450517	-3.87933	0
0.954495	-3.82182	0.316639	0.954495	-3.82182	0
1.98144	-3.95191	0.333207	1.98144	-3.95191	0
3.04808	-3.90684	0.313066	3.04808	-3.90684	0
4.04918	-3.88464	0.318625	4.04918	-3.88464	0
5.10745	-3.92188	0.330294	5.10745	-3.92188	0
6.15956	-3.92161	0.287164	6.15956	-3.92161	0
7.13831	-3.92323	0.307509	7.13831	-3.92323	0
8.22403	-3.89995	0.331603	8.22403	-3.89995	0
9.27869	-3.90738	0.333266	9.27869	-3.90738	0
10.3371	-3.93582	0.326544	10.3371	-3.93582	0
11.3375	-3.90052	0.329316	11.3375	-3.90052	0
-11.4082	-3.89297	0.317839	-11.4082	-3.89297	0
-10.4299	-3.95205	0.320013	-10.4299	-3.95205	0
-9.36878	-3.90817	0.320131	-9.36878	-3.90817	0
-8.37875	-3.9611	0.316973	-8.37875	-3.9611	0
-7.31277	-3.90304	0.331594	-7.31277	-3.90304	0
-6.28536	-3.91604	0.338051	-6.28536	-3.91604	0
-5.24942	-3.87001	0.308	-5.24942	-3.87001	0
-4.17323	-3.85716	0.325103	-4.17323	-3.85716	0
-3.15232	-3.88194	0.276739	-3.15232	-3.88194	0
-2.10035	-3.87141	0.313705	-2.10035	-3.87141	0
-1.12154	-3.82485	0.299376	-1.12154	-3.82485	0
0.0071457	-2.90136	0.331976	0.0071457	-2.90136	0
1.00131	-2.84094	0.313912	1.00131	-2.84094	0
2.02409	-2.87636	0.292306	2.02409	-2.87636	0
3.01081	-2.91637	0.347859	3.01081	-2.91637	0
4.0838	-2.86762	0.301193	4.0838	-2.86762	0
5.11119	-2.86989	0.318869	5.11119	-2.86989	0
6.1101	-2.89783	0.283607	6.1101	-2.89783	0
7.18259	-2.88136	0.314082	7.18259	-2.88136	0
8.19834	-2.93257	0.31479	8.19834	-2.93257	0
9.26927	-2.85688	0.344233	9.26927	-2.85688	0
10.2825	-2.91294	0.321304	10.2825	-2.91294	0
11.3901	-2.85345	0.293511	11.3901	-2.85345	0
-11.3974	-2.87137	0.318367	-11.3974	-2.87137	0
-10.3602	-2.89539	0.298499	-10.3602	-2.89539	0
-9.28242	-2.86903	0.303353	-9.28242	-2.86903	0
-8.32566	-2.91213	0.334515	-8.32566	-2.91213	0
-7.31815	-2.88278	0.302939	-7.31815	-2.88278	0
-6.29834	-2.83069	0.311903	-6.29834	-2.83069	0
-5.20766	-2.84221	0.30305	-5.20766	-2.84221	0
-4.2002	-2.84167	0.333525	-4.2002	-2.84167	0
-3.17553	-2.8396	0.329401	-3.17553	-2.8396	0
-2.18706	-2.82501	0.321222	-2.18706	-2.82501	0
-1.09139	-2.81501	0.32755	-1.09139	-2.81501	0
-0.0705739	-1.80424	0.31379	-0.0705739	-1.80424	0
0.991773	-1.87359	0.327577	0.991773	-1.87359	0
2.00622	-1.9054	0.328074	2.00622	-1.9054	0
3.0736	-1.8935	0.304189	3.0736	-1.8935	0
4.05598	-1.87012	0.302568	4.05598	-1.87012	0
5.10836	-1.8781	0.322156	5.10836	-1.8781	0
6.13022	-1.82264	0.304524	6.13022	-1.82264	0
7.1959	-1.81615	0.30539	7.1959	-1.81615	0
8.20792	-1.8269	0.308466	8.20792	-1.8269	0
9.24146	-1.87706	0.311914	9.24146	-1.87706	0
10.2669	-1.89832	0.337981	10.2669	-1.89832	0
11.3239	-1.82859	0.333803	11.3239	-1.82859	0
-11.4732	-1.81526	0.300425	-11.4732	-1.81526	0
-10.3781	-1.87763	0.302786	-10.3781	-1.87763	0
-9.35248	-1.8522	0.316191	-9.35248	-1.8522	0
-8.37844	-1.84141	0.328567	-8.37844	-1.84141	0
-7.31728	-1.82606	0.3093	-7.31728	-1.82606	0
-6.24445	-1.75461	0.32647	-6.24445	-1.75461	0
-5.21029	-1.78723	0.32386	-5.21029	-1.78723	0
-4.14927	-1.81402	0.327956	-4.14927	-1.81402	0
-3.1559	-1.75556	0.331169	-3.1559	-1.75556	0
-2.12653	-1.79678	0.312887	-2.12653	-1.79678	0
-1.13061	-1.8412	0.297172	-1.13061	-1.8412	0
-0.0141027	-0.73911	0.33794	-0.0141027	-0.73911	0
0.959699	-0.837338	0.318249	0.959699	-0.837338	0
1.99694	-0.864691	0.313673	1.99694	-0.864691	0
3.04538	-0.852596	0.32187	3.04538	-0.852596	0
4.08246	-0.83771	0.332846	4.08246	-0.83771	0
5.14953	-0.815329	0.32455	5.14953	-0.815329	0
6.18145	-0.782065	0.333195	6.18145	-0.782065	0
7.21986	-0.759194	0.348671	7.21986	-0.759194	0
8.2731	-0.796448	0.322213	8.2731	-0.796448	0
9.31132	-0.881758	0.340212	9.31132	-0.881758	0
10.288	-0.807568	0.346407	10.288	-0.807568	0
11.2903	-0.772226	0.311236	11.2903	-0.772226	0
-11.4052	-0.792291	0.310476	-11.4052	-0.792291	0
-10.374	-0.819247	0.322456	-10.374	-0.819247	0
-9.38218	-0.821167	0.350341	-9.38218	-0.821167	0
-8.32061	-0.81519	0.325916	-8.32061	-0.81519	0
-7.27261	-0.815322	0.313336	-7.27261	-0.815322	0
-6.19508	-0.796061	0.336206	-6.19508	-0.796061	0
-5.15058	-0.746493	0.306828	-5.15058	-0.746493	0
-4.12996	-0.769651	0.297595	-4.12996	-0.769651	0
-3.19113	-0.790671	0.318954	-3.19113	-0.790671	0
-2.12042	-0.765343	0.351287	-2.12042	-0.765343	0
-1.15629	-0.789272	0.307962	-1.15629	-0.789272	0
