-0.408565	-0.38659	-0.297009	-0.408565	-0.38659	0
0.604411	-0.4548	-0.327261	0.604411	-0.4548	0
1.71316	-0.469719	-0.319274	1.71316	-0.469719	0
2.747	-0.465944	-0.326196	2.747	-0.465944	0
3.82504	-0.418078	-0.323849	3.82504	-0.418078	0
4.81828	-0.383938	-0.328357	4.81828	-0.383938	0
5.84657	-0.381456	-0.338166	5.84657	-0.381456	0
6.87509	-0.422685	-0.322835	6.87509	-0.422685	0
7.88537	-0.462575	-0.330052	7.88537	-0.462575	0
8.88007	-0.412998	-0.313982	8.88007	-0.412998	0
9.96482	-0.38601	-0.323486	9.96482	-0.38601	0
10.9732	-0.460047	-0.351664	10.9732	-0.460047	0
-11.8598	-0.439393	-0.310805	-11.8598	-0.439393	0
-10.8126	-0.433396	-0.305445	-10.8126	-0.433396	0
-9.80335	-0.527131	-0.307709	-9.80335	-0.527131	0
-8.70452	-0.511322	-0.288709	-8.70452	-0.511322	0
-7.65518	-0.476335	-0.304855	-7.65518	-0.476335	0
-6.63994	-0.450179	-0.332058	-6.63994	-0.450179	0
-5.51859	-0.371045	-0.314602	-5.51859	-0.371045	0
-4.55479	-0.376828	-0.314972	-4.55479	-0.376828	0
-3.47716	-0.489724	-0.323069	-3.47716	-0.489724	0
-2.4148	-0.42266	-0.317433	-2.4148	-0.42266	0
-1.40645	-0.424632	-0.320213	-1.40645	-0.424632	0
-0.404757	0.652735	-0.321561	-0.404757	0.652735	0
0.643357	0.575208	-0.321654	0.643357	0.575208	0
1.72226	0.637102	-0.327325	1.72226	0.637102	0
2.76114	0.570677	-0.361007	2.76114	0.570677	0
3.76119	0.593382	-0.324577	3.76119	0.593382	0
4.79698	0.649879	-0.311579	4.79698	0.649879	0
5.80366	0.665145	-0.313923	5.80366	0.665145	0
6.82974	0.64401	-0.329676	6.82974	0.64401	0
7.81178	0.56789	-0.332381	7.81178	0.56789	0
8.8844	0.579024	-0.336884	8.8844	0.579024	0
9.87636	0.652679	-0.322174	9.87636	0.652679	0
10.9195	0.638468	-0.329914	10.9195	0.638468	0
-11.8464	0.527466	-0.314485	-11.8464	0.527466	0
-10.7994	0.592429	-0.316269	-10.7994	0.592429	0
-9.71325	0.561294	-0.323527	-9.71325	0.561294	0
-8.69266	0.537429	-0.344986	-8.69266	0.537429	0
-7.65717	0.552917	-0.323737	-7.65717	0.552917	0
-6.61563	0.577372	-0.324933	-6.61563	0.577372	0
-5.53799	0.651355	-0.332394	-5.53799	0.651355	0
-4.48805	0.597758	-0.295034	-4.48805	0.597758	0
-3.4852	0.572231	-0.297856	-3.4852	0.572231	0
-2.47719	0.593106	-0.285784	-2.47719	0.593106	0
-1.44249	0.617099	-0.327669	-1.44249	0.617099	0
-0.353851	1.64064	-0.297088	-0.353851	1.64064	0
0.61939	1.57503	-0.26757	0.61939	1.57503	0
1.71207	1.64964	-0.317059	1.71207	1.64964	0
2.71516	1.60521	-0.315453	2.71516	1.60521	0
3.78068	1.67594	-0.319254	3.78068	1.67594	0
4.81415	1.69186	-0.329077	4.81415	1.69186	0
5.79754	1.72136	-0.356574	5.79754	1.72136	0
6.85108	1.6388	-0.320745	6.85108	1.6388	0
7.85427	1.63469	-0.290691	7.85427	1.63469	0
8.84909	1.6435	-0.291892	8.84909	1.6435	0
9.88356	1.63856	-0.320228	9.88356	1.63856	0
10.9758	1.59758	-0.322414	10.9758	1.59758	0
-11.8105	1.62021	-0.303769	-11.8105	1.62021	0
-10.7814	1.61101	-0.319812	-10.7814	1.61101	0
-9.74183	1.6018	-0.312115	-9.74183	1.6018	0
-8.69402	1.58366	-0.339488	-8.69402	1.58366	0
-7.62586	1.65822	-0.308816	-7.62586	1.65822	0
-6.62771	1.65455	-0.31931	-6.62771	1.65455	0
-5.59494	1.63561	-0.326257	-5.59494	1.63561	0
-4.57361	1.69327	-0.333379	-4.57361	1.69327	0
-3.46122	1.64675	-0.318776	-3.46122	1.64675	0
-2.46921	1.59733	-0.306377	-2.46921	1.59733	0
-1.47036	1.66362	-0.314025	-1.47036	1.66362	0
-0.426853	2.64599	-0.31729	-0.426853	2.64599	0
0.597185	2.66392	-0.317648	0.597185	2.66392	0
1.63485	2.60816	-0.318162	1.63485	2.60816	0
2.7456	2.68172	-0.327111	2.7456	2.68172	0
3.75961	2.66753	-0.326845	3.75961	2.66753	0
4.80547	2.72565	-0.305728	4.80547	2.72565	0
5.84583	2.68555	-0.319668	5.84583	2.68555	0
6.82494	2.69897	-0.318083	6.82494	2.69897	0
7.90464	2.72939	-0.316617	7.90464	2.72939	0
8.93262	2.67067	-0.318663	8.93262	2.67067	0
9.98057	2.64116	-0.323524	9.98057	2.64116	0
10.9767	2.69166	-0.344674	10.9767	2.69166	0
-11.7829	2.61079	-0.280596	-11.7829	2.61079	0
-10.7137	2.66834	-0.341991	-10.7137	2.66834	0
-9.68565	2.67823	-0.29117	-9.68565	2.67823	0
-8.66731	2.66631	-0.277792	-8.66731	2.66631	0
-7.704	2.64224	-0.289001	-7.704	2.64224	0
-6.69486	2.68202	-0.29025	-6.69486	2.68202	0
-5.62789	2.63519	-0.31372	-5.62789	2.63519	0
-4.56724	2.63776	-0.302653	-4.56724	2.63776	0
-3.56456	2.66793	-0.324766	-3.56456	2.66793	0
-2.4659	2.61267	-0.318495	-2.4659	2.61267	0
-1.45814	2.69205	-0.324563	-1.45814	2.69205	0
-0.469339	3.65622	-0.31265	-0.469339	3.65622	0
0.588948	3.70986	-0.32452	0.588948	3.70986	0
1.65599	3.72974	-0.319648	1.65599	3.72974	0
2.7338	3.65561	-0.33036	2.7338	3.65561	0
3.77458	3.72297	-0.334535	3.77458	3.72297	0
4.81759	3.7597	-0.296091	4.81759	3.7597	0
5.86627	3.73648	-0.303605	5.86627	3.73648	0
6.88402	3.78419	-0.340524	6.88402	3.78419	0
7.93058	3.75494	-0.309347	7.93058	3.75494	0
8.90833	3.75993	-0.333813	8.90833	3.75993	0
9.93479	3.67459	-0.314512	9.93479	3.67459	0
10.9509	3.7127	-0.31241	10.9509	3.7127	0
-11.8337	3.66871	-0.325578	-11.8337	3.66871	0
-10.7744	3.7574	-0.326362	-10.7744	3.7574	0
-9.75378	3.72095	-0.321817	-9.75378	3.72095	0
-8.73085	3.71093	-0.331111	-8.73085	3.71093	0
-7.71553	3.67659	-0.306447	-7.71553	3.67659	0
-6.65508	3.67267	-0.30386	-6.65508	3.67267	0
-5.56935	3.657	-0.339791	-5.56935	3.657	0
-4.56968	3.71867	-0.314507	-4.56968	3.71867	0
-3.53466	3.74217	-0.315952	-3.53466	3.74217	0
-2.5131	3.69244	-0.330664	-2.5131	3.69244	0
-1.43029	3.71721	-0.323524	-1.43029	3.71721	0
-0.435231	4.70739	-0.346974	-0.435231	4.70739	0
0.561808	4.72432	-0.319195	0.561808	4.72432	0
1.58317	4.73983	-0.338644	1.58317	4.73983	0
2.6868	4.73528	-0.316997	2.6868	4.73528	0
3.72906	4.7583	-0.288601	3.72906	4.7583	0
4.7983	4.78599	-0.316462	4.7983	4.78599	0
5.84866	4.77313	-0.333469	5.84866	4.77313	0
6.88988	4.75174	-0.296106	6.88988	4.75174	0
7.90882	4.77006	-0.306133	7.90882	4.77006	0
8.87238	4.75419	-0.321264	8.87238	4.75419	0
9.90361	4.73018	-0.329769	9.90361	4.73018	0
10.9818	4.70581	-0.321401	10.9818	4.70581	0
-11.8045	4.72654	-0.324998	-11.8045	4.72654	0
-10.7734	4.74644	-0.301225	-10.7734	4.74644	0
-9.66359	4.71767	-0.321824	-9.66359	4.71767	0
-8.70555	4.73014	-0.310674	-8.70555	4.73014	0
-7.58625	4.69186	-0.347386	-7.58625	4.69186	0
-6.61909	4.70075	-0.288034	-6.61909	4.70075	0
-5.62256	4.74146	-0.310717	-5.62256	4.74146	0
-4.60422	4.73402	-0.305007	-4.60422	4.73402	0
-3.5258	4.75629	-0.331946	-3.5258	4.75629	0
-2.52852	4.73858	-0.304198	-2.52852	4.73858	0
-1.50399	4.68342	-0.32752	-1.50399	4.68342	0
-0.392052	5.77893	-0.28647	-0.392052	5.77893	0
0.555887	5.73979	-0.31445	0.555887	5.73979	0
1.58044	5.73114	-0.339921	1.58044	5.73114	0
2.66521	5.72522	-0.339904	2.66521	5.72522	0
3.68081	5.7328	-0.285732	3.68081	5.7328	0
4.74122	5.75146	-0.291101	4.74122	5.75146	0
5.84481	5.74499	-0.343785	5.84481	5.74499	0
6.85687	5.74551	-0.318041	6.85687	5.74551	0
7.78664	5.82625	-0.334083	7.78664	5.82625	0
8.8509	5.81149	-0.36663	8.8509	5.81149	0
9.9032	5.76687	-0.333536	9.9032	5.76687	0
10.8989	5.71066	-0.320943	10.8989	5.71066	0
-11.8047	5.74521	-0.296964	-11.8047	5.74521	0
-10.7673	5.73105	-0.350966	-10.7673	5.73105	0
-9.74063	5.76152	-0.296097	-9.74063	5.76152	0
-8.72286	5.81426	-0.27487	-8.72286	5.81426	0
-7.68059	5.75476	-0.296392	-7.68059	5.75476	0
-6.61327	5.74403	-0.333942	-6.61327	5.74403	0
-5.6456	5.75336	-0.314073	-5.6456	5.75336	0
-4.59483	5.75934	-0.307685	-4.59483	5.75934	0
-3.54586	5.80659	-0.330717	-3.54586	5.80659	0
-2.50201	5.73518	-0.326609	-2.50201	5.73518	0
-1.45767	5.78989	-0.306443	-1.45767	5.78989	0
-0.473436	6.7736	-0.336952	-0.473436	6.7736	0
0.592203	6.80915	-0.315349	0.592203	6.80915	0
1.6395	6.82136	-0.299355	1.6395	6.82136	0
2.64012	6.78808	-0.329891	2.64012	6.78808	0
3.65154	6.75696	-0.315515	3.65154	6.75696	0
4.62099	6.80365	-0.319294	4.62099	6.80365	0
5.67241	6.8117	-0.33464	5.67241	6.8117	0
6.72634	6.85464	-0.319441	6.72634	6.85464	0
7.7518	6.81899	-0.318938	7.7518	6.81899	0
8.85084	6.80453	-0.296022	8.85084	6.80453	0
9.86259	6.80327	-0.31772	9.86259	6.80327	0
10.8771	6.77338	-0.322065	10.8771	6.77338	0
-11.8163	6.71286	-0.332021	-11.8163	6.71286	0
-10.7997	6.78833	-0.310288	-10.7997	6.78833	0
-9.76285	6.76543	-0.329993	-9.76285	6.76543	0
-8.73871	6.85122	-0.320605	-8.73871	6.85122	0
-7.6925	6.82596	-0.304553	-7.6925	6.82596	0
-6.71004	6.79942	-0.31429	-6.71004	6.79942	0
-5.66357	6.75636	-0.310255	-5.66357	6.75636	0
-4.65071	6.89262	-0.281243	-4.65071	6.89262	0
-3.62132	6.78929	-0.300146	-3.62132	6.78929	0
-2.57341	6.79728	-0.322103	-2.57341	6.79728	0
-1.49943	6.85791	-0.317165	-1.49943	6.85791	0
-0.509965	7.89735	-0.340628	-0.509965	7.89735	0
0.529042	7.85152	-0.336893	0.529042	7.85152	0
1.61241	7.81333	-0.280515	1.61241	7.81333	0
2.66307	7.83435	-0.304727	2.66307	7.83435	0
3.69474	7.7729	-0.319339	3.69474	7.7729	0
4.7035	7.8281	-0.302301	4.7035	7.8281	0
5.70174	7.86824	-0.32493	5.70174	7.86824	0
6.71663	7.88238	-0.332504	6.71663	7.88238	0
7.8033	7.91396	-0.3159	7.8033	7.91396	0
8.84807	7.82528	-0.305038	8.84807	7.82528	0
9.86285	7.82895	-0.325257	9.86285	7.82895	0
10.9173	7.79208	-0.329786	10.9173	7.79208	0
-11.9241	7.82133	-0.325921	11.8619	7.82133	0
-10.8648	7.84951	-0.308094	-10.8648	7.84951	0
-9.82264	7.82742	-0.320799	-9.82264	7.82742	0
-8.69387	7.86999	-0.324928	-8.69387	7.86999	0
-7.71556	7.77837	-0.291431	-7.71556	7.77837	0
-6.68548	7.83333	-0.315236	-6.68548	7.83333	0
-5.61284	7.86262	-0.310343	-5.61284	7.86262	0
-4.63035	7.8989	-0.313449	-4.63035	7.8989	0
-3.57223	7.81196	-0.319926	-3.57223	7.81196	0
-2.59296	7.86769	-0.298692	-2.59296	7.86769	0
-1.4949	7.84428	-0.317755	-1.4949	7.84428	0
-0.437526	8.92703	-0.319773	-0.437526	8.92703	0
0.599515	8.84106	-0.327423	0.599515	8.84106	0
1.60556	8.85707	-0.327471	1.60556	8.85707	0
2.6978	8.84239	-0.332066	2.6978	8.84239	0
3.67449	8.8746	-0.293557	3.67449	8.8746	0
4.75148	8.84079	-0.321066	4.75148	8.84079	0
5.76435	8.83286	-0.286679	5.76435	8.83286	0
6.74445	8.88734	-0.291965	6.74445	8.88734	0
7.79731	8.97149	-0.320738	7.79731	8.97149	0
8.82116	8.90933	-0.279634	8.82116	8.90933	0
9.83737	8.88152	-0.265842	9.83737	8.88152	0
10.8765	8.86009	-0.322744	10.8765	8.86009	0
-11.9213	8.83462	-0.322596	11.8647	8.83462	0
-10.8686	8.84019	-0.28434	-10.8686	8.84019	0
-9.79249	8.88228	-0.323159	-9.79249	8.88228	0
-8.73456	8.89085	-0.313886	-8.73456	8.89085	0
-7.704	8.8343	-0.332167	-7.704	8.8343	0
-6.68526	8.88047	-0.3281	-6.68526	8.88047	0
-5.62188	8.89051	-0.293193	-5.62188	8.89051	0
-4.55898	8.91835	-0.321245	-4.55898	8.91835	0
-3.56463	8.86436	-0.318277	-3.56463	8.86436	0
-2.52157	8.8846	-0.326323	-2.52157	8.8846	0
-1.51236	8.91574	-0.307628	-1.51236	8.91574	0
-0.400768	9.90139	-0.321108	-0.400768	9.90139	0
0.563961	9.86761	-0.343154	0.563961	9.86761	0
1.61097	9.85555	-0.320437	1.61097	9.85555	0
2.66981	9.89839	-0.347696	2.66981	9.89839	0
3.72204	9.86112	-0.306858	3.72204	9.86112	0
4.69989	9.90869	-0.329526	4.69989	9.90869	0
5.70779	9.93475	-0.316997	5.70779	9.93475	0
6.75112	9.95408	-0.301525	6.75112	9.95408	0
7.7725	10.0036	-0.323311	7.7725	10.0036	0
8.84973	9.88533	-0.319787	8.84973	9.88533	0
9.88209	9.82807	-0.303077	9.88209	9.82807	0
10.8638	9.89972	-0.327465	10.8638	9.89972	0
-11.8786	9.92721	-0.325978	-11.8786	9.92721	0
-10.8824	9.86828	-0.3079	-10.8824	9.86828	0
-9.85754	9.91901	-0.340917	-9.85754	9.91901	0
-8.75872	9.9273	-0.333971	-8.75872	9.9273	0
-7.78235	9.93078	-0.332583	-7.78235	9.93078	0
-6.66277	9.89485	-0.330825	-6.66277	9.89485	0
-5.59702	9.89521	-0.311168	-5.59702	9.89521	0
-4.55091	9.93256	-0.321303	-4.55091	9.93256	0
-3.55898	9.93864	-0.333539	-3.55898	9.93864	0
-2.46561	9.92838	-0.340608	-2.46561	9.92838	0
-1.46484	9.91149	-0.320796	-1.46484	9.91149	0
-0.371686	10.9403	-0.312071	-0.371686	10.9403	0
0.59168	10.9471	-0.323296	0.59168	10.9471	0
1.61827	10.8972	-0.305859	1.61827	10.8972	0
2.62163	10.9045	-0.315323	2.62163	10.9045	0
3.61768	10.9557	-0.327554	3.61768	10.9557	0
4.67894	10.9716	-0.318528	4.67894	10.9716	0
5.69001	10.9529	-0.332511	5.69001	10.9529	0
6.79592	10.9523	-0.295029	6.79592	10.9523	0
7.77884	10.9841	-0.327363	7.77884	10.9841	0
8.85712	10.9476	-0.346816	8.85712	10.9476	0
9.8742	10.9367	-0.290856	9.8742	10.9367	0
10.8548	10.9347	-0.322842	10.8548	10.9347	0
-11.8485	10.9239	-0.322835	-11.8485	10.9239	0
-10.8339	10.9007	-0.303232	-10.8339	10.9007	0
-9.79735	10.9272	-0.302144	-9.79735	10.9272	0
-8.76574	10.9559	-0.31432	-8.76574	10.9559	0
-7.7143	10.9451	-0.317803	-7.7143	10.9451	0
-6.66997	10.9293	-0.311803	-6.66997	10.9293	0
-5.63026	10.9395	-0.31748	-5.63026	10.9395	0
-4.58357	10.9109	-0.307528	-4.58357	10.9109	0
-3.5495	10.9417	-0.298062	-3.5495	10.9417	0
-2.42739	10.9742	-0.282989	-2.42739	10.9742	0
-1.40011	10.8951	-0.290511	-1.40011	10.8951	0
-0.401762	-11.83	-0.311823	-0.401762	-11.83	0
0.556568	-11.8203	-0.297142	0.556568	-11.8203	0
1.60446	-11.8449	-0.32828	1.60446	-11.8449	0
2.59548	-11.8448	-0.338194	2.59548	-11.8448	0
3.62132	-11.7701	-0.293459	3.62132	-11.7701	0
4.64911	-11.8251	-0.341192	4.64911	-11.8251	0
5.70318	-11.8576	-0.338128	5.70318	-11.8576	0
6.69686	-11.8347	-0.322062	6.69686	-11.8347	0
7.81184	-11.8254	-0.303244	7.81184	-11.8254	0
8.84249	-11.7917	-0.302396	8.84249	-11.7917	0
9.89573	-11.8418	-0.329095	9.89573	-11.8418	0
10.9019	-11.8848	-0.336615	10.9019	-11.8848	0
-11.8125	-11.8243	-0.309592	-11.8125	-11.8243	0
-10.7773	-11.8684	-0.317266	-10.7773	-11.8684	0
-9.73357	-11.7989	-0.291172	-9.73357	-11.7989	0
-8.7208	-11.7675	-0.298761	-8.7208	-11.7675	0
-7.67077	-11.7353	-0.336128	-7.67077	-11.7353	0
-6.59927	-11.8473	-0.332742	-6.59927	-11.8473	0
-5.57898	-11.8423	-0.314142	-5.57898	-11.8423	0
-4.53996	-11.8338	-0.324103	-4.53996	-11.8338	0
-3.53096	-11.8268	-0.313238	-3.53096	-11.8268	0
-2.51966	-11.8367	-0.344574	-2.51966	-11.8367	0
-1.47155	-11.8119	-0.300651	-1.47155	-11.8119	0
-0.477882	-10.784	-0.342219	-0.477882	-10.784	0
0.573557	-10.795	-0.327986	0.573557	-10.795	0
1.61485	-10.7546	-0.323508	1.61485	-10.7546	0
2.61611	-10.8246	-0.32354	2.61611	-10.8246	0
3.66692	-10.7637	-0.310328	3.66692	-10.7637	0
4.71901	-10.7723	-0.314343	4.71901	-10.7723	0
5.72101	-10.7755	-0.326211	5.72101	-10.7755	0
6.75443	-10.784	-0.318779	6.75443	-10.784	0
7.78231	-10.8096	-0.317706	7.78231	-10.8096	0
8.8141	-10.7724	-0.32571	8.8141	-10.7724	0
9.87089	-10.8154	-0.32647	9.87089	-10.8154	0
10.9311	-10.8493	-0.332251	10.9311	-10.8493	0
-11.7976	-10.8347	-0.306885	-11.7976	-10.8347	0
-10.7583	-10.8575	-0.324646	-10.7583	-10.8575	0
-9.75633	-10.8004	-0.311567	-9.75633	-10.8004	0
-8.66089	-10.6952	-0.324727	-8.66089	-10.6952	0
-7.68567	-10.6932	-0.320444	-7.68567	-10.6932	0
-6.60581	-10.8306	-0.345815	-6.60581	-10.8306	0
-5.59287	-10.7979	-0.345945	-5.59287	-10.7979	0
-4.54405	-10.8146	-0.328692	-4.54405	-10.8146	0
-3.52089	-10.7836	-0.314384	-3.52089	-10.7836	0
-2.50336	-10.8072	-0.315722	-2.50336	-10.8072	0
-1.46359	-10.818	-0.349057	-1.46359	-10.818	0
-0.522595	-9.74699	-0.302	-0.522595	-9.74699	0
0.541228	-9.73007	-0.323234	0.541228	-9.73007	0
1.60878	-9.73806	-0.318009	1.60878	-9.73806	0
2.58915	-9.75451	-0.281026	2.58915	-9.75451	0
3.6448	-9.74028	-0.324197	3.6448	-9.74028	0
4.6842	-9.6919	-0.309837	4.6842	-9.6919	0
5.68994	-9.75869	-0.316486	5.68994	-9.75869	0
6.73723	-9.74687	-0.306247	6.73723	-9.74687	0
7.73851	-9.79765	-0.298287	7.73851	-9.79765	0
8.86254	-9.7507	-0.331496	8.86254	-9.7507	0
9.88317	-9.78371	-0.299782	9.88317	-9.78371	0
10.9361	-9.80122	-0.300986	10.9361	-9.80122	0
-11.7821	-9.77456	-0.301995	-11.7821	-9.77456	0
-10.7758	-9.78165	-0.297313	-10.7758	-9.78165	0
-9.76268	-9.7524	-0.32892	-9.76268	-9.7524	0
-8.74866	-9.6722	-0.283899	-8.74866	-9.6722	0
-7.72534	-9.72529	-0.309973	-7.72534	-9.72529	0
-6.60259	-9.79484	-0.326751	-6.60259	-9.79484	0
-5.60826	-9.75799	-0.305327	-5.60826	-9.75799	0
-4.56502	-9.79045	-0.279767	-4.56502	-9.79045	0
-3.60206	-9.75732	-0.333475	-3.60206	-9.75732	0
-2.56927	-9.7519	-0.33356	-2.56927	-9.7519	0
-1.5369	-9.80229	-0.309357	-1.5369	-9.80229	0
-0.510104	-8.73435	-0.310093	-0.510104	-8.73435	0
0.528174	-8.71115	-0.291276	0.528174	-8.71115	0
1.58236	-8.73564	-0.328773	1.58236	-8.73564	0
2.62275	-8.69527	-0.308682	2.62275	-8.69527	0
3.65914	-8.72925	-0.318363	3.65914	-8.72925	0
4.69449	-8.6809	-0.312843	4.69449	-8.6809	0
5.74751	-8.74236	-0.315865	5.74751	-8.74236	0
6.81076	-8.71755	-0.301701	6.81076	-8.71755	0
7.82084	-8.67012	-0.320199	7.82084	-8.67012	0
8.86057	-8.66103	-0.324023	8.86057	-8.66103	0
9.89153	-8.72646	-0.314959	9.89153	-8.72646	0
10.8984	-8.73391	-0.353371	10.8984	-8.73391	0
-11.8039	-8.73375	-0.315504	-11.8039	-8.73375	0
-10.8173	-8.73902	-0.345746	-10.8173	-8.73902	0
-9.76586	-8.67633	-0.319887	-9.76586	-8.67633	0
-8.78256	-8.65131	-0.33481	-8.78256	-8.65131	0
-7.66871	-8.72895	-0.315202	-7.66871	-8.72895	0
-6.69648	-8.74539	-0.338189	-6.69648	-8.74539	0
-5.68417	-8.74382	-0.350659	-5.68417	-8.74382	0
-4.65389	-8.72685	-0.324715	-4.65389	-8.72685	0
-3.6417	-8.76909	-0.314931	-3.6417	-8.76909	0
-2.52242	-8.70676	-0.353411	-2.52242	-8.70676	0
-1.53985	-8.80784	-0.319486	-1.53985	-8.80784	0
-0.476753	-7.70804	-0.329601	-0.476753	-7.70804	0
0.57256	-7.68337	-0.315594	0.57256	-7.68337	0
1.57476	-7.7123	-0.31963	1.57476	-7.7123	0
2.61302	-7.7168	-0.332256	2.61302	-7.7168	0
3.69764	-7.64041	-0.318503	3.69764	-7.64041	0
4.7179	-7.68506	-0.33593	4.7179	-7.68506	0
5.77472	-7.72292	-0.28513	5.77472	-7.72292	0
6.80836	-7.66082	-0.279263	6.80836	-7.66082	0
7.86295	-7.64464	-0.318788	7.86295	-7.64464	0
8.8334	-7.65282	-0.312842	8.8334	-7.65282	0
9.86263	-7.70918	-0.323387	9.86263	-7.70918	0
10.9174	-7.67869	-0.319814	10.9174	-7.67869	0
-11.8048	-7.65174	-0.338669	-11.8048	-7.65174	0
-10.8326	-7.68319	-0.303847	-10.8326	-7.68319	0
-9.82253	-7.64701	-0.292689	-9.82253	-7.64701	0
-8.76776	-7.61773	-0.340063	-8.76776	-7.61773	0
-7.71847	-7.69782	-0.337943	-7.71847	-7.69782	0
-6.67572	-7.69227	-0.321984	-6.67572	-7.69227	0
-5.68679	-7.66012	-0.325325	-5.68679	-7.66012	0
-4.60211	-7.70265	-0.330577	-4.60211	-7.70265	0
-3.56694	-7.71317	-0.336622	-3.56694	-7.71317	0
-2.55728	-7.6455	-0.339744	-2.55728	-7.6455	0
-1.52245	-7.73495	-0.349737	-1.52245	-7.73495	0
-0.50507	-6.65198	-0.328459	-0.50507	-6.65198	0
0.517377	-6.63823	-0.307955	0.517377	-6.63823	0
1.58718	-6.68083	-0.343049	1.58718	-6.68083	0
2.71292	-6.67598	-0.306928	2.71292	-6.67598	0
3.67776	-6.635	-0.325796	3.67776	-6.635	0
4.73056	-6.66993	-0.319299	4.73056	-6.66993	0
5.73222	-6.74359	-0.309139	5.73222	-6.74359	0
6.83768	-6.63581	-0.304325	6.83768	-6.63581	0
7.87221	-6.62713	-0.318806	7.87221	-6.62713	0
8.89697	-6.63873	-0.305067	8.89697	-6.63873	0
9.93458	-6.64261	-0.298043	9.93458	-6.64261	0
10.9372	-6.6123	-0.346848	10.9372	-6.6123	0
-11.8136	-6.63189	-0.327643	-11.8136	-6.63189	0
-10.7837	-6.66087	-0.310934	-10.7837	-6.66087	0
-9.79156	-6.61712	-0.312342	-9.79156	-6.61712	0
-8.71779	-6.57541	-0.273974	-8.71779	-6.57541	0
-7.69243	-6.65435	-0.291849	-7.69243	-6.65435	0
-6.60629	-6.61936	-0.331741	-6.60629	-6.61936	0
-5.56742	-6.63565	-0.322605	-5.56742	-6.63565	0
-4.56744	-6.65714	-0.320844	-4.56744	-6.65714	0
-3.60003	-6.64099	-0.32625	-3.60003	-6.64099	0
-2.52512	-6.58937	-0.282166	-2.52512	-6.58937	0
-1.51721	-6.63739	-0.300189	-1.51721	-6.63739	0
-0.391946	-5.57747	-0.319432	-0.391946	-5.57747	0
0.619646	-5.63974	-0.312187	0.619646	-5.63974	0
1.62698	-5.65322	-0.287334	1.62698	-5.65322	0
2.65477	-5.67105	-0.310694	2.65477	-5.67105	0
3.7135	-5.60909	-0.318462	3.7135	-5.60909	0
4.71568	-5.64202	-0.342002	4.71568	-5.64202	0
5.81927	-5.59864	-0.339703	5.81927	-5.59864	0
6.77146	-5.59156	-0.272809	6.77146	-5.59156	0
7.85748	-5.56103	-0.294568	7.85748	-5.56103	0
8.81661	-5.59568	-0.33209	8.81661	-5.59568	0
9.88538	-5.6272	-0.308382	9.88538	-5.6272	0
10.8717	-5.56708	-0.284654	10.8717	-5.56708	0
-11.8626	-5.65035	-0.317166	-11.8626	-5.65035	0
-10.8128	-5.62875	-0.312719	-10.8128	-5.62875	0
-9.7397	-5.64041	-0.309176	-9.7397	-5.64041	0
-8.69161	-5.59039	-0.318425	-8.69161	-5.59039	0
-7.61714	-5.61959	-0.322293	-7.61714	-5.61959	0
-6.63749	-5.5755	-0.308773	-6.63749	-5.5755	0
-5.60889	-5.60618	-0.313546	-5.60889	-5.60618	0
-4.53479	-5.5857	-0.321516	-4.53479	-5.5857	0
-3.53099	-5.49485	-0.324235	-3.53099	-5.49485	0
-2.48231	-5.58698	-0.326902	-2.48231	-5.58698	0
-1.54753	-5.64135	-0.308728	-1.54753	-5.64135	0
-0.376119	-4.54431	-0.30824	-0.376119	-4.54431	0
0.617016	-4.56036	-0.311642	0.617016	-4.56036	0
1.65235	-4.68103	-0.328042	1.65235	-4.68103	0
2.6775	-4.60787	-0.29923	2.6775	-4.60787	0
3.68342	-4.59487	-0.305449	3.68342	-4.59487	0
4.68501	-4.56515	-0.306507	4.68501	-4.56515	0
5.69124	-4.60738	-0.321736	5.69124	-4.60738	0
6.7568	-4.56047	-0.328862	6.7568	-4.56047	0
7.79047	-4.57139	-0.329477	7.79047	-4.57139	0
8.77561	-4.53219	-0.332391	8.77561	-4.53219	0
9.82379	-4.52413	-0.31254	9.82379	-4.52413	0
10.8892	-4.55646	-0.338033	10.8892	-4.55646	0
-11.8632	-4.69577	-0.344745	-11.8632	-4.69577	0
-10.8098	-4.60633	-0.330906	-10.8098	-4.60633	0
-9.75062	-4.60117	-0.293397	-9.75062	-4.60117	0
-8.73588	-4.56635	-0.326032	-8.73588	-4.56635	0
-7.70109	-4.58647	-0.319151	-7.70109	-4.58647	0
-6.6369	-4.57059	-0.318731	-6.6369	-4.57059	0
-5.63407	-4.62207	-0.299842	-5.63407	-4.62207	0
-4.56525	-4.53435	-0.348999	-4.56525	-4.53435	0
-3.46143	-4.54139	-0.303737	-3.46143	-4.54139	0
-2.48338	-4.57172	-0.287282	-2.48338	-4.57172	0
-1.40266	-4.5796	-0.340616	-1.40266	-4.5796	0
-0.411413	-3.5144	-0.312114	-0.411413	-3.5144	0
0.595145	-3.58783	-0.329165	0.595145	-3.58783	0
1.69385	-3.56808	-0.335977	1.69385	-3.56808	0
2.64201	-3.60727	-0.326805	2.64201	-3.60727	0
3.66229	-3.5508	-0.338633	3.66229	-3.5508	0
4.72853	-3.55229	-0.315258	4.72853	-3.55229	0
5.70102	-3.54493	-0.331566	5.70102	-3.54493	0
6.74596	-3.5543	-0.313063	6.74596	-3.5543	0
7.74832	-3.50079	-0.328818	7.74832	-3.50079	0
8.77688	-3.49221	-0.324136	8.77688	-3.49221	0
9.81094	-3.52748	-0.32843	9.81094	-3.52748	0
10.876	-3.58543	-0.311079	10.876	-3.58543	0
-11.9418	-3.56945	-0.322511	11.8443	-3.56945	0
-10.8496	-3.57193	-0.327693	-10.8496	-3.57193	0
-9.80799	-3.58885	-0.330213	-9.80799	-3.58885	0
-8.78081	-3.61255	-0.329494	-8.78081	-3.61255	0
-7.6774	-3.55316	-0.312502	-7.6774	-3.55316	0
-6.62674	-3.55677	-0.315691	-6.62674	-3.55677	0
-5.53415	-3.53928	-0.291016	-5.53415	-3.53928	0
-4.5411	-3.49708	-0.311021	-4.5411	-3.49708	0
-3.46796	-3.51414	-0.294404	-3.46796	-3.51414	0
-2.43606	-3.50813	-0.316774	-2.43606	-3.50813	0
-1.41752	-3.53932	-0.314109	-1.41752	-3.53932	0
-0.370824	-2.49568	-0.30874	-0.370824	-2.49568	0
0.641626	-2.5045	-0.307153	0.641626	-2.5045	0
1.65949	-2.50665	-0.316035	1.65949	-2.50665	0
2.69004	-2.5109	-0.349275	2.69004	-2.5109	0
3.75845	-2.43591	-0.336151	3.75845	-2.43591	0
4.75942	-2.54933	-0.281219	4.75942	-2.54933	0
5.76538	-2.5095	-0.290704	5.76538	-2.5095	0
6.7948	-2.44178	-0.307873	6.7948	-2.44178	0
7.83013	-2.48059	-0.305423	7.83013	-2.48059	0
8.8402	-2.4219	-0.321014	8.8402	-2.4219	0
9.85727	-2.44945	-0.326359	9.85727	-2.44945	0
10.8685	-2.52643	-0.291766	10.8685	-2.52643	0
-11.8142	-2.49827	-0.337218	-11.8142	-2.49827	0
-10.8153	-2.58966	-0.334511	-10.8153	-2.58966	0
-9.78736	-2.55685	-0.318675	-9.78736	-2.55685	0
-8.7406	-2.59662	-0.319712	-8.7406	-2.59662	0
-7.67528	-2.47234	-0.314446	-7.67528	-2.47234	0
-6.59115	-2.52765	-0.344963	-6.59115	-2.52765	0
-5.59223	-2.51138	-0.330593	-5.59223	-2.51138	0
-4.53998	-2.48274	-0.312668	-4.53998	-2.48274	0
-3.4881	-2.48887	-0.305854	-3.4881	-2.48887	0
-2.47075	-2.45391	-0.353275	-2.47075	-2.45391	0
-1.43266	-2.48783	-0.33172	-1.43266	-2.48783	0
-0.345175	-1.4716	-0.33364	-0.345175	-1.4716	0
0.651168	-1.51115	-0.318378	0.651168	-1.51115	0
1.69637	-1.51054	-0.327942	1.69637	-1.51054	0
2.71873	-1.46119	-0.29854	2.71873	-1.46119	0
3.74604	-1.45234	-0.278222	3.74604	-1.45234	0
4.79397	-1.4206	-0.296846	4.79397	-1.4206	0
5.77242	-1.47329	-0.30615	5.77242	-1.47329	0
6.8016	-1.45368	-0.314883	6.8016	-1.45368	0
7.81977	-1.46682	-0.297388	7.81977	-1.46682	0
8.93223	-1.37997	-0.300383	8.93223	-1.37997	0
9.9473	-1.45529	-0.326395	9.9473	-1.45529	0
10.9613	-1.44483	-0.315387	10.9613	-1.44483	0
-11.7694	-1.51526	-0.322434	-11.7694	-1.51526	0
-10.7978	-1.51805	-0.349274	-10.7978	-1.51805	0
-9.80814	-1.55584	-0.308569	-9.80814	-1.55584	0
-8.74414	-1.55268	-0.330608	-8.74414	-1.55268	0
-7.66653	-1.45716	-0.29102	-7.66653	-1.45716	0
-6.62122	-1.46758	-0.313751	-6.62122	-1.46758	0
-5.60723	-1.38613	-0.29591	-5.60723	-1.38613	0
-4.56381	-1.43229	-0.278813	-4.56381	-1.43229	0
-3.49102	-1.47508	-0.357621	-3.49102	-1.47508	0
-2.35154	-1.42799	-0.332656	-2.35154	-1.42799	0
-1.39241	-1.46503	-0.344115	-1.39241	-1.46503	0
0.127332	0.0879985	0.315289	0.127332	0.0879985	0
1.2035	0.102983	0.290019	1.2035	0.102983	0
2.22322	0.0943161	0.310106	2.22322	0.0943161	0
3.25128	0.0651918	0.325168	3.25128	0.0651918	0
4.31472	0.147975	0.316817	4.31472	0.147975	0
5.27915	0.110079	0.33163	5.27915	0.110079	0
6.35826	0.175995	0.326767	6.35826	0.175995	0
7.36815	0.157625	0.3233	7.36815	0.157625	0
8.39099	0.107619	0.323368	8.39099	0.107619	0
9.44546	0.0957105	0.311162	9.44546	0.0957105	0
10.4517	0.10379	0.301946	10.4517	0.10379	0
11.415	0.078037	0.332324	11.415	0.078037	0
-11.302	0.0270478	0.319894	-11.302	0.0270478	0
-10.262	-0.00315039	0.32616	-10.262	-0.00315039	0
-9.28361	0.00639976	0.325207	-9.28361	0.00639976	0
-8.21645	0.0100225	0.32212	-8.21645	0.0100225	0
-7.1389	0.0850078	0.323577	-7.1389	0.0850078	0
-6.09476	0.0963227	0.287244	-6.09476	0.0963227	0
-5.03897	0.143164	0.339767	-5.03897	0.143164	0
-3.99034	0.0720596	0.317522	-3.99034	0.0720596	0
-2.9729	0.0585065	0.309553	-2.9729	0.0585065	0
-1.92769	0.0542634	0.323231	-1.92769	0.0542634	0
-0.905655	0.161157	0.320105	-0.905655	0.161157	0
0.11503	1.08652	0.353508	0.11503	1.08652	0
1.17957	1.0885	0.313242	1.17957	1.0885	0
2.26116	1.05514	0.332085	2.26116	1.05514	0
3.30644	1.09979	0.331083	3.30644	1.09979	0
4.27552	1.1723	0.32902	4.27552	1.1723	0
5.33281	1.17455	0.295641	5.33281	1.17455	0
6.29732	1.19987	0.302821	6.29732	1.19987	0
7.33263	1.15683	0.332559	7.33263	1.15683	0
8.36316	1.05825	0.337308	8.36316	1.05825	0
9.40131	1.13246	0.326802	9.40131	1.13246	0
10.4291	1.1186	0.328142	10.4291	1.1186	0
11.502	1.13334	0.339829	11.502	1.13334	0
-11.3357	1.04049	0.3005	-11.3357	1.04049	0
-10.261	1.04355	0.309537	-10.261	1.04355	0
-9.15317	1.10997	0.31992	-9.15317	1.10997	0
-8.15835	1.10885	0.29926	-8.15835	1.10885	0
-7.12179	1.11603	0.302769	-7.12179	1.11603	0
-6.10244	1.10854	0.34434	-6.10244	1.10854	0
-5.04236	1.16298	0.321406	-5.04236	1.16298	0
-4.01785	1.15501	0.307075	-4.01785	1.15501	0
-3.00276	1.1071	0.306586	-3.00276	1.1071	0
-1.94506	1.09807	0.313254	-1.94506	1.09807	0
-0.921844	1.14906	0.296833	-0.921844	1.14906	0
0.106838	2.13877	0.339684	0.106838	2.13877	0
1.12996	2.14242	0.326819	1.12996	2.14242	0
2.24706	2.11907	0.329269	2.24706	2.11907	0
3.23785	2.11404	0.355746	3.23785	2.11404	0
4.27747	2.21676	0.319887	4.27747	2.21676	0
5.33235	2.15458	0.321341	5.33235	2.15458	0
6.34427	2.17128	0.320592	6.34427	2.17128	0
7.38372	2.21189	0.305583	7.38372	2.21189	0
8.40164	2.16135	0.332363	8.40164	2.16135	0
9.43491	2.15852	0.30649	9.43491	2.15852	0
10.4414	2.09091	0.287351	10.4414	2.09091	0
11.476	2.12677	0.315301	11.476	2.12677	0
-11.2422	2.16036	0.312716	-11.2422	2.16036	0
-10.2465	2.11194	0.32741	-10.2465	2.11194	0
-9.18956	2.13908	0.324517	-9.18956	2.13908	0
-8.19628	2.09046	0.325845	-8.19628	2.09046	0
-7.1619	2.15374	0.357247	-7.1619	2.15374	0
-6.14183	2.13193	0.299939	-6.14183	2.13193	0
-5.08224	2.15601	0.314646	-5.08224	2.15601	0
-4.02668	2.14221	0.306973	-4.02668	2.14221	0
-2.98161	2.17105	0.282097	-2.98161	2.17105	0
-1.94649	2.1578	0.323776	-1.94649	2.1578	0
-0.921364	2.11313	0.312449	-0.921364	2.11313	0
0.071803	3.18963	0.32357	0.071803	3.18963	0
1.14647	3.20684	0.306872	1.14647	3.20684	0
2.17992	3.19544	0.310445	2.17992	3.19544	0
3.25525	3.18474	0.327967	3.25525	3.18474	0
4.26581	3.24329	0.330978	4.26581	3.24329	0
5.33622	3.22689	0.346129	5.33622	3.22689	0
6.3685	3.25084	0.314554	6.3685	3.25084	0
7.38689	3.21919	0.30223	7.38689	3.21919	0
8.47294	3.22973	0.327882	8.47294	3.22973	0
9.47453	3.21917	0.300105	9.47453	3.21917	0
10.4724	3.16396	0.331552	10.4724	3.16396	0
11.517	3.20485	0.303091	11.517	3.20485	0
-11.2546	3.20029	0.311998	-11.2546	3.20029	0
-10.2829	3.24029	0.289341	-10.2829	3.24029	0
-9.24519	3.19019	0.338409	-9.24519	3.19019	0
-8.1894	3.17596	0.311698	-8.1894	3.17596	0
-7.1634	3.19645	0.315897	-7.1634	3.19645	0
-6.11718	3.18095	0.32167	-6.11718	3.18095	0
-5.0864	3.18039	0.312953	-5.0864	3.18039	0
-4.05095	3.1973	0.293962	-4.05095	3.1973	0
-2.99079	3.17277	0.32107	-2.99079	3.17277	0
-1.96389	3.16874	0.302899	-1.96389	3.16874	0
-0.952357	3.17797	0.304712	-0.952357	3.17797	0
0.0757453	4.20534	0.323784	0.0757453	4.20534	0
1.05878	4.271	0.324794	1.05878	4.271	0
2.11984	4.22104	0.27847	2.11984	4.22104	0
3.22513	4.18331	0.344168	3.22513	4.18331	0
4.26138	4.28339	0.317823	4.26138	4.28339	0
5.33194	4.25238	0.332097	5.33194	4.25238	0
6.38885	4.23271	0.321354	6.38885	4.23271	0
7.40715	4.24715	0.333063	7.40715	4.24715	0
8.3671	4.25876	0.348282	8.3671	4.25876	0
9.43178	4.20544	0.322652	9.43178	4.20544	0
10.4137	4.21207	0.322563	10.4137	4.21207	0
11.4884	4.23579	0.325335	11.4884	4.23579	0
-11.2817	4.18482	0.331525	-11.2817	4.18482	0
-10.2371	4.24506	0.331951	-10.2371	4.24506	0
-9.16631	4.1974	0.306212	-9.16631	4.1974	0
-8.20004	4.22257	0.305297	-8.20004	4.22257	0
-7.17194	4.1906	0.317216	-7.17194	4.1906	0
-6.10949	4.20278	0.321209	-6.10949	4.20278	0
-5.1353	4.21704	0.293608	-5.1353	4.21704	0
-4.07537	4.25794	0.338607	-4.07537	4.25794	0
-3.0253	4.17826	0.311029	-3.0253	4.17826	0
-2.02365	4.17779	0.300618	-2.02365	4.17779	0
-1.01369	4.23763	0.338238	-1.01369	4.23763	0
0.0431594	5.24412	0.328395	0.0431594	5.24412	0
1.07336	5.23551	0.312688	1.07336	5.23551	0
2.11172	5.24259	0.309744	2.11172	5.24259	0
3.13009	5.25183	0.3303	3.13009	5.25183	0
4.23431	5.27832	0.345381	4.23431	5.27832	0
5.33784	5.26239	0.293442	5.33784	5.26239	0
6.35557	5.24572	0.312141	6.35557	5.24572	0
7.36992	5.28911	0.344294	7.36992	5.28911	0
8.39395	5.34426	0.293876	8.39395	5.34426	0
9.4014	5.26009	0.283519	9.4014	5.26009	0
10.443	5.24247	0.311906	10.443	5.24247	0
11.4848	5.25989	0.342621	11.4848	5.25989	0
-11.287	5.22452	0.313207	-11.287	5.22452	0
-10.2576	5.22717	0.333764	-10.2576	5.22717	0
-9.22953	5.27817	0.347714	-9.22953	5.27817	0
-8.16941	5.2218	0.292044	-8.16941	5.2218	0
-7.12311	5.24406	0.3291	-7.12311	5.24406	0
-6.07515	5.20313	0.334517	-6.07515	5.20313	0
-5.11505	5.27589	0.342841	-5.11505	5.27589	0
-4.03755	5.2759	0.298044	-4.03755	5.2759	0
-3.00364	5.28149	0.327826	-3.00364	5.28149	0
-1.96842	5.2144	0.341411	-1.96842	5.2144	0
-0.977683	5.21111	0.295117	-0.977683	5.21111	0
0.115664	6.32254	0.300959	0.115664	6.32254	0
1.14791	6.28675	0.307678	1.14791	6.28675	0
2.12163	6.27202	0.351034	2.12163	6.27202	0
3.11606	6.23359	0.306579	3.11606	6.23359	0
4.21973	6.24173	0.309996	4.21973	6.24173	0
5.2509	6.24859	0.287542	5.2509	6.24859	0
6.18766	6.30812	0.295189	6.18766	6.30812	0
7.2391	6.32709	0.333574	7.2391	6.32709	0
8.29719	6.34301	0.29986	8.29719	6.34301	0
9.37839	6.21472	0.319308	9.37839	6.21472	0
10.3613	6.25297	0.333507	10.3613	6.25297	0
11.3781	6.23189	0.30911	11.3781	6.23189	0
-11.2981	6.23978	0.320122	-11.2981	6.23978	0
-10.3031	6.27256	0.310257	-10.3031	6.27256	0
-9.25325	6.35522	0.324149	-9.25325	6.35522	0
-8.22049	6.33335	0.335971	-8.22049	6.33335	0
-7.18503	6.27732	0.339692	-7.18503	6.27732	0
-6.17588	6.30055	0.314267	-6.17588	6.30055	0
-5.1286	6.24791	0.310501	-5.1286	6.24791	0
-4.07289	6.30474	0.316079	-4.07289	6.30474	0
-2.98908	6.32448	0.318159	-2.98908	6.32448	0
-1.99679	6.25218	0.303247	-1.99679	6.25218	0
-0.931291	6.2999	0.320868	-0.931291	6.2999	0
0.0293342	7.32766	0.299686	0.0293342	7.32766	0
1.08028	7.27313	0.32667	1.08028	7.27313	0
2.15503	7.286	0.340622	2.15503	7.286	0
3.1401	7.26424	0.343954	3.1401	7.26424	0
4.20366	7.28151	0.331269	4.20366	7.28151	0
5.1737	7.28503	0.328688	5.1737	7.28503	0
6.18647	7.35401	0.292506	6.18647	7.35401	0
7.23655	7.41558	0.28535	7.23655	7.41558	0
8.32619	7.34831	0.301449	8.32619	7.34831	0
9.37984	7.29848	0.323823	9.37984	7.29848	0
10.4342	7.30466	0.301068	10.4342	7.30466	0
11.4246	7.24858	0.308009	11.4246	7.24858	0
-11.3752	7.28455	0.339095	-11.3752	7.28455	0
-10.3351	7.31248	0.336912	-10.3351	7.31248	0
-9.32125	7.35463	0.29064	-9.32125	7.35463	0
-8.25863	7.32788	0.330515	-8.25863	7.32788	0
-7.21682	7.28658	0.327735	-7.21682	7.28658	0
-6.17566	7.2963	0.308948	-6.17566	7.2963	0
-5.19508	7.35305	0.32464	-5.19508	7.35305	0
-4.10358	7.37945	0.317415	-4.10358	7.37945	0
-3.06419	7.27472	0.303531	-3.06419	7.27472	0
-2.01935	7.31736	0.321488	-2.01935	7.31736	0
-0.958268	7.30902	0.321489	-0.958268	7.30902	0
0.0517318	8.36109	0.325803	0.0517318	8.36109	0
1.05522	8.32686	0.292928	1.05522	8.32686	0
2.07523	8.37321	0.298135	2.07523	8.37321	0
3.16765	8.34399	0.319505	3.16765	8.34399	0
4.17825	8.31939	0.310391	4.17825	8.31939	0
5.22789	8.37779	0.326793	5.22789	8.37779	0
6.28764	8.34797	0.32772	6.28764	8.34797	0
7.33336	8.4253	0.333856	7.33336	8.4253	0
8.30475	8.39242	0.319635	8.30475	8.39242	0
9.34059	8.35621	0.327135	9.34059	8.35621	0
10.3601	8.33827	0.341662	10.3601	8.33827	0
11.3642	8.31819	0.327955	11.3642	8.31819	0
-11.4322	8.30224	0.296973	-11.4322	8.30224	0
-10.305	8.32898	0.293515	-10.305	8.32898	0
-9.2331	8.34267	0.319094	-9.2331	8.34267	0
-8.20687	8.39327	0.314694	-8.20687	8.39327	0
-7.18051	8.34761	0.33395	-7.18051	8.34761	0
-6.17535	8.29301	0.310804	-6.17535	8.29301	0
-5.11613	8.34368	0.301332	-5.11613	8.34368	0
-4.07506	8.41797	0.309836	-4.07506	8.41797	0
-3.07747	8.37872	0.350417	-3.07747	8.37872	0
-2.03461	8.35017	0.317814	-2.03461	8.35017	0
-1.01216	8.39594	0.315564	-1.01216	8.39594	0
0.103056	9.38035	0.299151	0.103056	9.38035	0
1.11621	9.37581	0.32775	1.11621	9.37581	0
2.16232	9.38927	0.299661	2.16232	9.38927	0
3.1319	9.38835	0.296955	3.1319	9.38835	0
4.23323	9.32821	0.312732	4.23323	9.32821	0
5.19434	9.37384	0.313073	5.19434	9.37384	0
6.23233	9.45117	0.311244	6.23233	9.45117	0
7.26795	9.40168	0.318712	7.26795	9.40168	0
8.27164	9.43522	0.314547	8.27164	9.43522	0
9.30341	9.387	0.345344	9.30341	9.387	0
10.4038	9.39428	0.3403	10.4038	9.39428	0
11.399	9.37677	0.297097	11.399	9.37677	0
-11.4014	9.32801	0.330341	-11.4014	9.32801	0
-10.3084	9.35934	0.293258	-10.3084	9.35934	0
-9.25334	9.40822	0.308235	-9.25334	9.40822	0
-8.26901	9.43139	0.353264	-8.26901	9.43139	0
-7.18472	9.4068	0.304568	-7.18472	9.4068	0
-6.17298	9.421	0.317641	-6.17298	9.421	0
-5.08398	9.39522	0.309379	-5.08398	9.39522	0
-4.04929	9.4243	0.311495	-4.04929	9.4243	0
-3.04047	9.46541	0.310199	-3.04047	9.46541	0
-2.00936	9.4231	0.333929	-2.00936	9.4231	0
-0.908223	9.39509	0.320925	-0.908223	9.39509	0
0.154783	10.4446	0.320907	0.154783	10.4446	0
1.12899	10.3894	0.294153	1.12899	10.3894	0
2.16558	10.3679	0.326735	2.16558	10.3679	0
3.13923	10.3874	0.310526	3.13923	10.3874	0
4.17298	10.4388	0.302445	4.17298	10.4388	0
5.20379	10.4329	0.341863	5.20379	10.4329	0
6.2093	10.4722	0.278831	6.2093	10.4722	0
7.25221	10.4597	0.325868	7.25221	10.4597	0
8.32618	10.4775	0.269396	8.32618	10.4775	0
9.3553	10.4219	0.323939	9.3553	10.4219	0
10.3653	10.4303	0.312449	10.3653	10.4303	0
11.3917	10.4156	0.313514	11.3917	10.4156	0
-11.3741	10.4478	0.326131	-11.3741	10.4478	0
-10.3219	10.3889	0.32962	-10.3219	10.3889	0
-9.28173	10.3925	0.334768	-9.28173	10.3925	0
-8.26532	10.4371	0.330704	-8.26532	10.4371	0
-7.18725	10.3987	0.306622	-7.18725	10.3987	0
-6.13934	10.4235	0.32799	-6.13934	10.4235	0
-5.10908	10.4528	0.284189	-5.10908	10.4528	0
-4.05442	10.4088	0.322614	-4.05442	10.4088	0
-2.99538	10.4291	0.298505	-2.99538	10.4291	0
-1.95328	10.4	0.310643	-1.95328	10.4	0
-0.906044	10.4089	0.303467	-0.906044	10.4089	0
0.0930116	11.4217	0.32321	0.0930116	11.4217	0
1.08354	11.4433	0.313338	1.08354	11.4433	0
2.09071	11.4431	0.307344	2.09071	11.4431	0
3.12598	11.4829	0.324263	3.12598	11.4829	0
4.15218	11.4698	0.323145	4.15218	11.4698	0
5.17958	11.4627	0.334675	5.17958	11.4627	0
6.20826	11.4183	0.312222	6.20826	11.4183	0
7.26274	11.5021	0.317443	7.26274	11.5021	0
8.34869	11.47	0.310121	8.34869	11.47	0
9.36104	11.4784	0.29856	9.36104	11.4784	0
10.3697	11.5047	0.322036	10.3697	11.5047	0
11.4761	11.4337	0.325475	11.4761	11.4337	0
-11.3176	11.4758	0.330008	-11.3176	11.4758	0
-10.2688	11.461	0.331736	-10.2688	11.461	0
-9.24099	11.4662	0.317898	-9.24099	11.4662	0
-8.19534	11.4753	0.312928	-8.19534	11.4753	0
-7.26881	11.4287	0.306872	-7.26881	11.4287	0
-6.10595	11.4338	0.328538	-6.10595	11.4338	0
-5.05836	11.3953	0.329448	-5.05836	11.3953	0
-4.02282	11.4056	0.313373	-4.02282	11.4056	0
-2.97839	11.4628	0.307087	-2.97839	11.4628	0
-1.96575	11.4627	0.36681	-1.96575	11.4627	0
-0.908153	11.4621	0.294113	-0.908153	11.4621	0
0.0656003	-11.2311	0.295291	0.0656003	-11.2311	0
1.13295	-11.3108	0.317126	1.13295	-11.3108	0
2.10432	-11.3077	0.312683	2.10432	-11.3077	0
3.10822	-11.2267	0.330242	3.10822	-11.2267	0
4.22858	-11.2875	0.312078	4.22858	-11.2875	0
5.19552	-11.3169	0.322028	5.19552	-11.3169	0
6.2321	-11.3442	0.288647	6.2321	-11.3442	0
7.26562	-11.3145	0.303795	7.26562	-11.3145	0
8.30673	-11.3091	0.341171	8.30673	-11.3091	0
9.35462	-11.2817	0.343551	9.35462	-11.2817	0
10.363	-11.3265	0.282425	10.363	-11.3265	0
11.42	-11.3538	0.306469	11.42	-11.3538	0
-11.2518	-11.3398	0.329061	-11.2518	-11.3398	0
-10.2004	-11.3357	0.330419	-10.2004	-11.3357	0
-9.19648	-11.2186	0.318764	-9.19648	-11.2186	0
-8.13305	-11.2357	0.33187	-8.13305	-11.2357	0
-7.10504	-11.255	0.285419	-7.10504	-11.255	0
-6.122	-11.3604	0.339283	-6.122	-11.3604	0
-5.063	-11.3398	0.337024	-5.063	-11.3398	0
-4.05439	-11.2993	0.328117	-4.05439	-11.2993	0
-3.02952	-11.3225	0.327828	-3.02952	-11.3225	0
-2.00483	-11.3201	0.302274	-2.00483	-11.3201	0
-0.924704	-11.3489	0.322726	-0.924704	-11.3489	0
0.0397167	-10.2312	0.304164	0.0397167	-10.2312	0
1.06088	-10.2523	0.316746	1.06088	-10.2523	0
2.13816	-10.2692	0.328791	2.13816	-10.2692	0
3.14686	-10.2392	0.299265	3.14686	-10.2392	0
4.15772	-10.2224	0.317634	4.15772	-10.2224	0
5.21513	-10.2956	0.334724	5.21513	-10.2956	0
6.21761	-10.3119	0.310071	6.21761	-10.3119	0
7.30115	-10.2884	0.343578	7.30115	-10.2884	0
8.32655	-10.3003	0.312959	8.32655	-10.3003	0
9.37456	-10.2668	0.313841	9.37456	-10.2668	0
10.4291	-10.3647	0.335073	10.4291	-10.3647	0
11.4309	-10.3179	0.314997	11.4309	-10.3179	0
-11.2737	-10.2776	0.318052	-11.2737	-10.2776	0
-10.2449	-10.295	0.310768	-10.2449	-10.295	0
-9.24577	-10.2461	0.315741	-9.24577	-10.2461	0
-8.22333	-10.2306	0.336189	-8.22333	-10.2306	0
-7.12401	-10.2654	0.351154	-7.12401	-10.2654	0
-6.10443	-10.315	0.312939	-6.10443	-10.315	0
-5.0912	-10.3182	0.322693	-5.0912	-10.3182	0
-4.05063	-10.2933	0.334291	-4.05063	-10.2933	0
-3.02965	-10.2384	0.323008	-3.02965	-10.2384	0
-1.99273	-10.2917	0.30452	-1.99273	-10.2917	0
-0.98905	-10.2901	0.319968	-0.98905	-10.2901	0
-0.0183437	-9.25987	0.303523	-0.0183437	-9.25987	0
1.04705	-9.22488	0.320413	1.04705	-9.22488	0
2.08867	-9.2145	0.338214	2.08867	-9.2145	0
3.07916	-9.22554	0.306118	3.07916	-9.22554	0
4.16283	-9.19891	0.327945	4.16283	-9.19891	0
5.21692	-9.25718	0.326094	5.21692	-9.25718	0
6.21584	-9.22527	0.313113	6.21584	-9.22527	0
7.31116	-9.21186	0.316162	7.31116	-9.21186	0
8.35492	-9.24528	0.298143	8.35492	-9.24528	0
9.38274	-9.24466	0.296267	9.38274	-9.24466	0
10.4186	-9.2352	0.303939	10.4186	-9.2352	0
11.4393	-9.26114	0.29888	11.4393	-9.26114	0
-11.3506	-9.26315	0.321085	-11.3506	-9.26315	0
-10.2609	-9.19081	0.307383	-10.2609	-9.19081	0
-9.28497	-9.16769	0.285408	-9.28497	-9.16769	0
-8.24518	-9.16044	0.313947	-8.24518	-9.16044	0
-7.21751	-9.26718	0.336596	-7.21751	-9.26718	0
-6.21106	-9.23832	0.318972	-6.21106	-9.23832	0
-5.14943	-9.19799	0.325819	-5.14943	-9.19799	0
-4.10728	-9.22041	0.321787	-4.10728	-9.22041	0
-3.08693	-9.20879	0.305128	-3.08693	-9.20879	0
-2.09652	-9.22778	0.30839	-2.09652	-9.22778	0
-1.03982	-9.31047	0.337637	-1.03982	-9.31047	0
0.0153396	-8.22431	0.313455	0.0153396	-8.22431	0
1.03316	-8.21913	0.339373	1.03316	-8.21913	0
2.11257	-8.15497	0.312293	2.11257	-8.15497	0
3.20346	-8.18961	0.305872	3.20346	-8.18961	0
4.23741	-8.16261	0.298087	4.23741	-8.16261	0
5.23883	-8.21814	0.318776	5.23883	-8.21814	0
6.33854	-8.21338	0.314747	6.33854	-8.21338	0
7.34768	-8.17493	0.319904	7.34768	-8.17493	0
8.34978	-8.23077	0.322016	8.34978	-8.23077	0
9.37215	-8.1902	0.319122	9.37215	-8.1902	0
10.4316	-8.2092	0.304644	10.4316	-8.2092	0
11.4333	-8.21567	0.319212	11.4333	-8.21567	0
-11.36	-8.19106	0.318756	-11.36	-8.19106	0
-10.3351	-8.16981	0.330229	-10.3351	-8.16981	0
-9.25681	-8.15325	0.334853	-9.25681	-8.15325	0
-8.24792	-8.20052	0.314769	-8.24792	-8.20052	0
-7.21105	-8.22703	0.331969	-7.21105	-8.22703	0
-6.2051	-8.15524	0.307562	-6.2051	-8.15524	0
-5.15806	-8.18584	0.309947	-5.15806	-8.18584	0
-4.14781	-8.22854	0.324999	-4.14781	-8.22854	0
-3.07022	-8.23026	0.286093	-3.07022	-8.23026	0
-2.06215	-8.17939	0.305188	-2.06215	-8.17939	0
-1.0451	-8.22306	0.300451	-1.0451	-8.22306	0
0.0544607	-7.19057	0.314974	0.0544607	-7.19057	0
1.1008	-7.15139	0.295216	1.1008	-7.15139	0
2.12095	-7.17487	0.327957	2.12095	-7.17487	0
3.17058	-7.22011	0.314733	3.17058	-7.22011	0
4.19061	-7.1672	0.329952	4.19061	-7.1672	0
5.21238	-7.195	0.302372	5.21238	-7.195	0
6.26421	-7.15526	0.336954	6.26421	-7.15526	0
7.4061	-7.13775	0.313642	7.4061	-7.13775	0
8.41888	-7.10798	0.345172	8.41888	-7.10798	0
9.4493	-7.18685	0.29625	9.4493	-7.18685	0
10.4203	-7.16973	0.313674	10.4203	-7.16973	0
11.459	-7.16804	0.309265	11.459	-7.16804	0
-11.2988	-7.12692	0.332777	-11.2988	-7.12692	0
-10.261	-7.1329	0.313281	-10.261	-7.1329	0
-9.24808	-7.07728	0.330541	-9.24808	-7.07728	0
-8.22494	-7.14956	0.307508	-8.22494	-7.14956	0
-7.15007	-7.15364	0.297505	-7.15007	-7.15364	0
-6.1013	-7.16237	0.323884	-6.1013	-7.16237	0
-5.09336	-7.1821	0.319353	-5.09336	-7.1821	0
-4.09087	-7.2092	0.29506	-4.09087	-7.2092	0
-3.09382	-7.15236	0.287937	-3.09382	-7.15236	0
-2.0434	-7.19424	0.315533	-2.0434	-7.19424	0
-1.01141	-7.21063	0.305554	-1.01141	-7.21063	0
0.0731689	-6.1105	0.324795	0.0731689	-6.1105	0
1.07803	-6.17192	0.299766	1.07803	-6.17192	0
2.09224	-6.173	0.31467	2.09224	-6.173	0
3.20051	-6.15534	0.358765	3.20051	-6.15534	0
4.19983	-6.11107	0.29829	4.19983	-6.11107	0
5.24971	-6.1864	0.287272	5.24971	-6.1864	0
6.28324	-6.17494	0.311379	6.28324	-6.17494	0
7.32991	-6.0842	0.34189	7.32991	-6.0842	0
8.39196	-6.05532	0.343688	8.39196	-6.05532	0
9.35781	-6.08462	0.331761	9.35781	-6.08462	0
10.4271	-6.13291	0.311521	10.4271	-6.13291	0
11.3885	-6.15189	0.332489	11.3885	-6.15189	0
-11.3538	-6.10846	0.335285	-11.3538	-6.10846	0
-10.2589	-6.09256	0.310115	-10.2589	-6.09256	0
-9.22513	-6.09033	0.337348	-9.22513	-6.09033	0
-8.17045	-6.11879	0.302871	-8.17045	-6.11879	0
-7.06658	-6.16557	0.321024	-7.06658	-6.16557	0
-6.09704	-6.1053	0.309261	-6.09704	-6.1053	0
-5.08884	-6.14359	0.314467	-5.08884	-6.14359	0
-4.08622	-6.02538	0.299729	-4.08622	-6.02538	0
-3.13018	-6.11215	0.260287	-3.13018	-6.11215	0
-2.03157	-6.10938	0.337433	-2.03157	-6.10938	0
-0.974502	-6.09731	0.335379	-0.974502	-6.09731	0
0.124307	-5.06462	0.329354	0.124307	-5.06462	0
1.11192	-5.11167	0.309082	1.11192	-5.11167	0
2.14841	-5.15825	0.310437	2.14841	-5.15825	0
3.18449	-5.13604	0.295659	3.18449	-5.13604	0
4.22651	-5.07285	0.334748	4.22651	-5.07285	0
5.20247	-5.18017	0.319034	5.20247	-5.18017	0
6.24866	-5.08746	0.319522	6.24866	-5.08746	0
7.26784	-5.04966	0.338403	7.26784	-5.04966	0
8.32163	-4.998	0.328463	8.32163	-4.998	0
9.35653	-5.07643	0.268318	9.35653	-5.07643	0
10.3736	-5.05375	0.326051	10.3736	-5.05375	0
11.431	-5.1082	0.313132	11.431	-5.1082	0
-11.2874	-5.11754	0.275574	-11.2874	-5.11754	0
-10.297	-5.11526	0.300213	-10.297	-5.11526	0
-9.26939	-5.09772	0.320815	-9.26939	-5.09772	0
-8.1998	-5.10658	0.293337	-8.1998	-5.10658	0
-7.20339	-5.02847	0.325094	-7.20339	-5.02847	0
-6.199	-5.07256	0.333443	-6.199	-5.07256	0
-5.09777	-5.1201	0.33313	-5.09777	-5.1201	0
-4.09096	-4.99852	0.317893	-4.09096	-4.99852	0
-2.97881	-5.08765	0.318279	-2.97881	-5.08765	0
-1.92936	-5.08423	0.330029	-1.92936	-5.08423	0
-0.946128	-5.08866	0.297506	-0.946128	-5.08866	0
0.0577195	-4.03532	0.335854	0.0577195	-4.03532	0
1.15784	-4.12687	0.305645	1.15784	-4.12687	0
2.13845	-4.10012	0.311529	2.13845	-4.10012	0
3.18965	-4.06024	0.312138	3.18965	-4.06024	0
4.20546	-4.05264	0.327355	4.20546	-4.05264	0
5.22949	-4.10359	0.337949	5.22949	-4.10359	0
6.20334	-4.03721	0.299723	6.20334	-4.03721	0
7.26516	-4.02619	0.332307	7.26516	-4.02619	0
8.23916	-4.01795	0.319152	8.23916	-4.01795	0
9.2964	-3.9806	0.311551	9.2964	-3.9806	0
10.3743	-4.04595	0.332965	10.3743	-4.04595	0
11.4051	-4.07701	0.342256	11.4051	-4.07701	0
-11.3942	-4.05631	0.300572	-11.3942	-4.05631	0
-10.2893	-4.1239	0.340465	-10.2893	-4.1239	0
-9.22799	-4.05643	0.304511	-9.22799	-4.05643	0
-8.20825	-4.07745	0.323608	-8.20825	-4.07745	0
-7.17874	-3.99626	0.308753	-7.17874	-3.99626	0
-6.11459	-4.06048	0.34131	-6.11459	-4.06048	0
-5.0973	-4.12525	0.324773	-5.0973	-4.12525	0
-4.02493	-4.00143	0.291328	-4.02493	-4.00143	0
-3.00224	-4.03769	0.320794	-3.00224	-4.03769	0
-1.9397	-4.07095	0.276381	-1.9397	-4.07095	0
-0.953415	-4.06112	0.280519	-0.953415	-4.06112	0
0.117915	-3.01385	0.338396	0.117915	-3.01385	0
1.16216	-3.09354	0.305994	1.16216	-3.09354	0
2.19384	-3.04713	0.348602	2.19384	-3.04713	0
3.1421	-3.0161	0.316606	3.1421	-3.0161	0
4.18637	-3.05035	0.310768	4.18637	-3.05035	0
5.27267	-3.04069	0.343331	5.27267	-3.04069	0
6.26342	-3.01674	0.312289	6.26342	-3.01674	0
7.23593	-2.99691	0.328053	7.23593	-2.99691	0
8.34303	-2.99382	0.325213	8.34303	-2.99382	0
9.33148	-2.98417	0.321464	9.33148	-2.98417	0
10.3433	-3.02218	0.320466	10.3433	-3.02218	0
11.3509	-3.00552	0.316067	11.3509	-3.00552	0
-11.3747	-3.04983	0.317586	-11.3747	-3.04983	0
-10.3411	-3.11826	0.323393	-10.3411	-3.11826	0
-9.28231	-3.04222	0.284035	-9.28231	-3.04222	0
-8.22658	-3.0781	0.298546	-8.22658	-3.0781	0
-7.159	-3.03404	0.31116	-7.159	-3.03404	0
-6.10842	-3.04148	0.305671	-6.10842	-3.04148	0
-5.02846	-3.00646	0.32802	-5.02846	-3.00646	0
-4.02408	-2.9651	0.283895	-4.02408	-2.9651	0
-2.96398	-2.9773	0.318553	-2.96398	-2.9773	0
-1.92433	-3.00181	0.335272	-1.92433	-3.00181	0
-0.912663	-2.98488	0.317739	-0.912663	-2.98488	0
0.107193	-1.97757	0.332583	0.107193	-1.97757	0
1.17548	-1.95758	0.341416	1.17548	-1.95758	0
2.20164	-2.01988	0.312488	2.20164	-2.01988	0
3.20381	-2.01422	0.326796	3.20381	-2.01422	0
4.23825	-1.97414	0.304612	4.23825	-1.97414	0
5.27557	-1.95281	0.322051	5.27557	-1.95281	0
6.30436	-2.00055	0.341267	6.30436	-2.00055	0
7.32074	-1.97302	0.318509	7.32074	-1.97302	0
8.36736	-1.93183	0.321264	8.36736	-1.93183	0
9.39479	-1.92456	0.332539	9.39479	-1.92456	0
10.4309	-1.94917	0.318704	10.4309	-1.94917	0
11.4096	-2.01491	0.298284	11.4096	-2.01491	0
-11.3229	-2.04308	0.335172	-11.3229	-2.04308	0
-10.3275	-2.05268	0.302016	-10.3275	-2.05268	0
-9.29079	-2.05825	0.303304	-9.29079	-2.05825	0
-8.2288	-2.03131	0.332213	-8.2288	-2.03131	0
-7.11069	-1.97083	0.312737	-7.11069	-1.97083	0
-6.09861	-1.95018	0.32574	-6.09861	-1.95018	0
-5.06197	-2.00458	0.308615	-5.06197	-2.00458	0
-3.99657	-1.93671	0.309643	-3.99657	-1.93671	0
-3.00223	-1.95059	0.327368	-3.00223	-1.95059	0
-1.94449	-2.03187	0.310791	-1.94449	-2.03187	0
-0.887668	-1.97777	0.291712	-0.887668	-1.97777	0
0.101241	-0.961416	0.2934	0.101241	-0.961416	0
1.15928	-0.983011	0.293022	1.15928	-0.983011	0
2.21899	-0.965152	0.318369	2.21899	-0.965152	0
3.29649	-0.893653	0.29981	3.29649	-0.893653	0
4.32252	-0.86931	0.305443	4.32252	-0.86931	0
5.27681	-0.918309	0.307441	5.27681	-0.918309	0
6.35803	-0.905642	0.347222	6.35803	-0.905642	0
7.37036	-0.933903	0.324039	7.37036	-0.933903	0
8.37161	-0.957912	0.32849	8.37161	-0.957912	0
9.41338	-0.890077	0.341744	9.41338	-0.890077	0
10.4504	-0.874991	0.341266	10.4504	-0.874991	0
11.5005	-0.923486	0.333087	11.5005	-0.923486	0
-11.3028	-1.00098	0.297946	-11.3028	-1.00098	0
-10.321	-0.998567	0.339319	-10.321	-0.998567	0
-9.2989	-1.03131	0.310348	-9.2989	-1.03131	0
-8.22199	-1.03102	0.305627	-8.22199	-1.03102	0
-7.12496	-0.964855	0.333975	-7.12496	-0.964855	0
-6.12334	-0.898822	0.293012	-6.12334	-0.898822	0
-5.02139	-0.926886	0.323915	-5.02139	-0.926886	0
-3.99858	-0.971849	0.307138	-3.99858	-0.971849	0
-2.9361	-0.995606	0.30487	-2.9361	-0.995606	0
-1.85868	-0.943791	0.325179	-1.85868	-0.943791	0
-0.890474	-0.969147	0.286075	-0.890474	-0.969147	0
