-0.674098	-0.445092	-0.305323	-0.674098	-0.445092	0
0.389633	-0.360308	-0.293801	0.389633	-0.360308	0
1.37724	-0.441289	-0.339233	1.37724	-0.441289	0
2.46638	-0.38927	-0.29669	2.46638	-0.38927	0
3.48413	-0.457795	-0.305401	3.48413	-0.457795	0
4.49761	-0.40097	-0.32553	4.49761	-0.40097	0
5.564	-0.425288	-0.297787	5.564	-0.425288	0
6.59768	-0.347223	-0.31447	6.59768	-0.347223	0
7.5915	-0.371392	-0.302911	7.5915	-0.371392	0
8.62724	-0.367745	-0.325181	8.62724	-0.367745	0
9.68306	-0.353995	-0.345305	9.68306	-0.353995	0
10.7019	-0.432699	-0.316463	10.7019	-0.432699	0
11.6841	-0.355552	-0.323923	11.6841	-0.355552	0
-11.0373	-0.40947	-0.347527	-11.0373	-0.40947	0
-9.97185	-0.331852	-0.3189	-9.97185	-0.331852	0
-8.93604	-0.351783	-0.332962	-8.93604	-0.351783	0
-7.95655	-0.286828	-0.296589	-7.95655	-0.286828	0
-6.86938	-0.387465	-0.337089	-6.86938	-0.387465	0
-5.89858	-0.33307	-0.335503	-5.89858	-0.33307	0
-4.84224	-0.351623	-0.335525	-4.84224	-0.351623	0
-3.76044	-0.438917	-0.343522	-3.76044	-0.438917	0
-2.73534	-0.468244	-0.329909	-2.73534	-0.468244	0
-1.70147	-0.467826	-0.260996	-1.70147	-0.467826	0
-0.730438	0.621849	-0.311401	-0.730438	0.621849	0
0.345889	0.664068	-0.312705	0.345889	0.664068	0
1.42018	0.652379	-0.331293	1.42018	0.652379	0
2.43364	0.626969	-0.326689	2.43364	0.626969	0
3.50592	0.634837	-0.331606	3.50592	0.634837	0
4.56186	0.620396	-0.308852	4.56186	0.620396	0
5.59659	0.67284	-0.315177	5.59659	0.67284	0
6.59293	0.68374	-0.280938	6.59293	0.68374	0
7.57216	0.671715	-0.310516	7.57216	0.671715	0
8.67697	0.633634	-0.31865	8.67697	0.633634	0
9.6692	0.655515	-0.300685	9.6692	0.655515	0
10.6872	0.573218	-0.304387	10.6872	0.573218	0
11.6711	0.662271	-0.326207	11.6711	0.662271	0
-11.0063	0.664189	-0.314858	-11.0063	0.664189	0
-9.95351	0.70546	-0.289529	-9.95351	0.70546	0
-8.97192	0.686164	-0.345065	-8.97192	0.686164	0
-7.91772	0.713386	-0.335011	-7.91772	0.713386	0
-6.87747	0.742974	-0.336365	-6.87747	0.742974	0
-5.83983	0.66856	-0.318264	-5.83983	0.66856	0
-4.78366	0.640964	-0.322764	-4.78366	0.640964	0
-3.80404	0.622412	-0.310146	-3.80404	0.622412	0
-2.76096	0.567874	-0.322507	-2.76096	0.567874	0
-1.73458	0.578994	-0.30008	-1.73458	0.578994	0
-0.63483	1.65669	-0.305665	-0.63483	1.65669	0
0.410036	1.66834	-0.31673	0.410036	1.66834	0
1.42199	1.631	-0.271669	1.42199	1.631	0
2.48178	1.63955	-0.33604	2.48178	1.63955	0
3.54757	1.64221	-0.32706	3.54757	1.64221	0
4.53726	1.72859	-0.320824	4.53726	1.72859	0
5.54127	1.69021	-0.322205	5.54127	1.69021	0
6.51986	1.70917	-0.35173	6.51986	1.70917	0
7.56051	1.75262	-0.353111	7.56051	1.75262	0
8.62333	1.67213	-0.338664	8.62333	1.67213	0
9.63308	1.67568	-0.338141	9.63308	1.67568	0
10.6511	1.62081	-0.304263	10.6511	1.62081	0
11.7223	1.6907	-0.300699	11.7223	1.6907	0
-11.039	1.74039	-0.316007	-11.039	1.74039	0
-9.98367	1.7299	-0.303058	-9.98367	1.7299	0
-8.95195	1.71694	-0.318469	-8.95195	1.71694	0
-7.91902	1.6816	-0.312092	-7.91902	1.6816	0
-6.89973	1.77765	-0.314534	-6.89973	1.77765	0
-5.82292	1.74721	-0.317658	-5.82292	1.74721	0
-4.79976	1.66515	-0.316024	-4.79976	1.66515	0
-3.80726	1.69565	-0.321975	-3.80726	1.69565	0
-2.75661	1.63005	-0.312169	-2.75661	1.63005	0
-1.7026	1.65437	-0.314708	-1.7026	1.65437	0
-0.632413	2.6941	-0.311924	-0.632413	2.6941	0
0.383433	2.66901	-0.322315	0.383433	2.66901	0
1.41931	2.618	-0.340943	1.41931	2.618	0
2.47283	2.63527	-0.299325	2.47283	2.63527	0
3.45556	2.64549	-0.305598	3.45556	2.64549	0
4.51066	2.73969	-0.338532	4.51066	2.73969	0
5.60486	2.74564	-0.294279	5.60486	2.74564	0
6.64764	2.69812	-0.322788	6.64764	2.69812	0
7.65292	2.73602	-0.312909	7.65292	2.73602	0
8.68138	2.72565	-0.337018	8.68138	2.72565	0
9.69893	2.69266	-0.331512	9.69893	2.69266	0
10.7242	2.69964	-0.306583	10.7242	2.69964	0
11.6942	2.69987	-0.334041	11.6942	2.69987	0
-11.024	2.72496	-0.336273	-11.024	2.72496	0
-9.9594	2.79662	-0.310905	-9.9594	2.79662	0
-8.98331	2.83071	-0.275896	-8.98331	2.83071	0
-7.95114	2.71405	-0.30327	-7.95114	2.71405	0
-6.91887	2.75985	-0.332467	-6.91887	2.75985	0
-5.83472	2.77289	-0.32801	-5.83472	2.77289	0
-4.82317	2.72775	-0.303673	-4.82317	2.72775	0
-3.77919	2.71018	-0.33193	-3.77919	2.71018	0
-2.66612	2.60726	-0.343827	-2.66612	2.60726	0
-1.68681	2.68835	-0.294096	-1.68681	2.68835	0
-0.615774	3.77293	-0.307607	-0.615774	3.77293	0
0.475703	3.72871	-0.323525	0.475703	3.72871	0
1.4473	3.70214	-0.290957	1.4473	3.70214	0
2.50198	3.71271	-0.290637	2.50198	3.71271	0
3.52132	3.68822	-0.311781	3.52132	3.68822	0
4.51215	3.76444	-0.324956	4.51215	3.76444	0
5.50768	3.81392	-0.309814	5.50768	3.81392	0
6.63602	3.78251	-0.321842	6.63602	3.78251	0
7.65109	3.71685	-0.307148	7.65109	3.71685	0
8.66857	3.6972	-0.303409	8.66857	3.6972	0
9.68176	3.7677	-0.329159	9.68176	3.7677	0
10.6779	3.77099	-0.349016	10.6779	3.77099	0
11.7035	3.69916	-0.313106	11.7035	3.69916	0
-11.0192	3.76682	-0.283369	-11.0192	3.76682	0
-10.0022	3.80513	-0.336235	-10.0022	3.80513	0
-8.96576	3.8316	-0.323233	-8.96576	3.8316	0
-7.96723	3.77714	-0.31892	-7.96723	3.77714	0
-6.90744	3.80287	-0.322841	-6.90744	3.80287	0
-5.9074	3.7805	-0.307767	-5.9074	3.7805	0
-4.84101	3.76975	-0.345129	-4.84101	3.76975	0
-3.78083	3.70729	-0.329649	-3.78083	3.70729	0
-2.68527	3.65458	-0.308064	-2.68527	3.65458	0
-1.69953	3.68128	-0.278377	-1.69953	3.68128	0
-0.682001	4.77003	-0.308329	-0.682001	4.77003	0
0.353791	4.80845	-0.329649	0.353791	4.80845	0
1.42407	4.77138	-0.29719	1.42407	4.77138	0
2.46882	4.72007	-0.309624	2.46882	4.72007	0
3.49286	4.74005	-0.297228	3.49286	4.74005	0
4.53154	4.78473	-0.323799	4.53154	4.78473	0
5.55848	4.89809	-0.296163	5.55848	4.89809	0
6.62628	4.79426	-0.325474	6.62628	4.79426	0
7.60403	4.72904	-0.325931	7.60403	4.72904	0
8.65079	4.79426	-0.300699	8.65079	4.79426	0
9.67154	4.8435	-0.293049	9.67154	4.8435	0
10.6541	4.82722	-0.327437	10.6541	4.82722	0
11.7077	4.77999	-0.307611	11.7077	4.77999	0
-11.066	4.79877	-0.306204	-11.066	4.79877	0
-9.99218	4.8424	-0.308087	-9.99218	4.8424	0
-9.01802	4.86116	-0.301788	-9.01802	4.86116	0
-7.96772	4.84046	-0.315962	-7.96772	4.84046	0
-6.86992	4.81387	-0.317337	-6.86992	4.81387	0
-5.86732	4.78487	-0.291708	-5.86732	4.78487	0
-4.80431	4.78028	-0.323501	-4.80431	4.78028	0
-3.80896	4.73556	-0.331953	-3.80896	4.73556	0
-2.69292	4.70414	-0.293461	-2.69292	4.70414	0
-1.69746	4.68679	-0.330434	-1.69746	4.68679	0
-0.658708	5.79858	-0.315687	-0.658708	5.79858	0
0.325765	5.7598	-0.318112	0.325765	5.7598	0
1.38064	5.7481	-0.311175	1.38064	5.7481	0
2.414	5.74837	-0.33846	2.414	5.74837	0
3.4382	5.78944	-0.309981	3.4382	5.78944	0
4.49357	5.82041	-0.305714	4.49357	5.82041	0
5.47229	5.86808	-0.30713	5.47229	5.86808	0
6.52638	5.86031	-0.330908	6.52638	5.86031	0
7.52106	5.78372	-0.309109	7.52106	5.78372	0
8.56567	5.83075	-0.33581	8.56567	5.83075	0
9.61626	5.84004	-0.303373	9.61626	5.84004	0
10.7149	5.86004	-0.298027	10.7149	5.86004	0
11.7188	5.7995	-0.339745	11.7188	5.7995	0
-11.036	5.81449	-0.317965	-11.036	5.81449	0
-9.99005	5.87354	-0.356232	-9.99005	5.87354	0
-8.9435	5.84786	-0.30538	-8.9435	5.84786	0
-7.94916	5.82785	-0.343477	-7.94916	5.82785	0
-6.8833	5.85136	-0.321378	-6.8833	5.85136	0
-5.86309	5.84841	-0.329776	-5.86309	5.84841	0
-4.75603	5.78001	-0.331353	-4.75603	5.78001	0
-3.72365	5.78373	-0.31687	-3.72365	5.78373	0
-2.76981	5.68482	-0.312653	-2.76981	5.68482	0
-1.75084	5.82142	-0.307613	-1.75084	5.82142	0
-0.676625	6.8058	-0.282614	-0.676625	6.8058	0
0.314431	6.89761	-0.328653	0.314431	6.89761	0
1.33136	6.83245	-0.326861	1.33136	6.83245	0
2.36134	6.81622	-0.322481	2.36134	6.81622	0
3.37043	6.84196	-0.31531	3.37043	6.84196	0
4.44289	6.84828	-0.331301	4.44289	6.84828	0
5.46034	6.91414	-0.316474	5.46034	6.91414	0
6.51876	6.93497	-0.326846	6.51876	6.93497	0
7.51936	6.82123	-0.276013	7.51936	6.82123	0
8.61842	6.8961	-0.299437	8.61842	6.8961	0
9.64822	6.88743	-0.314301	9.64822	6.88743	0
10.632	6.87986	-0.311008	10.632	6.87986	0
11.7628	6.82878	-0.330475	11.7628	6.82878	0
-11.0427	6.81637	-0.30006	-11.0427	6.81637	0
-10.0727	6.87058	-0.335925	-10.0727	6.87058	0
-9.01943	6.8742	-0.345488	-9.01943	6.8742	0
-7.98432	6.86297	-0.340155	-7.98432	6.86297	0
-6.9233	6.89267	-0.306692	-6.9233	6.89267	0
-5.86712	6.88092	-0.327804	-5.86712	6.88092	0
-4.83935	6.82263	-0.310252	-4.83935	6.82263	0
-3.80733	6.79645	-0.328699	-3.80733	6.79645	0
-2.76413	6.81074	-0.317658	-2.76413	6.81074	0
-1.73283	6.79107	-0.282666	-1.73283	6.79107	0
-0.679783	7.86315	-0.33354	-0.679783	7.86315	0
0.31371	7.89122	-0.328578	0.31371	7.89122	0
1.36655	7.88114	-0.318976	1.36655	7.88114	0
2.32914	7.92082	-0.316586	2.32914	7.92082	0
3.37371	7.86756	-0.278131	3.37371	7.86756	0
4.43351	7.86797	-0.327183	4.43351	7.86797	0
5.45565	7.91243	-0.348267	5.45565	7.91243	0
6.47783	7.97319	-0.308936	6.47783	7.97319	0
7.5632	7.91459	-0.325786	7.5632	7.91459	0
8.55653	7.91061	-0.321183	8.55653	7.91061	0
9.58875	7.91744	-0.338263	9.58875	7.91744	0
10.7121	7.89572	-0.323832	10.7121	7.89572	0
11.6671	7.83768	-0.287308	11.6671	7.83768	0
-11.0453	7.88077	-0.327925	-11.0453	7.88077	0
-10.0238	7.90119	-0.278599	-10.0238	7.90119	0
-9.06997	7.88624	-0.309394	-9.06997	7.88624	0
-7.98807	7.91413	-0.302185	-7.98807	7.91413	0
-6.89386	7.86383	-0.298497	-6.89386	7.86383	0
-5.90447	7.90863	-0.318995	-5.90447	7.90863	0
-4.88763	7.84516	-0.318585	-4.88763	7.84516	0
-3.82762	7.9016	-0.303735	-3.82762	7.9016	0
-2.78565	7.87938	-0.314665	-2.78565	7.87938	0
-1.74678	7.85866	-0.29804	-1.74678	7.85866	0
-0.731109	8.91013	-0.326844	-0.731109	8.91013	0
0.295617	8.95551	-0.324033	0.295617	8.95551	0
1.28897	8.88037	-0.315038	1.28897	8.88037	0
2.35758	8.90562	-0.317712	2.35758	8.90562	0
3.41404	8.87817	-0.325652	3.41404	8.87817	0
4.456	8.87643	-0.281739	4.456	8.87643	0
5.48922	8.92397	-0.320603	5.48922	8.92397	0
6.5153	8.98933	-0.337711	6.5153	8.98933	0
7.57508	8.98691	-0.316239	7.57508	8.98691	0
8.58383	8.95128	-0.323924	8.58383	8.95128	0
9.63136	8.92978	-0.304325	9.63136	8.92978	0
10.6563	8.92109	-0.307618	10.6563	8.92109	0
11.6887	8.8932	-0.312584	11.6887	8.8932	0
-11.0669	8.91335	-0.332322	-11.0669	8.91335	0
-10.079	8.91599	-0.286148	-10.079	8.91599	0
-9.04667	8.88028	-0.307129	-9.04667	8.88028	0
-8.00898	8.95789	-0.348975	-8.00898	8.95789	0
-6.92093	8.95996	-0.309831	-6.92093	8.95996	0
-5.891	8.94669	-0.319706	-5.891	8.94669	0
-4.86989	8.90633	-0.334724	-4.86989	8.90633	0
-3.85062	8.94846	-0.307185	-3.85062	8.94846	0
-2.81956	8.91073	-0.318568	-2.81956	8.91073	0
-1.75265	8.88864	-0.316543	-1.75265	8.88864	0
-0.760317	9.92825	-0.302689	-0.760317	9.92825	0
0.30257	9.96044	-0.320696	0.30257	9.96044	0
1.32616	9.95807	-0.320897	1.32616	9.95807	0
2.38271	9.9551	-0.32472	2.38271	9.9551	0
3.39477	9.94473	-0.303687	3.39477	9.94473	0
4.40863	9.90422	-0.308113	4.40863	9.90422	0
5.43393	9.88447	-0.301825	5.43393	9.88447	0
6.49376	9.99681	-0.352761	6.49376	9.99681	0
7.53542	10.0469	-0.314866	7.53542	10.0469	0
8.56923	9.96695	-0.297341	8.56923	9.96695	0
9.58663	10.0118	-0.296161	9.58663	10.0118	0
10.6735	9.97966	-0.309744	10.6735	9.97966	0
11.6989	9.91447	-0.284169	11.6989	9.91447	0
-11.1044	9.97971	-0.3158	-11.1044	9.97971	0
-10.0487	9.96923	-0.286741	-10.0487	9.96923	0
-8.99534	9.89944	-0.333825	-8.99534	9.89944	0
-7.97123	9.97466	-0.317525	-7.97123	9.97466	0
-6.94879	9.97137	-0.338554	-6.94879	9.97137	0
-5.91957	9.96192	-0.285468	-5.91957	9.96192	0
-4.90583	9.89381	-0.325284	-4.90583	9.89381	0
-3.78679	10.0104	-0.344385	-3.78679	10.0104	0
-2.80512	9.94941	-0.332405	-2.80512	9.94941	0
-1.77438	9.97365	-0.325308	-1.77438	9.97365	0
-0.768851	11.0152	-0.303843	-0.768851	11.0152	0
0.360189	11.0283	-0.325851	0.360189	11.0283	0
1.34954	10.9868	-0.300371	1.34954	10.9868	0
2.33204	10.9854	-0.306238	2.33204	10.9854	0
3.37978	10.9906	-0.3421	3.37978	10.9906	0
4.40817	10.9783	-0.307751	4.40817	10.9783	0
5.45756	11.0062	-0.312475	5.45756	11.0062	0
6.51148	11.037	-0.297327	6.51148	11.037	0
7.49731	11.037	-0.255981	7.49731	11.037	0
8.52831	10.9969	-0.332159	8.52831	10.9969	0
9.52882	10.9949	-0.355983	9.52882	10.9949	0
10.5837	10.9951	-0.314495	10.5837	10.9951	0
11.665	10.9487	-0.351739	11.665	10.9487	0
-11.0678	10.9905	-0.293111	-11.0678	10.9905	0
-10.0156	10.9752	-0.294466	-10.0156	10.9752	0
-9.0097	10.9832	-0.299916	-9.0097	10.9832	0
-8.0206	10.9523	-0.294881	-8.0206	10.9523	0
-6.95181	10.9623	-0.315759	-6.95181	10.9623	0
-5.86702	11.0393	-0.332767	-5.86702	11.0393	0
-4.82626	10.997	-0.321694	-4.82626	10.997	0
-3.86046	11.0038	-0.301964	-3.86046	11.0038	0
-2.81478	11.0198	-0.298889	-2.81478	11.0198	0
-1.77533	10.9839	-0.309086	-1.77533	10.9839	0
-0.756878	-11.7783	-0.310871	-0.756878	-11.7783	0
0.230545	-11.7163	-0.319699	0.230545	-11.7163	0
1.31647	-11.7681	-0.34371	1.31647	-11.7681	0
2.34042	-11.7662	-0.335647	2.34042	-11.7662	0
3.37457	-11.755	-0.325411	3.37457	-11.755	0
4.37299	-11.8074	-0.269856	4.37299	-11.8074	0
5.40884	-11.7617	-0.278782	5.40884	-11.7617	0
6.40813	-11.6867	-0.311023	6.40813	-11.6867	0
7.49153	-11.6774	-0.313606	7.49153	-11.6774	0
8.53735	-11.7385	-0.334173	8.53735	-11.7385	0
9.55777	-11.7322	-0.326993	9.55777	-11.7322	0
10.607	-11.7351	-0.301271	10.607	-11.7351	0
11.6692	-11.7798	-0.317473	11.6692	-11.7798	0
-11.1283	-11.7736	-0.320953	-11.1283	-11.7736	0
-10.0084	-11.762	-0.347484	-10.0084	-11.762	0
-9.01397	-11.7728	-0.342264	-9.01397	-11.7728	0
-7.93372	-11.7266	-0.296206	-7.93372	-11.7266	0
-6.95726	-11.8045	-0.348613	-6.95726	-11.8045	0
-5.93969	-11.7687	-0.342764	-5.93969	-11.7687	0
-4.8365	-11.7038	-0.346737	-4.8365	-11.7038	0
-3.85791	-11.7512	-0.297645	-3.85791	-11.7512	0
-2.85124	-11.7662	-0.301887	-2.85124	-11.7662	0
-1.8456	-11.7561	-0.329474	-1.8456	-11.7561	0
-0.757272	-10.7196	-0.306868	-0.757272	-10.7196	0
0.233226	-10.7467	-0.327786	0.233226	-10.7467	0
1.36801	-10.8056	-0.298816	1.36801	-10.8056	0
2.34118	-10.7471	-0.312447	2.34118	-10.7471	0
3.35801	-10.7352	-0.30066	3.35801	-10.7352	0
4.4238	-10.7027	-0.290897	4.4238	-10.7027	0
5.4546	-10.637	-0.323697	5.4546	-10.637	0
6.51233	-10.6546	-0.310215	6.51233	-10.6546	0
7.52264	-10.6098	-0.322352	7.52264	-10.6098	0
8.52592	-10.7214	-0.264022	8.52592	-10.7214	0
9.53083	-10.7518	-0.338368	9.53083	-10.7518	0
10.6225	-10.7253	-0.313563	10.6225	-10.7253	0
11.6392	-10.7172	-0.336622	11.6392	-10.7172	0
-11.182	-10.743	-0.319198	-11.182	-10.743	0
-10.0816	-10.7698	-0.295732	-10.0816	-10.7698	0
-9.11451	-10.7437	-0.32495	-9.11451	-10.7437	0
-8.08675	-10.7314	-0.306699	-8.08675	-10.7314	0
-6.96597	-10.6869	-0.3282	-6.96597	-10.6869	0
-5.92284	-10.7196	-0.306218	-5.92284	-10.7196	0
-4.90491	-10.6796	-0.351193	-4.90491	-10.6796	0
-3.90436	-10.6988	-0.31607	-3.90436	-10.6988	0
-2.81579	-10.7067	-0.319231	-2.81579	-10.7067	0
-1.80904	-10.7371	-0.324462	-1.80904	-10.7371	0
-0.781126	-9.66604	-0.315253	-0.781126	-9.66604	0
0.216761	-9.68422	-0.304172	0.216761	-9.68422	0
1.25582	-9.80961	-0.302574	1.25582	-9.80961	0
2.2912	-9.70632	-0.315868	2.2912	-9.70632	0
3.3075	-9.70007	-0.311758	3.3075	-9.70007	0
4.32333	-9.6807	-0.345021	4.32333	-9.6807	0
5.42093	-9.67934	-0.312468	5.42093	-9.67934	0
6.45089	-9.6379	-0.321384	6.45089	-9.6379	0
7.47768	-9.59794	-0.336516	7.47768	-9.59794	0
8.51862	-9.68131	-0.294923	8.51862	-9.68131	0
9.56975	-9.68972	-0.319678	9.56975	-9.68972	0
10.593	-9.73337	-0.293672	10.593	-9.73337	0
11.6256	-9.67715	-0.317269	11.6256	-9.67715	0
-11.1489	-9.67908	-0.323387	-11.1489	-9.67908	0
-10.1357	-9.75553	-0.341706	-10.1357	-9.75553	0
-9.10135	-9.71037	-0.334689	-9.10135	-9.71037	0
-7.99608	-9.69276	-0.300726	-7.99608	-9.69276	0
-6.95614	-9.65706	-0.322368	-6.95614	-9.65706	0
-5.96652	-9.64637	-0.306802	-5.96652	-9.64637	0
-4.91639	-9.62976	-0.297173	-4.91639	-9.62976	0
-3.8614	-9.72807	-0.310108	-3.8614	-9.72807	0
-2.82263	-9.66679	-0.316455	-2.82263	-9.66679	0
-1.79933	-9.68139	-0.325405	-1.79933	-9.68139	0
-0.778851	-8.67486	-0.333376	-0.778851	-8.67486	0
0.225687	-8.68763	-0.324196	0.225687	-8.68763	0
1.26544	-8.66621	-0.329001	1.26544	-8.66621	0
2.29873	-8.64584	-0.307688	2.29873	-8.64584	0
3.35166	-8.6838	-0.313813	3.35166	-8.6838	0
4.37931	-8.63024	-0.344607	4.37931	-8.63024	0
5.42838	-8.66083	-0.308453	5.42838	-8.66083	0
6.45027	-8.5927	-0.329821	6.45027	-8.5927	0
7.5413	-8.65892	-0.297903	7.5413	-8.65892	0
8.56064	-8.66066	-0.324473	8.56064	-8.66066	0
9.61319	-8.60664	-0.334466	9.61319	-8.60664	0
10.6555	-8.66124	-0.321251	10.6555	-8.66124	0
11.6944	-8.6441	-0.314868	11.6944	-8.6441	0
-11.0905	-8.67694	-0.329769	-11.0905	-8.67694	0
-10.035	-8.71539	-0.269397	-10.035	-8.71539	0
-9.00751	-8.69381	-0.292329	-9.00751	-8.69381	0
-7.99541	-8.65906	-0.293194	-7.99541	-8.65906	0
-6.96401	-8.61515	-0.309607	-6.96401	-8.61515	0
-5.93075	-8.59606	-0.318749	-5.93075	-8.59606	0
-4.88486	-8.65338	-0.317323	-4.88486	-8.65338	0
-3.8328	-8.68628	-0.337852	-3.8328	-8.68628	0
-2.84104	-8.66568	-0.342702	-2.84104	-8.66568	0
-1.84316	-8.65609	-0.273777	-1.84316	-8.65609	0
-0.760081	-7.64674	-0.34155	-0.760081	-7.64674	0
0.257441	-7.63341	-0.328072	0.257441	-7.63341	0
1.3415	-7.64897	-0.326782	1.3415	-7.64897	0
2.33089	-7.6581	-0.303325	2.33089	-7.6581	0
3.32992	-7.6426	-0.311027	3.32992	-7.6426	0
4.37117	-7.626	-0.313703	4.37117	-7.626	0
5.43169	-7.57559	-0.3263	5.43169	-7.57559	0
6.45658	-7.62648	-0.330463	6.45658	-7.62648	0
7.52552	-7.5838	-0.319357	7.52552	-7.5838	0
8.63737	-7.61523	-0.309072	8.63737	-7.61523	0
9.64222	-7.6292	-0.318757	9.64222	-7.6292	0
10.6487	-7.61469	-0.307075	10.6487	-7.61469	0
11.691	-7.59123	-0.324091	11.691	-7.59123	0
-11.0389	-7.60293	-0.322296	-11.0389	-7.60293	0
-9.98625	-7.6573	-0.315635	-9.98625	-7.6573	0
-8.97524	-7.61637	-0.334834	-8.97524	-7.61637	0
-7.9976	-7.57898	-0.32956	-7.9976	-7.57898	0
-6.99881	-7.58739	-0.307609	-6.99881	-7.58739	0
-5.88688	-7.55204	-0.334929	-5.88688	-7.55204	0
-4.82922	-7.57299	-0.301661	-4.82922	-7.57299	0
-3.86005	-7.57928	-0.307393	-3.86005	-7.57928	0
-2.83237	-7.57056	-0.328914	-2.83237	-7.57056	0
-1.80951	-7.66022	-0.300572	-1.80951	-7.66022	0
-0.770367	-6.57584	-0.354159	-0.770367	-6.57584	0
0.247433	-6.61344	-0.318846	0.247433	-6.61344	0
1.30829	-6.6025	-0.340777	1.30829	-6.6025	0
2.34088	-6.62333	-0.326613	2.34088	-6.62333	0
3.34197	-6.5634	-0.322002	3.34197	-6.5634	0
4.47914	-6.61644	-0.308419	4.47914	-6.61644	0
5.48929	-6.55337	-0.319776	5.48929	-6.55337	0
6.48706	-6.56773	-0.339399	6.48706	-6.56773	0
7.54285	-6.62788	-0.327991	7.54285	-6.62788	0
8.60759	-6.64228	-0.293918	8.60759	-6.64228	0
9.66999	-6.58589	-0.33238	9.66999	-6.58589	0
10.696	-6.54364	-0.297996	10.696	-6.54364	0
11.7241	-6.60085	-0.327307	11.7241	-6.60085	0
-11.0379	-6.53799	-0.336947	-11.0379	-6.53799	0
-10.0648	-6.60261	-0.341207	-10.0648	-6.60261	0
-9.0307	-6.57256	-0.305135	-9.0307	-6.57256	0
-7.99911	-6.47153	-0.335867	-7.99911	-6.47153	0
-6.94676	-6.51825	-0.33234	-6.94676	-6.51825	0
-5.95326	-6.51543	-0.349069	-5.95326	-6.51543	0
-4.87403	-6.53267	-0.338684	-4.87403	-6.53267	0
-3.82187	-6.50571	-0.322284	-3.82187	-6.50571	0
-2.78863	-6.55911	-0.318742	-2.78863	-6.55911	0
-1.77092	-6.56983	-0.303648	-1.77092	-6.56983	0
-0.767479	-5.59308	-0.33149	-0.767479	-5.59308	0
0.222217	-5.58079	-0.313502	0.222217	-5.58079	0
1.32059	-5.58256	-0.313679	1.32059	-5.58256	0
2.34158	-5.52582	-0.29374	2.34158	-5.52582	0
3.39806	-5.59197	-0.292303	3.39806	-5.59197	0
4.43067	-5.53672	-0.303465	4.43067	-5.53672	0
5.52008	-5.51753	-0.323644	5.52008	-5.51753	0
6.53684	-5.53745	-0.298482	6.53684	-5.53745	0
7.53751	-5.5877	-0.330742	7.53751	-5.5877	0
8.59227	-5.61402	-0.300066	8.59227	-5.61402	0
9.60084	-5.55272	-0.31934	9.60084	-5.55272	0
10.6462	-5.51225	-0.306802	10.6462	-5.51225	0
11.7038	-5.53897	-0.309989	11.7038	-5.53897	0
-11.0433	-5.4939	-0.308156	-11.0433	-5.4939	0
-10.0545	-5.57445	-0.313741	-10.0545	-5.57445	0
-8.98584	-5.52282	-0.332409	-8.98584	-5.52282	0
-7.9573	-5.51546	-0.279313	-7.9573	-5.51546	0
-6.93312	-5.53438	-0.333808	-6.93312	-5.53438	0
-5.90357	-5.50817	-0.33248	-5.90357	-5.50817	0
-4.85576	-5.45432	-0.325887	-4.85576	-5.45432	0
-3.84162	-5.47741	-0.313846	-3.84162	-5.47741	0
-2.78606	-5.54124	-0.28058	-2.78606	-5.54124	0
-1.74742	-5.53541	-0.324467	-1.74742	-5.53541	0
-0.744349	-4.5211	-0.320009	-0.744349	-4.5211	0
0.283311	-4.51121	-0.319797	0.283311	-4.51121	0
1.29645	-4.52795	-0.331209	1.29645	-4.52795	0
2.39798	-4.544	-0.316804	2.39798	-4.544	0
3.43577	-4.58322	-0.336288	3.43577	-4.58322	0
4.47321	-4.5675	-0.327458	4.47321	-4.5675	0
5.51057	-4.51299	-0.331274	5.51057	-4.51299	0
6.48488	-4.49993	-0.30441	6.48488	-4.49993	0
7.53207	-4.63467	-0.342378	7.53207	-4.63467	0
8.56496	-4.56071	-0.310374	8.56496	-4.56071	0
9.6727	-4.5504	-0.317501	9.6727	-4.5504	0
10.7013	-4.50037	-0.317411	10.7013	-4.50037	0
11.758	-4.51607	-0.316945	11.758	-4.51607	0
-11.0421	-4.45339	-0.341936	-11.0421	-4.45339	0
-10.0362	-4.50656	-0.308487	-10.0362	-4.50656	0
-9.01894	-4.47138	-0.342006	-9.01894	-4.47138	0
-8.01051	-4.50057	-0.298234	-8.01051	-4.50057	0
-6.94838	-4.44695	-0.319681	-6.94838	-4.44695	0
-5.93096	-4.52412	-0.310089	-5.93096	-4.52412	0
-4.87673	-4.415	-0.309289	-4.87673	-4.415	0
-3.86454	-4.49498	-0.303645	-3.86454	-4.49498	0
-2.81774	-4.48748	-0.288639	-2.81774	-4.48748	0
-1.77708	-4.48294	-0.32449	-1.77708	-4.48294	0
-0.703202	-3.48509	-0.313036	-0.703202	-3.48509	0
0.287846	-3.5049	-0.310624	0.287846	-3.5049	0
1.34507	-3.52518	-0.34106	1.34507	-3.52518	0
2.4318	-3.55754	-0.328788	2.4318	-3.55754	0
3.44192	-3.54834	-0.318628	3.44192	-3.54834	0
4.44697	-3.49179	-0.333087	4.44697	-3.49179	0
5.56376	-3.44717	-0.337317	5.56376	-3.44717	0
6.57204	-3.46939	-0.332535	6.57204	-3.46939	0
7.58718	-3.54484	-0.33658	7.58718	-3.54484	0
8.58945	-3.51369	-0.326553	8.58945	-3.51369	0
9.63737	-3.51479	-0.319072	9.63737	-3.51479	0
10.739	-3.50304	-0.337118	10.739	-3.50304	0
11.7172	-3.48775	-0.314349	11.7172	-3.48775	0
-11.0486	-3.44102	-0.316856	-11.0486	-3.44102	0
-10.0636	-3.41337	-0.32071	-10.0636	-3.41337	0
-9.0329	-3.45352	-0.317521	-9.0329	-3.45352	0
-7.99903	-3.49134	-0.336229	-7.99903	-3.49134	0
-7.03785	-3.47392	-0.348081	-7.03785	-3.47392	0
-5.97954	-3.45646	-0.308561	-5.97954	-3.45646	0
-4.99213	-3.45176	-0.310904	-4.99213	-3.45176	0
-3.87735	-3.47805	-0.330378	-3.87735	-3.47805	0
-2.82844	-3.49719	-0.338819	-2.82844	-3.49719	0
-1.75692	-3.46728	-0.30433	-1.75692	-3.46728	0
-0.72263	-2.4593	-0.312174	-0.72263	-2.4593	0
0.369293	-2.49928	-0.313287	0.369293	-2.49928	0
1.47052	-2.48785	-0.32838	1.47052	-2.48785	0
2.45604	-2.50108	-0.319305	2.45604	-2.50108	0
3.46202	-2.56686	-0.313054	3.46202	-2.56686	0
4.45167	-2.50737	-0.324842	4.45167	-2.50737	0
5.49378	-2.48862	-0.309234	5.49378	-2.48862	0
6.50364	-2.45632	-0.301412	6.50364	-2.45632	0
7.58923	-2.51018	-0.339762	7.58923	-2.51018	0
8.58125	-2.42697	-0.326501	8.58125	-2.42697	0
9.65277	-2.47921	-0.307455	9.65277	-2.47921	0
10.7092	-2.5009	-0.317562	10.7092	-2.5009	0
11.6721	-2.40965	-0.307104	11.6721	-2.40965	0
-11.0914	-2.44129	-0.336779	-11.0914	-2.44129	0
-9.98161	-2.41021	-0.300866	-9.98161	-2.41021	0
-9.03458	-2.42183	-0.310271	-9.03458	-2.42183	0
-7.98691	-2.42376	-0.305161	-7.98691	-2.42376	0
-7.05003	-2.40638	-0.319646	-7.05003	-2.40638	0
-6.02804	-2.45302	-0.322124	-6.02804	-2.45302	0
-4.96751	-2.4176	-0.300266	-4.96751	-2.4176	0
-3.84137	-2.49481	-0.332845	-3.84137	-2.49481	0
-2.79163	-2.46514	-0.319954	-2.79163	-2.46514	0
-1.75901	-2.48891	-0.298934	-1.75901	-2.48891	0
-0.72036	-1.419	-0.330459	-0.72036	-1.419	0
0.294782	-1.45741	-0.311339	0.294782	-1.45741	0
1.33189	-1.47234	-0.316086	1.33189	-1.47234	0
2.42999	-1.44359	-0.311003	2.42999	-1.44359	0
3.47371	-1.44103	-0.304706	3.47371	-1.44103	0
4.51886	-1.43655	-0.298562	4.51886	-1.43655	0
5.52539	-1.45391	-0.324511	5.52539	-1.45391	0
6.55222	-1.43631	-0.31942	6.55222	-1.43631	0
7.57555	-1.38879	-0.308317	7.57555	-1.38879	0
8.63983	-1.43123	-0.323664	8.63983	-1.43123	0
9.5984	-1.45702	-0.321647	9.5984	-1.45702	0
10.6577	-1.45138	-0.303458	10.6577	-1.45138	0
11.7555	-1.38728	-0.30973	11.7555	-1.38728	0
-10.9879	-1.44463	-0.304896	-10.9879	-1.44463	0
-9.93176	-1.37821	-0.311218	-9.93176	-1.37821	0
-8.95188	-1.45591	-0.344021	-8.95188	-1.45591	0
-8.0021	-1.39346	-0.327045	-8.0021	-1.39346	0
-6.92669	-1.36772	-0.318464	-6.92669	-1.36772	0
-5.92845	-1.38501	-0.336153	-5.92845	-1.38501	0
-4.85238	-1.41085	-0.330076	-4.85238	-1.41085	0
-3.84925	-1.41769	-0.304673	-3.84925	-1.41769	0
-2.79638	-1.45515	-0.320247	-2.79638	-1.45515	0
-1.75524	-1.51697	-0.317218	-1.75524	-1.51697	0
-0.167719	0.119678	0.332846	-0.167719	0.119678	0
0.943659	0.120898	0.309904	0.943659	0.120898	0
1.88909	0.0480931	0.299302	1.88909	0.0480931	0
2.98445	0.0956204	0.322665	2.98445	0.0956204	0
4.00997	0.0987446	0.338211	4.00997	0.0987446	0
5.05816	0.102251	0.308452	5.05816	0.102251	0
6.04929	0.124629	0.341112	6.04929	0.124629	0
7.09276	0.133187	0.323231	7.09276	0.133187	0
8.06323	0.144211	0.355097	8.06323	0.144211	0
9.15848	0.116306	0.29922	9.15848	0.116306	0
10.1998	0.0921981	0.304968	10.1998	0.0921981	0
11.1861	0.0860549	0.325238	11.1861	0.0860549	0
-11.5754	0.168608	0.291909	-11.5754	0.168608	0
-10.5381	0.10251	0.307959	-10.5381	0.10251	0
-9.46706	0.206325	0.336374	-9.46706	0.206325	0
-8.44183	0.211178	0.308696	-8.44183	0.211178	0
-7.38035	0.196069	0.296802	-7.38035	0.196069	0
-6.37597	0.174928	0.320913	-6.37597	0.174928	0
-5.34209	0.129364	0.303896	-5.34209	0.129364	0
-4.33278	0.084846	0.306946	-4.33278	0.084846	0
-3.32046	0.0901308	0.312904	-3.32046	0.0901308	0
-2.25596	0.0845443	0.324799	-2.25596	0.0845443	0
-1.17944	0.0908136	0.341494	-1.17944	0.0908136	0
-0.139197	1.16375	0.31163	-0.139197	1.16375	0
0.855153	1.11195	0.327378	0.855153	1.11195	0
1.94999	1.14778	0.328268	1.94999	1.14778	0
2.94705	1.15464	0.308312	2.94705	1.15464	0
4.01525	1.10497	0.310012	4.01525	1.10497	0
5.02317	1.15995	0.331733	5.02317	1.15995	0
6.0838	1.20411	0.321607	6.0838	1.20411	0
7.09068	1.24654	0.301321	7.09068	1.24654	0
8.09331	1.17797	0.311666	8.09331	1.17797	0
9.08779	1.16216	0.35426	9.08779	1.16216	0
10.1247	1.18204	0.310825	10.1247	1.18204	0
11.1659	1.14348	0.330525	11.1659	1.14348	0
-11.564	1.11888	0.332964	-11.564	1.11888	0
-10.5259	1.1603	0.322943	-10.5259	1.1603	0
-9.44021	1.23988	0.317618	-9.44021	1.23988	0
-8.41876	1.17139	0.319906	-8.41876	1.17139	0
-7.39233	1.17587	0.310226	-7.39233	1.17587	0
-6.36705	1.21313	0.316392	-6.36705	1.21313	0
-5.29113	1.15857	0.306687	-5.29113	1.15857	0
-4.29167	1.14915	0.324275	-4.29167	1.14915	0
-3.28498	1.15698	0.311996	-3.28498	1.15698	0
-2.28454	1.10622	0.304946	-2.28454	1.10622	0
-1.26292	1.1165	0.313145	-1.26292	1.1165	0
-0.100933	2.18903	0.308889	-0.100933	2.18903	0
0.897075	2.1253	0.307689	0.897075	2.1253	0
1.93204	2.17258	0.344694	1.93204	2.17258	0
3.01976	2.16312	0.332852	3.01976	2.16312	0
4.00972	2.19626	0.315697	4.00972	2.19626	0
5.0775	2.17022	0.316903	5.0775	2.17022	0
6.10181	2.22464	0.311164	6.10181	2.22464	0
7.11626	2.21208	0.348852	7.11626	2.21208	0
8.14226	2.14702	0.312517	8.14226	2.14702	0
9.16724	2.18008	0.303379	9.16724	2.18008	0
10.1797	2.20296	0.303205	10.1797	2.20296	0
11.1692	2.17084	0.318446	11.1692	2.17084	0
-11.5282	2.19782	0.329661	-11.5282	2.19782	0
-10.4952	2.25355	0.33231	-10.4952	2.25355	0
-9.48518	2.24848	0.301721	-9.48518	2.24848	0
-8.449	2.19102	0.344679	-8.449	2.19102	0
-7.4304	2.2279	0.330022	-7.4304	2.2279	0
-6.38459	2.25991	0.323673	-6.38459	2.25991	0
-5.30752	2.21328	0.312887	-5.30752	2.21328	0
-4.30748	2.23239	0.341483	-4.30748	2.23239	0
-3.30036	2.21524	0.312052	-3.30036	2.21524	0
-2.22267	2.10293	0.315862	-2.22267	2.10293	0
-1.11867	2.20124	0.309324	-1.11867	2.20124	0
-0.0555563	3.23993	0.313248	-0.0555563	3.23993	0
0.945627	3.12185	0.308064	0.945627	3.12185	0
1.94818	3.15792	0.300253	1.94818	3.15792	0
2.95743	3.20288	0.332979	2.95743	3.20288	0
4.02218	3.19784	0.297681	4.02218	3.19784	0
5.0602	3.26429	0.328308	5.0602	3.26429	0
6.1111	3.25156	0.321017	6.1111	3.25156	0
7.11031	3.20559	0.31	7.11031	3.20559	0
8.12011	3.21757	0.318867	8.12011	3.21757	0
9.198	3.21151	0.323591	9.198	3.21151	0
10.1788	3.21068	0.331077	10.1788	3.21068	0
11.1828	3.21573	0.320406	11.1828	3.21573	0
-11.5191	3.20488	0.309591	-11.5191	3.20488	0
-10.4946	3.26462	0.295999	-10.4946	3.26462	0
-9.5112	3.3633	0.33963	-9.5112	3.3633	0
-8.44983	3.24739	0.341237	-8.44983	3.24739	0
-7.44427	3.26178	0.321668	-7.44427	3.26178	0
-6.42026	3.22789	0.316102	-6.42026	3.22789	0
-5.34306	3.26836	0.351115	-5.34306	3.26836	0
-4.30493	3.23203	0.293134	-4.30493	3.23203	0
-3.24364	3.21859	0.301756	-3.24364	3.21859	0
-2.23113	3.10914	0.362328	-2.23113	3.10914	0
-1.11841	3.181	0.304082	-1.11841	3.181	0
-0.0870208	4.24091	0.315329	-0.0870208	4.24091	0
0.965141	4.22109	0.3181	0.965141	4.22109	0
1.98248	4.23229	0.34128	1.98248	4.23229	0
2.98305	4.19477	0.313279	2.98305	4.19477	0
4.03766	4.23659	0.305282	4.03766	4.23659	0
5.05573	4.35355	0.3402	5.05573	4.35355	0
6.08526	4.28953	0.278546	6.08526	4.28953	0
7.15586	4.23494	0.360062	7.15586	4.23494	0
8.15404	4.24084	0.335681	8.15404	4.24084	0
9.16426	4.23288	0.315339	9.16426	4.23288	0
10.2208	4.31871	0.309843	10.2208	4.31871	0
11.2034	4.23183	0.316098	11.2034	4.23183	0
-11.5592	4.24517	0.324265	-11.5592	4.24517	0
-10.5167	4.3155	0.32626	-10.5167	4.3155	0
-9.49393	4.3789	0.341572	-9.49393	4.3789	0
-8.47477	4.32792	0.308351	-8.47477	4.32792	0
-7.45346	4.32038	0.326117	-7.45346	4.32038	0
-6.4145	4.29842	0.310281	-6.4145	4.29842	0
-5.35157	4.27071	0.308819	-5.35157	4.27071	0
-4.34404	4.25731	0.303057	-4.34404	4.25731	0
-3.22247	4.18072	0.315127	-3.22247	4.18072	0
-2.21404	4.18655	0.329902	-2.21404	4.18655	0
-1.16731	4.24665	0.314604	-1.16731	4.24665	0
-0.152326	5.26112	0.333621	-0.152326	5.26112	0
0.847744	5.26287	0.342837	0.847744	5.26287	0
1.90519	5.27528	0.351395	1.90519	5.27528	0
2.96005	5.22627	0.323721	2.96005	5.22627	0
3.96679	5.26171	0.299088	3.96679	5.26171	0
5.01025	5.37506	0.327941	5.01025	5.37506	0
6.06504	5.3589	0.330074	6.06504	5.3589	0
7.06843	5.27476	0.336208	7.06843	5.27476	0
8.09039	5.3	0.320471	8.09039	5.3	0
9.15035	5.33763	0.324122	9.15035	5.33763	0
10.1693	5.3539	0.306086	10.1693	5.3539	0
11.1475	5.29565	0.340546	11.1475	5.29565	0
-11.5601	5.31299	0.324254	-11.5601	5.31299	0
-10.5039	5.33544	0.323462	-10.5039	5.33544	0
-9.49064	5.40633	0.333211	-9.49064	5.40633	0
-8.42377	5.35217	0.326217	-8.42377	5.35217	0
-7.40411	5.37016	0.317446	-7.40411	5.37016	0
-6.35131	5.33831	0.320161	-6.35131	5.33831	0
-5.34631	5.28336	0.33964	-5.34631	5.28336	0
-4.29012	5.30002	0.322341	-4.29012	5.30002	0
-3.27197	5.22071	0.34177	-3.27197	5.22071	0
-2.20945	5.2276	0.312042	-2.20945	5.2276	0
-1.22936	5.28847	0.292414	-1.22936	5.28847	0
-0.154903	6.30688	0.32649	-0.154903	6.30688	0
0.844418	6.34679	0.28724	0.844418	6.34679	0
1.86685	6.28713	0.292576	1.86685	6.28713	0
2.85686	6.25982	0.328092	2.85686	6.25982	0
3.92514	6.32208	0.3192	3.92514	6.32208	0
4.93758	6.36063	0.306145	4.93758	6.36063	0
5.98783	6.3989	0.30214	5.98783	6.3989	0
6.97461	6.31743	0.297855	6.97461	6.31743	0
8.10562	6.33107	0.308658	8.10562	6.33107	0
9.14209	6.35991	0.305223	9.14209	6.35991	0
10.1849	6.31151	0.329949	10.1849	6.31151	0
11.2265	6.33886	0.349305	11.2265	6.33886	0
-11.5464	6.29203	0.304055	-11.5464	6.29203	0
-10.541	6.33222	0.326439	-10.541	6.33222	0
-9.53627	6.39029	0.316486	-9.53627	6.39029	0
-8.49541	6.36338	0.339783	-8.49541	6.36338	0
-7.43642	6.34744	0.325377	-7.43642	6.34744	0
-6.3764	6.38017	0.284505	-6.3764	6.38017	0
-5.31881	6.2732	0.286981	-5.31881	6.2732	0
-4.32026	6.31785	0.312059	-4.32026	6.31785	0
-3.28005	6.29736	0.280302	-3.28005	6.29736	0
-2.23913	6.25802	0.294168	-2.23913	6.25802	0
-1.18038	6.26814	0.325098	-1.18038	6.26814	0
-0.193765	7.37288	0.349782	-0.193765	7.37288	0
0.854708	7.37689	0.323272	0.854708	7.37689	0
1.87233	7.33161	0.338948	1.87233	7.33161	0
2.88998	7.35758	0.314878	2.88998	7.35758	0
3.90238	7.31641	0.280906	3.90238	7.31641	0
4.94738	7.38851	0.315572	4.94738	7.38851	0
5.97402	7.41848	0.318622	5.97402	7.41848	0
6.98828	7.4769	0.314562	6.98828	7.4769	0
8.04154	7.4238	0.30938	8.04154	7.4238	0
9.14916	7.39019	0.310814	9.14916	7.39019	0
10.1438	7.42511	0.299465	10.1438	7.42511	0
11.1788	7.30306	0.303737	11.1788	7.30306	0
-11.5317	7.35198	0.316871	-11.5317	7.35198	0
-10.515	7.33228	0.342997	-10.515	7.33228	0
-9.56041	7.39124	0.33568	-9.56041	7.39124	0
-8.5322	7.38385	0.3081	-8.5322	7.38385	0
-7.52892	7.36951	0.304618	-7.52892	7.36951	0
-6.38868	7.38662	0.325159	-6.38868	7.38662	0
-5.34504	7.34866	0.299122	-5.34504	7.34866	0
-4.31501	7.38346	0.27086	-4.31501	7.38346	0
-3.32291	7.34002	0.302658	-3.32291	7.34002	0
-2.23232	7.32668	0.301873	-2.23232	7.32668	0
-1.23594	7.31142	0.333774	-1.23594	7.31142	0
-0.226895	8.41254	0.334723	-0.226895	8.41254	0
0.778936	8.3934	0.316913	0.778936	8.3934	0
1.85187	8.44189	0.349181	1.85187	8.44189	0
2.87149	8.43873	0.329635	2.87149	8.43873	0
3.9486	8.40597	0.333183	3.9486	8.40597	0
4.95467	8.31661	0.32388	4.95467	8.31661	0
5.97951	8.49018	0.345138	5.97951	8.49018	0
7.04853	8.46088	0.306778	7.04853	8.46088	0
8.01727	8.424	0.326647	8.01727	8.424	0
9.09148	8.46236	0.307278	9.09148	8.46236	0
10.1505	8.43279	0.322903	10.1505	8.43279	0
11.17	8.39805	0.307414	11.17	8.39805	0
-11.6061	8.37237	0.278927	-11.6061	8.37237	0
-10.6352	8.41674	0.332726	-10.6352	8.41674	0
-9.53263	8.46633	0.340209	-9.53263	8.46633	0
-8.5201	8.39399	0.333467	-8.5201	8.39399	0
-7.47701	8.46634	0.312485	-7.47701	8.46634	0
-6.4179	8.46908	0.327911	-6.4179	8.46908	0
-5.40571	8.41508	0.307108	-5.40571	8.41508	0
-4.34036	8.41338	0.314745	-4.34036	8.41338	0
-3.28372	8.45342	0.314849	-3.28372	8.45342	0
-2.28251	8.40125	0.305006	-2.28251	8.40125	0
-1.22312	8.34396	0.293549	-1.22312	8.34396	0
-0.153362	9.46867	0.338057	-0.153362	9.46867	0
0.815919	9.43232	0.316922	0.815919	9.43232	0
1.84124	9.43495	0.298779	1.84124	9.43495	0
2.84198	9.4416	0.312306	2.84198	9.4416	0
3.92067	9.40336	0.316165	3.92067	9.40336	0
4.99936	9.40045	0.321441	4.99936	9.40045	0
6.02625	9.43254	0.336879	6.02625	9.43254	0
7.06923	9.48159	0.312904	7.06923	9.48159	0
8.09422	9.45175	0.302282	8.09422	9.45175	0
9.12718	9.49587	0.329653	9.12718	9.49587	0
10.1271	9.46131	0.320767	10.1271	9.46131	0
11.1967	9.48764	0.308544	11.1967	9.48764	0
-11.5358	9.40491	0.314327	-11.5358	9.40491	0
-10.5618	9.50807	0.282345	-10.5618	9.50807	0
-9.53056	9.44699	0.314153	-9.53056	9.44699	0
-8.52614	9.39486	0.317692	-8.52614	9.39486	0
-7.47174	9.46185	0.289277	-7.47174	9.46185	0
-6.45157	9.49106	0.32582	-6.45157	9.49106	0
-5.36363	9.42593	0.332551	-5.36363	9.42593	0
-4.34474	9.44591	0.313179	-4.34474	9.44591	0
-3.31834	9.43247	0.306314	-3.31834	9.43247	0
-2.27165	9.4242	0.319782	-2.27165	9.4242	0
-1.23141	9.36798	0.346343	-1.23141	9.36798	0
-0.243405	10.4739	0.281915	-0.243405	10.4739	0
0.808946	10.4666	0.332209	0.808946	10.4666	0
1.84185	10.4589	0.341318	1.84185	10.4589	0
2.89598	10.5	0.286478	2.89598	10.5	0
3.95865	10.4221	0.310868	3.95865	10.4221	0
4.94086	10.4508	0.287243	4.94086	10.4508	0
5.93456	10.5204	0.339618	5.93456	10.5204	0
6.97572	10.4466	0.325528	6.97572	10.4466	0
8.04168	10.4934	0.366423	8.04168	10.4934	0
9.0734	10.5534	0.333787	9.0734	10.5534	0
10.116	10.4984	0.303679	10.116	10.4984	0
11.1237	10.5297	0.313353	11.1237	10.5297	0
-11.6371	10.4644	0.303714	-11.6371	10.4644	0
-10.5328	10.5063	0.294623	-10.5328	10.5063	0
-9.52254	10.4617	0.332563	-9.52254	10.4617	0
-8.53893	10.3985	0.331976	-8.53893	10.3985	0
-7.4466	10.4915	0.343976	-7.4466	10.4915	0
-6.38458	10.526	0.320616	-6.38458	10.526	0
-5.36959	10.4621	0.309604	-5.36959	10.4621	0
-4.36588	10.4211	0.342746	-4.36588	10.4211	0
-3.29288	10.4414	0.315069	-3.29288	10.4414	0
-2.29839	10.4856	0.308108	-2.29839	10.4856	0
-1.22676	10.4369	0.36081	-1.22676	10.4369	0
-0.208216	11.4561	0.331073	-0.208216	11.4561	0
0.770345	11.5057	0.325841	0.770345	11.5057	0
1.8433	11.4781	0.332684	1.8433	11.4781	0
2.8899	11.5314	0.273028	2.8899	11.5314	0
3.88065	11.4526	0.297174	3.88065	11.4526	0
4.89689	11.4681	0.334463	4.89689	11.4681	0
5.9696	11.5297	0.317755	5.9696	11.5297	0
6.95509	11.6026	0.33901	6.95509	11.6026	0
8.0353	11.5385	0.331907	8.0353	11.5385	0
9.04369	11.5154	0.297665	9.04369	11.5154	0
10.0635	11.5186	0.30769	10.0635	11.5186	0
11.1502	11.4954	0.337581	11.1502	11.4954	0
-11.6421	11.4558	0.29781	-11.6421	11.4558	0
-10.6132	11.5449	0.309328	-10.6132	11.5449	0
-9.51442	11.5409	0.317966	-9.51442	11.5409	0
-8.40965	11.5079	0.315178	-8.40965	11.5079	0
-7.43786	11.4951	0.305363	-7.43786	11.4951	0
-6.38386	11.5216	0.308806	-6.38386	11.5216	0
-5.34891	11.5668	0.326977	-5.34891	11.5668	0
-4.34597	11.4913	0.308249	-4.34597	11.4913	0
-3.35043	11.5117	0.310043	-3.35043	11.5117	0
-2.3296	11.5356	0.288404	-2.3296	11.5356	0
-1.27932	11.4823	0.31736	-1.27932	11.4823	0
-0.229973	-11.273	0.349987	-0.229973	-11.273	0
0.762716	-11.2568	0.303559	0.762716	-11.2568	0
1.84644	-11.3065	0.310392	1.84644	-11.3065	0
2.83728	-11.2521	0.316847	2.83728	-11.2521	0
3.87706	-11.2442	0.328118	3.87706	-11.2442	0
4.924	-11.2246	0.336236	4.924	-11.2246	0
5.97303	-11.1641	0.29031	5.97303	-11.1641	0
6.9826	-11.1537	0.30402	6.9826	-11.1537	0
8.04156	-11.2354	0.316432	8.04156	-11.2354	0
9.03182	-11.259	0.316036	9.03182	-11.259	0
10.1158	-11.2422	0.335565	10.1158	-11.2422	0
11.1449	-11.2238	0.307781	11.1449	-11.2238	0
-11.6225	-11.2489	0.318913	-11.6225	-11.2489	0
-10.5942	-11.2593	0.309201	-10.5942	-11.2593	0
-9.56222	-11.2511	0.325737	-9.56222	-11.2511	0
-8.56475	-11.2662	0.311308	-8.56475	-11.2662	0
-7.39731	-11.2431	0.294558	-7.39731	-11.2431	0
-6.43243	-11.2771	0.325735	-6.43243	-11.2771	0
-5.39767	-11.2242	0.305283	-5.39767	-11.2242	0
-4.3733	-11.2034	0.316738	-4.3733	-11.2034	0
-3.3816	-11.2616	0.327035	-3.3816	-11.2616	0
-2.3442	-11.2318	0.335003	-2.3442	-11.2318	0
-1.30432	-11.2563	0.299688	-1.30432	-11.2563	0
-0.281524	-10.2364	0.350708	-0.281524	-10.2364	0
0.72901	-10.2844	0.308396	0.72901	-10.2844	0
1.85422	-10.2806	0.357966	1.85422	-10.2806	0
2.81975	-10.1856	0.331966	2.81975	-10.1856	0
3.86022	-10.1606	0.326716	3.86022	-10.1606	0
4.89565	-10.1609	0.335328	4.89565	-10.1609	0
5.98056	-10.1561	0.332352	5.98056	-10.1561	0
7.00832	-10.1154	0.313131	7.00832	-10.1154	0
7.9894	-10.143	0.344742	7.9894	-10.143	0
9.04123	-10.1663	0.318001	9.04123	-10.1663	0
10.0817	-10.2339	0.326022	10.0817	-10.2339	0
11.1418	-10.2101	0.323201	11.1418	-10.2101	0
-11.614	-10.2041	0.287002	-11.614	-10.2041	0
-10.6505	-10.2546	0.317009	-10.6505	-10.2546	0
-9.57537	-10.2205	0.316788	-9.57537	-10.2205	0
-8.5447	-10.2199	0.298733	-8.5447	-10.2199	0
-7.48566	-10.2392	0.306244	-7.48566	-10.2392	0
-6.42988	-10.1622	0.310867	-6.42988	-10.1622	0
-5.40961	-10.1924	0.292858	-5.40961	-10.1924	0
-4.37425	-10.1821	0.313641	-4.37425	-10.1821	0
-3.31427	-10.2134	0.317627	-3.31427	-10.2134	0
-2.29285	-10.2105	0.321682	-2.29285	-10.2105	0
-1.30374	-10.1289	0.31163	-1.30374	-10.1289	0
-0.299631	-9.1664	0.321904	-0.299631	-9.1664	0
0.730799	-9.21322	0.309615	0.730799	-9.21322	0
1.76294	-9.22593	0.307724	1.76294	-9.22593	0
2.80009	-9.15282	0.316643	2.80009	-9.15282	0
3.8443	-9.16176	0.332952	3.8443	-9.16176	0
4.83022	-9.17902	0.325827	4.83022	-9.17902	0
5.94055	-9.118	0.327978	5.94055	-9.118	0
6.99301	-9.05702	0.316715	6.99301	-9.05702	0
8.03013	-9.14757	0.318573	8.03013	-9.14757	0
9.06321	-9.20295	0.328042	9.06321	-9.20295	0
10.1024	-9.16758	0.278853	10.1024	-9.16758	0
11.1391	-9.19786	0.296213	11.1391	-9.19786	0
-11.6225	-9.15056	0.327089	-11.6225	-9.15056	0
-10.5837	-9.20526	0.326505	-10.5837	-9.20526	0
-9.57815	-9.24844	0.332321	-9.57815	-9.24844	0
-8.52871	-9.18887	0.305844	-8.52871	-9.18887	0
-7.50199	-9.17796	0.331711	-7.50199	-9.17796	0
-6.49475	-9.10446	0.357591	-6.49475	-9.10446	0
-5.45727	-9.15645	0.342422	-5.45727	-9.15645	0
-4.38056	-9.16836	0.330754	-4.38056	-9.16836	0
-3.30827	-9.13795	0.326766	-3.30827	-9.13795	0
-2.34324	-9.18489	0.330424	-2.34324	-9.18489	0
-1.29903	-9.15897	0.342939	-1.29903	-9.15897	0
-0.210312	-8.14376	0.305899	-0.210312	-8.14376	0
0.774551	-8.12445	0.323209	0.774551	-8.12445	0
1.815	-8.17429	0.33502	1.815	-8.17429	0
2.85327	-8.13901	0.337759	2.85327	-8.13901	0
3.8792	-8.15024	0.324561	3.8792	-8.15024	0
4.91282	-8.12292	0.298539	4.91282	-8.12292	0
5.94317	-8.08908	0.326695	5.94317	-8.08908	0
7.01044	-8.07652	0.296171	7.01044	-8.07652	0
8.02148	-8.05088	0.300185	8.02148	-8.05088	0
9.1082	-8.11396	0.310371	9.1082	-8.11396	0
10.1446	-8.16925	0.319694	10.1446	-8.16925	0
11.1849	-8.14918	0.331301	11.1849	-8.14918	0
-11.5733	-8.08549	0.298601	-11.5733	-8.08549	0
-10.5634	-8.17201	0.339158	-10.5634	-8.17201	0
-9.4916	-8.15517	0.327361	-9.4916	-8.15517	0
-8.51122	-8.08374	0.318419	-8.51122	-8.08374	0
-7.5178	-8.08045	0.317747	-7.5178	-8.08045	0
-6.39051	-8.0629	0.315655	-6.39051	-8.0629	0
-5.29746	-8.0924	0.310408	-5.29746	-8.0924	0
-4.30362	-8.20068	0.316026	-4.30362	-8.20068	0
-3.29323	-8.13469	0.279099	-3.29323	-8.13469	0
-2.32792	-8.10476	0.305021	-2.32792	-8.10476	0
-1.25348	-8.1309	0.32704	-1.25348	-8.1309	0
-0.235841	-7.1371	0.328377	-0.235841	-7.1371	0
0.804199	-7.13302	0.317163	0.804199	-7.13302	0
1.81982	-7.09737	0.322352	1.81982	-7.09737	0
2.8904	-7.13805	0.324457	2.8904	-7.13805	0
3.87276	-7.07335	0.293895	3.87276	-7.07335	0
4.94759	-7.10575	0.327804	4.94759	-7.10575	0
5.98569	-7.09373	0.312012	5.98569	-7.09373	0
7.04777	-7.07747	0.314752	7.04777	-7.07747	0
8.10769	-7.09741	0.330561	8.10769	-7.09741	0
9.16987	-7.09603	0.336536	9.16987	-7.09603	0
10.1663	-7.08403	0.334438	10.1663	-7.08403	0
11.2104	-7.06848	0.298747	11.2104	-7.06848	0
-11.5819	-7.07007	0.331092	-11.5819	-7.07007	0
-10.518	-7.13769	0.312041	-10.518	-7.13769	0
-9.47007	-7.15074	0.326654	-9.47007	-7.15074	0
-8.47325	-7.02648	0.337559	-8.47325	-7.02648	0
-7.51754	-7.04965	0.290684	-7.51754	-7.04965	0
-6.46556	-7.06671	0.307306	-6.46556	-7.06671	0
-5.41347	-7.00409	0.298128	-5.41347	-7.00409	0
-4.42497	-7.00037	0.328119	-4.42497	-7.00037	0
-3.38655	-7.069	0.323524	-3.38655	-7.069	0
-2.32436	-7.08769	0.328136	-2.32436	-7.08769	0
-1.28201	-7.13315	0.31634	-1.28201	-7.13315	0
-0.245201	-6.1017	0.309672	-0.245201	-6.1017	0
0.844472	-6.0709	0.318676	0.844472	-6.0709	0
1.83298	-6.06479	0.315143	1.83298	-6.06479	0
2.87883	-6.05976	0.326361	2.87883	-6.05976	0
3.92304	-6.11162	0.297772	3.92304	-6.11162	0
4.95809	-6.05602	0.318995	4.95809	-6.05602	0
6.02159	-6.05736	0.316574	6.02159	-6.05736	0
7.02961	-6.11852	0.33195	7.02961	-6.11852	0
8.04901	-6.1063	0.323475	8.04901	-6.1063	0
9.08816	-6.05668	0.327274	9.08816	-6.05668	0
10.094	-6.05315	0.314603	10.094	-6.05315	0
11.2128	-6.01471	0.308103	11.2128	-6.01471	0
-11.5672	-6.09595	0.305022	-11.5672	-6.09595	0
-10.5606	-6.05473	0.311745	-10.5606	-6.05473	0
-9.55768	-6.03859	0.293014	-9.55768	-6.03859	0
-8.57926	-6.01329	0.338724	-8.57926	-6.01329	0
-7.44964	-6.00142	0.347587	-7.44964	-6.00142	0
-6.41922	-6.06284	0.313335	-6.41922	-6.06284	0
-5.42036	-5.99101	0.315499	-5.42036	-5.99101	0
-4.40599	-5.97904	0.311135	-4.40599	-5.97904	0
-3.32467	-5.98312	0.315269	-3.32467	-5.98312	0
-2.29664	-6.08353	0.316505	-2.29664	-6.08353	0
-1.2714	-6.08983	0.322515	-1.2714	-6.08983	0
-0.232746	-5.05829	0.330783	-0.232746	-5.05829	0
0.734643	-5.07601	0.275678	0.734643	-5.07601	0
1.77833	-5.06255	0.297644	1.77833	-5.06255	0
2.88531	-5.05468	0.326263	2.88531	-5.05468	0
3.93415	-5.03165	0.316349	3.93415	-5.03165	0
5.02613	-5.0351	0.30778	5.02613	-5.0351	0
6.00201	-5.03597	0.312719	6.00201	-5.03597	0
6.98358	-5.03606	0.336515	6.98358	-5.03606	0
8.05728	-5.10104	0.329079	8.05728	-5.10104	0
9.10694	-5.03103	0.342785	9.10694	-5.03103	0
10.1332	-5.05813	0.324949	10.1332	-5.05813	0
11.1939	-5.01341	0.326714	11.1939	-5.01341	0
-11.5493	-5.01039	0.303111	-11.5493	-5.01039	0
-10.5466	-4.98759	0.31484	-10.5466	-4.98759	0
-9.53648	-5.05658	0.332334	-9.53648	-5.05658	0
-8.55561	-4.99106	0.325921	-8.55561	-4.99106	0
-7.49448	-4.95404	0.323724	-7.49448	-4.95404	0
-6.45187	-5.02828	0.318278	-6.45187	-5.02828	0
-5.36226	-4.95971	0.311871	-5.36226	-4.95971	0
-4.3627	-4.9937	0.331486	-4.3627	-4.9937	0
-3.33133	-4.99942	0.312377	-3.33133	-4.99942	0
-2.27208	-5.03039	0.333241	-2.27208	-5.03039	0
-1.27103	-5.00866	0.276575	-1.27103	-5.00866	0
-0.248573	-4.04487	0.340686	-0.248573	-4.04487	0
0.850171	-3.98974	0.311533	0.850171	-3.98974	0
1.91199	-4.06719	0.296401	1.91199	-4.06719	0
2.94541	-4.03229	0.322929	2.94541	-4.03229	0
3.95339	-4.0375	0.313615	3.95339	-4.0375	0
5.00835	-3.99679	0.293003	5.00835	-3.99679	0
6.08257	-3.95653	0.308694	6.08257	-3.95653	0
7.05376	-4.03279	0.310481	7.05376	-4.03279	0
8.08086	-4.05629	0.332633	8.08086	-4.05629	0
9.09742	-4.0483	0.29276	9.09742	-4.0483	0
10.1601	-3.9953	0.32034	10.1601	-3.9953	0
11.2094	-4.00958	0.324998	11.2094	-4.00958	0
-11.5242	-3.97833	0.316747	-11.5242	-3.97833	0
-10.5405	-3.97084	0.304898	-10.5405	-3.97084	0
-9.56917	-3.99049	0.320995	-9.56917	-3.99049	0
-8.54769	-3.95466	0.343058	-8.54769	-3.95466	0
-7.51177	-3.98296	0.319491	-7.51177	-3.98296	0
-6.43919	-3.98553	0.332477	-6.43919	-3.98553	0
-5.45141	-3.97115	0.324709	-5.45141	-3.97115	0
-4.35769	-3.92512	0.311225	-4.35769	-3.92512	0
-3.34866	-4.00627	0.32121	-3.34866	-4.00627	0
-2.29976	-4.00109	0.309696	-2.29976	-4.00109	0
-1.26532	-4.00042	0.311065	-1.26532	-4.00042	0
-0.201596	-2.93679	0.333336	-0.201596	-2.93679	0
0.867874	-2.99957	0.300395	0.867874	-2.99957	0
1.90535	-3.05426	0.314333	1.90535	-3.05426	0
2.88417	-3.03506	0.317649	2.88417	-3.03506	0
3.97476	-3.01376	0.335183	3.97476	-3.01376	0
4.9818	-2.9764	0.317981	4.9818	-2.9764	0
6.04009	-2.95436	0.332154	6.04009	-2.95436	0
7.02879	-3.01817	0.32828	7.02879	-3.01817	0
8.09528	-2.95552	0.318072	8.09528	-2.95552	0
9.11028	-3.03359	0.31753	9.11028	-3.03359	0
10.1541	-3.0074	0.31682	10.1541	-3.0074	0
11.1927	-2.94204	0.338943	11.1927	-2.94204	0
-11.5531	-2.99158	0.315503	-11.5531	-2.99158	0
-10.5673	-2.89692	0.309781	-10.5673	-2.89692	0
-9.55193	-2.97556	0.322873	-9.55193	-2.97556	0
-8.53636	-2.92408	0.32907	-8.53636	-2.92408	0
-7.54257	-2.99939	0.291746	-7.54257	-2.99939	0
-6.53227	-2.97738	0.305647	-6.53227	-2.97738	0
-5.48839	-2.91539	0.31792	-5.48839	-2.91539	0
-4.42795	-2.93029	0.315866	-4.42795	-2.93029	0
-3.32259	-3.01689	0.315137	-3.32259	-3.01689	0
-2.29431	-3.01716	0.323201	-2.29431	-3.01716	0
-1.24629	-2.99045	0.333682	-1.24629	-2.99045	0
-0.211342	-1.96362	0.30737	-0.211342	-1.96362	0
0.834263	-1.91231	0.325178	0.834263	-1.91231	0
1.89861	-1.95841	0.293952	1.89861	-1.95841	0
2.93473	-2.01099	0.29847	2.93473	-2.01099	0
3.98179	-1.95901	0.29254	3.98179	-1.95901	0
5.02068	-1.94188	0.326717	5.02068	-1.94188	0
6.00478	-1.93946	0.308554	6.00478	-1.93946	0
7.11507	-1.93365	0.327813	7.11507	-1.93365	0
8.05057	-1.93306	0.314033	8.05057	-1.93306	0
9.16204	-1.98316	0.302491	9.16204	-1.98316	0
10.1601	-1.96879	0.314942	10.1601	-1.96879	0
11.1856	-1.94162	0.320462	11.1856	-1.94162	0
-11.5542	-1.92671	0.31851	-11.5542	-1.92671	0
-10.5299	-1.87205	0.334148	-10.5299	-1.87205	0
-9.4714	-1.87402	0.318701	-9.4714	-1.87402	0
-8.48698	-1.92736	0.327509	-8.48698	-1.92736	0
-7.49206	-1.86565	0.311171	-7.49206	-1.86565	0
-6.48823	-1.93951	0.305789	-6.48823	-1.93951	0
-5.43514	-1.86604	0.315457	-5.43514	-1.86604	0
-4.33906	-1.93067	0.300685	-4.33906	-1.93067	0
-3.3361	-1.99736	0.309815	-3.3361	-1.99736	0
-2.29409	-1.97872	0.316061	-2.29409	-1.97872	0
-1.20667	-1.97889	0.342083	-1.20667	-1.97889	0
-0.190373	-0.913836	0.286774	-0.190373	-0.913836	0
0.833962	-0.917233	0.292919	0.833962	-0.917233	0
1.91247	-0.943197	0.283495	1.91247	-0.943197	0
2.94436	-0.969585	0.319798	2.94436	-0.969585	0
4.00649	-0.934043	0.325239	4.00649	-0.934043	0
5.06065	-0.928871	0.311924	5.06065	-0.928871	0
6.06344	-0.917568	0.316931	6.06344	-0.917568	0
7.0947	-0.900527	0.314219	7.0947	-0.900527	0
8.13261	-0.899568	0.337004	8.13261	-0.899568	0
9.1337	-0.874483	0.345077	9.1337	-0.874483	0
10.1249	-0.903438	0.317346	10.1249	-0.903438	0
11.1962	-0.917792	0.335661	11.1962	-0.917792	0
-11.5591	-0.838761	0.307475	-11.5591	-0.838761	0
-10.4702	-0.919143	0.329875	-10.4702	-0.919143	0
-9.4303	-0.81729	0.291073	-9.4303	-0.81729	0
-8.47968	-0.863368	0.312031	-8.47968	-0.863368	0
-7.45284	-0.856569	0.289026	-7.45284	-0.856569	0
-6.42289	-0.887672	0.31973	-6.42289	-0.887672	0
-5.393	-0.892281	0.295434	-5.393	-0.892281	0
-4.35592	-0.88137	0.322515	-4.35592	-0.88137	0
-3.28435	-0.905302	0.349518	-3.28435	-0.905302	0
-2.29141	-0.977046	0.320057	-2.29141	-0.977046	0
-1.21172	-1.00908	0.341685	-1.21172	-1.00908	0
