-0.39357	-0.339433	-0.306637	-0.39357	-0.339433	0
0.655841	-0.359445	-0.32226	0.655841	-0.359445	0
1.7209	-0.282523	-0.332076	1.7209	-0.282523	0
2.73515	-0.236275	-0.328456	2.73515	-0.236275	0
3.73359	-0.249974	-0.334138	3.73359	-0.249974	0
4.76863	-0.245054	-0.313344	4.76863	-0.245054	0
5.76174	-0.25914	-0.296509	5.76174	-0.25914	0
6.80587	-0.285289	-0.338127	6.80587	-0.285289	0
7.87157	-0.281805	-0.330216	7.87157	-0.281805	0
8.88503	-0.311029	-0.320206	8.88503	-0.311029	0
9.91967	-0.325787	-0.341626	9.91967	-0.325787	0
10.9328	-0.325591	-0.30532	10.9328	-0.325591	0
-11.8441	-0.324211	-0.303469	-11.8441	-0.324211	0
-10.7491	-0.364393	-0.295112	-10.7491	-0.364393	0
-9.73644	-0.330499	-0.30162	-9.73644	-0.330499	0
-8.68889	-0.335662	-0.308763	-8.68889	-0.335662	0
-7.71161	-0.26231	-0.310029	-7.71161	-0.26231	0
-6.62794	-0.348562	-0.322474	-6.62794	-0.348562	0
-5.6001	-0.361333	-0.285073	-5.6001	-0.361333	0
-4.54852	-0.246808	-0.321808	-4.54852	-0.246808	0
-3.47614	-0.309196	-0.31979	-3.47614	-0.309196	0
-2.43568	-0.368576	-0.318102	-2.43568	-0.368576	0
-1.40851	-0.315505	-0.335065	-1.40851	-0.315505	0
-0.383409	0.692822	-0.297007	-0.383409	0.692822	0
0.646477	0.731508	-0.297465	0.646477	0.731508	0
1.70032	0.793713	-0.283678	1.70032	0.793713	0
2.7724	0.853993	-0.302344	2.7724	0.853993	0
3.74463	0.738019	-0.318762	3.74463	0.738019	0
4.80214	0.770726	-0.307178	4.80214	0.770726	0
5.84794	0.836901	-0.320542	5.84794	0.836901	0
6.8281	0.739102	-0.314277	6.8281	0.739102	0
7.8333	0.795666	-0.327889	7.8333	0.795666	0
8.91319	0.728224	-0.309152	8.91319	0.728224	0
9.93928	0.724952	-0.328638	9.93928	0.724952	0
10.9897	0.716448	-0.292978	10.9897	0.716448	0
-11.7737	0.701058	-0.325145	-11.7737	0.701058	0
-10.7545	0.656459	-0.337076	-10.7545	0.656459	0
-9.709	0.761503	-0.268235	-9.709	0.761503	0
-8.70494	0.721475	-0.313441	-8.70494	0.721475	0
-7.59284	0.716574	-0.309548	-7.59284	0.716574	0
-6.63792	0.648368	-0.335502	-6.63792	0.648368	0
-5.57948	0.627425	-0.330766	-5.57948	0.627425	0
-4.56413	0.676249	-0.336291	-4.56413	0.676249	0
-3.51745	0.726954	-0.301476	-3.51745	0.726954	0
-2.46197	0.695198	-0.301435	-2.46197	0.695198	0
-1.46567	0.698141	-0.297688	-1.46567	0.698141	0
-0.382183	1.74176	-0.323836	-0.382183	1.74176	0
0.62751	1.81647	-0.280237	0.62751	1.81647	0
1.70332	1.8173	-0.292647	1.70332	1.8173	0
2.70871	1.8139	-0.297936	2.70871	1.8139	0
3.8123	1.77048	-0.300557	3.8123	1.77048	0
4.79115	1.8481	-0.288127	4.79115	1.8481	0
5.84259	1.80816	-0.322244	5.84259	1.80816	0
6.83267	1.86924	-0.302845	6.83267	1.86924	0
7.90547	1.85557	-0.298231	7.90547	1.85557	0
8.91825	1.76415	-0.327234	8.91825	1.76415	0
9.99016	1.79313	-0.318711	9.99016	1.79313	0
10.9952	1.73151	-0.32618	10.9952	1.73151	0
-11.7759	1.72759	-0.31902	-11.7759	1.72759	0
-10.7955	1.74414	-0.325484	-10.7955	1.74414	0
-9.74946	1.78538	-0.342666	-9.74946	1.78538	0
-8.66046	1.79481	-0.300036	-8.66046	1.79481	0
-7.66604	1.73097	-0.346169	-7.66604	1.73097	0
-6.60617	1.73704	-0.319761	-6.60617	1.73704	0
-5.60548	1.69685	-0.334156	-5.60548	1.69685	0
-4.58909	1.74215	-0.329297	-4.58909	1.74215	0
-3.58918	1.7566	-0.303324	-3.58918	1.7566	0
-2.55342	1.66629	-0.34979	-2.55342	1.66629	0
-1.47564	1.69676	-0.311687	-1.47564	1.69676	0
-0.428599	2.75374	-0.311068	-0.428599	2.75374	0
0.657983	2.79776	-0.347325	0.657983	2.79776	0
1.6614	2.87204	-0.282986	1.6614	2.87204	0
2.74353	2.83063	-0.315455	2.74353	2.83063	0
3.7263	2.87512	-0.334353	3.7263	2.87512	0
4.697	2.88415	-0.348941	4.697	2.88415	0
5.77939	2.83582	-0.34156	5.77939	2.83582	0
6.86131	2.84516	-0.29943	6.86131	2.84516	0
7.92152	2.90152	-0.317912	7.92152	2.90152	0
8.93943	2.84084	-0.330097	8.93943	2.84084	0
9.91437	2.81408	-0.304009	9.91437	2.81408	0
10.9872	2.78802	-0.340054	10.9872	2.78802	0
-11.7945	2.75364	-0.305181	-11.7945	2.75364	0
-10.7924	2.82529	-0.315852	-10.7924	2.82529	0
-9.72645	2.83589	-0.301872	-9.72645	2.83589	0
-8.68556	2.79594	-0.30538	-8.68556	2.79594	0
-7.65943	2.77449	-0.323852	-7.65943	2.77449	0
-6.59132	2.77411	-0.314423	-6.59132	2.77411	0
-5.57636	2.75592	-0.30787	-5.57636	2.75592	0
-4.55152	2.77013	-0.338182	-4.55152	2.77013	0
-3.52948	2.82196	-0.336228	-3.52948	2.82196	0
-2.44481	2.68867	-0.32954	-2.44481	2.68867	0
-1.46398	2.80334	-0.322051	-1.46398	2.80334	0
-0.436637	3.83121	-0.308632	-0.436637	3.83121	0
0.632148	3.85712	-0.313324	0.632148	3.85712	0
1.70524	3.86109	-0.341988	1.70524	3.86109	0
2.76421	3.90568	-0.316712	2.76421	3.90568	0
3.75582	3.90837	-0.305018	3.75582	3.90837	0
4.79326	3.92563	-0.329192	4.79326	3.92563	0
5.82879	3.89638	-0.324905	5.82879	3.89638	0
6.85098	3.86464	-0.315361	6.85098	3.86464	0
7.93005	3.9324	-0.308792	7.93005	3.9324	0
8.93492	3.89503	-0.286207	8.93492	3.89503	0
10.0133	3.85567	-0.299869	10.0133	3.85567	0
11.0478	3.78721	-0.299448	11.0478	3.78721	0
-11.7371	3.86437	-0.325343	-11.7371	3.86437	0
-10.7044	3.85827	-0.31509	-10.7044	3.85827	0
-9.65824	3.81604	-0.302841	-9.65824	3.81604	0
-8.61763	3.82031	-0.317893	-8.61763	3.82031	0
-7.5532	3.81933	-0.354351	-7.5532	3.81933	0
-6.51662	3.80081	-0.324968	-6.51662	3.80081	0
-5.50839	3.83411	-0.311115	-5.50839	3.83411	0
-4.47969	3.78536	-0.328991	-4.47969	3.78536	0
-3.47922	3.79944	-0.299962	-3.47922	3.79944	0
-2.45606	3.80559	-0.343426	-2.45606	3.80559	0
-1.47625	3.84127	-0.337015	-1.47625	3.84127	0
-0.406986	4.86651	-0.321006	-0.406986	4.86651	0
0.651028	4.86587	-0.311299	0.651028	4.86587	0
1.67888	4.87357	-0.310787	1.67888	4.87357	0
2.70158	4.94482	-0.344257	2.70158	4.94482	0
3.76484	4.94578	-0.325008	3.76484	4.94578	0
4.80203	4.92141	-0.316689	4.80203	4.92141	0
5.82672	4.91787	-0.289317	5.82672	4.91787	0
6.85378	4.93852	-0.303555	6.85378	4.93852	0
7.92064	4.94408	-0.324515	7.92064	4.94408	0
8.98534	4.88882	-0.326971	8.98534	4.88882	0
10.0254	4.86372	-0.344535	10.0254	4.86372	0
11.0934	4.88391	-0.328021	11.0934	4.88391	0
-11.6811	4.91749	-0.299793	-11.6811	4.91749	0
-10.6679	4.85228	-0.312411	-10.6679	4.85228	0
-9.67231	4.87399	-0.334551	-9.67231	4.87399	0
-8.61689	4.83562	-0.297027	-8.61689	4.83562	0
-7.63231	4.8368	-0.327287	-7.63231	4.8368	0
-6.54872	4.79501	-0.334369	-6.54872	4.79501	0
-5.4693	4.82822	-0.334505	-5.4693	4.82822	0
-4.49473	4.88693	-0.319363	-4.49473	4.88693	0
-3.45445	4.90092	-0.314901	-3.45445	4.90092	0
-2.43672	4.89467	-0.320325	-2.43672	4.89467	0
-1.46636	4.89631	-0.329049	-1.46636	4.89631	0
-0.382906	5.90383	-0.303488	-0.382906	5.90383	0
0.626294	5.89217	-0.315726	0.626294	5.89217	0
1.67011	5.95822	-0.306172	1.67011	5.95822	0
2.74609	6.06817	-0.323506	2.74609	6.06817	0
3.75728	5.98378	-0.334027	3.75728	5.98378	0
4.79411	5.97649	-0.321119	4.79411	5.97649	0
5.78974	5.966	-0.294722	5.78974	5.966	0
6.86193	5.95638	-0.316909	6.86193	5.95638	0
7.88189	5.94268	-0.295653	7.88189	5.94268	0
8.98137	5.8846	-0.323262	8.98137	5.8846	0
9.9849	5.86273	-0.300707	9.9849	5.86273	0
11.0081	5.90096	-0.304192	11.0081	5.90096	0
-11.7867	5.96399	-0.317728	-11.7867	5.96399	0
-10.606	5.93484	-0.302588	-10.606	5.93484	0
-9.63258	5.92027	-0.324116	-9.63258	5.92027	0
-8.65817	5.89333	-0.329929	-8.65817	5.89333	0
-7.6003	5.85431	-0.310007	-7.6003	5.85431	0
-6.53616	5.87691	-0.304334	-6.53616	5.87691	0
-5.51343	5.89211	-0.336743	-5.51343	5.89211	0
-4.48673	5.91847	-0.294454	-4.48673	5.91847	0
-3.45953	5.94142	-0.33281	-3.45953	5.94142	0
-2.45355	5.87231	-0.310805	-2.45355	5.87231	0
-1.43827	5.90929	-0.281712	-1.43827	5.90929	0
-0.416985	6.9402	-0.327263	-0.416985	6.9402	0
0.668245	6.90756	-0.299356	0.668245	6.90756	0
1.71083	6.96971	-0.303975	1.71083	6.96971	0
2.73095	7.04514	-0.318619	2.73095	7.04514	0
3.7683	7.00844	-0.329109	3.7683	7.00844	0
4.79114	7.02493	-0.33199	4.79114	7.02493	0
5.79166	6.98313	-0.323005	5.79166	6.98313	0
6.84332	6.9602	-0.324193	6.84332	6.9602	0
7.89743	6.95765	-0.320204	7.89743	6.95765	0
8.95286	6.93804	-0.314359	8.95286	6.93804	0
9.98157	6.88815	-0.324203	9.98157	6.88815	0
11.0087	6.98395	-0.298377	11.0087	6.98395	0
-11.7886	6.96158	-0.304142	-11.7886	6.96158	0
-10.7005	6.90301	-0.321229	-10.7005	6.90301	0
-9.67716	6.91804	-0.318416	-9.67716	6.91804	0
-8.6382	6.91256	-0.304414	-8.6382	6.91256	0
-7.62432	6.89031	-0.302474	-7.62432	6.89031	0
-6.58512	6.9194	-0.315044	-6.58512	6.9194	0
-5.5317	6.93671	-0.328375	-5.5317	6.93671	0
-4.49511	6.96771	-0.296895	-4.49511	6.96771	0
-3.49709	6.94959	-0.325949	-3.49709	6.94959	0
-2.43389	6.9374	-0.300469	-2.43389	6.9374	0
-1.41661	6.8867	-0.343358	-1.41661	6.8867	0
-0.383935	7.97504	-0.323746	-0.383935	7.97504	0
0.685932	7.98066	-0.314832	0.685932	7.98066	0
1.6725	8.02385	-0.331101	1.6725	8.02385	0
2.76749	8.08267	-0.307146	2.76749	8.08267	0
3.78016	8.09008	-0.320184	3.78016	8.09008	0
4.86891	8.05859	-0.304901	4.86891	8.05859	0
5.84514	8.0365	-0.315719	5.84514	8.0365	0
6.87679	8.00498	-0.291043	6.87679	8.00498	0
7.87857	8.02813	-0.324058	7.87857	8.02813	0
8.92226	7.96817	-0.329826	8.92226	7.96817	0
9.93987	7.95151	-0.320227	9.93987	7.95151	0
10.9672	7.99642	-0.311258	10.9672	7.99642	0
-11.7737	7.97593	-0.320721	-11.7737	7.97593	0
-10.7623	7.91297	-0.337402	-10.7623	7.91297	0
-9.70485	7.95231	-0.322716	-9.70485	7.95231	0
-8.68019	7.92471	-0.329699	-8.68019	7.92471	0
-7.64576	7.92082	-0.303578	-7.64576	7.92082	0
-6.60009	7.97767	-0.304155	-6.60009	7.97767	0
-5.54267	7.96554	-0.292453	-5.54267	7.96554	0
-4.50477	8.02401	-0.332922	-4.50477	8.02401	0
-3.47924	7.99116	-0.319009	-3.47924	7.99116	0
-2.40983	7.9739	-0.351816	-2.40983	7.9739	0
-1.38501	7.95549	-0.338083	-1.38501	7.95549	0
-0.350053	8.97716	-0.336655	-0.350053	8.97716	0
0.675563	9.07025	-0.331606	0.675563	9.07025	0
1.72628	9.0536	-0.333271	1.72628	9.0536	0
2.78467	9.06475	-0.334994	2.78467	9.06475	0
3.79465	9.04472	-0.313891	3.79465	9.04472	0
4.84053	9.0781	-0.315299	4.84053	9.0781	0
5.92084	9.05049	-0.316717	5.92084	9.05049	0
6.92082	9.01564	-0.325461	6.92082	9.01564	0
7.90712	9.04186	-0.345899	7.90712	9.04186	0
8.92131	8.97874	-0.314079	8.92131	8.97874	0
10.0033	8.98581	-0.307923	10.0033	8.98581	0
11.0149	8.99774	-0.344739	11.0149	8.99774	0
-11.7546	9.02944	-0.320162	-11.7546	9.02944	0
-10.7249	8.9582	-0.300295	-10.7249	8.9582	0
-9.7004	8.93912	-0.2941	-9.7004	8.93912	0
-8.67333	8.94757	-0.329947	-8.67333	8.94757	0
-7.61187	8.98869	-0.299476	-7.61187	8.98869	0
-6.58636	9.03398	-0.294757	-6.58636	9.03398	0
-5.50432	8.91003	-0.332703	-5.50432	8.91003	0
-4.44334	9.05993	-0.313172	-4.44334	9.05993	0
-3.43713	8.99504	-0.302626	-3.43713	8.99504	0
-2.34614	8.96703	-0.315671	-2.34614	8.96703	0
-1.35414	8.96385	-0.291146	-1.35414	8.96385	0
-0.34224	10.0626	-0.301904	-0.34224	10.0626	0
0.676068	10.1016	-0.314922	0.676068	10.1016	0
1.66393	10.0471	-0.313194	1.66393	10.0471	0
2.73681	10.0517	-0.324042	2.73681	10.0517	0
3.81273	10.0834	-0.340641	3.81273	10.0834	0
4.86878	10.1211	-0.326027	4.86878	10.1211	0
5.87067	10.0835	-0.308213	5.87067	10.0835	0
6.86429	10.0499	-0.325802	6.86429	10.0499	0
7.9424	10.0585	-0.290309	7.9424	10.0585	0
8.88554	10.0598	-0.287008	8.88554	10.0598	0
9.90286	10.0601	-0.291887	9.90286	10.0601	0
10.9513	10.0995	-0.317072	10.9513	10.0995	0
-11.7823	10.0335	-0.316994	-11.7823	10.0335	0
-10.7501	10.0039	-0.327668	-10.7501	10.0039	0
-9.74243	9.92746	-0.3156	-9.74243	9.92746	0
-8.61011	9.98345	-0.30819	-8.61011	9.98345	0
-7.561	10.0175	-0.311538	-7.561	10.0175	0
-6.53193	10.0396	-0.30049	-6.53193	10.0396	0
-5.46975	10.0316	-0.33709	-5.46975	10.0316	0
-4.44883	10.0515	-0.293278	-4.44883	10.0515	0
-3.42824	10.0461	-0.313758	-3.42824	10.0461	0
-2.37812	10.0444	-0.311236	-2.37812	10.0444	0
-1.4101	10.0884	-0.335117	-1.4101	10.0884	0
-0.385855	11.1132	-0.340983	-0.385855	11.1132	0
0.693076	11.1547	-0.337404	0.693076	11.1547	0
1.68317	11.1009	-0.299643	1.68317	11.1009	0
2.70314	11.1414	-0.304215	2.70314	11.1414	0
3.81499	11.1176	-0.31763	3.81499	11.1176	0
4.77235	11.1402	-0.311076	4.77235	11.1402	0
5.82981	11.1318	-0.327509	5.82981	11.1318	0
6.83657	11.0926	-0.311978	6.83657	11.0926	0
7.86437	11.1028	-0.334018	7.86437	11.1028	0
8.85145	11.118	-0.325964	8.85145	11.118	0
9.93267	11.0783	-0.328238	9.93267	11.0783	0
10.9508	11.0992	-0.324498	10.9508	11.0992	0
-11.7774	11.0492	-0.321734	-11.7774	11.0492	0
-10.7577	10.9681	-0.342596	-10.7577	10.9681	0
-9.74273	11.0253	-0.323623	-9.74273	11.0253	0
-8.70035	11.0367	-0.322561	-8.70035	11.0367	0
-7.67653	10.9918	-0.318215	-7.67653	10.9918	0
-6.6008	11.0488	-0.324096	-6.6008	11.0488	0
-5.54186	11.1169	-0.308208	-5.54186	11.1169	0
-4.42142	11.0656	-0.314248	-4.42142	11.0656	0
-3.40841	11.0358	-0.317028	-3.40841	11.0358	0
-2.39719	11.0868	-0.324428	-2.39719	11.0868	0
-1.39166	11.1343	-0.323838	-1.39166	11.1343	0
-0.356256	-11.626	-0.305338	-0.356256	-11.626	0
0.621555	-11.5992	-0.330224	0.621555	-11.5992	0
1.71106	-11.6269	-0.314261	1.71106	-11.6269	0
2.6734	-11.6064	-0.325759	2.6734	-11.6064	0
3.75309	-11.6382	-0.287866	3.75309	-11.6382	0
4.80589	-11.6609	-0.323701	4.80589	-11.6609	0
5.86172	-11.693	-0.313085	5.86172	-11.693	0
6.8216	-11.6911	-0.336513	6.8216	-11.6911	0
7.83047	-11.6594	-0.317168	7.83047	-11.6594	0
8.89724	-11.6664	-0.331223	8.89724	-11.6664	0
9.95747	-11.6888	-0.328161	9.95747	-11.6888	0
10.9399	-11.6858	-0.317956	10.9399	-11.6858	0
-11.802	-11.719	-0.322645	-11.802	-11.719	0
-10.7734	-11.7266	-0.307096	-10.7734	-11.7266	0
-9.71862	-11.7627	-0.282958	-9.71862	-11.7627	0
-8.67407	-11.6716	-0.303793	-8.67407	-11.6716	0
-7.67203	-11.748	-0.300391	-7.67203	-11.748	0
-6.5928	-11.7265	-0.302649	-6.5928	-11.7265	0
-5.57737	-11.6982	-0.338198	-5.57737	-11.6982	0
-4.48493	-11.7137	-0.289526	-4.48493	-11.7137	0
-3.43504	-11.7014	-0.30423	-3.43504	-11.7014	0
-2.43443	-11.6625	-0.27568	-2.43443	-11.6625	0
-1.38413	-11.6729	-0.299947	-1.38413	-11.6729	0
-0.392825	-10.6424	-0.302597	-0.392825	-10.6424	0
0.680851	-10.5825	-0.300981	0.680851	-10.5825	0
1.67278	-10.6014	-0.323896	1.67278	-10.6014	0
2.73702	-10.5859	-0.305258	2.73702	-10.5859	0
3.74732	-10.5728	-0.277866	3.74732	-10.5728	0
4.84055	-10.6075	-0.340262	4.84055	-10.6075	0
5.86492	-10.7135	-0.337722	5.86492	-10.7135	0
6.83864	-10.6076	-0.340325	6.83864	-10.6076	0
7.88613	-10.6754	-0.281727	7.88613	-10.6754	0
8.95912	-10.6623	-0.323009	8.95912	-10.6623	0
9.92825	-10.6282	-0.313307	9.92825	-10.6282	0
10.9862	-10.6653	-0.336168	10.9862	-10.6653	0
-11.7685	-10.7077	-0.346072	-11.7685	-10.7077	0
-10.7613	-10.6909	-0.319042	-10.7613	-10.6909	0
-9.74478	-10.6357	-0.324185	-9.74478	-10.6357	0
-8.72455	-10.6464	-0.321413	-8.72455	-10.6464	0
-7.66353	-10.6693	-0.28849	-7.66353	-10.6693	0
-6.60491	-10.6713	-0.315613	-6.60491	-10.6713	0
-5.53394	-10.6402	-0.307252	-5.53394	-10.6402	0
-4.56784	-10.6332	-0.294977	-4.56784	-10.6332	0
-3.51052	-10.6152	-0.317021	-3.51052	-10.6152	0
-2.46262	-10.6553	-0.30638	-2.46262	-10.6553	0
-1.39876	-10.5964	-0.340781	-1.39876	-10.5964	0
-0.409286	-9.60193	-0.301713	-0.409286	-9.60193	0
0.633607	-9.56779	-0.323183	0.633607	-9.56779	0
1.74114	-9.58646	-0.30125	1.74114	-9.58646	0
2.7423	-9.5903	-0.344442	2.7423	-9.5903	0
3.79254	-9.55465	-0.338219	3.79254	-9.55465	0
4.78269	-9.60147	-0.338697	4.78269	-9.60147	0
5.81426	-9.61379	-0.325877	5.81426	-9.61379	0
6.84457	-9.5786	-0.317557	6.84457	-9.5786	0
7.87581	-9.65344	-0.32509	7.87581	-9.65344	0
8.88089	-9.57165	-0.320346	8.88089	-9.57165	0
9.91502	-9.63437	-0.29547	9.91502	-9.63437	0
10.9768	-9.61861	-0.338543	10.9768	-9.61861	0
-11.8231	-9.63531	-0.337609	-11.8231	-9.63531	0
-10.8297	-9.67082	-0.302836	-10.8297	-9.67082	0
-9.76025	-9.62111	-0.300125	-9.76025	-9.62111	0
-8.75223	-9.66553	-0.33633	-8.75223	-9.66553	0
-7.68536	-9.62861	-0.300091	-7.68536	-9.62861	0
-6.62207	-9.64117	-0.325551	-6.62207	-9.64117	0
-5.60456	-9.62775	-0.295769	-5.60456	-9.62775	0
-4.56482	-9.61678	-0.348801	-4.56482	-9.61678	0
-3.51618	-9.60535	-0.335223	-3.51618	-9.60535	0
-2.41885	-9.597	-0.32204	-2.41885	-9.597	0
-1.43192	-9.58131	-0.307725	-1.43192	-9.58131	0
-0.398451	-8.57584	-0.318938	-0.398451	-8.57584	0
0.591989	-8.49784	-0.306399	0.591989	-8.49784	0
1.71673	-8.55319	-0.306377	1.71673	-8.55319	0
2.7988	-8.52438	-0.307536	2.7988	-8.52438	0
3.81369	-8.52935	-0.305474	3.81369	-8.52935	0
4.77799	-8.51273	-0.31076	4.77799	-8.51273	0
5.80804	-8.56777	-0.322962	5.80804	-8.56777	0
6.85969	-8.57305	-0.318354	6.85969	-8.57305	0
7.82896	-8.59805	-0.332056	7.82896	-8.59805	0
8.88628	-8.61008	-0.311955	8.88628	-8.61008	0
9.91756	-8.62201	-0.314387	9.91756	-8.62201	0
10.9013	-8.6134	-0.328049	10.9013	-8.6134	0
-11.8397	-8.61406	-0.311326	-11.8397	-8.61406	0
-10.8158	-8.61103	-0.325518	-10.8158	-8.61103	0
-9.76641	-8.63296	-0.295144	-9.76641	-8.63296	0
-8.70492	-8.57263	-0.316992	-8.70492	-8.57263	0
-7.66684	-8.55317	-0.332129	-7.66684	-8.55317	0
-6.60405	-8.64619	-0.329894	-6.60405	-8.64619	0
-5.57413	-8.57941	-0.356032	-5.57413	-8.57941	0
-4.5767	-8.59473	-0.318363	-4.5767	-8.59473	0
-3.54188	-8.58247	-0.299791	-3.54188	-8.58247	0
-2.5453	-8.58007	-0.29792	-2.5453	-8.58007	0
-1.44283	-8.50755	-0.327718	-1.44283	-8.50755	0
-0.456277	-7.5496	-0.340203	-0.456277	-7.5496	0
0.561144	-7.49522	-0.299634	0.561144	-7.49522	0
1.63529	-7.5649	-0.349427	1.63529	-7.5649	0
2.7013	-7.55929	-0.335537	2.7013	-7.55929	0
3.70165	-7.53383	-0.326581	3.70165	-7.53383	0
4.78768	-7.51048	-0.345138	4.78768	-7.51048	0
5.81325	-7.56777	-0.298701	5.81325	-7.56777	0
6.86474	-7.57188	-0.334986	6.86474	-7.57188	0
7.86142	-7.59087	-0.274358	7.86142	-7.59087	0
8.84175	-7.51616	-0.295349	8.84175	-7.51616	0
9.91124	-7.62364	-0.326558	9.91124	-7.62364	0
10.937	-7.57787	-0.297016	10.937	-7.57787	0
-11.8467	-7.61731	-0.343481	-11.8467	-7.61731	0
-10.8651	-7.58772	-0.309006	-10.8651	-7.58772	0
-9.79079	-7.62226	-0.301385	-9.79079	-7.62226	0
-8.66598	-7.56576	-0.33187	-8.66598	-7.56576	0
-7.66193	-7.62186	-0.331539	-7.66193	-7.62186	0
-6.64332	-7.59203	-0.300863	-6.64332	-7.59203	0
-5.61689	-7.54501	-0.303768	-5.61689	-7.54501	0
-4.56586	-7.5304	-0.316884	-4.56586	-7.5304	0
-3.55318	-7.51927	-0.322941	-3.55318	-7.51927	0
-2.50657	-7.57476	-0.31392	-2.50657	-7.57476	0
-1.48099	-7.50905	-0.325651	-1.48099	-7.50905	0
-0.436951	-6.47129	-0.339795	-0.436951	-6.47129	0
0.595248	-6.47872	-0.321297	0.595248	-6.47872	0
1.66775	-6.54621	-0.306953	1.66775	-6.54621	0
2.74177	-6.48591	-0.329052	2.74177	-6.48591	0
3.7446	-6.55035	-0.331028	3.7446	-6.55035	0
4.72614	-6.41949	-0.357797	4.72614	-6.41949	0
5.81734	-6.54757	-0.295909	5.81734	-6.54757	0
6.81941	-6.51801	-0.304737	6.81941	-6.51801	0
7.86335	-6.54992	-0.289524	7.86335	-6.54992	0
8.86279	-6.49752	-0.333937	8.86279	-6.49752	0
9.89796	-6.52057	-0.333015	9.89796	-6.52057	0
10.9529	-6.47787	-0.322746	10.9529	-6.47787	0
-11.8315	-6.53787	-0.310527	-11.8315	-6.53787	0
-10.7763	-6.51591	-0.341196	-10.7763	-6.51591	0
-9.70306	-6.57016	-0.305169	-9.70306	-6.57016	0
-8.68967	-6.56809	-0.29454	-8.68967	-6.56809	0
-7.69464	-6.55056	-0.34431	-7.69464	-6.55056	0
-6.62436	-6.55323	-0.333436	-6.62436	-6.55323	0
-5.55636	-6.53323	-0.333922	-5.55636	-6.53323	0
-4.55223	-6.52508	-0.322399	-4.55223	-6.52508	0
-3.53893	-6.45539	-0.327875	-3.53893	-6.45539	0
-2.51429	-6.48711	-0.332393	-2.51429	-6.48711	0
-1.48647	-6.48616	-0.31493	-1.48647	-6.48616	0
-0.451909	-5.49022	-0.328371	-0.451909	-5.49022	0
0.585097	-5.53867	-0.329733	0.585097	-5.53867	0
1.63892	-5.47738	-0.329118	1.63892	-5.47738	0
2.64844	-5.46946	-0.318784	2.64844	-5.46946	0
3.70247	-5.50345	-0.315465	3.70247	-5.50345	0
4.74966	-5.42757	-0.317732	4.74966	-5.42757	0
5.79447	-5.46171	-0.328915	5.79447	-5.46171	0
6.84812	-5.48217	-0.322726	6.84812	-5.48217	0
7.87296	-5.51041	-0.298311	7.87296	-5.51041	0
8.86235	-5.46188	-0.316958	8.86235	-5.46188	0
9.95124	-5.46489	-0.304843	9.95124	-5.46489	0
11.0066	-5.51057	-0.31672	11.0066	-5.51057	0
-11.8209	-5.46967	-0.317602	-11.8209	-5.46967	0
-10.8225	-5.50383	-0.333106	-10.8225	-5.50383	0
-9.75426	-5.52219	-0.30032	-9.75426	-5.52219	0
-8.64637	-5.52255	-0.295799	-8.64637	-5.52255	0
-7.64853	-5.50815	-0.302838	-7.64853	-5.50815	0
-6.6188	-5.49653	-0.333771	-6.6188	-5.49653	0
-5.58919	-5.47197	-0.33892	-5.58919	-5.47197	0
-4.5458	-5.51308	-0.324554	-4.5458	-5.51308	0
-3.58215	-5.4755	-0.315805	-3.58215	-5.4755	0
-2.53664	-5.52523	-0.306556	-2.53664	-5.52523	0
-1.49331	-5.51569	-0.308146	-1.49331	-5.51569	0
-0.459023	-4.45084	-0.3196	-0.459023	-4.45084	0
0.569378	-4.50538	-0.3331	0.569378	-4.50538	0
1.58741	-4.45888	-0.320817	1.58741	-4.45888	0
2.68363	-4.4792	-0.308684	2.68363	-4.4792	0
3.72985	-4.41472	-0.316394	3.72985	-4.41472	0
4.75125	-4.43897	-0.320197	4.75125	-4.43897	0
5.83413	-4.397	-0.32057	5.83413	-4.397	0
6.83916	-4.47102	-0.278038	6.83916	-4.47102	0
7.84654	-4.43794	-0.282649	7.84654	-4.43794	0
8.88624	-4.41954	-0.316812	8.88624	-4.41954	0
9.92846	-4.42897	-0.309545	9.92846	-4.42897	0
10.9371	-4.4544	-0.3168	10.9371	-4.4544	0
11.9588	-4.42891	-0.324257	-11.8273	-4.42891	0
-10.8447	-4.44912	-0.330409	-10.8447	-4.44912	0
-9.7641	-4.49068	-0.339738	-9.7641	-4.49068	0
-8.74928	-4.56813	-0.32472	-8.74928	-4.56813	0
-7.69802	-4.44165	-0.3187	-7.69802	-4.44165	0
-6.58229	-4.47407	-0.308016	-6.58229	-4.47407	0
-5.58803	-4.44587	-0.313842	-5.58803	-4.44587	0
-4.58021	-4.4261	-0.313318	-4.58021	-4.4261	0
-3.58847	-4.47963	-0.304674	-3.58847	-4.47963	0
-2.47719	-4.45123	-0.339893	-2.47719	-4.45123	0
-1.48042	-4.42534	-0.342664	-1.48042	-4.42534	0
-0.413162	-3.44078	-0.29099	-0.413162	-3.44078	0
0.608495	-3.46541	-0.323744	0.608495	-3.46541	0
1.64102	-3.44913	-0.320976	1.64102	-3.44913	0
2.70172	-3.42591	-0.309004	2.70172	-3.42591	0
3.74376	-3.43078	-0.3165	3.74376	-3.43078	0
4.78677	-3.40736	-0.315612	4.78677	-3.40736	0
5.80433	-3.36571	-0.310226	5.80433	-3.36571	0
6.79082	-3.42586	-0.321873	6.79082	-3.42586	0
7.83841	-3.36186	-0.302607	7.83841	-3.36186	0
8.8834	-3.36854	-0.298276	8.8834	-3.36854	0
9.96475	-3.34211	-0.333902	9.96475	-3.34211	0
10.9617	-3.44317	-0.301934	10.9617	-3.44317	0
-11.8217	-3.3833	-0.317027	-11.8217	-3.3833	0
-10.7895	-3.46566	-0.294167	-10.7895	-3.46566	0
-9.80554	-3.44898	-0.30623	-9.80554	-3.44898	0
-8.70936	-3.40781	-0.30976	-8.70936	-3.40781	0
-7.61731	-3.42968	-0.277269	-7.61731	-3.42968	0
-6.59125	-3.42888	-0.287764	-6.59125	-3.42888	0
-5.5934	-3.44326	-0.325622	-5.5934	-3.44326	0
-4.56086	-3.41416	-0.328118	-4.56086	-3.41416	0
-3.51911	-3.41232	-0.350565	-3.51911	-3.41232	0
-2.45578	-3.37764	-0.31347	-2.45578	-3.37764	0
-1.45681	-3.43864	-0.344666	-1.45681	-3.43864	0
-0.415495	-2.43335	-0.321039	-0.415495	-2.43335	0
0.619775	-2.35702	-0.336725	0.619775	-2.35702	0
1.64265	-2.43764	-0.330122	1.64265	-2.43764	0
2.73591	-2.31544	-0.335077	2.73591	-2.31544	0
3.80245	-2.33949	-0.298655	3.80245	-2.33949	0
4.78032	-2.334	-0.328024	4.78032	-2.334	0
5.82611	-2.32362	-0.310235	5.82611	-2.32362	0
6.8102	-2.3316	-0.321281	6.8102	-2.3316	0
7.79841	-2.36105	-0.314895	7.79841	-2.36105	0
8.84081	-2.37558	-0.30816	8.84081	-2.37558	0
9.87868	-2.35756	-0.307426	9.87868	-2.35756	0
10.9472	-2.34557	-0.31325	10.9472	-2.34557	0
-11.8458	-2.34669	-0.317734	-11.8458	-2.34669	0
-10.8372	-2.40477	-0.3177	-10.8372	-2.40477	0
-9.75537	-2.44582	-0.307088	-9.75537	-2.44582	0
-8.68371	-2.43025	-0.290964	-8.68371	-2.43025	0
-7.65201	-2.43303	-0.333931	-7.65201	-2.43303	0
-6.64078	-2.37819	-0.319992	-6.64078	-2.37819	0
-5.60952	-2.4519	-0.308691	-5.60952	-2.4519	0
-4.53533	-2.39702	-0.321381	-4.53533	-2.39702	0
-3.53979	-2.38468	-0.300217	-3.53979	-2.38468	0
-2.52463	-2.35143	-0.326349	-2.52463	-2.35143	0
-1.41436	-2.41426	-0.297586	-1.41436	-2.41426	0
-0.372255	-1.37698	-0.263885	-0.372255	-1.37698	0
0.650886	-1.33579	-0.326128	0.650886	-1.33579	0
1.68488	-1.3333	-0.346541	1.68488	-1.3333	0
2.69007	-1.34278	-0.302556	2.69007	-1.34278	0
3.73644	-1.38143	-0.317417	3.73644	-1.38143	0
4.69584	-1.31812	-0.329922	4.69584	-1.31812	0
5.75995	-1.28747	-0.306474	5.75995	-1.28747	0
6.79408	-1.24962	-0.309285	6.79408	-1.24962	0
7.82763	-1.31584	-0.314879	7.82763	-1.31584	0
8.80908	-1.32316	-0.325023	8.80908	-1.32316	0
9.87064	-1.33084	-0.314919	9.87064	-1.33084	0
10.955	-1.33945	-0.331718	10.955	-1.33945	0
-11.7515	-1.36027	-0.300597	-11.7515	-1.36027	0
-10.7457	-1.36817	-0.304203	-10.7457	-1.36817	0
-9.72511	-1.41502	-0.312132	-9.72511	-1.41502	0
-8.65087	-1.37941	-0.308843	-8.65087	-1.37941	0
-7.68799	-1.31489	-0.327625	-7.68799	-1.31489	0
-6.71011	-1.33031	-0.336946	-6.71011	-1.33031	0
-5.54707	-1.33964	-0.31874	-5.54707	-1.33964	0
-4.49564	-1.38664	-0.31716	-4.49564	-1.38664	0
-3.46857	-1.31595	-0.290918	-3.46857	-1.31595	0
-2.43763	-1.35392	-0.323596	-2.43763	-1.35392	0
-1.41451	-1.32598	-0.312305	-1.41451	-1.32598	0
0.165991	0.181152	0.303466	0.165991	0.181152	0
1.19032	0.226805	0.298811	1.19032	0.226805	0
2.24174	0.304213	0.329823	2.24174	0.304213	0
3.24325	0.229374	0.321437	3.24325	0.229374	0
4.27882	0.242419	0.325128	4.27882	0.242419	0
5.28158	0.278832	0.323706	5.28158	0.278832	0
6.26563	0.25515	0.335445	6.26563	0.25515	0
7.40169	0.280428	0.340325	7.40169	0.280428	0
8.38754	0.224732	0.32513	8.38754	0.224732	0
9.46085	0.216947	0.322417	9.46085	0.216947	0
10.4489	0.19437	0.329389	10.4489	0.19437	0
11.4907	0.178941	0.325379	11.4907	0.178941	0
-11.2664	0.174688	0.320318	-11.2664	0.174688	0
-10.2302	0.186495	0.329651	-10.2302	0.186495	0
-9.18244	0.169269	0.31763	-9.18244	0.169269	0
-8.15276	0.246883	0.323888	-8.15276	0.246883	0
-7.12788	0.196841	0.327479	-7.12788	0.196841	0
-6.13384	0.164342	0.325107	-6.13384	0.164342	0
-5.09432	0.15741	0.328576	-5.09432	0.15741	0
-4.00041	0.198042	0.333685	-4.00041	0.198042	0
-2.9855	0.193025	0.314837	-2.9855	0.193025	0
-1.93251	0.165779	0.341045	-1.93251	0.165779	0
-0.914397	0.151725	0.337906	-0.914397	0.151725	0
0.081676	1.29926	0.293871	0.081676	1.29926	0
1.15046	1.28208	0.29934	1.15046	1.28208	0
2.21953	1.32558	0.336579	2.21953	1.32558	0
3.3024	1.28166	0.319067	3.3024	1.28166	0
4.3458	1.25752	0.320543	4.3458	1.25752	0
5.32891	1.27626	0.320084	5.32891	1.27626	0
6.37759	1.31396	0.343608	6.37759	1.31396	0
7.37034	1.31677	0.31753	7.37034	1.31677	0
8.41086	1.30178	0.3233	8.41086	1.30178	0
9.46542	1.29258	0.301579	9.46542	1.29258	0
10.4419	1.2179	0.337143	10.4419	1.2179	0
11.5086	1.26275	0.307023	11.5086	1.26275	0
-11.2554	1.14906	0.338042	-11.2554	1.14906	0
-10.2651	1.2711	0.335735	-10.2651	1.2711	0
-9.12495	1.28566	0.316087	-9.12495	1.28566	0
-8.17365	1.23864	0.314005	-8.17365	1.23864	0
-7.0682	1.22666	0.317637	-7.0682	1.22666	0
-6.06835	1.17388	0.286385	-6.06835	1.17388	0
-5.09514	1.16269	0.340453	-5.09514	1.16269	0
-4.09928	1.25843	0.314536	-4.09928	1.25843	0
-3.077	1.20946	0.317859	-3.077	1.20946	0
-2.022	1.2037	0.337998	-2.022	1.2037	0
-0.951027	1.23303	0.303358	-0.951027	1.23303	0
0.138507	2.33082	0.319542	0.138507	2.33082	0
1.23287	2.28052	0.330837	1.23287	2.28052	0
2.24828	2.33797	0.318416	2.24828	2.33797	0
3.25115	2.35983	0.320747	3.25115	2.35983	0
4.25571	2.39309	0.305533	4.25571	2.39309	0
5.29442	2.33093	0.327303	5.29442	2.33093	0
6.31857	2.36835	0.337036	6.31857	2.36835	0
7.39721	2.36544	0.321449	7.39721	2.36544	0
8.42418	2.33268	0.310248	8.42418	2.33268	0
9.41472	2.33919	0.316611	9.41472	2.33919	0
10.4836	2.24332	0.313739	10.4836	2.24332	0
11.502	2.24748	0.328349	11.502	2.24748	0
-11.264	2.27496	0.304626	-11.264	2.27496	0
-10.2727	2.26433	0.300974	-10.2727	2.26433	0
-9.24059	2.31885	0.317019	-9.24059	2.31885	0
-8.12975	2.28652	0.305719	-8.12975	2.28652	0
-7.09855	2.30089	0.298751	-7.09855	2.30089	0
-6.04636	2.23354	0.319995	-6.04636	2.23354	0
-5.04887	2.23773	0.301755	-5.04887	2.23773	0
-4.04949	2.25975	0.319866	-4.04949	2.25975	0
-3.03905	2.26806	0.301922	-3.03905	2.26806	0
-1.95054	2.20867	0.281699	-1.95054	2.20867	0
-0.962528	2.26355	0.301682	-0.962528	2.26355	0
0.0920777	3.3115	0.30235	0.0920777	3.3115	0
1.13431	3.36923	0.269065	1.13431	3.36923	0
2.20004	3.33325	0.330639	2.20004	3.33325	0
3.22962	3.40325	0.312485	3.22962	3.40325	0
4.2943	3.42345	0.319606	4.2943	3.42345	0
5.2868	3.3634	0.327588	5.2868	3.3634	0
6.34185	3.37157	0.313705	6.34185	3.37157	0
7.36403	3.40891	0.3151	7.36403	3.40891	0
8.42092	3.40831	0.308653	8.42092	3.40831	0
9.41141	3.39068	0.330218	9.41141	3.39068	0
10.4838	3.3115	0.335638	10.4838	3.3115	0
11.509	3.28187	0.310076	11.509	3.28187	0
-11.2818	3.32699	0.340844	-11.2818	3.32699	0
-10.218	3.2653	0.318277	-10.218	3.2653	0
-9.1447	3.33055	0.314709	-9.1447	3.33055	0
-8.06949	3.35851	0.294302	-8.06949	3.35851	0
-7.08276	3.32699	0.31124	-7.08276	3.32699	0
-6.03035	3.26052	0.329063	-6.03035	3.26052	0
-5.01061	3.21434	0.314679	-5.01061	3.21434	0
-4.05386	3.27632	0.335912	-4.05386	3.27632	0
-2.93131	3.27927	0.310467	-2.93131	3.27927	0
-1.98018	3.275	0.296529	-1.98018	3.275	0
-0.923559	3.3038	0.324814	-0.923559	3.3038	0
0.0797383	4.33848	0.32693	0.0797383	4.33848	0
1.16827	4.36457	0.321489	1.16827	4.36457	0
2.2456	4.38383	0.320458	2.2456	4.38383	0
3.2509	4.5092	0.328918	3.2509	4.5092	0
4.26776	4.45476	0.328474	4.26776	4.45476	0
5.29833	4.38671	0.32766	5.29833	4.38671	0
6.33993	4.41558	0.308634	6.33993	4.41558	0
7.39676	4.42395	0.30012	7.39676	4.42395	0
8.45472	4.42825	0.310143	8.45472	4.42825	0
9.49186	4.36429	0.330551	9.49186	4.36429	0
10.544	4.40414	0.294859	10.544	4.40414	0
11.5425	4.36256	0.294303	11.5425	4.36256	0
-11.2362	4.34748	0.330943	-11.2362	4.34748	0
-10.1722	4.36335	0.316749	-10.1722	4.36335	0
-9.15605	4.3117	0.313517	-9.15605	4.3117	0
-8.08461	4.27974	0.330398	-8.08461	4.27974	0
-7.09366	4.3295	0.317611	-7.09366	4.3295	0
-6.03151	4.30077	0.307607	-6.03151	4.30077	0
-4.93956	4.34475	0.357392	-4.93956	4.34475	0
-3.94658	4.32063	0.308762	-3.94658	4.32063	0
-2.90494	4.36484	0.31907	-2.90494	4.36484	0
-1.92279	4.31138	0.315175	-1.92279	4.31138	0
-0.947446	4.37643	0.287763	-0.947446	4.37643	0
0.0860047	5.37366	0.351252	0.0860047	5.37366	0
1.16144	5.40166	0.291835	1.16144	5.40166	0
2.1939	5.46803	0.277655	2.1939	5.46803	0
3.2289	5.50382	0.322715	3.2289	5.50382	0
4.32208	5.42506	0.323254	4.32208	5.42506	0
5.30591	5.44762	0.300359	5.30591	5.44762	0
6.33439	5.44459	0.293601	6.33439	5.44459	0
7.3846	5.41273	0.314608	7.3846	5.41273	0
8.41835	5.41974	0.324861	8.41835	5.41974	0
9.50445	5.35817	0.326615	9.50445	5.35817	0
10.4991	5.37998	0.309968	10.4991	5.37998	0
11.5671	5.41883	0.328636	11.5671	5.41883	0
-11.196	5.46808	0.293676	-11.196	5.46808	0
-10.1516	5.36752	0.317971	-10.1516	5.36752	0
-9.16049	5.37295	0.330593	-9.16049	5.37295	0
-8.09092	5.35477	0.315515	-8.09092	5.35477	0
-7.09274	5.31185	0.306352	-7.09274	5.31185	0
-6.04387	5.31377	0.302389	-6.04387	5.31377	0
-4.98154	5.41071	0.330974	-4.98154	5.41071	0
-3.98913	5.38755	0.333302	-3.98913	5.38755	0
-3.00293	5.44724	0.324141	-3.00293	5.44724	0
-1.95642	5.35256	0.310441	-1.95642	5.35256	0
-0.910204	5.42255	0.300812	-0.910204	5.42255	0
0.109015	6.41101	0.287187	0.109015	6.41101	0
1.17163	6.42284	0.35195	1.17163	6.42284	0
2.22694	6.45288	0.324853	2.22694	6.45288	0
3.24798	6.50942	0.351882	3.24798	6.50942	0
4.22045	6.52297	0.303915	4.22045	6.52297	0
5.30769	6.44139	0.336357	5.30769	6.44139	0
6.36254	6.40143	0.321424	6.36254	6.40143	0
7.35789	6.47988	0.308217	7.35789	6.47988	0
8.42874	6.42361	0.281129	8.42874	6.42361	0
9.42638	6.37842	0.318108	9.42638	6.37842	0
10.4763	6.40411	0.322273	10.4763	6.40411	0
11.483	6.45019	0.333922	11.483	6.45019	0
-11.2465	6.4325	0.307973	-11.2465	6.4325	0
-10.1285	6.42671	0.327993	-10.1285	6.42671	0
-9.13523	6.42596	0.319505	-9.13523	6.42596	0
-8.12514	6.38501	0.335256	-8.12514	6.38501	0
-7.10232	6.37332	0.316828	-7.10232	6.37332	0
-6.01794	6.3769	0.319801	-6.01794	6.3769	0
-5.01517	6.42532	0.316534	-5.01517	6.42532	0
-4.01159	6.45083	0.348561	-4.01159	6.45083	0
-2.96599	6.45875	0.323685	-2.96599	6.45875	0
-1.9549	6.39499	0.3076	-1.9549	6.39499	0
-0.921761	6.43683	0.327788	-0.921761	6.43683	0
0.107909	7.50006	0.27841	0.107909	7.50006	0
1.19644	7.44854	0.312731	1.19644	7.44854	0
2.24431	7.53821	0.30312	2.24431	7.53821	0
3.30717	7.53441	0.338815	3.30717	7.53441	0
4.30025	7.5112	0.301892	4.30025	7.5112	0
5.34938	7.54576	0.334555	5.34938	7.54576	0
6.33184	7.46311	0.341424	6.33184	7.46311	0
7.39145	7.46907	0.296525	7.39145	7.46907	0
8.43157	7.48458	0.330058	8.43157	7.48458	0
9.45995	7.46453	0.295934	9.45995	7.46453	0
10.4812	7.46734	0.321298	10.4812	7.46734	0
11.5021	7.5156	0.339858	11.5021	7.5156	0
-11.2728	7.42275	0.314137	-11.2728	7.42275	0
-10.2151	7.42097	0.330968	-10.2151	7.42097	0
-9.17619	7.4519	0.32171	-9.17619	7.4519	0
-8.14408	7.45778	0.348949	-8.14408	7.45778	0
-7.10535	7.47347	0.304335	-7.10535	7.47347	0
-6.10122	7.39986	0.305019	-6.10122	7.39986	0
-5.04534	7.44386	0.308368	-5.04534	7.44386	0
-4.01662	7.51833	0.324321	-4.01662	7.51833	0
-2.93549	7.50449	0.314629	-2.93549	7.50449	0
-1.90153	7.47583	0.311638	-1.90153	7.47583	0
-0.899187	7.42524	0.303747	-0.899187	7.42524	0
0.211788	8.48138	0.329683	0.211788	8.48138	0
1.20415	8.49604	0.303053	1.20415	8.49604	0
2.23239	8.55469	0.302882	2.23239	8.55469	0
3.27886	8.58164	0.343506	3.27886	8.58164	0
4.3323	8.53809	0.314441	4.3323	8.53809	0
5.3784	8.6018	0.308369	5.3784	8.6018	0
6.38219	8.51485	0.331734	6.38219	8.51485	0
7.39301	8.51631	0.320972	7.39301	8.51631	0
8.38114	8.51412	0.306746	8.38114	8.51412	0
9.47045	8.51498	0.333188	9.47045	8.51498	0
10.4712	8.53119	0.328508	10.4712	8.53119	0
11.5237	8.49707	0.313671	11.5237	8.49707	0
-11.2613	8.4666	0.305585	-11.2613	8.4666	0
-10.2507	8.4139	0.301153	-10.2507	8.4139	0
-9.14236	8.44735	0.313531	-9.14236	8.44735	0
-8.15923	8.45338	0.348175	-8.15923	8.45338	0
-7.1237	8.47438	0.317473	-7.1237	8.47438	0
-6.11101	8.44946	0.324406	-6.11101	8.44946	0
-4.99598	8.45031	0.327409	-4.99598	8.45031	0
-3.94545	8.51044	0.313599	-3.94545	8.51044	0
-2.93629	8.51332	0.303076	-2.93629	8.51332	0
-1.87571	8.4458	0.341909	-1.87571	8.4458	0
-0.887728	8.45023	0.316252	-0.887728	8.45023	0
0.155911	9.53577	0.323392	0.155911	9.53577	0
1.18688	9.49927	0.286852	1.18688	9.49927	0
2.22002	9.56029	0.310539	2.22002	9.56029	0
3.30168	9.5925	0.317171	3.30168	9.5925	0
4.30934	9.55489	0.286119	4.30934	9.55489	0
5.36935	9.5813	0.332685	5.36935	9.5813	0
6.42035	9.53661	0.319789	6.42035	9.53661	0
7.41635	9.52923	0.325404	7.41635	9.52923	0
8.43807	9.47725	0.330065	8.43807	9.47725	0
9.42411	9.50256	0.303855	9.42411	9.50256	0
10.4471	9.54699	0.319937	10.4471	9.54699	0
11.4537	9.55323	0.294138	11.4537	9.55323	0
-11.2949	9.50185	0.324235	-11.2949	9.50185	0
-10.2333	9.4394	0.316769	-10.2333	9.4394	0
-9.17794	9.46909	0.326253	-9.17794	9.46909	0
-8.10382	9.5145	0.320539	-8.10382	9.5145	0
-7.02976	9.55825	0.331698	-7.02976	9.55825	0
-5.9185	9.49418	0.314605	-5.9185	9.49418	0
-4.93257	9.50635	0.332114	-4.93257	9.50635	0
-3.88848	9.55001	0.339088	-3.88848	9.55001	0
-2.87657	9.53389	0.303237	-2.87657	9.53389	0
-1.85471	9.53812	0.323097	-1.85471	9.53812	0
-0.863508	9.53278	0.296133	-0.863508	9.53278	0
0.131222	10.6422	0.315004	0.131222	10.6422	0
1.1491	10.6375	0.333581	1.1491	10.6375	0
2.25204	10.5703	0.312759	2.25204	10.5703	0
3.22307	10.5753	0.286388	3.22307	10.5753	0
4.23498	10.5981	0.328681	4.23498	10.5981	0
5.33385	10.5961	0.332826	5.33385	10.5961	0
6.31367	10.6105	0.321326	6.31367	10.6105	0
7.32485	10.5806	0.35334	7.32485	10.5806	0
8.40268	10.6021	0.308654	8.40268	10.6021	0
9.40341	10.6524	0.321241	9.40341	10.6524	0
10.4401	10.5807	0.31131	10.4401	10.5807	0
11.4848	10.6044	0.294454	11.4848	10.6044	0
-11.2834	10.4902	0.306666	-11.2834	10.4902	0
-10.2194	10.4859	0.297052	-10.2194	10.4859	0
-9.20924	10.4759	0.290189	-9.20924	10.4759	0
-8.16643	10.5015	0.331523	-8.16643	10.5015	0
-7.08547	10.5657	0.343681	-7.08547	10.5657	0
-5.97576	10.5518	0.316938	-5.97576	10.5518	0
-4.94966	10.5785	0.317205	-4.94966	10.5785	0
-3.8931	10.5453	0.319661	-3.8931	10.5453	0
-2.90605	10.5491	0.313826	-2.90605	10.5491	0
-1.88448	10.5959	0.313977	-1.88448	10.5959	0
-0.892817	10.6063	0.29659	-0.892817	10.6063	0
0.107156	11.6368	0.301039	0.107156	11.6368	0
1.13435	11.6319	0.314428	1.13435	11.6319	0
2.22694	11.619	0.315391	2.22694	11.619	0
3.24909	11.6333	0.275399	3.24909	11.6333	0
4.23271	11.6801	0.343403	4.23271	11.6801	0
5.33882	11.655	0.330678	5.33882	11.655	0
6.34877	11.6128	0.333323	6.34877	11.6128	0
7.37556	11.6536	0.331909	7.37556	11.6536	0
8.38208	11.5771	0.328516	8.38208	11.5771	0
9.44357	11.6011	0.317439	9.44357	11.6011	0
10.4478	11.5879	0.342844	10.4478	11.5879	0
11.5228	11.5986	0.326849	11.5228	11.5986	0
-11.2556	11.4901	0.302373	-11.2556	11.4901	0
-10.2387	11.5111	0.316189	-10.2387	11.5111	0
-9.2421	11.4919	0.323184	-9.2421	11.4919	0
-8.18778	11.5425	0.310358	-8.18778	11.5425	0
-7.15306	11.5284	0.31523	-7.15306	11.5284	0
-6.10109	11.5329	0.335396	-6.10109	11.5329	0
-4.9842	11.5807	0.28702	-4.9842	11.5807	0
-3.94668	11.561	0.337868	-3.94668	11.561	0
-2.93636	11.5585	0.309508	-2.93636	11.5585	0
-1.90012	11.6433	0.319826	-1.90012	11.6433	0
-0.866692	11.6229	0.288713	-0.866692	11.6229	0
0.107247	-11.1027	0.30838	0.107247	-11.1027	0
1.13878	-11.15	0.314244	1.13878	-11.15	0
2.1647	-11.0959	0.320683	2.1647	-11.0959	0
3.23432	-11.1133	0.309939	3.23432	-11.1133	0
4.28801	-11.1092	0.331549	4.28801	-11.1092	0
5.31337	-11.1441	0.282625	5.31337	-11.1441	0
6.35521	-11.1475	0.30257	6.35521	-11.1475	0
7.32749	-11.1193	0.319366	7.32749	-11.1193	0
8.41435	-11.1989	0.311459	8.41435	-11.1989	0
9.4569	-11.1787	0.326807	9.4569	-11.1787	0
10.4937	-11.1425	0.316002	10.4937	-11.1425	0
11.5489	-11.1676	0.336903	11.5489	-11.1676	0
-11.2611	-11.1947	0.318642	-11.2611	-11.1947	0
-10.2661	-11.2238	0.314473	-10.2661	-11.2238	0
-9.21163	-11.1956	0.34654	-9.21163	-11.1956	0
-8.1816	-11.2287	0.344917	-8.1816	-11.2287	0
-7.16431	-11.2281	0.3233	-7.16431	-11.2281	0
-6.09011	-11.1888	0.310584	-6.09011	-11.1888	0
-5.04389	-11.1784	0.292781	-5.04389	-11.1784	0
-4.03591	-11.1843	0.310394	-4.03591	-11.1843	0
-2.96817	-11.135	0.314031	-2.96817	-11.135	0
-1.91161	-11.1463	0.304261	-1.91161	-11.1463	0
-0.921782	-11.1352	0.311422	-0.921782	-11.1352	0
0.111335	-10.0995	0.314502	0.111335	-10.0995	0
1.13816	-10.0757	0.352575	1.13816	-10.0757	0
2.21442	-10.1257	0.329337	2.21442	-10.1257	0
3.25518	-10.0116	0.333243	3.25518	-10.0116	0
4.23658	-10.0528	0.351018	4.23658	-10.0528	0
5.30292	-10.1296	0.298157	5.30292	-10.1296	0
6.38875	-10.1416	0.31502	6.38875	-10.1416	0
7.35251	-10.1308	0.309859	7.35251	-10.1308	0
8.40532	-10.1103	0.316946	8.40532	-10.1103	0
9.40669	-10.1613	0.323938	9.40669	-10.1613	0
10.5188	-10.1598	0.295523	10.5188	-10.1598	0
11.4901	-10.1069	0.317994	11.4901	-10.1069	0
-11.2999	-10.2113	0.330542	-11.2999	-10.2113	0
-10.2661	-10.1361	0.305293	-10.2661	-10.1361	0
-9.23326	-10.1579	0.305788	-9.23326	-10.1579	0
-8.18224	-10.15	0.336472	-8.18224	-10.15	0
-7.16438	-10.1598	0.327714	-7.16438	-10.1598	0
-6.10164	-10.1554	0.305239	-6.10164	-10.1554	0
-5.03429	-10.0157	0.325311	-5.03429	-10.0157	0
-4.0558	-10.0617	0.304717	-4.0558	-10.0617	0
-2.99008	-10.0902	0.29317	-2.99008	-10.0902	0
-1.93794	-10.129	0.299223	-1.93794	-10.129	0
-0.968466	-10.1138	0.29122	-0.968466	-10.1138	0
0.108832	-9.076	0.349671	0.108832	-9.076	0
1.14621	-9.02717	0.308364	1.14621	-9.02717	0
2.22605	-9.06578	0.328585	2.22605	-9.06578	0
3.27769	-9.04903	0.323554	3.27769	-9.04903	0
4.27372	-9.08706	0.29958	4.27372	-9.08706	0
5.28292	-9.08254	0.2995	5.28292	-9.08254	0
6.32252	-9.10923	0.299275	6.32252	-9.10923	0
7.37507	-9.09444	0.30216	7.37507	-9.09444	0
8.3667	-9.11322	0.312661	8.3667	-9.11322	0
9.4029	-9.12869	0.305317	9.4029	-9.12869	0
10.4352	-9.11381	0.304378	10.4352	-9.11381	0
11.4438	-9.11218	0.319227	11.4438	-9.11218	0
-11.3146	-9.14131	0.317318	-11.3146	-9.14131	0
-10.3037	-9.09864	0.343173	-10.3037	-9.09864	0
-9.20538	-9.10093	0.322308	-9.20538	-9.10093	0
-8.17403	-9.10125	0.310997	-8.17403	-9.10125	0
-7.15842	-9.12484	0.325471	-7.15842	-9.12484	0
-6.08945	-9.11143	0.32567	-6.08945	-9.11143	0
-5.08205	-9.02967	0.307522	-5.08205	-9.02967	0
-4.05555	-9.08317	0.316363	-4.05555	-9.08317	0
-3.019	-9.109	0.32741	-3.019	-9.109	0
-1.97356	-9.06879	0.323299	-1.97356	-9.06879	0
-0.950316	-9.03346	0.320941	-0.950316	-9.03346	0
0.0534292	-8.05225	0.32547	0.0534292	-8.05225	0
1.10848	-8.01858	0.308031	1.10848	-8.01858	0
2.15206	-8.00789	0.308311	2.15206	-8.00789	0
3.23721	-8.03016	0.347819	3.23721	-8.03016	0
4.28838	-8.02952	0.34578	4.28838	-8.02952	0
5.30199	-8.05077	0.328289	5.30199	-8.05077	0
6.37132	-8.10757	0.315762	6.37132	-8.10757	0
7.38665	-8.09433	0.332916	7.38665	-8.09433	0
8.3877	-8.13939	0.345683	8.3877	-8.13939	0
9.35831	-8.07201	0.327682	9.35831	-8.07201	0
10.4612	-8.10003	0.3039	10.4612	-8.10003	0
11.4612	-8.12197	0.323904	11.4612	-8.12197	0
-11.3119	-8.16383	0.329903	-11.3119	-8.16383	0
-10.2943	-8.07444	0.318325	-10.2943	-8.07444	0
-9.24472	-8.0903	0.315451	-9.24472	-8.0903	0
-8.17242	-8.09184	0.355251	-8.17242	-8.09184	0
-7.1564	-8.13253	0.327564	-7.1564	-8.13253	0
-6.06958	-8.12034	0.326219	-6.06958	-8.12034	0
-5.07648	-8.09077	0.309256	-5.07648	-8.09077	0
-4.10645	-8.03964	0.321195	-4.10645	-8.03964	0
-3.03984	-8.04264	0.328043	-3.03984	-8.04264	0
-1.99582	-8.0965	0.294306	-1.99582	-8.0965	0
-0.920296	-8.02705	0.279952	-0.920296	-8.02705	0
0.0440252	-6.97489	0.334137	0.0440252	-6.97489	0
1.12533	-7.03337	0.297058	1.12533	-7.03337	0
2.1489	-7.03538	0.3117	2.1489	-7.03538	0
3.20053	-6.99841	0.3005	3.20053	-6.99841	0
4.2253	-7.03814	0.294554	4.2253	-7.03814	0
5.20143	-6.96297	0.314323	5.20143	-6.96297	0
6.31675	-7.07642	0.316029	6.31675	-7.07642	0
7.32936	-7.03782	0.309658	7.32936	-7.03782	0
8.38749	-7.04493	0.312322	8.38749	-7.04493	0
9.41744	-7.05373	0.288023	9.41744	-7.05373	0
10.454	-7.00046	0.312218	10.454	-7.00046	0
11.4697	-7.04485	0.315479	11.4697	-7.04485	0
-11.329	-7.13091	0.304143	-11.329	-7.13091	0
-10.2711	-7.05794	0.305036	-10.2711	-7.05794	0
-9.22157	-7.0583	0.318577	-9.22157	-7.0583	0
-8.18014	-7.06837	0.332633	-8.18014	-7.06837	0
-7.1516	-7.11147	0.311125	-7.1516	-7.11147	0
-6.10666	-7.06945	0.296996	-6.10666	-7.06945	0
-5.06229	-7.0525	0.299743	-5.06229	-7.0525	0
-4.03417	-6.98544	0.324551	-4.03417	-6.98544	0
-3.03003	-7.00042	0.297404	-3.03003	-7.00042	0
-2.01863	-7.06457	0.316511	-2.01863	-7.06457	0
-0.982094	-6.9827	0.329859	-0.982094	-6.9827	0
0.0683963	-6.00485	0.315904	0.0683963	-6.00485	0
1.16956	-6.05328	0.310534	1.16956	-6.05328	0
2.12428	-6.01729	0.304098	2.12428	-6.01729	0
3.16115	-5.96806	0.323552	3.16115	-5.96806	0
4.20359	-5.95416	0.312	4.20359	-5.95416	0
5.29367	-5.94966	0.311569	5.29367	-5.94966	0
6.28804	-6.01614	0.327138	6.28804	-6.01614	0
7.3429	-6.00915	0.330443	7.3429	-6.00915	0
8.3687	-6.01208	0.32815	8.3687	-6.01208	0
9.38369	-6.00834	0.311333	9.38369	-6.00834	0
10.449	-5.94922	0.326768	10.449	-5.94922	0
11.4442	-6.0003	0.337601	11.4442	-6.0003	0
-11.2802	-6.04206	0.319287	-11.2802	-6.04206	0
-10.2504	-6.00953	0.291605	-10.2504	-6.00953	0
-9.21045	-5.98877	0.288884	-9.21045	-5.98877	0
-8.13608	-6.06448	0.311946	-8.13608	-6.06448	0
-7.13714	-6.09673	0.315533	-7.13714	-6.09673	0
-6.12399	-6.04112	0.269916	-6.12399	-6.04112	0
-5.09762	-5.9851	0.295985	-5.09762	-5.9851	0
-4.10243	-6.01404	0.332343	-4.10243	-6.01404	0
-3.04436	-6.01318	0.342913	-3.04436	-6.01318	0
-2.04748	-6.05107	0.338917	-2.04748	-6.05107	0
-0.988528	-5.98446	0.309131	-0.988528	-5.98446	0
0.0370767	-4.98239	0.301758	0.0370767	-4.98239	0
1.08073	-5.03109	0.310898	1.08073	-5.03109	0
2.16528	-4.96494	0.331144	2.16528	-4.96494	0
3.2132	-4.99706	0.333978	3.2132	-4.99706	0
4.23562	-4.93942	0.300683	4.23562	-4.93942	0
5.25864	-4.96855	0.322605	5.25864	-4.96855	0
6.29799	-4.99906	0.333086	6.29799	-4.99906	0
7.34642	-5.01103	0.340896	7.34642	-5.01103	0
8.3916	-4.98386	0.314657	8.3916	-4.98386	0
9.42694	-4.98192	0.299266	9.42694	-4.98192	0
10.4446	-4.98232	0.323004	10.4446	-4.98232	0
11.4464	-4.97425	0.301286	11.4464	-4.97425	0
-11.3358	-4.9762	0.345207	-11.3358	-4.9762	0
-10.2733	-4.98501	0.319679	-10.2733	-4.98501	0
-9.26478	-4.99987	0.306963	-9.26478	-4.99987	0
-8.14187	-5.03989	0.340289	-8.14187	-5.03989	0
-7.11575	-5.04346	0.321619	-7.11575	-5.04346	0
-6.04822	-5.01717	0.330621	-6.04822	-5.01717	0
-5.04135	-5.00474	0.318288	-5.04135	-5.00474	0
-4.11641	-4.98817	0.323128	-4.11641	-4.98817	0
-3.05528	-4.91985	0.300708	-3.05528	-4.91985	0
-2.00717	-4.98855	0.314955	-2.00717	-4.98855	0
-1.02402	-4.95926	0.306788	-1.02402	-4.95926	0
0.113422	-3.92685	0.31102	0.113422	-3.92685	0
1.15733	-3.94534	0.310325	1.15733	-3.94534	0
2.17953	-3.95122	0.275757	2.17953	-3.95122	0
3.17067	-3.90047	0.329614	3.17067	-3.90047	0
4.21603	-3.93213	0.282496	4.21603	-3.93213	0
5.28843	-3.93203	0.314281	5.28843	-3.93203	0
6.30213	-3.92482	0.343413	6.30213	-3.92482	0
7.33552	-3.90593	0.316649	7.33552	-3.90593	0
8.37498	-3.90927	0.32081	8.37498	-3.90927	0
9.41234	-3.91318	0.316937	9.41234	-3.91318	0
10.3881	-3.92749	0.302635	10.3881	-3.92749	0
11.4691	-3.89933	0.311825	11.4691	-3.89933	0
-11.3316	-3.96658	0.313179	-11.3316	-3.96658	0
-10.3007	-3.97549	0.330044	-10.3007	-3.97549	0
-9.24691	-3.97865	0.315428	-9.24691	-3.97865	0
-8.24006	-3.95887	0.329534	-8.24006	-3.95887	0
-7.10423	-3.98168	0.305099	-7.10423	-3.98168	0
-6.0967	-3.98054	0.324504	-6.0967	-3.98054	0
-5.06202	-3.95722	0.312464	-5.06202	-3.95722	0
-3.99172	-3.96011	0.324021	-3.99172	-3.96011	0
-3.0125	-3.91353	0.291557	-3.0125	-3.91353	0
-1.96546	-3.94486	0.288221	-1.96546	-3.94486	0
-0.969231	-3.99155	0.315107	-0.969231	-3.99155	0
0.140928	-2.88636	0.334114	0.140928	-2.88636	0
1.11834	-2.88527	0.332778	1.11834	-2.88527	0
2.19633	-2.86778	0.282917	2.19633	-2.86778	0
3.25212	-2.86128	0.291668	3.25212	-2.86128	0
4.27338	-2.9331	0.309954	4.27338	-2.9331	0
5.27555	-2.85121	0.325545	5.27555	-2.85121	0
6.28704	-2.8533	0.308523	6.28704	-2.8533	0
7.30457	-2.85005	0.346611	7.30457	-2.85005	0
8.31822	-2.88118	0.348897	8.31822	-2.88118	0
9.4312	-2.88914	0.31607	9.4312	-2.88914	0
10.4492	-2.84057	0.315241	10.4492	-2.84057	0
11.4473	-2.9132	0.311785	11.4473	-2.9132	0
-11.3152	-2.87359	0.299954	-11.3152	-2.87359	0
-10.3134	-2.90994	0.312136	-10.3134	-2.90994	0
-9.28593	-2.95945	0.337784	-9.28593	-2.95945	0
-8.17194	-2.98349	0.317914	-8.17194	-2.98349	0
-7.14712	-2.84358	0.334449	-7.14712	-2.84358	0
-6.10114	-2.90785	0.308303	-6.10114	-2.90785	0
-5.02319	-2.90407	0.321703	-5.02319	-2.90407	0
-4.01822	-2.91899	0.323182	-4.01822	-2.91899	0
-3.052	-2.86399	0.323077	-3.052	-2.86399	0
-1.9719	-2.90799	0.308126	-1.9719	-2.90799	0
-0.877305	-2.94831	0.337075	-0.877305	-2.94831	0
0.178421	-1.85855	0.31581	0.178421	-1.85855	0
1.21062	-1.87199	0.292775	1.21062	-1.87199	0
2.19228	-1.8832	0.313269	2.19228	-1.8832	0
3.20947	-1.82568	0.337927	3.20947	-1.82568	0
4.26496	-1.85896	0.317341	4.26496	-1.85896	0
5.2639	-1.83574	0.329946	5.2639	-1.83574	0
6.2574	-1.77497	0.309207	6.2574	-1.77497	0
7.29651	-1.7869	0.322574	7.29651	-1.7869	0
8.28573	-1.85242	0.325879	8.28573	-1.85242	0
9.35585	-1.8484	0.30119	9.35585	-1.8484	0
10.3659	-1.80859	0.345131	10.3659	-1.80859	0
11.4643	-1.86029	0.337361	11.4643	-1.86029	0
-11.2961	-1.82209	0.31659	-11.2961	-1.82209	0
-10.2738	-1.95106	0.325004	-10.2738	-1.95106	0
-9.14352	-1.89727	0.302707	-9.14352	-1.89727	0
-8.14607	-1.89504	0.309037	-8.14607	-1.89504	0
-7.15885	-1.86331	0.307299	-7.15885	-1.86331	0
-6.11389	-1.86472	0.298042	-6.11389	-1.86472	0
-5.07531	-1.889	0.317171	-5.07531	-1.889	0
-3.99848	-1.8509	0.309254	-3.99848	-1.8509	0
-3.00003	-1.84599	0.323662	-3.00003	-1.84599	0
-1.92611	-1.83887	0.269244	-1.92611	-1.83887	0
-0.91635	-1.89493	0.274034	-0.91635	-1.89493	0
0.14203	-0.853243	0.318602	0.14203	-0.853243	0
1.18897	-0.759435	0.301125	1.18897	-0.759435	0
2.221	-0.75646	0.332811	2.221	-0.75646	0
3.24175	-0.78854	0.292088	3.24175	-0.78854	0
4.20547	-0.756246	0.289309	4.20547	-0.756246	0
5.21291	-0.779084	0.308695	5.21291	-0.779084	0
6.2887	-0.715871	0.367189	6.2887	-0.715871	0
7.34036	-0.727929	0.334179	7.34036	-0.727929	0
8.3413	-0.852768	0.336063	8.3413	-0.852768	0
9.3568	-0.853424	0.296518	9.3568	-0.853424	0
10.457	-0.816897	0.341388	10.457	-0.816897	0
11.5085	-0.868032	0.31011	11.5085	-0.868032	0
-11.3248	-0.823265	0.304425	-11.3248	-0.823265	0
-10.2121	-0.909967	0.334569	-10.2121	-0.909967	0
-9.20471	-0.896451	0.310655	-9.20471	-0.896451	0
-8.18215	-0.822825	0.339946	-8.18215	-0.822825	0
-7.14281	-0.829418	0.335732	-7.14281	-0.829418	0
-6.16057	-0.891675	0.326022	-6.16057	-0.891675	0
-5.0632	-0.807753	0.334755	-5.0632	-0.807753	0
-4.08949	-0.840465	0.318576	-4.08949	-0.840465	0
-2.96171	-0.773204	0.324901	-2.96171	-0.773204	0
-1.93466	-0.820624	0.333416	-1.93466	-0.820624	0
-0.878351	-0.866629	0.323748	-0.878351	-0.866629	0
