-0.233872	0.106873	-0.293814	-0.233872	0.106873	0
0.807765	0.157408	-0.307771	0.807765	0.157408	0
1.84606	0.0935887	-0.336251	1.84606	0.0935887	0
2.85732	0.170932	-0.315235	2.85732	0.170932	0
3.84139	0.0306892	-0.309536	3.84139	0.0306892	0
4.87127	0.0519164	-0.303804	4.87127	0.0519164	0
5.93781	0.0510091	-0.326322	5.93781	0.0510091	0
7.0652	0.0508976	-0.326304	7.0652	0.0508976	0
8.04399	0.0931238	-0.250241	8.04399	0.0931238	0
9.02575	0.00946197	-0.307226	9.02575	0.00946197	0
10.0725	0.0835708	-0.342024	10.0725	0.0835708	0
11.0777	0.0659055	-0.334758	11.0777	0.0659055	0
-11.6897	0.0495107	-0.323399	-11.6897	0.0495107	0
-10.6506	0.0939676	-0.321071	-10.6506	0.0939676	0
-9.59773	0.101974	-0.329599	-9.59773	0.101974	0
-8.5203	0.0939659	-0.308804	-8.5203	0.0939659	0
-7.55889	0.0912862	-0.322129	-7.55889	0.0912862	0
-6.56535	0.0884519	-0.306194	-6.56535	0.0884519	0
-5.46064	0.115428	-0.315378	-5.46064	0.115428	0
-4.42823	0.0638588	-0.345011	-4.42823	0.0638588	0
-3.41402	0.0937613	-0.316255	-3.41402	0.0937613	0
-2.35878	0.0792687	-0.330393	-2.35878	0.0792687	0
-1.27003	0.173357	-0.304029	-1.27003	0.173357	0
-0.24658	1.11912	-0.336481	-0.24658	1.11912	0
0.788669	1.14816	-0.330601	0.788669	1.14816	0
1.85108	1.15096	-0.304374	1.85108	1.15096	0
2.87154	1.15613	-0.33075	2.87154	1.15613	0
3.91972	1.14685	-0.328176	3.91972	1.14685	0
4.88285	1.06021	-0.333712	4.88285	1.06021	0
5.90364	1.12767	-0.342597	5.90364	1.12767	0
6.88909	1.01682	-0.307749	6.88909	1.01682	0
7.93152	1.13286	-0.303777	7.93152	1.13286	0
8.99382	1.0779	-0.329943	8.99382	1.0779	0
10.0584	1.0801	-0.338731	10.0584	1.0801	0
11.1024	1.08708	-0.323054	11.1024	1.08708	0
-11.6556	1.12278	-0.311685	-11.6556	1.12278	0
-10.6014	1.11755	-0.303074	-10.6014	1.11755	0
-9.51075	1.14648	-0.302411	-9.51075	1.14648	0
-8.53276	1.16704	-0.308847	-8.53276	1.16704	0
-7.57222	1.12359	-0.324953	-7.57222	1.12359	0
-6.53282	1.09874	-0.334807	-6.53282	1.09874	0
-5.41047	1.10752	-0.309853	-5.41047	1.10752	0
-4.40921	1.19829	-0.294653	-4.40921	1.19829	0
-3.36171	1.1411	-0.358131	-3.36171	1.1411	0
-2.29354	1.03678	-0.334281	-2.29354	1.03678	0
-1.26952	1.18425	-0.342804	-1.26952	1.18425	0
-0.223051	2.10871	-0.339842	-0.223051	2.10871	0
0.821533	2.17925	-0.327297	0.821533	2.17925	0
1.88403	2.18608	-0.331834	1.88403	2.18608	0
2.90396	2.21579	-0.303331	2.90396	2.21579	0
3.88732	2.20923	-0.307262	3.88732	2.20923	0
4.90631	2.15694	-0.319194	4.90631	2.15694	0
6.01052	2.17187	-0.291993	6.01052	2.17187	0
6.98547	2.18397	-0.316776	6.98547	2.18397	0
7.99888	2.14543	-0.311184	7.99888	2.14543	0
9.02357	2.14569	-0.310355	9.02357	2.14569	0
10.0403	2.09684	-0.326643	10.0403	2.09684	0
11.1132	2.14354	-0.307186	11.1132	2.14354	0
-11.698	2.18654	-0.340937	-11.698	2.18654	0
-10.6192	2.15873	-0.313386	-10.6192	2.15873	0
-9.60524	2.1301	-0.308364	-9.60524	2.1301	0
-8.5359	2.13306	-0.331227	-8.5359	2.13306	0
-7.46523	2.11664	-0.317387	-7.46523	2.11664	0
-6.46623	2.09181	-0.275529	-6.46623	2.09181	0
-5.44415	2.12395	-0.304409	-5.44415	2.12395	0
-4.41304	2.19407	-0.321486	-4.41304	2.19407	0
-3.36861	2.17269	-0.312724	-3.36861	2.17269	0
-2.2983	2.1868	-0.316737	-2.2983	2.1868	0
-1.26002	2.16888	-0.315166	-1.26002	2.16888	0
-0.26551	3.16952	-0.343903	-0.26551	3.16952	0
0.764937	3.21375	-0.32169	0.764937	3.21375	0
1.77486	3.23652	-0.312769	1.77486	3.23652	0
2.88172	3.23518	-0.346823	2.88172	3.23518	0
3.89753	3.22566	-0.311008	3.89753	3.22566	0
4.92727	3.17192	-0.332543	4.92727	3.17192	0
5.95296	3.15701	-0.302858	5.95296	3.15701	0
7.0206	3.18032	-0.327408	7.0206	3.18032	0
8.04523	3.18494	-0.32154	8.04523	3.18494	0
9.04222	3.19594	-0.328224	9.04222	3.19594	0
10.0419	3.18757	-0.309582	10.0419	3.18757	0
11.047	3.18881	-0.322829	11.047	3.18881	0
-11.6942	3.22471	-0.31978	-11.6942	3.22471	0
-10.6812	3.14483	-0.326972	-10.6812	3.14483	0
-9.61246	3.10902	-0.323728	-9.61246	3.10902	0
-8.52663	3.13346	-0.298089	-8.52663	3.13346	0
-7.50077	3.17522	-0.3002	-7.50077	3.17522	0
-6.41001	3.18259	-0.320258	-6.41001	3.18259	0
-5.44159	3.2269	-0.304024	-5.44159	3.2269	0
-4.49465	3.2134	-0.313241	-4.49465	3.2134	0
-3.3593	3.17255	-0.328441	-3.3593	3.17255	0
-2.32073	3.23348	-0.297972	-2.32073	3.23348	0
-1.29826	3.19748	-0.320367	-1.29826	3.19748	0
-0.268141	4.17016	-0.343436	-0.268141	4.17016	0
0.790466	4.242	-0.331462	0.790466	4.242	0
1.8369	4.21014	-0.309934	1.8369	4.21014	0
2.96971	4.25408	-0.307018	2.96971	4.25408	0
3.95585	4.24075	-0.302818	3.95585	4.24075	0
4.97756	4.2744	-0.32344	4.97756	4.2744	0
5.97113	4.16925	-0.324597	5.97113	4.16925	0
7.00165	4.24387	-0.29802	7.00165	4.24387	0
8.00129	4.23671	-0.335099	8.00129	4.23671	0
9.06763	4.19646	-0.296466	9.06763	4.19646	0
10.0724	4.21974	-0.300564	10.0724	4.21974	0
11.0968	4.22044	-0.320842	11.0968	4.22044	0
-11.6365	4.21683	-0.310878	-11.6365	4.21683	0
-10.6229	4.22394	-0.343906	-10.6229	4.22394	0
-9.60905	4.15784	-0.316375	-9.60905	4.15784	0
-8.59489	4.15316	-0.33714	-8.59489	4.15316	0
-7.54411	4.22163	-0.312917	-7.54411	4.22163	0
-6.50601	4.19712	-0.313008	-6.50601	4.19712	0
-5.38796	4.20834	-0.305685	-5.38796	4.20834	0
-4.34998	4.25827	-0.328294	-4.34998	4.25827	0
-3.34286	4.22987	-0.318412	-3.34286	4.22987	0
-2.32768	4.25268	-0.340437	-2.32768	4.25268	0
-1.27865	4.19055	-0.296685	-1.27865	4.19055	0
-0.25469	5.19681	-0.319667	-0.25469	5.19681	0
0.784779	5.21087	-0.279796	0.784779	5.21087	0
1.85927	5.23722	-0.327413	1.85927	5.23722	0
2.86892	5.28408	-0.340079	2.86892	5.28408	0
3.89772	5.25279	-0.340207	3.89772	5.25279	0
4.937	5.29007	-0.298814	4.937	5.29007	0
5.91382	5.25512	-0.324954	5.91382	5.25512	0
6.93651	5.30023	-0.310407	6.93651	5.30023	0
7.97455	5.25917	-0.310978	7.97455	5.25917	0
9.03332	5.22665	-0.304817	9.03332	5.22665	0
10.0614	5.23846	-0.312473	10.0614	5.23846	0
11.1024	5.29603	-0.313028	11.1024	5.29603	0
-11.6718	5.24526	-0.326427	-11.6718	5.24526	0
-10.6112	5.25715	-0.327497	-10.6112	5.25715	0
-9.57296	5.20211	-0.297677	-9.57296	5.20211	0
-8.63006	5.18525	-0.293669	-8.63006	5.18525	0
-7.54314	5.20021	-0.312135	-7.54314	5.20021	0
-6.50194	5.22557	-0.325446	-6.50194	5.22557	0
-5.45183	5.26257	-0.298918	-5.45183	5.26257	0
-4.42309	5.27325	-0.318617	-4.42309	5.27325	0
-3.32015	5.23617	-0.32198	-3.32015	5.23617	0
-2.30089	5.24407	-0.311377	-2.30089	5.24407	0
-1.31314	5.22793	-0.283761	-1.31314	5.22793	0
-0.255583	6.24402	-0.308508	-0.255583	6.24402	0
0.825487	6.21334	-0.292242	0.825487	6.21334	0
1.83489	6.2614	-0.308599	1.83489	6.2614	0
2.88915	6.28332	-0.311747	2.88915	6.28332	0
3.91797	6.30102	-0.325919	3.91797	6.30102	0
4.94892	6.31985	-0.307892	4.94892	6.31985	0
5.96752	6.28516	-0.287795	5.96752	6.28516	0
6.94983	6.3191	-0.334606	6.94983	6.3191	0
8.00922	6.3204	-0.342732	8.00922	6.3204	0
9.02596	6.28604	-0.297636	9.02596	6.28604	0
10.0789	6.2799	-0.321874	10.0789	6.2799	0
11.0887	6.27325	-0.314079	11.0887	6.27325	0
-11.6887	6.2995	-0.323504	-11.6887	6.2995	0
-10.6064	6.36457	-0.338564	-10.6064	6.36457	0
-9.56856	6.27187	-0.314075	-9.56856	6.27187	0
-8.52204	6.26474	-0.289461	-8.52204	6.26474	0
-7.52258	6.29373	-0.312535	-7.52258	6.29373	0
-6.4547	6.29991	-0.330347	-6.4547	6.29991	0
-5.4309	6.28104	-0.322331	-5.4309	6.28104	0
-4.44114	6.30384	-0.318227	-4.44114	6.30384	0
-3.35256	6.3066	-0.317129	-3.35256	6.3066	0
-2.32496	6.27605	-0.315967	-2.32496	6.27605	0
-1.30312	6.25186	-0.313477	-1.30312	6.25186	0
-0.272942	7.29853	-0.334999	-0.272942	7.29853	0
0.763551	7.27074	-0.315027	0.763551	7.27074	0
1.76619	7.313	-0.326058	1.76619	7.313	0
2.85649	7.31652	-0.294841	2.85649	7.31652	0
3.8967	7.33167	-0.309949	3.8967	7.33167	0
4.93311	7.3078	-0.325178	4.93311	7.3078	0
5.99177	7.38734	-0.31429	5.99177	7.38734	0
6.99932	7.38513	-0.337093	6.99932	7.38513	0
7.99573	7.35276	-0.31238	7.99573	7.35276	0
9.0721	7.29045	-0.34058	9.0721	7.29045	0
10.1008	7.27788	-0.332618	10.1008	7.27788	0
11.0962	7.35114	-0.315452	11.0962	7.35114	0
-11.6955	7.33924	-0.328158	-11.6955	7.33924	0
-10.6658	7.34903	-0.301387	-10.6658	7.34903	0
-9.58162	7.34275	-0.305326	-9.58162	7.34275	0
-8.55271	7.27676	-0.342374	-8.55271	7.27676	0
-7.50374	7.30458	-0.351375	-7.50374	7.30458	0
-6.45913	7.3462	-0.301029	-6.45913	7.3462	0
-5.4515	7.31968	-0.299287	-5.4515	7.31968	0
-4.42183	7.33498	-0.302368	-4.42183	7.33498	0
-3.41005	7.34788	-0.302876	-3.41005	7.34788	0
-2.38526	7.30872	-0.331478	-2.38526	7.30872	0
-1.28253	7.26971	-0.316623	-1.28253	7.26971	0
-0.252343	8.33018	-0.306238	-0.252343	8.33018	0
0.797279	8.29704	-0.325674	0.797279	8.29704	0
1.75447	8.31177	-0.297422	1.75447	8.31177	0
2.84841	8.37643	-0.31874	2.84841	8.37643	0
3.87991	8.31809	-0.321486	3.87991	8.31809	0
4.95773	8.32484	-0.333938	4.95773	8.32484	0
5.97317	8.39916	-0.319083	5.97317	8.39916	0
7.00706	8.38906	-0.31999	7.00706	8.38906	0
8.06379	8.34452	-0.318084	8.06379	8.34452	0
9.06104	8.35655	-0.314241	9.06104	8.35655	0
10.0769	8.31359	-0.308291	10.0769	8.31359	0
11.0783	8.3149	-0.303594	11.0783	8.3149	0
-11.7042	8.34439	-0.305796	-11.7042	8.34439	0
-10.6123	8.34809	-0.3156	-10.6123	8.34809	0
-9.58088	8.36332	-0.32158	-9.58088	8.36332	0
-8.55495	8.36521	-0.345653	-8.55495	8.36521	0
-7.54694	8.30624	-0.307402	-7.54694	8.30624	0
-6.48516	8.37282	-0.306833	-6.48516	8.37282	0
-5.42699	8.36324	-0.30423	-5.42699	8.36324	0
-4.35576	8.34499	-0.324235	-4.35576	8.34499	0
-3.34069	8.30812	-0.327429	-3.34069	8.30812	0
-2.25797	8.31952	-0.319145	-2.25797	8.31952	0
-1.26007	8.33924	-0.312889	-1.26007	8.33924	0
-0.224793	9.33995	-0.329475	-0.224793	9.33995	0
0.763347	9.30179	-0.329938	0.763347	9.30179	0
1.77943	9.37291	-0.321526	1.77943	9.37291	0
2.85775	9.40824	-0.330202	2.85775	9.40824	0
3.89319	9.33467	-0.317324	3.89319	9.33467	0
4.91063	9.41835	-0.31363	4.91063	9.41835	0
5.94236	9.44022	-0.310437	5.94236	9.44022	0
7.02164	9.38763	-0.30903	7.02164	9.38763	0
8.03752	9.39019	-0.335943	8.03752	9.39019	0
9.0542	9.38518	-0.335216	9.0542	9.38518	0
10.093	9.3843	-0.32565	10.093	9.3843	0
11.0637	9.36168	-0.305924	11.0637	9.36168	0
-11.6617	9.38015	-0.293196	-11.6617	9.38015	0
-10.6313	9.39081	-0.312856	-10.6313	9.39081	0
-9.63045	9.39989	-0.336382	-9.63045	9.39989	0
-8.59375	9.36615	-0.284746	-8.59375	9.36615	0
-7.56343	9.3381	-0.289853	-7.56343	9.3381	0
-6.4807	9.34894	-0.32407	-6.4807	9.34894	0
-5.43298	9.3733	-0.313809	-5.43298	9.3733	0
-4.39591	9.3498	-0.316057	-4.39591	9.3498	0
-3.35306	9.30948	-0.359876	-3.35306	9.30948	0
-2.31266	9.32486	-0.320216	-2.31266	9.32486	0
-1.29083	9.37602	-0.327658	-1.29083	9.37602	0
-0.215981	10.3246	-0.308081	-0.215981	10.3246	0
0.762488	10.3497	-0.351133	0.762488	10.3497	0
1.81021	10.3883	-0.331276	1.81021	10.3883	0
2.86409	10.4479	-0.309716	2.86409	10.4479	0
3.90729	10.3561	-0.305657	3.90729	10.3561	0
4.91208	10.4321	-0.329932	4.91208	10.4321	0
5.92142	10.4179	-0.313842	5.92142	10.4179	0
6.97486	10.4099	-0.296881	6.97486	10.4099	0
8.04473	10.4308	-0.286912	8.04473	10.4308	0
9.03484	10.3854	-0.311211	9.03484	10.3854	0
10.0254	10.4019	-0.3501	10.0254	10.4019	0
11.0634	10.4198	-0.329546	11.0634	10.4198	0
-11.638	10.4348	-0.312579	-11.638	10.4348	0
-10.6438	10.4182	-0.307512	-10.6438	10.4182	0
-9.62292	10.4266	-0.332712	-9.62292	10.4266	0
-8.55249	10.438	-0.309011	-8.55249	10.438	0
-7.45901	10.3469	-0.299169	-7.45901	10.3469	0
-6.49217	10.3923	-0.315848	-6.49217	10.3923	0
-5.47018	10.4013	-0.324152	-5.47018	10.4013	0
-4.46717	10.4229	-0.299881	-4.46717	10.4229	0
-3.39266	10.3474	-0.341198	-3.39266	10.3474	0
-2.37317	10.3641	-0.320388	-2.37317	10.3641	0
-1.23757	10.4168	-0.347126	-1.23757	10.4168	0
-0.204816	11.4198	-0.346976	-0.204816	11.4198	0
0.807117	11.3863	-0.306832	0.807117	11.3863	0
1.82838	11.4549	-0.332766	1.82838	11.4549	0
2.86466	11.4447	-0.331235	2.86466	11.4447	0
3.84865	11.4794	-0.337289	3.84865	11.4794	0
4.84221	11.4276	-0.333335	4.84221	11.4276	0
5.86451	11.43	-0.333902	5.86451	11.43	0
6.91419	11.4021	-0.301396	6.91419	11.4021	0
7.97641	11.4241	-0.319458	7.97641	11.4241	0
8.99423	11.4435	-0.297066	8.99423	11.4435	0
10.0202	11.4363	-0.325768	10.0202	11.4363	0
11.0712	11.484	-0.306872	11.0712	11.484	0
-11.694	11.456	-0.309789	-11.694	11.456	0
-10.6085	11.4976	-0.285437	-10.6085	11.4976	0
-9.63796	11.4795	-0.29801	-9.63796	11.4795	0
-8.57649	11.4425	-0.302739	-8.57649	11.4425	0
-7.56302	11.3955	-0.334929	-7.56302	11.3955	0
-6.51276	11.4862	-0.321638	-6.51276	11.4862	0
-5.47267	11.4642	-0.308813	-5.47267	11.4642	0
-4.45361	11.4243	-0.313047	-4.45361	11.4243	0
-3.41025	11.3429	-0.302885	-3.41025	11.3429	0
-2.31806	11.3399	-0.324812	-2.31806	11.3399	0
-1.28146	11.5003	-0.328109	-1.28146	11.5003	0
-0.248266	-11.2904	-0.333464	-0.248266	-11.2904	0
0.799796	-11.2891	-0.321093	0.799796	-11.2891	0
1.84668	-11.2412	-0.32022	1.84668	-11.2412	0
2.87726	-11.2702	-0.310564	2.87726	-11.2702	0
3.8533	-11.2594	-0.297402	3.8533	-11.2594	0
4.85091	-11.2561	-0.317496	4.85091	-11.2561	0
5.87557	-11.3279	-0.310103	5.87557	-11.3279	0
6.88487	-11.3018	-0.312195	6.88487	-11.3018	0
7.95224	-11.3704	-0.323512	7.95224	-11.3704	0
9.04952	-11.3286	-0.313156	9.04952	-11.3286	0
10.1006	-11.3109	-0.343495	10.1006	-11.3109	0
11.0916	-11.2768	-0.293912	11.0916	-11.2768	0
-11.7106	-11.211	-0.338062	-11.7106	-11.211	0
-10.6699	-11.302	-0.298922	-10.6699	-11.302	0
-9.6147	-11.2745	-0.325823	-9.6147	-11.2745	0
-8.54988	-11.3486	-0.308341	-8.54988	-11.3486	0
-7.56622	-11.3184	-0.310704	-7.56622	-11.3184	0
-6.4857	-11.2571	-0.347497	-6.4857	-11.2571	0
-5.47046	-11.2753	-0.327395	-5.47046	-11.2753	0
-4.38386	-11.3377	-0.330314	-4.38386	-11.3377	0
-3.41044	-11.4008	-0.327628	-3.41044	-11.4008	0
-2.30747	-11.4573	-0.333711	-2.30747	-11.4573	0
-1.31487	-11.3189	-0.321625	-1.31487	-11.3189	0
-0.315558	-10.2667	-0.280698	-0.315558	-10.2667	0
0.761444	-10.2452	-0.326623	0.761444	-10.2452	0
1.78043	-10.2305	-0.305951	1.78043	-10.2305	0
2.79516	-10.2681	-0.324752	2.79516	-10.2681	0
3.86567	-10.2149	-0.348274	3.86567	-10.2149	0
4.8744	-10.2026	-0.321059	4.8744	-10.2026	0
5.90859	-10.2106	-0.330584	5.90859	-10.2106	0
6.94407	-10.2854	-0.301944	6.94407	-10.2854	0
8.03147	-10.2447	-0.294251	8.03147	-10.2447	0
9.08131	-10.2332	-0.32553	9.08131	-10.2332	0
10.0684	-10.2903	-0.291219	10.0684	-10.2903	0
11.0493	-10.3116	-0.307657	11.0493	-10.3116	0
-11.6387	-10.2042	-0.311267	-11.6387	-10.2042	0
-10.67	-10.2898	-0.299597	-10.67	-10.2898	0
-9.59799	-10.2189	-0.307977	-9.59799	-10.2189	0
-8.54434	-10.27	-0.355714	-8.54434	-10.27	0
-7.52877	-10.3052	-0.327852	-7.52877	-10.3052	0
-6.45215	-10.2446	-0.286308	-6.45215	-10.2446	0
-5.45652	-10.2632	-0.296376	-5.45652	-10.2632	0
-4.41469	-10.2322	-0.330291	-4.41469	-10.2322	0
-3.41383	-10.3311	-0.315676	-3.41383	-10.3311	0
-2.38117	-10.3294	-0.309254	-2.38117	-10.3294	0
-1.30476	-10.3268	-0.355276	-1.30476	-10.3268	0
-0.272701	-9.22427	-0.336792	-0.272701	-9.22427	0
0.82801	-9.25074	-0.318871	0.82801	-9.25074	0
1.81034	-9.24576	-0.298991	1.81034	-9.24576	0
2.84556	-9.19978	-0.296437	2.84556	-9.19978	0
3.86696	-9.18359	-0.310152	3.86696	-9.18359	0
4.83448	-9.21067	-0.343358	4.83448	-9.21067	0
5.86935	-9.21295	-0.324653	5.86935	-9.21295	0
6.91199	-9.2149	-0.325132	6.91199	-9.2149	0
8.03826	-9.21592	-0.29467	8.03826	-9.21592	0
9.07004	-9.17199	-0.301852	9.07004	-9.17199	0
10.056	-9.23094	-0.30892	10.056	-9.23094	0
11.0997	-9.25997	-0.307139	11.0997	-9.25997	0
-11.6416	-9.21017	-0.325185	-11.6416	-9.21017	0
-10.6038	-9.21679	-0.344748	-10.6038	-9.21679	0
-9.61984	-9.23813	-0.328401	-9.61984	-9.23813	0
-8.50864	-9.21045	-0.326234	-8.50864	-9.21045	0
-7.52955	-9.28346	-0.309956	-7.52955	-9.28346	0
-6.4878	-9.24443	-0.314279	-6.4878	-9.24443	0
-5.43841	-9.21566	-0.313838	-5.43841	-9.21566	0
-4.37425	-9.2297	-0.324805	-4.37425	-9.2297	0
-3.35582	-9.24383	-0.328174	-3.35582	-9.24383	0
-2.34096	-9.3135	-0.302518	-2.34096	-9.3135	0
-1.31816	-9.24528	-0.316193	-1.31816	-9.24528	0
-0.328528	-8.15849	-0.322794	-0.328528	-8.15849	0
0.713882	-8.26056	-0.32891	0.713882	-8.26056	0
1.76243	-8.24433	-0.314891	1.76243	-8.24433	0
2.76722	-8.15177	-0.318057	2.76722	-8.15177	0
3.84766	-8.11351	-0.32928	3.84766	-8.11351	0
4.84002	-8.17067	-0.334285	4.84002	-8.17067	0
5.83934	-8.19248	-0.295952	5.83934	-8.19248	0
6.92415	-8.17073	-0.304289	6.92415	-8.17073	0
7.99325	-8.23051	-0.304828	7.99325	-8.23051	0
8.98695	-8.15107	-0.324269	8.98695	-8.15107	0
10.0779	-8.19323	-0.306996	10.0779	-8.19323	0
11.1085	-8.22722	-0.309659	11.1085	-8.22722	0
-11.707	-8.18661	-0.336032	-11.707	-8.18661	0
-10.5915	-8.19304	-0.337451	-10.5915	-8.19304	0
-9.59668	-8.25755	-0.322599	-9.59668	-8.25755	0
-8.53999	-8.20567	-0.321452	-8.53999	-8.20567	0
-7.53265	-8.20919	-0.341268	-7.53265	-8.20919	0
-6.48234	-8.20405	-0.31505	-6.48234	-8.20405	0
-5.485	-8.16789	-0.33496	-5.485	-8.16789	0
-4.37194	-8.15223	-0.323646	-4.37194	-8.15223	0
-3.42275	-8.2062	-0.280917	-3.42275	-8.2062	0
-2.32788	-8.26539	-0.31617	-2.32788	-8.26539	0
-1.32042	-8.1928	-0.329034	-1.32042	-8.1928	0
-0.297147	-7.15602	-0.341066	-0.297147	-7.15602	0
0.689571	-7.1554	-0.309225	0.689571	-7.1554	0
1.71471	-7.18866	-0.302748	1.71471	-7.18866	0
2.80181	-7.18719	-0.328761	2.80181	-7.18719	0
3.77688	-7.1048	-0.30229	3.77688	-7.1048	0
4.83989	-7.18728	-0.324883	4.83989	-7.18728	0
5.91715	-7.15189	-0.33957	5.91715	-7.15189	0
6.91206	-7.20138	-0.333268	6.91206	-7.20138	0
7.97776	-7.14682	-0.31461	7.97776	-7.14682	0
9.01366	-7.0922	-0.299809	9.01366	-7.0922	0
10.051	-7.17522	-0.296742	10.051	-7.17522	0
11.1085	-7.18473	-0.308426	11.1085	-7.18473	0
-11.6386	-7.15008	-0.319189	-11.6386	-7.15008	0
-10.6365	-7.11355	-0.315432	-10.6365	-7.11355	0
-9.58526	-7.21126	-0.299996	-9.58526	-7.21126	0
-8.55227	-7.20589	-0.350192	-8.55227	-7.20589	0
-7.53304	-7.16917	-0.331963	-7.53304	-7.16917	0
-6.51108	-7.19804	-0.310333	-6.51108	-7.19804	0
-5.478	-7.1154	-0.337059	-5.478	-7.1154	0
-4.4272	-7.14616	-0.311544	-4.4272	-7.14616	0
-3.3899	-7.17683	-0.323827	-3.3899	-7.17683	0
-2.33887	-7.20057	-0.323291	-2.33887	-7.20057	0
-1.31586	-7.16812	-0.283872	-1.31586	-7.16812	0
-0.296693	-6.0871	-0.344833	-0.296693	-6.0871	0
0.716486	-6.05431	-0.286063	0.716486	-6.05431	0
1.7629	-6.11291	-0.314437	1.7629	-6.11291	0
2.77647	-6.09969	-0.318173	2.77647	-6.09969	0
3.78954	-6.07783	-0.32182	3.78954	-6.07783	0
4.74643	-6.12719	-0.34575	4.74643	-6.12719	0
5.81182	-6.13373	-0.340406	5.81182	-6.13373	0
6.88215	-6.11082	-0.317925	6.88215	-6.11082	0
7.91693	-6.13665	-0.294184	7.91693	-6.13665	0
9.03123	-6.14028	-0.321958	9.03123	-6.14028	0
10.0636	-6.17858	-0.324155	10.0636	-6.17858	0
11.0797	-6.14414	-0.308268	11.0797	-6.14414	0
-11.6763	-6.08245	-0.294552	-11.6763	-6.08245	0
-10.6048	-6.07509	-0.330704	-10.6048	-6.07509	0
-9.59924	-6.11079	-0.298143	-9.59924	-6.11079	0
-8.57144	-6.15371	-0.319072	-8.57144	-6.15371	0
-7.5169	-6.16052	-0.324625	-7.5169	-6.16052	0
-6.54446	-6.12348	-0.304731	-6.54446	-6.12348	0
-5.47133	-6.11646	-0.3166	-5.47133	-6.11646	0
-4.46523	-6.11751	-0.346981	-4.46523	-6.11751	0
-3.37262	-6.16667	-0.313038	-3.37262	-6.16667	0
-2.33904	-6.17282	-0.30082	-2.33904	-6.17282	0
-1.31109	-6.13522	-0.322716	-1.31109	-6.13522	0
-0.247713	-5.06641	-0.320555	-0.247713	-5.06641	0
0.765194	-5.05882	-0.295065	0.765194	-5.05882	0
1.81352	-5.05397	-0.322119	1.81352	-5.05397	0
2.84699	-5.05675	-0.337123	2.84699	-5.05675	0
3.86282	-5.06552	-0.347933	3.86282	-5.06552	0
4.87249	-5.07725	-0.311653	4.87249	-5.07725	0
5.88566	-5.0359	-0.314983	5.88566	-5.0359	0
6.90966	-5.08333	-0.322517	6.90966	-5.08333	0
7.96069	-5.09784	-0.301968	7.96069	-5.09784	0
8.99669	-5.10127	-0.318142	8.99669	-5.10127	0
10.0202	-5.11327	-0.307646	10.0202	-5.11327	0
11.0916	-5.12023	-0.309923	11.0916	-5.12023	0
-11.6912	-5.05668	-0.311544	-11.6912	-5.05668	0
-10.6616	-5.03979	-0.302764	-10.6616	-5.03979	0
-9.6165	-5.08844	-0.324567	-9.6165	-5.08844	0
-8.52291	-5.07665	-0.327459	-8.52291	-5.07665	0
-7.54178	-5.15588	-0.307808	-7.54178	-5.15588	0
-6.48549	-5.11298	-0.324085	-6.48549	-5.11298	0
-5.48301	-5.11607	-0.30209	-5.48301	-5.11607	0
-4.38797	-5.09665	-0.318435	-4.38797	-5.09665	0
-3.36247	-5.1061	-0.344207	-3.36247	-5.1061	0
-2.31943	-5.10941	-0.291535	-2.31943	-5.10941	0
-1.31791	-5.06465	-0.322306	-1.31791	-5.06465	0
-0.245744	-4.02625	-0.315852	-0.245744	-4.02625	0
0.823281	-4.00652	-0.285856	0.823281	-4.00652	0
1.82607	-4.03886	-0.305258	1.82607	-4.03886	0
2.81908	-4.05241	-0.316717	2.81908	-4.05241	0
3.92645	-4.01026	-0.331365	3.92645	-4.01026	0
4.95415	-4.07963	-0.328985	4.95415	-4.07963	0
5.94578	-4.10199	-0.322116	5.94578	-4.10199	0
6.95114	-4.04622	-0.306632	6.95114	-4.04622	0
8.00293	-4.03943	-0.325859	8.00293	-4.03943	0
8.99521	-4.07021	-0.325462	8.99521	-4.07021	0
10.0359	-4.13553	-0.315705	10.0359	-4.13553	0
11.0944	-4.11365	-0.305535	11.0944	-4.11365	0
-11.6936	-4.05252	-0.298631	-11.6936	-4.05252	0
-10.6291	-4.04577	-0.315586	-10.6291	-4.04577	0
-9.58822	-4.02118	-0.289934	-9.58822	-4.02118	0
-8.53241	-4.07453	-0.324078	-8.53241	-4.07453	0
-7.54177	-4.11494	-0.336743	-7.54177	-4.11494	0
-6.50092	-4.07355	-0.303645	-6.50092	-4.07355	0
-5.40266	-4.06224	-0.314904	-5.40266	-4.06224	0
-4.40454	-4.08	-0.31718	-4.40454	-4.08	0
-3.39412	-4.02573	-0.325222	-3.39412	-4.02573	0
-2.39443	-4.02234	-0.318598	-2.39443	-4.02234	0
-1.34895	-4.03169	-0.316045	-1.34895	-4.03169	0
-0.209274	-3.01102	-0.320594	-0.209274	-3.01102	0
0.832263	-3.01551	-0.316369	0.832263	-3.01551	0
1.82615	-2.98739	-0.318004	1.82615	-2.98739	0
2.82988	-2.97726	-0.351045	2.82988	-2.97726	0
3.89224	-3.03028	-0.291302	3.89224	-3.03028	0
4.9004	-3.08094	-0.323702	4.9004	-3.08094	0
5.89714	-3.03565	-0.329961	5.89714	-3.03565	0
6.97301	-3.02044	-0.336815	6.97301	-3.02044	0
8.03853	-3.04984	-0.306847	8.03853	-3.04984	0
9.04872	-3.04429	-0.326089	9.04872	-3.04429	0
10.0484	-3.11341	-0.35221	10.0484	-3.11341	0
11.1158	-3.06531	-0.30253	11.1158	-3.06531	0
-11.6874	-3.07193	-0.321215	-11.6874	-3.07193	0
-10.6372	-3.03269	-0.309409	-10.6372	-3.03269	0
-9.5658	-2.97093	-0.332122	-9.5658	-2.97093	0
-8.4854	-3.0758	-0.318305	-8.4854	-3.0758	0
-7.50484	-3.10162	-0.333258	-7.50484	-3.10162	0
-6.4333	-3.05011	-0.318285	-6.4333	-3.05011	0
-5.42102	-3.03254	-0.337205	-5.42102	-3.03254	0
-4.41403	-3.04369	-0.290345	-4.41403	-3.04369	0
-3.39779	-3.02968	-0.315222	-3.39779	-3.02968	0
-2.39872	-2.95886	-0.331535	-2.39872	-2.95886	0
-1.30128	-3.04971	-0.340395	-1.30128	-3.04971	0
-0.249602	-1.92445	-0.313365	-0.249602	-1.92445	0
0.762894	-1.98012	-0.313061	0.762894	-1.98012	0
1.79232	-2.01701	-0.302696	1.79232	-2.01701	0
2.84571	-1.93151	-0.351524	2.84571	-1.93151	0
3.91373	-1.93422	-0.329035	3.91373	-1.93422	0
4.89927	-2.02054	-0.328263	4.89927	-2.02054	0
5.93443	-2.01656	-0.355683	5.93443	-2.01656	0
6.95655	-2.02004	-0.299252	6.95655	-2.02004	0
8.01238	-2.00299	-0.331373	8.01238	-2.00299	0
9.06139	-2.01863	-0.320237	9.06139	-2.01863	0
10.1258	-2.03925	-0.330921	10.1258	-2.03925	0
11.1571	-2.02945	-0.339554	11.1571	-2.02945	0
-11.6605	-1.96596	-0.316705	-11.6605	-1.96596	0
-10.6513	-1.97045	-0.291314	-10.6513	-1.97045	0
-9.58517	-1.95418	-0.333282	-9.58517	-1.95418	0
-8.50687	-2.03107	-0.320649	-8.50687	-2.03107	0
-7.49307	-2.05659	-0.305716	-7.49307	-2.05659	0
-6.50123	-2.02256	-0.334427	-6.50123	-2.02256	0
-5.44698	-1.98401	-0.339244	-5.44698	-1.98401	0
-4.46985	-1.98449	-0.322425	-4.46985	-1.98449	0
-3.45949	-2.02018	-0.331403	-3.45949	-2.02018	0
-2.34933	-1.94586	-0.328326	-2.34933	-1.94586	0
-1.27539	-1.94213	-0.295651	-1.27539	-1.94213	0
-0.209529	-0.942996	-0.322876	-0.209529	-0.942996	0
0.836795	-0.938442	-0.3339	0.836795	-0.938442	0
1.85467	-0.957364	-0.305387	1.85467	-0.957364	0
2.81426	-0.909381	-0.318031	2.81426	-0.909381	0
3.86695	-0.931579	-0.30592	3.86695	-0.931579	0
4.88828	-0.980844	-0.342304	4.88828	-0.980844	0
6.00807	-1.00589	-0.317098	6.00807	-1.00589	0
6.994	-0.977143	-0.309679	6.994	-0.977143	0
8.03562	-0.931527	-0.323543	8.03562	-0.931527	0
9.0711	-0.959564	-0.32289	9.0711	-0.959564	0
10.0767	-0.967108	-0.325213	10.0767	-0.967108	0
11.0636	-1.00544	-0.31321	11.0636	-1.00544	0
-11.7011	-1.00259	-0.305125	-11.7011	-1.00259	0
-10.6071	-0.975467	-0.284842	-10.6071	-0.975467	0
-9.53561	-0.93635	-0.315259	-9.53561	-0.93635	0
-8.524	-0.997869	-0.297071	-8.524	-0.997869	0
-7.45562	-0.949796	-0.289082	-7.45562	-0.949796	0
-6.435	-0.987448	-0.340573	-6.435	-0.987448	0
-5.40798	-0.970919	-0.322693	-5.40798	-0.970919	0
-4.3991	-0.971368	-0.317537	-4.3991	-0.971368	0
-3.38908	-0.93061	-0.311766	-3.38908	-0.93061	0
-2.31265	-0.948278	-0.324398	-2.31265	-0.948278	0
-1.31124	-0.881732	-0.296563	-1.31124	-0.881732	0
0.279892	0.64853	0.322555	0.279892	0.64853	0
1.33059	0.677102	0.311719	1.33059	0.677102	0
2.34597	0.598386	0.33071	2.34597	0.598386	0
3.36285	0.640554	0.335397	3.36285	0.640554	0
4.33153	0.569857	0.309796	4.33153	0.569857	0
5.3925	0.621121	0.334909	5.3925	0.621121	0
6.42451	0.513119	0.327164	6.42451	0.513119	0
7.46469	0.563443	0.36582	7.46469	0.563443	0
8.51339	0.643013	0.320776	8.51339	0.643013	0
9.5223	0.570364	0.343791	9.5223	0.570364	0
10.5377	0.628181	0.306268	10.5377	0.628181	0
11.5912	0.608945	0.296819	11.5912	0.608945	0
-11.1575	0.605999	0.297277	-11.1575	0.605999	0
-10.1209	0.603265	0.327674	-10.1209	0.603265	0
-9.06116	0.610116	0.325055	-9.06116	0.610116	0
-8.07449	0.59339	0.333454	-8.07449	0.59339	0
-7.09364	0.574371	0.320745	-7.09364	0.574371	0
-6.0399	0.565258	0.301642	-6.0399	0.565258	0
-4.87229	0.595461	0.303988	-4.87229	0.595461	0
-3.8824	0.649615	0.336247	-3.8824	0.649615	0
-2.87168	0.605107	0.289311	-2.87168	0.605107	0
-1.79853	0.617406	0.32369	-1.79853	0.617406	0
-0.809588	0.660309	0.318962	-0.809588	0.660309	0
0.287189	1.61888	0.334129	0.287189	1.61888	0
1.36678	1.68108	0.305351	1.36678	1.68108	0
2.35677	1.68751	0.311138	2.35677	1.68751	0
3.42181	1.71039	0.315789	3.42181	1.71039	0
4.4726	1.66144	0.309039	4.4726	1.66144	0
5.42877	1.63239	0.300481	5.42877	1.63239	0
6.39916	1.59617	0.345453	6.39916	1.59617	0
7.3812	1.6047	0.306545	7.3812	1.6047	0
8.48434	1.61802	0.277638	8.48434	1.61802	0
9.55504	1.58262	0.32243	9.55504	1.58262	0
10.5946	1.62139	0.332578	10.5946	1.62139	0
11.6337	1.64972	0.326972	11.6337	1.64972	0
-11.1573	1.67924	0.28803	-11.1573	1.67924	0
-10.108	1.60054	0.310171	-10.108	1.60054	0
-9.09988	1.65585	0.317847	-9.09988	1.65585	0
-8.02806	1.62412	0.34172	-8.02806	1.62412	0
-6.98474	1.58307	0.309863	-6.98474	1.58307	0
-5.95558	1.57348	0.310616	-5.95558	1.57348	0
-4.88794	1.64846	0.33683	-4.88794	1.64846	0
-3.85028	1.66826	0.290992	-3.85028	1.66826	0
-2.82419	1.60944	0.317422	-2.82419	1.60944	0
-1.7644	1.63841	0.313	-1.7644	1.63841	0
-0.717351	1.64884	0.309839	-0.717351	1.64884	0
0.257784	2.68498	0.324819	0.257784	2.68498	0
1.30095	2.67762	0.306424	1.30095	2.67762	0
2.35169	2.738	0.308173	2.35169	2.738	0
3.38123	2.74856	0.334627	3.38123	2.74856	0
4.45986	2.68455	0.323923	4.45986	2.68455	0
5.45919	2.65687	0.327276	5.45919	2.65687	0
6.48814	2.67192	0.333583	6.48814	2.67192	0
7.51501	2.71579	0.285643	7.51501	2.71579	0
8.56636	2.68283	0.290909	8.56636	2.68283	0
9.58712	2.61128	0.331864	9.58712	2.61128	0
10.5463	2.65802	0.323907	10.5463	2.65802	0
11.5832	2.67669	0.333706	11.5832	2.67669	0
-11.2455	2.69313	0.333809	-11.2455	2.69313	0
-10.1275	2.63663	0.333727	-10.1275	2.63663	0
-9.09151	2.64935	0.300824	-9.09151	2.64935	0
-7.98736	2.62096	0.323815	-7.98736	2.62096	0
-6.92138	2.64235	0.322261	-6.92138	2.64235	0
-5.90386	2.69327	0.312716	-5.90386	2.69327	0
-4.90211	2.70292	0.339813	-4.90211	2.70292	0
-3.88732	2.77681	0.300958	-3.88732	2.77681	0
-2.81961	2.69554	0.298291	-2.81961	2.69554	0
-1.83094	2.70415	0.323602	-1.83094	2.70415	0
-0.775364	2.66515	0.295729	-0.775364	2.66515	0
0.260521	3.73411	0.275209	0.260521	3.73411	0
1.29699	3.74926	0.344993	1.29699	3.74926	0
2.39385	3.68388	0.30527	2.39385	3.68388	0
3.42266	3.72421	0.330593	3.42266	3.72421	0
4.45985	3.71459	0.312352	4.45985	3.71459	0
5.46248	3.65414	0.338068	5.46248	3.65414	0
6.49041	3.66838	0.303658	6.49041	3.66838	0
7.49356	3.70889	0.304859	7.49356	3.70889	0
8.49631	3.67851	0.333746	8.49631	3.67851	0
9.53425	3.65752	0.330311	9.53425	3.65752	0
10.5649	3.69713	0.329211	10.5649	3.69713	0
11.5936	3.68669	0.328837	11.5936	3.68669	0
-11.1388	3.68711	0.30847	-11.1388	3.68711	0
-10.0958	3.63201	0.322832	-10.0958	3.63201	0
-9.05783	3.65259	0.346091	-9.05783	3.65259	0
-8.05939	3.68919	0.320165	-8.05939	3.68919	0
-6.96892	3.67474	0.312796	-6.96892	3.67474	0
-5.96394	3.72998	0.301278	-5.96394	3.72998	0
-4.86595	3.76928	0.31792	-4.86595	3.76928	0
-3.88487	3.74718	0.301788	-3.88487	3.74718	0
-2.8508	3.70609	0.311805	-2.8508	3.70609	0
-1.79697	3.70254	0.327338	-1.79697	3.70254	0
-0.741458	3.64457	0.331899	-0.741458	3.64457	0
0.28318	4.73985	0.354373	0.28318	4.73985	0
1.36111	4.73253	0.348309	1.36111	4.73253	0
2.39735	4.70642	0.329761	2.39735	4.70642	0
3.38118	4.75691	0.332004	3.38118	4.75691	0
4.4635	4.77503	0.324441	4.4635	4.77503	0
5.46585	4.73882	0.315642	5.46585	4.73882	0
6.45233	4.69168	0.31721	6.45233	4.69168	0
7.49767	4.72111	0.311971	7.49767	4.72111	0
8.53266	4.71156	0.317771	8.53266	4.71156	0
9.55735	4.74105	0.31433	9.55735	4.74105	0
10.5751	4.74623	0.326808	10.5751	4.74623	0
11.5741	4.73339	0.291292	11.5741	4.73339	0
-11.1007	4.76117	0.319882	-11.1007	4.76117	0
-10.0997	4.66493	0.300803	-10.0997	4.66493	0
-9.08842	4.64533	0.32461	-9.08842	4.64533	0
-8.11509	4.70563	0.269844	-8.11509	4.70563	0
-7.03514	4.73717	0.322727	-7.03514	4.73717	0
-5.98107	4.76236	0.285226	-5.98107	4.76236	0
-4.89907	4.78319	0.334557	-4.89907	4.78319	0
-3.8687	4.74192	0.308902	-3.8687	4.74192	0
-2.86893	4.68439	0.322483	-2.86893	4.68439	0
-1.809	4.68602	0.32052	-1.809	4.68602	0
-0.763326	4.67532	0.311188	-0.763326	4.67532	0
0.268053	5.73773	0.312645	0.268053	5.73773	0
1.3084	5.72186	0.32603	1.3084	5.72186	0
2.34867	5.76873	0.306236	2.34867	5.76873	0
3.36288	5.77451	0.314568	3.36288	5.77451	0
4.33631	5.82377	0.315906	4.33631	5.82377	0
5.39919	5.78911	0.32173	5.39919	5.78911	0
6.47901	5.73545	0.338967	6.47901	5.73545	0
7.45505	5.79071	0.324412	7.45505	5.79071	0
8.4728	5.76889	0.312604	8.4728	5.76889	0
9.58983	5.76493	0.347845	9.58983	5.76493	0
10.5879	5.79116	0.329339	10.5879	5.79116	0
11.636	5.78392	0.313437	11.636	5.78392	0
-11.1317	5.7951	0.306563	-11.1317	5.7951	0
-10.0956	5.7568	0.304407	-10.0956	5.7568	0
-9.057	5.77029	0.326986	-9.057	5.77029	0
-8.01518	5.71159	0.297772	-8.01518	5.71159	0
-6.99591	5.78076	0.312627	-6.99591	5.78076	0
-5.98429	5.77364	0.342838	-5.98429	5.77364	0
-4.91142	5.76887	0.300311	-4.91142	5.76887	0
-3.84739	5.77755	0.304826	-3.84739	5.77755	0
-2.84734	5.78338	0.321489	-2.84734	5.78338	0
-1.85597	5.78182	0.351594	-1.85597	5.78182	0
-0.767994	5.68159	0.328482	-0.767994	5.68159	0
0.265286	6.77442	0.281523	0.265286	6.77442	0
1.28373	6.75473	0.350918	1.28373	6.75473	0
2.31901	6.83158	0.324662	2.31901	6.83158	0
3.41829	6.77377	0.336234	3.41829	6.77377	0
4.47498	6.81475	0.310161	4.47498	6.81475	0
5.46461	6.8174	0.307806	5.46461	6.8174	0
6.49522	6.84348	0.315671	6.49522	6.84348	0
7.47455	6.81851	0.351558	7.47455	6.81851	0
8.4958	6.82654	0.317707	8.4958	6.82654	0
9.55607	6.81112	0.316798	9.55607	6.81112	0
10.5966	6.80223	0.315613	10.5966	6.80223	0
11.6033	6.79078	0.343325	11.6033	6.79078	0
-11.1118	6.79818	0.317357	-11.1118	6.79818	0
-10.0961	6.7812	0.308633	-10.0961	6.7812	0
-9.02805	6.76763	0.329514	-9.02805	6.76763	0
-8.01768	6.85106	0.315646	-8.01768	6.85106	0
-6.98966	6.80635	0.31697	-6.98966	6.80635	0
-5.95064	6.81864	0.312669	-5.95064	6.81864	0
-4.96197	6.78175	0.307911	-4.96197	6.78175	0
-3.93367	6.76937	0.32794	-3.93367	6.76937	0
-2.83253	6.814	0.327751	-2.83253	6.814	0
-1.79622	6.7756	0.330628	-1.79622	6.7756	0
-0.754626	6.77592	0.302517	-0.754626	6.77592	0
0.26562	7.78237	0.320717	0.26562	7.78237	0
1.24578	7.77901	0.323447	1.24578	7.77901	0
2.35061	7.84662	0.32132	2.35061	7.84662	0
3.37718	7.83988	0.327564	3.37718	7.83988	0
4.41072	7.84648	0.303877	4.41072	7.84648	0
5.44404	7.8976	0.337326	5.44404	7.8976	0
6.50036	7.90311	0.314615	6.50036	7.90311	0
7.54064	7.87336	0.329201	7.54064	7.87336	0
8.57698	7.81076	0.302646	8.57698	7.81076	0
9.5721	7.80144	0.303292	9.5721	7.80144	0
10.5808	7.80571	0.335894	10.5808	7.80571	0
11.6145	7.83463	0.287332	11.6145	7.83463	0
-11.2061	7.81121	0.348644	-11.2061	7.81121	0
-10.1078	7.88828	0.308356	-10.1078	7.88828	0
-9.04522	7.8039	0.298615	-9.04522	7.8039	0
-8.08057	7.84229	0.321675	-8.08057	7.84229	0
-7.00405	7.8236	0.349844	-7.00405	7.8236	0
-5.97204	7.86549	0.333427	-5.97204	7.86549	0
-4.94294	7.83018	0.296974	-4.94294	7.83018	0
-3.87814	7.83552	0.342723	-3.87814	7.83552	0
-2.80428	7.88391	0.319737	-2.80428	7.88391	0
-1.78738	7.76272	0.321836	-1.78738	7.76272	0
-0.735479	7.79453	0.321367	-0.735479	7.79453	0
0.302931	8.7818	0.317469	0.302931	8.7818	0
1.28434	8.84941	0.348005	1.28434	8.84941	0
2.31667	8.89748	0.294262	2.31667	8.89748	0
3.35366	8.8687	0.35509	3.35366	8.8687	0
4.41074	8.86802	0.314151	4.41074	8.86802	0
5.39764	8.86996	0.289458	5.39764	8.86996	0
6.46315	8.92438	0.328625	6.46315	8.92438	0
7.54333	8.87992	0.299602	7.54333	8.87992	0
8.57089	8.86164	0.317177	8.57089	8.86164	0
9.57629	8.83103	0.306673	9.57629	8.83103	0
10.5618	8.86371	0.322928	10.5618	8.86371	0
11.5568	8.86866	0.343159	11.5568	8.86866	0
-11.1437	8.82218	0.312346	-11.1437	8.82218	0
-10.1425	8.88826	0.289669	-10.1425	8.88826	0
-9.12583	8.89363	0.322869	-9.12583	8.89363	0
-8.03111	8.89313	0.333948	-8.03111	8.89313	0
-7.00553	8.84552	0.325269	-7.00553	8.84552	0
-5.98246	8.86524	0.2987	-5.98246	8.86524	0
-4.90038	8.87343	0.351794	-4.90038	8.87343	0
-3.84867	8.80464	0.321113	-3.84867	8.80464	0
-2.84929	8.87259	0.302118	-2.84929	8.87259	0
-1.8052	8.8317	0.324784	-1.8052	8.8317	0
-0.75708	8.88715	0.321418	-0.75708	8.88715	0
0.25793	9.78347	0.339664	0.25793	9.78347	0
1.26017	9.88908	0.322394	1.26017	9.88908	0
2.29382	9.87992	0.293444	2.29382	9.87992	0
3.37157	9.90785	0.317193	3.37157	9.90785	0
4.40748	9.90432	0.31216	4.40748	9.90432	0
5.44063	9.89736	0.327625	5.44063	9.89736	0
6.45287	9.93533	0.312919	6.45287	9.93533	0
7.51595	9.86756	0.325368	7.51595	9.86756	0
8.53794	9.8868	0.293424	8.53794	9.8868	0
9.52626	9.8304	0.31385	9.52626	9.8304	0
10.5505	9.91241	0.311202	10.5505	9.91241	0
11.5979	9.91668	0.302388	11.5979	9.91668	0
-11.199	9.91165	0.326261	-11.199	9.91165	0
-10.164	9.95768	0.329809	-10.164	9.95768	0
-9.13189	9.89434	0.316546	-9.13189	9.89434	0
-8.06668	9.91433	0.313762	-8.06668	9.91433	0
-6.98887	9.8468	0.312653	-6.98887	9.8468	0
-5.99186	9.88815	0.325591	-5.99186	9.88815	0
-4.9537	9.94468	0.322386	-4.9537	9.94468	0
-3.92218	9.86662	0.292079	-3.92218	9.86662	0
-2.8547	9.86385	0.318216	-2.8547	9.86385	0
-1.83226	9.87268	0.31091	-1.83226	9.87268	0
-0.759439	9.90273	0.320135	-0.759439	9.90273	0
0.28262	10.8246	0.308407	0.28262	10.8246	0
1.3245	10.8898	0.310779	1.3245	10.8898	0
2.34619	10.9296	0.318536	2.34619	10.9296	0
3.37658	10.9368	0.316542	3.37658	10.9368	0
4.34977	10.9267	0.323022	4.34977	10.9267	0
5.39012	10.9584	0.325744	5.39012	10.9584	0
6.39806	10.9443	0.347535	6.39806	10.9443	0
7.4742	10.9227	0.316417	7.4742	10.9227	0
8.5358	10.9231	0.359207	8.5358	10.9231	0
9.56883	10.9322	0.327097	9.56883	10.9322	0
10.5732	10.9735	0.336889	10.5732	10.9735	0
11.5905	10.8779	0.339181	11.5905	10.8779	0
-11.1594	10.9444	0.324581	-11.1594	10.9444	0
-10.114	10.9542	0.313827	-10.114	10.9542	0
-9.08468	10.9177	0.316214	-9.08468	10.9177	0
-8.0067	10.9079	0.349408	-8.0067	10.9079	0
-7.00138	10.9077	0.312893	-7.00138	10.9077	0
-6.00372	10.9454	0.325851	-6.00372	10.9454	0
-5.00097	10.9723	0.325656	-5.00097	10.9723	0
-3.92033	10.8708	0.338441	-3.92033	10.8708	0
-2.8207	10.8773	0.314985	-2.8207	10.8773	0
-1.72276	10.8783	0.28866	-1.72276	10.8783	0
-0.73361	10.9654	0.290352	-0.73361	10.9654	0
0.299296	-11.8095	0.305062	0.299296	-11.8095	0
1.30165	11.9442	0.304464	1.30165	-11.8419	0
2.32515	-11.7363	0.3142	2.32515	-11.7363	0
3.34968	-11.7832	0.305678	3.34968	-11.7832	0
4.39792	-11.7531	0.296943	4.39792	-11.7531	0
5.35939	-11.8152	0.295231	5.35939	-11.8152	0
6.34973	-11.8047	0.330026	6.34973	-11.8047	0
7.38934	-11.8317	0.328317	7.38934	-11.8317	0
8.48784	-11.8025	0.311382	8.48784	-11.8025	0
9.54578	-11.8408	0.324863	9.54578	-11.8408	0
10.5478	-11.8039	0.328457	10.5478	-11.8039	0
11.5746	-11.8375	0.319416	11.5746	-11.8375	0
-11.2264	-11.7841	0.306289	-11.2264	-11.7841	0
-10.1209	-11.7545	0.325601	-10.1209	-11.7545	0
-9.08917	-11.8468	0.323623	-9.08917	-11.8468	0
-8.02125	-11.8581	0.338095	-8.02125	-11.8581	0
-7.03121	-11.8356	0.340375	-7.03121	-11.8356	0
-6.00793	-11.8087	0.306599	-6.00793	-11.8087	0
-4.98879	-11.798	0.324945	-4.98879	-11.798	0
-3.91236	-11.8925	0.319939	-3.91236	-11.8925	0
-2.85487	-11.8861	0.324874	-2.85487	-11.8861	0
-1.7911	-11.8697	0.314948	-1.7911	-11.8697	0
-0.738989	-11.8197	0.307526	-0.738989	-11.8197	0
0.242899	-10.7927	0.324281	0.242899	-10.7927	0
1.2861	-10.7497	0.298654	1.2861	-10.7497	0
2.31676	-10.7453	0.298506	2.31676	-10.7453	0
3.3697	-10.7193	0.272401	3.3697	-10.7193	0
4.36476	-10.6969	0.314558	4.36476	-10.6969	0
5.38321	-10.747	0.294869	5.38321	-10.747	0
6.38433	-10.7406	0.309022	6.38433	-10.7406	0
7.48101	-10.82	0.314077	7.48101	-10.82	0
8.54004	-10.7909	0.289187	8.54004	-10.7909	0
9.59128	-10.8367	0.315668	9.59128	-10.8367	0
10.5589	-10.8197	0.339978	10.5589	-10.8197	0
11.642	-10.696	0.326182	11.642	-10.696	0
-11.1882	-10.7947	0.326938	-11.1882	-10.7947	0
-10.0554	-10.7403	0.297554	-10.0554	-10.7403	0
-9.03092	-10.7458	0.298815	-9.03092	-10.7458	0
-8.03651	-10.7969	0.310981	-8.03651	-10.7969	0
-6.9958	-10.7875	0.315572	-6.9958	-10.7875	0
-5.97476	-10.7984	0.311829	-5.97476	-10.7984	0
-4.89598	-10.7987	0.288617	-4.89598	-10.7987	0
-3.90187	-10.8041	0.297372	-3.90187	-10.8041	0
-2.87295	-10.896	0.322376	-2.87295	-10.896	0
-1.86732	-10.8521	0.319862	-1.86732	-10.8521	0
-0.828742	-10.7866	0.33085	-0.828742	-10.7866	0
0.227562	-9.74884	0.315591	0.227562	-9.74884	0
1.26469	-9.76066	0.328707	1.26469	-9.76066	0
2.34138	-9.70572	0.32396	2.34138	-9.70572	0
3.33087	-9.73448	0.296501	3.33087	-9.73448	0
4.35495	-9.71642	0.330643	4.35495	-9.71642	0
5.36984	-9.68099	0.318757	5.36984	-9.68099	0
6.38349	-9.72808	0.311578	6.38349	-9.72808	0
7.43319	-9.73512	0.316612	7.43319	-9.73512	0
8.51971	-9.74791	0.331385	8.51971	-9.74791	0
9.50718	-9.73947	0.334098	9.50718	-9.73947	0
10.5614	-9.75011	0.311475	10.5614	-9.75011	0
11.5842	-9.71574	0.336591	11.5842	-9.71574	0
-11.1443	-9.71206	0.339152	-11.1443	-9.71206	0
-10.0864	-9.7462	0.335118	-10.0864	-9.7462	0
-9.04266	-9.70576	0.298295	-9.04266	-9.70576	0
-8.07475	-9.76437	0.314548	-8.07475	-9.76437	0
-7.01899	-9.82238	0.311054	-7.01899	-9.82238	0
-5.92691	-9.73229	0.322742	-5.92691	-9.73229	0
-4.88871	-9.72366	0.308158	-4.88871	-9.72366	0
-3.86923	-9.76139	0.291171	-3.86923	-9.76139	0
-2.86918	-9.80538	0.32029	-2.86918	-9.80538	0
-1.80184	-9.79969	0.325361	-1.80184	-9.79969	0
-0.735735	-9.72914	0.309469	-0.735735	-9.72914	0
0.193476	-8.75605	0.303944	0.193476	-8.75605	0
1.21138	-8.71004	0.335937	1.21138	-8.71004	0
2.278	-8.67092	0.306309	2.278	-8.67092	0
3.34638	-8.67007	0.325077	3.34638	-8.67007	0
4.31598	-8.68877	0.33557	4.31598	-8.68877	0
5.32452	-8.67948	0.336799	5.32452	-8.67948	0
6.42191	-8.6931	0.316692	6.42191	-8.6931	0
7.42622	-8.68129	0.310271	7.42622	-8.68129	0
8.54862	-8.71718	0.332144	8.54862	-8.71718	0
9.51252	-8.62831	0.311838	9.51252	-8.62831	0
10.6011	-8.74777	0.304118	10.6011	-8.74777	0
11.6302	-8.74263	0.335224	11.6302	-8.74263	0
-11.1274	-8.67756	0.272729	-11.1274	-8.67756	0
-10.0934	-8.72633	0.327015	-10.0934	-8.72633	0
-9.03441	-8.77035	0.315063	-9.03441	-8.77035	0
-8.04729	-8.73995	0.306374	-8.04729	-8.73995	0
-7.01733	-8.7608	0.307346	-7.01733	-8.7608	0
-5.9764	-8.71228	0.306208	-5.9764	-8.71228	0
-4.95168	-8.6539	0.300013	-4.95168	-8.6539	0
-3.92297	-8.73242	0.30637	-3.92297	-8.73242	0
-2.8769	-8.77462	0.295256	-2.8769	-8.77462	0
-1.84349	-8.74339	0.289644	-1.84349	-8.74339	0
-0.818882	-8.72386	0.323686	-0.818882	-8.72386	0
0.213011	-7.72624	0.319828	0.213011	-7.72624	0
1.2337	-7.69582	0.311206	1.2337	-7.69582	0
2.27328	-7.67569	0.314396	2.27328	-7.67569	0
3.32075	-7.70435	0.330981	3.32075	-7.70435	0
4.28548	-7.70548	0.368918	4.28548	-7.70548	0
5.39576	-7.64182	0.31384	5.39576	-7.64182	0
6.38706	-7.60337	0.332946	6.38706	-7.60337	0
7.50565	-7.68482	0.311819	7.50565	-7.68482	0
8.51091	-7.67337	0.322821	8.51091	-7.67337	0
9.47775	-7.63297	0.323388	9.47775	-7.63297	0
10.5727	-7.70626	0.347388	10.5727	-7.70626	0
11.5697	-7.6855	0.345432	11.5697	-7.6855	0
-11.1473	-7.657	0.311755	-11.1473	-7.657	0
-10.1155	-7.66448	0.311526	-10.1155	-7.66448	0
-9.05365	-7.68493	0.321907	-9.05365	-7.68493	0
-8.0469	-7.72191	0.333669	-8.0469	-7.72191	0
-6.98717	-7.7635	0.311948	-6.98717	-7.7635	0
-5.95184	-7.63993	0.30121	-5.95184	-7.63993	0
-4.93698	-7.69156	0.302222	-4.93698	-7.69156	0
-3.86225	-7.66975	0.320245	-3.86225	-7.66975	0
-2.82464	-7.68868	0.314166	-2.82464	-7.68868	0
-1.8501	-7.74052	0.313866	-1.8501	-7.74052	0
-0.797785	-7.66725	0.353724	-0.797785	-7.66725	0
0.210411	-6.64804	0.284601	0.210411	-6.64804	0
1.22277	-6.63551	0.31017	1.22277	-6.63551	0
2.27135	-6.58665	0.315424	2.27135	-6.58665	0
3.25729	-6.60956	0.290561	3.25729	-6.60956	0
4.34102	-6.66578	0.321194	4.34102	-6.66578	0
5.29498	-6.63604	0.289292	5.29498	-6.63604	0
6.37051	-6.65591	0.30674	6.37051	-6.65591	0
7.37103	-6.6786	0.334337	7.37103	-6.6786	0
8.49158	-6.63315	0.348597	8.49158	-6.63315	0
9.52064	-6.62733	0.330255	9.52064	-6.62733	0
10.6499	-6.64833	0.31109	10.6499	-6.64833	0
11.6158	-6.68649	0.290534	11.6158	-6.68649	0
-11.1325	-6.57272	0.329644	-11.1325	-6.57272	0
-10.1135	-6.60676	0.33958	-10.1135	-6.60676	0
-9.11097	-6.6583	0.295556	-9.11097	-6.6583	0
-8.08045	-6.66562	0.320175	-8.08045	-6.66562	0
-7.04188	-6.69201	0.309715	-7.04188	-6.69201	0
-6.00634	-6.62742	0.310519	-6.00634	-6.62742	0
-4.94157	-6.6214	0.32274	-4.94157	-6.6214	0
-3.8984	-6.63969	0.308351	-3.8984	-6.63969	0
-2.86607	-6.69627	0.330755	-2.86607	-6.69627	0
-1.84386	-6.639	0.333161	-1.84386	-6.639	0
-0.746776	-6.60295	0.302888	-0.746776	-6.60295	0
0.222943	-5.5875	0.319762	0.222943	-5.5875	0
1.25908	-5.53384	0.321444	1.25908	-5.53384	0
2.30053	-5.63566	0.315564	2.30053	-5.63566	0
3.33448	-5.58264	0.311998	3.33448	-5.58264	0
4.34165	-5.63088	0.329295	4.34165	-5.63088	0
5.40709	-5.63507	0.305603	5.40709	-5.63507	0
6.37968	-5.61718	0.308959	6.37968	-5.61718	0
7.40065	-5.64096	0.316049	7.40065	-5.64096	0
8.46355	-5.64917	0.299897	8.46355	-5.64917	0
9.55148	-5.66542	0.308873	9.55148	-5.66542	0
10.5711	-5.61014	0.296882	10.5711	-5.61014	0
11.6002	-5.60243	0.304054	11.6002	-5.60243	0
-11.179	-5.58523	0.32052	-11.179	-5.58523	0
-10.1044	-5.59877	0.336748	-10.1044	-5.59877	0
-9.04069	-5.62366	0.306615	-9.04069	-5.62366	0
-8.03749	-5.64783	0.321451	-8.03749	-5.64783	0
-7.02947	-5.64273	0.32385	-7.02947	-5.64273	0
-5.98267	-5.561	0.30882	-5.98267	-5.561	0
-4.98905	-5.64231	0.334122	-4.98905	-5.64231	0
-3.91223	-5.63262	0.306404	-3.91223	-5.63262	0
-2.88248	-5.62387	0.309142	-2.88248	-5.62387	0
-1.81527	-5.59423	0.318219	-1.81527	-5.59423	0
-0.802842	-5.57484	0.295516	-0.802842	-5.57484	0
0.253132	-4.5609	0.301181	0.253132	-4.5609	0
1.28509	-4.53704	0.336767	1.28509	-4.53704	0
2.30936	-4.59836	0.321501	2.30936	-4.59836	0
3.35128	-4.53864	0.333882	3.35128	-4.53864	0
4.37248	-4.60059	0.332386	4.37248	-4.60059	0
5.37974	-4.58171	0.341762	5.37974	-4.58171	0
6.42834	-4.57164	0.326072	6.42834	-4.57164	0
7.42947	-4.56189	0.312034	7.42947	-4.56189	0
8.49256	-4.61285	0.303696	8.49256	-4.61285	0
9.49957	-4.59091	0.311194	9.49957	-4.59091	0
10.5321	-4.59899	0.343488	10.5321	-4.59899	0
11.6458	-4.61864	0.344992	11.6458	-4.61864	0
-11.1583	-4.53811	0.294623	-11.1583	-4.53811	0
-10.0735	-4.53511	0.328445	-10.0735	-4.53511	0
-9.09429	-4.60463	0.28574	-9.09429	-4.60463	0
-8.02434	-4.62463	0.334017	-8.02434	-4.62463	0
-6.98618	-4.60121	0.323562	-6.98618	-4.60121	0
-5.99167	-4.58091	0.30093	-5.99167	-4.58091	0
-4.89526	-4.57443	0.335814	-4.89526	-4.57443	0
-3.84829	-4.5786	0.315461	-3.84829	-4.5786	0
-2.85064	-4.59066	0.27871	-2.85064	-4.59066	0
-1.82129	-4.51874	0.300713	-1.82129	-4.51874	0
-0.804505	-4.53613	0.269224	-0.804505	-4.53613	0
0.277956	-3.55246	0.308269	0.277956	-3.55246	0
1.38807	-3.49869	0.3182	1.38807	-3.49869	0
2.36402	-3.47139	0.307769	2.36402	-3.47139	0
3.34275	-3.51602	0.296739	3.34275	-3.51602	0
4.42941	-3.52811	0.314006	4.42941	-3.52811	0
5.41774	-3.52049	0.322375	5.41774	-3.52049	0
6.46118	-3.53966	0.313356	6.46118	-3.53966	0
7.50427	-3.53149	0.340461	7.50427	-3.53149	0
8.53817	-3.58307	0.327121	8.53817	-3.58307	0
9.52838	-3.55438	0.319511	9.52838	-3.55438	0
10.5264	-3.58952	0.343188	10.5264	-3.58952	0
11.5739	-3.58752	0.347905	11.5739	-3.58752	0
-11.1545	-3.54081	0.316712	-11.1545	-3.54081	0
-10.0594	-3.50173	0.316854	-10.0594	-3.50173	0
-9.07285	-3.51276	0.306769	-9.07285	-3.51276	0
-8.05985	-3.58645	0.327948	-8.05985	-3.58645	0
-7.02378	-3.54847	0.354955	-7.02378	-3.54847	0
-5.96398	-3.54796	0.28893	-5.96398	-3.54796	0
-4.95072	-3.52736	0.318044	-4.95072	-3.52736	0
-3.95658	-3.58214	0.297973	-3.95658	-3.58214	0
-2.93858	-3.51718	0.32948	-2.93858	-3.51718	0
-1.87205	-3.49969	0.334507	-1.87205	-3.49969	0
-0.800898	-3.5321	0.324213	-0.800898	-3.5321	0
0.258065	-2.48658	0.337437	0.258065	-2.48658	0
1.31863	-2.49009	0.315663	1.31863	-2.49009	0
2.38083	-2.46253	0.340497	2.38083	-2.46253	0
3.35214	-2.46077	0.295523	3.35214	-2.46077	0
4.37817	-2.47567	0.324136	4.37817	-2.47567	0
5.39452	-2.44425	0.324194	5.39452	-2.44425	0
6.36629	-2.54495	0.332693	6.36629	-2.54495	0
7.51154	-2.49583	0.294108	7.51154	-2.49583	0
8.55849	-2.55826	0.319466	8.55849	-2.55826	0
9.5956	-2.57677	0.309757	9.5956	-2.57677	0
10.5911	-2.61228	0.285881	10.5911	-2.61228	0
11.6542	-2.5076	0.318864	11.6542	-2.5076	0
-11.1598	-2.5151	0.299683	-11.1598	-2.5151	0
-10.0978	-2.51516	0.312948	-10.0978	-2.51516	0
-9.03304	-2.50758	0.297134	-9.03304	-2.50758	0
-8.02263	-2.56109	0.308671	-8.02263	-2.56109	0
-6.98208	-2.55881	0.321857	-6.98208	-2.55881	0
-5.95115	-2.47097	0.296324	-5.95115	-2.47097	0
-4.94148	-2.5273	0.314509	-4.94148	-2.5273	0
-3.90339	-2.5197	0.31605	-3.90339	-2.5197	0
-2.87983	-2.41377	0.301246	-2.87983	-2.41377	0
-1.83492	-2.51525	0.266782	-1.83492	-2.51525	0
-0.802586	-2.54511	0.279756	-0.802586	-2.54511	0
0.271115	-1.4538	0.326267	0.271115	-1.4538	0
1.3079	-1.47282	0.328288	1.3079	-1.47282	0
2.32703	-1.47098	0.346986	2.32703	-1.47098	0
3.35835	-1.46735	0.304136	3.35835	-1.46735	0
4.39197	-1.47703	0.328551	4.39197	-1.47703	0
5.4012	-1.49402	0.300481	5.4012	-1.49402	0
6.44251	-1.50051	0.329304	6.44251	-1.50051	0
7.50613	-1.50622	0.311465	7.50613	-1.50622	0
8.50359	-1.50379	0.327571	8.50359	-1.50379	0
9.60669	-1.50454	0.30361	9.60669	-1.50454	0
10.6074	-1.57228	0.30892	10.6074	-1.57228	0
11.5514	-1.4897	0.310591	11.5514	-1.4897	0
-11.1709	-1.4543	0.35375	-11.1709	-1.4543	0
-10.1077	-1.47647	0.299503	-10.1077	-1.47647	0
-9.02266	-1.4832	0.309808	-9.02266	-1.4832	0
-7.97748	-1.51751	0.314792	-7.97748	-1.51751	0
-6.91703	-1.4824	0.321614	-6.91703	-1.4824	0
-5.93371	-1.46001	0.29133	-5.93371	-1.46001	0
-4.91921	-1.49537	0.293831	-4.91921	-1.49537	0
-3.89907	-1.5231	0.296565	-3.89907	-1.5231	0
-2.84183	-1.43948	0.297628	-2.84183	-1.43948	0
-1.81401	-1.45236	0.341161	-1.81401	-1.45236	0
-0.769685	-1.38928	0.313329	-0.769685	-1.38928	0
0.304656	-0.386527	0.319708	0.304656	-0.386527	0
1.32729	-0.449149	0.300875	1.32729	-0.449149	0
2.30473	-0.389178	0.308298	2.30473	-0.389178	0
3.31578	-0.431959	0.347912	3.31578	-0.431959	0
4.36861	-0.441911	0.314545	4.36861	-0.441911	0
5.37851	-0.476084	0.26032	5.37851	-0.476084	0
6.44984	-0.452862	0.290772	6.44984	-0.452862	0
7.48506	-0.467316	0.314686	7.48506	-0.467316	0
8.55671	-0.484906	0.324971	8.55671	-0.484906	0
9.58172	-0.462484	0.311357	9.58172	-0.462484	0
10.6289	-0.426742	0.29173	10.6289	-0.426742	0
11.5936	-0.399548	0.341387	11.5936	-0.399548	0
-11.155	-0.430644	0.303761	-11.155	-0.430644	0
-10.0639	-0.404991	0.31984	-10.0639	-0.404991	0
-9.01164	-0.444067	0.315743	-9.01164	-0.444067	0
-8.0112	-0.500727	0.33709	-8.0112	-0.500727	0
-7.03002	-0.420514	0.337407	-7.03002	-0.420514	0
-5.97218	-0.419132	0.316741	-5.97218	-0.419132	0
-4.89972	-0.435401	0.327957	-4.89972	-0.435401	0
-3.89984	-0.414059	0.317963	-3.89984	-0.414059	0
-2.85048	-0.465288	0.30848	-2.85048	-0.465288	0
-1.8622	-0.36139	0.310473	-1.8622	-0.36139	0
-0.776683	-0.407881	0.309227	-0.776683	-0.407881	0
