-0.725649	-0.293328	-0.326796	-0.725649	-0.293328	0
0.324332	-0.312725	-0.284728	0.324332	-0.312725	0
1.43122	-0.373786	-0.329886	1.43122	-0.373786	0
2.43669	-0.329223	-0.328284	2.43669	-0.329223	0
3.49089	-0.290008	-0.327889	3.49089	-0.290008	0
4.49941	-0.287836	-0.313016	4.49941	-0.287836	0
5.52779	-0.375209	-0.315664	5.52779	-0.375209	0
6.56716	-0.33657	-0.344896	6.56716	-0.33657	0
7.63368	-0.327999	-0.301644	7.63368	-0.327999	0
8.69793	-0.356049	-0.323477	8.69793	-0.356049	0
9.7078	-0.317514	-0.321298	9.7078	-0.317514	0
10.7822	-0.338443	-0.291718	10.7822	-0.338443	0
11.8089	-0.395484	-0.302834	11.8089	-0.395484	0
-10.921	-0.319754	-0.307282	-10.921	-0.319754	0
-9.9477	-0.323762	-0.329673	-9.9477	-0.323762	0
-8.91754	-0.317976	-0.310211	-8.91754	-0.317976	0
-7.85498	-0.224141	-0.34359	-7.85498	-0.224141	0
-6.86197	-0.287015	-0.32143	-6.86197	-0.287015	0
-5.85573	-0.296786	-0.311503	-5.85573	-0.296786	0
-4.8163	-0.253012	-0.317902	-4.8163	-0.253012	0
-3.78355	-0.257769	-0.32649	-3.78355	-0.257769	0
-2.74748	-0.274137	-0.294412	-2.74748	-0.274137	0
-1.74322	-0.300649	-0.310706	-1.74322	-0.300649	0
-0.713132	0.787392	-0.303018	-0.713132	0.787392	0
0.317699	0.731393	-0.275116	0.317699	0.731393	0
1.34751	0.728428	-0.305911	1.34751	0.728428	0
2.40599	0.68007	-0.31866	2.40599	0.68007	0
3.44314	0.70036	-0.313944	3.44314	0.70036	0
4.51936	0.727515	-0.32145	4.51936	0.727515	0
5.54678	0.703589	-0.330551	5.54678	0.703589	0
6.57255	0.624718	-0.285816	6.57255	0.624718	0
7.58679	0.668659	-0.317861	7.58679	0.668659	0
8.63846	0.70633	-0.315761	8.63846	0.70633	0
9.67992	0.721892	-0.323088	9.67992	0.721892	0
10.768	0.643312	-0.322702	10.768	0.643312	0
11.8319	0.669416	-0.320258	11.8319	0.669416	0
-10.9195	0.699514	-0.351937	-10.9195	0.699514	0
-9.92555	0.708095	-0.306897	-9.92555	0.708095	0
-8.89682	0.736336	-0.346771	-8.89682	0.736336	0
-7.89822	0.793433	-0.320884	-7.89822	0.793433	0
-6.81881	0.758855	-0.322499	-6.81881	0.758855	0
-5.84052	0.749777	-0.299143	-5.84052	0.749777	0
-4.78551	0.753148	-0.292587	-4.78551	0.753148	0
-3.76279	0.755493	-0.305607	-3.76279	0.755493	0
-2.7091	0.753356	-0.324856	-2.7091	0.753356	0
-1.70666	0.73791	-0.331591	-1.70666	0.73791	0
-0.715805	1.78151	-0.322175	-0.715805	1.78151	0
0.350458	1.82482	-0.319334	0.350458	1.82482	0
1.35763	1.80244	-0.320016	1.35763	1.80244	0
2.37846	1.72607	-0.316411	2.37846	1.72607	0
3.39037	1.80435	-0.322187	3.39037	1.80435	0
4.53113	1.75355	-0.310067	4.53113	1.75355	0
5.53001	1.69736	-0.336451	5.53001	1.69736	0
6.58482	1.67908	-0.336522	6.58482	1.67908	0
7.61923	1.72844	-0.320608	7.61923	1.72844	0
8.67754	1.74719	-0.301819	8.67754	1.74719	0
9.68503	1.75872	-0.303558	9.68503	1.75872	0
10.7612	1.72582	-0.313961	10.7612	1.72582	0
11.7815	1.70494	-0.298011	11.7815	1.70494	0
-10.9676	1.71288	-0.32585	-10.9676	1.71288	0
-9.96598	1.73313	-0.307069	-9.96598	1.73313	0
-8.93241	1.77393	-0.332354	-8.93241	1.77393	0
-7.91888	1.76454	-0.323077	-7.91888	1.76454	0
-6.89037	1.79377	-0.320121	-6.89037	1.79377	0
-5.82807	1.7833	-0.343849	-5.82807	1.7833	0
-4.78471	1.72648	-0.32743	-4.78471	1.72648	0
-3.78513	1.77594	-0.310626	-3.78513	1.77594	0
-2.79005	1.76628	-0.319674	-2.79005	1.76628	0
-1.74504	1.7759	-0.289094	-1.74504	1.7759	0
-0.700872	2.85064	-0.335417	-0.700872	2.85064	0
0.308116	2.86268	-0.3415	0.308116	2.86268	0
1.36457	2.8449	-0.290824	1.36457	2.8449	0
2.40406	2.79955	-0.351469	2.40406	2.79955	0
3.46109	2.82053	-0.281173	3.46109	2.82053	0
4.48355	2.77888	-0.304665	4.48355	2.77888	0
5.59217	2.73081	-0.328423	5.59217	2.73081	0
6.61158	2.74611	-0.289101	6.61158	2.74611	0
7.58318	2.80876	-0.335144	7.58318	2.80876	0
8.67994	2.76378	-0.315068	8.67994	2.76378	0
9.7024	2.74479	-0.29479	9.7024	2.74479	0
10.7776	2.75723	-0.309669	10.7776	2.75723	0
11.7703	2.79877	-0.316159	11.7703	2.79877	0
-11.0209	2.7653	-0.307517	-11.0209	2.7653	0
-9.95791	2.78533	-0.316638	-9.95791	2.78533	0
-8.95225	2.74987	-0.304683	-8.95225	2.74987	0
-7.92047	2.81546	-0.292918	-7.92047	2.81546	0
-6.87445	2.77007	-0.295817	-6.87445	2.77007	0
-5.79687	2.80369	-0.328676	-5.79687	2.80369	0
-4.80675	2.77692	-0.32573	-4.80675	2.77692	0
-3.78327	2.78047	-0.320804	-3.78327	2.78047	0
-2.75104	2.85371	-0.32178	-2.75104	2.85371	0
-1.67583	2.84025	-0.318931	-1.67583	2.84025	0
-0.703407	3.83965	-0.288696	-0.703407	3.83965	0
0.312614	3.8714	-0.327292	0.312614	3.8714	0
1.37615	3.82274	-0.314914	1.37615	3.82274	0
2.47111	3.83744	-0.31228	2.47111	3.83744	0
3.49168	3.85875	-0.285993	3.49168	3.85875	0
4.51003	3.84995	-0.3167	4.51003	3.84995	0
5.58788	3.80131	-0.305855	5.58788	3.80131	0
6.63122	3.73867	-0.34461	6.63122	3.73867	0
7.61412	3.84068	-0.334993	7.61412	3.84068	0
8.65812	3.86559	-0.284281	8.65812	3.86559	0
9.66099	3.70458	-0.321368	9.66099	3.70458	0
10.688	3.7823	-0.300395	10.688	3.7823	0
11.7249	3.80497	-0.320242	11.7249	3.80497	0
-11.0672	3.8932	-0.329454	-11.0672	3.8932	0
-10.0163	3.80827	-0.30448	-10.0163	3.80827	0
-8.94529	3.79345	-0.316557	-8.94529	3.79345	0
-7.92148	3.83336	-0.332832	-7.92148	3.83336	0
-6.87172	3.77795	-0.333481	-6.87172	3.77795	0
-5.89098	3.79918	-0.306823	-5.89098	3.79918	0
-4.81686	3.81335	-0.304729	-4.81686	3.81335	0
-3.7828	3.85261	-0.31509	-3.7828	3.85261	0
-2.77736	3.90375	-0.313952	-2.77736	3.90375	0
-1.70075	3.84965	-0.34232	-1.70075	3.84965	0
-0.685313	4.85132	-0.330066	-0.685313	4.85132	0
0.312552	4.92539	-0.319383	0.312552	4.92539	0
1.37767	4.8896	-0.296449	1.37767	4.8896	0
2.41621	4.93403	-0.327595	2.41621	4.93403	0
3.46488	4.85839	-0.325665	3.46488	4.85839	0
4.45183	4.86893	-0.333241	4.45183	4.86893	0
5.54438	4.83641	-0.304815	5.54438	4.83641	0
6.5538	4.86838	-0.337098	6.5538	4.86838	0
7.60646	4.86999	-0.320102	7.60646	4.86999	0
8.66986	4.86753	-0.311029	8.66986	4.86753	0
9.69249	4.83891	-0.302381	9.69249	4.83891	0
10.6749	4.82765	-0.317865	10.6749	4.82765	0
11.7665	4.82175	-0.326737	11.7665	4.82175	0
-10.9952	4.86431	-0.308647	-10.9952	4.86431	0
-9.9859	4.87496	-0.298994	-9.9859	4.87496	0
-8.93206	4.8613	-0.300786	-8.93206	4.8613	0
-7.92724	4.83971	-0.323921	-7.92724	4.83971	0
-6.88309	4.83327	-0.311247	-6.88309	4.83327	0
-5.9083	4.83195	-0.328184	-5.9083	4.83195	0
-4.79026	4.83828	-0.298799	-4.79026	4.83828	0
-3.78698	4.86019	-0.310865	-3.78698	4.86019	0
-2.7273	4.92467	-0.320007	-2.7273	4.92467	0
-1.69707	4.88119	-0.31075	-1.69707	4.88119	0
-0.641346	5.93597	-0.318692	-0.641346	5.93597	0
0.363688	5.93551	-0.304272	0.363688	5.93551	0
1.38709	5.96191	-0.278781	1.38709	5.96191	0
2.41169	5.90715	-0.310859	2.41169	5.90715	0
3.44539	5.916	-0.315908	3.44539	5.916	0
4.52371	5.88466	-0.335702	4.52371	5.88466	0
5.55866	5.79974	-0.347521	5.55866	5.79974	0
6.54995	5.90819	-0.309694	6.54995	5.90819	0
7.61741	5.86528	-0.317826	7.61741	5.86528	0
8.68692	5.90779	-0.322758	8.68692	5.90779	0
9.67464	5.89576	-0.29016	9.67464	5.89576	0
10.6611	5.82912	-0.314672	10.6611	5.82912	0
11.7032	5.91142	-0.343985	11.7032	5.91142	0
-11.0487	5.87766	-0.328672	-11.0487	5.87766	0
-10.0035	5.8879	-0.315793	-10.0035	5.8879	0
-8.93502	5.82515	-0.332604	-8.93502	5.82515	0
-7.90879	5.8965	-0.338272	-7.90879	5.8965	0
-6.84843	5.88469	-0.307788	-6.84843	5.88469	0
-5.81104	5.86178	-0.325686	-5.81104	5.86178	0
-4.78389	5.90445	-0.314575	-4.78389	5.90445	0
-3.79142	5.93606	-0.2917	-3.79142	5.93606	0
-2.70667	5.88514	-0.32045	-2.70667	5.88514	0
-1.72622	5.85311	-0.276249	-1.72622	5.85311	0
-0.625381	6.9862	-0.316157	-0.625381	6.9862	0
0.402419	6.95813	-0.3275	0.402419	6.95813	0
1.45265	6.95267	-0.327118	1.45265	6.95267	0
2.45104	6.94406	-0.312037	2.45104	6.94406	0
3.51449	6.91904	-0.316805	3.51449	6.91904	0
4.50577	6.91142	-0.316331	4.50577	6.91142	0
5.53878	6.90089	-0.32846	5.53878	6.90089	0
6.53002	6.93419	-0.306058	6.53002	6.93419	0
7.57494	6.90371	-0.291602	7.57494	6.90371	0
8.64794	6.94097	-0.331332	8.64794	6.94097	0
9.67824	6.91226	-0.335165	9.67824	6.91226	0
10.6632	6.91599	-0.295977	10.6632	6.91599	0
11.6828	6.92912	-0.321627	11.6828	6.92912	0
-11.0407	6.91419	-0.291414	-11.0407	6.91419	0
-9.981	6.89236	-0.341313	-9.981	6.89236	0
-8.97919	6.89228	-0.333393	-8.97919	6.89228	0
-7.95625	6.87968	-0.295346	-7.95625	6.87968	0
-6.86496	6.92813	-0.317991	-6.86496	6.92813	0
-5.82193	6.9352	-0.324472	-5.82193	6.9352	0
-4.77706	6.93161	-0.299071	-4.77706	6.93161	0
-3.76499	6.88986	-0.308883	-3.76499	6.88986	0
-2.77004	6.94932	-0.337334	-2.77004	6.94932	0
-1.65191	6.91703	-0.322073	-1.65191	6.91703	0
-0.648318	7.99273	-0.307465	-0.648318	7.99273	0
0.409395	7.95075	-0.323279	0.409395	7.95075	0
1.44124	7.99383	-0.298782	1.44124	7.99383	0
2.44037	7.98265	-0.3085	2.44037	7.98265	0
3.47151	7.9432	-0.324589	3.47151	7.9432	0
4.53564	7.96981	-0.33066	4.53564	7.96981	0
5.46971	7.96385	-0.311367	5.46971	7.96385	0
6.52866	8.00617	-0.32412	6.52866	8.00617	0
7.54052	7.97125	-0.311998	7.54052	7.97125	0
8.56243	7.9726	-0.324973	8.56243	7.9726	0
9.62182	7.95115	-0.320993	9.62182	7.95115	0
10.6672	8.00196	-0.310811	10.6672	8.00196	0
11.7987	7.96936	-0.29129	11.7987	7.96936	0
-11.0014	7.92385	-0.297623	-11.0014	7.92385	0
-9.95413	7.91798	-0.300962	-9.95413	7.91798	0
-8.91847	7.90355	-0.324235	-8.91847	7.90355	0
-7.91481	7.97223	-0.308322	-7.91481	7.97223	0
-6.89142	7.92135	-0.32365	-6.89142	7.92135	0
-5.89217	7.93832	-0.339378	-5.89217	7.93832	0
-4.78763	7.96016	-0.344109	-4.78763	7.96016	0
-3.74066	7.945	-0.295679	-3.74066	7.945	0
-2.71657	7.99047	-0.316715	-2.71657	7.99047	0
-1.71585	7.9405	-0.322632	-1.71585	7.9405	0
-0.68631	9.02846	-0.293486	-0.68631	9.02846	0
0.340561	9.05159	-0.332729	0.340561	9.05159	0
1.41913	9.03201	-0.293155	1.41913	9.03201	0
2.45716	9.01932	-0.344431	2.45716	9.01932	0
3.44936	9.03443	-0.306609	3.44936	9.03443	0
4.44811	8.9985	-0.312348	4.44811	8.9985	0
5.45512	9.0148	-0.321656	5.45512	9.0148	0
6.52995	9.03217	-0.323883	6.52995	9.03217	0
7.57867	9.0246	-0.320259	7.57867	9.0246	0
8.59755	9.04847	-0.294334	8.59755	9.04847	0
9.64527	9.02847	-0.335469	9.64527	9.02847	0
10.6941	8.98823	-0.320985	10.6941	8.98823	0
11.7213	9.00327	-0.305306	11.7213	9.00327	0
-11.0669	9.02983	-0.323829	-11.0669	9.02983	0
-10.0221	8.94361	-0.30041	-10.0221	8.94361	0
-8.98217	8.95944	-0.321174	-8.98217	8.95944	0
-7.93787	9.00502	-0.326768	-7.93787	9.00502	0
-6.9403	8.92321	-0.316428	-6.9403	8.92321	0
-5.92262	8.98387	-0.326359	-5.92262	8.98387	0
-4.85619	8.94533	-0.31794	-4.85619	8.94533	0
-3.79126	8.96224	-0.312213	-3.79126	8.96224	0
-2.75728	9.01784	-0.303775	-2.75728	9.01784	0
-1.71604	8.98527	-0.321618	-1.71604	8.98527	0
-0.635139	10.0443	-0.30121	-0.635139	10.0443	0
0.338467	10.0907	-0.327099	0.338467	10.0907	0
1.35978	10.0526	-0.305321	1.35978	10.0526	0
2.40533	10.0482	-0.339396	2.40533	10.0482	0
3.44768	10.0155	-0.335736	3.44768	10.0155	0
4.47394	10.0556	-0.314485	4.47394	10.0556	0
5.408	10.0269	-0.328244	5.408	10.0269	0
6.49978	10.0844	-0.347682	6.49978	10.0844	0
7.55416	10.0195	-0.317143	7.55416	10.0195	0
8.62139	10.025	-0.298894	8.62139	10.025	0
9.66844	10.0362	-0.317277	9.66844	10.0362	0
10.6676	9.98451	-0.294926	10.6676	9.98451	0
11.6987	10.0493	-0.301326	11.6987	10.0493	0
-11.0377	10.0483	-0.348134	-11.0377	10.0483	0
-10.0408	10.0358	-0.306221	-10.0408	10.0358	0
-8.9954	10.0009	-0.312722	-8.9954	10.0009	0
-7.97339	9.98237	-0.296191	-7.97339	9.98237	0
-6.90695	10.04	-0.359179	-6.90695	10.04	0
-5.88965	9.99195	-0.304655	-5.88965	9.99195	0
-4.86091	10.021	-0.295579	-4.86091	10.021	0
-3.79773	10.026	-0.326541	-3.79773	10.026	0
-2.78615	10.0054	-0.319617	-2.78615	10.0054	0
-1.75937	10.0361	-0.319685	-1.75937	10.0361	0
-0.734124	11.1034	-0.306733	-0.734124	11.1034	0
0.348898	11.1337	-0.300602	0.348898	11.1337	0
1.37675	11.1027	-0.333307	1.37675	11.1027	0
2.40806	11.1433	-0.311434	2.40806	11.1433	0
3.40167	11.0823	-0.316919	3.40167	11.0823	0
4.45958	11.0919	-0.339352	4.45958	11.0919	0
5.49166	11.054	-0.347424	5.49166	11.054	0
6.52256	11.0701	-0.312098	6.52256	11.0701	0
7.54736	11.0564	-0.323484	7.54736	11.0564	0
8.60902	11.044	-0.301796	8.60902	11.044	0
9.71559	11.0292	-0.346987	9.71559	11.0292	0
10.7242	11.0414	-0.315664	10.7242	11.0414	0
11.7048	11.0638	-0.320316	11.7048	11.0638	0
-11.0134	11.1024	-0.325281	-11.0134	11.1024	0
-9.95758	11.1064	-0.29051	-9.95758	11.1064	0
-8.97551	11.079	-0.331788	-8.97551	11.079	0
-7.91444	11.0934	-0.31979	-7.91444	11.0934	0
-6.95534	11.0628	-0.306796	-6.95534	11.0628	0
-5.91424	11.0473	-0.319866	-5.91424	11.0473	0
-4.88057	11.0385	-0.340446	-4.88057	11.0385	0
-3.80561	11.0744	-0.299384	-3.80561	11.0744	0
-2.74742	11.0599	-0.304125	-2.74742	11.0599	0
-1.74886	11.0369	-0.337393	-1.74886	11.0369	0
-0.76643	-11.6104	-0.323182	-0.76643	-11.6104	0
0.280487	-11.6464	-0.326014	0.280487	-11.6464	0
1.3435	-11.7122	-0.324064	1.3435	-11.7122	0
2.36632	-11.6096	-0.284267	2.36632	-11.6096	0
3.46499	-11.6161	-0.315321	3.46499	-11.6161	0
4.51156	-11.7101	-0.328526	4.51156	-11.7101	0
5.52817	-11.7279	-0.314731	5.52817	-11.7279	0
6.57093	-11.6979	-0.304317	6.57093	-11.6979	0
7.64206	-11.6914	-0.326692	7.64206	-11.6914	0
8.70212	-11.6684	-0.334187	8.70212	-11.6684	0
9.72993	-11.7085	-0.335827	9.72993	-11.7085	0
10.7294	-11.6951	-0.323897	10.7294	-11.6951	0
11.7701	-11.689	-0.310997	11.7701	-11.689	0
-11.0256	-11.6569	-0.307208	-11.0256	-11.6569	0
-9.89426	-11.6818	-0.324599	-9.89426	-11.6818	0
-8.93772	-11.67	-0.310611	-8.93772	-11.67	0
-7.92972	-11.6439	-0.329446	-7.92972	-11.6439	0
-6.89329	-11.705	-0.338605	-6.89329	-11.705	0
-5.86914	-11.6744	-0.317035	-5.86914	-11.6744	0
-4.88545	-11.6049	-0.297109	-4.88545	-11.6049	0
-3.92806	-11.6558	-0.301276	-3.92806	-11.6558	0
-2.86622	-11.6389	-0.318694	-2.86622	-11.6389	0
-1.80297	-11.7399	-0.311317	-1.80297	-11.7399	0
-0.789823	-10.5935	-0.315848	-0.789823	-10.5935	0
0.285467	-10.617	-0.339452	0.285467	-10.617	0
1.34983	-10.658	-0.317196	1.34983	-10.658	0
2.41988	-10.6146	-0.354808	2.41988	-10.6146	0
3.45839	-10.6401	-0.301423	3.45839	-10.6401	0
4.49092	-10.6538	-0.300962	4.49092	-10.6538	0
5.50792	-10.6783	-0.334402	5.50792	-10.6783	0
6.60127	-10.6992	-0.334923	6.60127	-10.6992	0
7.64682	-10.7115	-0.330131	7.64682	-10.7115	0
8.68659	-10.7018	-0.311239	8.68659	-10.7018	0
9.73836	-10.6929	-0.339422	9.73836	-10.6929	0
10.7257	-10.6266	-0.313695	10.7257	-10.6266	0
11.757	-10.6947	-0.297672	11.757	-10.6947	0
-11.0607	-10.636	-0.335576	-11.0607	-10.636	0
-9.98277	-10.6611	-0.314534	-9.98277	-10.6611	0
-8.92442	-10.6441	-0.314392	-8.92442	-10.6441	0
-7.9098	-10.6199	-0.309274	-7.9098	-10.6199	0
-6.84943	-10.6002	-0.332657	-6.84943	-10.6002	0
-5.83106	-10.7067	-0.330575	-5.83106	-10.7067	0
-4.83853	-10.6689	-0.300885	-4.83853	-10.6689	0
-3.8184	-10.6525	-0.326162	-3.8184	-10.6525	0
-2.80461	-10.6426	-0.334579	-2.80461	-10.6426	0
-1.74028	-10.664	-0.339083	-1.74028	-10.664	0
-0.685787	-9.5412	-0.345392	-0.685787	-9.5412	0
0.361886	-9.52525	-0.314986	0.361886	-9.52525	0
1.3858	-9.59398	-0.304799	1.3858	-9.59398	0
2.44886	-9.64813	-0.285651	2.44886	-9.64813	0
3.46694	-9.63713	-0.291735	3.46694	-9.63713	0
4.50135	-9.6027	-0.330765	4.50135	-9.6027	0
5.56089	-9.66031	-0.322022	5.56089	-9.66031	0
6.59977	-9.67606	-0.293317	6.59977	-9.67606	0
7.64473	-9.66939	-0.310747	7.64473	-9.66939	0
8.66296	-9.6577	-0.317681	8.66296	-9.6577	0
9.66207	-9.63656	-0.277936	9.66207	-9.63656	0
10.6937	-9.63967	-0.318953	10.6937	-9.63967	0
11.746	-9.62022	-0.287745	11.746	-9.62022	0
-11.0456	-9.57039	-0.320559	-11.0456	-9.57039	0
-10.031	-9.67205	-0.306884	-10.031	-9.67205	0
-8.96435	-9.65671	-0.315025	-8.96435	-9.65671	0
-7.97001	-9.57664	-0.291739	-7.97001	-9.57664	0
-6.94902	-9.62078	-0.322004	-6.94902	-9.62078	0
-5.90074	-9.61401	-0.290841	-5.90074	-9.61401	0
-4.89304	-9.60658	-0.316321	-4.89304	-9.60658	0
-3.82306	-9.62189	-0.316125	-3.82306	-9.62189	0
-2.79276	-9.63466	-0.315972	-2.79276	-9.63466	0
-1.79212	-9.60292	-0.329679	-1.79212	-9.60292	0
-0.692007	-8.5594	-0.351533	-0.692007	-8.5594	0
0.328452	-8.4925	-0.281571	0.328452	-8.4925	0
1.36781	-8.53908	-0.322653	1.36781	-8.53908	0
2.4462	-8.61853	-0.323087	2.4462	-8.61853	0
3.44271	-8.58313	-0.299816	3.44271	-8.58313	0
4.52977	-8.58291	-0.31228	4.52977	-8.58291	0
5.58452	-8.658	-0.326252	5.58452	-8.658	0
6.59938	-8.58491	-0.331429	6.59938	-8.58491	0
7.57041	-8.69269	-0.292806	7.57041	-8.69269	0
8.5839	-8.62287	-0.327024	8.5839	-8.62287	0
9.64667	-8.58434	-0.318985	9.64667	-8.58434	0
10.6778	-8.55791	-0.329119	10.6778	-8.55791	0
11.7145	-8.60595	-0.32723	11.7145	-8.60595	0
-11.0132	-8.56088	-0.290694	-11.0132	-8.56088	0
-9.95541	-8.60913	-0.294335	-9.95541	-8.60913	0
-8.92543	-8.61697	-0.34505	-8.92543	-8.61697	0
-7.86654	-8.56181	-0.330273	-7.86654	-8.56181	0
-6.8791	-8.5949	-0.319814	-6.8791	-8.5949	0
-5.83176	-8.57016	-0.278866	-5.83176	-8.57016	0
-4.80129	-8.59799	-0.297107	-4.80129	-8.59799	0
-3.74405	-8.64232	-0.326385	-3.74405	-8.64232	0
-2.77791	-8.57485	-0.309787	-2.77791	-8.57485	0
-1.7457	-8.60824	-0.328461	-1.7457	-8.60824	0
-0.711698	-7.53989	-0.318537	-0.711698	-7.53989	0
0.33948	-7.50061	-0.31489	0.33948	-7.50061	0
1.41069	-7.46353	-0.29243	1.41069	-7.46353	0
2.37842	-7.56308	-0.308749	2.37842	-7.56308	0
3.44799	-7.58492	-0.313721	3.44799	-7.58492	0
4.465	-7.57363	-0.301384	4.465	-7.57363	0
5.56072	-7.61058	-0.319727	5.56072	-7.61058	0
6.56068	-7.5594	-0.314057	6.56068	-7.5594	0
7.58419	-7.55975	-0.317983	7.58419	-7.55975	0
8.63879	-7.60405	-0.313984	8.63879	-7.60405	0
9.63614	-7.58128	-0.31267	9.63614	-7.58128	0
10.7251	-7.5679	-0.340603	10.7251	-7.5679	0
11.7666	-7.56741	-0.322501	11.7666	-7.56741	0
-11.0309	-7.5433	-0.288019	-11.0309	-7.5433	0
-9.95118	-7.60456	-0.302795	-9.95118	-7.60456	0
-8.97641	-7.51739	-0.325533	-8.97641	-7.51739	0
-7.92757	-7.54037	-0.30383	-7.92757	-7.54037	0
-6.89294	-7.5592	-0.317605	-6.89294	-7.5592	0
-5.86902	-7.52018	-0.340501	-5.86902	-7.52018	0
-4.78436	-7.56951	-0.342909	-4.78436	-7.56951	0
-3.79566	-7.5821	-0.308631	-3.79566	-7.5821	0
-2.77488	-7.56959	-0.316852	-2.77488	-7.56959	0
-1.73811	-7.571	-0.326013	-1.73811	-7.571	0
-0.719066	-6.48893	-0.317678	-0.719066	-6.48893	0
0.313484	-6.42921	-0.307225	0.313484	-6.42921	0
1.33399	-6.49024	-0.322501	1.33399	-6.49024	0
2.41607	-6.54687	-0.331012	2.41607	-6.54687	0
3.46292	-6.5256	-0.332936	3.46292	-6.5256	0
4.46643	-6.57261	-0.292064	4.46643	-6.57261	0
5.49556	-6.51069	-0.315926	5.49556	-6.51069	0
6.53671	-6.47551	-0.337319	6.53671	-6.47551	0
7.53273	-6.55855	-0.313182	7.53273	-6.55855	0
8.55925	-6.55318	-0.301341	8.55925	-6.55318	0
9.65457	-6.5279	-0.330318	9.65457	-6.5279	0
10.7039	-6.56463	-0.301437	10.7039	-6.56463	0
11.7544	-6.53363	-0.316756	11.7544	-6.53363	0
-10.9594	-6.50543	-0.308572	-10.9594	-6.50543	0
-9.94182	-6.54748	-0.314292	-9.94182	-6.54748	0
-8.96638	-6.45867	-0.320129	-8.96638	-6.45867	0
-7.94224	-6.51628	-0.328025	-7.94224	-6.51628	0
-6.85555	-6.57133	-0.320729	-6.85555	-6.57133	0
-5.83301	-6.51771	-0.32193	-5.83301	-6.51771	0
-4.86739	-6.54878	-0.33959	-4.86739	-6.54878	0
-3.78057	-6.5575	-0.322527	-3.78057	-6.5575	0
-2.75507	-6.52807	-0.323238	-2.75507	-6.52807	0
-1.7586	-6.48258	-0.302939	-1.7586	-6.48258	0
-0.721259	-5.49398	-0.327028	-0.721259	-5.49398	0
0.301485	-5.39667	-0.348559	0.301485	-5.39667	0
1.34691	-5.49266	-0.295245	1.34691	-5.49266	0
2.42567	-5.48346	-0.309244	2.42567	-5.48346	0
3.43155	-5.50696	-0.320331	3.43155	-5.50696	0
4.45963	-5.54186	-0.319822	4.45963	-5.54186	0
5.49355	-5.50415	-0.304863	5.49355	-5.50415	0
6.47597	-5.46005	-0.285136	6.47597	-5.46005	0
7.5922	-5.52984	-0.319502	7.5922	-5.52984	0
8.58959	-5.58539	-0.297422	8.58959	-5.58539	0
9.6401	-5.51501	-0.325211	9.6401	-5.51501	0
10.6387	-5.52401	-0.315828	10.6387	-5.52401	0
11.7183	-5.51967	-0.311125	11.7183	-5.51967	0
-11.0363	-5.4939	-0.267815	-11.0363	-5.4939	0
-9.96693	-5.46479	-0.321902	-9.96693	-5.46479	0
-8.9025	-5.46427	-0.317237	-8.9025	-5.46427	0
-7.88389	-5.44405	-0.292632	-7.88389	-5.44405	0
-6.90756	-5.53281	-0.306871	-6.90756	-5.53281	0
-5.82956	-5.46229	-0.281974	-5.82956	-5.46229	0
-4.81598	-5.48967	-0.325733	-4.81598	-5.48967	0
-3.82396	-5.48	-0.320089	-3.82396	-5.48	0
-2.78753	-5.47518	-0.32886	-2.78753	-5.47518	0
-1.77223	-5.49027	-0.332121	-1.77223	-5.49027	0
-0.690469	-4.45697	-0.312449	-0.690469	-4.45697	0
0.369478	-4.39636	-0.3178	0.369478	-4.39636	0
1.35275	-4.39491	-0.330065	1.35275	-4.39491	0
2.38637	-4.44825	-0.332508	2.38637	-4.44825	0
3.44655	-4.47153	-0.305312	3.44655	-4.47153	0
4.4693	-4.44837	-0.314942	4.4693	-4.44837	0
5.48719	-4.42342	-0.318637	5.48719	-4.42342	0
6.50251	-4.48133	-0.312002	6.50251	-4.48133	0
7.57349	-4.54051	-0.319529	7.57349	-4.54051	0
8.60823	-4.5126	-0.305001	8.60823	-4.5126	0
9.67719	-4.46558	-0.313175	9.67719	-4.46558	0
10.6594	-4.47917	-0.301657	10.6594	-4.47917	0
11.6867	-4.45821	-0.284362	11.6867	-4.45821	0
-11.0441	-4.46749	-0.321068	-11.0441	-4.46749	0
-9.93785	-4.40911	-0.323438	-9.93785	-4.40911	0
-8.89114	-4.44234	-0.331871	-8.89114	-4.44234	0
-7.8629	-4.43272	-0.32066	-7.8629	-4.43272	0
-6.85683	-4.41379	-0.331839	-6.85683	-4.41379	0
-5.81914	-4.43521	-0.314397	-5.81914	-4.43521	0
-4.80921	-4.41266	-0.336471	-4.80921	-4.41266	0
-3.76525	-4.46238	-0.307544	-3.76525	-4.46238	0
-2.75796	-4.45186	-0.32563	-2.75796	-4.45186	0
-1.73059	-4.42186	-0.342955	-1.73059	-4.42186	0
-0.671908	-3.44022	-0.298772	-0.671908	-3.44022	0
0.363522	-3.38941	-0.291229	0.363522	-3.38941	0
1.37231	-3.34971	-0.332244	1.37231	-3.34971	0
2.42804	-3.42559	-0.320741	2.42804	-3.42559	0
3.45978	-3.42022	-0.32094	3.45978	-3.42022	0
4.47917	-3.36393	-0.322421	4.47917	-3.36393	0
5.52402	-3.39844	-0.300588	5.52402	-3.39844	0
6.55246	-3.46022	-0.316013	6.55246	-3.46022	0
7.55145	-3.47861	-0.318675	7.55145	-3.47861	0
8.63032	-3.50994	-0.316749	8.63032	-3.50994	0
9.65295	-3.39048	-0.3219	9.65295	-3.39048	0
10.6428	-3.44469	-0.305617	10.6428	-3.44469	0
11.7094	-3.49003	-0.329866	11.7094	-3.49003	0
-11.0269	-3.43168	-0.321773	-11.0269	-3.43168	0
-9.92933	-3.39818	-0.308146	-9.92933	-3.39818	0
-8.90163	-3.43845	-0.3016	-8.90163	-3.43845	0
-7.89848	-3.42889	-0.307253	-7.89848	-3.42889	0
-6.86801	-3.29967	-0.315643	-6.86801	-3.29967	0
-5.85062	-3.40364	-0.312971	-5.85062	-3.40364	0
-4.74389	-3.41247	-0.326925	-4.74389	-3.41247	0
-3.7002	-3.40494	-0.322007	-3.7002	-3.40494	0
-2.73594	-3.40126	-0.290368	-2.73594	-3.40126	0
-1.67194	-3.3999	-0.311867	-1.67194	-3.3999	0
-0.712074	-2.35902	-0.318858	-0.712074	-2.35902	0
0.374113	-2.37533	-0.32602	0.374113	-2.37533	0
1.37168	-2.34272	-0.3353	1.37168	-2.34272	0
2.41721	-2.35671	-0.31992	2.41721	-2.35671	0
3.49025	-2.4215	-0.325761	3.49025	-2.4215	0
4.48887	-2.3216	-0.317653	4.48887	-2.3216	0
5.5594	-2.40004	-0.340245	5.5594	-2.40004	0
6.54581	-2.4041	-0.30503	6.54581	-2.4041	0
7.68044	-2.42908	-0.31443	7.68044	-2.42908	0
8.64434	-2.4239	-0.304027	8.64434	-2.4239	0
9.68557	-2.44487	-0.301922	9.68557	-2.44487	0
10.7309	-2.46374	-0.317371	10.7309	-2.46374	0
11.7422	-2.42621	-0.349707	11.7422	-2.42621	0
-11.0303	-2.41558	-0.318287	-11.0303	-2.41558	0
-10.0052	-2.42597	-0.315512	-10.0052	-2.42597	0
-8.95329	-2.36815	-0.309795	-8.95329	-2.36815	0
-7.90848	-2.33595	-0.341823	-7.90848	-2.33595	0
-6.89319	-2.28362	-0.267421	-6.89319	-2.28362	0
-5.79796	-2.36731	-0.318657	-5.79796	-2.36731	0
-4.73833	-2.39532	-0.335956	-4.73833	-2.39532	0
-3.73712	-2.37918	-0.292768	-3.73712	-2.37918	0
-2.71085	-2.30967	-0.30759	-2.71085	-2.30967	0
-1.7093	-2.3743	-0.315298	-1.7093	-2.3743	0
-0.66533	-1.35839	-0.30297	-0.66533	-1.35839	0
0.341422	-1.3679	-0.313186	0.341422	-1.3679	0
1.3792	-1.3635	-0.309973	1.3792	-1.3635	0
2.39233	-1.33943	-0.342668	2.39233	-1.33943	0
3.42796	-1.32672	-0.293991	3.42796	-1.32672	0
4.49962	-1.34264	-0.293166	4.49962	-1.34264	0
5.51974	-1.34176	-0.330588	5.51974	-1.34176	0
6.59189	-1.44183	-0.321075	6.59189	-1.44183	0
7.62028	-1.3687	-0.308772	7.62028	-1.3687	0
8.67011	-1.45553	-0.336435	8.67011	-1.45553	0
9.67605	-1.37321	-0.307121	9.67605	-1.37321	0
10.7356	-1.39062	-0.303786	10.7356	-1.39062	0
11.7909	-1.37645	-0.309332	11.7909	-1.37645	0
-10.9731	-1.35141	-0.324839	-10.9731	-1.35141	0
-9.93697	-1.34383	-0.313754	-9.93697	-1.34383	0
-8.94143	-1.33229	-0.317536	-8.94143	-1.33229	0
-7.88489	-1.28712	-0.335359	-7.88489	-1.28712	0
-6.87209	-1.26019	-0.297059	-6.87209	-1.26019	0
-5.79663	-1.3303	-0.315848	-5.79663	-1.3303	0
-4.81645	-1.31695	-0.300685	-4.81645	-1.31695	0
-3.7822	-1.28852	-0.317934	-3.7822	-1.28852	0
-2.77581	-1.30117	-0.295726	-2.77581	-1.30117	0
-1.71356	-1.34068	-0.309442	-1.71356	-1.34068	0
-0.218268	0.243916	0.290987	-0.218268	0.243916	0
0.879386	0.198007	0.29342	0.879386	0.198007	0
1.87467	0.190003	0.322642	1.87467	0.190003	0
2.94485	0.145211	0.301567	2.94485	0.145211	0
3.99228	0.226321	0.309678	3.99228	0.226321	0
5.03317	0.188614	0.317535	5.03317	0.188614	0
6.05976	0.160412	0.295544	6.05976	0.160412	0
7.08402	0.133385	0.322086	7.08402	0.133385	0
8.20694	0.214591	0.309046	8.20694	0.214591	0
9.22151	0.19914	0.327499	9.22151	0.19914	0
10.2629	0.170889	0.334873	10.2629	0.170889	0
11.3473	0.137455	0.330205	11.3473	0.137455	0
-11.4375	0.213543	0.275041	-11.4375	0.213543	0
-10.4089	0.209044	0.350103	-10.4089	0.209044	0
-9.38116	0.232585	0.32017	-9.38116	0.232585	0
-8.3672	0.192778	0.294541	-8.3672	0.192778	0
-7.39643	0.246864	0.295206	-7.39643	0.246864	0
-6.34325	0.270849	0.338052	-6.34325	0.270849	0
-5.31939	0.255012	0.333468	-5.31939	0.255012	0
-4.31277	0.200392	0.339117	-4.31277	0.200392	0
-3.23815	0.22723	0.310438	-3.23815	0.22723	0
-2.21694	0.229597	0.319565	-2.21694	0.229597	0
-1.23717	0.239473	0.31752	-1.23717	0.239473	0
-0.182595	1.32892	0.313095	-0.182595	1.32892	0
0.845623	1.2845	0.322679	0.845623	1.2845	0
1.89514	1.19772	0.313871	1.89514	1.19772	0
2.93307	1.25488	0.295136	2.93307	1.25488	0
3.91958	1.2694	0.291449	3.91958	1.2694	0
4.98709	1.19286	0.306867	4.98709	1.19286	0
6.07065	1.22528	0.303338	6.07065	1.22528	0
7.09958	1.22214	0.311348	7.09958	1.22214	0
8.10687	1.20418	0.302628	8.10687	1.20418	0
9.13709	1.17262	0.319982	9.13709	1.17262	0
10.2067	1.19549	0.320749	10.2067	1.19549	0
11.2459	1.14952	0.334985	11.2459	1.14952	0
-11.4626	1.20818	0.325473	-11.4626	1.20818	0
-10.458	1.20327	0.306201	-10.458	1.20327	0
-9.42282	1.2378	0.322947	-9.42282	1.2378	0
-8.41199	1.28512	0.326537	-8.41199	1.28512	0
-7.34123	1.23137	0.325993	-7.34123	1.23137	0
-6.36646	1.34921	0.306419	-6.36646	1.34921	0
-5.33653	1.28055	0.315638	-5.33653	1.28055	0
-4.25727	1.22905	0.330699	-4.25727	1.22905	0
-3.28843	1.23992	0.330505	-3.28843	1.23992	0
-2.27459	1.30743	0.314064	-2.27459	1.30743	0
-1.25973	1.28971	0.326223	-1.25973	1.28971	0
-0.211395	2.34932	0.290169	-0.211395	2.34932	0
0.821211	2.35366	0.304873	0.821211	2.35366	0
1.85831	2.26698	0.322467	1.85831	2.26698	0
2.8475	2.29138	0.300161	2.8475	2.29138	0
3.91611	2.28443	0.298294	3.91611	2.28443	0
5.00634	2.23828	0.305681	5.00634	2.23828	0
6.12451	2.21764	0.310431	6.12451	2.21764	0
7.11027	2.2413	0.31346	7.11027	2.2413	0
8.1002	2.28986	0.323112	8.1002	2.28986	0
9.18609	2.2504	0.3434	9.18609	2.2504	0
10.2637	2.26984	0.30551	10.2637	2.26984	0
11.2817	2.21014	0.317919	11.2817	2.21014	0
-11.4605	2.20761	0.299279	-11.4605	2.20761	0
-10.4538	2.23149	0.330169	-10.4538	2.23149	0
-9.47459	2.29068	0.314926	-9.47459	2.29068	0
-8.40098	2.25739	0.335959	-8.40098	2.25739	0
-7.36867	2.25737	0.319227	-7.36867	2.25737	0
-6.31946	2.30943	0.311405	-6.31946	2.30943	0
-5.28124	2.30223	0.312003	-5.28124	2.30223	0
-4.26122	2.27396	0.336751	-4.26122	2.27396	0
-3.27508	2.31881	0.317985	-3.27508	2.31881	0
-2.25843	2.35583	0.298254	-2.25843	2.35583	0
-1.24691	2.30692	0.309568	-1.24691	2.30692	0
-0.151774	3.35334	0.340737	-0.151774	3.35334	0
0.846079	3.38195	0.31447	0.846079	3.38195	0
1.85101	3.30912	0.331412	1.85101	3.30912	0
2.9381	3.3459	0.321115	2.9381	3.3459	0
4.00897	3.29946	0.318599	4.00897	3.29946	0
5.03539	3.26804	0.297563	5.03539	3.26804	0
6.09656	3.29811	0.313589	6.09656	3.29811	0
7.16623	3.31932	0.325684	7.16623	3.31932	0
8.18259	3.26906	0.301253	8.18259	3.26906	0
9.19006	3.28289	0.325037	9.19006	3.28289	0
10.1963	3.30411	0.327901	10.1963	3.30411	0
11.241	3.29342	0.316412	11.241	3.29342	0
-11.5388	3.32494	0.323232	-11.5388	3.32494	0
-10.5207	3.29891	0.283101	-10.5207	3.29891	0
-9.54963	3.26829	0.311035	-9.54963	3.26829	0
-8.49103	3.27421	0.310331	-8.49103	3.27421	0
-7.40837	3.32775	0.298796	-7.40837	3.32775	0
-6.34687	3.2686	0.320424	-6.34687	3.2686	0
-5.31924	3.29979	0.324656	-5.31924	3.29979	0
-4.28568	3.2926	0.290423	-4.28568	3.2926	0
-3.27086	3.30793	0.323991	-3.27086	3.30793	0
-2.19497	3.37736	0.28113	-2.19497	3.37736	0
-1.20113	3.32383	0.340786	-1.20113	3.32383	0
-0.179418	4.38127	0.338126	-0.179418	4.38127	0
0.844401	4.39019	0.317565	0.844401	4.39019	0
1.91617	4.37633	0.290652	1.91617	4.37633	0
2.94312	4.37429	0.304745	2.94312	4.37429	0
4.032	4.37659	0.328526	4.032	4.37659	0
5.01865	4.31619	0.323333	5.01865	4.31619	0
6.12059	4.28428	0.27175	6.12059	4.28428	0
7.07267	4.36391	0.30165	7.07267	4.36391	0
8.11183	4.35314	0.32462	8.11183	4.35314	0
9.24018	4.3322	0.319531	9.24018	4.3322	0
10.2106	4.3126	0.317722	10.2106	4.3126	0
11.2546	4.33407	0.328076	11.2546	4.33407	0
-11.5713	4.34611	0.309674	-11.5713	4.34611	0
-10.5084	4.3323	0.310512	-10.5084	4.3323	0
-9.43892	4.32122	0.307074	-9.43892	4.32122	0
-8.46715	4.32807	0.330111	-8.46715	4.32807	0
-7.41443	4.32194	0.299706	-7.41443	4.32194	0
-6.39671	4.35369	0.348776	-6.39671	4.35369	0
-5.38046	4.31407	0.323368	-5.38046	4.31407	0
-4.31594	4.28953	0.326853	-4.31594	4.28953	0
-3.26071	4.41111	0.311699	-3.26071	4.41111	0
-2.22123	4.36812	0.30932	-2.22123	4.36812	0
-1.20753	4.36915	0.322608	-1.20753	4.36915	0
-0.185986	5.45116	0.310653	-0.185986	5.45116	0
0.802175	5.41006	0.307489	0.802175	5.41006	0
1.87847	5.39705	0.323355	1.87847	5.39705	0
2.93349	5.35108	0.337768	2.93349	5.35108	0
3.97621	5.33133	0.300299	3.97621	5.33133	0
4.98094	5.30824	0.313041	4.98094	5.30824	0
6.05972	5.34177	0.320677	6.05972	5.34177	0
7.09962	5.36842	0.323846	7.09962	5.36842	0
8.22028	5.38678	0.332984	8.22028	5.38678	0
9.17362	5.40129	0.330226	9.17362	5.40129	0
10.215	5.39156	0.344902	10.215	5.39156	0
11.2638	5.3313	0.300272	11.2638	5.3313	0
-11.5299	5.37392	0.312728	-11.5299	5.37392	0
-10.5278	5.38111	0.334458	-10.5278	5.38111	0
-9.45531	5.39883	0.326722	-9.45531	5.39883	0
-8.35515	5.42035	0.306556	-8.35515	5.42035	0
-7.32733	5.36462	0.300726	-7.32733	5.36462	0
-6.37856	5.36683	0.3264	-6.37856	5.36683	0
-5.2985	5.34697	0.312624	-5.2985	5.34697	0
-4.29619	5.35619	0.338215	-4.29619	5.35619	0
-3.28561	5.38964	0.309783	-3.28561	5.38964	0
-2.2281	5.37482	0.35695	-2.2281	5.37482	0
-1.17832	5.43263	0.335389	-1.17832	5.43263	0
-0.101094	6.44219	0.320332	-0.101094	6.44219	0
0.88665	6.42031	0.321839	0.88665	6.42031	0
1.92507	6.42646	0.323389	1.92507	6.42646	0
2.98794	6.3784	0.321953	2.98794	6.3784	0
4.06229	6.35085	0.331961	4.06229	6.35085	0
5.09777	6.40253	0.338793	5.09777	6.40253	0
6.02705	6.39242	0.319763	6.02705	6.39242	0
7.12625	6.39207	0.320829	7.12625	6.39207	0
8.11993	6.40569	0.29237	8.11993	6.40569	0
9.08182	6.41195	0.317457	9.08182	6.41195	0
10.141	6.39528	0.298566	10.141	6.39528	0
11.1638	6.3588	0.309015	11.1638	6.3588	0
-11.5698	6.38002	0.307018	-11.5698	6.38002	0
-10.5469	6.41138	0.320172	-10.5469	6.41138	0
-9.50173	6.3793	0.3092	-9.50173	6.3793	0
-8.49728	6.39137	0.320019	-8.49728	6.39137	0
-7.33883	6.39318	0.310661	-7.33883	6.39318	0
-6.27854	6.35683	0.317184	-6.27854	6.35683	0
-5.27812	6.36786	0.310469	-5.27812	6.36786	0
-4.30178	6.41723	0.339942	-4.30178	6.41723	0
-3.2448	6.39136	0.315211	-3.2448	6.39136	0
-2.23026	6.44918	0.301813	-2.23026	6.44918	0
-1.16472	6.45651	0.319777	-1.16472	6.45651	0
-0.0914044	7.48584	0.337188	-0.0914044	7.48584	0
0.92893	7.43692	0.307139	0.92893	7.43692	0
1.88236	7.49488	0.348862	1.88236	7.49488	0
2.9758	7.40955	0.333849	2.9758	7.40955	0
4.00873	7.4681	0.306071	4.00873	7.4681	0
5.04754	7.41802	0.345117	5.04754	7.41802	0
6.02068	7.44907	0.300717	6.02068	7.44907	0
7.08934	7.44466	0.320811	7.08934	7.44466	0
8.09441	7.3827	0.332621	8.09441	7.3827	0
9.10768	7.42747	0.334396	9.10768	7.42747	0
10.2124	7.46571	0.301522	10.2124	7.46571	0
11.2353	7.45841	0.329744	11.2353	7.45841	0
-11.5254	7.41852	0.307699	-11.5254	7.41852	0
-10.4743	7.39198	0.339372	-10.4743	7.39198	0
-9.46807	7.3945	0.308227	-9.46807	7.3945	0
-8.44712	7.41436	0.319012	-8.44712	7.41436	0
-7.42038	7.41651	0.294254	-7.42038	7.41651	0
-6.36128	7.41943	0.317154	-6.36128	7.41943	0
-5.33761	7.4747	0.301562	-5.33761	7.4747	0
-4.29079	7.46224	0.305304	-4.29079	7.46224	0
-3.22601	7.44113	0.297493	-3.22601	7.44113	0
-2.21989	7.45146	0.303862	-2.21989	7.45146	0
-1.12288	7.48723	0.312112	-1.12288	7.48723	0
-0.154381	8.53227	0.34359	-0.154381	8.53227	0
0.915066	8.51596	0.297205	0.915066	8.51596	0
1.95969	8.52202	0.364003	1.95969	8.52202	0
2.96797	8.45037	0.319006	2.96797	8.45037	0
3.92799	8.46568	0.314946	3.92799	8.46568	0
4.97895	8.51183	0.333814	4.97895	8.51183	0
6.00663	8.46955	0.313818	6.00663	8.46955	0
7.04439	8.51709	0.320252	7.04439	8.51709	0
8.08144	8.53141	0.329188	8.08144	8.53141	0
9.07067	8.45487	0.309294	9.07067	8.45487	0
10.1075	8.49808	0.321705	10.1075	8.49808	0
11.2265	8.44727	0.289397	11.2265	8.44727	0
-11.5259	8.52773	0.331435	-11.5259	8.52773	0
-10.4973	8.45545	0.313549	-10.4973	8.45545	0
-9.45422	8.44446	0.326725	-9.45422	8.44446	0
-8.42245	8.50724	0.299379	-8.42245	8.50724	0
-7.40979	8.40559	0.328224	-7.40979	8.40559	0
-6.38469	8.45468	0.319745	-6.38469	8.45468	0
-5.32767	8.46331	0.330622	-5.32767	8.46331	0
-4.29813	8.4697	0.328973	-4.29813	8.4697	0
-3.28337	8.5219	0.305248	-3.28337	8.5219	0
-2.23392	8.49105	0.343277	-2.23392	8.49105	0
-1.21402	8.47498	0.321998	-1.21402	8.47498	0
-0.159375	9.53491	0.319372	-0.159375	9.53491	0
0.822937	9.52407	0.324925	0.822937	9.52407	0
1.92503	9.5777	0.3077	1.92503	9.5777	0
2.91379	9.51482	0.347274	2.91379	9.51482	0
3.93009	9.53241	0.322654	3.93009	9.53241	0
4.93137	9.52648	0.324328	4.93137	9.52648	0
5.99105	9.48963	0.320098	5.99105	9.48963	0
6.99838	9.59064	0.314661	6.99838	9.59064	0
8.06527	9.52908	0.327717	8.06527	9.52908	0
9.15254	9.55079	0.297305	9.15254	9.55079	0
10.1667	9.49717	0.337212	10.1667	9.49717	0
11.2101	9.52569	0.320328	11.2101	9.52569	0
-11.5666	9.56625	0.338041	-11.5666	9.56625	0
-10.5794	9.50583	0.31987	-10.5794	9.50583	0
-9.54605	9.5296	0.328974	-9.54605	9.5296	0
-8.53109	9.47483	0.315171	-8.53109	9.47483	0
-7.4464	9.49072	0.316447	-7.4464	9.49072	0
-6.43569	9.50233	0.296365	-6.43569	9.50233	0
-5.38692	9.45512	0.324715	-5.38692	9.45512	0
-4.33629	9.44549	0.316629	-4.33629	9.44549	0
-3.31651	9.50429	0.326959	-3.31651	9.50429	0
-2.25281	9.51608	0.326963	-2.25281	9.51608	0
-1.20686	9.56769	0.308297	-1.20686	9.56769	0
-0.181144	10.6019	0.324776	-0.181144	10.6019	0
0.852018	10.5746	0.315738	0.852018	10.5746	0
1.90116	10.6193	0.276088	1.90116	10.6193	0
2.95993	10.5688	0.33825	2.95993	10.5688	0
3.94537	10.5719	0.303218	3.94537	10.5719	0
4.97471	10.5795	0.32576	4.97471	10.5795	0
6.00793	10.4911	0.31398	6.00793	10.4911	0
7.04327	10.5642	0.315748	7.04327	10.5642	0
8.09335	10.5486	0.311272	8.09335	10.5486	0
9.17162	10.5291	0.29869	9.17162	10.5291	0
10.1709	10.5646	0.29808	10.1709	10.5646	0
11.2091	10.5681	0.31232	11.2091	10.5681	0
-11.5239	10.5623	0.332335	-11.5239	10.5623	0
-10.55	10.5719	0.335537	-10.55	10.5719	0
-9.43991	10.5564	0.32163	-9.43991	10.5564	0
-8.42241	10.523	0.308386	-8.42241	10.523	0
-7.44166	10.4942	0.301333	-7.44166	10.4942	0
-6.40389	10.4906	0.305944	-6.40389	10.4906	0
-5.40032	10.483	0.319859	-5.40032	10.483	0
-4.3262	10.5263	0.325344	-4.3262	10.5263	0
-3.28061	10.5387	0.303983	-3.28061	10.5387	0
-2.30131	10.547	0.314596	-2.30131	10.547	0
-1.23401	10.5673	0.32056	-1.23401	10.5673	0
-0.258819	11.6325	0.321276	-0.258819	11.6325	0
0.788281	11.6233	0.342864	0.788281	11.6233	0
1.88548	11.6034	0.317535	1.88548	11.6034	0
2.94434	11.6998	0.301105	2.94434	11.6998	0
3.92591	11.581	0.290632	3.92591	11.581	0
5.0055	11.5585	0.351971	5.0055	11.5585	0
6.00727	11.5591	0.320591	6.00727	11.5591	0
7.09014	11.5609	0.31465	7.09014	11.5609	0
8.13884	11.595	0.3025	8.13884	11.595	0
9.17805	11.5288	0.304266	9.17805	11.5288	0
10.1821	11.5329	0.320459	10.1821	11.5329	0
11.2322	11.5909	0.315699	11.2322	11.5909	0
-11.5807	11.5933	0.332917	-11.5807	11.5933	0
-10.5052	11.6186	0.344945	-10.5052	11.6186	0
-9.47927	11.6622	0.345129	-9.47927	11.6622	0
-8.48561	11.6099	0.311448	-8.48561	11.6099	0
-7.44418	11.6447	0.334071	-7.44418	11.6447	0
-6.42132	11.5723	0.3219	-6.42132	11.5723	0
-5.38273	11.5701	0.305988	-5.38273	11.5701	0
-4.33804	11.6016	0.350606	-4.33804	11.6016	0
-3.31571	11.6856	0.317898	-3.31571	11.6856	0
-2.31187	11.5758	0.310619	-2.31187	11.5758	0
-1.27386	11.6351	0.305453	-1.27386	11.6351	0
-0.246383	-11.1751	0.329326	-0.246383	-11.1751	0
0.803714	-11.1548	0.332221	0.803714	-11.1548	0
1.81517	-11.1894	0.315485	1.81517	-11.1894	0
2.9091	-11.0909	0.34103	2.9091	-11.0909	0
3.99569	-11.2128	0.305604	3.99569	-11.2128	0
5.02529	-11.1928	0.306596	5.02529	-11.1928	0
6.01963	-11.165	0.298396	6.01963	-11.165	0
7.11517	-11.2227	0.294	7.11517	-11.2227	0
8.13157	-11.2065	0.330861	8.13157	-11.2065	0
9.20752	-11.198	0.326793	9.20752	-11.198	0
10.27	-11.1962	0.314426	10.27	-11.1962	0
11.2624	-11.1722	0.306428	11.2624	-11.1722	0
-11.493	-11.1602	0.340032	-11.493	-11.1602	0
-10.4463	-11.191	0.313752	-10.4463	-11.191	0
-9.46296	-11.113	0.317779	-9.46296	-11.113	0
-8.39457	-11.1432	0.352798	-8.39457	-11.1432	0
-7.3936	-11.1415	0.267991	-7.3936	-11.1415	0
-6.39018	-11.1731	0.319902	-6.39018	-11.1731	0
-5.38823	-11.1419	0.347028	-5.38823	-11.1419	0
-4.32941	-11.1068	0.34661	-4.32941	-11.1068	0
-3.34397	-11.1178	0.329827	-3.34397	-11.1178	0
-2.30835	-11.1398	0.319162	-2.30835	-11.1398	0
-1.30378	-11.1653	0.320276	-1.30378	-11.1653	0
-0.172792	-10.0988	0.306866	-0.172792	-10.0988	0
0.876775	-10.1287	0.29506	0.876775	-10.1287	0
1.914	-10.1867	0.311516	1.914	-10.1867	0
2.98755	-10.1108	0.328592	2.98755	-10.1108	0
4.04052	-10.1872	0.336485	4.04052	-10.1872	0
5.07732	-10.1392	0.305761	5.07732	-10.1392	0
6.07707	-10.2081	0.305001	6.07707	-10.2081	0
7.14656	-10.2299	0.323095	7.14656	-10.2299	0
8.16348	-10.1659	0.310844	8.16348	-10.1659	0
9.21312	-10.1848	0.30852	9.21312	-10.1848	0
10.186	-10.1711	0.333226	10.186	-10.1711	0
11.2539	-10.1662	0.333188	11.2539	-10.1662	0
-11.52	-10.1329	0.336126	-11.52	-10.1329	0
-10.5625	-10.1223	0.343039	-10.5625	-10.1223	0
-9.47216	-10.1373	0.327366	-9.47216	-10.1373	0
-8.42609	-10.1299	0.336741	-8.42609	-10.1299	0
-7.37126	-10.1141	0.331398	-7.37126	-10.1141	0
-6.37544	-10.1595	0.312001	-6.37544	-10.1595	0
-5.34596	-10.1532	0.288625	-5.34596	-10.1532	0
-4.33143	-10.1036	0.318885	-4.33143	-10.1036	0
-3.32344	-10.102	0.303639	-3.32344	-10.102	0
-2.24422	-10.1329	0.322376	-2.24422	-10.1329	0
-1.22234	-10.0604	0.328499	-1.22234	-10.0604	0
-0.18862	-9.09847	0.316811	-0.18862	-9.09847	0
0.895234	-9.02925	0.319283	0.895234	-9.02925	0
1.87364	-9.13439	0.31224	1.87364	-9.13439	0
2.93028	-9.1006	0.33765	2.93028	-9.1006	0
4.02673	-9.11398	0.315532	4.02673	-9.11398	0
5.06665	-9.13745	0.323832	5.06665	-9.13745	0
6.08018	-9.17388	0.319529	6.08018	-9.17388	0
7.09789	-9.14384	0.345317	7.09789	-9.14384	0
8.14071	-9.15846	0.322209	8.14071	-9.15846	0
9.11168	-9.15126	0.321012	9.11168	-9.15126	0
10.1353	-9.10246	0.325993	10.1353	-9.10246	0
11.1783	-9.11611	0.294511	11.1783	-9.11611	0
-11.568	-9.06151	0.320214	-11.568	-9.06151	0
-10.4519	-9.08806	0.315166	-10.4519	-9.08806	0
-9.46479	-9.16184	0.294357	-9.46479	-9.16184	0
-8.45557	-9.07314	0.329249	-8.45557	-9.07314	0
-7.37421	-9.06451	0.344246	-7.37421	-9.06451	0
-6.40917	-9.11144	0.314023	-6.40917	-9.11144	0
-5.33764	-9.1281	0.334906	-5.33764	-9.1281	0
-4.3366	-9.12465	0.316451	-4.3366	-9.12465	0
-3.26837	-9.10704	0.330676	-3.26837	-9.10704	0
-2.24596	-9.08734	0.296703	-2.24596	-9.08734	0
-1.23578	-9.08559	0.332088	-1.23578	-9.08559	0
-0.151862	-8.01197	0.339297	-0.151862	-8.01197	0
0.915225	-7.95746	0.296248	0.915225	-7.95746	0
1.89011	-8.07213	0.294624	1.89011	-8.07213	0
2.92884	-8.07546	0.318405	2.92884	-8.07546	0
3.9596	-8.07112	0.307447	3.9596	-8.07112	0
5.0322	-8.10983	0.320009	5.0322	-8.10983	0
6.07462	-8.09689	0.309315	6.07462	-8.09689	0
7.09747	-8.11074	0.328818	7.09747	-8.11074	0
8.06182	-8.13406	0.301564	8.06182	-8.13406	0
9.10401	-8.11637	0.343006	9.10401	-8.11637	0
10.175	-8.09424	0.325121	10.175	-8.09424	0
11.1963	-8.11529	0.312769	11.1963	-8.11529	0
-11.5488	-8.02597	0.324842	-11.5488	-8.02597	0
-10.4981	-8.10585	0.323505	-10.4981	-8.10585	0
-9.41232	-8.14156	0.328654	-9.41232	-8.14156	0
-8.42305	-8.07829	0.273701	-8.42305	-8.07829	0
-7.36729	-8.05378	0.322822	-7.36729	-8.05378	0
-6.38128	-8.06824	0.318301	-6.38128	-8.06824	0
-5.30621	-8.06511	0.316616	-5.30621	-8.06511	0
-4.3387	-8.08703	0.336168	-4.3387	-8.08703	0
-3.27341	-8.04894	0.337195	-3.27341	-8.04894	0
-2.23571	-8.05612	0.302273	-2.23571	-8.05612	0
-1.1968	-8.11816	0.340282	-1.1968	-8.11816	0
-0.230871	-6.98225	0.317926	-0.230871	-6.98225	0
0.799404	-6.91149	0.309072	0.799404	-6.91149	0
1.90902	-6.99562	0.328112	1.90902	-6.99562	0
2.93669	-7.05427	0.304244	2.93669	-7.05427	0
3.93654	-7.06188	0.321376	3.93654	-7.06188	0
5.04994	-7.09689	0.301024	5.04994	-7.09689	0
6.05067	-7.02628	0.325727	6.05067	-7.02628	0
7.0828	-7.0773	0.3041	7.0828	-7.0773	0
8.15065	-7.07582	0.315613	8.15065	-7.07582	0
9.13782	-7.07234	0.301883	9.13782	-7.07234	0
10.2051	-7.0613	0.285255	10.2051	-7.0613	0
11.222	-7.12984	0.333401	11.222	-7.12984	0
-11.5149	-6.97496	0.323283	-11.5149	-6.97496	0
-10.4498	-7.04787	0.281522	-10.4498	-7.04787	0
-9.47242	-7.05723	0.334392	-9.47242	-7.05723	0
-8.45772	-6.98794	0.307775	-8.45772	-6.98794	0
-7.41968	-7.07913	0.334508	-7.41968	-7.07913	0
-6.31753	-7.0176	0.339612	-6.31753	-7.0176	0
-5.29175	-7.05169	0.304621	-5.29175	-7.05169	0
-4.29081	-7.04878	0.339965	-4.29081	-7.04878	0
-3.28043	-7.02328	0.352025	-3.28043	-7.02328	0
-2.247	-7.04369	0.312975	-2.247	-7.04369	0
-1.24252	-7.03011	0.30755	-1.24252	-7.03011	0
-0.188135	-5.98473	0.329353	-0.188135	-5.98473	0
0.821887	-5.96114	0.309897	0.821887	-5.96114	0
1.88456	-6.00544	0.317166	1.88456	-6.00544	0
2.92001	-6.03481	0.322847	2.92001	-6.03481	0
3.95161	-5.98917	0.326345	3.95161	-5.98917	0
4.95452	-5.96198	0.332918	4.95452	-5.96198	0
6.01012	-5.98274	0.315084	6.01012	-5.98274	0
7.01249	-6.01526	0.315893	7.01249	-6.01526	0
8.05346	-6.06295	0.345501	8.05346	-6.06295	0
9.13156	-6.02584	0.323974	9.13156	-6.02584	0
10.1552	-6.02576	0.316811	10.1552	-6.02576	0
11.1667	-6.07413	0.320105	11.1667	-6.07413	0
-11.5754	-6.02449	0.328995	-11.5754	-6.02449	0
-10.4645	-5.95015	0.340741	-10.4645	-5.95015	0
-9.44159	-5.9444	0.294738	-9.44159	-5.9444	0
-8.37701	-5.9982	0.315278	-8.37701	-5.9982	0
-7.37681	-6.07341	0.298906	-7.37681	-6.07341	0
-6.33098	-5.95914	0.285788	-6.33098	-5.95914	0
-5.30974	-6.0337	0.322681	-5.30974	-6.0337	0
-4.29594	-6.02046	0.311138	-4.29594	-6.02046	0
-3.30446	-5.99762	0.303095	-3.30446	-5.99762	0
-2.2857	-6.02685	0.314217	-2.2857	-6.02685	0
-1.21742	-5.99804	0.335658	-1.21742	-5.99804	0
-0.21001	-4.98804	0.322202	-0.21001	-4.98804	0
0.83343	-4.97382	0.315497	0.83343	-4.97382	0
1.8188	-4.95666	0.32032	1.8188	-4.95666	0
2.95158	-4.96388	0.335869	2.95158	-4.96388	0
4.01371	-4.96685	0.312893	4.01371	-4.96685	0
4.96574	-4.97662	0.327094	4.96574	-4.97662	0
5.97524	-4.95442	0.342748	5.97524	-4.95442	0
7.08398	-5.03385	0.33268	7.08398	-5.03385	0
8.09384	-5.02795	0.320128	8.09384	-5.02795	0
9.13206	-4.97381	0.311324	9.13206	-4.97381	0
10.146	-4.97622	0.329718	10.146	-4.97622	0
11.1358	-4.99047	0.323543	11.1358	-4.99047	0
-11.562	-4.97345	0.32261	-11.562	-4.97345	0
-10.4785	-4.976	0.326435	-10.4785	-4.976	0
-9.44316	-4.92494	0.319151	-9.44316	-4.92494	0
-8.38189	-4.96391	0.331616	-8.38189	-4.96391	0
-7.32789	-4.9559	0.302449	-7.32789	-4.9559	0
-6.35997	-4.92074	0.327821	-6.35997	-4.92074	0
-5.35002	-4.92843	0.329492	-5.35002	-4.92843	0
-4.3761	-4.96321	0.317815	-4.3761	-4.96321	0
-3.32301	-4.9504	0.315968	-3.32301	-4.9504	0
-2.26785	-4.9752	0.317609	-2.26785	-4.9752	0
-1.24572	-5.0248	0.317312	-1.24572	-5.0248	0
-0.0955202	-3.96248	0.346104	-0.0955202	-3.96248	0
0.907779	-3.91652	0.30776	0.907779	-3.91652	0
1.91032	-3.87153	0.312032	1.91032	-3.87153	0
2.94157	-3.92375	0.301393	2.94157	-3.92375	0
3.94386	-3.9425	0.311932	3.94386	-3.9425	0
4.9809	-3.929	0.305046	4.9809	-3.929	0
6.02769	-3.92571	0.32372	6.02769	-3.92571	0
7.02236	-4.01447	0.277833	7.02236	-4.01447	0
8.02615	-4.00248	0.290525	8.02615	-4.00248	0
9.14357	-3.91711	0.347978	9.14357	-3.91711	0
10.1673	-3.95017	0.327499	10.1673	-3.95017	0
11.1958	-3.9721	0.298887	11.1958	-3.9721	0
-11.5511	-3.92667	0.319096	-11.5511	-3.92667	0
-10.5027	-3.93904	0.301622	-10.5027	-3.93904	0
-9.40727	-3.92772	0.332384	-9.40727	-3.92772	0
-8.38797	-3.94326	0.347393	-8.38797	-3.94326	0
-7.34902	-3.85778	0.329058	-7.34902	-3.85778	0
-6.30346	-3.90443	0.317915	-6.30346	-3.90443	0
-5.23457	-3.86185	0.300001	-5.23457	-3.86185	0
-4.24084	-3.92012	0.303752	-4.24084	-3.92012	0
-3.23031	-3.96033	0.314793	-3.23031	-3.96033	0
-2.20267	-3.91923	0.302225	-2.20267	-3.91923	0
-1.20417	-3.93243	0.303087	-1.20417	-3.93243	0
-0.204049	-2.81239	0.333462	-0.204049	-2.81239	0
0.847378	-2.87655	0.304305	0.847378	-2.87655	0
1.91879	-2.86394	0.287284	1.91879	-2.86394	0
2.92756	-2.8468	0.316181	2.92756	-2.8468	0
4.01767	-2.88376	0.338448	4.01767	-2.88376	0
4.97748	-2.84429	0.308846	4.97748	-2.84429	0
6.08058	-2.91379	0.319055	6.08058	-2.91379	0
7.10091	-2.886	0.320261	7.10091	-2.886	0
8.145	-3.035	0.304065	8.145	-3.035	0
9.16901	-2.93562	0.341206	9.16901	-2.93562	0
10.1925	-2.90781	0.335535	10.1925	-2.90781	0
11.2296	-2.94233	0.317859	11.2296	-2.94233	0
-11.554	-2.96977	0.343464	-11.554	-2.96977	0
-10.4987	-2.9088	0.331865	-10.4987	-2.9088	0
-9.41172	-2.91722	0.253222	-9.41172	-2.91722	0
-8.38012	-2.87959	0.312116	-8.38012	-2.87959	0
-7.40028	-2.83948	0.316379	-7.40028	-2.83948	0
-6.32222	-2.82591	0.310315	-6.32222	-2.82591	0
-5.27705	-2.88022	0.306006	-5.27705	-2.88022	0
-4.24315	-2.94143	0.32198	-4.24315	-2.94143	0
-3.25805	-2.91449	0.321973	-3.25805	-2.91449	0
-2.217	-2.87375	0.323051	-2.217	-2.87375	0
-1.19781	-2.86275	0.328591	-1.19781	-2.86275	0
-0.206087	-1.83227	0.310499	-0.206087	-1.83227	0
0.880068	-1.8926	0.330626	0.880068	-1.8926	0
1.90749	-1.84175	0.358465	1.90749	-1.84175	0
2.90655	-1.84653	0.308057	2.90655	-1.84653	0
3.99564	-1.83334	0.314851	3.99564	-1.83334	0
5.0417	-1.87348	0.323701	5.0417	-1.87348	0
6.0439	-1.90967	0.320141	6.0439	-1.90967	0
7.1269	-1.88556	0.315932	7.1269	-1.88556	0
8.13403	-1.9114	0.32413	8.13403	-1.9114	0
9.14979	-1.87974	0.286489	9.14979	-1.87974	0
10.1987	-1.84943	0.315849	10.1987	-1.84943	0
11.2328	-1.93833	0.31885	11.2328	-1.93833	0
-11.5322	-1.91993	0.30542	-11.5322	-1.91993	0
-10.5057	-1.85786	0.280768	-10.5057	-1.85786	0
-9.45681	-1.88292	0.331027	-9.45681	-1.88292	0
-8.4163	-1.84448	0.307929	-8.4163	-1.84448	0
-7.44461	-1.79057	0.301681	-7.44461	-1.79057	0
-6.33215	-1.81108	0.313779	-6.33215	-1.81108	0
-5.27721	-1.9046	0.308648	-5.27721	-1.9046	0
-4.28711	-1.83461	0.331796	-4.28711	-1.83461	0
-3.24524	-1.82175	0.328984	-3.24524	-1.82175	0
-2.22208	-1.78499	0.309056	-2.22208	-1.78499	0
-1.21516	-1.82616	0.32864	-1.21516	-1.82616	0
-0.191521	-0.77685	0.321189	-0.191521	-0.77685	0
0.876946	-0.818313	0.332096	0.876946	-0.818313	0
1.94768	-0.843323	0.314337	1.94768	-0.843323	0
2.94595	-0.822151	0.332558	2.94595	-0.822151	0
3.96549	-0.80716	0.332278	3.96549	-0.80716	0
5.0015	-0.826844	0.343885	5.0015	-0.826844	0
6.09687	-0.861079	0.267142	6.09687	-0.861079	0
7.07068	-0.857501	0.30285	7.07068	-0.857501	0
8.13142	-0.831524	0.277365	8.13142	-0.831524	0
9.19434	-0.834019	0.310676	9.19434	-0.834019	0
10.2097	-0.858418	0.305766	10.2097	-0.858418	0
11.2593	-0.892479	0.301834	11.2593	-0.892479	0
-11.5216	-0.901559	0.327246	-11.5216	-0.901559	0
-10.4728	-0.831852	0.33262	-10.4728	-0.831852	0
-9.45084	-0.825388	0.301818	-9.45084	-0.825388	0
-8.40106	-0.833956	0.288953	-8.40106	-0.833956	0
-7.37592	-0.753116	0.302109	-7.37592	-0.753116	0
-6.35095	-0.774448	0.319957	-6.35095	-0.774448	0
-5.27296	-0.775202	0.313713	-5.27296	-0.775202	0
-4.26317	-0.811738	0.321399	-4.26317	-0.811738	0
-3.26711	-0.784266	0.303127	-3.26711	-0.784266	0
-2.22101	-0.798648	0.337297	-2.22101	-0.798648	0
-1.20784	-0.789716	0.312029	-1.20784	-0.789716	0
