-0.805235	-0.247018	-0.327699	-0.805235	-0.247018	0
0.262682	-0.218624	-0.343219	0.262682	-0.218624	0
1.27729	-0.298636	-0.33322	1.27729	-0.298636	0
2.31405	-0.300667	-0.314622	2.31405	-0.300667	0
3.30457	-0.282471	-0.333411	3.30457	-0.282471	0
4.32543	-0.245716	-0.296096	4.32543	-0.245716	0
5.40032	-0.216316	-0.319364	5.40032	-0.216316	0
6.39047	-0.220918	-0.325853	6.39047	-0.220918	0
7.43331	-0.260013	-0.292629	7.43331	-0.260013	0
8.50842	-0.194841	-0.330069	8.50842	-0.194841	0
9.53103	-0.272035	-0.321961	9.53103	-0.272035	0
10.4932	-0.28928	-0.309846	10.4932	-0.28928	0
11.5429	-0.301149	-0.318674	11.5429	-0.301149	0
-11.1722	-0.291468	-0.320501	-11.1722	-0.291468	0
-10.1141	-0.239904	-0.324314	-10.1141	-0.239904	0
-9.05846	-0.148458	-0.311467	-9.05846	-0.148458	0
-7.98987	-0.188637	-0.332887	-7.98987	-0.188637	0
-6.90772	-0.259375	-0.308944	-6.90772	-0.259375	0
-5.89841	-0.172688	-0.303015	-5.89841	-0.172688	0
-4.87293	-0.21926	-0.31103	-4.87293	-0.21926	0
-3.86463	-0.233234	-0.290021	-3.86463	-0.233234	0
-2.84738	-0.269777	-0.32498	-2.84738	-0.269777	0
-1.7837	-0.275873	-0.338189	-1.7837	-0.275873	0
-0.698001	0.792797	-0.299646	-0.698001	0.792797	0
0.30156	0.766474	-0.330868	0.30156	0.766474	0
1.31617	0.74392	-0.335948	1.31617	0.74392	0
2.33009	0.723276	-0.345275	2.33009	0.723276	0
3.33239	0.778416	-0.350181	3.33239	0.778416	0
4.33637	0.791866	-0.291512	4.33637	0.791866	0
5.40509	0.791118	-0.330111	5.40509	0.791118	0
6.42852	0.776393	-0.334341	6.42852	0.776393	0
7.48024	0.805712	-0.302494	7.48024	0.805712	0
8.46706	0.821903	-0.302358	8.46706	0.821903	0
9.52503	0.790254	-0.326979	9.52503	0.790254	0
10.5718	0.772974	-0.318114	10.5718	0.772974	0
11.6008	0.783253	-0.308144	11.6008	0.783253	0
-11.1631	0.74687	-0.346801	-11.1631	0.74687	0
-10.1754	0.795165	-0.344734	-10.1754	0.795165	0
-9.06593	0.854789	-0.30066	-9.06593	0.854789	0
-7.99556	0.891553	-0.279353	-7.99556	0.891553	0
-7.03571	0.769473	-0.30397	-7.03571	0.769473	0
-5.90943	0.840105	-0.334514	-5.90943	0.840105	0
-4.84062	0.807877	-0.316344	-4.84062	0.807877	0
-3.8271	0.791175	-0.318127	-3.8271	0.791175	0
-2.82496	0.76666	-0.338584	-2.82496	0.76666	0
-1.79457	0.759271	-0.313963	-1.79457	0.759271	0
-0.748705	1.80105	-0.319362	-0.748705	1.80105	0
0.306594	1.8005	-0.309712	0.306594	1.8005	0
1.30268	1.75987	-0.31999	1.30268	1.75987	0
2.27921	1.7655	-0.312424	2.27921	1.7655	0
3.36027	1.79956	-0.315162	3.36027	1.79956	0
4.36657	1.84067	-0.301394	4.36657	1.84067	0
5.34281	1.85768	-0.306741	5.34281	1.85768	0
6.35654	1.79966	-0.304122	6.35654	1.79966	0
7.4383	1.85824	-0.304767	7.4383	1.85824	0
8.51246	1.83613	-0.341192	8.51246	1.83613	0
9.54654	1.78329	-0.285185	9.54654	1.78329	0
10.567	1.78196	-0.321404	10.567	1.78196	0
11.5958	1.84269	-0.302806	11.5958	1.84269	0
-11.1451	1.81979	-0.298213	-11.1451	1.81979	0
-10.0934	1.82657	-0.345693	-10.0934	1.82657	0
-9.04142	1.89868	-0.30994	-9.04142	1.89868	0
-8.02821	1.85766	-0.316601	-8.02821	1.85766	0
-6.97858	1.85554	-0.340131	-6.97858	1.85554	0
-5.91114	1.87216	-0.321478	-5.91114	1.87216	0
-4.94494	1.86955	-0.296839	-4.94494	1.86955	0
-3.78421	1.78878	-0.340942	-3.78421	1.78878	0
-2.7808	1.83604	-0.338235	-2.7808	1.83604	0
-1.76571	1.81444	-0.334891	-1.76571	1.81444	0
-0.800727	2.8084	-0.305296	-0.800727	2.8084	0
0.191787	2.85759	-0.32784	0.191787	2.85759	0
1.24719	2.7915	-0.301214	1.24719	2.7915	0
2.24625	2.8697	-0.315286	2.24625	2.8697	0
3.30041	2.79555	-0.319027	3.30041	2.79555	0
4.29405	2.83926	-0.333242	4.29405	2.83926	0
5.3715	2.91802	-0.319146	5.3715	2.91802	0
6.36641	2.86192	-0.305491	6.36641	2.86192	0
7.44334	2.8261	-0.304053	7.44334	2.8261	0
8.52944	2.79119	-0.31046	8.52944	2.79119	0
9.53867	2.88773	-0.275894	9.53867	2.88773	0
10.6503	2.82279	-0.331616	10.6503	2.82279	0
11.6546	2.86248	-0.301264	11.6546	2.86248	0
-11.0751	2.84551	-0.291978	-11.0751	2.84551	0
-10.0919	2.82036	-0.32973	-10.0919	2.82036	0
-9.0227	2.88628	-0.29037	-9.0227	2.88628	0
-7.96055	2.90862	-0.311553	-7.96055	2.90862	0
-6.98595	2.93195	-0.322931	-6.98595	2.93195	0
-5.9569	2.89778	-0.325367	-5.9569	2.89778	0
-4.91261	2.87838	-0.34772	-4.91261	2.87838	0
-3.89563	2.82662	-0.305512	-3.89563	2.82662	0
-2.84558	2.86507	-0.303997	-2.84558	2.86507	0
-1.80342	2.84426	-0.294811	-1.80342	2.84426	0
-0.772148	3.85196	-0.313853	-0.772148	3.85196	0
0.251682	3.86635	-0.291839	0.251682	3.86635	0
1.27103	3.92055	-0.309713	1.27103	3.92055	0
2.23739	3.90149	-0.29887	2.23739	3.90149	0
3.26666	3.88194	-0.320001	3.26666	3.88194	0
4.32286	3.83774	-0.321715	4.32286	3.83774	0
5.38943	3.88258	-0.351122	5.38943	3.88258	0
6.4505	3.87532	-0.307286	6.4505	3.87532	0
7.48728	3.9126	-0.343457	7.48728	3.9126	0
8.51128	3.90542	-0.318264	8.51128	3.90542	0
9.56808	3.87359	-0.294127	9.56808	3.87359	0
10.6384	3.88904	-0.301305	10.6384	3.88904	0
11.6604	3.88702	-0.335009	11.6604	3.88702	0
-11.0978	3.89896	-0.32889	-11.0978	3.89896	0
-10.1272	3.85582	-0.324805	-10.1272	3.85582	0
-9.07006	3.95018	-0.318992	-9.07006	3.95018	0
-8.00124	3.94072	-0.328604	-8.00124	3.94072	0
-7.02112	3.90022	-0.324852	-7.02112	3.90022	0
-5.92467	3.94875	-0.31388	-5.92467	3.94875	0
-4.8448	3.94396	-0.319523	-4.8448	3.94396	0
-3.84626	3.84263	-0.306975	-3.84626	3.84263	0
-2.81665	3.85851	-0.311249	-2.81665	3.85851	0
-1.76575	3.91128	-0.323304	-1.76575	3.91128	0
-0.822867	4.91684	-0.313222	-0.822867	4.91684	0
0.247874	4.88371	-0.354705	0.247874	4.88371	0
1.28691	4.92354	-0.321155	1.28691	4.92354	0
2.2956	4.94507	-0.319838	2.2956	4.94507	0
3.33753	4.91774	-0.302748	3.33753	4.91774	0
4.31854	4.90868	-0.3314	4.31854	4.90868	0
5.43545	4.9383	-0.317149	5.43545	4.9383	0
6.48705	4.8647	-0.270251	6.48705	4.8647	0
7.52341	4.91277	-0.33862	7.52341	4.91277	0
8.54127	4.92407	-0.338166	8.54127	4.92407	0
9.56387	4.88676	-0.318977	9.56387	4.88676	0
10.5502	4.87583	-0.307432	10.5502	4.87583	0
11.6237	4.8517	-0.319289	11.6237	4.8517	0
-11.0823	4.9334	-0.321923	-11.0823	4.9334	0
-10.0265	4.93263	-0.317884	-10.0265	4.93263	0
-9.02651	4.94413	-0.305662	-9.02651	4.94413	0
-7.97134	4.96032	-0.291483	-7.97134	4.96032	0
-6.96196	5.03999	-0.317215	-6.96196	5.03999	0
-5.97314	4.93503	-0.311773	-5.97314	4.93503	0
-4.93212	4.89886	-0.319488	-4.93212	4.89886	0
-3.89624	4.94264	-0.327611	-3.89624	4.94264	0
-2.84242	4.91672	-0.295293	-2.84242	4.91672	0
-1.83263	4.9279	-0.305864	-1.83263	4.9279	0
-0.796402	5.93592	-0.327429	-0.796402	5.93592	0
0.18109	5.9201	-0.316308	0.18109	5.9201	0
1.22703	5.95275	-0.285325	1.22703	5.95275	0
2.31559	5.96827	-0.312434	2.31559	5.96827	0
3.32926	5.96143	-0.300979	3.32926	5.96143	0
4.3551	5.95729	-0.344843	4.3551	5.95729	0
5.44378	5.98027	-0.321574	5.44378	5.98027	0
6.45871	5.90133	-0.301794	6.45871	5.90133	0
7.50312	5.96461	-0.299793	7.50312	5.96461	0
8.5341	5.98568	-0.362673	8.5341	5.98568	0
9.52437	5.89593	-0.331736	9.52437	5.89593	0
10.5276	5.94859	-0.339436	10.5276	5.94859	0
11.5658	5.90569	-0.312475	11.5658	5.90569	0
-11.1964	5.89731	-0.312768	-11.1964	5.89731	0
-10.0863	6.00502	-0.287481	-10.0863	6.00502	0
-9.08686	6.00945	-0.310967	-9.08686	6.00945	0
-8.05065	6.03535	-0.335092	-8.05065	6.03535	0
-7.01074	5.98949	-0.309217	-7.01074	5.98949	0
-5.9633	6.01073	-0.292717	-5.9633	6.01073	0
-4.92056	5.94391	-0.291228	-4.92056	5.94391	0
-3.92317	5.99803	-0.328958	-3.92317	5.99803	0
-2.86041	5.96824	-0.323783	-2.86041	5.96824	0
-1.83042	5.9748	-0.296171	-1.83042	5.9748	0
-0.784661	7.00881	-0.319107	-0.784661	7.00881	0
0.245478	6.97924	-0.32825	0.245478	6.97924	0
1.23627	6.9793	-0.313059	1.23627	6.9793	0
2.29619	6.96709	-0.327452	2.29619	6.96709	0
3.3986	6.95511	-0.305519	3.3986	6.95511	0
4.40121	6.96771	-0.317883	4.40121	6.96771	0
5.45488	6.98888	-0.317562	5.45488	6.98888	0
6.48849	6.97519	-0.283237	6.48849	6.97519	0
7.48958	6.9747	-0.304437	7.48958	6.9747	0
8.47491	7.04357	-0.329024	8.47491	7.04357	0
9.50465	6.94367	-0.325013	9.50465	6.94367	0
10.5681	6.98902	-0.308388	10.5681	6.98902	0
11.5913	6.96567	-0.304731	11.5913	6.96567	0
-11.1475	6.93709	-0.322474	-11.1475	6.93709	0
-10.0751	6.9862	-0.291277	-10.0751	6.9862	0
-9.04409	7.06704	-0.337472	-9.04409	7.06704	0
-8.00812	7.07588	-0.309307	-8.00812	7.07588	0
-6.93864	7.03345	-0.334293	-6.93864	7.03345	0
-5.97837	7.06635	-0.329181	-5.97837	7.06635	0
-4.86702	7.03987	-0.320424	-4.86702	7.03987	0
-3.85494	7.03234	-0.327037	-3.85494	7.03234	0
-2.83134	6.99526	-0.31439	-2.83134	6.99526	0
-1.79974	6.99519	-0.318315	-1.79974	6.99519	0
-0.82457	8.0942	-0.287479	-0.82457	8.0942	0
0.238059	7.98748	-0.322404	0.238059	7.98748	0
1.25443	8.01363	-0.304843	1.25443	8.01363	0
2.34018	8.00267	-0.331194	2.34018	8.00267	0
3.36341	8.0102	-0.311362	3.36341	8.0102	0
4.35589	7.98236	-0.302859	4.35589	7.98236	0
5.39872	8.03193	-0.310483	5.39872	8.03193	0
6.42562	8.02824	-0.339267	6.42562	8.02824	0
7.4773	8.07499	-0.329767	7.4773	8.07499	0
8.52167	8.06803	-0.302677	8.52167	8.06803	0
9.53467	8.02323	-0.305248	9.53467	8.02323	0
10.5777	8.03886	-0.322701	10.5777	8.03886	0
11.5858	8.00681	-0.299921	11.5858	8.00681	0
-11.2061	8.01669	-0.329437	-11.2061	8.01669	0
-10.1217	8.01659	-0.3231	-10.1217	8.01659	0
-9.06324	8.05022	-0.34038	-9.06324	8.05022	0
-8.05396	8.12261	-0.307179	-8.05396	8.12261	0
-7.0132	8.08946	-0.314816	-7.0132	8.08946	0
-5.95497	8.07181	-0.326092	-5.95497	8.07181	0
-4.93408	8.09619	-0.322853	-4.93408	8.09619	0
-3.93381	8.03891	-0.293059	-3.93381	8.03891	0
-2.87677	8.01968	-0.299031	-2.87677	8.01968	0
-1.81237	8.0138	-0.306879	-1.81237	8.0138	0
-0.715923	9.10523	-0.313459	-0.715923	9.10523	0
0.283108	8.98897	-0.328615	0.283108	8.98897	0
1.26269	9.01631	-0.277369	1.26269	9.01631	0
2.28596	9.02294	-0.324811	2.28596	9.02294	0
3.32036	9.00238	-0.310321	3.32036	9.00238	0
4.36706	8.97801	-0.324353	4.36706	8.97801	0
5.39754	9.08839	-0.296944	5.39754	9.08839	0
6.44603	9.07083	-0.31314	6.44603	9.07083	0
7.41966	9.1314	-0.326523	7.41966	9.1314	0
8.52127	9.05676	-0.312544	8.52127	9.05676	0
9.52063	9.06104	-0.321606	9.52063	9.06104	0
10.5247	9.12318	-0.308837	10.5247	9.12318	0
11.6183	9.02817	-0.310581	11.6183	9.02817	0
-11.0939	8.99376	-0.322598	-11.0939	8.99376	0
-10.0572	9.05321	-0.309883	-10.0572	9.05321	0
-9.06959	9.0657	-0.334745	-9.06959	9.0657	0
-8.03156	9.07275	-0.315828	-8.03156	9.07275	0
-6.986	9.1307	-0.277842	-6.986	9.1307	0
-5.96728	9.09201	-0.317664	-5.96728	9.09201	0
-4.92263	9.04836	-0.324365	-4.92263	9.04836	0
-3.8862	9.05464	-0.309785	-3.8862	9.05464	0
-2.84427	9.04708	-0.314182	-2.84427	9.04708	0
-1.82148	9.09314	-0.307243	-1.82148	9.09314	0
-0.72846	10.121	-0.331828	-0.72846	10.121	0
0.349414	10.053	-0.306814	0.349414	10.053	0
1.37646	10.0607	-0.335314	1.37646	10.0607	0
2.40583	10.0228	-0.327909	2.40583	10.0228	0
3.37277	10.0009	-0.295661	3.37277	10.0009	0
4.30955	10.1243	-0.294977	4.30955	10.1243	0
5.42414	10.0726	-0.312446	5.42414	10.0726	0
6.43881	10.1728	-0.326455	6.43881	10.1728	0
7.48817	10.1524	-0.294836	7.48817	10.1524	0
8.48435	10.0852	-0.316531	8.48435	10.0852	0
9.52058	10.0862	-0.332569	9.52058	10.0862	0
10.5509	10.1724	-0.321775	10.5509	10.1724	0
11.5999	10.1254	-0.27976	11.5999	10.1254	0
-11.1627	10.077	-0.271007	-11.1627	10.077	0
-10.112	10.0872	-0.29091	-10.112	10.0872	0
-9.09595	10.1106	-0.301582	-9.09595	10.1106	0
-7.98443	10.1171	-0.319574	-7.98443	10.1171	0
-6.96305	10.0817	-0.301922	-6.96305	10.0817	0
-5.91954	10.1446	-0.303751	-5.91954	10.1446	0
-4.90636	10.113	-0.318516	-4.90636	10.113	0
-3.80561	10.0644	-0.323248	-3.80561	10.0644	0
-2.85355	10.0494	-0.272796	-2.85355	10.0494	0
-1.80733	10.1152	-0.310946	-1.80733	10.1152	0
-0.760611	11.0916	-0.312158	-0.760611	11.0916	0
0.286261	11.0932	-0.320834	0.286261	11.0932	0
1.34659	11.0796	-0.304358	1.34659	11.0796	0
2.37255	11.0833	-0.324258	2.37255	11.0833	0
3.36111	11.0914	-0.310413	3.36111	11.0914	0
4.37919	11.1204	-0.297471	4.37919	11.1204	0
5.41385	11.1459	-0.323812	5.41385	11.1459	0
6.4463	11.2071	-0.325303	6.4463	11.2071	0
7.45118	11.1611	-0.303306	7.45118	11.1611	0
8.48538	11.1531	-0.329086	8.48538	11.1531	0
9.49008	11.1694	-0.305722	9.49008	11.1694	0
10.547	11.229	-0.311971	10.547	11.229	0
11.5786	11.1675	-0.319871	11.5786	11.1675	0
-11.1773	11.0589	-0.310652	-11.1773	11.0589	0
-10.1189	11.1687	-0.317798	-10.1189	11.1687	0
-9.03646	11.1765	-0.312642	-9.03646	11.1765	0
-8.03887	11.106	-0.294982	-8.03887	11.106	0
-6.92201	11.142	-0.290943	-6.92201	11.142	0
-5.92454	11.1493	-0.294212	-5.92454	11.1493	0
-4.84754	11.1761	-0.312869	-4.84754	11.1761	0
-3.81454	11.1032	-0.327982	-3.81454	11.1032	0
-2.75174	11.1086	-0.316014	-2.75174	11.1086	0
-1.80528	11.1081	-0.306882	-1.80528	11.1081	0
-0.79472	-11.6549	-0.337951	-0.79472	-11.6549	0
0.254297	-11.6414	-0.318522	0.254297	-11.6414	0
1.32981	-11.6373	-0.315307	1.32981	-11.6373	0
2.3572	-11.6652	-0.324828	2.3572	-11.6652	0
3.35103	-11.5739	-0.339636	3.35103	-11.5739	0
4.44005	-11.6021	-0.32143	4.44005	-11.6021	0
5.46692	-11.6528	-0.328223	5.46692	-11.6528	0
6.48484	-11.575	-0.312745	6.48484	-11.575	0
7.49765	-11.5321	-0.27936	7.49765	-11.5321	0
8.47781	-11.5942	-0.317219	8.47781	-11.5942	0
9.54241	-11.5667	-0.307054	9.54241	-11.5667	0
10.5995	-11.5311	-0.301177	10.5995	-11.5311	0
11.619	-11.534	-0.328532	11.619	-11.534	0
-11.1613	-11.6301	-0.335141	-11.1613	-11.6301	0
-10.0788	-11.6251	-0.32168	-10.0788	-11.6251	0
-9.05419	-11.6261	-0.299675	-9.05419	-11.6261	0
-8.02774	-11.6339	-0.310539	-8.02774	-11.6339	0
-6.98216	-11.6085	-0.32092	-6.98216	-11.6085	0
-5.98815	-11.6231	-0.318787	-5.98815	-11.6231	0
-4.93595	-11.6045	-0.321102	-4.93595	-11.6045	0
-3.90004	-11.5926	-0.33008	-3.90004	-11.5926	0
-2.84237	-11.632	-0.327143	-2.84237	-11.632	0
-1.85482	-11.6593	-0.326497	-1.85482	-11.6593	0
-0.761473	-10.6294	-0.339014	-0.761473	-10.6294	0
0.237706	-10.5765	-0.301952	0.237706	-10.5765	0
1.31527	-10.5938	-0.319579	1.31527	-10.5938	0
2.34834	-10.5877	-0.323379	2.34834	-10.5877	0
3.40311	-10.5981	-0.328629	3.40311	-10.5981	0
4.44357	-10.5639	-0.312877	4.44357	-10.5639	0
5.4501	-10.571	-0.321542	5.4501	-10.571	0
6.43223	-10.5172	-0.271467	6.43223	-10.5172	0
7.44559	-10.4547	-0.329484	7.44559	-10.4547	0
8.55172	-10.5376	-0.302406	8.55172	-10.5376	0
9.57372	-10.5446	-0.336269	9.57372	-10.5446	0
10.6106	-10.5271	-0.332802	10.6106	-10.5271	0
11.6756	-10.4729	-0.31305	11.6756	-10.4729	0
-11.1098	-10.5651	-0.318804	-11.1098	-10.5651	0
-10.1125	-10.5643	-0.3314	-10.1125	-10.5643	0
-9.07566	-10.5889	-0.317303	-9.07566	-10.5889	0
-8.0086	-10.5661	-0.296117	-8.0086	-10.5661	0
-6.97389	-10.5483	-0.317319	-6.97389	-10.5483	0
-5.90625	-10.6111	-0.312208	-5.90625	-10.6111	0
-4.89713	-10.6003	-0.309865	-4.89713	-10.6003	0
-3.85924	-10.6014	-0.329538	-3.85924	-10.6014	0
-2.83657	-10.603	-0.35396	-2.83657	-10.603	0
-1.80812	-10.5874	-0.324316	-1.80812	-10.5874	0
-0.73707	-9.56184	-0.312144	-0.73707	-9.56184	0
0.27899	-9.58182	-0.311413	0.27899	-9.58182	0
1.32236	-9.55158	-0.30866	1.32236	-9.55158	0
2.33543	-9.57953	-0.294533	2.33543	-9.57953	0
3.37136	-9.56545	-0.315832	3.37136	-9.56545	0
4.4244	-9.52429	-0.328269	4.4244	-9.52429	0
5.45861	-9.4656	-0.319849	5.45861	-9.4656	0
6.49303	-9.43858	-0.291585	6.49303	-9.43858	0
7.55212	-9.50389	-0.301655	7.55212	-9.50389	0
8.51254	-9.48859	-0.319735	8.51254	-9.48859	0
9.56494	-9.49459	-0.293815	9.56494	-9.49459	0
10.5944	-9.51656	-0.335645	10.5944	-9.51656	0
11.605	-9.51703	-0.300927	11.605	-9.51703	0
-11.1253	-9.48122	-0.326566	-11.1253	-9.48122	0
-10.1078	-9.55285	-0.318674	-10.1078	-9.55285	0
-9.0043	-9.53353	-0.320145	-9.0043	-9.53353	0
-7.96548	-9.55198	-0.317829	-7.96548	-9.55198	0
-6.90225	-9.5796	-0.314332	-6.90225	-9.5796	0
-5.88779	-9.56286	-0.31421	-5.88779	-9.56286	0
-4.89149	-9.55759	-0.319193	-4.89149	-9.55759	0
-3.82519	-9.57078	-0.316266	-3.82519	-9.57078	0
-2.82624	-9.58769	-0.300241	-2.82624	-9.58769	0
-1.82334	-9.56043	-0.293426	-1.82334	-9.56043	0
-0.743195	-8.53084	-0.312316	-0.743195	-8.53084	0
0.310069	-8.55874	-0.336508	0.310069	-8.55874	0
1.32662	-8.56017	-0.28525	1.32662	-8.56017	0
2.35224	-8.46502	-0.308876	2.35224	-8.46502	0
3.3838	-8.49959	-0.306783	3.3838	-8.49959	0
4.37067	-8.48457	-0.328586	4.37067	-8.48457	0
5.38136	-8.44822	-0.305081	5.38136	-8.44822	0
6.50998	-8.42217	-0.336091	6.50998	-8.42217	0
7.56551	-8.4711	-0.304607	7.56551	-8.4711	0
8.55964	-8.43265	-0.32411	8.55964	-8.43265	0
9.53919	-8.48759	-0.311987	9.53919	-8.48759	0
10.5856	-8.48708	-0.328461	10.5856	-8.48708	0
11.64	-8.49757	-0.340121	11.64	-8.49757	0
-11.1251	-8.50936	-0.309244	-11.1251	-8.50936	0
-10.1289	-8.51944	-0.315904	-10.1289	-8.51944	0
-9.0893	-8.55224	-0.334875	-9.0893	-8.55224	0
-8.01456	-8.59794	-0.30961	-8.01456	-8.59794	0
-6.96973	-8.529	-0.321324	-6.96973	-8.529	0
-5.93551	-8.46399	-0.300816	-5.93551	-8.46399	0
-4.93623	-8.46829	-0.337546	-4.93623	-8.46829	0
-3.8359	-8.45599	-0.327998	-3.8359	-8.45599	0
-2.80016	-8.53999	-0.308192	-2.80016	-8.53999	0
-1.82834	-8.52336	-0.331195	-1.82834	-8.52336	0
-0.784145	-7.49411	-0.303887	-0.784145	-7.49411	0
0.333699	-7.43383	-0.320908	0.333699	-7.43383	0
1.31614	-7.49719	-0.305581	1.31614	-7.49719	0
2.32239	-7.46354	-0.334114	2.32239	-7.46354	0
3.33243	-7.46606	-0.31137	3.33243	-7.46606	0
4.36837	-7.46366	-0.313481	4.36837	-7.46366	0
5.41832	-7.4708	-0.300791	5.41832	-7.4708	0
6.4246	-7.42022	-0.328369	6.4246	-7.42022	0
7.50269	-7.44937	-0.327244	7.50269	-7.44937	0
8.57394	-7.46359	-0.343431	8.57394	-7.46359	0
9.5979	-7.42657	-0.327046	9.5979	-7.42657	0
10.6082	-7.48421	-0.316014	10.6082	-7.48421	0
11.6358	-7.44529	-0.31774	11.6358	-7.44529	0
-11.0947	-7.46648	-0.290446	-11.0947	-7.46648	0
-10.0543	-7.50406	-0.312666	-10.0543	-7.50406	0
-9.08031	-7.49141	-0.322446	-9.08031	-7.49141	0
-8.03543	-7.51566	-0.328069	-8.03543	-7.51566	0
-7.0222	-7.51728	-0.326536	-7.0222	-7.51728	0
-5.94646	-7.43606	-0.314947	-5.94646	-7.43606	0
-4.9079	-7.47596	-0.292089	-4.9079	-7.47596	0
-3.85297	-7.49049	-0.304985	-3.85297	-7.49049	0
-2.79127	-7.47899	-0.297723	-2.79127	-7.47899	0
-1.80686	-7.50497	-0.319875	-1.80686	-7.50497	0
-0.75743	-6.40563	-0.316948	-0.75743	-6.40563	0
0.313433	-6.44181	-0.304871	0.313433	-6.44181	0
1.31378	-6.42532	-0.294196	1.31378	-6.42532	0
2.36709	-6.44608	-0.327855	2.36709	-6.44608	0
3.39267	-6.44826	-0.334951	3.39267	-6.44826	0
4.37998	-6.4599	-0.330311	4.37998	-6.4599	0
5.42913	-6.43629	-0.31558	5.42913	-6.43629	0
6.47443	-6.38553	-0.33909	6.47443	-6.38553	0
7.54955	-6.46686	-0.337906	7.54955	-6.46686	0
8.54957	-6.38528	-0.338284	8.54957	-6.38528	0
9.56559	-6.35004	-0.294343	9.56559	-6.35004	0
10.6134	-6.44364	-0.305004	10.6134	-6.44364	0
11.6573	-6.45449	-0.293987	11.6573	-6.45449	0
-11.0754	-6.42583	-0.32353	-11.0754	-6.42583	0
-10.0884	-6.44734	-0.321634	-10.0884	-6.44734	0
-9.00468	-6.49566	-0.324894	-9.00468	-6.49566	0
-7.97817	-6.49038	-0.318622	-7.97817	-6.49038	0
-6.93032	-6.5087	-0.309181	-6.93032	-6.5087	0
-5.94313	-6.4394	-0.318725	-5.94313	-6.4394	0
-4.91348	-6.46524	-0.317235	-4.91348	-6.46524	0
-3.84588	-6.42156	-0.317768	-3.84588	-6.42156	0
-2.79414	-6.43122	-0.307642	-2.79414	-6.43122	0
-1.78003	-6.43546	-0.309881	-1.78003	-6.43546	0
-0.699656	-5.37883	-0.334878	-0.699656	-5.37883	0
0.255218	-5.39539	-0.311361	0.255218	-5.39539	0
1.3389	-5.36301	-0.327732	1.3389	-5.36301	0
2.39998	-5.44419	-0.30521	2.39998	-5.44419	0
3.37183	-5.39282	-0.313104	3.37183	-5.39282	0
4.41631	-5.35899	-0.337213	4.41631	-5.35899	0
5.44763	-5.42909	-0.32175	5.44763	-5.42909	0
6.44521	-5.40897	-0.317423	6.44521	-5.40897	0
7.53251	-5.37995	-0.305459	7.53251	-5.37995	0
8.57798	-5.35826	-0.321472	8.57798	-5.35826	0
9.62851	-5.38026	-0.273338	9.62851	-5.38026	0
10.6632	-5.3662	-0.327435	10.6632	-5.3662	0
11.6538	-5.37188	-0.315275	11.6538	-5.37188	0
-11.0809	-5.3839	-0.329336	-11.0809	-5.3839	0
-10.0672	-5.3896	-0.287281	-10.0672	-5.3896	0
-9.00708	-5.43503	-0.328716	-9.00708	-5.43503	0
-7.95139	-5.48053	-0.302753	-7.95139	-5.48053	0
-6.95397	-5.4463	-0.331133	-6.95397	-5.4463	0
-5.90912	-5.42986	-0.337742	-5.90912	-5.42986	0
-4.88682	-5.44647	-0.316731	-4.88682	-5.44647	0
-3.89742	-5.45356	-0.315804	-3.89742	-5.45356	0
-2.84736	-5.418	-0.316013	-2.84736	-5.418	0
-1.81526	-5.4224	-0.308656	-1.81526	-5.4224	0
-0.785478	-4.38729	-0.307575	-0.785478	-4.38729	0
0.26232	-4.3898	-0.308888	0.26232	-4.3898	0
1.31633	-4.3586	-0.34367	1.31633	-4.3586	0
2.34316	-4.40217	-0.279103	2.34316	-4.40217	0
3.37742	-4.33379	-0.340547	3.37742	-4.33379	0
4.42025	-4.35299	-0.34333	4.42025	-4.35299	0
5.44555	-4.38695	-0.346178	5.44555	-4.38695	0
6.50062	-4.38722	-0.300028	6.50062	-4.38722	0
7.52236	-4.34693	-0.324368	7.52236	-4.34693	0
8.58115	-4.31438	-0.336434	8.58115	-4.31438	0
9.59949	-4.28911	-0.33627	9.59949	-4.28911	0
10.6246	-4.3663	-0.320555	10.6246	-4.3663	0
11.6598	-4.34704	-0.317679	11.6598	-4.34704	0
-11.1495	-4.38059	-0.327844	-11.1495	-4.38059	0
-10.101	-4.33061	-0.335993	-10.101	-4.33061	0
-9.00217	-4.37041	-0.318074	-9.00217	-4.37041	0
-7.97768	-4.38838	-0.290284	-7.97768	-4.38838	0
-6.97813	-4.3334	-0.31256	-6.97813	-4.3334	0
-5.96621	-4.37037	-0.298348	-5.96621	-4.37037	0
-4.93039	-4.40921	-0.331965	-4.93039	-4.40921	0
-3.90655	-4.42534	-0.318285	-3.90655	-4.42534	0
-2.88444	-4.42113	-0.310078	-2.88444	-4.42113	0
-1.87463	-4.36615	-0.307647	-1.87463	-4.36615	0
-0.829394	-3.39189	-0.331651	-0.829394	-3.39189	0
0.248281	-3.29348	-0.318903	0.248281	-3.29348	0
1.29124	-3.31064	-0.331103	1.29124	-3.31064	0
2.34652	-3.33388	-0.292025	2.34652	-3.33388	0
3.33431	-3.32594	-0.33132	3.33431	-3.32594	0
4.42399	-3.35889	-0.321395	4.42399	-3.35889	0
5.39263	-3.35413	-0.309454	5.39263	-3.35413	0
6.41878	-3.40136	-0.296141	6.41878	-3.40136	0
7.49926	-3.36064	-0.318313	7.49926	-3.36064	0
8.51626	-3.32381	-0.327173	8.51626	-3.32381	0
9.54596	-3.33909	-0.351038	9.54596	-3.33909	0
10.5418	-3.32095	-0.34384	10.5418	-3.32095	0
11.6184	-3.34429	-0.302333	11.6184	-3.34429	0
-11.0875	-3.357	-0.330595	-11.0875	-3.357	0
-10.022	-3.326	-0.35287	-10.022	-3.326	0
-8.99777	-3.32336	-0.330835	-8.99777	-3.32336	0
-7.9769	-3.27175	-0.343011	-7.9769	-3.27175	0
-6.93142	-3.28324	-0.353067	-6.93142	-3.28324	0
-5.92951	-3.32566	-0.294012	-5.92951	-3.32566	0
-4.85928	-3.3736	-0.307625	-4.85928	-3.3736	0
-3.85206	-3.34843	-0.281461	-3.85206	-3.34843	0
-2.83587	-3.43109	-0.342459	-2.83587	-3.43109	0
-1.80688	-3.33674	-0.329312	-1.80688	-3.33674	0
-0.769024	-2.29658	-0.324273	-0.769024	-2.29658	0
0.298798	-2.29795	-0.32224	0.298798	-2.29795	0
1.30657	-2.28596	-0.297313	1.30657	-2.28596	0
2.32105	-2.32925	-0.329626	2.32105	-2.32925	0
3.35407	-2.32545	-0.313354	3.35407	-2.32545	0
4.36662	-2.28575	-0.316258	4.36662	-2.28575	0
5.38439	-2.29565	-0.316736	5.38439	-2.29565	0
6.40993	-2.33002	-0.330561	6.40993	-2.33002	0
7.48704	-2.33039	-0.310085	7.48704	-2.33039	0
8.51111	-2.29416	-0.335609	8.51111	-2.29416	0
9.5697	-2.25832	-0.320947	9.5697	-2.25832	0
10.5496	-2.35416	-0.334294	10.5496	-2.35416	0
11.5956	-2.32704	-0.329982	11.5956	-2.32704	0
-11.1401	-2.32998	-0.334431	-11.1401	-2.32998	0
-10.0331	-2.29306	-0.317933	-10.0331	-2.29306	0
-8.94068	-2.26394	-0.314157	-8.94068	-2.26394	0
-7.93135	-2.25529	-0.305324	-7.93135	-2.25529	0
-6.92195	-2.22225	-0.321102	-6.92195	-2.22225	0
-5.94237	-2.31086	-0.321679	-5.94237	-2.31086	0
-4.91537	-2.34785	-0.312017	-4.91537	-2.34785	0
-3.83706	-2.36223	-0.302371	-3.83706	-2.36223	0
-2.83873	-2.30521	-0.306332	-2.83873	-2.30521	0
-1.79426	-2.32	-0.297227	-1.79426	-2.32	0
-0.802957	-1.31407	-0.302514	-0.802957	-1.31407	0
0.232956	-1.29603	-0.31211	0.232956	-1.29603	0
1.26904	-1.27993	-0.31018	1.26904	-1.27993	0
2.32322	-1.2963	-0.343223	2.32322	-1.2963	0
3.32164	-1.31266	-0.322528	3.32164	-1.31266	0
4.35861	-1.26103	-0.320886	4.35861	-1.26103	0
5.36225	-1.2274	-0.317038	5.36225	-1.2274	0
6.3738	-1.26939	-0.336223	6.3738	-1.26939	0
7.45363	-1.28424	-0.30601	7.45363	-1.28424	0
8.51193	-1.25912	-0.297438	8.51193	-1.25912	0
9.53367	-1.25751	-0.356437	9.53367	-1.25751	0
10.5614	-1.31672	-0.311905	10.5614	-1.31672	0
11.5967	-1.3175	-0.340501	11.5967	-1.3175	0
-11.103	-1.27623	-0.29261	-11.103	-1.27623	0
-10.1092	-1.29954	-0.331064	-10.1092	-1.29954	0
-9.03693	-1.15742	-0.302261	-9.03693	-1.15742	0
-8.01506	-1.2297	-0.30529	-8.01506	-1.2297	0
-6.97521	-1.19374	-0.310387	-6.97521	-1.19374	0
-5.93674	-1.25855	-0.329681	-5.93674	-1.25855	0
-4.92657	-1.25479	-0.333655	-4.92657	-1.25479	0
-3.89278	-1.28121	-0.304178	-3.89278	-1.28121	0
-2.86888	-1.33557	-0.339441	-2.86888	-1.33557	0
-1.79091	-1.32577	-0.331039	-1.79091	-1.32577	0
-0.171829	0.294099	0.318158	-0.171829	0.294099	0
0.832707	0.21948	0.326709	0.832707	0.21948	0
1.82325	0.232596	0.31726	1.82325	0.232596	0
2.80896	0.219142	0.3383	2.80896	0.219142	0
3.80578	0.258643	0.306827	3.80578	0.258643	0
4.86767	0.272754	0.306594	4.86767	0.272754	0
5.87531	0.282022	0.334639	5.87531	0.282022	0
6.90077	0.246283	0.333184	6.90077	0.246283	0
7.9336	0.307594	0.298407	7.9336	0.307594	0
8.97082	0.291645	0.304991	8.97082	0.291645	0
10.0017	0.257456	0.305438	10.0017	0.257456	0
11.084	0.251984	0.312483	11.084	0.251984	0
-11.661	0.262885	0.315771	-11.661	0.262885	0
-10.6451	0.231145	0.313616	-10.6451	0.231145	0
-9.61545	0.344764	0.304628	-9.61545	0.344764	0
-8.48573	0.384237	0.327428	-8.48573	0.384237	0
-7.48256	0.259512	0.32043	-7.48256	0.259512	0
-6.45051	0.349357	0.297153	-6.45051	0.349357	0
-5.4343	0.379791	0.316054	-5.4343	0.379791	0
-4.37184	0.270154	0.314102	-4.37184	0.270154	0
-3.32414	0.255796	0.311967	-3.32414	0.255796	0
-2.31267	0.216523	0.300157	-2.31267	0.216523	0
-1.21497	0.275381	0.301939	-1.21497	0.275381	0
-0.195376	1.33406	0.29638	-0.195376	1.33406	0
0.797308	1.23646	0.317209	0.797308	1.23646	0
1.78768	1.26541	0.293805	1.78768	1.26541	0
2.84038	1.2455	0.31099	2.84038	1.2455	0
3.84925	1.29711	0.331015	3.84925	1.29711	0
4.88935	1.28444	0.312248	4.88935	1.28444	0
5.91634	1.2466	0.322236	5.91634	1.2466	0
6.90398	1.32323	0.294589	6.90398	1.32323	0
7.93992	1.34257	0.281798	7.93992	1.34257	0
9.0069	1.34861	0.342833	9.0069	1.34861	0
10.0427	1.28264	0.320505	10.0427	1.28264	0
11.0722	1.31046	0.323612	11.0722	1.31046	0
-11.6418	1.24404	0.326828	-11.6418	1.24404	0
-10.6287	1.24472	0.320579	-10.6287	1.24472	0
-9.61778	1.33887	0.31693	-9.61778	1.33887	0
-8.60564	1.37723	0.306131	-8.60564	1.37723	0
-7.46215	1.37495	0.329219	-7.46215	1.37495	0
-6.45287	1.35766	0.265252	-6.45287	1.35766	0
-5.415	1.36167	0.314609	-5.415	1.36167	0
-4.37107	1.33111	0.310069	-4.37107	1.33111	0
-3.27622	1.33042	0.313872	-3.27622	1.33042	0
-2.30139	1.26032	0.312296	-2.30139	1.26032	0
-1.26373	1.30552	0.286994	-1.26373	1.30552	0
-0.25885	2.30637	0.315223	-0.25885	2.30637	0
0.741019	2.31014	0.300029	0.741019	2.31014	0
1.77954	2.3147	0.339607	1.77954	2.3147	0
2.78659	2.29391	0.328258	2.78659	2.29391	0
3.85434	2.33622	0.315153	3.85434	2.33622	0
4.84234	2.4125	0.325192	4.84234	2.4125	0
5.86583	2.31031	0.308635	5.86583	2.31031	0
6.93666	2.33385	0.30385	6.93666	2.33385	0
8.00767	2.2952	0.326436	8.00767	2.2952	0
9.03011	2.34337	0.33057	9.03011	2.34337	0
10.0402	2.33372	0.340924	10.0402	2.33372	0
11.0869	2.38277	0.334459	11.0869	2.38277	0
-11.6403	2.25431	0.323852	-11.6403	2.25431	0
-10.5754	2.29604	0.328567	-10.5754	2.29604	0
-9.54545	2.36432	0.342941	-9.54545	2.36432	0
-8.506	2.41159	0.326255	-8.506	2.41159	0
-7.47202	2.4119	0.305245	-7.47202	2.4119	0
-6.43956	2.3535	0.306078	-6.43956	2.3535	0
-5.42124	2.38183	0.333309	-5.42124	2.38183	0
-4.38621	2.31082	0.302798	-4.38621	2.31082	0
-3.34015	2.316	0.329869	-3.34015	2.316	0
-2.27461	2.32523	0.363707	-2.27461	2.32523	0
-1.27317	2.29224	0.333198	-1.27317	2.29224	0
-0.262275	3.33944	0.351581	-0.262275	3.33944	0
0.767434	3.34495	0.293686	0.767434	3.34495	0
1.7466	3.33331	0.30557	1.7466	3.33331	0
2.80518	3.35548	0.308719	2.80518	3.35548	0
3.82027	3.33036	0.31465	3.82027	3.33036	0
4.84974	3.40908	0.311099	4.84974	3.40908	0
5.91663	3.37488	0.328084	5.91663	3.37488	0
6.95461	3.33801	0.281198	6.95461	3.33801	0
8.01602	3.33302	0.300015	8.01602	3.33302	0
9.02901	3.37027	0.322703	9.02901	3.37027	0
10.1556	3.35605	0.288594	10.1556	3.35605	0
11.1782	3.41201	0.320235	11.1782	3.41201	0
-11.5925	3.33155	0.311117	-11.5925	3.33155	0
-10.5515	3.3494	0.326815	-10.5515	3.3494	0
-9.5617	3.43299	0.311354	-9.5617	3.43299	0
-8.49717	3.43767	0.286439	-8.49717	3.43767	0
-7.49931	3.4466	0.32076	-7.49931	3.4466	0
-6.45349	3.44348	0.319414	-6.45349	3.44348	0
-5.4107	3.42341	0.292215	-5.4107	3.42341	0
-4.41466	3.35635	0.312486	-4.41466	3.35635	0
-3.30447	3.37486	0.322114	-3.30447	3.37486	0
-2.31945	3.40343	0.316895	-2.31945	3.40343	0
-1.28136	3.37574	0.310587	-1.28136	3.37574	0
-0.318318	4.42692	0.305946	-0.318318	4.42692	0
0.80805	4.44924	0.33154	0.80805	4.44924	0
1.81685	4.43534	0.320743	1.81685	4.43534	0
2.81642	4.40357	0.334076	2.81642	4.40357	0
3.85059	4.34372	0.313313	3.85059	4.34372	0
4.83866	4.39921	0.307833	4.83866	4.39921	0
5.86441	4.40988	0.302036	5.86441	4.40988	0
7.00509	4.37134	0.317381	7.00509	4.37134	0
7.97268	4.38242	0.314975	7.97268	4.38242	0
9.02302	4.38746	0.322366	9.02302	4.38746	0
10.0866	4.38868	0.339629	10.0866	4.38868	0
11.1435	4.40445	0.332953	11.1435	4.40445	0
-11.5786	4.35989	0.312751	-11.5786	4.35989	0
-10.5704	4.45706	0.292603	-10.5704	4.45706	0
-9.57265	4.4061	0.30396	-9.57265	4.4061	0
-8.48716	4.4714	0.334517	-8.48716	4.4714	0
-7.46033	4.44792	0.341882	-7.46033	4.44792	0
-6.51959	4.44074	0.314814	-6.51959	4.44074	0
-5.43535	4.40836	0.362179	-5.43535	4.40836	0
-4.34068	4.41348	0.3165	-4.34068	4.41348	0
-3.34595	4.38624	0.296376	-3.34595	4.38624	0
-2.2815	4.43879	0.334973	-2.2815	4.43879	0
-1.30899	4.38466	0.309503	-1.30899	4.38466	0
-0.268886	5.40118	0.324354	-0.268886	5.40118	0
0.715523	5.41767	0.324201	0.715523	5.41767	0
1.76618	5.44751	0.307614	1.76618	5.44751	0
2.82272	5.42299	0.309479	2.82272	5.42299	0
3.85692	5.38326	0.317565	3.85692	5.38326	0
4.86284	5.40733	0.296833	4.86284	5.40733	0
5.91436	5.44033	0.300622	5.91436	5.44033	0
6.99542	5.40197	0.296233	6.99542	5.40197	0
8.04679	5.47789	0.305023	8.04679	5.47789	0
9.05443	5.4182	0.298737	9.05443	5.4182	0
10.0567	5.40293	0.32093	10.0567	5.40293	0
11.0633	5.40859	0.301156	11.0633	5.40859	0
-11.6665	5.38906	0.323045	-11.6665	5.38906	0
-10.5713	5.46883	0.313804	-10.5713	5.46883	0
-9.53556	5.48171	0.322681	-9.53556	5.48171	0
-8.57116	5.48203	0.297343	-8.57116	5.48203	0
-7.53356	5.5232	0.337521	-7.53356	5.5232	0
-6.49214	5.50069	0.318054	-6.49214	5.50069	0
-5.46075	5.45351	0.325703	-5.46075	5.45351	0
-4.37265	5.40792	0.328816	-4.37265	5.40792	0
-3.39996	5.45249	0.312991	-3.39996	5.45249	0
-2.39858	5.47361	0.302948	-2.39858	5.47361	0
-1.31749	5.44274	0.314996	-1.31749	5.44274	0
-0.293081	6.48209	0.31916	-0.293081	6.48209	0
0.715826	6.43893	0.334823	0.715826	6.43893	0
1.76063	6.47741	0.32641	1.76063	6.47741	0
2.82356	6.48217	0.308432	2.82356	6.48217	0
3.90636	6.43528	0.339694	3.90636	6.43528	0
4.92456	6.44913	0.29084	4.92456	6.44913	0
5.96027	6.45224	0.340543	5.96027	6.45224	0
6.97654	6.39851	0.327679	6.97654	6.39851	0
8.0339	6.53908	0.336841	8.0339	6.53908	0
8.99603	6.48819	0.323111	8.99603	6.48819	0
9.98	6.4045	0.322708	9.98	6.4045	0
10.9902	6.45981	0.322861	10.9902	6.45981	0
-11.7249	6.43972	0.313787	-11.7249	6.43972	0
-10.6003	6.42908	0.340981	-10.6003	6.42908	0
-9.51659	6.52486	0.32586	-9.51659	6.52486	0
-8.50452	6.51866	0.309844	-8.50452	6.51866	0
-7.48102	6.56567	0.314935	-7.48102	6.56567	0
-6.48972	6.54553	0.323625	-6.48972	6.54553	0
-5.48697	6.48057	0.309416	-5.48697	6.48057	0
-4.3858	6.51376	0.328617	-4.3858	6.51376	0
-3.35814	6.51605	0.321113	-3.35814	6.51605	0
-2.33301	6.49913	0.331198	-2.33301	6.49913	0
-1.29127	6.49776	0.309675	-1.29127	6.49776	0
-0.304986	7.52734	0.291906	-0.304986	7.52734	0
0.74838	7.44554	0.329797	0.74838	7.44554	0
1.7906	7.50384	0.31642	1.7906	7.50384	0
2.83781	7.495	0.323956	2.83781	7.495	0
3.87316	7.46806	0.309056	3.87316	7.46806	0
4.93506	7.47171	0.310663	4.93506	7.47171	0
5.93472	7.54181	0.290301	5.93472	7.54181	0
6.98442	7.52739	0.29536	6.98442	7.52739	0
7.9984	7.52925	0.323708	7.9984	7.52925	0
8.99429	7.50093	0.315064	8.99429	7.50093	0
10.0736	7.51639	0.317062	10.0736	7.51639	0
11.106	7.51518	0.330031	11.106	7.51518	0
-11.6163	7.44681	0.310375	-11.6163	7.44681	0
-10.6499	7.44945	0.336663	-10.6499	7.44945	0
-9.59358	7.54236	0.299834	-9.59358	7.54236	0
-8.55048	7.57055	0.333161	-8.55048	7.57055	0
-7.51064	7.564	0.319595	-7.51064	7.564	0
-6.47877	7.53661	0.299345	-6.47877	7.53661	0
-5.41101	7.53044	0.317181	-5.41101	7.53044	0
-4.41173	7.56676	0.330424	-4.41173	7.56676	0
-3.38288	7.53587	0.333264	-3.38288	7.53587	0
-2.34495	7.48878	0.345867	-2.34495	7.48878	0
-1.28976	7.49115	0.32736	-1.28976	7.49115	0
-0.262799	8.5489	0.322935	-0.262799	8.5489	0
0.759889	8.52492	0.331368	0.759889	8.52492	0
1.81269	8.49327	0.311449	1.81269	8.49327	0
2.85016	8.49047	0.337161	2.85016	8.49047	0
3.83686	8.54463	0.316966	3.83686	8.54463	0
4.87118	8.52826	0.311838	4.87118	8.52826	0
5.89218	8.57179	0.312201	5.89218	8.57179	0
6.93708	8.56875	0.333563	6.93708	8.56875	0
7.94019	8.57642	0.304263	7.94019	8.57642	0
8.99457	8.56543	0.340879	8.99457	8.56543	0
10.0172	8.55707	0.324122	10.0172	8.55707	0
11.0316	8.55478	0.301057	11.0316	8.55478	0
-11.6442	8.51927	0.322103	-11.6442	8.51927	0
-10.5714	8.52674	0.353062	-10.5714	8.52674	0
-9.60967	8.53169	0.319835	-9.60967	8.53169	0
-8.60827	8.55747	0.312049	-8.60827	8.55747	0
-7.51717	8.59477	0.307494	-7.51717	8.59477	0
-6.4748	8.58654	0.309771	-6.4748	8.58654	0
-5.4751	8.59459	0.334005	-5.4751	8.59459	0
-4.43825	8.56392	0.332131	-4.43825	8.56392	0
-3.40523	8.55853	0.31425	-3.40523	8.55853	0
-2.33766	8.54574	0.304122	-2.33766	8.54574	0
-1.31091	8.61378	0.312941	-1.31091	8.61378	0
-0.170728	9.56363	0.315246	-0.170728	9.56363	0
0.816757	9.61839	0.310881	0.816757	9.61839	0
1.80289	9.50026	0.319153	1.80289	9.50026	0
2.78927	9.4893	0.33061	2.78927	9.4893	0
3.89514	9.55604	0.320887	3.89514	9.55604	0
4.89865	9.60906	0.325265	4.89865	9.60906	0
5.96773	9.58861	0.336827	5.96773	9.58861	0
6.94031	9.67072	0.322513	6.94031	9.67072	0
7.95572	9.58938	0.296549	7.95572	9.58938	0
9.05914	9.58074	0.323198	9.05914	9.58074	0
10.0459	9.62379	0.337064	10.0459	9.62379	0
11.0686	9.63242	0.297719	11.0686	9.63242	0
-11.6055	9.53294	0.305439	-11.6055	9.53294	0
-10.6437	9.58038	0.330881	-10.6437	9.58038	0
-9.57325	9.55865	0.340965	-9.57325	9.55865	0
-8.52052	9.56562	0.333099	-8.52052	9.56562	0
-7.47923	9.62071	0.341624	-7.47923	9.62071	0
-6.41563	9.58884	0.341313	-6.41563	9.58884	0
-5.36223	9.6225	0.302333	-5.36223	9.6225	0
-4.39627	9.57753	0.299484	-4.39627	9.57753	0
-3.35661	9.56415	0.344119	-3.35661	9.56415	0
-2.30551	9.5519	0.317009	-2.30551	9.5519	0
-1.20646	9.60014	0.295651	-1.20646	9.60014	0
-0.198109	10.614	0.314344	-0.198109	10.614	0
0.844839	10.6245	0.316419	0.844839	10.6245	0
1.85667	10.5463	0.306777	1.85667	10.5463	0
2.8592	10.5372	0.309062	2.8592	10.5372	0
3.84497	10.6116	0.316863	3.84497	10.6116	0
4.8772	10.5944	0.311094	4.8772	10.5944	0
5.93623	10.6394	0.331318	5.93623	10.6394	0
6.96134	10.6993	0.351613	6.96134	10.6993	0
8.0369	10.6059	0.32782	8.0369	10.6059	0
9.0286	10.6285	0.326148	9.0286	10.6285	0
9.98758	10.6464	0.310506	9.98758	10.6464	0
11.0787	10.6961	0.316582	11.0787	10.6961	0
-11.6872	10.6239	0.343962	-11.6872	10.6239	0
-10.6207	10.626	0.325344	-10.6207	10.626	0
-9.57025	10.6164	0.317576	-9.57025	10.6164	0
-8.53334	10.5659	0.346683	-8.53334	10.5659	0
-7.46936	10.6372	0.288651	-7.46936	10.6372	0
-6.50295	10.6023	0.343983	-6.50295	10.6023	0
-5.37696	10.6084	0.321179	-5.37696	10.6084	0
-4.33398	10.6161	0.321136	-4.33398	10.6161	0
-3.30146	10.6169	0.315762	-3.30146	10.6169	0
-2.29315	10.5762	0.319021	-2.29315	10.5762	0
-1.29705	10.5868	0.317127	-1.29705	10.5868	0
-0.253402	11.6003	0.321827	-0.253402	11.6003	0
0.758016	11.6426	0.292987	0.758016	11.6426	0
1.83427	11.6094	0.317192	1.83427	11.6094	0
2.85946	11.6503	0.303428	2.85946	11.6503	0
3.83207	11.7079	0.292833	3.83207	11.7079	0
4.92365	11.6496	0.318895	4.92365	11.6496	0
6.00105	11.6874	0.336213	6.00105	11.6874	0
6.99145	11.7306	0.329792	6.99145	11.7306	0
7.98143	11.6943	0.334235	7.98143	11.6943	0
9.02025	11.69	0.30999	9.02025	11.69	0
10.0518	11.7144	0.330331	10.0518	11.7144	0
11.0794	11.7128	0.303382	11.0794	11.7128	0
-11.6353	11.6437	0.282245	-11.6353	11.6437	0
-10.6578	11.6888	0.312271	-10.6578	11.6888	0
-9.57197	11.6559	0.309012	-9.57197	11.6559	0
-8.54793	11.6466	0.316491	-8.54793	11.6466	0
-7.47778	11.678	0.312999	-7.47778	11.678	0
-6.437	11.6683	0.329117	-6.437	11.6683	0
-5.39862	11.6492	0.322856	-5.39862	11.6492	0
-4.32297	11.6211	0.345226	-4.32297	11.6211	0
-3.37104	11.6816	0.308524	-3.37104	11.6816	0
-2.33162	11.6293	0.330354	-2.33162	11.6293	0
-1.31423	11.6562	0.322985	-1.31423	11.6562	0
-0.25228	-11.1302	0.322141	-0.25228	-11.1302	0
0.769096	-11.1345	0.285453	0.769096	-11.1345	0
1.79923	-11.1078	0.308665	1.79923	-11.1078	0
2.84108	-11.1298	0.31441	2.84108	-11.1298	0
3.93221	-11.0484	0.335291	3.93221	-11.0484	0
4.94769	-11.0993	0.32064	4.94769	-11.0993	0
5.93566	-11.1317	0.305324	5.93566	-11.1317	0
6.95394	-10.9834	0.313839	6.95394	-10.9834	0
8.0224	-10.9985	0.294204	8.0224	-10.9985	0
9.0549	-11.0331	0.327441	9.0549	-11.0331	0
10.0807	-11.0539	0.308124	10.0807	-11.0539	0
11.1608	-11.0323	0.333733	11.1608	-11.0323	0
-11.6234	-11.0692	0.308509	-11.6234	-11.0692	0
-10.6	-11.0932	0.293811	-10.6	-11.0932	0
-9.60341	-11.1257	0.312741	-9.60341	-11.1257	0
-8.52793	-11.095	0.308961	-8.52793	-11.095	0
-7.47115	-11.0914	0.312553	-7.47115	-11.0914	0
-6.46241	-11.0394	0.305838	-6.46241	-11.0394	0
-5.4964	-11.1403	0.307261	-5.4964	-11.1403	0
-4.38245	-11.091	0.336182	-4.38245	-11.091	0
-3.37212	-11.0939	0.328363	-3.37212	-11.0939	0
-2.35332	-11.1236	0.307475	-2.35332	-11.1236	0
-1.32441	-11.1039	0.307571	-1.32441	-11.1039	0
-0.280418	-10.0933	0.343659	-0.280418	-10.0933	0
0.824993	-10.0618	0.312336	0.824993	-10.0618	0
1.80474	-10.0879	0.326418	1.80474	-10.0879	0
2.84163	-10.0753	0.316077	2.84163	-10.0753	0
3.89588	-10.0456	0.315038	3.89588	-10.0456	0
4.97026	-10.0111	0.309264	4.97026	-10.0111	0
5.92289	-10.0262	0.347748	5.92289	-10.0262	0
6.97484	-9.93106	0.294639	6.97484	-9.93106	0
8.01797	-10.0261	0.31609	8.01797	-10.0261	0
9.04011	-10.0052	0.300842	9.04011	-10.0052	0
10.117	-10.0148	0.321052	10.117	-10.0148	0
11.1291	-10.02	0.315158	11.1291	-10.02	0
-11.6521	-10.0178	0.309122	-11.6521	-10.0178	0
-10.6277	-10.0298	0.3001	-10.6277	-10.0298	0
-9.60009	-10.0695	0.315802	-9.60009	-10.0695	0
-8.521	-10.0782	0.320671	-8.521	-10.0782	0
-7.45492	-10.0679	0.331129	-7.45492	-10.0679	0
-6.4204	-10.0622	0.33343	-6.4204	-10.0622	0
-5.39264	-10.0515	0.293164	-5.39264	-10.0515	0
-4.36488	-10.078	0.326434	-4.36488	-10.078	0
-3.35149	-10.1059	0.307591	-3.35149	-10.1059	0
-2.33923	-10.1205	0.31815	-2.33923	-10.1205	0
-1.26837	-10.0626	0.324185	-1.26837	-10.0626	0
-0.232594	-9.00371	0.319969	-0.232594	-9.00371	0
0.793005	-9.06182	0.314797	0.793005	-9.06182	0
1.84781	-9.05321	0.30065	1.84781	-9.05321	0
2.88869	-9.02974	0.328936	2.88869	-9.02974	0
3.87287	-8.99673	0.327924	3.87287	-8.99673	0
4.85336	-9.00669	0.325767	4.85336	-9.00669	0
5.96918	-8.92423	0.303681	5.96918	-8.92423	0
7.00087	-8.87717	0.342694	7.00087	-8.87717	0
8.03474	-9.02601	0.328683	8.03474	-9.02601	0
9.01738	-8.96761	0.311449	9.01738	-8.96761	0
10.084	-9.01942	0.320826	10.084	-9.01942	0
11.1423	-8.96367	0.308046	11.1423	-8.96367	0
-11.6637	-9.01296	0.332875	-11.6637	-9.01296	0
-10.6507	-9.03045	0.330809	-10.6507	-9.03045	0
-9.57333	-9.02838	0.332214	-9.57333	-9.02838	0
-8.48987	-9.03359	0.338237	-8.48987	-9.03359	0
-7.43678	-9.10527	0.326017	-7.43678	-9.10527	0
-6.40616	-9.06032	0.31024	-6.40616	-9.06032	0
-5.44829	-8.99436	0.328521	-5.44829	-8.99436	0
-4.43486	-9.01622	0.293347	-4.43486	-9.01622	0
-3.39488	-8.98612	0.287389	-3.39488	-8.98612	0
-2.34577	-9.04269	0.34513	-2.34577	-9.04269	0
-1.26531	-9.03569	0.307867	-1.26531	-9.03569	0
-0.238762	-8.00125	0.306645	-0.238762	-8.00125	0
0.767829	-8.01805	0.299369	0.767829	-8.01805	0
1.81671	-8.00334	0.315883	1.81671	-8.00334	0
2.86132	-8.02171	0.30984	2.86132	-8.02171	0
3.84413	-8.00759	0.316713	3.84413	-8.00759	0
4.87033	-7.97636	0.335225	4.87033	-7.97636	0
5.91619	-7.93004	0.311774	5.91619	-7.93004	0
7.02162	-7.91345	0.331241	7.02162	-7.91345	0
8.06902	-7.95493	0.310987	8.06902	-7.95493	0
9.08917	-7.9621	0.323153	9.08917	-7.9621	0
10.0786	-7.97619	0.295626	10.0786	-7.97619	0
11.12	-7.98934	0.319682	11.12	-7.98934	0
-11.6678	-7.99282	0.315195	-11.6678	-7.99282	0
-10.6014	-7.97125	0.319394	-10.6014	-7.97125	0
-9.58609	-8.00665	0.316814	-9.58609	-8.00665	0
-8.56682	-8.01982	0.306876	-8.56682	-8.01982	0
-7.52002	-8.09353	0.3215	-7.52002	-8.09353	0
-6.55264	-8.02185	0.329042	-6.55264	-8.02185	0
-5.4771	-7.96391	0.319788	-5.4771	-7.96391	0
-4.40422	-7.99105	0.318159	-4.40422	-7.99105	0
-3.29326	-7.97667	0.315324	-3.29326	-7.97667	0
-2.28997	-8.03446	0.341046	-2.28997	-8.03446	0
-1.27847	-8.01625	0.326985	-1.27847	-8.01625	0
-0.236854	-6.99376	0.321464	-0.236854	-6.99376	0
0.814786	-6.91048	0.322086	0.814786	-6.91048	0
1.81748	-6.9588	0.325499	1.81748	-6.9588	0
2.82114	-6.99735	0.3259	2.82114	-6.99735	0
3.85696	-6.96398	0.314307	3.85696	-6.96398	0
4.85738	-6.99954	0.32781	4.85738	-6.99954	0
5.91361	-6.90514	0.285279	5.91361	-6.90514	0
6.94981	-6.96683	0.293216	6.94981	-6.96683	0
8.0128	-6.97604	0.324209	8.0128	-6.97604	0
9.08366	-6.91059	0.320716	9.08366	-6.91059	0
10.1157	-6.99411	0.307989	10.1157	-6.99411	0
11.1109	-7.02593	0.334697	11.1109	-7.02593	0
-11.5885	-6.9467	0.312542	-11.5885	-6.9467	0
-10.5752	-6.94459	0.317166	-10.5752	-6.94459	0
-9.54217	-6.9525	0.305771	-9.54217	-6.9525	0
-8.48406	-7.00493	0.3105	-8.48406	-7.00493	0
-7.50006	-7.03345	0.307724	-7.50006	-7.03345	0
-6.48024	-6.99917	0.316936	-6.48024	-6.99917	0
-5.42814	-6.94925	0.338879	-5.42814	-6.94925	0
-4.37643	-6.93404	0.308166	-4.37643	-6.93404	0
-3.37992	-6.9483	0.309391	-3.37992	-6.9483	0
-2.30111	-6.97156	0.326804	-2.30111	-6.97156	0
-1.26058	-6.98222	0.298717	-1.26058	-6.98222	0
-0.200865	-5.91695	0.345168	-0.200865	-5.91695	0
0.784131	-5.89583	0.304647	0.784131	-5.89583	0
1.84857	-5.92249	0.33139	1.84857	-5.92249	0
2.87722	-5.93577	0.329074	2.87722	-5.93577	0
3.93954	-5.90947	0.306982	3.93954	-5.90947	0
4.89767	-5.90434	0.297572	4.89767	-5.90434	0
5.91999	-5.94127	0.307182	5.91999	-5.94127	0
7.0013	-5.88203	0.288033	7.0013	-5.88203	0
8.02535	-5.9255	0.284119	8.02535	-5.9255	0
9.06253	-5.88049	0.309262	9.06253	-5.88049	0
10.105	-5.91977	0.354263	10.105	-5.91977	0
11.1858	-5.91983	0.319244	11.1858	-5.91983	0
-11.603	-5.87094	0.30593	-11.603	-5.87094	0
-10.5523	-5.88256	0.352763	-10.5523	-5.88256	0
-9.53018	-5.95261	0.317547	-9.53018	-5.95261	0
-8.49865	-5.94689	0.312595	-8.49865	-5.94689	0
-7.41551	-5.96096	0.289881	-7.41551	-5.96096	0
-6.42149	-5.93684	0.31894	-6.42149	-5.93684	0
-5.40543	-5.91662	0.314967	-5.40543	-5.91662	0
-4.37643	-5.95226	0.324399	-4.37643	-5.95226	0
-3.30651	-5.91603	0.301117	-3.30651	-5.91603	0
-2.28242	-5.91283	0.33294	-2.28242	-5.91283	0
-1.2344	-5.89698	0.308087	-1.2344	-5.89698	0
-0.286856	-4.91197	0.331497	-0.286856	-4.91197	0
0.819339	-4.85312	0.299333	0.819339	-4.85312	0
1.82543	-4.95073	0.313947	1.82543	-4.95073	0
2.8953	-4.87715	0.324304	2.8953	-4.87715	0
3.93821	-4.85897	0.29951	3.93821	-4.85897	0
4.96773	-4.86992	0.329744	4.96773	-4.86992	0
5.99216	-4.92645	0.334445	5.99216	-4.92645	0
7.00651	-4.85688	0.284902	7.00651	-4.85688	0
8.03463	-4.86424	0.342248	8.03463	-4.86424	0
9.07207	-4.79824	0.315472	9.07207	-4.79824	0
10.1368	-4.89278	0.327545	10.1368	-4.89278	0
11.1473	-4.86507	0.331716	11.1473	-4.86507	0
-11.6574	-4.8127	0.30584	-11.6574	-4.8127	0
-10.5998	-4.84824	0.279172	-10.5998	-4.84824	0
-9.51401	-4.869	0.308142	-9.51401	-4.869	0
-8.48457	-4.89466	0.281336	-8.48457	-4.89466	0
-7.44491	-4.87181	0.309931	-7.44491	-4.87181	0
-6.46388	-4.89833	0.305522	-6.46388	-4.89833	0
-5.41234	-4.92041	0.312823	-5.41234	-4.92041	0
-4.41821	-4.92256	0.340538	-4.41821	-4.92256	0
-3.37898	-4.92826	0.305172	-3.37898	-4.92826	0
-2.37751	-4.89162	0.342855	-2.37751	-4.89162	0
-1.33104	-4.92903	0.300411	-1.33104	-4.92903	0
-0.267692	-3.8507	0.318066	-0.267692	-3.8507	0
0.815056	-3.84677	0.302688	0.815056	-3.84677	0
1.83227	-3.86845	0.318799	1.83227	-3.86845	0
2.83321	-3.86444	0.320584	2.83321	-3.86444	0
3.85095	-3.92241	0.308615	3.85095	-3.92241	0
4.92389	-3.84891	0.322451	4.92389	-3.84891	0
5.93576	-3.87114	0.322995	5.93576	-3.87114	0
7.0084	-3.87313	0.336597	7.0084	-3.87313	0
8.03345	-3.85164	0.327296	8.03345	-3.85164	0
9.06811	-3.80156	0.32139	9.06811	-3.80156	0
10.1075	-3.87522	0.342472	10.1075	-3.87522	0
11.0998	-3.88186	0.32633	11.0998	-3.88186	0
-11.5333	-3.83236	0.322312	-11.5333	-3.83236	0
-10.5267	-3.8564	0.300651	-10.5267	-3.8564	0
-9.54367	-3.81804	0.320045	-9.54367	-3.81804	0
-8.50809	-3.81338	0.320551	-8.50809	-3.81338	0
-7.48026	-3.79757	0.28817	-7.48026	-3.79757	0
-6.43969	-3.82233	0.344562	-6.43969	-3.82233	0
-5.39914	-3.89089	0.315713	-5.39914	-3.89089	0
-4.40353	-3.93501	0.349841	-4.40353	-3.93501	0
-3.40162	-3.89626	0.307454	-3.40162	-3.89626	0
-2.30521	-3.85661	0.335289	-2.30521	-3.85661	0
-1.28659	-3.89211	0.327393	-1.28659	-3.89211	0
-0.268776	-2.84718	0.313249	-0.268776	-2.84718	0
0.798871	-2.86284	0.316007	0.798871	-2.86284	0
1.82704	-2.84692	0.323066	1.82704	-2.84692	0
2.82397	-2.80919	0.32863	2.82397	-2.80919	0
3.88622	-2.81911	0.314165	3.88622	-2.81911	0
4.84506	-2.80353	0.330943	4.84506	-2.80353	0
5.9056	-2.81907	0.319812	5.9056	-2.81907	0
6.94472	-2.83801	0.334072	6.94472	-2.83801	0
7.99383	-2.77426	0.316494	7.99383	-2.77426	0
9.01277	-2.84302	0.318357	9.01277	-2.84302	0
10.0113	-2.84624	0.324945	10.0113	-2.84624	0
11.0718	-2.84168	0.310207	11.0718	-2.84168	0
-11.623	-2.83503	0.331568	-11.623	-2.83503	0
-10.537	-2.82476	0.279023	-10.537	-2.82476	0
-9.49157	-2.75167	0.292471	-9.49157	-2.75167	0
-8.46431	-2.777	0.286951	-8.46431	-2.777	0
-7.46657	-2.8292	0.298627	-7.46657	-2.8292	0
-6.49274	-2.77591	0.331903	-6.49274	-2.77591	0
-5.45252	-2.85542	0.328856	-5.45252	-2.85542	0
-4.36141	-2.81343	0.310216	-4.36141	-2.81343	0
-3.28547	-2.91842	0.32759	-3.28547	-2.91842	0
-2.33418	-2.87725	0.317189	-2.33418	-2.87725	0
-1.28517	-2.84934	0.291615	-1.28517	-2.84934	0
-0.22006	-1.83911	0.326262	-0.22006	-1.83911	0
0.786159	-1.80827	0.333094	0.786159	-1.80827	0
1.83774	-1.81275	0.317897	1.83774	-1.81275	0
2.84708	-1.78323	0.327401	2.84708	-1.78323	0
3.87111	-1.7723	0.307996	3.87111	-1.7723	0
4.8791	-1.74246	0.32328	4.8791	-1.74246	0
5.90701	-1.76518	0.308302	5.90701	-1.76518	0
6.92254	-1.81522	0.326047	6.92254	-1.81522	0
7.98502	-1.78835	0.341099	7.98502	-1.78835	0
8.97486	-1.80517	0.277818	8.97486	-1.80517	0
10.101	-1.80276	0.303875	10.101	-1.80276	0
11.0924	-1.83948	0.347773	11.0924	-1.83948	0
-11.6801	-1.82668	0.341426	-11.6801	-1.82668	0
-10.6468	-1.87529	0.330602	-10.6468	-1.87529	0
-9.50298	-1.78895	0.293403	-9.50298	-1.78895	0
-8.47298	-1.71035	0.307389	-8.47298	-1.71035	0
-7.46885	-1.7481	0.315083	-7.46885	-1.7481	0
-6.41828	-1.74124	0.300939	-6.41828	-1.74124	0
-5.41569	-1.78863	0.295168	-5.41569	-1.78863	0
-4.43384	-1.79732	0.301231	-4.43384	-1.79732	0
-3.39772	-1.83105	0.310981	-3.39772	-1.83105	0
-2.30659	-1.79995	0.312816	-2.30659	-1.79995	0
-1.31141	-1.833	0.318251	-1.31141	-1.833	0
-0.256289	-0.725082	0.317571	-0.256289	-0.725082	0
0.723768	-0.767602	0.316669	0.723768	-0.767602	0
1.7524	-0.760712	0.325585	1.7524	-0.760712	0
2.82283	-0.810318	0.310708	2.82283	-0.810318	0
3.86206	-0.803615	0.308768	3.86206	-0.803615	0
4.8765	-0.713305	0.329746	4.8765	-0.713305	0
5.91634	-0.748196	0.327742	5.91634	-0.748196	0
6.91101	-0.767873	0.303804	6.91101	-0.767873	0
8.00633	-0.759026	0.335201	8.00633	-0.759026	0
9.05835	-0.72131	0.311546	9.05835	-0.72131	0
10.0499	-0.83605	0.333356	10.0499	-0.83605	0
11.0726	-0.859834	0.295578	11.0726	-0.859834	0
-11.6684	-0.800043	0.329786	-11.6684	-0.800043	0
-10.6285	-0.785767	0.311003	-10.6285	-0.785767	0
-9.59361	-0.76766	0.30458	-9.59361	-0.76766	0
-8.48801	-0.674987	0.328612	-8.48801	-0.674987	0
-7.51026	-0.706769	0.337365	-7.51026	-0.706769	0
-6.45755	-0.679015	0.351428	-6.45755	-0.679015	0
-5.41228	-0.72026	0.331884	-5.41228	-0.72026	0
-4.39456	-0.804813	0.32134	-4.39456	-0.804813	0
-3.37022	-0.823823	0.323605	-3.37022	-0.823823	0
-2.28133	-0.816365	0.317242	-2.28133	-0.816365	0
-1.25285	-0.770861	0.325848	-1.25285	-0.770861	0
