-0.448427	-0.247302	-0.313536	-0.448427	-0.247302	0
0.550125	-0.247737	-0.305684	0.550125	-0.247737	0
1.53357	-0.294893	-0.290237	1.53357	-0.294893	0
2.56899	-0.352835	-0.303815	2.56899	-0.352835	0
3.64714	-0.262879	-0.321749	3.64714	-0.262879	0
4.65663	-0.298324	-0.331125	4.65663	-0.298324	0
5.69534	-0.257148	-0.335474	5.69534	-0.257148	0
6.76188	-0.243456	-0.312975	6.76188	-0.243456	0
7.83701	-0.252919	-0.32768	7.83701	-0.252919	0
8.85294	-0.237953	-0.320937	8.85294	-0.237953	0
9.91928	-0.254763	-0.332759	9.91928	-0.254763	0
10.8898	-0.241335	-0.308203	10.8898	-0.241335	0
11.8708	-0.210603	-0.334825	11.8708	-0.210603	0
-10.8859	-0.293741	-0.315584	-10.8859	-0.293741	0
-9.8112	-0.247902	-0.3259	-9.8112	-0.247902	0
-8.76137	-0.237087	-0.334211	-8.76137	-0.237087	0
-7.79213	-0.237788	-0.307658	-7.79213	-0.237788	0
-6.72869	-0.184413	-0.322435	-6.72869	-0.184413	0
-5.67551	-0.271812	-0.315805	-5.67551	-0.271812	0
-4.60276	-0.237281	-0.323893	-4.60276	-0.237281	0
-3.50054	-0.249185	-0.331657	-3.50054	-0.249185	0
-2.532	-0.275214	-0.312205	-2.532	-0.275214	0
-1.52933	-0.33057	-0.3089	-1.52933	-0.33057	0
-0.455102	0.767921	-0.335003	-0.455102	0.767921	0
0.62437	0.822113	-0.320376	0.62437	0.822113	0
1.63973	0.767965	-0.303158	1.63973	0.767965	0
2.64781	0.668556	-0.337322	2.64781	0.668556	0
3.64197	0.748818	-0.32078	3.64197	0.748818	0
4.63433	0.765836	-0.335686	4.63433	0.765836	0
5.64789	0.774599	-0.327851	5.64789	0.774599	0
6.74289	0.733739	-0.288667	6.74289	0.733739	0
7.73948	0.813475	-0.319218	7.73948	0.813475	0
8.81798	0.801131	-0.315764	8.81798	0.801131	0
9.8491	0.827471	-0.321823	9.8491	0.827471	0
10.8654	0.801102	-0.321777	10.8654	0.801102	0
-11.8888	0.793341	-0.333164	-11.8888	0.793341	0
-10.8259	0.773358	-0.336743	-10.8259	0.773358	0
-9.7891	0.793026	-0.287363	-9.7891	0.793026	0
-8.75494	0.825635	-0.338636	-8.75494	0.825635	0
-7.73577	0.820503	-0.329738	-7.73577	0.820503	0
-6.64091	0.809447	-0.326103	-6.64091	0.809447	0
-5.63892	0.778269	-0.327045	-5.63892	0.778269	0
-4.58765	0.780342	-0.316252	-4.58765	0.780342	0
-3.57795	0.800305	-0.317313	-3.57795	0.800305	0
-2.49296	0.790689	-0.343831	-2.49296	0.790689	0
-1.48603	0.722702	-0.316454	-1.48603	0.722702	0
-0.407416	1.77888	-0.312844	-0.407416	1.77888	0
0.622947	1.78147	-0.345593	0.622947	1.78147	0
1.61649	1.82956	-0.302059	1.61649	1.82956	0
2.6287	1.78226	-0.331578	2.6287	1.78226	0
3.64783	1.79647	-0.328193	3.64783	1.79647	0
4.63697	1.72859	-0.330274	4.63697	1.72859	0
5.67477	1.82546	-0.306199	5.67477	1.82546	0
6.75635	1.78006	-0.308348	6.75635	1.78006	0
7.77438	1.8525	-0.298454	7.77438	1.8525	0
8.82445	1.84961	-0.341928	8.82445	1.84961	0
9.89422	1.84053	-0.334803	9.89422	1.84053	0
10.9059	1.82419	-0.316573	10.9059	1.82419	0
-11.8698	1.85777	-0.316065	-11.8698	1.85777	0
-10.7725	1.81279	-0.310816	-10.7725	1.81279	0
-9.77298	1.8538	-0.288722	-9.77298	1.8538	0
-8.69146	1.84689	-0.320615	-8.69146	1.84689	0
-7.63873	1.88858	-0.328602	-7.63873	1.88858	0
-6.61313	1.85117	-0.312907	-6.61313	1.85117	0
-5.59478	1.81638	-0.315968	-5.59478	1.81638	0
-4.54449	1.89483	-0.297588	-4.54449	1.89483	0
-3.5074	1.8113	-0.318531	-3.5074	1.8113	0
-2.48997	1.77489	-0.334117	-2.48997	1.77489	0
-1.50319	1.78408	-0.293855	-1.50319	1.78408	0
-0.43612	2.84509	-0.32223	-0.43612	2.84509	0
0.612248	2.8166	-0.30197	0.612248	2.8166	0
1.66384	2.86553	-0.336109	1.66384	2.86553	0
2.64213	2.77593	-0.307779	2.64213	2.77593	0
3.65853	2.79876	-0.334123	3.65853	2.79876	0
4.71221	2.78305	-0.318502	4.71221	2.78305	0
5.72308	2.81193	-0.327786	5.72308	2.81193	0
6.74182	2.84393	-0.341372	6.74182	2.84393	0
7.77226	2.81245	-0.307586	7.77226	2.81245	0
8.81798	2.82913	-0.315001	8.81798	2.82913	0
9.96071	2.88536	-0.317926	9.96071	2.88536	0
10.9008	2.92297	-0.328318	10.9008	2.92297	0
-11.853	2.88837	-0.316399	-11.853	2.88837	0
-10.746	2.8303	-0.314435	-10.746	2.8303	0
-9.70828	2.80044	-0.329172	-9.70828	2.80044	0
-8.72373	2.87491	-0.31471	-8.72373	2.87491	0
-7.71243	2.88193	-0.312654	-7.71243	2.88193	0
-6.69899	2.90021	-0.338471	-6.69899	2.90021	0
-5.61861	2.85896	-0.322175	-5.61861	2.85896	0
-4.59293	2.88358	-0.293244	-4.59293	2.88358	0
-3.52684	2.86605	-0.333657	-3.52684	2.86605	0
-2.54378	2.77875	-0.306275	-2.54378	2.77875	0
-1.46622	2.8055	-0.333455	-1.46622	2.8055	0
-0.382841	3.84196	-0.332929	-0.382841	3.84196	0
0.600071	3.88977	-0.325177	0.600071	3.88977	0
1.63138	3.86097	-0.303494	1.63138	3.86097	0
2.67313	3.87104	-0.318924	2.67313	3.87104	0
3.7549	3.82284	-0.32186	3.7549	3.82284	0
4.76423	3.85024	-0.3311	4.76423	3.85024	0
5.78525	3.85673	-0.322502	5.78525	3.85673	0
6.77036	3.85751	-0.317476	6.77036	3.85751	0
7.77492	3.88955	-0.335474	7.77492	3.88955	0
8.76579	3.89244	-0.329923	8.76579	3.89244	0
9.8606	3.8696	-0.344928	9.8606	3.8696	0
10.9631	3.91262	-0.302554	10.9631	3.91262	0
-11.8328	3.89634	-0.305739	-11.8328	3.89634	0
-10.7901	3.89558	-0.314473	-10.7901	3.89558	0
-9.76091	3.85311	-0.317686	-9.76091	3.85311	0
-8.71383	3.9135	-0.329957	-8.71383	3.9135	0
-7.70568	3.90453	-0.309562	-7.70568	3.90453	0
-6.66874	3.8967	-0.342221	-6.66874	3.8967	0
-5.63977	3.84755	-0.320546	-5.63977	3.84755	0
-4.59954	3.8895	-0.33182	-4.59954	3.8895	0
-3.57754	3.88692	-0.31273	-3.57754	3.88692	0
-2.49207	3.82304	-0.296981	-2.49207	3.82304	0
-1.46328	3.87838	-0.313517	-1.46328	3.87838	0
-0.464792	4.87627	-0.348972	-0.464792	4.87627	0
0.610091	4.94438	-0.317357	0.610091	4.94438	0
1.64926	4.91629	-0.325406	1.64926	4.91629	0
2.68708	4.86686	-0.319779	2.68708	4.86686	0
3.68184	4.85614	-0.32566	3.68184	4.85614	0
4.73579	4.91098	-0.285939	4.73579	4.91098	0
5.77058	4.86097	-0.334077	5.77058	4.86097	0
6.74642	4.91458	-0.284931	6.74642	4.91458	0
7.75346	4.92918	-0.2968	7.75346	4.92918	0
8.81419	4.98407	-0.307985	8.81419	4.98407	0
9.8959	4.977	-0.326745	9.8959	4.977	0
10.8522	4.97075	-0.298654	10.8522	4.97075	0
-11.8062	4.94928	-0.315892	-11.8062	4.94928	0
-10.7507	4.89258	-0.334284	-10.7507	4.89258	0
-9.75254	4.912	-0.336676	-9.75254	4.912	0
-8.74722	4.9451	-0.31979	-8.74722	4.9451	0
-7.71679	4.93295	-0.331615	-7.71679	4.93295	0
-6.70025	4.90814	-0.292284	-6.70025	4.90814	0
-5.5912	4.86758	-0.308108	-5.5912	4.86758	0
-4.63088	4.8735	-0.277094	-4.63088	4.8735	0
-3.54118	4.92323	-0.330544	-3.54118	4.92323	0
-2.45945	4.87393	-0.312107	-2.45945	4.87393	0
-1.49427	4.85896	-0.317717	-1.49427	4.85896	0
-0.440738	5.92764	-0.317022	-0.440738	5.92764	0
0.572262	5.93731	-0.32351	0.572262	5.93731	0
1.65196	5.9233	-0.304688	1.65196	5.9233	0
2.66279	5.9194	-0.306799	2.66279	5.9194	0
3.70458	5.91378	-0.320121	3.70458	5.91378	0
4.69634	5.89054	-0.294508	4.69634	5.89054	0
5.74729	5.9157	-0.335395	5.74729	5.9157	0
6.76432	5.96766	-0.347807	6.76432	5.96766	0
7.76192	5.97637	-0.320274	7.76192	5.97637	0
8.81736	6.00082	-0.306438	8.81736	6.00082	0
9.92546	5.99483	-0.339141	9.92546	5.99483	0
10.9595	5.9321	-0.317208	10.9595	5.9321	0
-11.8064	5.92428	-0.313708	-11.8064	5.92428	0
-10.7868	5.92036	-0.330289	-10.7868	5.92036	0
-9.79235	5.94921	-0.31543	-9.79235	5.94921	0
-8.72947	6.02013	-0.327174	-8.72947	6.02013	0
-7.7247	5.95635	-0.282467	-7.7247	5.95635	0
-6.71318	5.9893	-0.333421	-6.71318	5.9893	0
-5.661	5.90315	-0.320044	-5.661	5.90315	0
-4.58663	5.88668	-0.313457	-4.58663	5.88668	0
-3.53261	5.89984	-0.31239	-3.53261	5.89984	0
-2.5049	5.95865	-0.350147	-2.5049	5.95865	0
-1.49608	5.88234	-0.354409	-1.49608	5.88234	0
-0.415367	6.99639	-0.315816	-0.415367	6.99639	0
0.586695	6.92687	-0.298849	0.586695	6.92687	0
1.63143	6.99633	-0.323812	1.63143	6.99633	0
2.64205	6.96913	-0.333004	2.64205	6.96913	0
3.63525	6.96384	-0.334305	3.63525	6.96384	0
4.68737	6.98936	-0.311769	4.68737	6.98936	0
5.75763	6.95816	-0.344737	5.75763	6.95816	0
6.84363	7.01079	-0.331599	6.84363	7.01079	0
7.83536	7.00289	-0.344222	7.83536	7.00289	0
8.9327	6.99138	-0.326182	8.9327	6.99138	0
9.9858	6.97327	-0.346528	9.9858	6.97327	0
10.9737	7.0106	-0.346849	10.9737	7.0106	0
-11.8061	6.94267	-0.332655	-11.8061	6.94267	0
-10.8023	6.97414	-0.307855	-10.8023	6.97414	0
-9.72722	6.93607	-0.320271	-9.72722	6.93607	0
-8.73117	6.99633	-0.308915	-8.73117	6.99633	0
-7.68061	6.96942	-0.279783	-7.68061	6.96942	0
-6.6914	6.9984	-0.300975	-6.6914	6.9984	0
-5.63731	6.91925	-0.322255	-5.63731	6.91925	0
-4.596	6.94272	-0.300634	-4.596	6.94272	0
-3.52596	6.96168	-0.314865	-3.52596	6.96168	0
-2.51596	6.92117	-0.332872	-2.51596	6.92117	0
-1.43628	6.97577	-0.341658	-1.43628	6.97577	0
-0.430686	7.96644	-0.305524	-0.430686	7.96644	0
0.612029	7.99525	-0.3314	0.612029	7.99525	0
1.65116	7.97459	-0.295377	1.65116	7.97459	0
2.65164	8.02543	-0.32146	2.65164	8.02543	0
3.71424	7.93482	-0.31499	3.71424	7.93482	0
4.76707	7.96095	-0.31577	4.76707	7.96095	0
5.82768	7.9956	-0.302706	5.82768	7.9956	0
6.84259	7.99719	-0.314792	6.84259	7.99719	0
7.93905	8.03435	-0.321156	7.93905	8.03435	0
8.97731	8.01913	-0.319489	8.97731	8.01913	0
9.96757	7.9944	-0.316579	9.96757	7.9944	0
10.9966	8.00925	-0.318332	10.9966	8.00925	0
-11.7854	7.97145	-0.326524	-11.7854	7.97145	0
-10.757	8.02935	-0.341221	-10.757	8.02935	0
-9.73733	7.97153	-0.315824	-9.73733	7.97153	0
-8.73338	8.01464	-0.343414	-8.73338	8.01464	0
-7.68672	7.98131	-0.320059	-7.68672	7.98131	0
-6.61218	8.01213	-0.286796	-6.61218	8.01213	0
-5.62953	7.97328	-0.316967	-5.62953	7.97328	0
-4.55455	7.97076	-0.319323	-4.55455	7.97076	0
-3.48497	7.98387	-0.335091	-3.48497	7.98387	0
-2.47065	7.91396	-0.334826	-2.47065	7.91396	0
-1.44637	8.02065	-0.304286	-1.44637	8.02065	0
-0.364543	9.03187	-0.321027	-0.364543	9.03187	0
0.63566	9.08056	-0.311353	0.63566	9.08056	0
1.69259	9.01293	-0.301811	1.69259	9.01293	0
2.68302	9.03768	-0.292885	2.68302	9.03768	0
3.75374	8.99466	-0.326949	3.75374	8.99466	0
4.81012	9.01468	-0.337005	4.81012	9.01468	0
5.81228	8.97212	-0.31495	5.81228	8.97212	0
6.86315	9.05386	-0.334363	6.86315	9.05386	0
7.90723	9.1043	-0.311573	7.90723	9.1043	0
8.98892	9.03001	-0.288895	8.98892	9.03001	0
9.97077	9.08037	-0.324205	9.97077	9.08037	0
10.9754	9.04683	-0.345048	10.9754	9.04683	0
-11.7964	8.93752	-0.340797	-11.7964	8.93752	0
-10.7669	9.04318	-0.349266	-10.7669	9.04318	0
-9.70502	9.02424	-0.308516	-9.70502	9.02424	0
-8.69515	9.03402	-0.281239	-8.69515	9.03402	0
-7.6674	8.99309	-0.313282	-7.6674	8.99309	0
-6.67278	9.0531	-0.335703	-6.67278	9.0531	0
-5.61076	9.04067	-0.316441	-5.61076	9.04067	0
-4.57926	8.9981	-0.302843	-4.57926	8.9981	0
-3.49409	8.99587	-0.348997	-3.49409	8.99587	0
-2.44534	8.96991	-0.309959	-2.44534	8.96991	0
-1.38279	9.02398	-0.30676	-1.38279	9.02398	0
-0.37784	10.0393	-0.328141	-0.37784	10.0393	0
0.630873	10.0797	-0.306045	0.630873	10.0797	0
1.65352	10.0631	-0.304356	1.65352	10.0631	0
2.78457	10.0718	-0.295669	2.78457	10.0718	0
3.71577	10.0107	-0.292815	3.71577	10.0107	0
4.79873	10.0397	-0.341223	4.79873	10.0397	0
5.86519	9.99103	-0.314923	5.86519	9.99103	0
6.89611	10.0512	-0.307691	6.89611	10.0512	0
7.88546	10.0675	-0.305378	7.88546	10.0675	0
8.96067	10.0128	-0.286155	8.96067	10.0128	0
9.9985	10.0364	-0.289049	9.9985	10.0364	0
11.031	10.1087	-0.307211	11.031	10.1087	0
-11.7958	10.0589	-0.30087	-11.7958	10.0589	0
-10.7383	10.0192	-0.31141	-10.7383	10.0192	0
-9.73691	10.0152	-0.32251	-9.73691	10.0152	0
-8.68215	10.0737	-0.323866	-8.68215	10.0737	0
-7.64497	10.0933	-0.337423	-7.64497	10.0933	0
-6.60435	10.1173	-0.311034	-6.60435	10.1173	0
-5.62348	10.0199	-0.319768	-5.62348	10.0199	0
-4.58039	9.97458	-0.307728	-4.58039	9.97458	0
-3.54493	10.0352	-0.295904	-3.54493	10.0352	0
-2.5287	9.95023	-0.327502	-2.5287	9.95023	0
-1.44484	10.095	-0.333635	-1.44484	10.095	0
-0.432186	11.1224	-0.281328	-0.432186	11.1224	0
0.668192	11.1516	-0.296348	0.668192	11.1516	0
1.67333	11.0534	-0.326158	1.67333	11.0534	0
2.66475	11.0967	-0.328421	2.66475	11.0967	0
3.75823	11.0764	-0.304863	3.75823	11.0764	0
4.68671	11.0312	-0.287079	4.68671	11.0312	0
5.76134	11.0364	-0.301889	5.76134	11.0364	0
6.80225	11.0442	-0.284649	6.80225	11.0442	0
7.85586	11.0757	-0.326405	7.85586	11.0757	0
8.9393	11.076	-0.328601	8.9393	11.076	0
9.98424	11.0616	-0.307799	9.98424	11.0616	0
10.9864	11.118	-0.275225	10.9864	11.118	0
-11.7873	11.0902	-0.33642	-11.7873	11.0902	0
-10.7523	11.1228	-0.318847	-10.7523	11.1228	0
-9.73295	11.0967	-0.318682	-9.73295	11.0967	0
-8.6979	11.1395	-0.298369	-8.6979	11.1395	0
-7.64601	11.1689	-0.31507	-7.64601	11.1689	0
-6.59975	11.1009	-0.318965	-6.59975	11.1009	0
-5.50801	11.1145	-0.298439	-5.50801	11.1145	0
-4.53565	11.0085	-0.2979	-4.53565	11.0085	0
-3.50738	11.0862	-0.272022	-3.50738	11.0862	0
-2.4946	11.0075	-0.315356	-2.4946	11.0075	0
-1.40212	11.0731	-0.319455	-1.40212	11.0731	0
-0.394957	-11.6638	-0.326261	-0.394957	-11.6638	0
0.584885	-11.6107	-0.321711	0.584885	-11.6107	0
1.67248	-11.5934	-0.311586	1.67248	-11.5934	0
2.6393	-11.6425	-0.315639	2.6393	-11.6425	0
3.70494	-11.6699	-0.3085	3.70494	-11.6699	0
4.70214	-11.6704	-0.318456	4.70214	-11.6704	0
5.73586	-11.6922	-0.301971	5.73586	-11.6922	0
6.76108	-11.674	-0.326173	6.76108	-11.674	0
7.83357	-11.6499	-0.326542	7.83357	-11.6499	0
8.97067	-11.6397	-0.309364	8.97067	-11.6397	0
9.99869	-11.7109	-0.293275	9.99869	-11.7109	0
10.9969	-11.6179	-0.331305	10.9969	-11.6179	0
-11.7869	-11.6766	-0.342613	-11.7869	-11.6766	0
-10.7265	-11.6938	-0.297567	-10.7265	-11.6938	0
-9.70936	-11.6632	-0.348414	-9.70936	-11.6632	0
-8.71964	-11.6239	-0.330243	-8.71964	-11.6239	0
-7.63542	-11.6195	-0.330156	-7.63542	-11.6195	0
-6.65793	-11.596	-0.332886	-6.65793	-11.596	0
-5.62044	-11.7066	-0.301529	-5.62044	-11.7066	0
-4.56396	-11.6643	-0.316024	-4.56396	-11.6643	0
-3.51739	-11.7245	-0.305378	-3.51739	-11.7245	0
-2.466	-11.7502	-0.309892	-2.466	-11.7502	0
-1.45423	-11.6756	-0.339552	-1.45423	-11.6756	0
-0.392512	-10.5787	-0.319842	-0.392512	-10.5787	0
0.618648	-10.6043	-0.335188	0.618648	-10.6043	0
1.69432	-10.5431	-0.30534	1.69432	-10.5431	0
2.70566	-10.6239	-0.339393	2.70566	-10.6239	0
3.73468	-10.6331	-0.301503	3.73468	-10.6331	0
4.76335	-10.6617	-0.329601	4.76335	-10.6617	0
5.72192	-10.694	-0.322347	5.72192	-10.694	0
6.76644	-10.6553	-0.334834	6.76644	-10.6553	0
7.86307	-10.6131	-0.318206	7.86307	-10.6131	0
8.8675	-10.6606	-0.313124	8.8675	-10.6606	0
9.91458	-10.6023	-0.313752	9.91458	-10.6023	0
10.9637	-10.5644	-0.33253	10.9637	-10.5644	0
-11.7732	-10.5878	-0.330601	-11.7732	-10.5878	0
-10.7919	-10.6308	-0.302434	-10.7919	-10.6308	0
-9.74801	-10.6376	-0.332192	-9.74801	-10.6376	0
-8.68215	-10.597	-0.314884	-8.68215	-10.597	0
-7.70459	-10.5831	-0.319101	-7.70459	-10.5831	0
-6.63473	-10.5673	-0.318626	-6.63473	-10.5673	0
-5.60616	-10.6295	-0.320929	-5.60616	-10.6295	0
-4.55309	-10.6503	-0.277409	-4.55309	-10.6503	0
-3.53102	-10.666	-0.292742	-3.53102	-10.666	0
-2.45559	-10.7146	-0.30297	-2.45559	-10.7146	0
-1.45736	-10.6652	-0.335321	-1.45736	-10.6652	0
-0.42516	-9.57885	-0.296008	-0.42516	-9.57885	0
0.621975	-9.58416	-0.294389	0.621975	-9.58416	0
1.66313	-9.56746	-0.326776	1.66313	-9.56746	0
2.7419	-9.57837	-0.308357	2.7419	-9.57837	0
3.73716	-9.61857	-0.341502	3.73716	-9.61857	0
4.78962	-9.58793	-0.328334	4.78962	-9.58793	0
5.79145	-9.5937	-0.323805	5.79145	-9.5937	0
6.80477	-9.54442	-0.314748	6.80477	-9.54442	0
7.87514	-9.52959	-0.308113	7.87514	-9.52959	0
8.88499	-9.57337	-0.289463	8.88499	-9.57337	0
9.92584	-9.55055	-0.320483	9.92584	-9.55055	0
10.924	-9.51572	-0.312537	10.924	-9.51572	0
-11.8436	-9.52279	-0.322909	-11.8436	-9.52279	0
-10.7861	-9.53599	-0.295743	-10.7861	-9.53599	0
-9.77925	-9.5776	-0.298094	-9.77925	-9.5776	0
-8.73766	-9.58485	-0.320344	-8.73766	-9.58485	0
-7.71256	-9.56916	-0.306674	-7.71256	-9.56916	0
-6.63057	-9.55561	-0.322173	-6.63057	-9.55561	0
-5.59824	-9.61585	-0.30652	-5.59824	-9.61585	0
-4.542	-9.58593	-0.294354	-4.542	-9.58593	0
-3.58467	-9.53244	-0.318176	-3.58467	-9.53244	0
-2.50797	-9.60309	-0.323962	-2.50797	-9.60309	0
-1.46345	-9.64868	-0.321443	-1.46345	-9.64868	0
-0.396854	-8.51847	-0.314633	-0.396854	-8.51847	0
0.622293	-8.56759	-0.30569	0.622293	-8.56759	0
1.66358	-8.54358	-0.336081	1.66358	-8.54358	0
2.68038	-8.54372	-0.340343	2.68038	-8.54372	0
3.70802	-8.50013	-0.333182	3.70802	-8.50013	0
4.73113	-8.52576	-0.300483	4.73113	-8.52576	0
5.76895	-8.56147	-0.322159	5.76895	-8.56147	0
6.77858	-8.48806	-0.336111	6.77858	-8.48806	0
7.84512	-8.49053	-0.318214	7.84512	-8.49053	0
8.83324	-8.49422	-0.305829	8.83324	-8.49422	0
9.92522	-8.50089	-0.301463	9.92522	-8.50089	0
10.9632	-8.49371	-0.311793	10.9632	-8.49371	0
-11.8518	-8.49096	-0.336909	-11.8518	-8.49096	0
-10.8217	-8.51529	-0.318045	-10.8217	-8.51529	0
-9.80348	-8.59911	-0.32942	-9.80348	-8.59911	0
-8.64897	-8.52993	-0.341121	-8.64897	-8.52993	0
-7.66916	-8.50077	-0.318555	-7.66916	-8.50077	0
-6.66718	-8.5107	-0.319403	-6.66718	-8.5107	0
-5.65588	-8.53441	-0.324779	-5.65588	-8.53441	0
-4.55673	-8.56196	-0.34397	-4.55673	-8.56196	0
-3.53754	-8.52304	-0.281337	-3.53754	-8.52304	0
-2.47327	-8.5883	-0.31954	-2.47327	-8.5883	0
-1.46974	-8.52084	-0.309709	-1.46974	-8.52084	0
-0.420271	-7.49815	-0.297646	-0.420271	-7.49815	0
0.617126	-7.51725	-0.322461	0.617126	-7.51725	0
1.64218	-7.49413	-0.316116	1.64218	-7.49413	0
2.65725	-7.51301	-0.324825	2.65725	-7.51301	0
3.66639	-7.47922	-0.325046	3.66639	-7.47922	0
4.72079	-7.47841	-0.322136	4.72079	-7.47841	0
5.74958	-7.53883	-0.309273	5.74958	-7.53883	0
6.77707	-7.47821	-0.288673	6.77707	-7.47821	0
7.78886	-7.4086	-0.311323	7.78886	-7.4086	0
8.7984	-7.43426	-0.32125	8.7984	-7.43426	0
9.84207	-7.45141	-0.289527	9.84207	-7.45141	0
10.8735	-7.4179	-0.322101	10.8735	-7.4179	0
-11.8126	-7.46375	-0.327437	-11.8126	-7.46375	0
-10.8161	-7.50803	-0.308919	-10.8161	-7.50803	0
-9.80003	-7.51604	-0.316899	-9.80003	-7.51604	0
-8.73776	-7.46812	-0.307219	-8.73776	-7.46812	0
-7.70783	-7.44132	-0.339708	-7.70783	-7.44132	0
-6.65167	-7.47435	-0.291066	-6.65167	-7.47435	0
-5.66244	-7.52219	-0.318341	-5.66244	-7.52219	0
-4.64816	-7.56242	-0.295634	-4.64816	-7.56242	0
-3.51463	-7.47687	-0.319785	-3.51463	-7.47687	0
-2.52989	-7.48526	-0.306654	-2.52989	-7.48526	0
-1.49365	-7.52168	-0.312416	-1.49365	-7.52168	0
-0.487548	-6.48944	-0.338379	-0.487548	-6.48944	0
0.474364	-6.45055	-0.332571	0.474364	-6.45055	0
1.62797	-6.48938	-0.317866	1.62797	-6.48938	0
2.6334	-6.50739	-0.316125	2.6334	-6.50739	0
3.63295	-6.49725	-0.287913	3.63295	-6.49725	0
4.70148	-6.46325	-0.346974	4.70148	-6.46325	0
5.69749	-6.5146	-0.336198	5.69749	-6.5146	0
6.80246	-6.44207	-0.333564	6.80246	-6.44207	0
7.76007	-6.38397	-0.291502	7.76007	-6.38397	0
8.80287	-6.43739	-0.315057	8.80287	-6.43739	0
9.86997	-6.42295	-0.339024	9.86997	-6.42295	0
10.9062	-6.39777	-0.325938	10.9062	-6.39777	0
11.9528	-6.47541	-0.305712	-11.8332	-6.47541	0
-10.7991	-6.4433	-0.298153	-10.7991	-6.4433	0
-9.7955	-6.42714	-0.31454	-9.7955	-6.42714	0
-8.68769	-6.43505	-0.329158	-8.68769	-6.43505	0
-7.61953	-6.42709	-0.326302	-7.61953	-6.42709	0
-6.64615	-6.48078	-0.336607	-6.64615	-6.48078	0
-5.66455	-6.46222	-0.348099	-5.66455	-6.46222	0
-4.61116	-6.52925	-0.30521	-4.61116	-6.52925	0
-3.61992	-6.47997	-0.286053	-3.61992	-6.47997	0
-2.61391	-6.46173	-0.305573	-2.61391	-6.46173	0
-1.53534	-6.49573	-0.337991	-1.53534	-6.49573	0
-0.529718	-5.45943	-0.327247	-0.529718	-5.45943	0
0.546714	-5.36354	-0.324873	0.546714	-5.36354	0
1.59651	-5.3964	-0.288829	1.59651	-5.3964	0
2.59262	-5.43249	-0.321784	2.59262	-5.43249	0
3.62948	-5.48385	-0.318934	3.62948	-5.48385	0
4.64825	-5.41756	-0.317998	4.64825	-5.41756	0
5.69497	-5.46734	-0.321421	5.69497	-5.46734	0
6.73067	-5.41956	-0.28695	6.73067	-5.41956	0
7.79785	-5.36955	-0.320238	7.79785	-5.36955	0
8.84051	-5.40175	-0.317877	8.84051	-5.40175	0
9.85415	-5.34473	-0.31973	9.85415	-5.34473	0
10.9062	-5.35961	-0.325508	10.9062	-5.35961	0
-11.8633	-5.41728	-0.306423	-11.8633	-5.41728	0
-10.8694	-5.44287	-0.299997	-10.8694	-5.44287	0
-9.78828	-5.41798	-0.305074	-9.78828	-5.41798	0
-8.67201	-5.44835	-0.34411	-8.67201	-5.44835	0
-7.67954	-5.3524	-0.294674	-7.67954	-5.3524	0
-6.67116	-5.43347	-0.326503	-6.67116	-5.43347	0
-5.66643	-5.4273	-0.32655	-5.66643	-5.4273	0
-4.7205	-5.45481	-0.313675	-4.7205	-5.45481	0
-3.61903	-5.43339	-0.306612	-3.61903	-5.43339	0
-2.56331	-5.45329	-0.327627	-2.56331	-5.45329	0
-1.57022	-5.47166	-0.306153	-1.57022	-5.47166	0
-0.516459	-4.4112	-0.30229	-0.516459	-4.4112	0
0.525162	-4.40357	-0.317851	0.525162	-4.40357	0
1.54452	-4.36748	-0.330364	1.54452	-4.36748	0
2.55228	-4.41819	-0.324473	2.55228	-4.41819	0
3.59959	-4.44365	-0.326668	3.59959	-4.44365	0
4.6663	-4.44162	-0.320793	4.6663	-4.44162	0
5.75343	-4.4385	-0.310982	5.75343	-4.4385	0
6.76335	-4.37764	-0.338058	6.76335	-4.37764	0
7.81427	-4.39097	-0.321544	7.81427	-4.39097	0
8.89372	-4.38534	-0.320982	8.89372	-4.38534	0
9.87747	-4.30128	-0.314007	9.87747	-4.30128	0
10.9118	-4.37077	-0.326886	10.9118	-4.37077	0
-11.8496	-4.35831	-0.317293	-11.8496	-4.35831	0
-10.7965	-4.34514	-0.307957	-10.7965	-4.34514	0
-9.78349	-4.42984	-0.328292	-9.78349	-4.42984	0
-8.73137	-4.37572	-0.323795	-8.73137	-4.37572	0
-7.70269	-4.34715	-0.300076	-7.70269	-4.34715	0
-6.67367	-4.33618	-0.32992	-6.67367	-4.33618	0
-5.69716	-4.38129	-0.303804	-5.69716	-4.38129	0
-4.63862	-4.37877	-0.307344	-4.63862	-4.37877	0
-3.61262	-4.41733	-0.29707	-3.61262	-4.41733	0
-2.58617	-4.39435	-0.328477	-2.58617	-4.39435	0
-1.50211	-4.42839	-0.303718	-1.50211	-4.42839	0
-0.535242	-3.39298	-0.301309	-0.535242	-3.39298	0
0.510198	-3.33246	-0.339323	0.510198	-3.33246	0
1.54422	-3.34762	-0.336718	1.54422	-3.34762	0
2.60509	-3.31978	-0.336016	2.60509	-3.31978	0
3.62627	-3.43528	-0.304754	3.62627	-3.43528	0
4.69293	-3.41617	-0.324728	4.69293	-3.41617	0
5.71488	-3.37415	-0.31893	5.71488	-3.37415	0
6.78099	-3.37972	-0.314355	6.78099	-3.37972	0
7.82157	-3.36502	-0.318893	7.82157	-3.36502	0
8.83651	-3.26339	-0.30816	8.83651	-3.26339	0
9.83345	-3.29716	-0.304781	9.83345	-3.29716	0
10.898	-3.34362	-0.319391	10.898	-3.34362	0
-11.8432	-3.32584	-0.336379	-11.8432	-3.32584	0
-10.7906	-3.36435	-0.31832	-10.7906	-3.36435	0
-9.77937	-3.40586	-0.326634	-9.77937	-3.40586	0
-8.73106	-3.3655	-0.3312	-8.73106	-3.3655	0
-7.73988	-3.33032	-0.306062	-7.73988	-3.33032	0
-6.7112	-3.36198	-0.309803	-6.7112	-3.36198	0
-5.63758	-3.31123	-0.313207	-5.63758	-3.31123	0
-4.61967	-3.35075	-0.312157	-4.61967	-3.35075	0
-3.55846	-3.331	-0.318581	-3.55846	-3.331	0
-2.60558	-3.35181	-0.309078	-2.60558	-3.35181	0
-1.52295	-3.38156	-0.320409	-1.52295	-3.38156	0
-0.495728	-2.38162	-0.305983	-0.495728	-2.38162	0
0.491546	-2.35443	-0.315811	0.491546	-2.35443	0
1.54154	-2.29719	-0.317314	1.54154	-2.29719	0
2.60571	-2.35667	-0.302646	2.60571	-2.35667	0
3.64007	-2.35631	-0.286553	3.64007	-2.35631	0
4.69009	-2.35194	-0.304805	4.69009	-2.35194	0
5.66532	-2.32922	-0.324515	5.66532	-2.32922	0
6.75423	-2.33226	-0.284234	6.75423	-2.33226	0
7.79539	-2.33162	-0.353955	7.79539	-2.33162	0
8.83164	-2.27098	-0.326838	8.83164	-2.27098	0
9.85	-2.28779	-0.330488	9.85	-2.28779	0
10.8548	-2.2998	-0.332757	10.8548	-2.2998	0
-11.9303	-2.34647	-0.315138	11.8557	-2.34647	0
-10.8755	-2.30853	-0.330868	-10.8755	-2.30853	0
-9.82392	-2.34198	-0.293008	-9.82392	-2.34198	0
-8.80069	-2.29692	-0.313567	-8.80069	-2.29692	0
-7.77385	-2.29416	-0.3243	-7.77385	-2.29416	0
-6.76027	-2.35668	-0.316957	-6.76027	-2.35668	0
-5.70851	-2.29593	-0.329014	-5.70851	-2.29593	0
-4.67244	-2.31287	-0.302816	-4.67244	-2.31287	0
-3.65607	-2.30311	-0.309523	-3.65607	-2.30311	0
-2.66438	-2.3391	-0.309136	-2.66438	-2.3391	0
-1.598	-2.30263	-0.319832	-1.598	-2.30263	0
-0.484151	-1.30365	-0.320795	-0.484151	-1.30365	0
0.50228	-1.3122	-0.32917	0.50228	-1.3122	0
1.5575	-1.30193	-0.327252	1.5575	-1.30193	0
2.61113	-1.3549	-0.27542	2.61113	-1.3549	0
3.68161	-1.35705	-0.322249	3.68161	-1.35705	0
4.71165	-1.33491	-0.316906	4.71165	-1.33491	0
5.7115	-1.33474	-0.314081	5.7115	-1.33474	0
6.75444	-1.25848	-0.289674	6.75444	-1.25848	0
7.79392	-1.29559	-0.306882	7.79392	-1.29559	0
8.80576	-1.23363	-0.317252	8.80576	-1.23363	0
9.9021	-1.25169	-0.341009	9.9021	-1.25169	0
10.8836	-1.21805	-0.285908	10.8836	-1.21805	0
-11.9248	-1.33546	-0.322752	11.8612	-1.33546	0
-10.8797	-1.30297	-0.304446	-10.8797	-1.30297	0
-9.82061	-1.26093	-0.33143	-9.82061	-1.26093	0
-8.78046	-1.28527	-0.298419	-8.78046	-1.28527	0
-7.69818	-1.2788	-0.323722	-7.69818	-1.2788	0
-6.69337	-1.29501	-0.311093	-6.69337	-1.29501	0
-5.67564	-1.27922	-0.309811	-5.67564	-1.27922	0
-4.69934	-1.23928	-0.297266	-4.69934	-1.23928	0
-3.63661	-1.28186	-0.330591	-3.63661	-1.28186	0
-2.61092	-1.30706	-0.329593	-2.61092	-1.30706	0
-1.54747	-1.31565	-0.324818	-1.54747	-1.31565	0
0.0407407	0.259882	0.338662	0.0407407	0.259882	0
1.04811	0.257915	0.360906	1.04811	0.257915	0
2.11802	0.190567	0.309732	2.11802	0.190567	0
3.14724	0.201879	0.347367	3.14724	0.201879	0
4.14761	0.218418	0.331567	4.14761	0.218418	0
5.1819	0.158765	0.302781	5.1819	0.158765	0
6.19601	0.257798	0.322981	6.19601	0.257798	0
7.27571	0.284733	0.334442	7.27571	0.284733	0
8.31826	0.270378	0.298738	8.31826	0.270378	0
9.37933	0.306248	0.325275	9.37933	0.306248	0
10.3925	0.260106	0.315526	10.3925	0.260106	0
11.3907	0.278386	0.322461	11.3907	0.278386	0
-11.3634	0.278707	0.303832	-11.3634	0.278707	0
-10.3246	0.232977	0.320426	-10.3246	0.232977	0
-9.28583	0.278409	0.315062	-9.28583	0.278409	0
-8.26605	0.338283	0.312353	-8.26605	0.338283	0
-7.24265	0.307891	0.32413	-7.24265	0.307891	0
-6.15524	0.27577	0.303213	-6.15524	0.27577	0
-5.1399	0.298641	0.317462	-5.1399	0.298641	0
-4.05484	0.279149	0.281381	-4.05484	0.279149	0
-3.02649	0.339527	0.304388	-3.02649	0.339527	0
-2.01019	0.242708	0.318831	-2.01019	0.242708	0
-1.0432	0.18208	0.312321	-1.0432	0.18208	0
0.0893823	1.26857	0.309919	0.0893823	1.26857	0
1.11793	1.33204	0.318313	1.11793	1.33204	0
2.19216	1.2355	0.339305	2.19216	1.2355	0
3.13196	1.24448	0.298024	3.13196	1.24448	0
4.10227	1.27653	0.314412	4.10227	1.27653	0
5.14719	1.28511	0.322853	5.14719	1.28511	0
6.15736	1.28721	0.31762	6.15736	1.28721	0
7.23873	1.31549	0.343198	7.23873	1.31549	0
8.31381	1.34737	0.333681	8.31381	1.34737	0
9.33809	1.31275	0.326486	9.33809	1.31275	0
10.3864	1.34734	0.318974	10.3864	1.34734	0
11.3762	1.33043	0.322379	11.3762	1.33043	0
-11.3142	1.28368	0.30685	-11.3142	1.28368	0
-10.3017	1.29881	0.326583	-10.3017	1.29881	0
-9.23992	1.29137	0.327578	-9.23992	1.29137	0
-8.1817	1.31729	0.288758	-8.1817	1.31729	0
-7.14185	1.32384	0.289612	-7.14185	1.32384	0
-6.07724	1.30755	0.333596	-6.07724	1.30755	0
-5.10605	1.30023	0.28556	-5.10605	1.30023	0
-4.11597	1.28509	0.311925	-4.11597	1.28509	0
-3.01518	1.26938	0.335168	-3.01518	1.26938	0
-1.99067	1.26413	0.307089	-1.99067	1.26413	0
-0.920302	1.2507	0.309993	-0.920302	1.2507	0
0.109008	2.28477	0.303113	0.109008	2.28477	0
1.13728	2.34823	0.318453	1.13728	2.34823	0
2.12734	2.30871	0.348589	2.12734	2.30871	0
3.15461	2.2214	0.33527	3.15461	2.2214	0
4.15708	2.32367	0.306286	4.15708	2.32367	0
5.21232	2.32076	0.33968	5.21232	2.32076	0
6.21526	2.28616	0.322557	6.21526	2.28616	0
7.20996	2.30443	0.326709	7.20996	2.30443	0
8.29902	2.33701	0.365877	8.29902	2.33701	0
9.38672	2.35513	0.304958	9.38672	2.35513	0
10.4103	2.35221	0.31709	10.4103	2.35221	0
11.47	2.40924	0.297584	11.47	2.40924	0
-11.3303	2.33901	0.32265	-11.3303	2.33901	0
-10.268	2.3125	0.35573	-10.268	2.3125	0
-9.17703	2.34749	0.318174	-9.17703	2.34749	0
-8.19714	2.33183	0.317788	-8.19714	2.33183	0
-7.16402	2.3458	0.331664	-7.16402	2.3458	0
-6.11965	2.33016	0.30846	-6.11965	2.33016	0
-5.09025	2.29549	0.335097	-5.09025	2.29549	0
-3.98351	2.34248	0.290693	-3.98351	2.34248	0
-3.01338	2.27803	0.327825	-3.01338	2.27803	0
-1.95388	2.32812	0.31743	-1.95388	2.32812	0
-0.947458	2.31796	0.318447	-0.947458	2.31796	0
0.0837771	3.32134	0.310031	0.0837771	3.32134	0
1.10156	3.30553	0.297196	1.10156	3.30553	0
2.16568	3.33033	0.343425	2.16568	3.33033	0
3.21961	3.34923	0.321371	3.21961	3.34923	0
4.22957	3.32613	0.300447	4.22957	3.32613	0
5.25364	3.33024	0.321256	5.25364	3.33024	0
6.27939	3.33274	0.30599	6.27939	3.33274	0
7.30843	3.36409	0.311746	7.30843	3.36409	0
8.32987	3.37786	0.301887	8.32987	3.37786	0
9.35598	3.43896	0.323018	9.35598	3.43896	0
10.4415	3.43835	0.334914	10.4415	3.43835	0
11.4711	3.39638	0.322149	11.4711	3.39638	0
-11.256	3.32459	0.32457	-11.256	3.32459	0
-10.2554	3.3314	0.334538	-10.2554	3.3314	0
-9.25889	3.39834	0.312182	-9.25889	3.39834	0
-8.20853	3.39226	0.318536	-8.20853	3.39226	0
-7.16449	3.4002	0.326829	-7.16449	3.4002	0
-6.12605	3.38947	0.355654	-6.12605	3.38947	0
-5.08459	3.36263	0.33943	-5.08459	3.36263	0
-4.08687	3.35391	0.327567	-4.08687	3.35391	0
-3.06878	3.37174	0.328163	-3.06878	3.37174	0
-2.02089	3.33016	0.343029	-2.02089	3.33016	0
-0.996618	3.32577	0.311383	-0.996618	3.32577	0
0.0937914	4.3295	0.30813	0.0937914	4.3295	0
1.12437	4.44593	0.324335	1.12437	4.44593	0
2.14428	4.41262	0.330962	2.14428	4.41262	0
3.24407	4.34793	0.317323	3.24407	4.34793	0
4.24472	4.37912	0.318546	4.24472	4.37912	0
5.23391	4.34585	0.295393	5.23391	4.34585	0
6.268	4.36707	0.321628	6.268	4.36707	0
7.22498	4.38198	0.330417	7.22498	4.38198	0
8.3031	4.46149	0.315856	8.3031	4.46149	0
9.33651	4.42862	0.305944	9.33651	4.42862	0
10.3334	4.42593	0.330243	10.3334	4.42593	0
11.4366	4.47299	0.293113	11.4366	4.47299	0
-11.3003	4.399	0.282038	-11.3003	4.399	0
-10.2799	4.34494	0.326944	-10.2799	4.34494	0
-9.21896	4.41044	0.326073	-9.21896	4.41044	0
-8.2183	4.42584	0.315776	-8.2183	4.42584	0
-7.20118	4.41141	0.311807	-7.20118	4.41141	0
-6.11984	4.37798	0.336775	-6.11984	4.37798	0
-5.12352	4.36014	0.353118	-5.12352	4.36014	0
-4.05185	4.41396	0.317924	-4.05185	4.41396	0
-2.99452	4.39627	0.288482	-2.99452	4.39627	0
-2.01446	4.373	0.306116	-2.01446	4.373	0
-0.973367	4.35338	0.310894	-0.973367	4.35338	0
0.0975451	5.41424	0.305025	0.0975451	5.41424	0
1.07143	5.43555	0.324533	1.07143	5.43555	0
2.13306	5.41612	0.323365	2.13306	5.41612	0
3.16827	5.37145	0.315219	3.16827	5.37145	0
4.18512	5.39477	0.297149	4.18512	5.39477	0
5.23531	5.37829	0.336473	5.23531	5.37829	0
6.23711	5.41764	0.327674	6.23711	5.41764	0
7.29158	5.46582	0.329525	7.29158	5.46582	0
8.30929	5.52519	0.327162	8.30929	5.52519	0
9.33169	5.45361	0.323892	9.33169	5.45361	0
10.3602	5.47549	0.336098	10.3602	5.47549	0
11.4466	5.46888	0.320991	11.4466	5.46888	0
-11.263	5.42864	0.317767	-11.263	5.42864	0
-10.2833	5.44256	0.292144	-10.2833	5.44256	0
-9.2851	5.46173	0.313367	-9.2851	5.46173	0
-8.23916	5.4623	0.316615	-8.23916	5.4623	0
-7.19957	5.4477	0.318173	-7.19957	5.4477	0
-6.21888	5.41249	0.302382	-6.21888	5.41249	0
-5.11847	5.41689	0.299314	-5.11847	5.41689	0
-4.00491	5.45662	0.322838	-4.00491	5.45662	0
-2.90937	5.41198	0.298238	-2.90937	5.41198	0
-1.94784	5.44115	0.340612	-1.94784	5.44115	0
-0.967434	5.40676	0.321266	-0.967434	5.40676	0
0.0457787	6.43731	0.330358	0.0457787	6.43731	0
1.1715	6.45541	0.326623	1.1715	6.45541	0
2.16944	6.43399	0.312575	2.16944	6.43399	0
3.15421	6.46978	0.311109	3.15421	6.46978	0
4.19046	6.45351	0.313945	4.19046	6.45351	0
5.23926	6.45805	0.311629	5.23926	6.45805	0
6.24901	6.45592	0.300355	6.24901	6.45592	0
7.2698	6.49554	0.314333	7.2698	6.49554	0
8.32597	6.54938	0.332445	8.32597	6.54938	0
9.36819	6.45301	0.339266	9.36819	6.45301	0
10.4296	6.4772	0.310524	10.4296	6.4772	0
11.4837	6.51043	0.320378	11.4837	6.51043	0
-11.2909	6.45541	0.310532	-11.2909	6.45541	0
-10.3006	6.44663	0.314394	-10.3006	6.44663	0
-9.22205	6.47166	0.340975	-9.22205	6.47166	0
-8.1853	6.48248	0.33554	-8.1853	6.48248	0
-7.19711	6.42787	0.321323	-7.19711	6.42787	0
-6.17472	6.4568	0.30426	-6.17472	6.4568	0
-5.14557	6.44831	0.309693	-5.14557	6.44831	0
-4.05325	6.4559	0.275508	-4.05325	6.4559	0
-3.0405	6.42988	0.306198	-3.0405	6.42988	0
-2.00433	6.42548	0.303372	-2.00433	6.42548	0
-1.00103	6.41407	0.281715	-1.00103	6.41407	0
0.0593825	7.48992	0.32239	0.0593825	7.48992	0
1.10895	7.46968	0.313633	1.10895	7.46968	0
2.19312	7.45507	0.330408	2.19312	7.45507	0
3.19735	7.49031	0.306054	3.19735	7.49031	0
4.19069	7.47879	0.328138	4.19069	7.47879	0
5.26016	7.47505	0.321969	5.26016	7.47505	0
6.34737	7.45345	0.305696	6.34737	7.45345	0
7.40143	7.53389	0.307004	7.40143	7.53389	0
8.42375	7.54392	0.323307	8.42375	7.54392	0
9.44088	7.48919	0.309915	9.44088	7.48919	0
10.4648	7.56929	0.340809	10.4648	7.56929	0
11.4888	7.50136	0.345123	11.4888	7.50136	0
-11.2889	7.49558	0.31617	-11.2889	7.49558	0
-10.2744	7.47712	0.299174	-10.2744	7.47712	0
-9.21341	7.5368	0.353535	-9.21341	7.5368	0
-8.23107	7.49841	0.310774	-8.23107	7.49841	0
-7.13293	7.50289	0.334947	-7.13293	7.50289	0
-6.07126	7.49183	0.351383	-6.07126	7.49183	0
-5.10411	7.46983	0.299791	-5.10411	7.46983	0
-4.02894	7.49762	0.314916	-4.02894	7.49762	0
-3.0267	7.42264	0.316457	-3.0267	7.42264	0
-2.00498	7.48836	0.306956	-2.00498	7.48836	0
-0.985138	7.46579	0.322187	-0.985138	7.46579	0
0.113869	8.49693	0.314128	0.113869	8.49693	0
1.09622	8.53825	0.310298	1.09622	8.53825	0
2.15256	8.50325	0.294591	2.15256	8.50325	0
3.21331	8.51047	0.336583	3.21331	8.51047	0
4.23004	8.48346	0.327993	4.23004	8.48346	0
5.28685	8.49007	0.312114	5.28685	8.49007	0
6.33565	8.4698	0.331331	6.33565	8.4698	0
7.42513	8.54086	0.289268	7.42513	8.54086	0
8.45289	8.55892	0.311282	8.45289	8.55892	0
9.47703	8.52404	0.308354	9.47703	8.52404	0
10.4699	8.55098	0.321381	10.4699	8.55098	0
11.5072	8.47358	0.329548	11.5072	8.47358	0
-11.2347	8.54068	0.333441	-11.2347	8.54068	0
-10.2528	8.50841	0.281185	-10.2528	8.50841	0
-9.21537	8.5112	0.32662	-9.21537	8.5112	0
-8.20682	8.54014	0.309845	-8.20682	8.54014	0
-7.17836	8.47367	0.325938	-7.17836	8.47367	0
-6.10365	8.50754	0.322066	-6.10365	8.50754	0
-5.08602	8.47125	0.304451	-5.08602	8.47125	0
-4.04582	8.51203	0.282019	-4.04582	8.51203	0
-2.9896	8.45257	0.303268	-2.9896	8.45257	0
-1.95827	8.47455	0.311212	-1.95827	8.47455	0
-0.946186	8.48057	0.348682	-0.946186	8.48057	0
0.0940242	9.59166	0.329089	0.0940242	9.59166	0
1.15933	9.53725	0.328121	1.15933	9.53725	0
2.19453	9.5944	0.315186	2.19453	9.5944	0
3.21869	9.52313	0.331335	3.21869	9.52313	0
4.28286	9.49169	0.317177	4.28286	9.49169	0
5.29159	9.50242	0.297639	5.29159	9.50242	0
6.3485	9.50759	0.337069	6.3485	9.50759	0
7.35989	9.57608	0.342723	7.35989	9.57608	0
8.43075	9.57092	0.331264	8.43075	9.57092	0
9.46899	9.59792	0.348739	9.46899	9.59792	0
10.5109	9.53568	0.334529	10.5109	9.53568	0
11.5211	9.51841	0.319276	11.5211	9.51841	0
-11.3103	9.53621	0.302028	-11.3103	9.53621	0
-10.2206	9.49793	0.305967	-10.2206	9.49793	0
-9.1449	9.56432	0.321107	-9.1449	9.56432	0
-8.12139	9.56012	0.299666	-8.12139	9.56012	0
-7.13858	9.56909	0.332213	-7.13858	9.56909	0
-6.17412	9.55569	0.330028	-6.17412	9.55569	0
-5.11913	9.4602	0.360522	-5.11913	9.4602	0
-4.05311	9.51942	0.326315	-4.05311	9.51942	0
-2.9907	9.46506	0.329756	-2.9907	9.46506	0
-1.94863	9.53016	0.289945	-1.94863	9.53016	0
-0.933763	9.52358	0.330525	-0.933763	9.52358	0
0.111817	10.5811	0.308606	0.111817	10.5811	0
1.13379	10.5467	0.31048	1.13379	10.5467	0
2.17233	10.6109	0.336859	2.17233	10.6109	0
3.18718	10.619	0.314702	3.18718	10.619	0
4.23047	10.4591	0.338099	4.23047	10.4591	0
5.29669	10.5418	0.309329	5.29669	10.5418	0
6.29459	10.4984	0.323756	6.29459	10.4984	0
7.40451	10.6181	0.302888	7.40451	10.6181	0
8.38909	10.6145	0.311299	8.38909	10.6145	0
9.43263	10.5816	0.331232	9.43263	10.5816	0
10.4929	10.5462	0.333037	10.4929	10.5462	0
11.522	10.631	0.343424	11.522	10.631	0
-11.2226	10.5817	0.325431	-11.2226	10.5817	0
-10.2294	10.6038	0.312654	-10.2294	10.6038	0
-9.26434	10.565	0.320089	-9.26434	10.565	0
-8.13296	10.5533	0.311755	-8.13296	10.5533	0
-7.13069	10.655	0.348302	-7.13069	10.655	0
-6.05208	10.5837	0.3123	-6.05208	10.5837	0
-5.05524	10.562	0.327981	-5.05524	10.562	0
-4.05497	10.5044	0.339756	-4.05497	10.5044	0
-2.98344	10.514	0.31411	-2.98344	10.514	0
-1.97266	10.497	0.314092	-1.97266	10.497	0
-0.933671	10.547	0.290871	-0.933671	10.547	0
0.103648	11.6077	0.322303	0.103648	11.6077	0
1.14987	11.6747	0.312197	1.14987	11.6747	0
2.13512	11.6448	0.342979	2.13512	11.6448	0
3.16451	11.6122	0.317893	3.16451	11.6122	0
4.20112	11.6513	0.338875	4.20112	11.6513	0
5.22597	11.572	0.336857	5.22597	11.572	0
6.27818	11.5899	0.305514	6.27818	11.5899	0
7.29142	11.613	0.32787	7.29142	11.613	0
8.41698	11.6685	0.284688	8.41698	11.6685	0
9.4487	11.5921	0.341258	9.4487	11.5921	0
10.4925	11.5916	0.313558	10.4925	11.5916	0
11.5077	11.6376	0.305149	11.5077	11.6376	0
-11.2353	11.6051	0.313741	-11.2353	11.6051	0
-10.203	11.6526	0.310604	-10.203	11.6526	0
-9.23105	11.6286	0.316305	-9.23105	11.6286	0
-8.18568	11.6331	0.306334	-8.18568	11.6331	0
-7.1675	11.6759	0.309788	-7.1675	11.6759	0
-6.12229	11.5736	0.3275	-6.12229	11.5736	0
-5.04913	11.652	0.338036	-5.04913	11.652	0
-4.05386	11.6267	0.351541	-4.05386	11.6267	0
-2.96921	11.579	0.324866	-2.96921	11.579	0
-1.95804	11.5076	0.333537	-1.95804	11.5076	0
-0.946196	11.6782	0.301343	-0.946196	11.6782	0
0.0593716	-11.1124	0.322637	0.0593716	-11.1124	0
1.13719	-11.0998	0.320615	1.13719	-11.0998	0
2.20438	-11.1012	0.335426	2.20438	-11.1012	0
3.18532	-11.1532	0.306441	3.18532	-11.1532	0
4.19931	-11.1639	0.332913	4.19931	-11.1639	0
5.22246	-11.1619	0.32027	5.22246	-11.1619	0
6.25988	-11.1168	0.320458	6.25988	-11.1168	0
7.32265	-11.1372	0.312635	7.32265	-11.1372	0
8.32307	-11.1386	0.32579	8.32307	-11.1386	0
9.41109	-11.1637	0.323142	9.41109	-11.1637	0
10.4502	-11.1225	0.308244	10.4502	-11.1225	0
11.4738	-11.1416	0.336568	11.4738	-11.1416	0
-11.2748	-11.1587	0.302081	-11.2748	-11.1587	0
-10.2876	-11.1196	0.331213	-10.2876	-11.1196	0
-9.24648	-11.1183	0.309298	-9.24648	-11.1183	0
-8.2006	-11.1457	0.311793	-8.2006	-11.1457	0
-7.1295	-11.0937	0.317004	-7.1295	-11.0937	0
-6.14914	-11.1487	0.315045	-6.14914	-11.1487	0
-5.13253	-11.1566	0.331638	-5.13253	-11.1566	0
-4.03076	-11.1872	0.332747	-4.03076	-11.1872	0
-2.98417	-11.1467	0.33761	-2.98417	-11.1467	0
-1.9358	-11.2414	0.318873	-1.9358	-11.2414	0
-0.901271	-11.1209	0.314099	-0.901271	-11.1209	0
0.09925	-10.0719	0.328621	0.09925	-10.0719	0
1.13468	-10.1242	0.342407	1.13468	-10.1242	0
2.22041	-10.1067	0.303928	2.22041	-10.1067	0
3.26663	-10.0545	0.311503	3.26663	-10.0545	0
4.28187	-10.0933	0.318033	4.28187	-10.0933	0
5.26675	-10.1411	0.319781	5.26675	-10.1411	0
6.28541	-10.1151	0.275989	6.28541	-10.1151	0
7.27632	-10.1114	0.298227	7.27632	-10.1114	0
8.33202	-10.1383	0.291195	8.33202	-10.1383	0
9.388	-10.1215	0.322324	9.388	-10.1215	0
10.4727	-10.081	0.329635	10.4727	-10.081	0
11.4649	-10.0734	0.306581	11.4649	-10.0734	0
-11.3497	-10.0664	0.340765	-11.3497	-10.0664	0
-10.2994	-10.0807	0.330408	-10.2994	-10.0807	0
-9.2656	-10.1341	0.320317	-9.2656	-10.1341	0
-8.212	-10.1193	0.289364	-8.212	-10.1193	0
-7.18261	-10.0544	0.321597	-7.18261	-10.0544	0
-6.15553	-10.1384	0.318904	-6.15553	-10.1384	0
-5.13266	-10.1134	0.332847	-5.13266	-10.1134	0
-4.03194	-10.1178	0.337466	-4.03194	-10.1178	0
-2.98513	-10.1428	0.297283	-2.98513	-10.1428	0
-1.97896	-10.1346	0.32976	-1.97896	-10.1346	0
-0.975854	-10.1249	0.326447	-0.975854	-10.1249	0
0.0914146	-9.08168	0.301511	0.0914146	-9.08168	0
1.15533	-9.0549	0.332647	1.15533	-9.0549	0
2.14548	-9.11667	0.314719	2.14548	-9.11667	0
3.28787	-9.09063	0.32231	3.28787	-9.09063	0
4.24867	-9.05646	0.311194	4.24867	-9.05646	0
5.27455	-9.10185	0.296793	5.27455	-9.10185	0
6.31037	-9.02328	0.307866	6.31037	-9.02328	0
7.29154	-9.00972	0.284121	7.29154	-9.00972	0
8.3114	-9.0344	0.348746	8.3114	-9.0344	0
9.40635	-9.04951	0.32898	9.40635	-9.04951	0
10.4388	-9.0179	0.318725	10.4388	-9.0179	0
11.4895	-8.98207	0.331302	11.4895	-8.98207	0
-11.3019	-9.0549	0.318377	-11.3019	-9.0549	0
-10.2462	-9.04213	0.334027	-10.2462	-9.04213	0
-9.22594	-9.09791	0.319376	-9.22594	-9.09791	0
-8.19298	-9.07085	0.306883	-8.19298	-9.07085	0
-7.17013	-9.00952	0.297611	-7.17013	-9.00952	0
-6.13936	-9.07518	0.327856	-6.13936	-9.07518	0
-5.07044	-9.09488	0.312715	-5.07044	-9.09488	0
-4.00943	-9.06066	0.324491	-4.00943	-9.06066	0
-2.95386	-9.03518	0.331933	-2.95386	-9.03518	0
-1.90215	-9.10847	0.294694	-1.90215	-9.10847	0
-0.944244	-9.06706	0.278555	-0.944244	-9.06706	0
0.111448	-8.05686	0.347511	0.111448	-8.05686	0
1.14702	-8.03488	0.316554	1.14702	-8.03488	0
2.16291	-8.03443	0.312882	2.16291	-8.03443	0
3.17511	-8.06985	0.324414	3.17511	-8.06985	0
4.17861	-7.98576	0.304251	4.17861	-7.98576	0
5.24579	-8.05052	0.29758	5.24579	-8.05052	0
6.30813	-8.04482	0.325384	6.30813	-8.04482	0
7.31132	-7.99655	0.287869	7.31132	-7.99655	0
8.31132	-7.96991	0.310893	8.31132	-7.96991	0
9.32392	-7.96822	0.332781	9.32392	-7.96822	0
10.3911	-7.99757	0.340453	10.3911	-7.99757	0
11.4225	-7.94713	0.307757	11.4225	-7.94713	0
-11.3192	-7.99509	0.340778	-11.3192	-7.99509	0
-10.2969	-8.00175	0.325399	-10.2969	-8.00175	0
-9.25577	-8.08356	0.307335	-9.25577	-8.08356	0
-8.21612	-7.97824	0.296662	-8.21612	-7.97824	0
-7.20359	-8.0144	0.333366	-7.20359	-8.0144	0
-6.15506	-7.99371	0.336672	-6.15506	-7.99371	0
-5.12513	-8.09979	0.317911	-5.12513	-8.09979	0
-4.09858	-8.03669	0.339635	-4.09858	-8.03669	0
-2.99497	-8.03626	0.302565	-2.99497	-8.03626	0
-1.98911	-8.04687	0.31437	-1.98911	-8.04687	0
-0.928065	-8.05689	0.293272	-0.928065	-8.05689	0
0.067201	-7.00663	0.30545	0.067201	-7.00663	0
1.08447	-6.96022	0.314489	1.08447	-6.96022	0
2.14988	-6.9827	0.366396	2.14988	-6.9827	0
3.13164	-7.02484	0.3126	3.13164	-7.02484	0
4.18037	-6.95689	0.330221	4.18037	-6.95689	0
5.19699	-7.06018	0.328431	5.19699	-7.06018	0
6.23569	-6.95362	0.334107	6.23569	-6.95362	0
7.29274	-6.95138	0.322801	7.29274	-6.95138	0
8.28085	-6.90324	0.32624	8.28085	-6.90324	0
9.3501	-6.92066	0.302268	9.3501	-6.92066	0
10.346	-6.9174	0.294031	10.346	-6.9174	0
11.4233	-6.95091	0.31132	11.4233	-6.95091	0
-11.3155	-7.00198	0.343267	-11.3155	-7.00198	0
-10.2754	-6.97035	0.302445	-10.2754	-6.97035	0
-9.25265	-6.99423	0.302408	-9.25265	-6.99423	0
-8.19972	-6.93345	0.315004	-8.19972	-6.93345	0
-7.18378	-6.99831	0.338391	-7.18378	-6.99831	0
-6.1179	-6.97567	0.331407	-6.1179	-6.97567	0
-5.13743	-6.99151	0.310604	-5.13743	-6.99151	0
-4.0935	-7.05182	0.282643	-4.0935	-7.05182	0
-3.05063	-6.97179	0.339945	-3.05063	-6.97179	0
-2.00902	-7.03946	0.346319	-2.00902	-7.03946	0
-0.960373	-7.04431	0.3168	-0.960373	-7.04431	0
0.020147	-5.90015	0.311066	0.020147	-5.90015	0
0.990784	-5.93924	0.298308	0.990784	-5.93924	0
2.08118	-5.91748	0.317025	2.08118	-5.91748	0
3.11069	-5.9966	0.332533	3.11069	-5.9966	0
4.1594	-5.97397	0.308474	4.1594	-5.97397	0
5.13864	-5.95784	0.290492	5.13864	-5.95784	0
6.20925	-5.96792	0.326037	6.20925	-5.96792	0
7.23277	-5.88229	0.335016	7.23277	-5.88229	0
8.31958	-5.90027	0.336726	8.31958	-5.90027	0
9.35965	-5.87867	0.318252	9.35965	-5.87867	0
10.3777	-5.9017	0.3361	10.3777	-5.9017	0
11.4089	-5.93745	0.32575	11.4089	-5.93745	0
-11.3178	-5.96223	0.355253	-11.3178	-5.96223	0
-10.2764	-5.92076	0.312467	-10.2764	-5.92076	0
-9.23697	-5.93607	0.288395	-9.23697	-5.93607	0
-8.13152	-5.94695	0.298395	-8.13152	-5.94695	0
-7.13325	-5.94139	0.302224	-7.13325	-5.94139	0
-6.15535	-5.95242	0.278907	-6.15535	-5.95242	0
-5.14122	-5.98273	0.300718	-5.14122	-5.98273	0
-4.14495	-5.96569	0.332276	-4.14495	-5.96569	0
-3.0625	-5.93841	0.331416	-3.0625	-5.93841	0
-2.02428	-6.00921	0.319615	-2.02428	-6.00921	0
-1.02452	-6.00568	0.309712	-1.02452	-6.00568	0
0.000456435	-4.91509	0.284532	0.000456435	-4.91509	0
1.08274	-4.89257	0.294391	1.08274	-4.89257	0
2.11659	-4.87924	0.335245	2.11659	-4.87924	0
3.13326	-4.92852	0.318885	3.13326	-4.92852	0
4.10426	-4.93497	0.336334	4.10426	-4.93497	0
5.20612	-4.93667	0.305199	5.20612	-4.93667	0
6.25978	-4.93218	0.308968	6.25978	-4.93218	0
7.24077	-4.85927	0.299619	7.24077	-4.85927	0
8.32615	-4.89282	0.317592	8.32615	-4.89282	0
9.35924	-4.85255	0.336391	9.35924	-4.85255	0
10.3889	-4.86375	0.288549	10.3889	-4.86375	0
11.4341	-4.90971	0.342934	11.4341	-4.90971	0
-11.3473	-4.86882	0.302921	-11.3473	-4.86882	0
-10.3432	-4.91154	0.308636	-10.3432	-4.91154	0
-9.2748	-4.9425	0.298229	-9.2748	-4.9425	0
-8.23755	-4.89699	0.328483	-8.23755	-4.89699	0
-7.17715	-4.87453	0.298097	-7.17715	-4.87453	0
-6.18018	-4.8906	0.289663	-6.18018	-4.8906	0
-5.14204	-4.91468	0.318167	-5.14204	-4.91468	0
-4.12102	-4.9471	0.316454	-4.12102	-4.9471	0
-3.09359	-4.91817	0.335362	-3.09359	-4.91817	0
-2.08091	-4.91491	0.312419	-2.08091	-4.91491	0
-1.05604	-4.98187	0.320364	-1.05604	-4.98187	0
0.0296858	-3.81925	0.317877	0.0296858	-3.81925	0
1.06799	-3.80718	0.299989	1.06799	-3.80718	0
2.05652	-3.85967	0.318644	2.05652	-3.85967	0
3.07307	-3.96896	0.324233	3.07307	-3.96896	0
4.19786	-3.89826	0.337687	4.19786	-3.89826	0
5.21163	-3.87575	0.325954	5.21163	-3.87575	0
6.20472	-3.8424	0.330222	6.20472	-3.8424	0
7.29734	-3.86445	0.316219	7.29734	-3.86445	0
8.32489	-3.85363	0.306398	8.32489	-3.85363	0
9.37657	-3.80851	0.30619	9.37657	-3.80851	0
10.3903	-3.81896	0.33718	10.3903	-3.81896	0
11.4021	-3.83427	0.324669	11.4021	-3.83427	0
-11.3547	-3.86955	0.29817	-11.3547	-3.86955	0
-10.3398	-3.8692	0.324158	-10.3398	-3.8692	0
-9.26258	-3.89392	0.319905	-9.26258	-3.89392	0
-8.22419	-3.89186	0.291946	-8.22419	-3.89186	0
-7.15599	-3.83441	0.305156	-7.15599	-3.83441	0
-6.13056	-3.80623	0.334343	-6.13056	-3.80623	0
-5.0975	-3.88453	0.336974	-5.0975	-3.88453	0
-4.10118	-3.88585	0.29793	-4.10118	-3.88585	0
-3.12308	-3.88808	0.344896	-3.12308	-3.88808	0
-2.02652	-3.89573	0.334785	-2.02652	-3.89573	0
-1.00807	-3.8807	0.337091	-1.00807	-3.8807	0
-0.0217096	-2.88554	0.313065	-0.0217096	-2.88554	0
1.0412	-2.81265	0.329757	1.0412	-2.81265	0
2.06798	-2.86574	0.29553	2.06798	-2.86574	0
3.1095	-2.91382	0.339677	3.1095	-2.91382	0
4.16929	-2.89789	0.320544	4.16929	-2.89789	0
5.18913	-2.89872	0.312816	5.18913	-2.89872	0
6.20749	-2.83532	0.311209	6.20749	-2.83532	0
7.26499	-2.82774	0.302628	7.26499	-2.82774	0
8.33505	-2.77432	0.333233	8.33505	-2.77432	0
9.36723	-2.78536	0.309361	9.36723	-2.78536	0
10.3626	-2.78578	0.343547	10.3626	-2.78578	0
11.3531	-2.87806	0.344067	11.3531	-2.87806	0
-11.3487	-2.83689	0.322771	-11.3487	-2.83689	0
-10.3287	-2.81872	0.276427	-10.3287	-2.81872	0
-9.26471	-2.85673	0.33341	-9.26471	-2.85673	0
-8.29698	-2.8298	0.31005	-8.29698	-2.8298	0
-7.22525	-2.8332	0.339992	-7.22525	-2.8332	0
-6.22942	-2.8327	0.29148	-6.22942	-2.8327	0
-5.20494	-2.83557	0.312548	-5.20494	-2.83557	0
-4.12703	-2.88642	0.305602	-4.12703	-2.88642	0
-3.12656	-2.86217	0.339964	-3.12656	-2.86217	0
-2.1129	-2.87455	0.327089	-2.1129	-2.87455	0
-1.04161	-2.82155	0.312787	-1.04161	-2.82155	0
-0.0270861	-1.80475	0.318018	-0.0270861	-1.80475	0
0.999398	-1.8234	0.332168	0.999398	-1.8234	0
2.09121	-1.86854	0.326431	2.09121	-1.86854	0
3.09461	-1.84538	0.327345	3.09461	-1.84538	0
4.20225	-1.86765	0.316858	4.20225	-1.86765	0
5.2274	-1.85923	0.340003	5.2274	-1.85923	0
6.22537	-1.7821	0.318402	6.22537	-1.7821	0
7.24808	-1.77922	0.323999	7.24808	-1.77922	0
8.31148	-1.77963	0.298728	8.31148	-1.77963	0
9.36794	-1.75469	0.312122	9.36794	-1.75469	0
10.3702	-1.7506	0.30867	10.3702	-1.7506	0
11.3554	-1.76917	0.315761	11.3554	-1.76917	0
-11.4221	-1.82944	0.323745	-11.4221	-1.82944	0
-10.3055	-1.81595	0.293069	-10.3055	-1.81595	0
-9.29543	-1.80849	0.305474	-9.29543	-1.80849	0
-8.24349	-1.805	0.321714	-8.24349	-1.805	0
-7.19718	-1.78664	0.332571	-7.19718	-1.78664	0
-6.20538	-1.82843	0.324515	-6.20538	-1.82843	0
-5.20458	-1.78443	0.329702	-5.20458	-1.78443	0
-4.17996	-1.78513	0.299518	-4.17996	-1.78513	0
-3.14358	-1.79954	0.325761	-3.14358	-1.79954	0
-2.09734	-1.80948	0.33445	-2.09734	-1.80948	0
-1.05102	-1.82742	0.299682	-1.05102	-1.82742	0
0.0205917	-0.771392	0.325361	0.0205917	-0.771392	0
1.03742	-0.835371	0.331879	1.03742	-0.835371	0
2.08233	-0.818535	0.356768	2.08233	-0.818535	0
3.15845	-0.8499	0.311756	3.15845	-0.8499	0
4.15232	-0.847115	0.316239	4.15232	-0.847115	0
5.2116	-0.803988	0.288356	5.2116	-0.803988	0
6.16998	-0.770061	0.332867	6.16998	-0.770061	0
7.30325	-0.729495	0.332586	7.30325	-0.729495	0
8.30592	-0.739515	0.310419	8.30592	-0.739515	0
9.35543	-0.747979	0.317635	9.35543	-0.747979	0
10.4081	-0.708958	0.325726	10.4081	-0.708958	0
11.4532	-0.769431	0.328055	11.4532	-0.769431	0
-11.3545	-0.784658	0.317557	-11.3545	-0.784658	0
-10.3293	-0.818062	0.338953	-10.3293	-0.818062	0
-9.2916	-0.767397	0.335895	-9.2916	-0.767397	0
-8.28995	-0.76977	0.349225	-8.28995	-0.76977	0
-7.2791	-0.753019	0.327097	-7.2791	-0.753019	0
-6.19032	-0.733379	0.317883	-6.19032	-0.733379	0
-5.13988	-0.694102	0.3238	-5.13988	-0.694102	0
-4.11578	-0.745023	0.295709	-4.11578	-0.745023	0
-3.05776	-0.78498	0.332603	-3.05776	-0.78498	0
-2.05627	-0.793356	0.325816	-2.05627	-0.793356	0
-0.960139	-0.822484	0.310552	-0.960139	-0.822484	0
