-0.558812	-0.29752	-0.316895	-0.558812	-0.29752	0
0.454736	-0.267316	-0.321657	0.454736	-0.267316	0
1.57001	-0.308527	-0.334403	1.57001	-0.308527	0
2.5658	-0.331931	-0.27891	2.5658	-0.331931	0
3.61214	-0.298244	-0.296193	3.61214	-0.298244	0
4.60711	-0.220942	-0.331141	4.60711	-0.220942	0
5.73253	-0.209775	-0.322469	5.73253	-0.209775	0
6.75801	-0.205409	-0.318584	6.75801	-0.205409	0
7.77871	-0.293645	-0.307131	7.77871	-0.293645	0
8.77157	-0.265129	-0.318147	8.77157	-0.265129	0
9.87602	-0.268259	-0.315756	9.87602	-0.268259	0
10.8644	-0.226942	-0.324838	10.8644	-0.226942	0
-11.8423	-0.342053	-0.309023	-11.8423	-0.342053	0
-10.8354	-0.270398	-0.338908	-10.8354	-0.270398	0
-9.80784	-0.23927	-0.317246	-9.80784	-0.23927	0
-8.80161	-0.280792	-0.323186	-8.80161	-0.280792	0
-7.7806	-0.279477	-0.331948	-7.7806	-0.279477	0
-6.75442	-0.301499	-0.332584	-6.75442	-0.301499	0
-5.72055	-0.272826	-0.32712	-5.72055	-0.272826	0
-4.67012	-0.274998	-0.320822	-4.67012	-0.274998	0
-3.67125	-0.314339	-0.320782	-3.67125	-0.314339	0
-2.68295	-0.283917	-0.325383	-2.68295	-0.283917	0
-1.61987	-0.307184	-0.294498	-1.61987	-0.307184	0
-0.519966	0.69656	-0.321231	-0.519966	0.69656	0
0.531722	0.76019	-0.294331	0.531722	0.76019	0
1.52487	0.760621	-0.309299	1.52487	0.760621	0
2.57898	0.71756	-0.300538	2.57898	0.71756	0
3.62347	0.751993	-0.298016	3.62347	0.751993	0
4.66288	0.74866	-0.280742	4.66288	0.74866	0
5.70064	0.781852	-0.309911	5.70064	0.781852	0
6.73761	0.756677	-0.304957	6.73761	0.756677	0
7.78209	0.749681	-0.351673	7.78209	0.749681	0
8.79621	0.766579	-0.319676	8.79621	0.766579	0
9.82445	0.720568	-0.321171	9.82445	0.720568	0
10.8784	0.776025	-0.276082	10.8784	0.776025	0
-11.8091	0.742396	-0.27812	-11.8091	0.742396	0
-10.8473	0.729799	-0.316108	-10.8473	0.729799	0
-9.85119	0.812365	-0.316857	-9.85119	0.812365	0
-8.83951	0.789345	-0.348465	-8.83951	0.789345	0
-7.76004	0.787705	-0.281309	-7.76004	0.787705	0
-6.72286	0.724787	-0.299573	-6.72286	0.724787	0
-5.70768	0.729597	-0.335479	-5.70768	0.729597	0
-4.67683	0.78072	-0.29592	-4.67683	0.78072	0
-3.63045	0.684471	-0.321388	-3.63045	0.684471	0
-2.6348	0.733723	-0.327588	-2.6348	0.733723	0
-1.55321	0.687417	-0.311999	-1.55321	0.687417	0
-0.508829	1.70864	-0.314385	-0.508829	1.70864	0
0.554424	1.74074	-0.339902	0.554424	1.74074	0
1.58078	1.75852	-0.339765	1.58078	1.75852	0
2.55914	1.7083	-0.331102	2.55914	1.7083	0
3.57562	1.81164	-0.295422	3.57562	1.81164	0
4.64323	1.81006	-0.315567	4.64323	1.81006	0
5.66489	1.80801	-0.323169	5.66489	1.80801	0
6.67	1.78609	-0.29388	6.67	1.78609	0
7.72708	1.7848	-0.325355	7.72708	1.7848	0
8.82693	1.80423	-0.314574	8.82693	1.80423	0
9.80852	1.81659	-0.313386	9.80852	1.81659	0
10.8906	1.77453	-0.298683	10.8906	1.77453	0
-11.8718	1.78331	-0.322152	-11.8718	1.78331	0
-10.8363	1.85666	-0.311835	-10.8363	1.85666	0
-9.81765	1.83621	-0.323175	-9.81765	1.83621	0
-8.82082	1.84182	-0.314931	-8.82082	1.84182	0
-7.75107	1.7879	-0.31784	-7.75107	1.7879	0
-6.70997	1.76949	-0.348401	-6.70997	1.76949	0
-5.68678	1.75768	-0.344107	-5.68678	1.75768	0
-4.67872	1.75693	-0.308157	-4.67872	1.75693	0
-3.58616	1.77707	-0.30818	-3.58616	1.77707	0
-2.57881	1.7579	-0.332423	-2.57881	1.7579	0
-1.57148	1.7492	-0.3054	-1.57148	1.7492	0
-0.526416	2.73504	-0.338187	-0.526416	2.73504	0
0.510907	2.8644	-0.32303	0.510907	2.8644	0
1.52932	2.76691	-0.328368	1.52932	2.76691	0
2.5402	2.75155	-0.333932	2.5402	2.75155	0
3.61783	2.78319	-0.316012	3.61783	2.78319	0
4.65534	2.86772	-0.321348	4.65534	2.86772	0
5.70969	2.80848	-0.315327	5.70969	2.80848	0
6.72521	2.83959	-0.323702	6.72521	2.83959	0
7.74019	2.79958	-0.318438	7.74019	2.79958	0
8.76334	2.84177	-0.346217	8.76334	2.84177	0
9.79727	2.80478	-0.331611	9.79727	2.80478	0
10.8312	2.78672	-0.306118	10.8312	2.78672	0
11.9083	2.88514	-0.328851	-11.8777	2.88514	0
-10.8374	2.89055	-0.319959	-10.8374	2.89055	0
-9.81359	2.88121	-0.294526	-9.81359	2.88121	0
-8.77031	2.82435	-0.322356	-8.77031	2.82435	0
-7.7406	2.76154	-0.323048	-7.7406	2.76154	0
-6.6712	2.79081	-0.302514	-6.6712	2.79081	0
-5.68871	2.83483	-0.312574	-5.68871	2.83483	0
-4.66332	2.77925	-0.3357	-4.66332	2.77925	0
-3.6245	2.7599	-0.334513	-3.6245	2.7599	0
-2.56773	2.73928	-0.327137	-2.56773	2.73928	0
-1.53412	2.73724	-0.329523	-1.53412	2.73724	0
-0.550719	3.80095	-0.303049	-0.550719	3.80095	0
0.483992	3.88923	-0.303372	0.483992	3.88923	0
1.47169	3.81833	-0.280053	1.47169	3.81833	0
2.51901	3.82016	-0.30093	2.51901	3.82016	0
3.64282	3.82614	-0.341389	3.64282	3.82614	0
4.6801	3.84717	-0.298257	4.6801	3.84717	0
5.69911	3.87518	-0.288922	5.69911	3.87518	0
6.71465	3.85579	-0.312333	6.71465	3.85579	0
7.76077	3.86168	-0.331467	7.76077	3.86168	0
8.78944	3.85195	-0.334605	8.78944	3.85195	0
9.78736	3.82392	-0.329445	9.78736	3.82392	0
10.8702	3.80919	-0.317499	10.8702	3.80919	0
11.9036	3.91312	-0.353036	-11.8825	3.91312	0
-10.8605	3.90932	-0.29507	-10.8605	3.90932	0
-9.80176	3.88618	-0.328053	-9.80176	3.88618	0
-8.79287	3.8311	-0.340813	-8.79287	3.8311	0
-7.76681	3.84299	-0.328144	-7.76681	3.84299	0
-6.74817	3.81645	-0.34512	-6.74817	3.81645	0
-5.62426	3.82373	-0.315832	-5.62426	3.82373	0
-4.6706	3.85767	-0.304029	-4.6706	3.85767	0
-3.62552	3.76487	-0.323987	-3.62552	3.76487	0
-2.50471	3.8067	-0.303877	-2.50471	3.8067	0
-1.51476	3.80814	-0.32399	-1.51476	3.80814	0
-0.598245	4.87329	-0.313962	-0.598245	4.87329	0
0.457432	4.91735	-0.308194	0.457432	4.91735	0
1.55849	4.85995	-0.329549	1.55849	4.85995	0
2.55016	4.86257	-0.305241	2.55016	4.86257	0
3.56459	4.84975	-0.332075	3.56459	4.84975	0
4.59885	4.84945	-0.320541	4.59885	4.84945	0
5.69853	4.88499	-0.299096	5.69853	4.88499	0
6.76087	4.88076	-0.311222	6.76087	4.88076	0
7.7776	4.90921	-0.312638	7.7776	4.90921	0
8.78072	4.89727	-0.320097	8.78072	4.89727	0
9.78397	4.85059	-0.325609	9.78397	4.85059	0
10.7896	4.88534	-0.30934	10.7896	4.88534	0
11.8066	4.89793	-0.310351	11.8066	4.89793	0
-10.8799	4.86695	-0.304618	-10.8799	4.86695	0
-9.77407	4.90791	-0.31165	-9.77407	4.90791	0
-8.7876	4.85663	-0.341924	-8.7876	4.85663	0
-7.77815	4.88087	-0.318847	-7.77815	4.88087	0
-6.75011	4.92515	-0.332447	-6.75011	4.92515	0
-5.69797	4.86174	-0.310403	-5.69797	4.86174	0
-4.59164	4.8515	-0.304639	-4.59164	4.8515	0
-3.57762	4.79821	-0.32595	-3.57762	4.79821	0
-2.5818	4.81816	-0.296423	-2.5818	4.81816	0
-1.58293	4.87494	-0.324582	-1.58293	4.87494	0
-0.545037	5.9495	-0.295155	-0.545037	5.9495	0
0.486144	5.92102	-0.30541	0.486144	5.92102	0
1.49691	5.87547	-0.300541	1.49691	5.87547	0
2.50245	5.8845	-0.322327	2.50245	5.8845	0
3.55461	5.88052	-0.339875	3.55461	5.88052	0
4.62768	5.91888	-0.295725	4.62768	5.91888	0
5.67757	5.90997	-0.316406	5.67757	5.90997	0
6.67383	5.92604	-0.311074	6.67383	5.92604	0
7.72225	5.91175	-0.307883	7.72225	5.91175	0
8.78201	5.92358	-0.339383	8.78201	5.92358	0
9.78484	5.89562	-0.33197	9.78484	5.89562	0
10.8511	5.90329	-0.333311	10.8511	5.90329	0
11.8004	6.01982	-0.309096	11.8004	6.01982	0
-10.8981	5.94142	-0.303425	-10.8981	5.94142	0
-9.84607	5.87215	-0.308406	-9.84607	5.87215	0
-8.80428	5.89138	-0.310297	-8.80428	5.89138	0
-7.80095	5.94011	-0.340367	-7.80095	5.94011	0
-6.76957	5.84359	-0.314845	-6.76957	5.84359	0
-5.71267	5.87774	-0.291034	-5.71267	5.87774	0
-4.65852	5.85513	-0.303658	-4.65852	5.85513	0
-3.5911	5.82302	-0.299692	-3.5911	5.82302	0
-2.57056	5.8417	-0.330638	-2.57056	5.8417	0
-1.51017	5.9585	-0.322449	-1.51017	5.9585	0
-0.486413	6.93313	-0.335941	-0.486413	6.93313	0
0.548699	6.9025	-0.310844	0.548699	6.9025	0
1.52591	6.94827	-0.317766	1.52591	6.94827	0
2.54004	6.94237	-0.30261	2.54004	6.94237	0
3.4927	6.91346	-0.342937	3.4927	6.91346	0
4.58491	6.92014	-0.325414	4.58491	6.92014	0
5.59901	6.9541	-0.308581	5.59901	6.9541	0
6.6417	7.01958	-0.328136	6.6417	7.01958	0
7.63735	6.93439	-0.303982	7.63735	6.93439	0
8.71213	6.96861	-0.289281	8.71213	6.96861	0
9.74681	6.94428	-0.304658	9.74681	6.94428	0
10.7381	6.93651	-0.309558	10.7381	6.93651	0
11.7714	6.97301	-0.326003	11.7714	6.97301	0
-10.8821	6.98462	-0.299951	-10.8821	6.98462	0
-9.86625	6.92924	-0.334126	-9.86625	6.92924	0
-8.86407	6.97008	-0.315954	-8.86407	6.97008	0
-7.8144	6.94529	-0.302531	-7.8144	6.94529	0
-6.78809	6.8238	-0.31054	-6.78809	6.8238	0
-5.69681	6.87858	-0.307191	-5.69681	6.87858	0
-4.64263	6.93043	-0.307458	-4.64263	6.93043	0
-3.60553	6.85449	-0.329327	-3.60553	6.85449	0
-2.55187	6.90732	-0.325721	-2.55187	6.90732	0
-1.56332	6.95865	-0.293609	-1.56332	6.95865	0
-0.523344	7.97238	-0.328057	-0.523344	7.97238	0
0.542354	7.97993	-0.339686	0.542354	7.97993	0
1.53552	7.94744	-0.286129	1.53552	7.94744	0
2.52705	7.95607	-0.320461	2.52705	7.95607	0
3.61343	7.89317	-0.317513	3.61343	7.89317	0
4.61521	8.03066	-0.308092	4.61521	8.03066	0
5.62026	8.00833	-0.324172	5.62026	8.00833	0
6.66287	7.98671	-0.335137	6.66287	7.98671	0
7.67741	7.98005	-0.335005	7.67741	7.98005	0
8.67563	7.96889	-0.335641	8.67563	7.96889	0
9.74561	7.96348	-0.330145	9.74561	7.96348	0
10.8102	7.98144	-0.316063	10.8102	7.98144	0
11.8865	8.00968	-0.319752	11.8865	8.00968	0
-10.8355	8.00811	-0.300473	-10.8355	8.00811	0
-9.83564	7.96843	-0.324145	-9.83564	7.96843	0
-8.83419	7.97568	-0.306345	-8.83419	7.97568	0
-7.77646	7.96445	-0.322549	-7.77646	7.96445	0
-6.73021	7.90746	-0.293455	-6.73021	7.90746	0
-5.65392	7.91307	-0.300981	-5.65392	7.91307	0
-4.62789	7.92564	-0.304621	-4.62789	7.92564	0
-3.70843	7.92778	-0.320734	-3.70843	7.92778	0
-2.59099	8.00664	-0.320378	-2.59099	8.00664	0
-1.55327	8.02006	-0.315212	-1.55327	8.02006	0
-0.516287	9.00735	-0.314056	-0.516287	9.00735	0
0.518077	9.00201	-0.303643	0.518077	9.00201	0
1.54532	8.98068	-0.32719	1.54532	8.98068	0
2.53772	8.98252	-0.354402	2.53772	8.98252	0
3.62071	8.90302	-0.363428	3.62071	8.90302	0
4.63337	9.00647	-0.327673	4.63337	9.00647	0
5.62319	9.03633	-0.299571	5.62319	9.03633	0
6.69229	9.04447	-0.360807	6.69229	9.04447	0
7.70613	9.1011	-0.316696	7.70613	9.1011	0
8.71705	9.02938	-0.297823	8.71705	9.02938	0
9.74026	9.02252	-0.329992	9.74026	9.02252	0
10.8006	8.95843	-0.300375	10.8006	8.95843	0
11.8288	8.97487	-0.321028	11.8288	8.97487	0
-10.9118	8.98676	-0.31921	-10.9118	8.98676	0
-9.86709	9.0229	-0.316063	-9.86709	9.0229	0
-8.82389	8.95501	-0.327427	-8.82389	8.95501	0
-7.72106	8.96736	-0.323523	-7.72106	8.96736	0
-6.70399	8.92268	-0.274622	-6.70399	8.92268	0
-5.71317	8.9448	-0.313735	-5.71317	8.9448	0
-4.66237	9.04506	-0.340155	-4.66237	9.04506	0
-3.6592	8.96579	-0.309674	-3.6592	8.96579	0
-2.64325	9.02831	-0.307705	-2.64325	9.02831	0
-1.57843	9.01878	-0.332262	-1.57843	9.01878	0
-0.596593	10.0075	-0.310065	-0.596593	10.0075	0
0.465804	10.008	-0.310494	0.465804	10.008	0
1.51388	9.9914	-0.312041	1.51388	9.9914	0
2.54195	10.0071	-0.33219	2.54195	10.0071	0
3.62913	9.98343	-0.339804	3.62913	9.98343	0
4.58511	9.99261	-0.288919	4.58511	9.99261	0
5.61694	10.0588	-0.282946	5.61694	10.0588	0
6.67325	10.0892	-0.310906	6.67325	10.0892	0
7.68335	10.0848	-0.321585	7.68335	10.0848	0
8.74771	10.0419	-0.325758	8.74771	10.0419	0
9.80272	10.0372	-0.33315	9.80272	10.0372	0
10.8086	10.0271	-0.314632	10.8086	10.0271	0
11.7816	10.0709	-0.321637	11.7816	10.0709	0
-10.9274	10.0411	-0.314333	-10.9274	10.0411	0
-9.90446	10.0069	-0.304952	-9.90446	10.0069	0
-8.77715	10.0282	-0.325143	-8.77715	10.0282	0
-7.7193	10.0157	-0.340998	-7.7193	10.0157	0
-6.68401	9.96516	-0.295625	-6.68401	9.96516	0
-5.64411	9.97425	-0.321187	-5.64411	9.97425	0
-4.6229	10.0677	-0.338425	-4.6229	10.0677	0
-3.57985	10.021	-0.334547	-3.57985	10.021	0
-2.59937	10.049	-0.318664	-2.59937	10.049	0
-1.56688	10.0439	-0.292179	-1.56688	10.0439	0
-0.569213	11.0453	-0.295709	-0.569213	11.0453	0
0.497855	11.0584	-0.306038	0.497855	11.0584	0
1.5026	11.1108	-0.296136	1.5026	11.1108	0
2.54003	11.1015	-0.316478	2.54003	11.1015	0
3.60163	11.0086	-0.306213	3.60163	11.0086	0
4.61779	11.0476	-0.298892	4.61779	11.0476	0
5.62508	11.0913	-0.312222	5.62508	11.0913	0
6.64493	11.0946	-0.313062	6.64493	11.0946	0
7.6974	11.0999	-0.322006	7.6974	11.0999	0
8.72445	11.0891	-0.340187	8.72445	11.0891	0
9.75851	11.0727	-0.327591	9.75851	11.0727	0
10.8211	11.0717	-0.300477	10.8211	11.0717	0
11.828	11.0641	-0.319173	11.828	11.0641	0
-10.9248	11.0802	-0.316243	-10.9248	11.0802	0
-9.8807	11.0902	-0.337719	-9.8807	11.0902	0
-8.82649	11.0176	-0.323962	-8.82649	11.0176	0
-7.81155	10.9895	-0.294168	-7.81155	10.9895	0
-6.72526	11.0176	-0.300114	-6.72526	11.0176	0
-5.72904	11.0407	-0.275565	-5.72904	11.0407	0
-4.72858	11.0713	-0.314386	-4.72858	11.0713	0
-3.66203	11.0873	-0.292829	-3.66203	11.0873	0
-2.59523	11.0948	-0.31709	-2.59523	11.0948	0
-1.59563	11.0906	-0.322762	-1.59563	11.0906	0
-0.592496	-11.7185	-0.304718	-0.592496	-11.7185	0
0.47718	-11.7099	-0.341824	0.47718	-11.7099	0
1.4753	-11.6467	-0.305358	1.4753	-11.6467	0
2.51442	-11.6751	-0.315984	2.51442	-11.6751	0
3.5476	-11.6875	-0.297264	3.5476	-11.6875	0
4.60475	-11.6724	-0.324384	4.60475	-11.6724	0
5.60223	-11.7134	-0.295953	5.60223	-11.7134	0
6.6071	-11.671	-0.319648	6.6071	-11.671	0
7.73844	-11.6353	-0.307178	7.73844	-11.6353	0
8.73723	-11.6286	-0.315231	8.73723	-11.6286	0
9.71296	-11.6372	-0.318877	9.71296	-11.6372	0
10.7866	-11.6853	-0.331749	10.7866	-11.6853	0
11.8682	-11.6846	-0.276363	11.8682	-11.6846	0
-10.9226	-11.6687	-0.333707	-10.9226	-11.6687	0
-9.8426	-11.6383	-0.322105	-9.8426	-11.6383	0
-8.82599	-11.7463	-0.338995	-8.82599	-11.7463	0
-7.84282	-11.7564	-0.318643	-7.84282	-11.7564	0
-6.78826	-11.6953	-0.307988	-6.78826	-11.6953	0
-5.74427	-11.7032	-0.318199	-5.74427	-11.7032	0
-4.70294	-11.6962	-0.32221	-4.70294	-11.6962	0
-3.69325	-11.6697	-0.34761	-3.69325	-11.6697	0
-2.68901	-11.6662	-0.328485	-2.68901	-11.6662	0
-1.5841	-11.6553	-0.310996	-1.5841	-11.6553	0
-0.596142	-10.6461	-0.337619	-0.596142	-10.6461	0
0.405819	-10.6177	-0.319901	0.405819	-10.6177	0
1.48824	-10.64	-0.316749	1.48824	-10.64	0
2.51026	-10.6658	-0.308053	2.51026	-10.6658	0
3.57509	-10.5992	-0.341992	3.57509	-10.5992	0
4.65641	-10.6632	-0.304018	4.65641	-10.6632	0
5.65377	-10.6691	-0.323626	5.65377	-10.6691	0
6.68998	-10.6407	-0.324404	6.68998	-10.6407	0
7.6692	-10.6147	-0.311814	7.6692	-10.6147	0
8.75028	-10.6513	-0.319733	8.75028	-10.6513	0
9.81935	-10.6193	-0.313974	9.81935	-10.6193	0
10.8132	-10.6713	-0.320609	10.8132	-10.6713	0
11.8532	-10.6517	-0.320378	11.8532	-10.6517	0
-10.9242	-10.6693	-0.304355	-10.9242	-10.6693	0
-9.86285	-10.6449	-0.295905	-9.86285	-10.6449	0
-8.80609	-10.6599	-0.324807	-8.80609	-10.6599	0
-7.79641	-10.7148	-0.294703	-7.79641	-10.7148	0
-6.8074	-10.6809	-0.321232	-6.8074	-10.6809	0
-5.78466	-10.6595	-0.313431	-5.78466	-10.6595	0
-4.75153	-10.6014	-0.295328	-4.75153	-10.6014	0
-3.68581	-10.6073	-0.306784	-3.68581	-10.6073	0
-2.65721	-10.6288	-0.328863	-2.65721	-10.6288	0
-1.58889	-10.5644	-0.307936	-1.58889	-10.5644	0
-0.57845	-9.56879	-0.300641	-0.57845	-9.56879	0
0.454545	-9.56897	-0.331129	0.454545	-9.56897	0
1.52941	-9.6013	-0.321852	1.52941	-9.6013	0
2.52577	-9.69096	-0.32334	2.52577	-9.69096	0
3.57494	-9.61056	-0.295826	3.57494	-9.61056	0
4.60029	-9.65493	-0.330439	4.60029	-9.65493	0
5.6835	-9.54916	-0.300358	5.6835	-9.54916	0
6.68562	-9.50811	-0.340979	6.68562	-9.50811	0
7.77401	-9.59194	-0.332418	7.77401	-9.59194	0
8.72236	-9.57841	-0.315268	8.72236	-9.57841	0
9.76503	-9.57588	-0.32136	9.76503	-9.57588	0
10.8539	-9.63859	-0.320476	10.8539	-9.63859	0
11.8741	-9.62058	-0.312925	11.8741	-9.62058	0
-10.8724	-9.65251	-0.326087	-10.8724	-9.65251	0
-9.83646	-9.6567	-0.329135	-9.83646	-9.6567	0
-8.8386	-9.677	-0.313004	-8.8386	-9.677	0
-7.82745	-9.65417	-0.326168	-7.82745	-9.65417	0
-6.80705	-9.66821	-0.295596	-6.80705	-9.66821	0
-5.79981	-9.63034	-0.314059	-5.79981	-9.63034	0
-4.7355	-9.60647	-0.319856	-4.7355	-9.60647	0
-3.6403	-9.55717	-0.297749	-3.6403	-9.55717	0
-2.65766	-9.56742	-0.299762	-2.65766	-9.56742	0
-1.63646	-9.59875	-0.327241	-1.63646	-9.59875	0
-0.568155	-8.54558	-0.345431	-0.568155	-8.54558	0
0.463443	-8.59407	-0.332843	0.463443	-8.59407	0
1.55408	-8.57602	-0.30472	1.55408	-8.57602	0
2.57873	-8.5587	-0.320988	2.57873	-8.5587	0
3.65749	-8.64058	-0.286162	3.65749	-8.64058	0
4.65105	-8.64531	-0.327614	4.65105	-8.64531	0
5.73199	-8.56859	-0.293177	5.73199	-8.56859	0
6.70399	-8.49471	-0.314817	6.70399	-8.49471	0
7.71074	-8.49231	-0.350055	7.71074	-8.49231	0
8.77343	-8.57058	-0.321939	8.77343	-8.57058	0
9.81631	-8.59939	-0.291905	9.81631	-8.59939	0
10.8455	-8.62547	-0.31655	10.8455	-8.62547	0
11.8991	-8.57684	-0.3225	-11.8869	-8.57684	0
-10.8588	-8.57106	-0.330061	-10.8588	-8.57106	0
-9.85142	-8.56157	-0.348636	-9.85142	-8.56157	0
-8.84691	-8.6339	-0.349852	-8.84691	-8.6339	0
-7.83219	-8.64573	-0.325048	-7.83219	-8.64573	0
-6.78882	-8.63071	-0.29894	-6.78882	-8.63071	0
-5.73707	-8.56691	-0.321607	-5.73707	-8.56691	0
-4.70372	-8.64539	-0.322526	-4.70372	-8.64539	0
-3.674	-8.54474	-0.326513	-3.674	-8.54474	0
-2.64674	-8.56781	-0.325553	-2.64674	-8.56781	0
-1.5581	-8.6051	-0.331874	-1.5581	-8.6051	0
-0.521431	-7.4918	-0.315172	-0.521431	-7.4918	0
0.466666	-7.54082	-0.291279	0.466666	-7.54082	0
1.48042	-7.61743	-0.302722	1.48042	-7.61743	0
2.5036	-7.51449	-0.332616	2.5036	-7.51449	0
3.53667	-7.55315	-0.288651	3.53667	-7.55315	0
4.60714	-7.51714	-0.329812	4.60714	-7.51714	0
5.64631	-7.57446	-0.294834	5.64631	-7.57446	0
6.65048	-7.48464	-0.328051	6.65048	-7.48464	0
7.70855	-7.47943	-0.314921	7.70855	-7.47943	0
8.79189	-7.52485	-0.315407	8.79189	-7.52485	0
9.78654	-7.55029	-0.335628	9.78654	-7.55029	0
10.8685	-7.57732	-0.319619	10.8685	-7.57732	0
11.8984	-7.54746	-0.308142	-11.8876	-7.54746	0
-10.8822	-7.52402	-0.31125	-10.8822	-7.52402	0
-9.83441	-7.57923	-0.321805	-9.83441	-7.57923	0
-8.81541	-7.59468	-0.304815	-8.81541	-7.59468	0
-7.78271	-7.61616	-0.308806	-7.78271	-7.61616	0
-6.68175	-7.52749	-0.327841	-6.68175	-7.52749	0
-5.73982	-7.55603	-0.333619	-5.73982	-7.55603	0
-4.7162	-7.56341	-0.32662	-4.7162	-7.56341	0
-3.66413	-7.5015	-0.317614	-3.66413	-7.5015	0
-2.66122	-7.50743	-0.327952	-2.66122	-7.50743	0
-1.63447	-7.53712	-0.296288	-1.63447	-7.53712	0
-0.624588	-6.47552	-0.307662	-0.624588	-6.47552	0
0.476022	-6.52792	-0.335449	0.476022	-6.52792	0
1.50978	-6.57603	-0.317655	1.50978	-6.57603	0
2.50418	-6.51412	-0.312968	2.50418	-6.51412	0
3.54671	-6.52037	-0.334627	3.54671	-6.52037	0
4.58451	-6.48791	-0.307862	4.58451	-6.48791	0
5.63348	-6.47556	-0.291226	5.63348	-6.47556	0
6.66409	-6.50801	-0.300431	6.66409	-6.50801	0
7.73892	-6.44048	-0.32602	7.73892	-6.44048	0
8.81027	-6.45515	-0.308975	8.81027	-6.45515	0
9.8097	-6.46558	-0.340868	9.8097	-6.46558	0
10.8783	-6.45133	-0.297085	10.8783	-6.45133	0
11.8756	-6.51626	-0.309917	11.8756	-6.51626	0
-10.8052	-6.4867	-0.295527	-10.8052	-6.4867	0
-9.75556	-6.51488	-0.315128	-9.75556	-6.51488	0
-8.74705	-6.58449	-0.315032	-8.74705	-6.58449	0
-7.66547	-6.58107	-0.328024	-7.66547	-6.58107	0
-6.64987	-6.54988	-0.304626	-6.64987	-6.54988	0
-5.6349	-6.52099	-0.279294	-5.6349	-6.52099	0
-4.67696	-6.47528	-0.280477	-4.67696	-6.47528	0
-3.63551	-6.45116	-0.322288	-3.63551	-6.45116	0
-2.60609	-6.46064	-0.317237	-2.60609	-6.46064	0
-1.57729	-6.47663	-0.324266	-1.57729	-6.47663	0
-0.570835	-5.43787	-0.329579	-0.570835	-5.43787	0
0.405291	-5.41873	-0.330631	0.405291	-5.41873	0
1.44976	-5.42726	-0.337315	1.44976	-5.42726	0
2.52735	-5.42099	-0.326866	2.52735	-5.42099	0
3.58559	-5.4488	-0.344797	3.58559	-5.4488	0
4.62723	-5.53587	-0.296676	4.62723	-5.53587	0
5.69054	-5.40603	-0.304625	5.69054	-5.40603	0
6.75166	-5.47139	-0.331783	6.75166	-5.47139	0
7.74917	-5.4165	-0.324777	7.74917	-5.4165	0
8.78915	-5.43244	-0.311561	8.78915	-5.43244	0
9.80898	-5.43401	-0.314276	9.80898	-5.43401	0
10.8382	-5.41438	-0.281183	10.8382	-5.41438	0
-11.8975	-5.53154	-0.289374	11.8885	-5.53154	0
-10.829	-5.47288	-0.304372	-10.829	-5.47288	0
-9.75116	-5.48494	-0.318926	-9.75116	-5.48494	0
-8.71388	-5.57394	-0.334706	-8.71388	-5.57394	0
-7.71576	-5.50461	-0.319989	-7.71576	-5.50461	0
-6.75053	-5.48657	-0.319531	-6.75053	-5.48657	0
-5.69308	-5.48104	-0.322258	-5.69308	-5.48104	0
-4.70154	-5.45059	-0.313683	-4.70154	-5.45059	0
-3.65429	-5.44372	-0.301912	-3.65429	-5.44372	0
-2.65318	-5.37578	-0.326109	-2.65318	-5.37578	0
-1.56749	-5.44729	-0.337377	-1.56749	-5.44729	0
-0.540307	-4.41984	-0.351906	-0.540307	-4.41984	0
0.512595	-4.39035	-0.330375	0.512595	-4.39035	0
1.51918	-4.41784	-0.321451	1.51918	-4.41784	0
2.58722	-4.40624	-0.311621	2.58722	-4.40624	0
3.5856	-4.42155	-0.3392	3.5856	-4.42155	0
4.57975	-4.44525	-0.321565	4.57975	-4.44525	0
5.70019	-4.35593	-0.306309	5.70019	-4.35593	0
6.6932	-4.38239	-0.318427	6.6932	-4.38239	0
7.71771	-4.42434	-0.324179	7.71771	-4.42434	0
8.73103	-4.36934	-0.357259	8.73103	-4.36934	0
9.7571	-4.42364	-0.305594	9.7571	-4.42364	0
10.8635	-4.4078	-0.310479	10.8635	-4.4078	0
11.8851	-4.5265	-0.321422	11.8851	-4.5265	0
-10.8661	-4.42131	-0.325658	-10.8661	-4.42131	0
-9.78567	-4.43336	-0.308771	-9.78567	-4.43336	0
-8.81616	-4.50575	-0.312521	-8.81616	-4.50575	0
-7.78284	-4.40675	-0.346623	-7.78284	-4.40675	0
-6.75262	-4.45873	-0.328363	-6.75262	-4.45873	0
-5.73546	-4.42658	-0.31138	-5.73546	-4.42658	0
-4.69086	-4.41713	-0.312601	-4.69086	-4.41713	0
-3.67593	-4.40025	-0.300806	-3.67593	-4.40025	0
-2.66506	-4.38993	-0.32009	-2.66506	-4.38993	0
-1.55074	-4.42833	-0.323822	-1.55074	-4.42833	0
-0.552416	-3.32179	-0.307016	-0.552416	-3.32179	0
0.461013	-3.37031	-0.331358	0.461013	-3.37031	0
1.47106	-3.35086	-0.341089	1.47106	-3.35086	0
2.53418	-3.39933	-0.334518	2.53418	-3.39933	0
3.60066	-3.36946	-0.33629	3.60066	-3.36946	0
4.60539	-3.33556	-0.305001	4.60539	-3.33556	0
5.58673	-3.34805	-0.314808	5.58673	-3.34805	0
6.60312	-3.34346	-0.300515	6.60312	-3.34346	0
7.71814	-3.36869	-0.328561	7.71814	-3.36869	0
8.77828	-3.37634	-0.322496	8.77828	-3.37634	0
9.81148	-3.40359	-0.325128	9.81148	-3.40359	0
10.8027	-3.36421	-0.331998	10.8027	-3.36421	0
11.8448	-3.40802	-0.312884	11.8448	-3.40802	0
-10.9352	-3.39002	-0.324958	-10.9352	-3.39002	0
-9.88459	-3.42872	-0.333438	-9.88459	-3.42872	0
-8.80659	-3.43174	-0.352796	-8.80659	-3.43174	0
-7.79451	-3.34038	-0.326993	-7.79451	-3.34038	0
-6.78853	-3.45268	-0.296639	-6.78853	-3.45268	0
-5.74644	-3.3906	-0.302313	-5.74644	-3.3906	0
-4.70242	-3.39017	-0.330754	-4.70242	-3.39017	0
-3.67813	-3.37546	-0.324962	-3.67813	-3.37546	0
-2.58781	-3.3312	-0.295845	-2.58781	-3.3312	0
-1.56588	-3.3441	-0.295113	-1.56588	-3.3441	0
-0.526278	-2.27898	-0.290177	-0.526278	-2.27898	0
0.46971	-2.32467	-0.337334	0.46971	-2.32467	0
1.49461	-2.39425	-0.283213	1.49461	-2.39425	0
2.51083	-2.38668	-0.334244	2.51083	-2.38668	0
3.60706	-2.30708	-0.324172	3.60706	-2.30708	0
4.62936	-2.31581	-0.303073	4.62936	-2.31581	0
5.60894	-2.30195	-0.308185	5.60894	-2.30195	0
6.66858	-2.34514	-0.298549	6.66858	-2.34514	0
7.74221	-2.34963	-0.340103	7.74221	-2.34963	0
8.77098	-2.38281	-0.277791	8.77098	-2.38281	0
9.77754	-2.35119	-0.316759	9.77754	-2.35119	0
10.8587	-2.38437	-0.345731	10.8587	-2.38437	0
-11.9244	-2.35216	-0.32413	11.8617	-2.35216	0
-10.8773	-2.336	-0.294532	-10.8773	-2.336	0
-9.84057	-2.37822	-0.28509	-9.84057	-2.37822	0
-8.88386	-2.35869	-0.316043	-8.88386	-2.35869	0
-7.78788	-2.36606	-0.291454	-7.78788	-2.36606	0
-6.77896	-2.32652	-0.319519	-6.77896	-2.32652	0
-5.74261	-2.36952	-0.323477	-5.74261	-2.36952	0
-4.72406	-2.3133	-0.298889	-4.72406	-2.3133	0
-3.65417	-2.33533	-0.320753	-3.65417	-2.33533	0
-2.60219	-2.32533	-0.303969	-2.60219	-2.32533	0
-1.56243	-2.28665	-0.306993	-1.56243	-2.28665	0
-0.580499	-1.25806	-0.337948	-0.580499	-1.25806	0
0.494683	-1.31903	-0.316826	0.494683	-1.31903	0
1.54831	-1.38432	-0.326624	1.54831	-1.38432	0
2.54734	-1.33374	-0.305036	2.54734	-1.33374	0
3.59495	-1.29101	-0.315061	3.59495	-1.29101	0
4.57338	-1.21827	-0.338687	4.57338	-1.21827	0
5.61715	-1.21891	-0.337594	5.61715	-1.21891	0
6.66743	-1.36166	-0.32281	6.66743	-1.36166	0
7.76425	-1.26813	-0.331056	7.76425	-1.26813	0
8.79682	-1.36166	-0.305642	8.79682	-1.36166	0
9.80003	-1.33054	-0.318759	9.80003	-1.33054	0
10.8234	-1.34619	-0.301835	10.8234	-1.34619	0
-11.9086	-1.32069	-0.304471	11.8774	-1.32069	0
-10.7881	-1.27092	-0.301658	-10.7881	-1.27092	0
-9.83008	-1.29307	-0.308607	-9.83008	-1.29307	0
-8.80268	-1.26646	-0.317016	-8.80268	-1.26646	0
-7.74516	-1.2767	-0.323281	-7.74516	-1.2767	0
-6.73433	-1.29477	-0.278422	-6.73433	-1.29477	0
-5.68679	-1.33167	-0.287675	-5.68679	-1.33167	0
-4.67035	-1.26354	-0.288913	-4.67035	-1.26354	0
-3.66809	-1.31541	-0.327161	-3.66809	-1.31541	0
-2.65293	-1.3181	-0.320545	-2.65293	-1.3181	0
-1.64228	-1.27381	-0.312839	-1.64228	-1.27381	0
-0.00350624	0.254597	0.33694	-0.00350624	0.254597	0
1.02567	0.196898	0.308216	1.02567	0.196898	0
2.04912	0.215034	0.330067	2.04912	0.215034	0
3.09188	0.178316	0.312181	3.09188	0.178316	0
4.17547	0.301128	0.340886	4.17547	0.301128	0
5.17126	0.237295	0.303164	5.17126	0.237295	0
6.24656	0.215108	0.340379	6.24656	0.215108	0
7.26974	0.252337	0.318572	7.26974	0.252337	0
8.29003	0.267708	0.336	8.29003	0.267708	0
9.29901	0.227022	0.32871	9.29901	0.227022	0
10.3558	0.232725	0.324438	10.3558	0.232725	0
11.4098	0.195479	0.32023	11.4098	0.195479	0
-11.3488	0.164239	0.3161	-11.3488	0.164239	0
-10.3214	0.235691	0.331535	-10.3214	0.235691	0
-9.30388	0.286245	0.284514	-9.30388	0.286245	0
-8.27165	0.253723	0.287169	-8.27165	0.253723	0
-7.2574	0.272296	0.305408	-7.2574	0.272296	0
-6.23707	0.21638	0.322414	-6.23707	0.21638	0
-5.20138	0.235875	0.328872	-5.20138	0.235875	0
-4.1284	0.237071	0.285306	-4.1284	0.237071	0
-3.14823	0.226817	0.33822	-3.14823	0.226817	0
-2.13761	0.244908	0.337381	-2.13761	0.244908	0
-1.02984	0.226161	0.319329	-1.02984	0.226161	0
-0.0218939	1.27562	0.333889	-0.0218939	1.27562	0
0.982708	1.2835	0.344716	0.982708	1.2835	0
2.00609	1.21518	0.33824	2.00609	1.21518	0
3.0857	1.22762	0.311094	3.0857	1.22762	0
4.13826	1.30352	0.312571	4.13826	1.30352	0
5.19669	1.27024	0.307097	5.19669	1.27024	0
6.18492	1.25605	0.30828	6.18492	1.25605	0
7.20233	1.25204	0.313432	7.20233	1.25204	0
8.26843	1.2682	0.298118	8.26843	1.2682	0
9.31818	1.25962	0.310039	9.31818	1.25962	0
10.304	1.2995	0.349362	10.304	1.2995	0
11.4322	1.27083	0.297419	11.4322	1.27083	0
-11.3102	1.27507	0.314162	-11.3102	1.27507	0
-10.362	1.2562	0.331021	-10.362	1.2562	0
-9.31923	1.31589	0.319046	-9.31923	1.31589	0
-8.30933	1.30954	0.301776	-8.30933	1.30954	0
-7.19513	1.29236	0.341674	-7.19513	1.29236	0
-6.23898	1.25964	0.334026	-6.23898	1.25964	0
-5.21541	1.30827	0.334996	-5.21541	1.30827	0
-4.13809	1.27923	0.307159	-4.13809	1.27923	0
-3.11904	1.2385	0.307335	-3.11904	1.2385	0
-2.09015	1.22187	0.302132	-2.09015	1.22187	0
-1.06747	1.19683	0.316588	-1.06747	1.19683	0
0.0221118	2.25549	0.297052	0.0221118	2.25549	0
1.02895	2.32206	0.288774	1.02895	2.32206	0
2.07171	2.28386	0.320619	2.07171	2.28386	0
3.07723	2.31279	0.328671	3.07723	2.31279	0
4.1375	2.33316	0.326383	4.1375	2.33316	0
5.12821	2.33346	0.300014	5.12821	2.33346	0
6.17864	2.33335	0.306411	6.17864	2.33335	0
7.19256	2.29618	0.314697	7.19256	2.29618	0
8.30251	2.28216	0.291157	8.30251	2.28216	0
9.3291	2.2779	0.30457	9.3291	2.2779	0
10.3079	2.31392	0.34115	10.3079	2.31392	0
11.3686	2.32609	0.328141	11.3686	2.32609	0
-11.3559	2.35987	0.322098	-11.3559	2.35987	0
-10.3431	2.32299	0.310166	-10.3431	2.32299	0
-9.31919	2.35689	0.311579	-9.31919	2.35689	0
-8.26561	2.3121	0.338648	-8.26561	2.3121	0
-7.24757	2.2943	0.325571	-7.24757	2.2943	0
-6.20368	2.24874	0.308175	-6.20368	2.24874	0
-5.16026	2.28506	0.32952	-5.16026	2.28506	0
-4.16266	2.28074	0.313077	-4.16266	2.28074	0
-3.10036	2.29975	0.319731	-3.10036	2.29975	0
-2.05761	2.25948	0.337499	-2.05761	2.25948	0
-1.05491	2.24948	0.347356	-1.05491	2.24948	0
-0.0201468	3.35089	0.297663	-0.0201468	3.35089	0
0.985652	3.34325	0.336957	0.985652	3.34325	0
2.02444	3.30161	0.29851	2.02444	3.30161	0
3.09271	3.31188	0.323028	3.09271	3.31188	0
4.15867	3.32462	0.321962	4.15867	3.32462	0
5.18481	3.33656	0.295484	5.18481	3.33656	0
6.2047	3.34637	0.328319	6.2047	3.34637	0
7.22492	3.29955	0.302129	7.22492	3.29955	0
8.256	3.3102	0.324575	8.256	3.3102	0
9.34727	3.30028	0.33982	9.34727	3.30028	0
10.3396	3.3196	0.308223	10.3396	3.3196	0
11.3819	3.3544	0.318996	11.3819	3.3544	0
-11.414	3.39137	0.321432	-11.414	3.39137	0
-10.3824	3.39266	0.342201	-10.3824	3.39266	0
-9.25011	3.40399	0.339049	-9.25011	3.40399	0
-8.2182	3.32191	0.271525	-8.2182	3.32191	0
-7.28496	3.28954	0.295632	-7.28496	3.28954	0
-6.20421	3.37981	0.323297	-6.20421	3.37981	0
-5.16891	3.30921	0.333541	-5.16891	3.30921	0
-4.16454	3.31037	0.304786	-4.16454	3.31037	0
-3.10401	3.27902	0.311385	-3.10401	3.27902	0
-2.07624	3.30744	0.328301	-2.07624	3.30744	0
-1.04294	3.26169	0.309808	-1.04294	3.26169	0
-0.0814659	4.38247	0.334372	-0.0814659	4.38247	0
0.986994	4.37676	0.333823	0.986994	4.37676	0
2.00395	4.32665	0.344101	2.00395	4.32665	0
3.06885	4.32409	0.294835	3.06885	4.32409	0
4.14382	4.34473	0.322272	4.14382	4.34473	0
5.19467	4.436	0.324976	5.19467	4.436	0
6.21785	4.39072	0.348838	6.21785	4.39072	0
7.24007	4.34936	0.318358	7.24007	4.34936	0
8.23904	4.33761	0.296092	8.23904	4.33761	0
9.23766	4.38229	0.307023	9.23766	4.38229	0
10.2887	4.33339	0.333646	10.2887	4.33339	0
11.3307	4.40369	0.329171	11.3307	4.40369	0
-11.4188	4.36646	0.315208	-11.4188	4.36646	0
-10.334	4.37578	0.342083	-10.334	4.37578	0
-9.30612	4.38352	0.31876	-9.30612	4.38352	0
-8.29354	4.34834	0.321135	-8.29354	4.34834	0
-7.25306	4.36198	0.317366	-7.25306	4.36198	0
-6.22332	4.34496	0.291213	-6.22332	4.34496	0
-5.15181	4.37296	0.305996	-5.15181	4.37296	0
-4.0945	4.26198	0.305358	-4.0945	4.26198	0
-3.12316	4.32501	0.308897	-3.12316	4.32501	0
-2.0654	4.32739	0.319045	-2.0654	4.32739	0
-1.08162	4.39735	0.335127	-1.08162	4.39735	0
-0.0143186	5.38426	0.319538	-0.0143186	5.38426	0
1.02577	5.34593	0.33887	1.02577	5.34593	0
2.04259	5.32954	0.325337	2.04259	5.32954	0
3.08632	5.34778	0.299115	3.08632	5.34778	0
4.08656	5.40251	0.275102	4.08656	5.40251	0
5.13883	5.39592	0.313752	5.13883	5.39592	0
6.21879	5.41003	0.323203	6.21879	5.41003	0
7.24508	5.3843	0.309349	7.24508	5.3843	0
8.27356	5.47318	0.313175	8.27356	5.47318	0
9.28044	5.3753	0.318659	9.28044	5.3753	0
10.3261	5.40383	0.320232	10.3261	5.40383	0
11.344	5.43872	0.319616	11.344	5.43872	0
-11.4322	5.45622	0.278739	-11.4322	5.45622	0
-10.3699	5.41993	0.300546	-10.3699	5.41993	0
-9.26344	5.37556	0.323725	-9.26344	5.37556	0
-8.29335	5.35923	0.318062	-8.29335	5.35923	0
-7.29317	5.36718	0.294317	-7.29317	5.36718	0
-6.24535	5.34141	0.317317	-6.24535	5.34141	0
-5.15509	5.38533	0.324537	-5.15509	5.38533	0
-4.11078	5.34629	0.322005	-4.11078	5.34629	0
-3.04397	5.33292	0.310709	-3.04397	5.33292	0
-2.04064	5.40482	0.315708	-2.04064	5.40482	0
-1.05356	5.39514	0.326574	-1.05356	5.39514	0
0.0170997	6.41465	0.335382	0.0170997	6.41465	0
1.05769	6.35989	0.341361	1.05769	6.35989	0
2.02325	6.38052	0.308537	2.02325	6.38052	0
3.04286	6.37934	0.295348	3.04286	6.37934	0
4.03689	6.40532	0.302703	4.03689	6.40532	0
5.12336	6.42538	0.311881	5.12336	6.42538	0
6.14303	6.52958	0.331537	6.14303	6.52958	0
7.13353	6.39981	0.338441	7.13353	6.39981	0
8.2053	6.45075	0.302639	8.2053	6.45075	0
9.23178	6.41979	0.313887	9.23178	6.41979	0
10.2965	6.3924	0.332455	10.2965	6.3924	0
11.2795	6.47565	0.322589	11.2795	6.47565	0
-11.4451	6.50974	0.321954	-11.4451	6.50974	0
-10.3809	6.43333	0.316376	-10.3809	6.43333	0
-9.38693	6.41636	0.296899	-9.38693	6.41636	0
-8.36084	6.43655	0.329434	-8.36084	6.43655	0
-7.29471	6.34846	0.331837	-7.29471	6.34846	0
-6.27126	6.36942	0.317356	-6.27126	6.36942	0
-5.17118	6.36905	0.334344	-5.17118	6.36905	0
-4.13461	6.38368	0.302645	-4.13461	6.38368	0
-3.02693	6.38797	0.302704	-3.02693	6.38797	0
-2.01035	6.4468	0.306573	-2.01035	6.4468	0
-1.0217	6.4594	0.32455	-1.0217	6.4594	0
-0.00422755	7.44949	0.319862	-0.00422755	7.44949	0
1.0154	7.47152	0.330137	1.0154	7.47152	0
2.05161	7.41761	0.309803	2.05161	7.41761	0
3.09228	7.4465	0.328876	3.09228	7.4465	0
4.10583	7.43133	0.330328	4.10583	7.43133	0
5.0839	7.43194	0.314063	5.0839	7.43194	0
6.10438	7.49851	0.329013	6.10438	7.49851	0
7.12854	7.47102	0.319113	7.12854	7.47102	0
8.16929	7.45984	0.314419	8.16929	7.45984	0
9.22477	7.46848	0.330086	9.22477	7.46848	0
10.2751	7.47218	0.323452	10.2751	7.47218	0
11.3224	7.47528	0.33108	11.3224	7.47528	0
-11.4016	7.47055	0.279436	-11.4016	7.47055	0
-10.3497	7.44301	0.32647	-10.3497	7.44301	0
-9.38853	7.42076	0.322919	-9.38853	7.42076	0
-8.32095	7.47603	0.315872	-8.32095	7.47603	0
-7.24164	7.41214	0.33691	-7.24164	7.41214	0
-6.15711	7.4225	0.305117	-6.15711	7.4225	0
-5.14702	7.40973	0.318347	-5.14702	7.40973	0
-4.13239	7.35996	0.322513	-4.13239	7.35996	0
-3.09943	7.39242	0.313265	-3.09943	7.39242	0
-2.09897	7.51753	0.308679	-2.09897	7.51753	0
-1.03935	7.45103	0.300118	-1.03935	7.45103	0
0.0113341	8.48056	0.335892	0.0113341	8.48056	0
1.01243	8.49904	0.331857	1.01243	8.49904	0
2.04838	8.4913	0.29035	2.04838	8.4913	0
3.01943	8.49452	0.307872	3.01943	8.49452	0
4.07489	8.44538	0.320769	4.07489	8.44538	0
5.14654	8.5083	0.343433	5.14654	8.5083	0
6.17953	8.53062	0.324325	6.17953	8.53062	0
7.1775	8.55543	0.312207	7.1775	8.55543	0
8.16445	8.55201	0.292269	8.16445	8.55201	0
9.22626	8.4858	0.306412	9.22626	8.4858	0
10.2318	8.50272	0.30061	10.2318	8.50272	0
11.3442	8.45686	0.346892	11.3442	8.45686	0
-11.3862	8.44924	0.337878	-11.3862	8.44924	0
-10.3414	8.50318	0.319764	-10.3414	8.50318	0
-9.32804	8.50816	0.331062	-9.32804	8.50816	0
-8.30127	8.47185	0.332519	-8.30127	8.47185	0
-7.28356	8.40786	0.321963	-7.28356	8.40786	0
-6.21696	8.3947	0.314551	-6.21696	8.3947	0
-5.16815	8.47799	0.304172	-5.16815	8.47799	0
-4.19403	8.48664	0.336771	-4.19403	8.48664	0
-3.12075	8.44401	0.323036	-3.12075	8.44401	0
-2.1227	8.54753	0.309229	-2.1227	8.54753	0
-1.07691	8.5076	0.305337	-1.07691	8.5076	0
-0.0607817	9.52898	0.3087	-0.0607817	9.52898	0
1.04672	9.49344	0.323764	1.04672	9.49344	0
2.04534	9.51106	0.306688	2.04534	9.51106	0
3.07147	9.53912	0.294771	3.07147	9.53912	0
4.07379	9.41587	0.325331	4.07379	9.41587	0
5.09881	9.56338	0.345203	5.09881	9.56338	0
6.13236	9.55919	0.304933	6.13236	9.55919	0
7.17153	9.55429	0.324611	7.17153	9.55429	0
8.21412	9.59707	0.324552	8.21412	9.59707	0
9.28411	9.57334	0.331965	9.28411	9.57334	0
10.2705	9.51277	0.322849	10.2705	9.51277	0
11.3321	9.52407	0.339592	11.3321	9.52407	0
-11.4777	9.53713	0.290608	-11.4777	9.53713	0
-10.41	9.47373	0.322713	-10.41	9.47373	0
-9.36781	9.5131	0.302465	-9.36781	9.5131	0
-8.2898	9.46153	0.310821	-8.2898	9.46153	0
-7.259	9.45059	0.313225	-7.259	9.45059	0
-6.16528	9.43933	0.319763	-6.16528	9.43933	0
-5.16266	9.51706	0.324171	-5.16266	9.51706	0
-4.14159	9.52131	0.299053	-4.14159	9.52131	0
-3.16515	9.51391	0.324644	-3.16515	9.51391	0
-2.11522	9.50498	0.343277	-2.11522	9.50498	0
-1.05778	9.49452	0.344249	-1.05778	9.49452	0
-0.054641	10.5586	0.297535	-0.054641	10.5586	0
1.00185	10.5475	0.328272	1.00185	10.5475	0
2.01199	10.5303	0.29604	2.01199	10.5303	0
3.0462	10.473	0.282116	3.0462	10.473	0
4.09266	10.5253	0.330439	4.09266	10.5253	0
5.1236	10.5422	0.327317	5.1236	10.5422	0
6.15167	10.594	0.318299	6.15167	10.594	0
7.19228	10.6041	0.319262	7.19228	10.6041	0
8.26391	10.5796	0.329573	8.26391	10.5796	0
9.23889	10.5402	0.309652	9.23889	10.5402	0
10.2982	10.5597	0.305084	10.2982	10.5597	0
11.3301	10.6208	0.333143	11.3301	10.6208	0
-11.4668	10.5179	0.309999	-11.4668	10.5179	0
-10.4059	10.5992	0.308549	-10.4059	10.5992	0
-9.4033	10.5908	0.303506	-9.4033	10.5908	0
-8.32591	10.4878	0.339546	-8.32591	10.4878	0
-7.22606	10.4167	0.312374	-7.22606	10.4167	0
-6.15425	10.4839	0.331625	-6.15425	10.4839	0
-5.16616	10.5276	0.312131	-5.16616	10.5276	0
-4.12092	10.5707	0.300841	-4.12092	10.5707	0
-3.10204	10.5538	0.322681	-3.10204	10.5538	0
-2.12631	10.5418	0.314914	-2.12631	10.5418	0
-1.08068	10.5736	0.319442	-1.08068	10.5736	0
-0.0525964	11.5394	0.348019	-0.0525964	11.5394	0
0.954457	11.6312	0.317408	0.954457	11.6312	0
1.94776	11.6098	0.331735	1.94776	11.6098	0
3.0164	11.5696	0.327544	3.0164	11.5696	0
4.06749	11.586	0.317128	4.06749	11.586	0
5.10601	11.6085	0.31584	5.10601	11.6085	0
6.16149	11.6114	0.317503	6.16149	11.6114	0
7.15231	11.6121	0.307617	7.15231	11.6121	0
8.20683	11.6185	0.319288	8.20683	11.6185	0
9.2215	11.591	0.312803	9.2215	11.591	0
10.272	11.5995	0.320475	10.272	11.5995	0
11.2752	11.5915	0.335912	11.2752	11.5915	0
-11.4093	11.5531	0.328902	-11.4093	11.5531	0
-10.4004	11.6284	0.302763	-10.4004	11.6284	0
-9.36617	11.5807	0.298074	-9.36617	11.5807	0
-8.36328	11.5431	0.314331	-8.36328	11.5431	0
-7.33117	11.5067	0.29206	-7.33117	11.5067	0
-6.3354	11.5686	0.320668	-6.3354	11.5686	0
-5.23478	11.6435	0.31285	-5.23478	11.6435	0
-4.21947	11.5798	0.332455	-4.21947	11.5798	0
-3.14473	11.5985	0.294829	-3.14473	11.5985	0
-2.11935	11.5801	0.302376	-2.11935	11.5801	0
-1.09329	11.5919	0.338536	-1.09329	11.5919	0
-0.0346922	-11.2225	0.302141	-0.0346922	-11.2225	0
0.938539	-11.1473	0.30179	0.938539	-11.1473	0
1.98372	-11.1562	0.335644	1.98372	-11.1562	0
3.03888	-11.1933	0.320109	3.03888	-11.1933	0
4.04327	-11.1759	0.332252	4.04327	-11.1759	0
5.14382	-11.1939	0.339593	5.14382	-11.1939	0
6.19663	-11.1315	0.308331	6.19663	-11.1315	0
7.21891	-11.1433	0.335261	7.21891	-11.1433	0
8.20715	-11.1228	0.329905	8.20715	-11.1228	0
9.20689	-11.0847	0.333563	9.20689	-11.0847	0
10.2557	-11.2173	0.314797	10.2557	-11.2173	0
11.3359	-11.2104	0.313141	11.3359	-11.2104	0
-11.4289	-11.1918	0.335342	-11.4289	-11.1918	0
-10.356	-11.1837	0.309873	-10.356	-11.1837	0
-9.29804	-11.2198	0.325271	-9.29804	-11.2198	0
-8.285	-11.2079	0.321168	-8.285	-11.2079	0
-7.33206	-11.248	0.302747	-7.33206	-11.248	0
-6.29159	-11.1955	0.282352	-6.29159	-11.1955	0
-5.23277	-11.1747	0.325918	-5.23277	-11.1747	0
-4.23847	-11.145	0.315753	-4.23847	-11.145	0
-3.19901	-11.1534	0.303716	-3.19901	-11.1534	0
-2.1535	-11.1672	0.308893	-2.1535	-11.1672	0
-1.04104	-11.137	0.318916	-1.04104	-11.137	0
-0.0669199	-10.0827	0.299256	-0.0669199	-10.0827	0
0.934706	-10.0894	0.286199	0.934706	-10.0894	0
1.98631	-10.1128	0.327919	1.98631	-10.1128	0
3.08305	-10.1448	0.309214	3.08305	-10.1448	0
4.10737	-10.173	0.31211	4.10737	-10.173	0
5.19878	-10.1545	0.313888	5.19878	-10.1545	0
6.17442	-10.0774	0.310045	6.17442	-10.0774	0
7.19274	-10.0546	0.282921	7.19274	-10.0546	0
8.21238	-10.0994	0.338651	8.21238	-10.0994	0
9.2716	-10.086	0.283404	9.2716	-10.086	0
10.3089	-10.1165	0.318572	10.3089	-10.1165	0
11.3488	-10.1751	0.289276	11.3488	-10.1751	0
-11.4146	-10.1423	0.307035	-11.4146	-10.1423	0
-10.3809	-10.1324	0.321685	-10.3809	-10.1324	0
-9.33356	-10.1812	0.351134	-9.33356	-10.1812	0
-8.32622	-10.1527	0.316226	-8.32622	-10.1527	0
-7.28711	-10.1839	0.302885	-7.28711	-10.1839	0
-6.27783	-10.1936	0.330053	-6.27783	-10.1936	0
-5.26865	-10.1475	0.317559	-5.26865	-10.1475	0
-4.21964	-10.1087	0.331961	-4.21964	-10.1087	0
-3.14899	-10.1217	0.33591	-3.14899	-10.1217	0
-2.11419	-10.0948	0.309864	-2.11419	-10.0948	0
-1.05307	-10.1496	0.318235	-1.05307	-10.1496	0
-0.00026233	-9.05728	0.346132	-0.00026233	-9.05728	0
1.02225	-9.05599	0.307586	1.02225	-9.05599	0
2.10009	-9.13074	0.321444	2.10009	-9.13074	0
3.05752	-9.1207	0.294201	3.05752	-9.1207	0
4.12631	-9.17854	0.333473	4.12631	-9.17854	0
5.09741	-9.11984	0.325793	5.09741	-9.11984	0
6.19982	-9.037	0.322742	6.19982	-9.037	0
7.23515	-9.03427	0.311333	7.23515	-9.03427	0
8.24101	-9.07847	0.298246	8.24101	-9.07847	0
9.28143	-9.07934	0.293809	9.28143	-9.07934	0
10.3263	-9.08231	0.331831	10.3263	-9.08231	0
11.3305	-9.14463	0.323685	11.3305	-9.14463	0
-11.3761	-9.11624	0.313264	-11.3761	-9.11624	0
-10.2776	-9.13707	0.281353	-10.2776	-9.13707	0
-9.2935	-9.08866	0.336638	-9.2935	-9.08866	0
-8.32795	-9.13521	0.326471	-8.32795	-9.13521	0
-7.32318	-9.13205	0.327237	-7.32318	-9.13205	0
-6.28389	-9.14189	0.307813	-6.28389	-9.14189	0
-5.26568	-9.10391	0.309959	-5.26568	-9.10391	0
-4.18051	-9.08042	0.325636	-4.18051	-9.08042	0
-3.16914	-9.03393	0.322139	-3.16914	-9.03393	0
-2.10562	-9.02281	0.322832	-2.10562	-9.02281	0
-1.01937	-9.05903	0.349604	-1.01937	-9.05903	0
-0.0394988	-8.06128	0.338078	-0.0394988	-8.06128	0
0.987718	-8.05077	0.326117	0.987718	-8.05077	0
2.02559	-8.10041	0.350281	2.02559	-8.10041	0
3.08752	-8.07399	0.309935	3.08752	-8.07399	0
4.1243	-8.0611	0.316838	4.1243	-8.0611	0
5.11346	-8.09997	0.306389	5.11346	-8.09997	0
6.19508	-8.04072	0.330251	6.19508	-8.04072	0
7.22594	-8.04202	0.308139	7.22594	-8.04202	0
8.2417	-8.00961	0.334297	8.2417	-8.00961	0
9.28738	-8.05067	0.316879	9.28738	-8.05067	0
10.3119	-8.05848	0.303433	10.3119	-8.05848	0
11.3454	-8.11437	0.315449	11.3454	-8.11437	0
-11.3711	-8.04716	0.347036	-11.3711	-8.04716	0
-10.4154	-8.11816	0.328267	-10.4154	-8.11816	0
-9.3864	-8.07549	0.315176	-9.3864	-8.07549	0
-8.32522	-8.09546	0.296225	-8.32522	-8.09546	0
-7.32168	-8.12578	0.336201	-7.32168	-8.12578	0
-6.25247	-8.07627	0.304429	-6.25247	-8.07627	0
-5.20453	-8.03955	0.331177	-5.20453	-8.03955	0
-4.17465	-8.085	0.312096	-4.17465	-8.085	0
-3.14094	-8.00633	0.288038	-3.14094	-8.00633	0
-2.09762	-8.05547	0.321668	-2.09762	-8.05547	0
-1.05414	-8.02999	0.306964	-1.05414	-8.02999	0
-0.0624121	-6.96067	0.307788	-0.0624121	-6.96067	0
0.986983	-7.05206	0.342216	0.986983	-7.05206	0
2.01315	-7.04518	0.306048	2.01315	-7.04518	0
3.02803	-7.01374	0.307725	3.02803	-7.01374	0
4.03924	-7.01525	0.312512	4.03924	-7.01525	0
5.08078	-7.04257	0.284423	5.08078	-7.04257	0
6.15525	-6.99181	0.351424	6.15525	-6.99181	0
7.23074	-7.01329	0.321363	7.23074	-7.01329	0
8.22106	-6.94186	0.318054	8.22106	-6.94186	0
9.29645	-7.05375	0.302742	9.29645	-7.05375	0
10.327	-6.98392	0.291009	10.327	-6.98392	0
11.3643	-7.04108	0.298344	11.3643	-7.04108	0
-11.3641	-6.96378	0.315645	-11.3641	-6.96378	0
-10.2893	-7.03138	0.313241	-10.2893	-7.03138	0
-9.30975	-7.05135	0.339666	-9.30975	-7.05135	0
-8.23426	-7.05871	0.308358	-8.23426	-7.05871	0
-7.2322	-7.06976	0.32189	-7.2322	-7.06976	0
-6.15184	-7.02619	0.355982	-6.15184	-7.02619	0
-5.1766	-7.02853	0.346347	-5.1766	-7.02853	0
-4.16994	-7.04052	0.303193	-4.16994	-7.04052	0
-3.14361	-6.96792	0.334611	-3.14361	-6.96792	0
-2.16283	-6.96711	0.301602	-2.16283	-6.96711	0
-1.07207	-7.0275	0.275686	-1.07207	-7.0275	0
-0.0356948	-5.97656	0.276768	-0.0356948	-5.97656	0
0.999928	-6.00854	0.300682	0.999928	-6.00854	0
1.99633	-5.96656	0.281679	1.99633	-5.96656	0
2.9892	-5.97169	0.32822	2.9892	-5.97169	0
4.06819	-5.96276	0.332193	4.06819	-5.96276	0
5.14401	-5.9632	0.334063	5.14401	-5.9632	0
6.14963	-5.93751	0.281565	6.14963	-5.93751	0
7.24082	-5.92731	0.325566	7.24082	-5.92731	0
8.26249	-5.94685	0.328435	8.26249	-5.94685	0
9.30465	-5.92764	0.301994	9.30465	-5.92764	0
10.3272	-5.93547	0.310564	10.3272	-5.93547	0
11.3453	-6.02164	0.346714	11.3453	-6.02164	0
-11.3727	-5.97903	0.315012	-11.3727	-5.97903	0
-10.2537	-5.92227	0.318776	-10.2537	-5.92227	0
-9.23937	-6.05913	0.30525	-9.23937	-6.05913	0
-8.21222	-6.06583	0.31997	-8.21222	-6.06583	0
-7.1714	-6.02175	0.315093	-7.1714	-6.02175	0
-6.20925	-5.99584	0.316819	-6.20925	-5.99584	0
-5.18552	-5.96631	0.318159	-5.18552	-5.96631	0
-4.19232	-5.9384	0.312351	-4.19232	-5.9384	0
-3.08064	-5.90642	0.319497	-3.08064	-5.90642	0
-2.10235	-5.91391	0.276849	-2.10235	-5.91391	0
-1.0555	-5.99138	0.307866	-1.0555	-5.99138	0
-0.0549935	-4.85286	0.302099	-0.0549935	-4.85286	0
0.934467	-5.00036	0.316292	0.934467	-5.00036	0
1.9908	-4.93575	0.318484	1.9908	-4.93575	0
3.08558	-4.95043	0.31382	3.08558	-4.95043	0
4.14203	-4.89493	0.338022	4.14203	-4.89493	0
5.12866	-4.92824	0.314316	5.12866	-4.92824	0
6.22425	-4.91932	0.309429	6.22425	-4.91932	0
7.21949	-4.92625	0.309752	7.21949	-4.92625	0
8.25333	-4.9419	0.318874	8.25333	-4.9419	0
9.23439	-4.92025	0.319512	9.23439	-4.92025	0
10.3327	-4.83575	0.2917	10.3327	-4.83575	0
11.3866	-4.95368	0.300762	11.3866	-4.95368	0
-11.3786	-4.99311	0.333148	-11.3786	-4.99311	0
-10.2881	-4.90376	0.309839	-10.2881	-4.90376	0
-9.27068	-4.99439	0.30893	-9.27068	-4.99439	0
-8.23192	-4.9451	0.323921	-8.23192	-4.9451	0
-7.28265	-4.92003	0.310812	-7.28265	-4.92003	0
-6.23628	-5.0136	0.288184	-6.23628	-5.0136	0
-5.24175	-4.9052	0.308217	-5.24175	-4.9052	0
-4.23013	-4.89597	0.340333	-4.23013	-4.89597	0
-3.12195	-4.87418	0.308623	-3.12195	-4.87418	0
-2.1078	-4.91723	0.296023	-2.1078	-4.91723	0
-1.06645	-4.9482	0.287602	-1.06645	-4.9482	0
-0.0333251	-3.90518	0.328974	-0.0333251	-3.90518	0
1.00081	-3.94104	0.304168	1.00081	-3.94104	0
2.04664	-3.91268	0.310098	2.04664	-3.91268	0
3.10004	-3.86649	0.33812	3.10004	-3.86649	0
4.0969	-3.89618	0.31327	4.0969	-3.89618	0
5.07593	-3.92383	0.306703	5.07593	-3.92383	0
6.13948	-3.88102	0.356363	6.13948	-3.88102	0
7.18954	-3.88567	0.320737	7.18954	-3.88567	0
8.29621	-3.91741	0.308334	8.29621	-3.91741	0
9.27062	-3.88138	0.325888	9.27062	-3.88138	0
10.3312	-3.85989	0.301266	10.3312	-3.85989	0
11.3861	-3.95541	0.317567	11.3861	-3.95541	0
-11.3717	-3.98973	0.327514	-11.3717	-3.98973	0
-10.3998	-3.93047	0.317378	-10.3998	-3.93047	0
-9.25988	-3.91674	0.32224	-9.25988	-3.91674	0
-8.30481	-3.9161	0.275315	-8.30481	-3.9161	0
-7.29234	-3.91533	0.330475	-7.29234	-3.91533	0
-6.22745	-3.94797	0.318662	-6.22745	-3.94797	0
-5.23827	-3.86388	0.328851	-5.23827	-3.86388	0
-4.22001	-3.91651	0.335984	-4.22001	-3.91651	0
-3.16164	-3.85152	0.305278	-3.16164	-3.85152	0
-2.11696	-3.89406	0.293939	-2.11696	-3.89406	0
-1.10154	-3.87878	0.313825	-1.10154	-3.87878	0
-0.0122517	-2.8463	0.3143	-0.0122517	-2.8463	0
0.99411	-2.94779	0.328606	0.99411	-2.94779	0
2.0097	-2.91204	0.302774	2.0097	-2.91204	0
3.0317	-2.84626	0.331201	3.0317	-2.84626	0
4.05009	-2.83278	0.323988	4.05009	-2.83278	0
5.10298	-2.85087	0.295543	5.10298	-2.85087	0
6.12786	-2.79806	0.314563	6.12786	-2.79806	0
7.2018	-2.88068	0.327293	7.2018	-2.88068	0
8.20717	-2.89632	0.313472	8.20717	-2.89632	0
9.2939	-2.89584	0.306265	9.2939	-2.89584	0
10.3216	-2.84817	0.333229	10.3216	-2.84817	0
11.3003	-2.88502	0.336611	11.3003	-2.88502	0
-11.4522	-2.89878	0.316672	-11.4522	-2.89878	0
-10.3941	-2.9124	0.337074	-10.3941	-2.9124	0
-9.34221	-2.92599	0.284438	-9.34221	-2.92599	0
-8.31744	-2.86292	0.325878	-8.31744	-2.86292	0
-7.24832	-2.89405	0.305718	-7.24832	-2.89405	0
-6.22221	-2.84715	0.315929	-6.22221	-2.84715	0
-5.17565	-2.86783	0.317055	-5.17565	-2.86783	0
-4.15369	-2.86945	0.312246	-4.15369	-2.86945	0
-3.18809	-2.83708	0.308019	-3.18809	-2.83708	0
-2.11744	-2.80254	0.349732	-2.11744	-2.80254	0
-1.04087	-2.8291	0.342195	-1.04087	-2.8291	0
-0.0715325	-1.70749	0.321242	-0.0715325	-1.70749	0
0.98113	-1.84366	0.293982	0.98113	-1.84366	0
2.05248	-1.9006	0.345837	2.05248	-1.9006	0
3.06356	-1.86506	0.318677	3.06356	-1.86506	0
4.1364	-1.78437	0.322933	4.1364	-1.78437	0
5.13308	-1.74379	0.305911	5.13308	-1.74379	0
6.15404	-1.77062	0.304621	6.15404	-1.77062	0
7.24385	-1.83323	0.302912	7.24385	-1.83323	0
8.24399	-1.80698	0.347487	8.24399	-1.80698	0
9.24994	-1.88358	0.334375	9.24994	-1.88358	0
10.3219	-1.80972	0.324638	10.3219	-1.80972	0
11.337	-1.87063	0.313747	11.337	-1.87063	0
-11.3945	-1.80212	0.321811	-11.3945	-1.80212	0
-10.3154	-1.817	0.312776	-10.3154	-1.817	0
-9.30809	-1.77798	0.331335	-9.30809	-1.77798	0
-8.33936	-1.8573	0.307446	-8.33936	-1.8573	0
-7.30775	-1.8303	0.324981	-7.30775	-1.8303	0
-6.22104	-1.88421	0.314151	-6.22104	-1.88421	0
-5.16553	-1.81382	0.341796	-5.16553	-1.81382	0
-4.11375	-1.81415	0.345892	-4.11375	-1.81415	0
-3.10439	-1.80882	0.337309	-3.10439	-1.80882	0
-2.1357	-1.81753	0.320567	-2.1357	-1.81753	0
-1.05944	-1.78502	0.312624	-1.05944	-1.78502	0
-0.050617	-0.724208	0.312045	-0.050617	-0.724208	0
1.03446	-0.804377	0.287368	1.03446	-0.804377	0
2.04998	-0.843662	0.326667	2.04998	-0.843662	0
3.08194	-0.811316	0.316046	3.08194	-0.811316	0
4.10865	-0.732365	0.34807	4.10865	-0.732365	0
5.10881	-0.747584	0.318103	5.10881	-0.747584	0
6.21968	-0.768548	0.275728	6.21968	-0.768548	0
7.22611	-0.840038	0.285753	7.22611	-0.840038	0
8.26721	-0.745394	0.319229	8.26721	-0.745394	0
9.32299	-0.774087	0.303282	9.32299	-0.774087	0
10.3246	-0.815585	0.320818	10.3246	-0.815585	0
11.3329	-0.82105	0.309003	11.3329	-0.82105	0
-11.3913	-0.839989	0.320023	-11.3913	-0.839989	0
-10.3324	-0.718982	0.322667	-10.3324	-0.718982	0
-9.32153	-0.794721	0.347517	-9.32153	-0.794721	0
-8.28743	-0.777954	0.316802	-8.28743	-0.777954	0
-7.26047	-0.776344	0.308848	-7.26047	-0.776344	0
-6.20084	-0.815953	0.328705	-6.20084	-0.815953	0
-5.23695	-0.78282	0.304456	-5.23695	-0.78282	0
-4.20335	-0.80294	0.339936	-4.20335	-0.80294	0
-3.21285	-0.812103	0.331715	-3.21285	-0.812103	0
-2.15234	-0.752364	0.360917	-2.15234	-0.752364	0
-1.10435	-0.770149	0.329761	-1.10435	-0.770149	0
