-0.531225	-0.324284	-0.3157	-0.531225	-0.324284	0
0.530745	-0.337249	-0.302058	0.530745	-0.337249	0
1.54917	-0.41611	-0.294086	1.54917	-0.41611	0
2.6068	-0.345413	-0.322359	2.6068	-0.345413	0
3.61387	-0.329885	-0.334348	3.61387	-0.329885	0
4.70324	-0.316368	-0.285041	4.70324	-0.316368	0
5.75191	-0.291657	-0.300198	5.75191	-0.291657	0
6.74855	-0.321843	-0.342087	6.74855	-0.321843	0
7.77525	-0.292827	-0.290974	7.77525	-0.292827	0
8.80728	-0.310299	-0.322685	8.80728	-0.310299	0
9.87838	-0.305596	-0.324112	9.87838	-0.305596	0
10.8685	-0.314678	-0.3009	10.8685	-0.314678	0
11.8209	-0.297806	-0.32529	11.8209	-0.297806	0
-10.8799	-0.331156	-0.329179	-10.8799	-0.331156	0
-9.8141	-0.38465	-0.329467	-9.8141	-0.38465	0
-8.76055	-0.276967	-0.34034	-8.76055	-0.276967	0
-7.71191	-0.296576	-0.29986	-7.71191	-0.296576	0
-6.7039	-0.273849	-0.342797	-6.7039	-0.273849	0
-5.67507	-0.302163	-0.300624	-5.67507	-0.302163	0
-4.67512	-0.309824	-0.311463	-4.67512	-0.309824	0
-3.62835	-0.320884	-0.330281	-3.62835	-0.320884	0
-2.6242	-0.305294	-0.291744	-2.6242	-0.305294	0
-1.58373	-0.309793	-0.299416	-1.58373	-0.309793	0
-0.542874	0.691664	-0.310201	-0.542874	0.691664	0
0.595314	0.670757	-0.338633	0.595314	0.670757	0
1.60401	0.693131	-0.312208	1.60401	0.693131	0
2.67811	0.680562	-0.310935	2.67811	0.680562	0
3.71663	0.681084	-0.316372	3.71663	0.681084	0
4.74084	0.676893	-0.316094	4.74084	0.676893	0
5.76506	0.753533	-0.293041	5.76506	0.753533	0
6.77818	0.721441	-0.298574	6.77818	0.721441	0
7.80288	0.71622	-0.333984	7.80288	0.71622	0
8.84893	0.731569	-0.333409	8.84893	0.731569	0
9.80851	0.764768	-0.286712	9.80851	0.764768	0
10.7846	0.75868	-0.313924	10.7846	0.75868	0
11.8647	0.735304	-0.33337	11.8647	0.735304	0
-10.8127	0.625306	-0.350411	-10.8127	0.625306	0
-9.76724	0.69105	-0.307256	-9.76724	0.69105	0
-8.70818	0.712425	-0.340466	-8.70818	0.712425	0
-7.73828	0.790444	-0.322772	-7.73828	0.790444	0
-6.70556	0.784652	-0.309323	-6.70556	0.784652	0
-5.64788	0.684907	-0.328082	-5.64788	0.684907	0
-4.6258	0.731544	-0.320945	-4.6258	0.731544	0
-3.66246	0.76002	-0.305322	-3.66246	0.76002	0
-2.61463	0.743942	-0.304989	-2.61463	0.743942	0
-1.53486	0.692176	-0.33195	-1.53486	0.692176	0
-0.502377	1.68417	-0.325622	-0.502377	1.68417	0
0.515704	1.725	-0.333453	0.515704	1.725	0
1.5668	1.7423	-0.351435	1.5668	1.7423	0
2.63222	1.68894	-0.329816	2.63222	1.68894	0
3.66803	1.69076	-0.321955	3.66803	1.69076	0
4.70212	1.78534	-0.310881	4.70212	1.78534	0
5.77384	1.84822	-0.339539	5.77384	1.84822	0
6.74517	1.81327	-0.324959	6.74517	1.81327	0
7.80356	1.77744	-0.317604	7.80356	1.77744	0
8.77479	1.80918	-0.332334	8.77479	1.80918	0
9.83565	1.7639	-0.342445	9.83565	1.7639	0
10.7897	1.77321	-0.308002	10.7897	1.77321	0
11.9201	1.74265	-0.323382	-11.866	1.74265	0
-10.8371	1.6717	-0.304999	-10.8371	1.6717	0
-9.76631	1.70842	-0.302489	-9.76631	1.70842	0
-8.76197	1.7517	-0.332078	-8.76197	1.7517	0
-7.74504	1.84916	-0.341282	-7.74504	1.84916	0
-6.72323	1.78535	-0.31095	-6.72323	1.78535	0
-5.68904	1.79804	-0.32969	-5.68904	1.79804	0
-4.60762	1.76998	-0.326018	-4.60762	1.76998	0
-3.62853	1.77943	-0.300199	-3.62853	1.77943	0
-2.58137	1.76734	-0.324981	-2.58137	1.76734	0
-1.56374	1.70577	-0.320838	-1.56374	1.70577	0
-0.562233	2.73629	-0.333235	-0.562233	2.73629	0
0.5485	2.74576	-0.33116	0.5485	2.74576	0
1.61078	2.73587	-0.29813	1.61078	2.73587	0
2.65575	2.71915	-0.323197	2.65575	2.71915	0
3.64972	2.76439	-0.323974	3.64972	2.76439	0
4.62135	2.78473	-0.310357	4.62135	2.78473	0
5.7122	2.82013	-0.315997	5.7122	2.82013	0
6.7315	2.82889	-0.32738	6.7315	2.82889	0
7.82344	2.85848	-0.309313	7.82344	2.85848	0
8.81982	2.84939	-0.328798	8.81982	2.84939	0
9.84056	2.75233	-0.352834	9.84056	2.75233	0
10.8529	2.75053	-0.340985	10.8529	2.75053	0
-11.9237	2.74734	-0.327949	11.8623	2.74734	0
-10.8504	2.73488	-0.30051	-10.8504	2.73488	0
-9.83658	2.75426	-0.309534	-9.83658	2.75426	0
-8.76472	2.75146	-0.318601	-8.76472	2.75146	0
-7.7489	2.8902	-0.31836	-7.7489	2.8902	0
-6.74284	2.82485	-0.301301	-6.74284	2.82485	0
-5.66916	2.86573	-0.318189	-5.66916	2.86573	0
-4.69703	2.80938	-0.2882	-4.69703	2.80938	0
-3.60046	2.77361	-0.327013	-3.60046	2.77361	0
-2.55852	2.81658	-0.306315	-2.55852	2.81658	0
-1.56975	2.79136	-0.327862	-1.56975	2.79136	0
-0.469188	3.7731	-0.319279	-0.469188	3.7731	0
0.4909	3.75973	-0.289378	0.4909	3.75973	0
1.49867	3.81495	-0.327026	1.49867	3.81495	0
2.61863	3.7956	-0.325167	2.61863	3.7956	0
3.6386	3.82471	-0.309168	3.6386	3.82471	0
4.67338	3.85887	-0.294292	4.67338	3.85887	0
5.7083	3.83301	-0.32086	5.7083	3.83301	0
6.71503	3.82978	-0.301389	6.71503	3.82978	0
7.79242	3.88895	-0.323773	7.79242	3.88895	0
8.82678	3.85264	-0.324424	8.82678	3.85264	0
9.8521	3.87023	-0.322996	9.8521	3.87023	0
10.9159	3.86966	-0.317407	10.9159	3.86966	0
-11.8735	3.85946	-0.297893	-11.8735	3.85946	0
-10.8403	3.82057	-0.310107	-10.8403	3.82057	0
-9.83827	3.75606	-0.324283	-9.83827	3.75606	0
-8.80085	3.88428	-0.330127	-8.80085	3.88428	0
-7.74578	3.87276	-0.27912	-7.74578	3.87276	0
-6.69943	3.82754	-0.336409	-6.69943	3.82754	0
-5.68624	3.82498	-0.320431	-5.68624	3.82498	0
-4.70314	3.84777	-0.318954	-4.70314	3.84777	0
-3.62753	3.84701	-0.312033	-3.62753	3.84701	0
-2.58671	3.83855	-0.302948	-2.58671	3.83855	0
-1.59887	3.8215	-0.310525	-1.59887	3.8215	0
-0.567695	4.76665	-0.329511	-0.567695	4.76665	0
0.458268	4.8446	-0.351501	0.458268	4.8446	0
1.52563	4.84273	-0.338375	1.52563	4.84273	0
2.50409	4.79226	-0.299762	2.50409	4.79226	0
3.60414	4.8721	-0.303877	3.60414	4.8721	0
4.74078	4.8217	-0.353673	4.74078	4.8217	0
5.72242	4.91127	-0.332873	5.72242	4.91127	0
6.71644	4.84935	-0.341783	6.71644	4.84935	0
7.8063	4.88948	-0.312462	7.8063	4.88948	0
8.82237	4.92867	-0.301681	8.82237	4.92867	0
9.84321	4.86294	-0.318417	9.84321	4.86294	0
10.8357	4.88648	-0.321263	10.8357	4.88648	0
-11.9151	4.83437	-0.327272	11.8709	4.83437	0
-10.8638	4.87961	-0.296894	-10.8638	4.87961	0
-9.83026	4.76171	-0.311558	-9.83026	4.76171	0
-8.78753	4.86983	-0.329555	-8.78753	4.86983	0
-7.76611	4.91428	-0.307001	-7.76611	4.91428	0
-6.72978	4.89309	-0.303219	-6.72978	4.89309	0
-5.75297	4.88615	-0.319473	-5.75297	4.88615	0
-4.6602	4.91145	-0.306014	-4.6602	4.91145	0
-3.64229	4.84278	-0.30718	-3.64229	4.84278	0
-2.59057	4.88911	-0.318308	-2.59057	4.88911	0
-1.59147	4.82409	-0.3186	-1.59147	4.82409	0
-0.58848	5.84724	-0.324608	-0.58848	5.84724	0
0.451297	5.82617	-0.321949	0.451297	5.82617	0
1.51778	5.89702	-0.309598	1.51778	5.89702	0
2.50799	5.87853	-0.330612	2.50799	5.87853	0
3.62164	5.86184	-0.328555	3.62164	5.86184	0
4.64958	5.88737	-0.315668	4.64958	5.88737	0
5.65937	5.93066	-0.315209	5.65937	5.93066	0
6.62609	5.8839	-0.314098	6.62609	5.8839	0
7.73311	5.89833	-0.326869	7.73311	5.89833	0
8.76898	5.91868	-0.325393	8.76898	5.91868	0
9.81086	5.95799	-0.335077	9.81086	5.95799	0
10.8042	5.88484	-0.309461	10.8042	5.88484	0
-11.9498	5.87725	-0.295403	11.8362	5.87725	0
-10.8937	5.88786	-0.313739	-10.8937	5.88786	0
-9.83447	5.88938	-0.267563	-9.83447	5.88938	0
-8.75145	5.95555	-0.327965	-8.75145	5.95555	0
-7.75027	5.92461	-0.310472	-7.75027	5.92461	0
-6.70267	5.95862	-0.317731	-6.70267	5.95862	0
-5.71829	5.94109	-0.28609	-5.71829	5.94109	0
-4.6818	5.92517	-0.305166	-4.6818	5.92517	0
-3.66347	5.94357	-0.338623	-3.66347	5.94357	0
-2.64392	5.9271	-0.330336	-2.64392	5.9271	0
-1.59687	5.90154	-0.325207	-1.59687	5.90154	0
-0.529039	6.93529	-0.324288	-0.529039	6.93529	0
0.454952	6.89609	-0.302331	0.454952	6.89609	0
1.48928	6.89227	-0.298442	1.48928	6.89227	0
2.52795	6.87708	-0.323903	2.52795	6.87708	0
3.57052	6.88506	-0.320611	3.57052	6.88506	0
4.58561	6.88796	-0.349045	4.58561	6.88796	0
5.60739	6.94316	-0.327696	5.60739	6.94316	0
6.68058	6.9237	-0.314541	6.68058	6.9237	0
7.70705	6.91724	-0.313352	7.70705	6.91724	0
8.72829	6.91894	-0.309483	8.72829	6.91894	0
9.74267	7.01754	-0.330336	9.74267	7.01754	0
10.8286	6.93932	-0.322524	10.8286	6.93932	0
11.8722	6.94033	-0.331006	11.8722	6.94033	0
-10.9111	6.92453	-0.311505	-10.9111	6.92453	0
-9.86038	6.92145	-0.298939	-9.86038	6.92145	0
-8.87566	6.97007	-0.305209	-8.87566	6.97007	0
-7.80368	6.92116	-0.309624	-7.80368	6.92116	0
-6.78113	7.00427	-0.34947	-6.78113	7.00427	0
-5.6875	6.95733	-0.329136	-5.6875	6.95733	0
-4.68559	6.94208	-0.312415	-4.68559	6.94208	0
-3.68536	6.98995	-0.290363	-3.68536	6.98995	0
-2.64997	7.01475	-0.325712	-2.64997	7.01475	0
-1.5577	6.99824	-0.302232	-1.5577	6.99824	0
-0.548734	7.9542	-0.292722	-0.548734	7.9542	0
0.441726	7.92501	-0.311435	0.441726	7.92501	0
1.48763	7.93319	-0.326906	1.48763	7.93319	0
2.50377	7.92791	-0.307879	2.50377	7.92791	0
3.52025	7.88502	-0.315257	3.52025	7.88502	0
4.54746	7.97134	-0.293916	4.54746	7.97134	0
5.60009	7.97987	-0.297008	5.60009	7.97987	0
6.63673	7.95148	-0.336263	6.63673	7.95148	0
7.67059	7.94126	-0.307993	7.67059	7.94126	0
8.75972	7.96513	-0.309669	8.75972	7.96513	0
9.79586	7.95743	-0.292933	9.79586	7.95743	0
10.8532	7.9492	-0.30881	10.8532	7.9492	0
11.8593	7.99415	-0.308742	11.8593	7.99415	0
-10.9127	7.96293	-0.326772	-10.9127	7.96293	0
-9.86376	7.99407	-0.33844	-9.86376	7.99407	0
-8.80096	8.04822	-0.315149	-8.80096	8.04822	0
-7.74256	7.99824	-0.285883	-7.74256	7.99824	0
-6.76746	7.99149	-0.327577	-6.76746	7.99149	0
-5.71881	8.03321	-0.325994	-5.71881	8.03321	0
-4.66954	7.95103	-0.292543	-4.66954	7.95103	0
-3.68123	8.05118	-0.317209	-3.68123	8.05118	0
-2.6143	8.00203	-0.318219	-2.6143	8.00203	0
-1.56557	8.01737	-0.326775	-1.56557	8.01737	0
-0.500674	9.01644	-0.28989	-0.500674	9.01644	0
0.507285	8.93703	-0.325707	0.507285	8.93703	0
1.49793	8.92532	-0.313504	1.49793	8.92532	0
2.52131	8.96955	-0.331976	2.52131	8.96955	0
3.54223	8.94353	-0.30854	3.54223	8.94353	0
4.55439	8.97588	-0.316398	4.55439	8.97588	0
5.62756	8.97843	-0.339407	5.62756	8.97843	0
6.70453	8.93898	-0.303561	6.70453	8.93898	0
7.72383	9.03757	-0.334067	7.72383	9.03757	0
8.74322	8.98567	-0.322541	8.74322	8.98567	0
9.72882	9.04343	-0.329606	9.72882	9.04343	0
10.7268	9.00702	-0.306957	10.7268	9.00702	0
11.8008	9.00999	-0.321619	11.8008	9.00999	0
-10.9164	9.01369	-0.332572	-10.9164	9.01369	0
-9.8409	9.01797	-0.325118	-9.8409	9.01797	0
-8.82796	9.0531	-0.315022	-8.82796	9.0531	0
-7.80399	9.07888	-0.328129	-7.80399	9.07888	0
-6.76664	9.11369	-0.336602	-6.76664	9.11369	0
-5.76035	9.08067	-0.291339	-5.76035	9.08067	0
-4.74363	9.02299	-0.304988	-4.74363	9.02299	0
-3.66118	9.06662	-0.32513	-3.66118	9.06662	0
-2.60526	8.98785	-0.308447	-2.60526	8.98785	0
-1.56126	9.05358	-0.335266	-1.56126	9.05358	0
-0.535964	10.057	-0.329443	-0.535964	10.057	0
0.57074	9.97321	-0.327535	0.57074	9.97321	0
1.5957	9.98444	-0.304913	1.5957	9.98444	0
2.60125	10.0528	-0.297694	2.60125	10.0528	0
3.64421	10.0266	-0.324012	3.64421	10.0266	0
4.60033	9.97403	-0.286982	4.60033	9.97403	0
5.70347	10.0393	-0.331583	5.70347	10.0393	0
6.69687	9.98642	-0.30748	6.69687	9.98642	0
7.6967	10.0576	-0.310566	7.6967	10.0576	0
8.75251	10.0393	-0.341386	8.75251	10.0393	0
9.78277	10.052	-0.312271	9.78277	10.052	0
10.8168	10.002	-0.311386	10.8168	10.002	0
11.8212	10.0356	-0.349308	11.8212	10.0356	0
-10.9059	10.0446	-0.30973	-10.9059	10.0446	0
-9.89794	10.0385	-0.334972	-9.89794	10.0385	0
-8.83998	10.0955	-0.361141	-8.83998	10.0955	0
-7.81026	10.0954	-0.332267	-7.81026	10.0954	0
-6.8148	10.1358	-0.35065	-6.8148	10.1358	0
-5.77247	10.1076	-0.33837	-5.77247	10.1076	0
-4.74596	10.0478	-0.303142	-4.74596	10.0478	0
-3.74022	10.0861	-0.329578	-3.74022	10.0861	0
-2.62182	10.0663	-0.298494	-2.62182	10.0663	0
-1.57732	10.095	-0.325957	-1.57732	10.095	0
-0.552601	11.0067	-0.324768	-0.552601	11.0067	0
0.578469	10.9845	-0.346405	0.578469	10.9845	0
1.52616	11.0473	-0.291807	1.52616	11.0473	0
2.64539	11.015	-0.33658	2.64539	11.015	0
3.65571	11.0522	-0.320537	3.65571	11.0522	0
4.63872	10.9991	-0.359125	4.63872	10.9991	0
5.75042	11.0385	-0.312904	5.75042	11.0385	0
6.75973	11.037	-0.311695	6.75973	11.037	0
7.78272	11.0991	-0.30682	7.78272	11.0991	0
8.78936	11.0633	-0.326214	8.78936	11.0633	0
9.799	11.1537	-0.321665	9.799	11.1537	0
10.7883	11.0697	-0.307093	10.7883	11.0697	0
11.8313	11.1074	-0.324649	11.8313	11.1074	0
-10.9309	11.1219	-0.296009	-10.9309	11.1219	0
-9.92009	11.1286	-0.334241	-9.92009	11.1286	0
-8.90583	11.124	-0.328718	-8.90583	11.124	0
-7.85092	11.09	-0.328872	-7.85092	11.09	0
-6.76932	11.1039	-0.329838	-6.76932	11.1039	0
-5.74817	11.1926	-0.308041	-5.74817	11.1926	0
-4.68109	11.1023	-0.283219	-4.68109	11.1023	0
-3.64574	11.1125	-0.301711	-3.64574	11.1125	0
-2.59139	11.0435	-0.285892	-2.59139	11.0435	0
-1.55237	11.0676	-0.331319	-1.55237	11.0676	0
-0.507139	-11.7467	-0.306129	-0.507139	-11.7467	0
0.502401	-11.6958	-0.327764	0.502401	-11.6958	0
1.53781	-11.7406	-0.31791	1.53781	-11.7406	0
2.54616	-11.7677	-0.31959	2.54616	-11.7677	0
3.64433	-11.7456	-0.323202	3.64433	-11.7456	0
4.66259	-11.7164	-0.289042	4.66259	-11.7164	0
5.65228	-11.7525	-0.312093	5.65228	-11.7525	0
6.68329	-11.6651	-0.325049	6.68329	-11.6651	0
7.74287	-11.6451	-0.303548	7.74287	-11.6451	0
8.79845	-11.6622	-0.320242	8.79845	-11.6622	0
9.76447	-11.6479	-0.29839	9.76447	-11.6479	0
10.8181	-11.7526	-0.316034	10.8181	-11.7526	0
11.8606	-11.6892	-0.305004	11.8606	-11.6892	0
-10.9301	-11.6068	-0.319199	-10.9301	-11.6068	0
-9.90138	-11.6054	-0.304641	-9.90138	-11.6054	0
-8.84581	-11.6759	-0.306052	-8.84581	-11.6759	0
-7.85112	-11.6493	-0.326036	-7.85112	-11.6493	0
-6.78391	-11.6465	-0.335068	-6.78391	-11.6465	0
-5.73161	-11.5983	-0.30221	-5.73161	-11.5983	0
-4.63158	-11.6614	-0.30706	-4.63158	-11.6614	0
-3.63501	-11.6618	-0.34588	-3.63501	-11.6618	0
-2.52616	-11.7398	-0.310614	-2.52616	-11.7398	0
-1.56022	-11.7001	-0.308242	-1.56022	-11.7001	0
-0.483242	-10.6745	-0.302465	-0.483242	-10.6745	0
0.54152	-10.6662	-0.308921	0.54152	-10.6662	0
1.54215	-10.7034	-0.337136	1.54215	-10.7034	0
2.59836	-10.6862	-0.30976	2.59836	-10.6862	0
3.61438	-10.7269	-0.295934	3.61438	-10.7269	0
4.59348	-10.6578	-0.336023	4.59348	-10.6578	0
5.67677	-10.6917	-0.326189	5.67677	-10.6917	0
6.66257	-10.6679	-0.310785	6.66257	-10.6679	0
7.73255	-10.656	-0.353325	7.73255	-10.656	0
8.75787	-10.5957	-0.311471	8.75787	-10.5957	0
9.80647	-10.6214	-0.316564	9.80647	-10.6214	0
10.8313	-10.7041	-0.32224	10.8313	-10.7041	0
11.828	-10.6959	-0.322254	11.828	-10.6959	0
-10.892	-10.6235	-0.322794	-10.892	-10.6235	0
-9.88201	-10.648	-0.301041	-9.88201	-10.648	0
-8.84503	-10.6051	-0.359851	-8.84503	-10.6051	0
-7.77292	-10.6125	-0.324724	-7.77292	-10.6125	0
-6.78845	-10.5942	-0.309843	-6.78845	-10.5942	0
-5.68691	-10.607	-0.321548	-5.68691	-10.607	0
-4.67614	-10.6846	-0.35308	-4.67614	-10.6846	0
-3.59215	-10.6615	-0.311046	-3.59215	-10.6615	0
-2.5399	-10.6339	-0.320227	-2.5399	-10.6339	0
-1.5344	-10.6367	-0.330231	-1.5344	-10.6367	0
-0.497132	-9.67022	-0.29631	-0.497132	-9.67022	0
0.533991	-9.60281	-0.315487	0.533991	-9.60281	0
1.59002	-9.69234	-0.288714	1.59002	-9.69234	0
2.66199	-9.67103	-0.292146	2.66199	-9.67103	0
3.61728	-9.63523	-0.330876	3.61728	-9.63523	0
4.64658	-9.63067	-0.313858	4.64658	-9.63067	0
5.63234	-9.67669	-0.301752	5.63234	-9.67669	0
6.65417	-9.54141	-0.332402	6.65417	-9.54141	0
7.71105	-9.56554	-0.318303	7.71105	-9.56554	0
8.82756	-9.59805	-0.28306	8.82756	-9.59805	0
9.82359	-9.60504	-0.335371	9.82359	-9.60504	0
10.8205	-9.61359	-0.321759	10.8205	-9.61359	0
11.8441	-9.62166	-0.316416	11.8441	-9.62166	0
-10.9715	-9.60309	-0.334551	-10.9715	-9.60309	0
-9.93828	-9.66144	-0.30277	-9.93828	-9.66144	0
-8.86627	-9.584	-0.316012	-8.86627	-9.584	0
-7.77553	-9.5196	-0.311751	-7.77553	-9.5196	0
-6.73813	-9.54436	-0.308276	-6.73813	-9.54436	0
-5.73084	-9.5837	-0.321432	-5.73084	-9.5837	0
-4.6371	-9.63283	-0.303289	-4.6371	-9.63283	0
-3.66334	-9.58726	-0.318902	-3.66334	-9.58726	0
-2.5434	-9.59525	-0.308383	-2.5434	-9.59525	0
-1.52539	-9.65632	-0.321569	-1.52539	-9.65632	0
-0.459901	-8.62375	-0.327931	-0.459901	-8.62375	0
0.526624	-8.58227	-0.306641	0.526624	-8.58227	0
1.59361	-8.62689	-0.331341	1.59361	-8.62689	0
2.65097	-8.60882	-0.338937	2.65097	-8.60882	0
3.60973	-8.58146	-0.329738	3.60973	-8.58146	0
4.60311	-8.62542	-0.280287	4.60311	-8.62542	0
5.63528	-8.58538	-0.325246	5.63528	-8.58538	0
6.72589	-8.555	-0.348902	6.72589	-8.555	0
7.77291	-8.54268	-0.317034	7.77291	-8.54268	0
8.79997	-8.56012	-0.303037	8.79997	-8.56012	0
9.85709	-8.60191	-0.310231	9.85709	-8.60191	0
10.8335	-8.54305	-0.322909	10.8335	-8.54305	0
11.8339	-8.59578	-0.296961	11.8339	-8.59578	0
-10.9081	-8.53806	-0.321721	-10.9081	-8.53806	0
-9.88105	-8.6151	-0.301276	-9.88105	-8.6151	0
-8.8245	-8.51454	-0.295824	-8.8245	-8.51454	0
-7.75821	-8.58852	-0.300808	-7.75821	-8.58852	0
-6.76949	-8.54578	-0.298834	-6.76949	-8.54578	0
-5.70372	-8.56921	-0.338318	-5.70372	-8.56921	0
-4.62778	-8.60332	-0.301948	-4.62778	-8.60332	0
-3.58467	-8.59067	-0.287174	-3.58467	-8.59067	0
-2.49011	-8.60141	-0.322464	-2.49011	-8.60141	0
-1.51543	-8.59649	-0.338481	-1.51543	-8.59649	0
-0.470958	-7.62583	-0.329981	-0.470958	-7.62583	0
0.580006	-7.57907	-0.312244	0.580006	-7.57907	0
1.56822	-7.57629	-0.309648	1.56822	-7.57629	0
2.5891	-7.56749	-0.330792	2.5891	-7.56749	0
3.59146	-7.54853	-0.318473	3.59146	-7.54853	0
4.69275	-7.52189	-0.303484	4.69275	-7.52189	0
5.68531	-7.53587	-0.29331	5.68531	-7.53587	0
6.71606	-7.52436	-0.321782	6.71606	-7.52436	0
7.78259	-7.52786	-0.303815	7.78259	-7.52786	0
8.79492	-7.56352	-0.332453	8.79492	-7.56352	0
9.85701	-7.55702	-0.337512	9.85701	-7.55702	0
10.849	-7.57305	-0.321345	10.849	-7.57305	0
11.8678	-7.52142	-0.316437	11.8678	-7.52142	0
-10.9264	-7.56806	-0.327302	-10.9264	-7.56806	0
-9.8148	-7.52395	-0.321799	-9.8148	-7.52395	0
-8.77395	-7.56896	-0.316344	-8.77395	-7.56896	0
-7.8049	-7.4594	-0.319717	-7.8049	-7.4594	0
-6.71684	-7.51689	-0.311947	-6.71684	-7.51689	0
-5.6537	-7.51675	-0.30439	-5.6537	-7.51675	0
-4.62743	-7.51466	-0.309686	-4.62743	-7.51466	0
-3.57691	-7.50846	-0.282089	-3.57691	-7.50846	0
-2.54967	-7.60701	-0.293405	-2.54967	-7.60701	0
-1.46408	-7.57663	-0.342772	-1.46408	-7.57663	0
-0.434286	-6.63689	-0.346119	-0.434286	-6.63689	0
0.602239	-6.54477	-0.333545	0.602239	-6.54477	0
1.58929	-6.55059	-0.280983	1.58929	-6.55059	0
2.60179	-6.52733	-0.31357	2.60179	-6.52733	0
3.61736	-6.47703	-0.297899	3.61736	-6.47703	0
4.67928	-6.51817	-0.335312	4.67928	-6.51817	0
5.71155	-6.50307	-0.309881	5.71155	-6.50307	0
6.73178	-6.53993	-0.316194	6.73178	-6.53993	0
7.79652	-6.57229	-0.327792	7.79652	-6.57229	0
8.80732	-6.50895	-0.308393	8.80732	-6.50895	0
9.84176	-6.56405	-0.314308	9.84176	-6.56405	0
10.8293	-6.56126	-0.323977	10.8293	-6.56126	0
11.8139	-6.40275	-0.314837	11.8139	-6.40275	0
-10.9363	-6.47964	-0.328859	-10.9363	-6.47964	0
-9.91008	-6.51146	-0.314615	-9.91008	-6.51146	0
-8.82736	-6.48344	-0.319014	-8.82736	-6.48344	0
-7.75397	-6.47245	-0.318954	-7.75397	-6.47245	0
-6.69586	-6.52517	-0.299419	-6.69586	-6.52517	0
-5.72497	-6.50702	-0.323735	-5.72497	-6.50702	0
-4.62112	-6.52105	-0.315594	-4.62112	-6.52105	0
-3.56818	-6.51121	-0.314912	-3.56818	-6.51121	0
-2.51866	-6.56482	-0.29123	-2.51866	-6.56482	0
-1.49291	-6.56497	-0.313591	-1.49291	-6.56497	0
-0.409397	-5.55848	-0.335291	-0.409397	-5.55848	0
0.561659	-5.52399	-0.331524	0.561659	-5.52399	0
1.61042	-5.52647	-0.33133	1.61042	-5.52647	0
2.63473	-5.50219	-0.292267	2.63473	-5.50219	0
3.68791	-5.48596	-0.292719	3.68791	-5.48596	0
4.65606	-5.48215	-0.32893	4.65606	-5.48215	0
5.7131	-5.49353	-0.33337	5.7131	-5.49353	0
6.75679	-5.46566	-0.283781	6.75679	-5.46566	0
7.78863	-5.51362	-0.324282	7.78863	-5.51362	0
8.7772	-5.46853	-0.324316	8.7772	-5.46853	0
9.80268	-5.47951	-0.319951	9.80268	-5.47951	0
10.8341	-5.43588	-0.328129	10.8341	-5.43588	0
11.8056	-5.42735	-0.346979	11.8056	-5.42735	0
-10.9103	-5.46521	-0.305683	-10.9103	-5.46521	0
-9.83653	-5.4654	-0.330867	-9.83653	-5.4654	0
-8.81397	-5.41129	-0.325792	-8.81397	-5.41129	0
-7.75479	-5.41363	-0.307401	-7.75479	-5.41363	0
-6.72918	-5.49676	-0.321948	-6.72918	-5.49676	0
-5.6584	-5.52331	-0.322908	-5.6584	-5.52331	0
-4.63733	-5.50505	-0.331232	-4.63733	-5.50505	0
-3.62029	-5.46011	-0.314276	-3.62029	-5.46011	0
-2.5603	-5.51738	-0.310121	-2.5603	-5.51738	0
-1.49475	-5.51428	-0.330616	-1.49475	-5.51428	0
-0.466456	-4.50567	-0.325526	-0.466456	-4.50567	0
0.533854	-4.48583	-0.312859	0.533854	-4.48583	0
1.54485	-4.51766	-0.318819	1.54485	-4.51766	0
2.58879	-4.47484	-0.297165	2.58879	-4.47484	0
3.63166	-4.45049	-0.318633	3.63166	-4.45049	0
4.67336	-4.41989	-0.33801	4.67336	-4.41989	0
5.69152	-4.42251	-0.336711	5.69152	-4.42251	0
6.72237	-4.41227	-0.309348	6.72237	-4.41227	0
7.75146	-4.46656	-0.316121	7.75146	-4.46656	0
8.78676	-4.472	-0.311268	8.78676	-4.472	0
9.798	-4.41055	-0.313876	9.798	-4.41055	0
10.7498	-4.38337	-0.318178	10.7498	-4.38337	0
-11.9379	-4.40544	-0.299996	11.8481	-4.40544	0
-10.9071	-4.42025	-0.320262	-10.9071	-4.42025	0
-9.88286	-4.43107	-0.291672	-9.88286	-4.43107	0
-8.84082	-4.45479	-0.303136	-8.84082	-4.45479	0
-7.74258	-4.42301	-0.319938	-7.74258	-4.42301	0
-6.72407	-4.46553	-0.325082	-6.72407	-4.46553	0
-5.72392	-4.48268	-0.305208	-5.72392	-4.48268	0
-4.69328	-4.44872	-0.30741	-4.69328	-4.44872	0
-3.60087	-4.47506	-0.31069	-3.60087	-4.47506	0
-2.55972	-4.46128	-0.287921	-2.55972	-4.46128	0
-1.47201	-4.46452	-0.305336	-1.47201	-4.46452	0
-0.502878	-3.45437	-0.343006	-0.502878	-3.45437	0
0.499614	-3.49769	-0.324789	0.499614	-3.49769	0
1.52603	-3.45269	-0.286134	1.52603	-3.45269	0
2.55286	-3.38699	-0.325779	2.55286	-3.38699	0
3.55447	-3.41857	-0.284719	3.55447	-3.41857	0
4.63724	-3.41317	-0.312546	4.63724	-3.41317	0
5.65773	-3.37885	-0.29516	5.65773	-3.37885	0
6.68428	-3.38766	-0.3357	6.68428	-3.38766	0
7.68392	-3.42836	-0.34036	7.68392	-3.42836	0
8.7399	-3.40836	-0.320505	8.7399	-3.40836	0
9.85417	-3.33883	-0.336561	9.85417	-3.33883	0
10.855	-3.37666	-0.322082	10.855	-3.37666	0
11.8916	-3.34764	-0.310644	11.8916	-3.34764	0
-10.7854	-3.36282	-0.32563	-10.7854	-3.36282	0
-9.82372	-3.39252	-0.296442	-9.82372	-3.39252	0
-8.75652	-3.43808	-0.28189	-8.75652	-3.43808	0
-7.76281	-3.39104	-0.299277	-7.76281	-3.39104	0
-6.77508	-3.37397	-0.324064	-6.77508	-3.37397	0
-5.73381	-3.44638	-0.29695	-5.73381	-3.44638	0
-4.66503	-3.45789	-0.334758	-4.66503	-3.45789	0
-3.56881	-3.44255	-0.314797	-3.56881	-3.44255	0
-2.52444	-3.45061	-0.333524	-2.52444	-3.45061	0
-1.51896	-3.37013	-0.293539	-1.51896	-3.37013	0
-0.49118	-2.45177	-0.30575	-0.49118	-2.45177	0
0.57188	-2.40898	-0.330038	0.57188	-2.40898	0
1.55704	-2.4116	-0.307407	1.55704	-2.4116	0
2.5242	-2.39464	-0.310477	2.5242	-2.39464	0
3.59858	-2.35621	-0.342279	3.59858	-2.35621	0
4.65064	-2.36345	-0.308764	4.65064	-2.36345	0
5.65843	-2.35862	-0.302351	5.65843	-2.35862	0
6.74809	-2.35786	-0.301992	6.74809	-2.35786	0
7.73291	-2.3527	-0.291361	7.73291	-2.3527	0
8.73687	-2.33714	-0.304117	8.73687	-2.33714	0
9.83738	-2.33759	-0.315893	9.83738	-2.33759	0
10.8593	-2.34219	-0.320215	10.8593	-2.34219	0
11.863	-2.35943	-0.31369	11.863	-2.35943	0
-10.8426	-2.36132	-0.333369	-10.8426	-2.36132	0
-9.7739	-2.44028	-0.323428	-9.7739	-2.44028	0
-8.76906	-2.39118	-0.326417	-8.76906	-2.39118	0
-7.72675	-2.32835	-0.308844	-7.72675	-2.32835	0
-6.70751	-2.30444	-0.331031	-6.70751	-2.30444	0
-5.66319	-2.44637	-0.318763	-5.66319	-2.44637	0
-4.61172	-2.43443	-0.328169	-4.61172	-2.43443	0
-3.6307	-2.44538	-0.316691	-3.6307	-2.44538	0
-2.56842	-2.3881	-0.303424	-2.56842	-2.3881	0
-1.55384	-2.36074	-0.301503	-1.55384	-2.36074	0
-0.535148	-1.37423	-0.305068	-0.535148	-1.37423	0
0.485734	-1.41029	-0.314758	0.485734	-1.41029	0
1.53863	-1.37447	-0.295572	1.53863	-1.37447	0
2.58112	-1.39525	-0.316893	2.58112	-1.39525	0
3.64131	-1.35998	-0.332456	3.64131	-1.35998	0
4.67225	-1.34471	-0.295881	4.67225	-1.34471	0
5.69864	-1.32057	-0.348621	5.69864	-1.32057	0
6.72765	-1.28259	-0.314823	6.72765	-1.28259	0
7.76416	-1.31643	-0.313784	7.76416	-1.31643	0
8.80082	-1.31785	-0.307401	8.80082	-1.31785	0
9.79914	-1.32068	-0.340512	9.79914	-1.32068	0
10.8408	-1.30556	-0.312671	10.8408	-1.30556	0
-11.936	-1.32373	-0.334244	11.85	-1.32373	0
-10.8364	-1.3201	-0.316428	-10.8364	-1.3201	0
-9.77592	-1.37345	-0.313557	-9.77592	-1.37345	0
-8.75055	-1.36805	-0.323412	-8.75055	-1.36805	0
-7.6827	-1.30201	-0.314173	-7.6827	-1.30201	0
-6.6621	-1.29489	-0.314343	-6.6621	-1.29489	0
-5.59022	-1.31905	-0.331827	-5.59022	-1.31905	0
-4.57678	-1.3605	-0.314342	-4.57678	-1.3605	0
-3.57253	-1.387	-0.3438	-3.57253	-1.387	0
-2.57879	-1.33702	-0.308841	-2.57879	-1.33702	0
-1.57368	-1.32354	-0.324707	-1.57368	-1.32354	0
-0.00630983	0.232922	0.308038	-0.00630983	0.232922	0
1.07515	0.173566	0.323692	1.07515	0.173566	0
2.10182	0.189213	0.304462	2.10182	0.189213	0
3.14034	0.207135	0.321861	3.14034	0.207135	0
4.16837	0.165313	0.329415	4.16837	0.165313	0
5.20301	0.254662	0.340095	5.20301	0.254662	0
6.25833	0.195685	0.319385	6.25833	0.195685	0
7.27323	0.188949	0.336805	7.27323	0.188949	0
8.31116	0.187009	0.330349	8.31116	0.187009	0
9.33958	0.194563	0.33065	9.33958	0.194563	0
10.325	0.193911	0.319698	10.325	0.193911	0
11.3163	0.236441	0.313594	11.3163	0.236441	0
-11.3375	0.176195	0.289865	-11.3375	0.176195	0
-10.2482	0.191819	0.307961	-10.2482	0.191819	0
-9.24836	0.183373	0.308712	-9.24836	0.183373	0
-8.21803	0.193659	0.324249	-8.21803	0.193659	0
-7.18983	0.224136	0.333894	-7.18983	0.224136	0
-6.20961	0.227046	0.307678	-6.20961	0.227046	0
-5.10074	0.208611	0.335508	-5.10074	0.208611	0
-4.13382	0.28238	0.309441	-4.13382	0.28238	0
-3.14853	0.236427	0.319574	-3.14853	0.236427	0
-2.08481	0.221853	0.314234	-2.08481	0.221853	0
-1.03472	0.18471	0.322268	-1.03472	0.18471	0
-0.0143111	1.20959	0.319911	-0.0143111	1.20959	0
1.07317	1.21754	0.318747	1.07317	1.21754	0
2.11862	1.16677	0.290781	2.11862	1.16677	0
3.16081	1.1893	0.300166	3.16081	1.1893	0
4.23317	1.23518	0.275289	4.23317	1.23518	0
5.28972	1.26974	0.314522	5.28972	1.26974	0
6.30494	1.28067	0.306902	6.30494	1.28067	0
7.29467	1.26962	0.294903	7.29467	1.26962	0
8.3166	1.21738	0.31444	8.3166	1.21738	0
9.24626	1.30887	0.327962	9.24626	1.30887	0
10.3664	1.25724	0.336497	10.3664	1.25724	0
11.3903	1.23317	0.313944	11.3903	1.23317	0
-11.3697	1.14549	0.328384	-11.3697	1.14549	0
-10.2977	1.19422	0.302265	-10.2977	1.19422	0
-9.21828	1.20828	0.294231	-9.21828	1.20828	0
-8.21728	1.21107	0.321621	-8.21728	1.21107	0
-7.23901	1.28027	0.312657	-7.23901	1.28027	0
-6.19396	1.26297	0.304389	-6.19396	1.26297	0
-5.20592	1.24384	0.322083	-5.20592	1.24384	0
-4.13233	1.27891	0.329976	-4.13233	1.27891	0
-3.14363	1.25952	0.32507	-3.14363	1.25952	0
-2.07024	1.20522	0.358225	-2.07024	1.20522	0
-1.05606	1.21075	0.337467	-1.05606	1.21075	0
-0.0159998	2.19078	0.303783	-0.0159998	2.19078	0
1.04485	2.23004	0.315766	1.04485	2.23004	0
2.08946	2.19417	0.309419	2.08946	2.19417	0
3.15192	2.24025	0.335484	3.15192	2.24025	0
4.13107	2.26152	0.338217	4.13107	2.26152	0
5.18707	2.30824	0.310257	5.18707	2.30824	0
6.27436	2.33398	0.340281	6.27436	2.33398	0
7.27225	2.30325	0.272724	7.27225	2.30325	0
8.30714	2.29738	0.350349	8.30714	2.29738	0
9.29196	2.34013	0.276383	9.29196	2.34013	0
10.3277	2.29995	0.332008	10.3277	2.29995	0
11.4012	2.23944	0.313887	11.4012	2.23944	0
-11.3437	2.20243	0.339197	-11.3437	2.20243	0
-10.289	2.19384	0.329638	-10.289	2.19384	0
-9.28909	2.27408	0.299194	-9.28909	2.27408	0
-8.28143	2.30551	0.32808	-8.28143	2.30551	0
-7.2547	2.28271	0.323855	-7.2547	2.28271	0
-6.20789	2.30573	0.290775	-6.20789	2.30573	0
-5.18044	2.29682	0.333995	-5.18044	2.29682	0
-4.18173	2.31049	0.304474	-4.18173	2.31049	0
-3.07605	2.31817	0.317671	-3.07605	2.31817	0
-2.04368	2.27243	0.318693	-2.04368	2.27243	0
-1.04543	2.24096	0.313903	-1.04543	2.24096	0
0.0485989	3.20029	0.293233	0.0485989	3.20029	0
1.10663	3.23885	0.33178	1.10663	3.23885	0
2.0959	3.26945	0.276038	2.0959	3.26945	0
3.08197	3.25624	0.317806	3.08197	3.25624	0
4.15776	3.32092	0.331394	4.15776	3.32092	0
5.19222	3.29615	0.300343	5.19222	3.29615	0
6.20877	3.29654	0.345171	6.20877	3.29654	0
7.25106	3.32477	0.314775	7.25106	3.32477	0
8.32497	3.35344	0.316436	8.32497	3.35344	0
9.34775	3.31543	0.30467	9.34775	3.31543	0
10.3243	3.31618	0.31294	10.3243	3.31618	0
11.3937	3.30428	0.312495	11.3937	3.30428	0
-11.388	3.20705	0.287865	-11.388	3.20705	0
-10.3809	3.26349	0.328616	-10.3809	3.26349	0
-9.27206	3.28574	0.323303	-9.27206	3.28574	0
-8.30262	3.32642	0.310151	-8.30262	3.32642	0
-7.21321	3.33379	0.323095	-7.21321	3.33379	0
-6.20255	3.33275	0.31727	-6.20255	3.33275	0
-5.17193	3.33391	0.336898	-5.17193	3.33391	0
-4.13988	3.34189	0.300547	-4.13988	3.34189	0
-3.10887	3.36858	0.328493	-3.10887	3.36858	0
-2.10336	3.35425	0.323587	-2.10336	3.35425	0
-1.02381	3.25075	0.298548	-1.02381	3.25075	0
-0.0204459	4.32461	0.314197	-0.0204459	4.32461	0
0.974208	4.35109	0.306945	0.974208	4.35109	0
2.06721	4.27467	0.349319	2.06721	4.27467	0
3.09555	4.31671	0.327263	3.09555	4.31671	0
4.14598	4.3615	0.306258	4.14598	4.3615	0
5.2375	4.33082	0.318747	5.2375	4.33082	0
6.22061	4.34175	0.320678	6.22061	4.34175	0
7.27181	4.39013	0.340969	7.27181	4.39013	0
8.29006	4.38053	0.32101	8.29006	4.38053	0
9.31934	4.37772	0.330114	9.31934	4.37772	0
10.3597	4.38196	0.304657	10.3597	4.38196	0
11.3835	4.39698	0.32056	11.3835	4.39698	0
-11.3687	4.32208	0.313696	-11.3687	4.32208	0
-10.3027	4.27375	0.321756	-10.3027	4.27375	0
-9.32975	4.33671	0.310551	-9.32975	4.33671	0
-8.28042	4.39615	0.309909	-8.28042	4.39615	0
-7.23171	4.40024	0.306143	-7.23171	4.40024	0
-6.25117	4.34349	0.32114	-6.25117	4.34349	0
-5.18925	4.38797	0.30669	-5.18925	4.38797	0
-4.15526	4.40016	0.315843	-4.15526	4.40016	0
-3.12583	4.39392	0.315462	-3.12583	4.39392	0
-2.09588	4.41364	0.333112	-2.09588	4.41364	0
-1.00684	4.24032	0.329689	-1.00684	4.24032	0
-0.0874677	5.305	0.324822	-0.0874677	5.305	0
0.993349	5.34291	0.301223	0.993349	5.34291	0
2.04664	5.32667	0.312508	2.04664	5.32667	0
3.05353	5.34363	0.335399	3.05353	5.34363	0
4.15228	5.3632	0.318401	4.15228	5.3632	0
5.1405	5.35448	0.295899	5.1405	5.35448	0
6.18012	5.38549	0.331522	6.18012	5.38549	0
7.22607	5.35649	0.303715	7.22607	5.35649	0
8.26592	5.39483	0.326662	8.26592	5.39483	0
9.29187	5.41382	0.299708	9.29187	5.41382	0
10.2999	5.37583	0.338687	10.2999	5.37583	0
11.3136	5.41373	0.317774	11.3136	5.41373	0
-11.4309	5.35237	0.340719	-11.4309	5.35237	0
-10.3649	5.36172	0.321537	-10.3649	5.36172	0
-9.2918	5.36312	0.320791	-9.2918	5.36312	0
-8.30682	5.43593	0.322807	-8.30682	5.43593	0
-7.23641	5.4225	0.312707	-7.23641	5.4225	0
-6.24181	5.4038	0.320966	-6.24181	5.4038	0
-5.20032	5.38228	0.322028	-5.20032	5.38228	0
-4.12944	5.40844	0.323786	-4.12944	5.40844	0
-3.10472	5.43702	0.31116	-3.10472	5.43702	0
-2.10237	5.43342	0.282816	-2.10237	5.43342	0
-1.08057	5.30518	0.291478	-1.08057	5.30518	0
-0.0432929	6.34858	0.308928	-0.0432929	6.34858	0
0.985848	6.36522	0.332863	0.985848	6.36522	0
2.01186	6.43252	0.337876	2.01186	6.43252	0
3.07417	6.35219	0.325567	3.07417	6.35219	0
4.08126	6.36088	0.319433	4.08126	6.36088	0
5.07809	6.40815	0.33777	5.07809	6.40815	0
6.15719	6.43184	0.322107	6.15719	6.43184	0
7.14591	6.38212	0.331169	7.14591	6.38212	0
8.18296	6.42509	0.35142	8.18296	6.42509	0
9.3247	6.45612	0.311762	9.3247	6.45612	0
10.3336	6.44914	0.32061	10.3336	6.44914	0
11.3561	6.42054	0.332768	11.3561	6.42054	0
-11.3989	6.40539	0.321611	-11.3989	6.40539	0
-10.3757	6.39578	0.319929	-10.3757	6.39578	0
-9.35125	6.44087	0.341088	-9.35125	6.44087	0
-8.31585	6.43836	0.333692	-8.31585	6.43836	0
-7.24159	6.44928	0.320531	-7.24159	6.44928	0
-6.21839	6.50982	0.291551	-6.21839	6.50982	0
-5.18666	6.47473	0.33108	-5.18666	6.47473	0
-4.15855	6.44039	0.314001	-4.15855	6.44039	0
-3.14158	6.45643	0.307877	-3.14158	6.45643	0
-2.08312	6.4666	0.278393	-2.08312	6.4666	0
-1.08437	6.37641	0.310413	-1.08437	6.37641	0
-0.0719254	7.4293	0.342267	-0.0719254	7.4293	0
0.938872	7.42972	0.32921	0.938872	7.42972	0
1.9685	7.40558	0.340459	1.9685	7.40558	0
3.04268	7.3878	0.30362	3.04268	7.3878	0
4.04324	7.39567	0.312008	4.04324	7.39567	0
5.0495	7.39875	0.315742	5.0495	7.39875	0
6.09885	7.4602	0.312098	6.09885	7.4602	0
7.19355	7.41236	0.323207	7.19355	7.41236	0
8.21545	7.45619	0.288994	8.21545	7.45619	0
9.24069	7.4462	0.304882	9.24069	7.4462	0
10.3183	7.46317	0.29873	10.3183	7.46317	0
11.348	7.42171	0.343191	11.348	7.42171	0
-11.4069	7.48562	0.308988	-11.4069	7.48562	0
-10.3666	7.48721	0.34541	-10.3666	7.48721	0
-9.32108	7.47841	0.299316	-9.32108	7.47841	0
-8.25721	7.49876	0.323268	-8.25721	7.49876	0
-7.24075	7.47502	0.287293	-7.24075	7.47502	0
-6.19909	7.49369	0.308854	-6.19909	7.49369	0
-5.17167	7.47255	0.320317	-5.17167	7.47255	0
-4.16495	7.48239	0.322346	-4.16495	7.48239	0
-3.1667	7.52048	0.287911	-3.1667	7.52048	0
-2.09023	7.48184	0.324904	-2.09023	7.48184	0
-1.06602	7.45211	0.333961	-1.06602	7.45211	0
-0.0110479	8.46605	0.328981	-0.0110479	8.46605	0
0.955698	8.40897	0.315091	0.955698	8.40897	0
1.96859	8.42467	0.332537	1.96859	8.42467	0
3.02719	8.42991	0.30406	3.02719	8.42991	0
4.03631	8.48184	0.328712	4.03631	8.48184	0
5.08124	8.50423	0.293459	5.08124	8.50423	0
6.13074	8.45947	0.319832	6.13074	8.45947	0
7.16648	8.42148	0.340251	7.16648	8.42148	0
8.17336	8.49742	0.301382	8.17336	8.49742	0
9.25606	8.48546	0.31894	9.25606	8.48546	0
10.279	8.50025	0.33996	10.279	8.50025	0
11.3122	8.47489	0.325642	11.3122	8.47489	0
-11.4348	8.46746	0.327596	-11.4348	8.46746	0
-10.4056	8.51125	0.317423	-10.4056	8.51125	0
-9.3317	8.50629	0.306678	-9.3317	8.50629	0
-8.26463	8.53818	0.325322	-8.26463	8.53818	0
-7.2343	8.55141	0.30819	-7.2343	8.55141	0
-6.2758	8.54149	0.325619	-6.2758	8.54149	0
-5.25529	8.46705	0.314932	-5.25529	8.46705	0
-4.14639	8.52498	0.313995	-4.14639	8.52498	0
-3.14006	8.53216	0.299192	-3.14006	8.53216	0
-2.0754	8.50274	0.319329	-2.0754	8.50274	0
-1.06401	8.57741	0.329434	-1.06401	8.57741	0
0.0231852	9.52905	0.332059	0.0231852	9.52905	0
1.01081	9.48317	0.32538	1.01081	9.48317	0
2.06776	9.46229	0.319626	2.06776	9.46229	0
3.14192	9.53662	0.303798	3.14192	9.53662	0
4.12914	9.46866	0.314843	4.12914	9.46866	0
5.18747	9.50199	0.312151	5.18747	9.50199	0
6.21263	9.48206	0.257807	6.21263	9.48206	0
7.17294	9.4946	0.316092	7.17294	9.4946	0
8.19718	9.5492	0.338213	8.19718	9.5492	0
9.20289	9.48089	0.335424	9.20289	9.48089	0
10.2382	9.55016	0.344616	10.2382	9.55016	0
11.2571	9.43978	0.311062	11.2571	9.43978	0
-11.4938	9.50454	0.312294	-11.4938	9.50454	0
-10.4049	9.50733	0.322612	-10.4049	9.50733	0
-9.34248	9.58465	0.293754	-9.34248	9.58465	0
-8.33483	9.53826	0.338704	-8.33483	9.53826	0
-7.26049	9.59964	0.313349	-7.26049	9.59964	0
-6.24878	9.61683	0.325582	-6.24878	9.61683	0
-5.23519	9.52881	0.338414	-5.23519	9.52881	0
-4.20559	9.55454	0.305475	-4.20559	9.55454	0
-3.19495	9.57202	0.29242	-3.19495	9.57202	0
-2.13114	9.50431	0.318755	-2.13114	9.50431	0
-1.04126	9.55518	0.305573	-1.04126	9.55518	0
0.00634277	10.5637	0.311782	0.00634277	10.5637	0
1.03494	10.4968	0.326775	1.03494	10.4968	0
2.04224	10.554	0.33076	2.04224	10.554	0
3.14426	10.5246	0.322971	3.14426	10.5246	0
4.17787	10.582	0.306687	4.17787	10.582	0
5.16307	10.5324	0.304349	5.16307	10.5324	0
6.24168	10.5324	0.304812	6.24168	10.5324	0
7.2663	10.5684	0.33392	7.2663	10.5684	0
8.34069	10.5868	0.305275	8.34069	10.5868	0
9.31374	10.5573	0.314615	9.31374	10.5573	0
10.318	10.5861	0.314302	10.318	10.5861	0
11.3478	10.5362	0.311026	11.3478	10.5362	0
-11.4104	10.57	0.307399	-11.4104	10.57	0
-10.3709	10.568	0.328379	-10.3709	10.568	0
-9.38899	10.5913	0.323391	-9.38899	10.5913	0
-8.36101	10.5634	0.32086	-8.36101	10.5634	0
-7.31933	10.5991	0.319202	-7.31933	10.5991	0
-6.2466	10.6289	0.302965	-6.2466	10.6289	0
-5.20598	10.6082	0.29645	-5.20598	10.6082	0
-4.19685	10.5733	0.321063	-4.19685	10.5733	0
-3.17867	10.5487	0.310719	-3.17867	10.5487	0
-2.11825	10.5244	0.319285	-2.11825	10.5244	0
-1.10429	10.5559	0.333273	-1.10429	10.5559	0
0.0294699	11.5278	0.299195	0.0294699	11.5278	0
0.986825	11.5401	0.311102	0.986825	11.5401	0
2.06963	11.5326	0.341311	2.06963	11.5326	0
3.09255	11.5255	0.277046	3.09255	11.5255	0
4.12967	11.5906	0.346879	4.12967	11.5906	0
5.15918	11.5238	0.314956	5.15918	11.5238	0
6.22753	11.5715	0.289838	6.22753	11.5715	0
7.23756	11.6415	0.296771	7.23756	11.6415	0
8.26547	11.6243	0.306645	8.26547	11.6243	0
9.25644	11.5875	0.290656	9.25644	11.5875	0
10.2756	11.6201	0.324556	10.2756	11.6201	0
11.3476	11.5705	0.341606	11.3476	11.5705	0
-11.4031	11.6053	0.332416	-11.4031	11.6053	0
-10.3791	11.5871	0.3315	-10.3791	11.5871	0
-9.39038	11.6297	0.317176	-9.39038	11.6297	0
-8.3319	11.5716	0.316652	-8.3319	11.5716	0
-7.32565	11.6048	0.293889	-7.32565	11.6048	0
-6.26844	11.6528	0.333788	-6.26844	11.6528	0
-5.21106	11.6493	0.341707	-5.21106	11.6493	0
-4.14127	11.6089	0.316934	-4.14127	11.6089	0
-3.11041	11.6131	0.308304	-3.11041	11.6131	0
-2.02839	11.5527	0.333673	-2.02839	11.5527	0
-0.994545	11.5879	0.325462	-0.994545	11.5879	0
-0.0349919	-11.2287	0.334585	-0.0349919	-11.2287	0
1.07431	-11.2121	0.321452	1.07431	-11.2121	0
2.07628	-11.1821	0.323898	2.07628	-11.1821	0
3.10477	-11.2325	0.299797	3.10477	-11.2325	0
4.15582	-11.1569	0.341385	4.15582	-11.1569	0
5.13604	-11.1813	0.315963	5.13604	-11.1813	0
6.18498	-11.2305	0.324367	6.18498	-11.2305	0
7.25764	-11.1661	0.346485	7.25764	-11.1661	0
8.30992	-11.1714	0.307768	8.30992	-11.1714	0
9.31338	-11.1357	0.314341	9.31338	-11.1357	0
10.3242	-11.1959	0.313718	10.3242	-11.1959	0
11.3205	-11.1881	0.307232	11.3205	-11.1881	0
-11.4158	-11.1312	0.31593	-11.4158	-11.1312	0
-10.395	-11.1343	0.336693	-10.395	-11.1343	0
-9.32353	-11.1161	0.298041	-9.32353	-11.1161	0
-8.26638	-11.1052	0.330679	-8.26638	-11.1052	0
-7.28069	-11.141	0.339555	-7.28069	-11.141	0
-6.24741	-11.1188	0.333319	-6.24741	-11.1188	0
-5.18147	-11.1524	0.293392	-5.18147	-11.1524	0
-4.1287	-11.1467	0.293192	-4.1287	-11.1467	0
-3.10359	-11.1801	0.293902	-3.10359	-11.1801	0
-2.0865	-11.2276	0.309827	-2.0865	-11.2276	0
-1.01399	-11.1707	0.30389	-1.01399	-11.1707	0
-0.0138886	-10.1632	0.326976	-0.0138886	-10.1632	0
1.00647	-10.1601	0.31909	1.00647	-10.1601	0
2.12206	-10.1967	0.320599	2.12206	-10.1967	0
3.16617	-10.198	0.33462	3.16617	-10.198	0
4.09564	-10.1551	0.332325	4.09564	-10.1551	0
5.09846	-10.2481	0.31309	5.09846	-10.2481	0
6.15117	-10.1552	0.33458	6.15117	-10.1552	0
7.19627	-10.1265	0.288149	7.19627	-10.1265	0
8.20853	-10.1487	0.288964	8.20853	-10.1487	0
9.32678	-10.1092	0.340289	9.32678	-10.1092	0
10.3086	-10.1159	0.325618	10.3086	-10.1159	0
11.3026	-10.1232	0.312218	11.3026	-10.1232	0
-11.4847	-10.1247	0.303771	-11.4847	-10.1247	0
-10.406	-10.1002	0.328097	-10.406	-10.1002	0
-9.34183	-10.1118	0.310563	-9.34183	-10.1118	0
-8.31598	-10.0786	0.266996	-8.31598	-10.0786	0
-7.28445	-10.0658	0.31873	-7.28445	-10.0658	0
-6.24036	-10.1154	0.301682	-6.24036	-10.1154	0
-5.17314	-10.0869	0.315022	-5.17314	-10.0869	0
-4.1493	-10.1879	0.288182	-4.1493	-10.1879	0
-3.14421	-10.0882	0.294362	-3.14421	-10.0882	0
-2.03332	-10.1006	0.327088	-2.03332	-10.1006	0
-1.02834	-10.1787	0.333042	-1.02834	-10.1787	0
-0.0172071	-9.114	0.313438	-0.0172071	-9.114	0
1.06728	-9.13249	0.344575	1.06728	-9.13249	0
2.12315	-9.14045	0.286672	2.12315	-9.14045	0
3.10856	-9.12698	0.306682	3.10856	-9.12698	0
4.06419	-9.14627	0.317627	4.06419	-9.14627	0
5.18367	-9.14246	0.307036	5.18367	-9.14246	0
6.17295	-9.07707	0.311157	6.17295	-9.07707	0
7.23949	-9.04864	0.313411	7.23949	-9.04864	0
8.27575	-9.10112	0.30902	8.27575	-9.10112	0
9.35858	-9.08734	0.30772	9.35858	-9.08734	0
10.3629	-9.08136	0.330932	10.3629	-9.08136	0
11.3296	-9.09309	0.343046	11.3296	-9.09309	0
-11.3863	-9.07735	0.315878	-11.3863	-9.07735	0
-10.3958	-9.08195	0.296382	-10.3958	-9.08195	0
-9.36636	-9.05155	0.314354	-9.36636	-9.05155	0
-8.34993	-9.11926	0.298831	-8.34993	-9.11926	0
-7.2233	-9.06257	0.341974	-7.2233	-9.06257	0
-6.24224	-9.04889	0.345332	-6.24224	-9.04889	0
-5.2295	-9.06753	0.304532	-5.2295	-9.06753	0
-4.15554	-9.12271	0.334866	-4.15554	-9.12271	0
-3.08267	-9.0886	0.317901	-3.08267	-9.0886	0
-2.08086	-9.09469	0.332331	-2.08086	-9.09469	0
-1.0803	-9.14603	0.325845	-1.0803	-9.14603	0
0.0508366	-8.11023	0.337742	0.0508366	-8.11023	0
1.1001	-8.12683	0.281684	1.1001	-8.12683	0
2.11823	-8.11779	0.302832	2.11823	-8.11779	0
3.08696	-8.02523	0.32097	3.08696	-8.02523	0
4.15158	-8.06911	0.330101	4.15158	-8.06911	0
5.19111	-8.10698	0.327284	5.19111	-8.10698	0
6.19892	-8.09594	0.255629	6.19892	-8.09594	0
7.22062	-8.06711	0.315983	7.22062	-8.06711	0
8.28328	-8.04421	0.328714	8.28328	-8.04421	0
9.35813	-8.04144	0.308228	9.35813	-8.04144	0
10.3597	-8.00232	0.314124	10.3597	-8.00232	0
11.4069	-8.01156	0.314806	11.4069	-8.01156	0
-11.4015	-8.05537	0.330974	-11.4015	-8.05537	0
-10.403	-8.06001	0.314924	-10.403	-8.06001	0
-9.36655	-8.05741	0.319302	-9.36655	-8.05741	0
-8.26593	-8.06248	0.337549	-8.26593	-8.06248	0
-7.25934	-8.01009	0.306662	-7.25934	-8.01009	0
-6.19512	-8.03208	0.319666	-6.19512	-8.03208	0
-5.17234	-8.03775	0.323045	-5.17234	-8.03775	0
-4.05277	-8.10321	0.320085	-4.05277	-8.10321	0
-3.07967	-8.04882	0.307313	-3.07967	-8.04882	0
-2.0106	-8.11444	0.292999	-2.0106	-8.11444	0
-0.977402	-8.1606	0.31799	-0.977402	-8.1606	0
0.059996	-7.09256	0.310078	0.059996	-7.09256	0
1.03482	-7.07805	0.332567	1.03482	-7.07805	0
2.11775	-7.12874	0.340107	2.11775	-7.12874	0
3.1029	-7.00874	0.30513	3.1029	-7.00874	0
4.16096	-7.055	0.280874	4.16096	-7.055	0
5.16006	-6.98183	0.332625	5.16006	-6.98183	0
6.17601	-6.98437	0.327692	6.17601	-6.98437	0
7.24451	-6.99561	0.351599	7.24451	-6.99561	0
8.32328	-7.02135	0.32478	8.32328	-7.02135	0
9.3108	-7.07003	0.313153	9.3108	-7.07003	0
10.3304	-7.03259	0.3172	10.3304	-7.03259	0
11.3301	-6.98066	0.31968	11.3301	-6.98066	0
-11.4198	-6.97163	0.320384	-11.4198	-6.97163	0
-10.377	-7.03842	0.323103	-10.377	-7.03842	0
-9.27852	-7.01314	0.31261	-9.27852	-7.01314	0
-8.30409	-6.98759	0.319282	-8.30409	-6.98759	0
-7.27463	-7.01431	0.330848	-7.27463	-7.01431	0
-6.19829	-7.04665	0.325385	-6.19829	-7.04665	0
-5.1446	-7.00472	0.320305	-5.1446	-7.00472	0
-4.09375	-7.01195	0.331499	-4.09375	-7.01195	0
-3.05249	-7.02246	0.33569	-3.05249	-7.02246	0
-1.97641	-7.11516	0.308261	-1.97641	-7.11516	0
-0.956347	-7.10896	0.329124	-0.956347	-7.10896	0
0.08344	-6.07373	0.316198	0.08344	-6.07373	0
1.05959	-6.01254	0.307657	1.05959	-6.01254	0
2.12506	-5.98234	0.340314	2.12506	-5.98234	0
3.16623	-5.97739	0.324309	3.16623	-5.97739	0
4.19455	-6.02458	0.325139	4.19455	-6.02458	0
5.22584	-5.95312	0.324431	5.22584	-5.95312	0
6.27687	-5.97283	0.302351	6.27687	-5.97283	0
7.27477	-5.98545	0.291828	7.27477	-5.98545	0
8.2869	-6.0225	0.328889	8.2869	-6.0225	0
9.28853	-6.00229	0.322842	9.28853	-6.00229	0
10.294	-6.00531	0.311331	10.294	-6.00531	0
11.2852	-5.92945	0.292035	11.2852	-5.92945	0
-11.464	-5.9205	0.342902	-11.464	-5.9205	0
-10.3489	-5.96945	0.306162	-10.3489	-5.96945	0
-9.36823	-5.9898	0.310274	-9.36823	-5.9898	0
-8.29009	-5.94658	0.322836	-8.29009	-5.94658	0
-7.21087	-6.00024	0.2988	-7.21087	-6.00024	0
-6.18829	-5.95563	0.330281	-6.18829	-5.95563	0
-5.17384	-6.00903	0.309373	-5.17384	-6.00903	0
-4.13681	-6.00013	0.318997	-4.13681	-6.00013	0
-3.08517	-6.03886	0.32558	-3.08517	-6.03886	0
-1.97879	-6.01889	0.303988	-1.97879	-6.01889	0
-0.945535	-6.11167	0.297127	-0.945535	-6.11167	0
0.0619525	-5.03406	0.301865	0.0619525	-5.03406	0
1.06264	-5.01086	0.323005	1.06264	-5.01086	0
2.06161	-4.99321	0.316128	2.06161	-4.99321	0
3.14602	-4.95539	0.322798	3.14602	-4.95539	0
4.17304	-4.96341	0.309196	4.17304	-4.96341	0
5.17262	-4.95258	0.298566	5.17262	-4.95258	0
6.19774	-4.95651	0.314092	6.19774	-4.95651	0
7.26294	-4.93834	0.320524	7.26294	-4.93834	0
8.27642	-4.96957	0.336443	8.27642	-4.96957	0
9.26884	-4.96443	0.29012	9.26884	-4.96443	0
10.2555	-4.95033	0.307261	10.2555	-4.95033	0
11.2782	-4.90224	0.316914	11.2782	-4.90224	0
-11.4021	-4.94442	0.326736	-11.4021	-4.94442	0
-10.424	-4.96897	0.29694	-10.424	-4.96897	0
-9.34955	-4.99825	0.338017	-9.34955	-4.99825	0
-8.28399	-4.92705	0.334994	-8.28399	-4.92705	0
-7.2197	-4.97868	0.333075	-7.2197	-4.97868	0
-6.21623	-4.95126	0.349139	-6.21623	-4.95126	0
-5.15768	-4.9498	0.298073	-5.15768	-4.9498	0
-4.11261	-4.97934	0.318103	-4.11261	-4.97934	0
-3.06444	-4.96197	0.324159	-3.06444	-4.96197	0
-2.01309	-5.01783	0.322924	-2.01309	-5.01783	0
-0.994399	-5.00795	0.320416	-0.994399	-5.00795	0
0.0483124	-3.95255	0.349298	0.0483124	-3.95255	0
1.07455	-3.95889	0.311837	1.07455	-3.95889	0
2.08305	-3.95522	0.316544	2.08305	-3.95522	0
3.07765	-3.96766	0.290535	3.07765	-3.96766	0
4.15444	-3.90705	0.32478	4.15444	-3.90705	0
5.12348	-3.94865	0.325867	5.12348	-3.94865	0
6.21399	-3.92113	0.290361	6.21399	-3.92113	0
7.21712	-3.89841	0.321269	7.21712	-3.89841	0
8.22746	-3.93886	0.285957	8.22746	-3.93886	0
9.2691	-3.88119	0.299844	9.2691	-3.88119	0
10.2796	-3.87371	0.305904	10.2796	-3.87371	0
11.3111	-3.86734	0.353103	11.3111	-3.86734	0
-11.3758	-3.82444	0.309303	-11.3758	-3.82444	0
-10.3687	-3.8985	0.315104	-10.3687	-3.8985	0
-9.3144	-3.95586	0.333235	-9.3144	-3.95586	0
-8.26916	-3.97577	0.304389	-8.26916	-3.97577	0
-7.24195	-3.94177	0.310918	-7.24195	-3.94177	0
-6.26061	-3.89199	0.334486	-6.26061	-3.89199	0
-5.23915	-3.92987	0.318477	-5.23915	-3.92987	0
-4.13596	-3.93303	0.302779	-4.13596	-3.93303	0
-3.08198	-3.95791	0.327479	-3.08198	-3.95791	0
-2.0174	-4.0046	0.315587	-2.0174	-4.0046	0
-0.981971	-3.97151	0.340456	-0.981971	-3.97151	0
0.0186486	-2.92359	0.316645	0.0186486	-2.92359	0
0.971807	-2.95064	0.320894	0.971807	-2.95064	0
2.00132	-2.91513	0.343745	2.00132	-2.91513	0
3.05733	-2.84671	0.302003	3.05733	-2.84671	0
4.07263	-2.87335	0.303987	4.07263	-2.87335	0
5.13451	-2.90382	0.335079	5.13451	-2.90382	0
6.19436	-2.8538	0.343529	6.19436	-2.8538	0
7.23734	-2.90078	0.305986	7.23734	-2.90078	0
8.23778	-2.90794	0.301719	8.23778	-2.90794	0
9.2463	-2.91032	0.271105	9.2463	-2.91032	0
10.3569	-2.86254	0.314602	10.3569	-2.86254	0
11.3663	-2.86504	0.320647	11.3663	-2.86504	0
-11.3444	-2.88588	0.311335	-11.3444	-2.88588	0
-10.2991	-2.83401	0.33345	-10.2991	-2.83401	0
-9.27205	-2.92	0.340348	-9.27205	-2.92	0
-8.2592	-2.86915	0.303499	-8.2592	-2.86915	0
-7.23293	-2.87584	0.325559	-7.23293	-2.87584	0
-6.2342	-2.87769	0.302149	-6.2342	-2.87769	0
-5.16174	-2.93592	0.290499	-5.16174	-2.93592	0
-4.14206	-2.94548	0.343253	-4.14206	-2.94548	0
-3.07079	-2.90944	0.304962	-3.07079	-2.90944	0
-2.08875	-2.9141	0.335605	-2.08875	-2.9141	0
-1.01098	-2.90976	0.311006	-1.01098	-2.90976	0
0.048681	-1.88442	0.303762	0.048681	-1.88442	0
1.04887	-1.93046	0.297047	1.04887	-1.93046	0
2.0428	-1.88051	0.335341	2.0428	-1.88051	0
3.10002	-1.88286	0.314606	3.10002	-1.88286	0
4.09832	-1.87299	0.353164	4.09832	-1.87299	0
5.15792	-1.8726	0.354841	5.15792	-1.8726	0
6.18186	-1.85834	0.314046	6.18186	-1.85834	0
7.20462	-1.85442	0.328413	7.20462	-1.85442	0
8.23289	-1.81547	0.302191	8.23289	-1.81547	0
9.28327	-1.84921	0.314975	9.28327	-1.84921	0
10.3631	-1.82447	0.313684	10.3631	-1.82447	0
11.3826	-1.88503	0.334871	11.3826	-1.88503	0
-11.3615	-1.80411	0.294257	-11.3615	-1.80411	0
-10.3294	-1.83012	0.287747	-10.3294	-1.83012	0
-9.29649	-1.85847	0.306077	-9.29649	-1.85847	0
-8.26078	-1.81742	0.356079	-8.26078	-1.81742	0
-7.2218	-1.86009	0.321415	-7.2218	-1.86009	0
-6.12863	-1.82948	0.315239	-6.12863	-1.82948	0
-5.16117	-1.89105	0.285886	-5.16117	-1.89105	0
-4.1565	-1.89375	0.299604	-4.1565	-1.89375	0
-3.13259	-1.93211	0.313604	-3.13259	-1.93211	0
-2.05326	-1.85397	0.311555	-2.05326	-1.85397	0
-1.05201	-1.87933	0.31196	-1.05201	-1.87933	0
0.00346803	-0.832689	0.324253	0.00346803	-0.832689	0
1.02662	-0.875576	0.314859	1.02662	-0.875576	0
2.10343	-0.837777	0.33133	2.10343	-0.837777	0
3.1201	-0.861272	0.302422	3.1201	-0.861272	0
4.15433	-0.845537	0.293872	4.15433	-0.845537	0
5.25559	-0.803511	0.345259	5.25559	-0.803511	0
6.24119	-0.818723	0.306153	6.24119	-0.818723	0
7.24127	-0.818089	0.321262	7.24127	-0.818089	0
8.3173	-0.824019	0.322416	8.3173	-0.824019	0
9.36187	-0.805127	0.308639	9.36187	-0.805127	0
10.3388	-0.824368	0.324717	10.3388	-0.824368	0
11.3692	-0.806631	0.342462	11.3692	-0.806631	0
-11.4406	-0.791765	0.30974	-11.4406	-0.791765	0
-10.3503	-0.83427	0.34544	-10.3503	-0.83427	0
-9.29636	-0.863717	0.346949	-9.29636	-0.863717	0
-8.25536	-0.826407	0.300965	-8.25536	-0.826407	0
-7.16671	-0.816494	0.345168	-7.16671	-0.816494	0
-6.15397	-0.793274	0.349714	-6.15397	-0.793274	0
-5.1396	-0.842469	0.331636	-5.1396	-0.842469	0
-4.1032	-0.852918	0.322215	-4.1032	-0.852918	0
-3.13752	-0.876026	0.34004	-3.13752	-0.876026	0
-2.08258	-0.792216	0.302039	-2.08258	-0.792216	0
-1.03773	-0.821535	0.312402	-1.03773	-0.821535	0
