-0.773078	-0.363426	-0.304156	-0.773078	-0.363426	0
0.270727	-0.368184	-0.31877	0.270727	-0.368184	0
1.34658	-0.330165	-0.325629	1.34658	-0.330165	0
2.38121	-0.339306	-0.309585	2.38121	-0.339306	0
3.37843	-0.30999	-0.306351	3.37843	-0.30999	0
4.44108	-0.305683	-0.319441	4.44108	-0.305683	0
5.48562	-0.357258	-0.309065	5.48562	-0.357258	0
6.53034	-0.329598	-0.340751	6.53034	-0.329598	0
7.48167	-0.346758	-0.318171	7.48167	-0.346758	0
8.48644	-0.330598	-0.289499	8.48644	-0.330598	0
9.59816	-0.318919	-0.318796	9.59816	-0.318919	0
10.6427	-0.275864	-0.300465	10.6427	-0.275864	0
11.7094	-0.282286	-0.321011	11.7094	-0.282286	0
-11.0409	-0.321804	-0.315359	-11.0409	-0.321804	0
-10.0378	-0.353848	-0.306004	-10.0378	-0.353848	0
-9.02496	-0.34824	-0.339212	-9.02496	-0.34824	0
-7.98457	-0.249353	-0.32216	-7.98457	-0.249353	0
-6.94638	-0.338132	-0.361087	-6.94638	-0.338132	0
-5.89664	-0.30293	-0.316871	-5.89664	-0.30293	0
-4.87163	-0.295714	-0.332283	-4.87163	-0.295714	0
-3.8038	-0.355239	-0.311341	-3.8038	-0.355239	0
-2.79709	-0.369828	-0.293979	-2.79709	-0.369828	0
-1.76689	-0.380303	-0.330365	-1.76689	-0.380303	0
-0.669959	0.701912	-0.32912	-0.669959	0.701912	0
0.392766	0.683226	-0.31468	0.392766	0.683226	0
1.32908	0.698977	-0.299485	1.32908	0.698977	0
2.34035	0.693334	-0.329442	2.34035	0.693334	0
3.43065	0.702506	-0.345949	3.43065	0.702506	0
4.4592	0.721726	-0.289353	4.4592	0.721726	0
5.51683	0.706537	-0.350234	5.51683	0.706537	0
6.55244	0.700305	-0.307815	6.55244	0.700305	0
7.57316	0.712214	-0.299828	7.57316	0.712214	0
8.54702	0.714094	-0.329802	8.54702	0.714094	0
9.53929	0.776462	-0.323686	9.53929	0.776462	0
10.6388	0.765177	-0.337292	10.6388	0.765177	0
11.6956	0.773318	-0.321254	11.6956	0.773318	0
-11.0241	0.764238	-0.313801	-11.0241	0.764238	0
-10.017	0.652372	-0.32454	-10.017	0.652372	0
-9.03648	0.717785	-0.333557	-9.03648	0.717785	0
-7.98079	0.757239	-0.282144	-7.98079	0.757239	0
-6.90695	0.68206	-0.297362	-6.90695	0.68206	0
-5.89473	0.739141	-0.344889	-5.89473	0.739141	0
-4.83066	0.670726	-0.281379	-4.83066	0.670726	0
-3.82439	0.720682	-0.285071	-3.82439	0.720682	0
-2.76784	0.660473	-0.313059	-2.76784	0.660473	0
-1.72167	0.711194	-0.320396	-1.72167	0.711194	0
-0.671091	1.74445	-0.327079	-0.671091	1.74445	0
0.349585	1.72939	-0.290194	0.349585	1.72939	0
1.36159	1.74863	-0.328778	1.36159	1.74863	0
2.35832	1.76321	-0.336356	2.35832	1.76321	0
3.40403	1.75797	-0.309469	3.40403	1.75797	0
4.48793	1.70705	-0.307172	4.48793	1.70705	0
5.51267	1.73756	-0.329188	5.51267	1.73756	0
6.51761	1.72099	-0.313031	6.51761	1.72099	0
7.54875	1.75671	-0.324669	7.54875	1.75671	0
8.55305	1.77674	-0.330834	8.55305	1.77674	0
9.57642	1.78631	-0.301002	9.57642	1.78631	0
10.6064	1.82166	-0.316514	10.6064	1.82166	0
11.6531	1.81583	-0.329653	11.6531	1.81583	0
-11.0521	1.7828	-0.330271	-11.0521	1.7828	0
-10.0825	1.74093	-0.314197	-10.0825	1.74093	0
-9.05174	1.78273	-0.309177	-9.05174	1.78273	0
-7.96513	1.76868	-0.316639	-7.96513	1.76868	0
-6.94006	1.75328	-0.306363	-6.94006	1.75328	0
-5.85801	1.77937	-0.333844	-5.85801	1.77937	0
-4.84844	1.7008	-0.323501	-4.84844	1.7008	0
-3.82025	1.75119	-0.310076	-3.82025	1.75119	0
-2.6999	1.76837	-0.308419	-2.6999	1.76837	0
-1.68437	1.75802	-0.323102	-1.68437	1.75802	0
-0.685203	2.76766	-0.34751	-0.685203	2.76766	0
0.324502	2.8139	-0.288614	0.324502	2.8139	0
1.36788	2.73114	-0.300278	1.36788	2.73114	0
2.38602	2.81408	-0.342137	2.38602	2.81408	0
3.34908	2.74521	-0.306484	3.34908	2.74521	0
4.4174	2.83195	-0.337376	4.4174	2.83195	0
5.51953	2.75885	-0.334601	5.51953	2.75885	0
6.56341	2.76091	-0.275925	6.56341	2.76091	0
7.56836	2.7773	-0.33195	7.56836	2.7773	0
8.6196	2.83518	-0.317499	8.6196	2.83518	0
9.5792	2.82664	-0.313409	9.5792	2.82664	0
10.6578	2.84796	-0.330191	10.6578	2.84796	0
11.6616	2.8236	-0.304719	11.6616	2.8236	0
-11.1312	2.83226	-0.301581	-11.1312	2.83226	0
-10.0748	2.87545	-0.331101	-10.0748	2.87545	0
-9.0426	2.80289	-0.299245	-9.0426	2.80289	0
-8.03309	2.82758	-0.2933	-8.03309	2.82758	0
-6.99878	2.72272	-0.301676	-6.99878	2.72272	0
-5.89783	2.74373	-0.310201	-5.89783	2.74373	0
-4.80857	2.71963	-0.332558	-4.80857	2.71963	0
-3.78274	2.71761	-0.316256	-3.78274	2.71761	0
-2.80327	2.75119	-0.334105	-2.80327	2.75119	0
-1.70158	2.74407	-0.293236	-1.70158	2.74407	0
-0.700701	3.87077	-0.307496	-0.700701	3.87077	0
0.303055	3.82422	-0.31823	0.303055	3.82422	0
1.31409	3.80867	-0.358259	1.31409	3.80867	0
2.34449	3.85485	-0.303976	2.34449	3.85485	0
3.41837	3.79317	-0.318378	3.41837	3.79317	0
4.41471	3.80871	-0.346568	4.41471	3.80871	0
5.47566	3.85968	-0.30609	5.47566	3.85968	0
6.50042	3.77968	-0.316123	6.50042	3.77968	0
7.56944	3.8082	-0.317468	7.56944	3.8082	0
8.6234	3.8443	-0.320266	8.6234	3.8443	0
9.59691	3.89474	-0.323658	9.59691	3.89474	0
10.6329	3.90977	-0.317559	10.6329	3.90977	0
11.6563	3.88742	-0.302501	11.6563	3.88742	0
-11.1151	3.86694	-0.320218	-11.1151	3.86694	0
-10.0609	3.86499	-0.293041	-10.0609	3.86499	0
-9.01552	3.83335	-0.31489	-9.01552	3.83335	0
-8.03248	3.80986	-0.293171	-8.03248	3.80986	0
-7.00285	3.84451	-0.284766	-7.00285	3.84451	0
-5.90818	3.77783	-0.309636	-5.90818	3.77783	0
-4.8339	3.80263	-0.31913	-4.8339	3.80263	0
-3.83459	3.73752	-0.305562	-3.83459	3.73752	0
-2.73677	3.78216	-0.294446	-2.73677	3.78216	0
-1.7288	3.84004	-0.283377	-1.7288	3.84004	0
-0.664953	4.8888	-0.306048	-0.664953	4.8888	0
0.299419	4.83685	-0.283259	0.299419	4.83685	0
1.33697	4.90748	-0.318124	1.33697	4.90748	0
2.37756	4.85346	-0.302776	2.37756	4.85346	0
3.40584	4.91787	-0.323505	3.40584	4.91787	0
4.46238	4.86206	-0.305386	4.46238	4.86206	0
5.53064	4.8519	-0.305716	5.53064	4.8519	0
6.56214	4.84634	-0.342751	6.56214	4.84634	0
7.6256	4.84441	-0.328297	7.6256	4.84441	0
8.61229	4.84482	-0.336036	8.61229	4.84482	0
9.6154	4.89551	-0.344713	9.6154	4.89551	0
10.6019	4.88098	-0.326114	10.6019	4.88098	0
11.7013	4.88641	-0.314792	11.7013	4.88641	0
-11.0821	4.85893	-0.31257	-11.0821	4.85893	0
-10.0027	4.88717	-0.314163	-10.0027	4.88717	0
-8.98817	4.83473	-0.326823	-8.98817	4.83473	0
-7.98026	4.84326	-0.316197	-7.98026	4.84326	0
-6.92353	4.86955	-0.304519	-6.92353	4.86955	0
-5.90923	4.75626	-0.298663	-5.90923	4.75626	0
-4.90043	4.79692	-0.304228	-4.90043	4.79692	0
-3.81648	4.80871	-0.286548	-3.81648	4.80871	0
-2.7613	4.81048	-0.321205	-2.7613	4.81048	0
-1.71856	4.83544	-0.334329	-1.71856	4.83544	0
-0.705836	5.88762	-0.304134	-0.705836	5.88762	0
0.367369	5.95047	-0.33337	0.367369	5.95047	0
1.36899	5.94037	-0.303839	1.36899	5.94037	0
2.41027	5.85586	-0.290223	2.41027	5.85586	0
3.46591	5.95391	-0.314461	3.46591	5.95391	0
4.52176	5.89395	-0.322626	4.52176	5.89395	0
5.53444	5.8488	-0.30684	5.53444	5.8488	0
6.54866	5.96254	-0.293091	6.54866	5.96254	0
7.55939	5.88295	-0.312434	7.55939	5.88295	0
8.60538	5.91126	-0.343162	8.60538	5.91126	0
9.65268	5.98419	-0.333181	9.65268	5.98419	0
10.6682	5.91295	-0.344604	10.6682	5.91295	0
11.6843	5.99126	-0.291948	11.6843	5.99126	0
-11.0741	5.89391	-0.311409	-11.0741	5.89391	0
-9.99849	5.9122	-0.311783	-9.99849	5.9122	0
-9.01526	5.92038	-0.300762	-9.01526	5.92038	0
-8.02403	5.89335	-0.320689	-8.02403	5.89335	0
-6.93079	5.86608	-0.325236	-6.93079	5.86608	0
-5.90343	5.84678	-0.322216	-5.90343	5.84678	0
-4.90176	5.82419	-0.316144	-4.90176	5.82419	0
-3.81823	5.82474	-0.331416	-3.81823	5.82474	0
-2.75771	5.84213	-0.29463	-2.75771	5.84213	0
-1.74744	5.90597	-0.303153	-1.74744	5.90597	0
-0.73144	6.92263	-0.307753	-0.73144	6.92263	0
0.362273	6.9391	-0.316448	0.362273	6.9391	0
1.46349	6.95399	-0.335197	1.46349	6.95399	0
2.45324	6.89088	-0.309648	2.45324	6.89088	0
3.46403	6.95193	-0.316449	3.46403	6.95193	0
4.45252	6.93091	-0.327597	4.45252	6.93091	0
5.53314	6.9204	-0.314707	5.53314	6.9204	0
6.59125	6.99113	-0.345107	6.59125	6.99113	0
7.59565	6.92106	-0.31709	7.59565	6.92106	0
8.60995	6.92774	-0.330028	8.60995	6.92774	0
9.70382	6.96443	-0.330857	9.70382	6.96443	0
10.7525	6.95306	-0.340066	10.7525	6.95306	0
11.739	6.99999	-0.313374	11.739	6.99999	0
-11.0687	6.93317	-0.324529	-11.0687	6.93317	0
-10.0234	6.98759	-0.3162	-10.0234	6.98759	0
-8.92976	6.94065	-0.320594	-8.92976	6.94065	0
-7.87897	6.86189	-0.323587	-7.87897	6.86189	0
-6.89829	6.93656	-0.298334	-6.89829	6.93656	0
-5.91344	6.83375	-0.347323	-5.91344	6.83375	0
-4.88087	6.86397	-0.33084	-4.88087	6.86397	0
-3.84548	6.82465	-0.322904	-3.84548	6.82465	0
-2.80435	6.89284	-0.344064	-2.80435	6.89284	0
-1.7712	6.90071	-0.312793	-1.7712	6.90071	0
-0.62777	7.9213	-0.339348	-0.62777	7.9213	0
0.452727	8.00972	-0.349918	0.452727	8.00972	0
1.42949	8.02318	-0.300319	1.42949	8.02318	0
2.45054	7.92041	-0.312013	2.45054	7.92041	0
3.41293	7.96654	-0.290871	3.41293	7.96654	0
4.49581	7.94915	-0.321229	4.49581	7.94915	0
5.52596	7.98351	-0.298242	5.52596	7.98351	0
6.57709	8.00692	-0.320486	6.57709	8.00692	0
7.59373	7.94808	-0.316611	7.59373	7.94808	0
8.5896	8.00495	-0.33539	8.5896	8.00495	0
9.64768	8.00447	-0.297401	9.64768	8.00447	0
10.6603	7.9751	-0.309526	10.6603	7.9751	0
11.7265	7.96798	-0.316465	11.7265	7.96798	0
-11.045	7.99305	-0.333848	-11.045	7.99305	0
-9.94351	8.01208	-0.335561	-9.94351	8.01208	0
-8.86197	7.94587	-0.330705	-8.86197	7.94587	0
-7.88295	7.89632	-0.301456	-7.88295	7.89632	0
-6.89207	7.96068	-0.329429	-6.89207	7.96068	0
-5.90574	7.9174	-0.324524	-5.90574	7.9174	0
-4.84575	7.86262	-0.318016	-4.84575	7.86262	0
-3.72626	7.91417	-0.314654	-3.72626	7.91417	0
-2.71593	7.89375	-0.305692	-2.71593	7.89375	0
-1.70807	7.92544	-0.319231	-1.70807	7.92544	0
-0.615896	8.9813	-0.3109	-0.615896	8.9813	0
0.356069	9.02801	-0.329975	0.356069	9.02801	0
1.39667	9.02066	-0.306432	1.39667	9.02066	0
2.46786	8.98396	-0.331777	2.46786	8.98396	0
3.49224	8.97099	-0.334435	3.49224	8.97099	0
4.51685	9.00925	-0.337221	4.51685	9.00925	0
5.52266	9.04874	-0.318852	5.52266	9.04874	0
6.5919	9.02195	-0.310409	6.5919	9.02195	0
7.63385	9.02202	-0.323662	7.63385	9.02202	0
8.60292	9.05202	-0.311231	8.60292	9.05202	0
9.65527	8.98243	-0.303246	9.65527	8.98243	0
10.665	9.0275	-0.3147	10.665	9.0275	0
11.7175	9.03269	-0.306582	11.7175	9.03269	0
-11.0697	8.99482	-0.286073	-11.0697	8.99482	0
-9.98146	9.00191	-0.300824	-9.98146	9.00191	0
-8.89654	8.98922	-0.289549	-8.89654	8.98922	0
-7.8515	8.92907	-0.328388	-7.8515	8.92907	0
-6.84857	8.99372	-0.33024	-6.84857	8.99372	0
-5.84094	8.92834	-0.351229	-5.84094	8.92834	0
-4.84052	8.90434	-0.30055	-4.84052	8.90434	0
-3.8024	8.94195	-0.317249	-3.8024	8.94195	0
-2.76836	8.91676	-0.326421	-2.76836	8.91676	0
-1.69499	8.9595	-0.309314	-1.69499	8.9595	0
-0.710145	9.99961	-0.308484	-0.710145	9.99961	0
0.360724	10.066	-0.333523	0.360724	10.066	0
1.43454	10.0256	-0.310225	1.43454	10.0256	0
2.48239	9.98998	-0.298486	2.48239	9.98998	0
3.48862	9.96894	-0.28818	3.48862	9.96894	0
4.552	10.0243	-0.345007	4.552	10.0243	0
5.56341	10.0443	-0.307131	5.56341	10.0443	0
6.55802	10.046	-0.308116	6.55802	10.046	0
7.58175	10.1112	-0.287473	7.58175	10.1112	0
8.66188	10.1224	-0.334049	8.66188	10.1224	0
9.67376	10.0432	-0.312634	9.67376	10.0432	0
10.6945	10.0324	-0.295102	10.6945	10.0324	0
11.7369	10.0289	-0.294841	11.7369	10.0289	0
-11.0106	10.0244	-0.327029	-11.0106	10.0244	0
-9.94514	9.99075	-0.310311	-9.94514	9.99075	0
-8.91422	10.0373	-0.314741	-8.91422	10.0373	0
-7.89135	9.96159	-0.287705	-7.89135	9.96159	0
-6.89488	10.0438	-0.342007	-6.89488	10.0438	0
-5.84025	9.93722	-0.332148	-5.84025	9.93722	0
-4.82823	9.92477	-0.317449	-4.82823	9.92477	0
-3.7646	9.93434	-0.343188	-3.7646	9.93434	0
-2.74698	9.96305	-0.313951	-2.74698	9.96305	0
-1.71095	10.0098	-0.316578	-1.71095	10.0098	0
-0.698161	11.0214	-0.308853	-0.698161	11.0214	0
0.398813	11.0316	-0.343212	0.398813	11.0316	0
1.44748	11.073	-0.303609	1.44748	11.073	0
2.46806	11.0839	-0.311088	2.46806	11.0839	0
3.51772	11.1215	-0.310337	3.51772	11.1215	0
4.54937	11.0801	-0.325331	4.54937	11.0801	0
5.60521	11.0275	-0.34837	5.60521	11.0275	0
6.56672	11.0158	-0.328128	6.56672	11.0158	0
7.61357	11.0881	-0.320466	7.61357	11.0881	0
8.71604	11.1529	-0.322368	8.71604	11.1529	0
9.68177	11.1441	-0.313868	9.68177	11.1441	0
10.7128	11.08	-0.2964	10.7128	11.08	0
11.726	11.0661	-0.293479	11.726	11.0661	0
-11.0256	11.0598	-0.31049	-11.0256	11.0598	0
-9.9422	11.0591	-0.291347	-9.9422	11.0591	0
-8.93225	11.0535	-0.323161	-8.93225	11.0535	0
-7.93884	11.1136	-0.300417	-7.93884	11.1136	0
-6.96497	11.0598	-0.305476	-6.96497	11.0598	0
-5.83007	10.9964	-0.317412	-5.83007	10.9964	0
-4.8148	10.915	-0.325179	-4.8148	10.915	0
-3.73117	11.0074	-0.324045	-3.73117	11.0074	0
-2.71223	10.968	-0.325888	-2.71223	10.968	0
-1.72634	11.0653	-0.31653	-1.72634	11.0653	0
-0.643528	-11.7159	-0.319722	-0.643528	-11.7159	0
0.370278	-11.7891	-0.287555	0.370278	-11.7891	0
1.43649	-11.7017	-0.346054	1.43649	-11.7017	0
2.43142	-11.6673	-0.302389	2.43142	-11.6673	0
3.44666	-11.6615	-0.324526	3.44666	-11.6615	0
4.54664	-11.7351	-0.321171	4.54664	-11.7351	0
5.5889	-11.6519	-0.291565	5.5889	-11.6519	0
6.54706	-11.652	-0.328929	6.54706	-11.652	0
7.60108	-11.6561	-0.326696	7.60108	-11.6561	0
8.62129	-11.6128	-0.314835	8.62129	-11.6128	0
9.70118	-11.5853	-0.313506	9.70118	-11.5853	0
10.7036	-11.6631	-0.311968	10.7036	-11.6631	0
11.7396	-11.6291	-0.317303	11.7396	-11.6291	0
-11.0487	-11.6926	-0.299515	-11.0487	-11.6926	0
-10.0054	-11.6748	-0.299413	-10.0054	-11.6748	0
-8.96231	-11.6821	-0.295269	-8.96231	-11.6821	0
-7.91568	-11.6398	-0.326477	-7.91568	-11.6398	0
-6.88494	-11.6591	-0.312363	-6.88494	-11.6591	0
-5.86022	-11.732	-0.276267	-5.86022	-11.732	0
-4.83859	-11.83	-0.305471	-4.83859	-11.83	0
-3.78393	-11.8107	-0.309404	-3.78393	-11.8107	0
-2.73502	-11.7043	-0.327925	-2.73502	-11.7043	0
-1.68451	-11.7126	-0.319996	-1.68451	-11.7126	0
-0.654667	-10.7431	-0.290313	-0.654667	-10.7431	0
0.385287	-10.7612	-0.306752	0.385287	-10.7612	0
1.41855	-10.6776	-0.320327	1.41855	-10.6776	0
2.4617	-10.6719	-0.2915	2.4617	-10.6719	0
3.54808	-10.6886	-0.328215	3.54808	-10.6886	0
4.56769	-10.6848	-0.318889	4.56769	-10.6848	0
5.56935	-10.6262	-0.328791	5.56935	-10.6262	0
6.58043	-10.6122	-0.32208	6.58043	-10.6122	0
7.57722	-10.6101	-0.340376	7.57722	-10.6101	0
8.65942	-10.6099	-0.305116	8.65942	-10.6099	0
9.70409	-10.5456	-0.307792	9.70409	-10.5456	0
10.7436	-10.583	-0.33032	10.7436	-10.583	0
11.795	-10.572	-0.332883	11.795	-10.572	0
-10.981	-10.6183	-0.323366	-10.981	-10.6183	0
-9.99767	-10.6387	-0.305298	-9.99767	-10.6387	0
-8.9384	-10.6762	-0.301641	-8.9384	-10.6762	0
-7.91112	-10.6657	-0.302041	-7.91112	-10.6657	0
-6.89634	-10.6612	-0.329573	-6.89634	-10.6612	0
-5.83362	-10.6842	-0.304557	-5.83362	-10.6842	0
-4.78163	-10.7218	-0.341307	-4.78163	-10.7218	0
-3.74375	-10.7452	-0.335423	-3.74375	-10.7452	0
-2.68227	-10.654	-0.310298	-2.68227	-10.654	0
-1.68082	-10.6603	-0.307064	-1.68082	-10.6603	0
-0.680822	-9.64542	-0.336054	-0.680822	-9.64542	0
0.353477	-9.6346	-0.316065	0.353477	-9.6346	0
1.37339	-9.60876	-0.316283	1.37339	-9.60876	0
2.44329	-9.65157	-0.293824	2.44329	-9.65157	0
3.50334	-9.65251	-0.337141	3.50334	-9.65251	0
4.57074	-9.63727	-0.324009	4.57074	-9.63727	0
5.58516	-9.64753	-0.323861	5.58516	-9.64753	0
6.54345	-9.59233	-0.311511	6.54345	-9.59233	0
7.61199	-9.58533	-0.281618	7.61199	-9.58533	0
8.62422	-9.50413	-0.308011	8.62422	-9.50413	0
9.70576	-9.54657	-0.313065	9.70576	-9.54657	0
10.7473	-9.59485	-0.336373	10.7473	-9.59485	0
11.7873	-9.52695	-0.29528	11.7873	-9.52695	0
-10.9702	-9.59606	-0.30717	-10.9702	-9.59606	0
-9.88504	-9.6231	-0.326334	-9.88504	-9.6231	0
-8.90613	-9.6986	-0.314355	-8.90613	-9.6986	0
-7.9173	-9.61352	-0.34406	-7.9173	-9.61352	0
-6.8246	-9.64651	-0.305974	-6.8246	-9.64651	0
-5.76025	-9.65399	-0.289977	-5.76025	-9.65399	0
-4.78209	-9.65411	-0.313261	-4.78209	-9.65411	0
-3.76136	-9.65404	-0.292683	-3.76136	-9.65404	0
-2.75995	-9.66542	-0.328508	-2.75995	-9.66542	0
-1.66265	-9.66538	-0.312025	-1.66265	-9.66538	0
-0.749507	-8.62236	-0.328252	-0.749507	-8.62236	0
0.318395	-8.66139	-0.353371	0.318395	-8.66139	0
1.4067	-8.61012	-0.322724	1.4067	-8.61012	0
2.42983	-8.62722	-0.338624	2.42983	-8.62722	0
3.52575	-8.62367	-0.332763	3.52575	-8.62367	0
4.53428	-8.60654	-0.314146	4.53428	-8.60654	0
5.55473	-8.58278	-0.320475	5.55473	-8.58278	0
6.60932	-8.54338	-0.326481	6.60932	-8.54338	0
7.65321	-8.58147	-0.321627	7.65321	-8.58147	0
8.69796	-8.55104	-0.329424	8.69796	-8.55104	0
9.75512	-8.55188	-0.321408	9.75512	-8.55188	0
10.8086	-8.52259	-0.326026	10.8086	-8.52259	0
11.8476	-8.53903	-0.308547	11.8476	-8.53903	0
-10.9351	-8.53142	-0.286083	-10.9351	-8.53142	0
-9.93774	-8.57301	-0.323806	-9.93774	-8.57301	0
-8.90255	-8.64966	-0.331547	-8.90255	-8.64966	0
-7.85572	-8.60025	-0.316089	-7.85572	-8.60025	0
-6.86379	-8.58577	-0.324519	-6.86379	-8.58577	0
-5.82474	-8.62532	-0.315644	-5.82474	-8.62532	0
-4.8058	-8.61537	-0.326402	-4.8058	-8.61537	0
-3.81894	-8.59122	-0.337337	-3.81894	-8.59122	0
-2.78144	-8.64768	-0.336227	-2.78144	-8.64768	0
-1.74186	-8.6794	-0.320389	-1.74186	-8.6794	0
-0.749079	-7.59602	-0.305517	-0.749079	-7.59602	0
0.308729	-7.63339	-0.329047	0.308729	-7.63339	0
1.32931	-7.65272	-0.31649	1.32931	-7.65272	0
2.42497	-7.59734	-0.32359	2.42497	-7.59734	0
3.43668	-7.63337	-0.302047	3.43668	-7.63337	0
4.51271	-7.59995	-0.307509	4.51271	-7.59995	0
5.53698	-7.52971	-0.334464	5.53698	-7.52971	0
6.554	-7.5691	-0.308425	6.554	-7.5691	0
7.64037	-7.52499	-0.321159	7.64037	-7.52499	0
8.68682	-7.52044	-0.30597	8.68682	-7.52044	0
9.68366	-7.50818	-0.331021	9.68366	-7.50818	0
10.6994	-7.49541	-0.328088	10.6994	-7.49541	0
11.7476	-7.46903	-0.338613	11.7476	-7.46903	0
-10.9453	-7.45199	-0.305362	-10.9453	-7.45199	0
-9.95505	-7.59878	-0.309468	-9.95505	-7.59878	0
-8.9135	-7.5089	-0.329767	-8.9135	-7.5089	0
-7.89788	-7.57431	-0.277447	-7.89788	-7.57431	0
-6.90083	-7.52932	-0.330633	-6.90083	-7.52932	0
-5.8432	-7.51186	-0.320301	-5.8432	-7.51186	0
-4.85416	-7.564	-0.308909	-4.85416	-7.564	0
-3.81678	-7.57094	-0.30997	-3.81678	-7.57094	0
-2.80117	-7.60814	-0.327029	-2.80117	-7.60814	0
-1.78985	-7.59344	-0.313812	-1.78985	-7.59344	0
-0.734987	-6.57097	-0.292941	-0.734987	-6.57097	0
0.308297	-6.5788	-0.324169	0.308297	-6.5788	0
1.34351	-6.66146	-0.342242	1.34351	-6.66146	0
2.40223	-6.588	-0.317704	2.40223	-6.588	0
3.41376	-6.56653	-0.310733	3.41376	-6.56653	0
4.53948	-6.52358	-0.325423	4.53948	-6.52358	0
5.5214	-6.60206	-0.324304	5.5214	-6.60206	0
6.56017	-6.51944	-0.333592	6.56017	-6.51944	0
7.5676	-6.49477	-0.336004	7.5676	-6.49477	0
8.58	-6.48238	-0.307929	8.58	-6.48238	0
9.63808	-6.4723	-0.313237	9.63808	-6.4723	0
10.6811	-6.50274	-0.305251	10.6811	-6.50274	0
11.71	-6.38126	-0.316402	11.71	-6.38126	0
-11.0298	-6.44163	-0.320874	-11.0298	-6.44163	0
-9.98062	-6.43904	-0.324546	-9.98062	-6.43904	0
-8.95167	-6.49256	-0.318906	-8.95167	-6.49256	0
-7.93737	-6.45808	-0.304759	-7.93737	-6.45808	0
-6.93731	-6.5299	-0.297293	-6.93731	-6.5299	0
-5.85402	-6.47601	-0.313253	-5.85402	-6.47601	0
-4.86287	-6.49503	-0.335766	-4.86287	-6.49503	0
-3.85692	-6.50684	-0.344111	-3.85692	-6.50684	0
-2.77472	-6.57887	-0.32549	-2.77472	-6.57887	0
-1.76588	-6.62145	-0.313639	-1.76588	-6.62145	0
-0.77347	-5.52169	-0.33547	-0.77347	-5.52169	0
0.279197	-5.51127	-0.318958	0.279197	-5.51127	0
1.29708	-5.54495	-0.320935	1.29708	-5.54495	0
2.36609	-5.54802	-0.330189	2.36609	-5.54802	0
3.40883	-5.50595	-0.318723	3.40883	-5.50595	0
4.4763	-5.55122	-0.291311	4.4763	-5.55122	0
5.50333	-5.57119	-0.313162	5.50333	-5.57119	0
6.58139	-5.47557	-0.318812	6.58139	-5.47557	0
7.63458	-5.47162	-0.328582	7.63458	-5.47162	0
8.65986	-5.44409	-0.33915	8.65986	-5.44409	0
9.65748	-5.45982	-0.336689	9.65748	-5.45982	0
10.7014	-5.43468	-0.298678	10.7014	-5.43468	0
11.7653	-5.41477	-0.323934	11.7653	-5.41477	0
-11.0116	-5.4524	-0.337911	-11.0116	-5.4524	0
-10.0018	-5.39758	-0.304263	-10.0018	-5.39758	0
-8.95436	-5.43452	-0.304771	-8.95436	-5.43452	0
-7.95341	-5.47478	-0.334599	-7.95341	-5.47478	0
-6.98553	-5.51106	-0.326538	-6.98553	-5.51106	0
-5.9076	-5.45684	-0.342997	-5.9076	-5.45684	0
-4.90114	-5.49916	-0.318164	-4.90114	-5.49916	0
-3.82821	-5.53521	-0.295917	-3.82821	-5.53521	0
-2.79406	-5.53747	-0.340129	-2.79406	-5.53747	0
-1.72814	-5.59288	-0.342233	-1.72814	-5.59288	0
-0.765876	-4.43484	-0.317908	-0.765876	-4.43484	0
0.302431	-4.50769	-0.33704	0.302431	-4.50769	0
1.35004	-4.48238	-0.311986	1.35004	-4.48238	0
2.40199	-4.47619	-0.319083	2.40199	-4.47619	0
3.38453	-4.52527	-0.314822	3.38453	-4.52527	0
4.45856	-4.51084	-0.315006	4.45856	-4.51084	0
5.51276	-4.47965	-0.32478	5.51276	-4.47965	0
6.56199	-4.46268	-0.319851	6.56199	-4.46268	0
7.65682	-4.45937	-0.303502	7.65682	-4.45937	0
8.741	-4.42104	-0.323073	8.741	-4.42104	0
9.68527	-4.40428	-0.316025	9.68527	-4.40428	0
10.7282	-4.42717	-0.333465	10.7282	-4.42717	0
11.7115	-4.36538	-0.322404	11.7115	-4.36538	0
-11.0505	-4.38501	-0.326371	-11.0505	-4.38501	0
-10.087	-4.42782	-0.322927	-10.087	-4.42782	0
-9.02748	-4.40352	-0.332391	-9.02748	-4.40352	0
-7.99268	-4.39406	-0.327572	-7.99268	-4.39406	0
-7.00325	-4.47362	-0.324267	-7.00325	-4.47362	0
-5.94016	-4.42732	-0.351596	-5.94016	-4.42732	0
-4.89776	-4.4927	-0.307438	-4.89776	-4.4927	0
-3.86624	-4.54077	-0.31663	-3.86624	-4.54077	0
-2.81863	-4.49371	-0.304316	-2.81863	-4.49371	0
-1.78212	-4.53097	-0.317473	-1.78212	-4.53097	0
-0.757809	-3.38156	-0.310209	-0.757809	-3.38156	0
0.308402	-3.48078	-0.321838	0.308402	-3.48078	0
1.30314	-3.4879	-0.292965	1.30314	-3.4879	0
2.39693	-3.44731	-0.314476	2.39693	-3.44731	0
3.40351	-3.46966	-0.305494	3.40351	-3.46966	0
4.41015	-3.4898	-0.277926	4.41015	-3.4898	0
5.54568	-3.44601	-0.326894	5.54568	-3.44601	0
6.54324	-3.43085	-0.331623	6.54324	-3.43085	0
7.65353	-3.46697	-0.285284	7.65353	-3.46697	0
8.64959	-3.38234	-0.308544	8.64959	-3.38234	0
9.67631	-3.37713	-0.347391	9.67631	-3.37713	0
10.6628	-3.40167	-0.318979	10.6628	-3.40167	0
11.664	-3.40192	-0.31791	11.664	-3.40192	0
-11.087	-3.41002	-0.290877	-11.087	-3.41002	0
-10.0517	-3.38001	-0.326695	-10.0517	-3.38001	0
-9.01404	-3.4221	-0.310834	-9.01404	-3.4221	0
-7.97736	-3.4101	-0.33414	-7.97736	-3.4101	0
-6.98482	-3.45499	-0.316124	-6.98482	-3.45499	0
-5.95097	-3.42043	-0.322053	-5.95097	-3.42043	0
-4.91083	-3.45061	-0.329804	-4.91083	-3.45061	0
-3.84307	-3.48052	-0.343577	-3.84307	-3.48052	0
-2.83317	-3.50588	-0.32421	-2.83317	-3.50588	0
-1.77228	-3.48509	-0.296456	-1.77228	-3.48509	0
-0.786331	-2.38124	-0.292644	-0.786331	-2.38124	0
0.295442	-2.49666	-0.323774	0.295442	-2.49666	0
1.34106	-2.44535	-0.29732	1.34106	-2.44535	0
2.35281	-2.42307	-0.316853	2.35281	-2.42307	0
3.40321	-2.40345	-0.323	3.40321	-2.40345	0
4.38785	-2.40697	-0.316861	4.38785	-2.40697	0
5.40163	-2.39698	-0.262249	5.40163	-2.39698	0
6.48477	-2.37768	-0.311522	6.48477	-2.37768	0
7.543	-2.41428	-0.325697	7.543	-2.41428	0
8.62459	-2.41686	-0.310207	8.62459	-2.41686	0
9.65797	-2.37108	-0.334875	9.65797	-2.37108	0
10.6719	-2.31843	-0.322193	10.6719	-2.31843	0
11.6939	-2.34236	-0.329367	11.6939	-2.34236	0
-11.0642	-2.35682	-0.317988	-11.0642	-2.35682	0
-10.0406	-2.33216	-0.328035	-10.0406	-2.33216	0
-9.03991	-2.36677	-0.34047	-9.03991	-2.36677	0
-8.01355	-2.31506	-0.304973	-8.01355	-2.31506	0
-7.01627	-2.33694	-0.307566	-7.01627	-2.33694	0
-5.97042	-2.35561	-0.306442	-5.97042	-2.35561	0
-4.92438	-2.43058	-0.350863	-4.92438	-2.43058	0
-3.84858	-2.40264	-0.325141	-3.84858	-2.40264	0
-2.86904	-2.48933	-0.329596	-2.86904	-2.48933	0
-1.84342	-2.48517	-0.315658	-1.84342	-2.48517	0
-0.743427	-1.41788	-0.340185	-0.743427	-1.41788	0
0.246304	-1.37472	-0.326548	0.246304	-1.37472	0
1.30177	-1.42492	-0.329984	1.30177	-1.42492	0
2.33675	-1.39182	-0.333631	2.33675	-1.39182	0
3.40846	-1.40976	-0.331302	3.40846	-1.40976	0
4.41089	-1.34588	-0.324751	4.41089	-1.34588	0
5.4341	-1.41766	-0.26645	5.4341	-1.41766	0
6.48825	-1.39609	-0.316205	6.48825	-1.39609	0
7.53804	-1.36829	-0.313406	7.53804	-1.36829	0
8.48786	-1.35232	-0.301506	8.48786	-1.35232	0
9.56678	-1.33927	-0.289178	9.56678	-1.33927	0
10.6383	-1.29017	-0.290187	10.6383	-1.29017	0
11.6609	-1.24907	-0.296453	11.6609	-1.24907	0
-11.1028	-1.35851	-0.336922	-11.1028	-1.35851	0
-10.0487	-1.35683	-0.319573	-10.0487	-1.35683	0
-9.03322	-1.32322	-0.312659	-9.03322	-1.32322	0
-7.93989	-1.27253	-0.332769	-7.93989	-1.27253	0
-6.93437	-1.3412	-0.26764	-6.93437	-1.3412	0
-5.91568	-1.32575	-0.312226	-5.91568	-1.32575	0
-4.89519	-1.41239	-0.313661	-4.89519	-1.41239	0
-3.87797	-1.38019	-0.321776	-3.87797	-1.38019	0
-2.85981	-1.39547	-0.32566	-2.85981	-1.39547	0
-1.78602	-1.38114	-0.343586	-1.78602	-1.38114	0
-0.222899	0.158523	0.329556	-0.222899	0.158523	0
0.823498	0.149789	0.314538	0.823498	0.149789	0
1.88933	0.150256	0.33084	1.88933	0.150256	0
2.93286	0.1873	0.32586	2.93286	0.1873	0
3.95337	0.204462	0.318141	3.95337	0.204462	0
5.00021	0.145067	0.312753	5.00021	0.145067	0
5.98827	0.211026	0.314433	5.98827	0.211026	0
7.0146	0.166764	0.326708	7.0146	0.166764	0
8.02041	0.17841	0.309357	8.02041	0.17841	0
9.01205	0.220912	0.318027	9.01205	0.220912	0
10.0345	0.229728	0.309199	10.0345	0.229728	0
11.1771	0.264336	0.303703	11.1771	0.264336	0
-11.6005	0.247739	0.315567	-11.6005	0.247739	0
-10.5925	0.208777	0.291467	-10.5925	0.208777	0
-9.48441	0.180091	0.333364	-9.48441	0.180091	0
-8.50451	0.220299	0.301315	-8.50451	0.220299	0
-7.48762	0.227869	0.317043	-7.48762	0.227869	0
-6.38569	0.197365	0.316598	-6.38569	0.197365	0
-5.4064	0.168603	0.337737	-5.4064	0.168603	0
-4.3089	0.139568	0.332621	-4.3089	0.139568	0
-3.32112	0.190238	0.328371	-3.32112	0.190238	0
-2.30446	0.187379	0.317773	-2.30446	0.187379	0
-1.27727	0.159379	0.328843	-1.27727	0.159379	0
-0.191183	1.21055	0.335937	-0.191183	1.21055	0
0.841156	1.24175	0.347708	0.841156	1.24175	0
1.8651	1.1931	0.322135	1.8651	1.1931	0
2.90881	1.21725	0.314136	2.90881	1.21725	0
3.92258	1.20389	0.342944	3.92258	1.20389	0
5.04019	1.17301	0.336776	5.04019	1.17301	0
6.04907	1.19713	0.30458	6.04907	1.19713	0
7.04903	1.22463	0.315574	7.04903	1.22463	0
8.04845	1.23091	0.341211	8.04845	1.23091	0
9.03006	1.26724	0.324372	9.03006	1.26724	0
10.1626	1.28427	0.301953	10.1626	1.28427	0
11.1686	1.30206	0.31396	11.1686	1.30206	0
-11.5663	1.25122	0.317646	-11.5663	1.25122	0
-10.5368	1.19781	0.317125	-10.5368	1.19781	0
-9.53731	1.25948	0.302204	-9.53731	1.25948	0
-8.47391	1.28746	0.308098	-8.47391	1.28746	0
-7.42946	1.25	0.31055	-7.42946	1.25	0
-6.35565	1.22326	0.314193	-6.35565	1.22326	0
-5.30389	1.21181	0.316445	-5.30389	1.21181	0
-4.29749	1.23793	0.341376	-4.29749	1.23793	0
-3.22827	1.22596	0.239907	-3.22827	1.22596	0
-2.21302	1.16734	0.296381	-2.21302	1.16734	0
-1.21761	1.17647	0.312766	-1.21761	1.17647	0
-0.179092	2.29312	0.294919	-0.179092	2.29312	0
0.809626	2.29868	0.317697	0.809626	2.29868	0
1.8581	2.2387	0.29478	1.8581	2.2387	0
2.89866	2.23705	0.328488	2.89866	2.23705	0
3.9362	2.19852	0.313765	3.9362	2.19852	0
4.94554	2.2442	0.302836	4.94554	2.2442	0
6.03397	2.23817	0.312946	6.03397	2.23817	0
7.04715	2.20867	0.335462	7.04715	2.20867	0
8.09107	2.32142	0.324868	8.09107	2.32142	0
9.09029	2.2933	0.318196	9.09029	2.2933	0
10.1094	2.31767	0.330617	10.1094	2.31767	0
11.1062	2.32539	0.312603	11.1062	2.32539	0
-11.5962	2.26997	0.296119	-11.5962	2.26997	0
-10.5914	2.27218	0.31077	-10.5914	2.27218	0
-9.56543	2.33767	0.295341	-9.56543	2.33767	0
-8.5261	2.28681	0.308352	-8.5261	2.28681	0
-7.47301	2.24505	0.336493	-7.47301	2.24505	0
-6.42156	2.20852	0.316706	-6.42156	2.20852	0
-5.35768	2.24402	0.299707	-5.35768	2.24402	0
-4.36056	2.21601	0.310638	-4.36056	2.21601	0
-3.30756	2.22585	0.337192	-3.30756	2.22585	0
-2.21898	2.23458	0.31063	-2.21898	2.23458	0
-1.18373	2.24019	0.315124	-1.18373	2.24019	0
-0.233568	3.32115	0.297362	-0.233568	3.32115	0
0.81712	3.35285	0.317747	0.81712	3.35285	0
1.78455	3.28581	0.29249	1.78455	3.28581	0
2.88422	3.31793	0.332118	2.88422	3.31793	0
3.91551	3.23626	0.304761	3.91551	3.23626	0
4.99728	3.30223	0.298751	4.99728	3.30223	0
5.97509	3.24674	0.316412	5.97509	3.24674	0
7.07452	3.33165	0.33239	7.07452	3.33165	0
8.09001	3.30734	0.307609	8.09001	3.30734	0
9.12624	3.37729	0.335904	9.12624	3.37729	0
10.1073	3.3479	0.330087	10.1073	3.3479	0
11.1093	3.36225	0.321319	11.1093	3.36225	0
-11.6615	3.31344	0.348446	-11.6615	3.31344	0
-10.6485	3.34843	0.340904	-10.6485	3.34843	0
-9.6034	3.32751	0.342129	-9.6034	3.32751	0
-8.5001	3.32307	0.328833	-8.5001	3.32307	0
-7.46109	3.26646	0.301627	-7.46109	3.26646	0
-6.43052	3.24945	0.30476	-6.43052	3.24945	0
-5.35771	3.22189	0.289399	-5.35771	3.22189	0
-4.32992	3.22912	0.315945	-4.32992	3.22912	0
-3.29494	3.23306	0.341635	-3.29494	3.23306	0
-2.24017	3.26299	0.301911	-2.24017	3.26299	0
-1.18559	3.3365	0.325229	-1.18559	3.3365	0
-0.193527	4.33922	0.333924	-0.193527	4.33922	0
0.87018	4.37828	0.310345	0.87018	4.37828	0
1.81735	4.38942	0.342689	1.81735	4.38942	0
2.90616	4.33647	0.306752	2.90616	4.33647	0
3.93404	4.31168	0.311943	3.93404	4.31168	0
4.9345	4.34449	0.305811	4.9345	4.34449	0
6.05311	4.30282	0.328195	6.05311	4.30282	0
7.05977	4.38955	0.277014	7.05977	4.38955	0
8.05191	4.27578	0.314194	8.05191	4.27578	0
9.08653	4.38091	0.345112	9.08653	4.38091	0
10.0802	4.37549	0.307877	10.0802	4.37549	0
11.1518	4.40851	0.314781	11.1518	4.40851	0
-11.6154	4.33269	0.330181	-11.6154	4.33269	0
-10.5652	4.34856	0.342719	-10.5652	4.34856	0
-9.54339	4.33048	0.328043	-9.54339	4.33048	0
-8.51707	4.36325	0.331403	-8.51707	4.36325	0
-7.51877	4.308	0.322922	-7.51877	4.308	0
-6.46819	4.32759	0.319785	-6.46819	4.32759	0
-5.34814	4.24618	0.31952	-5.34814	4.24618	0
-4.32339	4.30409	0.335125	-4.32339	4.30409	0
-3.28506	4.25786	0.290023	-3.28506	4.25786	0
-2.27748	4.29572	0.33942	-2.27748	4.29572	0
-1.1738	4.35561	0.310808	-1.1738	4.35561	0
-0.182003	5.37932	0.326905	-0.182003	5.37932	0
0.852213	5.39585	0.308226	0.852213	5.39585	0
1.87168	5.3921	0.329997	1.87168	5.3921	0
2.92435	5.38344	0.322795	2.92435	5.38344	0
4.00432	5.41199	0.343557	4.00432	5.41199	0
5.02768	5.39809	0.335612	5.02768	5.39809	0
6.03559	5.39605	0.32515	6.03559	5.39605	0
7.06971	5.37569	0.297721	7.06971	5.37569	0
8.09555	5.37952	0.299764	8.09555	5.37952	0
9.13669	5.41078	0.291746	9.13669	5.41078	0
10.1075	5.39674	0.281225	10.1075	5.39674	0
11.1382	5.38527	0.335051	11.1382	5.38527	0
-11.6351	5.42288	0.313966	-11.6351	5.42288	0
-10.5762	5.36868	0.288599	-10.5762	5.36868	0
-9.54598	5.38446	0.327879	-9.54598	5.38446	0
-8.55034	5.3868	0.32524	-8.55034	5.3868	0
-7.47312	5.35496	0.304686	-7.47312	5.35496	0
-6.41285	5.36324	0.330686	-6.41285	5.36324	0
-5.42322	5.33888	0.328888	-5.42322	5.33888	0
-4.37477	5.31512	0.327415	-4.37477	5.31512	0
-3.32486	5.29834	0.335745	-3.32486	5.29834	0
-2.26312	5.32389	0.312719	-2.26312	5.32389	0
-1.23079	5.40735	0.288862	-1.23079	5.40735	0
-0.124119	6.45141	0.310049	-0.124119	6.45141	0
0.873425	6.459	0.327267	0.873425	6.459	0
1.91542	6.37588	0.320597	1.91542	6.37588	0
2.99072	6.44861	0.309163	2.99072	6.44861	0
4.01288	6.40258	0.319222	4.01288	6.40258	0
5.0123	6.44297	0.319923	5.0123	6.44297	0
6.05545	6.49163	0.319045	6.05545	6.49163	0
7.08555	6.40977	0.341555	7.08555	6.40977	0
8.03348	6.39578	0.331215	8.03348	6.39578	0
9.10929	6.46006	0.306025	9.10929	6.46006	0
10.1751	6.3872	0.323572	10.1751	6.3872	0
11.2235	6.44962	0.330379	11.2235	6.44962	0
-11.5416	6.4522	0.349537	-11.5416	6.4522	0
-10.5525	6.42688	0.324978	-10.5525	6.42688	0
-9.52705	6.42729	0.329475	-9.52705	6.42729	0
-8.46323	6.42106	0.321448	-8.46323	6.42106	0
-7.39363	6.3822	0.315002	-7.39363	6.3822	0
-6.39538	6.40123	0.30377	-6.39538	6.40123	0
-5.41493	6.35975	0.30465	-5.41493	6.35975	0
-4.36591	6.32782	0.310885	-4.36591	6.32782	0
-3.30915	6.38166	0.295556	-3.30915	6.38166	0
-2.27457	6.42006	0.34056	-2.27457	6.42006	0
-1.23407	6.40383	0.338578	-1.23407	6.40383	0
-0.156657	7.43551	0.303879	-0.156657	7.43551	0
0.925693	7.46912	0.291156	0.925693	7.46912	0
1.93829	7.46048	0.306208	1.93829	7.46048	0
2.94124	7.44988	0.322543	2.94124	7.44988	0
3.97816	7.47947	0.302625	3.97816	7.47947	0
5.04274	7.40615	0.316794	5.04274	7.40615	0
6.07528	7.50627	0.300031	6.07528	7.50627	0
7.10525	7.45799	0.310932	7.10525	7.45799	0
8.15301	7.42625	0.299642	8.15301	7.42625	0
9.1367	7.48277	0.279231	9.1367	7.48277	0
10.1603	7.43383	0.309969	10.1603	7.43383	0
11.1926	7.4108	0.340332	11.1926	7.4108	0
-11.5046	7.43062	0.322424	-11.5046	7.43062	0
-10.5008	7.53565	0.315155	-10.5008	7.53565	0
-9.46552	7.41692	0.301842	-9.46552	7.41692	0
-8.40096	7.41909	0.339425	-8.40096	7.41909	0
-7.40784	7.38149	0.324635	-7.40784	7.38149	0
-6.3955	7.42599	0.328442	-6.3955	7.42599	0
-5.39151	7.34089	0.300389	-5.39151	7.34089	0
-4.32405	7.39458	0.33808	-4.32405	7.39458	0
-3.31214	7.34377	0.309805	-3.31214	7.34377	0
-2.255	7.39475	0.324284	-2.255	7.39475	0
-1.16596	7.45035	0.322063	-1.16596	7.45035	0
-0.126473	8.44283	0.326404	-0.126473	8.44283	0
0.886696	8.57655	0.327958	0.886696	8.57655	0
1.94197	8.54215	0.321687	1.94197	8.54215	0
2.93754	8.47728	0.320898	2.93754	8.47728	0
3.95183	8.49363	0.289189	3.95183	8.49363	0
5.03739	8.48759	0.297467	5.03739	8.48759	0
6.03196	8.49355	0.308205	6.03196	8.49355	0
7.10989	8.4881	0.310923	7.10989	8.4881	0
8.12334	8.4793	0.322926	8.12334	8.4793	0
9.1451	8.45278	0.309713	9.1451	8.45278	0
10.1859	8.53972	0.334522	10.1859	8.53972	0
11.2016	8.47529	0.301532	11.2016	8.47529	0
-11.5771	8.42206	0.326714	-11.5771	8.42206	0
-10.473	8.50915	0.307874	-10.473	8.50915	0
-9.41578	8.45387	0.335091	-9.41578	8.45387	0
-8.35685	8.40538	0.334497	-8.35685	8.40538	0
-7.35664	8.45404	0.311128	-7.35664	8.45404	0
-6.34211	8.45613	0.309815	-6.34211	8.45613	0
-5.32533	8.35553	0.331981	-5.32533	8.35553	0
-4.29288	8.3946	0.266238	-4.29288	8.3946	0
-3.28323	8.41782	0.324557	-3.28323	8.41782	0
-2.20008	8.41882	0.34262	-2.20008	8.41882	0
-1.15028	8.43971	0.335946	-1.15028	8.43971	0
-0.147675	9.49517	0.28606	-0.147675	9.49517	0
0.873029	9.57775	0.329325	0.873029	9.57775	0
1.91395	9.54184	0.329905	1.91395	9.54184	0
2.98058	9.44707	0.321413	2.98058	9.44707	0
4.03856	9.46731	0.31201	4.03856	9.46731	0
5.06252	9.581	0.319111	5.06252	9.581	0
6.0416	9.49192	0.308426	6.0416	9.49192	0
7.09177	9.55507	0.31952	7.09177	9.55507	0
8.10785	9.58905	0.305744	8.10785	9.58905	0
9.11691	9.5037	0.31678	9.11691	9.5037	0
10.1631	9.54448	0.314242	10.1631	9.54448	0
11.1964	9.51111	0.337003	11.1964	9.51111	0
-11.5534	9.48467	0.346	-11.5534	9.48467	0
-10.5431	9.5218	0.303618	-10.5431	9.5218	0
-9.41359	9.52016	0.319244	-9.41359	9.52016	0
-8.34987	9.44107	0.321313	-8.34987	9.44107	0
-7.36146	9.47577	0.308472	-7.36146	9.47577	0
-6.35488	9.48707	0.308314	-6.35488	9.48707	0
-5.36189	9.42956	0.314603	-5.36189	9.42956	0
-4.34656	9.41962	0.342134	-4.34656	9.41962	0
-3.21837	9.4203	0.344407	-3.21837	9.4203	0
-2.24552	9.4385	0.301294	-2.24552	9.4385	0
-1.20219	9.46587	0.293147	-1.20219	9.46587	0
-0.170389	10.5359	0.316084	-0.170389	10.5359	0
0.831671	10.5636	0.317507	0.831671	10.5636	0
1.90942	10.5495	0.321028	1.90942	10.5495	0
2.96566	10.5344	0.282502	2.96566	10.5344	0
3.98226	10.5247	0.30869	3.98226	10.5247	0
4.9805	10.5577	0.317291	4.9805	10.5577	0
6.03601	10.5131	0.355104	6.03601	10.5131	0
7.07209	10.6263	0.320003	7.07209	10.6263	0
8.17798	10.6082	0.291359	8.17798	10.6082	0
9.15528	10.5877	0.332433	9.15528	10.5877	0
10.1673	10.5637	0.318383	10.1673	10.5637	0
11.2643	10.5557	0.300968	11.2643	10.5557	0
-11.537	10.5708	0.34014	-11.537	10.5708	0
-10.5078	10.5955	0.3113	-10.5078	10.5955	0
-9.44116	10.5441	0.333413	-9.44116	10.5441	0
-8.38222	10.5596	0.303597	-8.38222	10.5596	0
-7.37715	10.5192	0.310815	-7.37715	10.5192	0
-6.31648	10.5212	0.305872	-6.31648	10.5212	0
-5.3171	10.4344	0.331806	-5.3171	10.4344	0
-4.25619	10.481	0.29376	-4.25619	10.481	0
-3.27458	10.5277	0.310642	-3.27458	10.5277	0
-2.1991	10.5057	0.328817	-2.1991	10.5057	0
-1.20289	10.5477	0.329103	-1.20289	10.5477	0
-0.125351	11.5138	0.354644	-0.125351	11.5138	0
0.91365	11.5383	0.318515	0.91365	11.5383	0
1.96057	11.6001	0.328069	1.96057	11.6001	0
2.97596	11.59	0.340355	2.97596	11.59	0
3.99597	11.5698	0.325483	3.99597	11.5698	0
5.07323	11.5507	0.316061	5.07323	11.5507	0
6.08915	11.5605	0.317146	6.08915	11.5605	0
7.03865	11.6093	0.299746	7.03865	11.6093	0
8.1209	11.6104	0.338564	8.1209	11.6104	0
9.17637	11.6573	0.328179	9.17637	11.6573	0
10.1537	11.6625	0.324288	10.1537	11.6625	0
11.2187	11.6179	0.317973	11.2187	11.6179	0
-11.55	11.5785	0.319811	-11.55	11.5785	0
-10.5097	11.5821	0.315784	-10.5097	11.5821	0
-9.49242	11.5845	0.322192	-9.49242	11.5845	0
-8.46029	11.6172	0.340021	-8.46029	11.6172	0
-7.41624	11.5943	0.313105	-7.41624	11.5943	0
-6.43862	11.5321	0.29812	-6.43862	11.5321	0
-5.30561	11.4811	0.307464	-5.30561	11.4811	0
-4.2586	11.4473	0.326372	-4.2586	11.4473	0
-3.21375	11.5475	0.349093	-3.21375	11.5475	0
-2.22444	11.518	0.328888	-2.22444	11.518	0
-1.16018	11.5857	0.301719	-1.16018	11.5857	0
-0.0954648	-11.2471	0.349165	-0.0954648	-11.2471	0
0.895881	-11.2282	0.329954	0.895881	-11.2282	0
1.87447	-11.1581	0.335502	1.87447	-11.1581	0
2.98152	-11.1597	0.307751	2.98152	-11.1597	0
4.0509	-11.2158	0.324211	4.0509	-11.2158	0
5.04082	-11.2095	0.315898	5.04082	-11.2095	0
6.11383	-11.1506	0.311155	6.11383	-11.1506	0
7.10499	-11.139	0.329665	7.10499	-11.139	0
8.15327	-11.1414	0.293503	8.15327	-11.1414	0
9.18265	-11.1053	0.298403	9.18265	-11.1053	0
10.1905	-11.1094	0.327157	10.1905	-11.1094	0
11.2594	-11.1557	0.314793	11.2594	-11.1557	0
-11.5558	-11.1219	0.337846	-11.5558	-11.1219	0
-10.5573	-11.1704	0.322347	-10.5573	-11.1704	0
-9.50582	-11.1634	0.277916	-9.50582	-11.1634	0
-8.442	-11.1681	0.337574	-8.442	-11.1681	0
-7.39488	-11.1351	0.322577	-7.39488	-11.1351	0
-6.35443	-11.1414	0.347448	-6.35443	-11.1414	0
-5.31318	-11.2293	0.309687	-5.31318	-11.2293	0
-4.28652	-11.2807	0.306498	-4.28652	-11.2807	0
-3.29128	-11.2275	0.330318	-3.29128	-11.2275	0
-2.23322	-11.2425	0.337945	-2.23322	-11.2425	0
-1.19332	-11.2184	0.319959	-1.19332	-11.2184	0
-0.152974	-10.2002	0.312918	-0.152974	-10.2002	0
0.814105	-10.1388	0.290399	0.814105	-10.1388	0
1.86005	-10.1027	0.317167	1.86005	-10.1027	0
2.94054	-10.155	0.316462	2.94054	-10.155	0
3.96372	-10.19	0.3106	3.96372	-10.19	0
5.01157	-10.1844	0.325047	5.01157	-10.1844	0
6.0678	-10.1357	0.324151	6.0678	-10.1357	0
7.077	-10.1591	0.302639	7.077	-10.1591	0
8.12257	-10.0952	0.336725	8.12257	-10.0952	0
9.15955	-10.0712	0.293445	9.15955	-10.0712	0
10.2582	-10.0699	0.324683	10.2582	-10.0699	0
11.2492	-10.0989	0.334841	11.2492	-10.0989	0
-11.5025	-10.0947	0.331946	-11.5025	-10.0947	0
-10.4735	-10.1176	0.310868	-10.4735	-10.1176	0
-9.42093	-10.1479	0.314452	-9.42093	-10.1479	0
-8.41087	-10.1598	0.318796	-8.41087	-10.1598	0
-7.3847	-10.1009	0.3443	-7.3847	-10.1009	0
-6.34669	-10.1292	0.308527	-6.34669	-10.1292	0
-5.30681	-10.191	0.332186	-5.30681	-10.191	0
-4.27217	-10.2508	0.284986	-4.27217	-10.2508	0
-3.27614	-10.1855	0.313652	-3.27614	-10.1855	0
-2.19387	-10.1453	0.310031	-2.19387	-10.1453	0
-1.16616	-10.1668	0.327914	-1.16616	-10.1668	0
-0.179623	-9.1395	0.299926	-0.179623	-9.1395	0
0.904404	-9.11541	0.324771	0.904404	-9.11541	0
1.96844	-9.09591	0.317329	1.96844	-9.09591	0
3.01395	-9.13327	0.301025	3.01395	-9.13327	0
4.04594	-9.14543	0.305032	4.04594	-9.14543	0
5.06407	-9.09206	0.315046	5.06407	-9.09206	0
6.04215	-9.08827	0.321178	6.04215	-9.08827	0
7.0711	-9.03518	0.322016	7.0711	-9.03518	0
8.14289	-8.98534	0.328384	8.14289	-8.98534	0
9.25491	-9.03317	0.318697	9.25491	-9.03317	0
10.3067	-9.08371	0.310275	10.3067	-9.08371	0
11.2987	-8.99859	0.327462	11.2987	-8.99859	0
-11.4567	-9.03487	0.367074	-11.4567	-9.03487	0
-10.3885	-9.05542	0.328303	-10.3885	-9.05542	0
-9.37923	-9.12281	0.319934	-9.37923	-9.12281	0
-8.42083	-9.07651	0.33735	-8.42083	-9.07651	0
-7.3835	-9.1069	0.295138	-7.3835	-9.1069	0
-6.34302	-9.15035	0.303603	-6.34302	-9.15035	0
-5.30894	-9.11382	0.343457	-5.30894	-9.11382	0
-4.26556	-9.10846	0.328217	-4.26556	-9.10846	0
-3.25279	-9.13979	0.289469	-3.25279	-9.13979	0
-2.232	-9.17613	0.298696	-2.232	-9.17613	0
-1.1484	-9.18829	0.324896	-1.1484	-9.18829	0
-0.178439	-8.10859	0.318031	-0.178439	-8.10859	0
0.846734	-8.14518	0.339371	0.846734	-8.14518	0
1.90969	-8.10195	0.303577	1.90969	-8.10195	0
2.9401	-8.08429	0.343752	2.9401	-8.08429	0
3.98503	-8.14858	0.317225	3.98503	-8.14858	0
5.06939	-8.08688	0.285974	5.06939	-8.08688	0
6.07053	-8.05194	0.321441	6.07053	-8.05194	0
7.12436	-8.05275	0.32175	7.12436	-8.05275	0
8.13755	-8.0413	0.305592	8.13755	-8.0413	0
9.21256	-8.03438	0.305721	9.21256	-8.03438	0
10.2465	-8.03947	0.301376	10.2465	-8.03947	0
11.2758	-7.95785	0.317851	11.2758	-7.95785	0
-11.4187	-7.98397	0.309353	-11.4187	-7.98397	0
-10.4113	-8.00496	0.326237	-10.4113	-8.00496	0
-9.37	-8.03763	0.3114	-9.37	-8.03763	0
-8.44297	-8.06402	0.309926	-8.44297	-8.06402	0
-7.35395	-8.07817	0.324205	-7.35395	-8.07817	0
-6.38562	-8.06225	0.308823	-6.38562	-8.06225	0
-5.34838	-8.05638	0.297243	-5.34838	-8.05638	0
-4.32806	-8.06601	0.313803	-4.32806	-8.06601	0
-3.33041	-8.12334	0.309217	-3.33041	-8.12334	0
-2.28632	-8.12902	0.304683	-2.28632	-8.12902	0
-1.27714	-8.16733	0.325915	-1.27714	-8.16733	0
-0.213192	-7.09934	0.304864	-0.213192	-7.09934	0
0.846813	-7.13829	0.33551	0.846813	-7.13829	0
1.88721	-7.11586	0.297634	1.88721	-7.11586	0
2.91118	-7.08312	0.327599	2.91118	-7.08312	0
3.95237	-7.07549	0.282713	3.95237	-7.07549	0
4.98382	-7.06353	0.303316	4.98382	-7.06353	0
6.05265	-7.05732	0.322663	6.05265	-7.05732	0
7.09324	-7.03002	0.304513	7.09324	-7.03002	0
8.11705	-7.00073	0.319708	8.11705	-7.00073	0
9.13449	-6.99273	0.306604	9.13449	-6.99273	0
10.2085	-7.03135	0.321556	10.2085	-7.03135	0
11.2061	-6.99118	0.317906	11.2061	-6.99118	0
-11.544	-7.00587	0.311698	-11.544	-7.00587	0
-10.4533	-6.95217	0.312187	-10.4533	-6.95217	0
-9.45248	-7.04361	0.30963	-9.45248	-7.04361	0
-8.39705	-7.0396	0.303647	-8.39705	-7.0396	0
-7.39039	-7.02385	0.302029	-7.39039	-7.02385	0
-6.31441	-7.00746	0.289194	-6.31441	-7.00746	0
-5.33754	-7.06887	0.307181	-5.33754	-7.06887	0
-4.32584	-7.01617	0.304802	-4.32584	-7.01617	0
-3.30101	-7.04318	0.308258	-3.30101	-7.04318	0
-2.32119	-7.09681	0.320449	-2.32119	-7.09681	0
-1.26728	-7.10233	0.336921	-1.26728	-7.10233	0
-0.225923	-6.02266	0.311801	-0.225923	-6.02266	0
0.807729	-6.07456	0.316326	0.807729	-6.07456	0
1.82916	-6.08144	0.30322	1.82916	-6.08144	0
2.94639	-6.05181	0.325165	2.94639	-6.05181	0
3.99922	-6.06809	0.306804	3.99922	-6.06809	0
5.00109	-6.07063	0.327309	5.00109	-6.07063	0
6.01329	-6.01648	0.319054	6.01329	-6.01648	0
7.03291	-5.99976	0.31927	7.03291	-5.99976	0
8.0846	-5.95439	0.342278	8.0846	-5.95439	0
9.1206	-5.98976	0.323862	9.1206	-5.98976	0
10.1699	-5.93837	0.3304	10.1699	-5.93837	0
11.1894	-5.90616	0.32543	11.1894	-5.90616	0
-11.5351	-5.92298	0.327775	-11.5351	-5.92298	0
-10.4926	-5.94336	0.32801	-10.4926	-5.94336	0
-9.48306	-5.94903	0.330883	-9.48306	-5.94903	0
-8.48413	-5.95613	0.335557	-8.48413	-5.95613	0
-7.4508	-6.00624	0.322759	-7.4508	-6.00624	0
-6.3715	-5.99279	0.304735	-6.3715	-5.99279	0
-5.37929	-5.99918	0.323594	-5.37929	-5.99918	0
-4.34411	-6.03026	0.340187	-4.34411	-6.03026	0
-3.30956	-6.0486	0.328968	-3.30956	-6.0486	0
-2.28742	-6.03223	0.299615	-2.28742	-6.03223	0
-1.23371	-6.07031	0.313868	-1.23371	-6.07031	0
-0.224958	-4.99734	0.320185	-0.224958	-4.99734	0
0.777283	-4.97785	0.304307	0.777283	-4.97785	0
1.88289	-5.02178	0.292801	1.88289	-5.02178	0
2.88442	-5.04805	0.324623	2.88442	-5.04805	0
3.95568	-5.03531	0.325032	3.95568	-5.03531	0
5.00192	-4.95568	0.29968	5.00192	-4.95568	0
5.98347	-4.98719	0.311046	5.98347	-4.98719	0
7.11114	-4.9491	0.320578	7.11114	-4.9491	0
8.15633	-4.97157	0.337206	8.15633	-4.97157	0
9.15676	-4.98756	0.322322	9.15676	-4.98756	0
10.1882	-4.9194	0.299056	10.1882	-4.9194	0
11.2186	-4.8786	0.306663	11.2186	-4.8786	0
-11.5733	-4.92188	0.316902	-11.5733	-4.92188	0
-10.5932	-4.92822	0.327217	-10.5932	-4.92822	0
-9.49664	-4.90447	0.317999	-9.49664	-4.90447	0
-8.48171	-4.88457	0.325833	-8.48171	-4.88457	0
-7.4448	-4.96564	0.318154	-7.4448	-4.96564	0
-6.4715	-4.98873	0.295781	-6.4715	-4.98873	0
-5.41168	-5.01208	0.308894	-5.41168	-5.01208	0
-4.35749	-5.00236	0.356498	-4.35749	-5.00236	0
-3.2912	-5.00331	0.327826	-3.2912	-5.00331	0
-2.28948	-5.02096	0.303846	-2.28948	-5.02096	0
-1.25119	-4.9955	0.339086	-1.25119	-4.9955	0
-0.218303	-3.98224	0.310162	-0.218303	-3.98224	0
0.77948	-4.00692	0.31357	0.77948	-4.00692	0
1.88581	-3.97299	0.321556	1.88581	-3.97299	0
2.9099	-3.97285	0.332939	2.9099	-3.97285	0
3.89028	-4.03815	0.298853	3.89028	-4.03815	0
5.06902	-3.99464	0.323089	5.06902	-3.99464	0
6.05045	-3.94223	0.32311	6.05045	-3.94223	0
7.08564	-3.9605	0.300714	7.08564	-3.9605	0
8.18152	-3.94385	0.301959	8.18152	-3.94385	0
9.17922	-3.88061	0.322776	9.17922	-3.88061	0
10.1527	-3.91614	0.326685	10.1527	-3.91614	0
11.1372	-3.89963	0.294977	11.1372	-3.89963	0
-11.6299	-3.91213	0.344944	-11.6299	-3.91213	0
-10.5806	-3.86983	0.327379	-10.5806	-3.86983	0
-9.53214	-3.96249	0.27379	-9.53214	-3.96249	0
-8.50491	-3.88313	0.324319	-8.50491	-3.88313	0
-7.48559	-3.93612	0.335554	-7.48559	-3.93612	0
-6.47134	-3.96447	0.31453	-6.47134	-3.96447	0
-5.45099	-3.97852	0.310592	-5.45099	-3.97852	0
-4.38941	-3.96148	0.290966	-4.38941	-3.96148	0
-3.36175	-4.03557	0.313857	-3.36175	-4.03557	0
-2.32536	-4.02096	0.316864	-2.32536	-4.02096	0
-1.25206	-3.99915	0.317571	-1.25206	-3.99915	0
-0.240226	-2.93516	0.304185	-0.240226	-2.93516	0
0.825575	-2.94316	0.328427	0.825575	-2.94316	0
1.87413	-2.97981	0.299918	1.87413	-2.97981	0
2.8318	-2.94683	0.321844	2.8318	-2.94683	0
3.9011	-2.98921	0.305781	3.9011	-2.98921	0
4.94694	-2.99677	0.305785	4.94694	-2.99677	0
6.04235	-2.91776	0.315724	6.04235	-2.91776	0
7.08225	-2.95328	0.312148	7.08225	-2.95328	0
8.07305	-2.89183	0.333204	8.07305	-2.89183	0
9.12748	-2.90497	0.327893	9.12748	-2.90497	0
10.18	-2.88168	0.315865	10.18	-2.88168	0
11.1539	-2.84618	0.311197	11.1539	-2.84618	0
-11.6038	-2.85203	0.305869	-11.6038	-2.85203	0
-10.5845	-2.86707	0.325502	-10.5845	-2.86707	0
-9.52149	-2.92529	0.329297	-9.52149	-2.92529	0
-8.53212	-2.83005	0.304632	-8.53212	-2.83005	0
-7.5124	-2.90454	0.329582	-7.5124	-2.90454	0
-6.44862	-2.93107	0.311177	-6.44862	-2.93107	0
-5.44937	-2.91582	0.31815	-5.44937	-2.91582	0
-4.44427	-2.97004	0.303369	-4.44427	-2.97004	0
-3.40168	-3.0105	0.313105	-3.40168	-3.0105	0
-2.37207	-2.98159	0.328862	-2.37207	-2.98159	0
-1.29067	-2.94433	0.313865	-1.29067	-2.94433	0
-0.205668	-1.93095	0.306462	-0.205668	-1.93095	0
0.785689	-1.95112	0.316399	0.785689	-1.95112	0
1.82607	-1.90104	0.30321	1.82607	-1.90104	0
2.84012	-1.92028	0.330786	2.84012	-1.92028	0
3.87166	-1.97419	0.337511	3.87166	-1.97419	0
4.88917	-1.87654	0.348809	4.88917	-1.87654	0
5.98783	-1.91977	0.332875	5.98783	-1.91977	0
7.05388	-1.90209	0.335924	7.05388	-1.90209	0
8.03638	-1.90422	0.336917	8.03638	-1.90422	0
9.02137	-1.85149	0.305443	9.02137	-1.85149	0
10.096	-1.85844	0.329432	10.096	-1.85844	0
11.1832	-1.82235	0.324841	11.1832	-1.82235	0
-11.642	-1.83714	0.308027	-11.642	-1.83714	0
-10.5588	-1.89151	0.307992	-10.5588	-1.89151	0
-9.56103	-1.8711	0.32139	-9.56103	-1.8711	0
-8.51624	-1.80506	0.311728	-8.51624	-1.80506	0
-7.46818	-1.78876	0.323019	-7.46818	-1.78876	0
-6.45539	-1.88954	0.336057	-6.45539	-1.88954	0
-5.39886	-1.90818	0.318996	-5.39886	-1.90818	0
-4.36207	-1.94864	0.298806	-4.36207	-1.94864	0
-3.33175	-1.92748	0.329791	-3.33175	-1.92748	0
-2.35113	-1.88497	0.297289	-2.35113	-1.88497	0
-1.33312	-1.85285	0.291329	-1.33312	-1.85285	0
-0.198268	-0.846883	0.33814	-0.198268	-0.846883	0
0.793856	-0.858436	0.317405	0.793856	-0.858436	0
1.83197	-0.901671	0.289594	1.83197	-0.901671	0
2.87912	-0.894755	0.303486	2.87912	-0.894755	0
3.91012	-0.842849	0.315176	3.91012	-0.842849	0
4.90556	-0.846989	0.293699	4.90556	-0.846989	0
5.9423	-0.8774	0.306865	5.9423	-0.8774	0
6.96643	-0.853577	0.32997	6.96643	-0.853577	0
7.9893	-0.839478	0.326842	7.9893	-0.839478	0
9.07708	-0.808348	0.320827	9.07708	-0.808348	0
10.1456	-0.806288	0.309575	10.1456	-0.806288	0
11.1739	-0.750603	0.328977	11.1739	-0.750603	0
-11.5638	-0.780306	0.312486	-11.5638	-0.780306	0
-10.5569	-0.852169	0.291901	-10.5569	-0.852169	0
-9.5279	-0.842143	0.321849	-9.5279	-0.842143	0
-8.50072	-0.818852	0.316863	-8.50072	-0.818852	0
-7.471	-0.772083	0.324161	-7.471	-0.772083	0
-6.39529	-0.834714	0.332968	-6.39529	-0.834714	0
-5.3706	-0.834214	0.326401	-5.3706	-0.834214	0
-4.36679	-0.851413	0.308036	-4.36679	-0.851413	0
-3.32811	-0.930189	0.344513	-3.32811	-0.930189	0
-2.29196	-0.839191	0.317251	-2.29196	-0.839191	0
-1.20418	-0.89612	0.335038	-1.20418	-0.89612	0
