-0.782026	-0.10143	-0.30652	-0.782026	-0.10143	0
0.199827	-0.0939277	-0.323706	0.199827	-0.0939277	0
1.28504	-0.191766	-0.308126	1.28504	-0.191766	0
2.31289	-0.086687	-0.326447	2.31289	-0.086687	0
3.35927	-0.144907	-0.295753	3.35927	-0.144907	0
4.34428	-0.121559	-0.326857	4.34428	-0.121559	0
5.43252	-0.0923372	-0.319535	5.43252	-0.0923372	0
6.43264	-0.0754548	-0.314821	6.43264	-0.0754548	0
7.50668	-0.160505	-0.296021	7.50668	-0.160505	0
8.50008	-0.0520601	-0.320118	8.50008	-0.0520601	0
9.52225	-0.065936	-0.328519	9.52225	-0.065936	0
10.6316	-0.147194	-0.315097	10.6316	-0.147194	0
11.6395	-0.108498	-0.307072	11.6395	-0.108498	0
-11.1265	-0.104365	-0.316863	-11.1265	-0.104365	0
-10.1444	-0.169657	-0.287015	-10.1444	-0.169657	0
-9.09179	-0.142551	-0.30864	-9.09179	-0.142551	0
-8.05476	-0.165166	-0.328848	-8.05476	-0.165166	0
-6.99754	-0.169406	-0.321305	-6.99754	-0.169406	0
-5.98404	-0.199498	-0.310133	-5.98404	-0.199498	0
-4.94353	-0.113247	-0.289293	-4.94353	-0.113247	0
-3.95135	-0.225499	-0.325585	-3.95135	-0.225499	0
-2.88	-0.196151	-0.295835	-2.88	-0.196151	0
-1.84999	-0.126473	-0.34807	-1.84999	-0.126473	0
-0.855908	0.875782	-0.310441	-0.855908	0.875782	0
0.208339	0.891636	-0.320999	0.208339	0.891636	0
1.22842	0.937282	-0.339463	1.22842	0.937282	0
2.25327	0.970778	-0.303784	2.25327	0.970778	0
3.33624	0.913467	-0.299761	3.33624	0.913467	0
4.38209	0.935172	-0.314523	4.38209	0.935172	0
5.37413	0.945433	-0.342873	5.37413	0.945433	0
6.41218	0.89939	-0.321522	6.41218	0.89939	0
7.41656	0.911076	-0.302125	7.41656	0.911076	0
8.47015	0.920498	-0.331119	8.47015	0.920498	0
9.47496	0.967482	-0.354402	9.47496	0.967482	0
10.5569	0.929712	-0.339816	10.5569	0.929712	0
11.6417	0.94993	-0.309411	11.6417	0.94993	0
-11.1	0.853648	-0.327054	-11.1	0.853648	0
-10.0948	0.879598	-0.318092	-10.0948	0.879598	0
-9.10621	0.886644	-0.334717	-9.10621	0.886644	0
-8.01805	0.901335	-0.33682	-8.01805	0.901335	0
-7.01435	0.828261	-0.304927	-7.01435	0.828261	0
-6.01093	0.88844	-0.332195	-6.01093	0.88844	0
-4.91047	0.870018	-0.325805	-4.91047	0.870018	0
-3.89151	0.858949	-0.311676	-3.89151	0.858949	0
-2.89773	0.879046	-0.318991	-2.89773	0.879046	0
-1.84946	0.863671	-0.321995	-1.84946	0.863671	0
-0.824463	1.91654	-0.328844	-0.824463	1.91654	0
0.215429	1.89448	-0.312719	0.215429	1.89448	0
1.1938	1.96154	-0.314906	1.1938	1.96154	0
2.24965	1.94104	-0.340115	2.24965	1.94104	0
3.27901	1.97461	-0.352042	3.27901	1.97461	0
4.3592	1.92106	-0.304215	4.3592	1.92106	0
5.33166	1.95418	-0.332452	5.33166	1.95418	0
6.37198	1.92976	-0.317862	6.37198	1.92976	0
7.44838	1.97494	-0.344746	7.44838	1.97494	0
8.49579	1.92787	-0.307374	8.49579	1.92787	0
9.52555	1.98216	-0.293058	9.52555	1.98216	0
10.5835	1.8897	-0.324577	10.5835	1.8897	0
11.6647	1.87639	-0.328943	11.6647	1.87639	0
-11.1115	1.93433	-0.32884	-11.1115	1.93433	0
-10.0873	1.92468	-0.318833	-10.0873	1.92468	0
-9.08203	1.93511	-0.325234	-9.08203	1.93511	0
-8.04471	1.94135	-0.275867	-8.04471	1.94135	0
-7.0213	1.9143	-0.295992	-7.0213	1.9143	0
-6.01363	1.96433	-0.334732	-6.01363	1.96433	0
-4.97632	1.93123	-0.303747	-4.97632	1.93123	0
-3.90999	1.92517	-0.294026	-3.90999	1.92517	0
-2.8557	1.94476	-0.308738	-2.8557	1.94476	0
-1.81507	1.87021	-0.327785	-1.81507	1.87021	0
-0.856952	2.9248	-0.305235	-0.856952	2.9248	0
0.190329	2.96216	-0.327715	0.190329	2.96216	0
1.21881	2.988	-0.309898	1.21881	2.988	0
2.2507	2.97981	-0.327292	2.2507	2.97981	0
3.30119	2.96865	-0.309931	3.30119	2.96865	0
4.3456	3.00103	-0.299948	4.3456	3.00103	0
5.34124	2.94843	-0.345854	5.34124	2.94843	0
6.40539	2.89837	-0.319935	6.40539	2.89837	0
7.48767	2.98799	-0.342875	7.48767	2.98799	0
8.49439	2.99068	-0.302994	8.49439	2.99068	0
9.49049	2.97298	-0.296558	9.49049	2.97298	0
10.5227	2.91107	-0.318825	10.5227	2.91107	0
11.6363	2.9152	-0.314635	11.6363	2.9152	0
-11.1216	2.94697	-0.305756	-11.1216	2.94697	0
-10.0625	2.99359	-0.328934	-10.0625	2.99359	0
-9.05542	2.96739	-0.30424	-9.05542	2.96739	0
-8.07981	2.98536	-0.322869	-8.07981	2.98536	0
-6.94228	2.9572	-0.299049	-6.94228	2.9572	0
-5.97202	3.0075	-0.307129	-5.97202	3.0075	0
-4.87839	2.99521	-0.342375	-4.87839	2.99521	0
-3.92192	2.97243	-0.339277	-3.92192	2.97243	0
-2.91706	2.92227	-0.316291	-2.91706	2.92227	0
-1.89577	2.88778	-0.325536	-1.89577	2.88778	0
-0.886334	3.96651	-0.302433	-0.886334	3.96651	0
0.21078	3.98389	-0.323977	0.21078	3.98389	0
1.20884	3.97277	-0.325516	1.20884	3.97277	0
2.15445	4.01434	-0.317438	2.15445	4.01434	0
3.24113	3.9444	-0.307847	3.24113	3.9444	0
4.30097	4.00904	-0.312649	4.30097	4.00904	0
5.37405	3.99955	-0.336289	5.37405	3.99955	0
6.38261	4.03186	-0.33902	6.38261	4.03186	0
7.48931	4.00678	-0.303569	7.48931	4.00678	0
8.53497	4.00075	-0.274396	8.53497	4.00075	0
9.60712	3.98174	-0.292005	9.60712	3.98174	0
10.6254	3.91655	-0.279806	10.6254	3.91655	0
11.6179	3.97982	-0.326532	11.6179	3.97982	0
-11.1143	3.9835	-0.330091	-11.1143	3.9835	0
-10.1069	3.98285	-0.289051	-10.1069	3.98285	0
-9.06324	4.05087	-0.326627	-9.06324	4.05087	0
-8.0455	4.01048	-0.340074	-8.0455	4.01048	0
-7.03075	3.95582	-0.326182	-7.03075	3.95582	0
-5.98363	4.03145	-0.310343	-5.98363	4.03145	0
-4.97538	4.02636	-0.329702	-4.97538	4.02636	0
-3.93353	3.98201	-0.326049	-3.93353	3.98201	0
-2.917	4.00759	-0.326311	-2.917	4.00759	0
-1.86986	3.98085	-0.340656	-1.86986	3.98085	0
-0.894273	5.0106	-0.321212	-0.894273	5.0106	0
0.182281	5.00749	-0.313776	0.182281	5.00749	0
1.23411	5.05826	-0.352389	1.23411	5.05826	0
2.21801	5.03541	-0.321658	2.21801	5.03541	0
3.26589	5.04161	-0.301576	3.26589	5.04161	0
4.3031	5.07805	-0.326787	4.3031	5.07805	0
5.33633	5.08422	-0.310985	5.33633	5.08422	0
6.35757	5.03508	-0.300403	6.35757	5.03508	0
7.43617	5.05583	-0.287493	7.43617	5.05583	0
8.50635	5.05471	-0.329692	8.50635	5.05471	0
9.50523	5.03169	-0.319435	9.50523	5.03169	0
10.5605	4.99099	-0.298937	10.5605	4.99099	0
11.5734	4.94104	-0.310537	11.5734	4.94104	0
-11.2524	4.99803	-0.315316	-11.2524	4.99803	0
-10.1435	4.99083	-0.307621	-10.1435	4.99083	0
-9.11012	5.01913	-0.302651	-9.11012	5.01913	0
-8.06968	5.04999	-0.317228	-8.06968	5.04999	0
-7.05445	5.05188	-0.341022	-7.05445	5.05188	0
-5.96955	5.01982	-0.281944	-5.96955	5.01982	0
-4.95692	5.12168	-0.325891	-4.95692	5.12168	0
-3.88972	5.06393	-0.35109	-3.88972	5.06393	0
-2.89903	5.0418	-0.326129	-2.89903	5.0418	0
-1.91386	5.04858	-0.324211	-1.91386	5.04858	0
-0.903623	6.00475	-0.337689	-0.903623	6.00475	0
0.147322	6.02384	-0.330911	0.147322	6.02384	0
1.17455	6.09534	-0.321296	1.17455	6.09534	0
2.22907	6.05126	-0.330612	2.22907	6.05126	0
3.25477	6.10272	-0.306867	3.25477	6.10272	0
4.27337	6.14282	-0.315495	4.27337	6.14282	0
5.36988	6.08257	-0.329955	5.36988	6.08257	0
6.37369	6.03666	-0.306883	6.37369	6.03666	0
7.37051	6.09265	-0.312924	7.37051	6.09265	0
8.41168	6.11575	-0.327937	8.41168	6.11575	0
9.44826	6.09481	-0.313355	9.44826	6.09481	0
10.5219	6.05533	-0.325615	10.5219	6.05533	0
11.5393	6.09803	-0.303358	11.5393	6.09803	0
-11.1937	6.03153	-0.330321	-11.1937	6.03153	0
-10.1443	6.04786	-0.322957	-10.1443	6.04786	0
-9.08715	6.06076	-0.347242	-9.08715	6.06076	0
-8.08153	6.06225	-0.310913	-8.08153	6.06225	0
-7.0898	6.06103	-0.324592	-7.0898	6.06103	0
-6.01961	6.03764	-0.32429	-6.01961	6.03764	0
-4.97817	6.10703	-0.285278	-4.97817	6.10703	0
-3.89282	6.11744	-0.318037	-3.89282	6.11744	0
-2.87636	6.03616	-0.316033	-2.87636	6.03616	0
-1.89697	6.02724	-0.318006	-1.89697	6.02724	0
-0.838447	7.01621	-0.330477	-0.838447	7.01621	0
0.181048	7.05508	-0.333576	0.181048	7.05508	0
1.22984	7.12339	-0.276314	1.22984	7.12339	0
2.20134	7.05196	-0.324431	2.20134	7.05196	0
3.2255	7.10338	-0.347596	3.2255	7.10338	0
4.34339	7.12938	-0.312984	4.34339	7.12938	0
5.34178	7.12998	-0.303309	5.34178	7.12998	0
6.35181	7.07709	-0.270163	6.35181	7.07709	0
7.36414	7.08299	-0.30363	7.36414	7.08299	0
8.42231	7.13024	-0.31645	8.42231	7.13024	0
9.47105	7.13406	-0.332569	9.47105	7.13406	0
10.4996	7.07779	-0.324154	10.4996	7.07779	0
11.5415	7.0711	-0.340842	11.5415	7.0711	0
-11.1546	7.12397	-0.327234	-11.1546	7.12397	0
-10.1391	7.06532	-0.302807	-10.1391	7.06532	0
-9.06448	7.07849	-0.30038	-9.06448	7.07849	0
-8.03829	7.12985	-0.314006	-8.03829	7.12985	0
-6.98531	7.08119	-0.31824	-6.98531	7.08119	0
-6.02755	7.1375	-0.327831	-6.02755	7.1375	0
-4.91877	7.11031	-0.303772	-4.91877	7.11031	0
-3.90845	7.1169	-0.312804	-3.90845	7.1169	0
-2.8353	7.1348	-0.315545	-2.8353	7.1348	0
-1.83273	7.0919	-0.304868	-1.83273	7.0919	0
-0.827776	8.10744	-0.326352	-0.827776	8.10744	0
0.187732	8.13832	-0.323395	0.187732	8.13832	0
1.24406	8.10458	-0.333027	1.24406	8.10458	0
2.24485	8.14374	-0.296083	2.24485	8.14374	0
3.22474	8.15289	-0.32725	3.22474	8.15289	0
4.30772	8.10099	-0.318922	4.30772	8.10099	0
5.33975	8.11568	-0.308682	5.33975	8.11568	0
6.38735	8.07568	-0.334704	6.38735	8.07568	0
7.42661	8.17361	-0.332726	7.42661	8.17361	0
8.42427	8.15823	-0.33217	8.42427	8.15823	0
9.44859	8.09665	-0.33907	9.44859	8.09665	0
10.5861	8.10317	-0.312236	10.5861	8.10317	0
11.613	8.07643	-0.304955	11.613	8.07643	0
-11.1635	8.12454	-0.280844	-11.1635	8.12454	0
-10.1882	8.11615	-0.303958	-10.1882	8.11615	0
-9.20221	8.13912	-0.352014	-9.20221	8.13912	0
-8.05261	8.13392	-0.317036	-8.05261	8.13392	0
-7.04627	8.18277	-0.328219	-7.04627	8.18277	0
-6.06957	8.11381	-0.310342	-6.06957	8.11381	0
-5.00981	8.13145	-0.340587	-5.00981	8.13145	0
-3.92601	8.11323	-0.320238	-3.92601	8.11323	0
-2.88677	8.14794	-0.319214	-2.88677	8.14794	0
-1.82421	8.1676	-0.320782	-1.82421	8.1676	0
-0.835807	9.16271	-0.310877	-0.835807	9.16271	0
0.217483	9.14861	-0.318331	0.217483	9.14861	0
1.29655	9.14243	-0.328741	1.29655	9.14243	0
2.28206	9.14201	-0.282192	2.28206	9.14201	0
3.30117	9.16462	-0.288053	3.30117	9.16462	0
4.35864	9.13347	-0.298222	4.35864	9.13347	0
5.39161	9.10531	-0.319525	5.39161	9.10531	0
6.42689	9.11854	-0.34468	6.42689	9.11854	0
7.44343	9.16681	-0.31101	7.44343	9.16681	0
8.45831	9.21482	-0.349872	8.45831	9.21482	0
9.51889	9.1223	-0.327164	9.51889	9.1223	0
10.4791	9.16248	-0.273715	10.4791	9.16248	0
11.5383	9.12036	-0.363386	11.5383	9.12036	0
-11.2313	9.16746	-0.308242	-11.2313	9.16746	0
-10.1914	9.15811	-0.301513	-10.1914	9.15811	0
-9.11463	9.1717	-0.308721	-9.11463	9.1717	0
-8.08829	9.1525	-0.301403	-8.08829	9.1525	0
-7.0145	9.14867	-0.300882	-7.0145	9.14867	0
-5.98243	9.14878	-0.340888	-5.98243	9.14878	0
-4.94314	9.17268	-0.329013	-4.94314	9.17268	0
-3.93624	9.14222	-0.316785	-3.93624	9.14222	0
-2.91561	9.13716	-0.323602	-2.91561	9.13716	0
-1.85053	9.15304	-0.319387	-1.85053	9.15304	0
-0.755653	10.1642	-0.288942	-0.755653	10.1642	0
0.222829	10.186	-0.320129	0.222829	10.186	0
1.27441	10.1971	-0.326695	1.27441	10.1971	0
2.28415	10.1994	-0.308546	2.28415	10.1994	0
3.3101	10.1695	-0.310334	3.3101	10.1695	0
4.35924	10.1332	-0.330071	4.35924	10.1332	0
5.38042	10.195	-0.295605	5.38042	10.195	0
6.39977	10.155	-0.32456	6.39977	10.155	0
7.42204	10.1592	-0.289703	7.42204	10.1592	0
8.45418	10.2886	-0.294444	8.45418	10.2886	0
9.48906	10.2643	-0.329771	9.48906	10.2643	0
10.572	10.2096	-0.317207	10.572	10.2096	0
11.5761	10.1946	-0.317344	11.5761	10.1946	0
-11.1864	10.2098	-0.339079	-11.1864	10.2098	0
-10.0742	10.2128	-0.301971	-10.0742	10.2128	0
-9.05219	10.206	-0.329904	-9.05219	10.206	0
-8.05184	10.117	-0.350098	-8.05184	10.117	0
-7.01877	10.1659	-0.314238	-7.01877	10.1659	0
-5.95738	10.1612	-0.335075	-5.95738	10.1612	0
-4.9285	10.1792	-0.279801	-4.9285	10.1792	0
-3.87255	10.1602	-0.319641	-3.87255	10.1602	0
-2.86305	10.1467	-0.345132	-2.86305	10.1467	0
-1.88431	10.1821	-0.33509	-1.88431	10.1821	0
-0.831364	11.2255	-0.308352	-0.831364	11.2255	0
0.218759	11.2119	-0.285503	0.218759	11.2119	0
1.28372	11.2389	-0.323876	1.28372	11.2389	0
2.29265	11.2449	-0.317967	2.29265	11.2449	0
3.35966	11.225	-0.321794	3.35966	11.225	0
4.38991	11.1943	-0.339311	4.38991	11.1943	0
5.36141	11.2491	-0.339563	5.36141	11.2491	0
6.39109	11.1853	-0.323073	6.39109	11.1853	0
7.4216	11.2285	-0.337732	7.4216	11.2285	0
8.45264	11.2679	-0.32455	8.45264	11.2679	0
9.53652	11.241	-0.315664	9.53652	11.241	0
10.5451	11.2525	-0.325086	10.5451	11.2525	0
11.6033	11.289	-0.330677	11.6033	11.289	0
-11.1345	11.3109	-0.289171	-11.1345	11.3109	0
-10.1425	11.2265	-0.289989	-10.1425	11.2265	0
-9.11567	11.2338	-0.295532	-9.11567	11.2338	0
-8.07766	11.1626	-0.330264	-8.07766	11.1626	0
-7.12599	11.1375	-0.323174	-7.12599	11.1375	0
-6.03305	11.1681	-0.297511	-6.03305	11.1681	0
-4.93429	11.2042	-0.328126	-4.93429	11.2042	0
-3.90528	11.1749	-0.312713	-3.90528	11.1749	0
-2.91087	11.2228	-0.328292	-2.91087	11.2228	0
-1.87475	11.2115	-0.319489	-1.87475	11.2115	0
-0.869591	-11.4752	-0.348262	-0.869591	-11.4752	0
0.162761	-11.5322	-0.316304	0.162761	-11.5322	0
1.22533	-11.5399	-0.314419	1.22533	-11.5399	0
2.2865	-11.5093	-0.319983	2.2865	-11.5093	0
3.32158	-11.5593	-0.327451	3.32158	-11.5593	0
4.3293	-11.524	-0.287364	4.3293	-11.524	0
5.34967	-11.5239	-0.337353	5.34967	-11.5239	0
6.36336	-11.543	-0.29998	6.36336	-11.543	0
7.3919	-11.5288	-0.319952	7.3919	-11.5288	0
8.43129	-11.5077	-0.334772	8.43129	-11.5077	0
9.53374	-11.5057	-0.311092	9.53374	-11.5057	0
10.5219	-11.4598	-0.307894	10.5219	-11.4598	0
11.5712	-11.5364	-0.315108	11.5712	-11.5364	0
-11.1887	-11.4842	-0.333551	-11.1887	-11.4842	0
-10.1164	-11.5688	-0.33074	-10.1164	-11.5688	0
-9.12871	-11.5687	-0.331486	-9.12871	-11.5687	0
-8.05892	-11.6112	-0.333087	-8.05892	-11.6112	0
-7.05893	-11.6238	-0.31513	-7.05893	-11.6238	0
-5.97332	-11.5792	-0.310975	-5.97332	-11.5792	0
-4.92117	-11.5783	-0.313213	-4.92117	-11.5783	0
-3.9315	-11.5046	-0.33403	-3.9315	-11.5046	0
-2.92591	-11.5041	-0.341743	-2.92591	-11.5041	0
-1.88995	-11.518	-0.332226	-1.88995	-11.518	0
-0.891281	-10.4563	-0.317607	-0.891281	-10.4563	0
0.143793	-10.4881	-0.328218	0.143793	-10.4881	0
1.22431	-10.5091	-0.314444	1.22431	-10.5091	0
2.2378	-10.424	-0.299356	2.2378	-10.424	0
3.29488	-10.5043	-0.313196	3.29488	-10.5043	0
4.25576	-10.4476	-0.30256	4.25576	-10.4476	0
5.32967	-10.476	-0.319474	5.32967	-10.476	0
6.35456	-10.4614	-0.319137	6.35456	-10.4614	0
7.3964	-10.4691	-0.295828	7.3964	-10.4691	0
8.43267	-10.5	-0.324517	8.43267	-10.5	0
9.45824	-10.4428	-0.303944	9.45824	-10.4428	0
10.4928	-10.4524	-0.297575	10.4928	-10.4524	0
11.562	-10.5159	-0.300758	11.562	-10.5159	0
-11.2258	-10.5219	-0.324477	-11.2258	-10.5219	0
-10.1419	-10.5044	-0.330193	-10.1419	-10.5044	0
-9.10125	-10.524	-0.296337	-9.10125	-10.524	0
-8.10122	-10.5251	-0.304862	-8.10122	-10.5251	0
-7.08462	-10.5887	-0.331974	-7.08462	-10.5887	0
-6.0188	-10.5584	-0.322236	-6.0188	-10.5584	0
-4.97178	-10.4731	-0.320439	-4.97178	-10.4731	0
-3.95747	-10.4843	-0.256866	-3.95747	-10.4843	0
-2.97476	-10.5199	-0.337181	-2.97476	-10.5199	0
-1.96379	-10.5083	-0.330331	-1.96379	-10.5083	0
-0.842322	-9.42451	-0.310839	-0.842322	-9.42451	0
0.188941	-9.44723	-0.322433	0.188941	-9.44723	0
1.17877	-9.48816	-0.314874	1.17877	-9.48816	0
2.26135	-9.44059	-0.341665	2.26135	-9.44059	0
3.23148	-9.43755	-0.341189	3.23148	-9.43755	0
4.29918	-9.46086	-0.30705	4.29918	-9.46086	0
5.31376	-9.42283	-0.318913	5.31376	-9.42283	0
6.36494	-9.44395	-0.314502	6.36494	-9.44395	0
7.38426	-9.44694	-0.327496	7.38426	-9.44694	0
8.46281	-9.45399	-0.348665	8.46281	-9.45399	0
9.47995	-9.41084	-0.301289	9.47995	-9.41084	0
10.4632	-9.42873	-0.325157	10.4632	-9.42873	0
11.5507	-9.44289	-0.307571	11.5507	-9.44289	0
-11.1518	-9.4606	-0.342017	-11.1518	-9.4606	0
-10.1286	-9.52457	-0.312819	-10.1286	-9.52457	0
-9.1277	-9.46853	-0.333963	-9.1277	-9.46853	0
-8.1135	-9.51692	-0.30182	-8.1135	-9.51692	0
-7.06712	-9.49845	-0.314676	-7.06712	-9.49845	0
-6.04613	-9.47105	-0.302017	-6.04613	-9.47105	0
-5.03951	-9.44371	-0.331818	-5.03951	-9.44371	0
-3.96667	-9.47581	-0.297732	-3.96667	-9.47581	0
-2.9045	-9.44835	-0.295536	-2.9045	-9.44835	0
-1.90949	-9.47139	-0.306629	-1.90949	-9.47139	0
-0.889302	-8.41593	-0.31011	-0.889302	-8.41593	0
0.169771	-8.3853	-0.333868	0.169771	-8.3853	0
1.20628	-8.46882	-0.304427	1.20628	-8.46882	0
2.19816	-8.40765	-0.307735	2.19816	-8.40765	0
3.23429	-8.40648	-0.309654	3.23429	-8.40648	0
4.30035	-8.41964	-0.308639	4.30035	-8.41964	0
5.30935	-8.3755	-0.272804	5.30935	-8.3755	0
6.32281	-8.41652	-0.299891	6.32281	-8.41652	0
7.34892	-8.42504	-0.340149	7.34892	-8.42504	0
8.48442	-8.42431	-0.322319	8.48442	-8.42431	0
9.47367	-8.40701	-0.297121	9.47367	-8.40701	0
10.5301	-8.38152	-0.304842	10.5301	-8.38152	0
11.5765	-8.41218	-0.306764	11.5765	-8.41218	0
-11.2005	-8.47111	-0.32203	-11.2005	-8.47111	0
-10.1443	-8.44085	-0.343755	-10.1443	-8.44085	0
-9.17202	-8.44282	-0.312084	-9.17202	-8.44282	0
-8.13279	-8.45848	-0.278858	-8.13279	-8.45848	0
-7.09996	-8.47046	-0.334235	-7.09996	-8.47046	0
-6.05771	-8.46584	-0.321897	-6.05771	-8.46584	0
-5.01004	-8.45555	-0.319167	-5.01004	-8.45555	0
-4.01069	-8.50209	-0.310955	-4.01069	-8.50209	0
-2.9439	-8.43058	-0.293589	-2.9439	-8.43058	0
-1.89661	-8.44847	-0.301435	-1.89661	-8.44847	0
-0.843017	-7.43908	-0.329646	-0.843017	-7.43908	0
0.210444	-7.38333	-0.301199	0.210444	-7.38333	0
1.17011	-7.44319	-0.328134	1.17011	-7.44319	0
2.19749	-7.38975	-0.320505	2.19749	-7.38975	0
3.29778	-7.38256	-0.308504	3.29778	-7.38256	0
4.27239	-7.33478	-0.326519	4.27239	-7.33478	0
5.28256	-7.40618	-0.337252	5.28256	-7.40618	0
6.31494	-7.30069	-0.335028	6.31494	-7.30069	0
7.43116	-7.39244	-0.33624	7.43116	-7.39244	0
8.43663	-7.37228	-0.318463	8.43663	-7.37228	0
9.47763	-7.36747	-0.31783	9.47763	-7.36747	0
10.4967	-7.38597	-0.324177	10.4967	-7.38597	0
11.5303	-7.3577	-0.282061	11.5303	-7.3577	0
-11.1195	-7.36588	-0.340543	-11.1195	-7.36588	0
-10.12	-7.42675	-0.329956	-10.12	-7.42675	0
-9.10368	-7.40578	-0.314046	-9.10368	-7.40578	0
-8.10059	-7.44262	-0.307819	-8.10059	-7.44262	0
-7.07427	-7.39416	-0.315831	-7.07427	-7.39416	0
-6.04781	-7.47599	-0.32821	-6.04781	-7.47599	0
-5.00754	-7.41025	-0.327139	-5.00754	-7.41025	0
-3.9268	-7.46279	-0.293845	-3.9268	-7.46279	0
-2.93018	-7.42283	-0.32772	-2.93018	-7.42283	0
-1.89013	-7.39286	-0.309841	-1.89013	-7.39286	0
-0.796302	-6.36618	-0.327444	-0.796302	-6.36618	0
0.153005	-6.33925	-0.339765	0.153005	-6.33925	0
1.19703	-6.31608	-0.318925	1.19703	-6.31608	0
2.25912	-6.35777	-0.328293	2.25912	-6.35777	0
3.26851	-6.36532	-0.32257	3.26851	-6.36532	0
4.29733	-6.38062	-0.336557	4.29733	-6.38062	0
5.35076	-6.33452	-0.330305	5.35076	-6.33452	0
6.4124	-6.35279	-0.300869	6.4124	-6.35279	0
7.44124	-6.32435	-0.327764	7.44124	-6.32435	0
8.44577	-6.31703	-0.32035	8.44577	-6.31703	0
9.48697	-6.279	-0.322301	9.48697	-6.279	0
10.5207	-6.33153	-0.337855	10.5207	-6.33153	0
11.5769	-6.31761	-0.309186	11.5769	-6.31761	0
-11.1332	-6.32763	-0.335166	-11.1332	-6.32763	0
-10.1295	-6.36714	-0.345333	-10.1295	-6.36714	0
-9.12219	-6.39031	-0.308307	-9.12219	-6.39031	0
-8.07878	-6.31644	-0.302484	-8.07878	-6.31644	0
-7.04249	-6.37058	-0.315994	-7.04249	-6.37058	0
-6.05498	-6.34893	-0.312763	-6.05498	-6.34893	0
-4.9835	-6.37305	-0.336889	-4.9835	-6.37305	0
-4.01782	-6.41712	-0.308629	-4.01782	-6.41712	0
-2.90538	-6.39965	-0.307213	-2.90538	-6.39965	0
-1.88495	-6.35096	-0.307644	-1.88495	-6.35096	0
-0.84547	-5.31932	-0.300774	-0.84547	-5.31932	0
0.168559	-5.31425	-0.319172	0.168559	-5.31425	0
1.18421	-5.29892	-0.314165	1.18421	-5.29892	0
2.23385	-5.31223	-0.280861	2.23385	-5.31223	0
3.2875	-5.29272	-0.315283	3.2875	-5.29272	0
4.34302	-5.3291	-0.330043	4.34302	-5.3291	0
5.36782	-5.3356	-0.316717	5.36782	-5.3356	0
6.3186	-5.31593	-0.27911	6.3186	-5.31593	0
7.40518	-5.27431	-0.312117	7.40518	-5.27431	0
8.46238	-5.2366	-0.332762	8.46238	-5.2366	0
9.48581	-5.23982	-0.306136	9.48581	-5.23982	0
10.5161	-5.22984	-0.304596	10.5161	-5.22984	0
11.5808	-5.30139	-0.288429	11.5808	-5.30139	0
-11.1413	-5.29094	-0.352178	-11.1413	-5.29094	0
-10.1171	-5.35708	-0.321271	-10.1171	-5.35708	0
-9.06903	-5.32211	-0.330025	-9.06903	-5.32211	0
-8.03769	-5.25276	-0.310987	-8.03769	-5.25276	0
-7.01176	-5.29249	-0.317488	-7.01176	-5.29249	0
-5.99194	-5.30656	-0.334948	-5.99194	-5.30656	0
-4.94287	-5.34103	-0.351537	-4.94287	-5.34103	0
-3.93323	-5.34641	-0.274576	-3.93323	-5.34641	0
-2.933	-5.34114	-0.307684	-2.933	-5.34114	0
-1.94649	-5.32586	-0.305646	-1.94649	-5.32586	0
-0.829671	-4.27297	-0.330082	-0.829671	-4.27297	0
0.178257	-4.25873	-0.33402	0.178257	-4.25873	0
1.22788	-4.28598	-0.31124	1.22788	-4.28598	0
2.24638	-4.25228	-0.291031	2.24638	-4.25228	0
3.33209	-4.25882	-0.328311	3.33209	-4.25882	0
4.34762	-4.3163	-0.355479	4.34762	-4.3163	0
5.39836	-4.2863	-0.313213	5.39836	-4.2863	0
6.36104	-4.23852	-0.298008	6.36104	-4.23852	0
7.41843	-4.28452	-0.29752	7.41843	-4.28452	0
8.42196	-4.26117	-0.318308	8.42196	-4.26117	0
9.50156	-4.23471	-0.317258	9.50156	-4.23471	0
10.5316	-4.23261	-0.338173	10.5316	-4.23261	0
11.5748	-4.23871	-0.29851	11.5748	-4.23871	0
-11.1661	-4.28575	-0.320349	-11.1661	-4.28575	0
-10.1707	-4.32181	-0.285852	-10.1707	-4.32181	0
-9.09655	-4.28592	-0.314547	-9.09655	-4.28592	0
-8.00313	-4.27906	-0.326094	-8.00313	-4.27906	0
-7.00844	-4.28245	-0.311469	-7.00844	-4.28245	0
-5.93667	-4.25437	-0.332512	-5.93667	-4.25437	0
-4.94394	-4.26943	-0.320547	-4.94394	-4.26943	0
-3.93697	-4.33381	-0.322361	-3.93697	-4.33381	0
-2.90888	-4.2912	-0.335752	-2.90888	-4.2912	0
-1.91087	-4.28889	-0.291241	-1.91087	-4.28889	0
-0.851995	-3.2442	-0.30394	-0.851995	-3.2442	0
0.151285	-3.25665	-0.30493	0.151285	-3.25665	0
1.23872	-3.29597	-0.339612	1.23872	-3.29597	0
2.2539	-3.17354	-0.328633	2.2539	-3.17354	0
3.25457	-3.24542	-0.300148	3.25457	-3.24542	0
4.31426	-3.24635	-0.291521	4.31426	-3.24635	0
5.3039	-3.23436	-0.307326	5.3039	-3.23436	0
6.38231	-3.20288	-0.310291	6.38231	-3.20288	0
7.39957	-3.20709	-0.315168	7.39957	-3.20709	0
8.43068	-3.19622	-0.287694	8.43068	-3.19622	0
9.4894	-3.21552	-0.296124	9.4894	-3.21552	0
10.5471	-3.21097	-0.305307	10.5471	-3.21097	0
11.5646	-3.22535	-0.310831	11.5646	-3.22535	0
-11.1412	-3.22982	-0.311124	-11.1412	-3.22982	0
-10.1319	-3.26918	-0.311888	-10.1319	-3.26918	0
-9.12344	-3.2331	-0.306595	-9.12344	-3.2331	0
-8.0823	-3.23953	-0.278963	-8.0823	-3.23953	0
-7.0064	-3.30607	-0.303221	-7.0064	-3.30607	0
-5.94637	-3.26277	-0.307827	-5.94637	-3.26277	0
-4.93718	-3.25329	-0.323667	-4.93718	-3.25329	0
-3.9585	-3.30157	-0.293596	-3.9585	-3.30157	0
-2.95894	-3.31295	-0.305251	-2.95894	-3.31295	0
-1.87024	-3.28058	-0.328898	-1.87024	-3.28058	0
-0.868292	-2.23632	-0.320275	-0.868292	-2.23632	0
0.210847	-2.22086	-0.313101	0.210847	-2.22086	0
1.25388	-2.15608	-0.285687	1.25388	-2.15608	0
2.32784	-2.13132	-0.336109	2.32784	-2.13132	0
3.32673	-2.12625	-0.323174	3.32673	-2.12625	0
4.34139	-2.14625	-0.298388	4.34139	-2.14625	0
5.33125	-2.24684	-0.325181	5.33125	-2.24684	0
6.42406	-2.23248	-0.309581	6.42406	-2.23248	0
7.43332	-2.2337	-0.320142	7.43332	-2.2337	0
8.45491	-2.15813	-0.31842	8.45491	-2.15813	0
9.43629	-2.06783	-0.317621	9.43629	-2.06783	0
10.5524	-2.12541	-0.300537	10.5524	-2.12541	0
11.6322	-2.19138	-0.312855	11.6322	-2.19138	0
-11.1582	-2.17326	-0.296779	-11.1582	-2.17326	0
-10.1649	-2.23102	-0.330809	-10.1649	-2.23102	0
-9.18121	-2.226	-0.310707	-9.18121	-2.226	0
-8.06963	-2.21555	-0.341266	-8.06963	-2.21555	0
-7.05891	-2.28514	-0.325372	-7.05891	-2.28514	0
-5.95519	-2.26395	-0.307404	-5.95519	-2.26395	0
-4.95978	-2.22876	-0.306336	-4.95978	-2.22876	0
-3.87051	-2.2229	-0.32333	-3.87051	-2.2229	0
-2.85767	-2.25868	-0.28792	-2.85767	-2.25868	0
-1.87523	-2.26507	-0.310701	-1.87523	-2.26507	0
-0.821591	-1.17691	-0.348144	-0.821591	-1.17691	0
0.2612	-1.19954	-0.315696	0.2612	-1.19954	0
1.26935	-1.14096	-0.29859	1.26935	-1.14096	0
2.33817	-1.11011	-0.317169	2.33817	-1.11011	0
3.38126	-1.112	-0.312948	3.38126	-1.112	0
4.38233	-1.13632	-0.345431	4.38233	-1.13632	0
5.39832	-1.15846	-0.325379	5.39832	-1.15846	0
6.38329	-1.17988	-0.30435	6.38329	-1.17988	0
7.42366	-1.15863	-0.330863	7.42366	-1.15863	0
8.48755	-1.10362	-0.335251	8.48755	-1.10362	0
9.51703	-1.06008	-0.329022	9.51703	-1.06008	0
10.555	-1.07562	-0.341441	10.555	-1.07562	0
11.5594	-1.18455	-0.324554	11.5594	-1.18455	0
-11.1672	-1.2152	-0.328159	-11.1672	-1.2152	0
-10.1679	-1.2172	-0.326938	-10.1679	-1.2172	0
-9.07795	-1.25331	-0.331503	-9.07795	-1.25331	0
-8.06094	-1.20224	-0.320027	-8.06094	-1.20224	0
-6.99065	-1.18236	-0.318371	-6.99065	-1.18236	0
-6.01508	-1.22907	-0.320917	-6.01508	-1.22907	0
-4.982	-1.14037	-0.323895	-4.982	-1.14037	0
-3.91603	-1.24796	-0.329212	-3.91603	-1.24796	0
-2.89934	-1.20928	-0.308719	-2.89934	-1.20928	0
-1.84459	-1.164	-0.316928	-1.84459	-1.164	0
-0.290467	0.407471	0.320713	-0.290467	0.407471	0
0.727146	0.390628	0.327121	0.727146	0.390628	0
1.76333	0.380574	0.296698	1.76333	0.380574	0
2.81893	0.464676	0.308363	2.81893	0.464676	0
3.86617	0.405908	0.308673	3.86617	0.405908	0
4.89336	0.385356	0.324032	4.89336	0.385356	0
5.89696	0.39936	0.335278	5.89696	0.39936	0
6.93696	0.373342	0.323194	6.93696	0.373342	0
7.92565	0.399311	0.33131	7.92565	0.399311	0
8.9978	0.448978	0.318131	8.9978	0.448978	0
10.038	0.397133	0.291648	10.038	0.397133	0
11.0597	0.435787	0.312168	11.0597	0.435787	0
-11.6506	0.387681	0.29362	-11.6506	0.387681	0
-10.6136	0.406367	0.337435	-10.6136	0.406367	0
-9.57985	0.334249	0.330201	-9.57985	0.334249	0
-8.57828	0.403679	0.279316	-8.57828	0.403679	0
-7.57219	0.324754	0.331979	-7.57219	0.324754	0
-6.49306	0.363105	0.305056	-6.49306	0.363105	0
-5.48742	0.393565	0.326365	-5.48742	0.393565	0
-4.47186	0.376316	0.338611	-4.47186	0.376316	0
-3.38276	0.356007	0.302268	-3.38276	0.356007	0
-2.35247	0.342085	0.332187	-2.35247	0.342085	0
-1.34967	0.31952	0.325148	-1.34967	0.31952	0
-0.286639	1.39499	0.303202	-0.286639	1.39499	0
0.735754	1.42548	0.338246	0.735754	1.42548	0
1.71434	1.48559	0.301961	1.71434	1.48559	0
2.8377	1.48523	0.306593	2.8377	1.48523	0
3.88334	1.3954	0.297108	3.88334	1.3954	0
4.88693	1.40771	0.345982	4.88693	1.40771	0
5.8335	1.48757	0.328568	5.8335	1.48757	0
6.94135	1.44288	0.29464	6.94135	1.44288	0
7.97756	1.47712	0.285374	7.97756	1.47712	0
8.9925	1.43635	0.319289	8.9925	1.43635	0
10.0765	1.44577	0.303755	10.0765	1.44577	0
11.1379	1.42458	0.308996	11.1379	1.42458	0
-11.5784	1.36687	0.334427	-11.5784	1.36687	0
-10.6372	1.41713	0.310654	-10.6372	1.41713	0
-9.57685	1.40196	0.337245	-9.57685	1.40196	0
-8.56373	1.39712	0.279576	-8.56373	1.39712	0
-7.50199	1.39611	0.309741	-7.50199	1.39611	0
-6.47379	1.34937	0.314996	-6.47379	1.34937	0
-5.50558	1.39115	0.307007	-5.50558	1.39115	0
-4.44754	1.41041	0.332521	-4.44754	1.41041	0
-3.3482	1.41974	0.324141	-3.3482	1.41974	0
-2.34098	1.39635	0.308577	-2.34098	1.39635	0
-1.31685	1.3852	0.352531	-1.31685	1.3852	0
-0.260768	2.41911	0.310454	-0.260768	2.41911	0
0.697213	2.45055	0.306655	0.697213	2.45055	0
1.76004	2.44866	0.321841	1.76004	2.44866	0
2.80646	2.47958	0.257204	2.80646	2.47958	0
3.86398	2.42872	0.316842	3.86398	2.42872	0
4.81954	2.48159	0.318893	4.81954	2.48159	0
5.85075	2.47729	0.328079	5.85075	2.47729	0
6.92985	2.44622	0.320499	6.92985	2.44622	0
7.95457	2.4654	0.316471	7.95457	2.4654	0
9.0231	2.4516	0.334168	9.0231	2.4516	0
10.0772	2.40057	0.321841	10.0772	2.40057	0
11.0932	2.43353	0.303575	11.0932	2.43353	0
-11.6344	2.3963	0.348692	-11.6344	2.3963	0
-10.605	2.4573	0.332866	-10.605	2.4573	0
-9.59163	2.47536	0.327555	-9.59163	2.47536	0
-8.54632	2.46	0.3148	-8.54632	2.46	0
-7.51823	2.46197	0.294385	-7.51823	2.46197	0
-6.50673	2.46152	0.351484	-6.50673	2.46152	0
-5.49304	2.44558	0.309162	-5.49304	2.44558	0
-4.43249	2.47262	0.300166	-4.43249	2.47262	0
-3.39186	2.46216	0.333049	-3.39186	2.46216	0
-2.33447	2.37081	0.324805	-2.33447	2.37081	0
-1.336	2.43827	0.312519	-1.336	2.43827	0
-0.310375	3.46299	0.312513	-0.310375	3.46299	0
0.688249	3.45144	0.309239	0.688249	3.45144	0
1.69751	3.4783	0.328033	1.69751	3.4783	0
2.73846	3.53141	0.331657	2.73846	3.53141	0
3.80207	3.48273	0.32367	3.80207	3.48273	0
4.90471	3.50734	0.333839	4.90471	3.50734	0
5.89434	3.5233	0.307585	5.89434	3.5233	0
6.89108	3.46605	0.305711	6.89108	3.46605	0
7.9334	3.45604	0.323769	7.9334	3.45604	0
9.0374	3.51352	0.308986	9.0374	3.51352	0
10.0729	3.41872	0.324522	10.0729	3.41872	0
11.114	3.42409	0.315855	11.114	3.42409	0
-11.6601	3.44529	0.316035	-11.6601	3.44529	0
-10.6312	3.47654	0.329528	-10.6312	3.47654	0
-9.57362	3.49499	0.315493	-9.57362	3.49499	0
-8.57283	3.51541	0.346767	-8.57283	3.51541	0
-7.52962	3.43339	0.319938	-7.52962	3.43339	0
-6.49268	3.50139	0.335651	-6.49268	3.50139	0
-5.44322	3.50975	0.323057	-5.44322	3.50975	0
-4.39669	3.51429	0.307149	-4.39669	3.51429	0
-3.32777	3.43539	0.315799	-3.32777	3.43539	0
-2.4387	3.43331	0.307874	-2.4387	3.43331	0
-1.3844	3.44267	0.315468	-1.3844	3.44267	0
-0.394561	4.46933	0.328533	-0.394561	4.46933	0
0.72169	4.49981	0.339074	0.72169	4.49981	0
1.68149	4.56496	0.345757	1.68149	4.56496	0
2.79229	4.52866	0.303435	2.79229	4.52866	0
3.79071	4.54005	0.300434	3.79071	4.54005	0
4.84286	4.55968	0.302494	4.84286	4.55968	0
5.90307	4.54841	0.317253	5.90307	4.54841	0
6.94817	4.47837	0.282738	6.94817	4.47837	0
8.0104	4.55037	0.308835	8.0104	4.55037	0
9.00409	4.53227	0.308393	9.00409	4.53227	0
10.0447	4.50108	0.336963	10.0447	4.50108	0
11.1023	4.46024	0.337187	11.1023	4.46024	0
-11.7011	4.46703	0.34665	-11.7011	4.46703	0
-10.6119	4.51378	0.321448	-10.6119	4.51378	0
-9.59901	4.46845	0.326721	-9.59901	4.46845	0
-8.54572	4.53024	0.321648	-8.54572	4.53024	0
-7.54158	4.55572	0.297422	-7.54158	4.55572	0
-6.53192	4.50337	0.306131	-6.53192	4.50337	0
-5.39471	4.54247	0.304099	-5.39471	4.54247	0
-4.41607	4.54462	0.296625	-4.41607	4.54462	0
-3.3668	4.49457	0.315289	-3.3668	4.49457	0
-2.34649	4.48497	0.328023	-2.34649	4.48497	0
-1.42295	4.48656	0.302076	-1.42295	4.48656	0
-0.340101	5.49297	0.30868	-0.340101	5.49297	0
0.698701	5.49724	0.281583	0.698701	5.49724	0
1.69335	5.56603	0.307867	1.69335	5.56603	0
2.74418	5.57811	0.300204	2.74418	5.57811	0
3.81181	5.55114	0.318939	3.81181	5.55114	0
4.81661	5.59334	0.331833	4.81661	5.59334	0
5.87654	5.5513	0.336757	5.87654	5.5513	0
6.92543	5.537	0.339221	6.92543	5.537	0
7.95004	5.58089	0.292135	7.95004	5.58089	0
8.96113	5.55546	0.308576	8.96113	5.55546	0
10.005	5.53617	0.284731	10.005	5.53617	0
11.0606	5.53772	0.316232	11.0606	5.53772	0
-11.7655	5.51118	0.294298	-11.7655	5.51118	0
-10.6896	5.50568	0.299392	-10.6896	5.50568	0
-9.65069	5.51528	0.314943	-9.65069	5.51528	0
-8.59514	5.55804	0.345025	-8.59514	5.55804	0
-7.57783	5.56801	0.32034	-7.57783	5.56801	0
-6.51336	5.54913	0.332126	-6.51336	5.54913	0
-5.47411	5.61	0.318076	-5.47411	5.61	0
-4.38889	5.65043	0.346254	-4.38889	5.65043	0
-3.45526	5.49902	0.32938	-3.45526	5.49902	0
-2.40019	5.54019	0.340985	-2.40019	5.54019	0
-1.38791	5.51424	0.333784	-1.38791	5.51424	0
-0.39219	6.54928	0.325972	-0.39219	6.54928	0
0.642392	6.53719	0.309708	0.642392	6.53719	0
1.72407	6.57329	0.328483	1.72407	6.57329	0
2.73927	6.61024	0.319776	2.73927	6.61024	0
3.76871	6.66366	0.339847	3.76871	6.66366	0
4.86433	6.58649	0.298064	4.86433	6.58649	0
5.84841	6.57789	0.331594	5.84841	6.57789	0
6.85334	6.56019	0.337006	6.85334	6.56019	0
7.91455	6.62369	0.330132	7.91455	6.62369	0
9.00097	6.63039	0.31337	9.00097	6.63039	0
9.99902	6.52081	0.31007	9.99902	6.52081	0
11.0312	6.60429	0.302681	11.0312	6.60429	0
-11.7263	6.54822	0.332249	-11.7263	6.54822	0
-10.6905	6.56054	0.32485	-10.6905	6.56054	0
-9.59871	6.52217	0.294424	-9.59871	6.52217	0
-8.58528	6.557	0.312691	-8.58528	6.557	0
-7.49057	6.59386	0.318313	-7.49057	6.59386	0
-6.48957	6.55197	0.308206	-6.48957	6.55197	0
-5.52443	6.61863	0.298186	-5.52443	6.61863	0
-4.42985	6.6253	0.32084	-4.42985	6.6253	0
-3.35241	6.60222	0.337664	-3.35241	6.60222	0
-2.3178	6.58859	0.290136	-2.3178	6.58859	0
-1.37598	6.51414	0.322971	-1.37598	6.51414	0
-0.334198	7.56917	0.319962	-0.334198	7.56917	0
0.62498	7.5638	0.319968	0.62498	7.5638	0
1.76835	7.57071	0.324151	1.76835	7.57071	0
2.78153	7.56196	0.332645	2.78153	7.56196	0
3.78239	7.66954	0.305121	3.78239	7.66954	0
4.85623	7.59378	0.312019	4.85623	7.59378	0
5.86194	7.63196	0.302027	5.86194	7.63196	0
6.9003	7.60456	0.322634	6.9003	7.60456	0
7.943	7.64567	0.307894	7.943	7.64567	0
8.9297	7.64726	0.316164	8.9297	7.64726	0
10.0243	7.62711	0.296681	10.0243	7.62711	0
11.0623	7.59028	0.342391	11.0623	7.59028	0
-11.715	7.53999	0.33206	-11.715	7.53999	0
-10.5878	7.60478	0.341879	-10.5878	7.60478	0
-9.63071	7.56551	0.307632	-9.63071	7.56551	0
-8.58924	7.65229	0.318955	-8.58924	7.65229	0
-7.55002	7.64853	0.32766	-7.55002	7.64853	0
-6.53171	7.61233	0.330425	-6.53171	7.61233	0
-5.48913	7.60964	0.294351	-5.48913	7.60964	0
-4.46819	7.61891	0.327143	-4.46819	7.61891	0
-3.38092	7.60258	0.323932	-3.38092	7.60258	0
-2.35001	7.62693	0.32429	-2.35001	7.62693	0
-1.37323	7.55448	0.351616	-1.37323	7.55448	0
-0.314809	8.64613	0.309892	-0.314809	8.64613	0
0.724618	8.62589	0.319027	0.724618	8.62589	0
1.72372	8.63548	0.312462	1.72372	8.63548	0
2.75126	8.6262	0.326918	2.75126	8.6262	0
3.79329	8.64008	0.329801	3.79329	8.64008	0
4.86959	8.62449	0.339301	4.86959	8.62449	0
5.91516	8.62519	0.313471	5.91516	8.62519	0
6.93742	8.6724	0.314916	6.93742	8.6724	0
7.96607	8.66587	0.312441	7.96607	8.66587	0
8.93526	8.72522	0.343663	8.93526	8.72522	0
9.99003	8.63439	0.298291	9.99003	8.63439	0
10.9933	8.65658	0.327147	10.9933	8.65658	0
-11.7517	8.64561	0.309764	-11.7517	8.64561	0
-10.708	8.66905	0.308282	-10.708	8.66905	0
-9.66691	8.62529	0.298194	-9.66691	8.62529	0
-8.62744	8.61625	0.314524	-8.62744	8.61625	0
-7.6004	8.64867	0.330248	-7.6004	8.64867	0
-6.53525	8.6845	0.301447	-6.53525	8.6845	0
-5.47374	8.62205	0.285291	-5.47374	8.62205	0
-4.48537	8.63337	0.297278	-4.48537	8.63337	0
-3.40588	8.61497	0.321429	-3.40588	8.61497	0
-2.36489	8.60831	0.322461	-2.36489	8.60831	0
-1.31123	8.64811	0.31214	-1.31123	8.64811	0
-0.258507	9.67304	0.312089	-0.258507	9.67304	0
0.79818	9.62651	0.321561	0.79818	9.62651	0
1.78851	9.69705	0.311047	1.78851	9.69705	0
2.77429	9.65955	0.326635	2.77429	9.65955	0
3.85881	9.66358	0.32553	3.85881	9.66358	0
4.87541	9.64592	0.341133	4.87541	9.64592	0
5.86234	9.63329	0.32031	5.86234	9.63329	0
6.91801	9.68494	0.325755	6.91801	9.68494	0
7.96685	9.72521	0.321966	7.96685	9.72521	0
8.99396	9.75231	0.31408	8.99396	9.75231	0
10.002	9.7641	0.297181	10.002	9.7641	0
11.0344	9.68332	0.318786	11.0344	9.68332	0
-11.7411	9.71095	0.300164	-11.7411	9.71095	0
-10.6949	9.70048	0.325282	-10.6949	9.70048	0
-9.57414	9.68984	0.325772	-9.57414	9.68984	0
-8.57661	9.65391	0.303264	-8.57661	9.65391	0
-7.51621	9.64505	0.305335	-7.51621	9.64505	0
-6.47403	9.69534	0.30307	-6.47403	9.69534	0
-5.47183	9.629	0.326123	-5.47183	9.629	0
-4.44465	9.65464	0.314289	-4.44465	9.65464	0
-3.41067	9.61832	0.329489	-3.41067	9.61832	0
-2.37591	9.62487	0.300228	-2.37591	9.62487	0
-1.30751	9.65475	0.310381	-1.30751	9.65475	0
-0.332882	10.6781	0.322916	-0.332882	10.6781	0
0.73815	10.6737	0.327194	0.73815	10.6737	0
1.77268	10.7148	0.313717	1.77268	10.7148	0
2.80593	10.7379	0.297648	2.80593	10.7379	0
3.88276	10.6564	0.306633	3.88276	10.6564	0
4.90718	10.6967	0.316039	4.90718	10.6967	0
5.88216	10.7012	0.340956	5.88216	10.7012	0
6.90242	10.6919	0.327683	6.90242	10.6919	0
7.91178	10.7918	0.31039	7.91178	10.7918	0
8.98863	10.7875	0.314092	8.98863	10.7875	0
10.0433	10.7444	0.327569	10.0433	10.7444	0
11.1122	10.7428	0.326428	11.1122	10.7428	0
-11.6268	10.752	0.313825	-11.6268	10.752	0
-10.6589	10.6485	0.325442	-10.6589	10.6485	0
-9.58333	10.6764	0.33596	-9.58333	10.6764	0
-8.58184	10.7235	0.320321	-8.58184	10.7235	0
-7.59009	10.5999	0.306118	-7.59009	10.5999	0
-6.51721	10.7134	0.307064	-6.51721	10.7134	0
-5.47778	10.6853	0.324178	-5.47778	10.6853	0
-4.434	10.6907	0.332784	-4.434	10.6907	0
-3.40833	10.6291	0.332643	-3.40833	10.6291	0
-2.42696	10.7133	0.327402	-2.42696	10.7133	0
-1.35877	10.6882	0.288844	-1.35877	10.6882	0
-0.330704	11.7273	0.320028	-0.330704	11.7273	0
0.723895	11.7277	0.316183	0.723895	11.7277	0
1.78699	11.7724	0.325788	1.78699	11.7724	0
2.78639	11.7507	0.325295	2.78639	11.7507	0
3.84749	11.6572	0.335929	3.84749	11.6572	0
4.87615	11.7646	0.295209	4.87615	11.7646	0
5.87287	11.7242	0.342827	5.87287	11.7242	0
6.90848	11.7273	0.322072	6.90848	11.7273	0
7.95649	11.781	0.325577	7.95649	11.781	0
8.93996	11.7533	0.311358	8.93996	11.7533	0
10.0527	11.8044	0.330837	10.0527	11.8044	0
11.0328	11.802	0.29277	11.0328	11.802	0
-11.6969	11.8096	0.310442	-11.6969	11.8096	0
-10.6276	11.7599	0.329843	-10.6276	11.7599	0
-9.59411	11.7189	0.329924	-9.59411	11.7189	0
-8.58749	11.7425	0.333348	-8.58749	11.7425	0
-7.55042	11.6334	0.327072	-7.55042	11.6334	0
-6.54732	11.6898	0.303931	-6.54732	11.6898	0
-5.50007	11.6836	0.285752	-5.50007	11.6836	0
-4.40754	11.7083	0.275441	-4.40754	11.7083	0
-3.40457	11.8004	0.303772	-3.40457	11.8004	0
-2.37779	11.7591	0.30139	-2.37779	11.7591	0
-1.34462	11.7602	0.304504	-1.34462	11.7602	0
-0.321134	-11.0455	0.320935	-0.321134	-11.0455	0
0.699478	-10.9925	0.346939	0.699478	-10.9925	0
1.76589	-11.0393	0.277263	1.76589	-11.0393	0
2.81829	-10.9994	0.321959	2.81829	-10.9994	0
3.87593	-11.05	0.321763	3.87593	-11.05	0
4.88388	-10.9785	0.31497	4.88388	-10.9785	0
5.85602	-11.0077	0.309161	5.85602	-11.0077	0
6.8858	-10.9855	0.305052	6.8858	-10.9855	0
7.88863	-10.9758	0.321153	7.88863	-10.9758	0
8.98789	-11.033	0.326782	8.98789	-11.033	0
10.0082	-10.9636	0.316734	10.0082	-10.9636	0
11.0461	-10.9658	0.326893	11.0461	-10.9658	0
-11.7144	-11.0252	0.33483	-11.7144	-11.0252	0
-10.6751	-10.9983	0.306552	-10.6751	-10.9983	0
-9.64551	-11.0504	0.310219	-9.64551	-11.0504	0
-8.58995	-11.0576	0.340686	-8.58995	-11.0576	0
-7.51894	-11.0711	0.323285	-7.51894	-11.0711	0
-6.49323	-11.103	0.304146	-6.49323	-11.103	0
-5.46103	-11.0485	0.324874	-5.46103	-11.0485	0
-4.46316	-11.0452	0.321524	-4.46316	-11.0452	0
-3.44737	-11.0516	0.34182	-3.44737	-11.0516	0
-2.44543	-11.0296	0.307165	-2.44543	-11.0296	0
-1.40046	-10.9628	0.318969	-1.40046	-10.9628	0
-0.343779	-9.98987	0.3009	-0.343779	-9.98987	0
0.682528	-9.99063	0.342646	0.682528	-9.99063	0
1.76404	-9.9672	0.323369	1.76404	-9.9672	0
2.79229	-9.95389	0.348688	2.79229	-9.95389	0
3.77972	-9.97687	0.321258	3.77972	-9.97687	0
4.81339	-9.92986	0.306315	4.81339	-9.92986	0
5.83305	-9.95693	0.328909	5.83305	-9.95693	0
6.85167	-9.95968	0.306574	6.85167	-9.95968	0
7.94645	-9.94135	0.31303	7.94645	-9.94135	0
8.95616	-9.95294	0.317477	8.95616	-9.95294	0
9.93193	-9.96176	0.323313	9.93193	-9.96176	0
11.0477	-9.92423	0.333805	11.0477	-9.92423	0
-11.689	-9.95041	0.292011	-11.689	-9.95041	0
-10.6679	-10.0069	0.331404	-10.6679	-10.0069	0
-9.65206	-10.0104	0.300869	-9.65206	-10.0104	0
-8.6302	-10.0164	0.316962	-8.6302	-10.0164	0
-7.5958	-10.0509	0.312515	-7.5958	-10.0509	0
-6.55335	-10.0202	0.296444	-6.55335	-10.0202	0
-5.54247	-10.0026	0.327384	-5.54247	-10.0026	0
-4.51166	-10.0204	0.332176	-4.51166	-10.0204	0
-3.43938	-9.99335	0.335995	-3.43938	-9.99335	0
-2.38854	-9.97143	0.342615	-2.38854	-9.97143	0
-1.38531	-9.9855	0.330563	-1.38531	-9.9855	0
-0.33466	-8.92689	0.314438	-0.33466	-8.92689	0
0.658892	-8.90832	0.336206	0.658892	-8.90832	0
1.66009	-8.99375	0.334333	1.66009	-8.99375	0
2.71705	-8.90977	0.294315	2.71705	-8.90977	0
3.7291	-8.97243	0.311125	3.7291	-8.97243	0
4.78717	-8.91501	0.30485	4.78717	-8.91501	0
5.80639	-8.90071	0.318193	5.80639	-8.90071	0
6.84409	-8.95618	0.287693	6.84409	-8.95618	0
7.89581	-8.91758	0.293639	7.89581	-8.91758	0
8.96044	-8.87974	0.338699	8.96044	-8.87974	0
9.98036	-8.89355	0.330452	9.98036	-8.89355	0
11.0332	-8.92404	0.298001	11.0332	-8.92404	0
-11.7082	-8.95344	0.309393	-11.7082	-8.95344	0
-10.6428	-9.02027	0.28708	-10.6428	-9.02027	0
-9.65127	-8.96461	0.32487	-9.65127	-8.96461	0
-8.64803	-9.01612	0.314554	-8.64803	-9.01612	0
-7.62223	-9.00887	0.33132	-7.62223	-9.00887	0
-6.59073	-8.9733	0.300701	-6.59073	-8.9733	0
-5.53956	-8.97552	0.32467	-5.53956	-8.97552	0
-4.53382	-9.0077	0.301151	-4.53382	-9.0077	0
-3.49809	-8.97392	0.352447	-3.49809	-8.97392	0
-2.42175	-8.94387	0.315065	-2.42175	-8.94387	0
-1.36908	-8.98283	0.31502	-1.36908	-8.98283	0
-0.315195	-7.9314	0.309226	-0.315195	-7.9314	0
0.697452	-7.89064	0.334213	0.697452	-7.89064	0
1.69575	-7.93836	0.309796	1.69575	-7.93836	0
2.73868	-7.85238	0.272725	2.73868	-7.85238	0
3.79475	-7.9004	0.306312	3.79475	-7.9004	0
4.78329	-7.87301	0.321762	4.78329	-7.87301	0
5.87874	-7.83729	0.29679	5.87874	-7.83729	0
6.8471	-7.86841	0.317737	6.8471	-7.86841	0
7.87133	-7.94682	0.326816	7.87133	-7.94682	0
8.94411	-7.85175	0.304469	8.94411	-7.85175	0
9.96802	-7.85877	0.300018	9.96802	-7.85877	0
10.9823	-7.84404	0.311963	10.9823	-7.84404	0
-11.7019	-7.83955	0.289249	-11.7019	-7.83955	0
-10.7218	-7.93429	0.306089	-10.7218	-7.93429	0
-9.62361	-7.91665	0.335787	-9.62361	-7.91665	0
-8.59849	-7.9522	0.32472	-8.59849	-7.9522	0
-7.58569	-7.92862	0.309344	-7.58569	-7.92862	0
-6.58749	-7.9413	0.320594	-6.58749	-7.9413	0
-5.52517	-7.94069	0.295138	-5.52517	-7.94069	0
-4.50624	-7.97298	0.320673	-4.50624	-7.97298	0
-3.47678	-7.99236	0.332129	-3.47678	-7.99236	0
-2.38604	-7.91086	0.326176	-2.38604	-7.91086	0
-1.38353	-7.91249	0.342702	-1.38353	-7.91249	0
-0.310955	-6.87737	0.325151	-0.310955	-6.87737	0
0.694624	-6.87289	0.339221	0.694624	-6.87289	0
1.69951	-6.89371	0.322083	1.69951	-6.89371	0
2.75534	-6.85804	0.329482	2.75534	-6.85804	0
3.81664	-6.79925	0.326768	3.81664	-6.79925	0
4.8366	-6.83853	0.309595	4.8366	-6.83853	0
5.80911	-6.83833	0.291175	5.80911	-6.83833	0
6.8991	-6.86473	0.303135	6.8991	-6.86473	0
7.9025	-6.82568	0.304278	7.9025	-6.82568	0
9.0007	-6.82254	0.331655	9.0007	-6.82254	0
10.0088	-6.83991	0.325476	10.0088	-6.83991	0
10.9921	-6.84661	0.302026	10.9921	-6.84661	0
-11.6704	-6.80835	0.291736	-11.6704	-6.80835	0
-10.6848	-6.82985	0.327396	-10.6848	-6.82985	0
-9.65481	-6.90573	0.332791	-9.65481	-6.90573	0
-8.59378	-6.86967	0.311749	-8.59378	-6.86967	0
-7.60488	-6.86419	0.309702	-7.60488	-6.86419	0
-6.56971	-6.96428	0.290732	-6.56971	-6.96428	0
-5.54498	-6.88376	0.294043	-5.54498	-6.88376	0
-4.52786	-6.96314	0.322406	-4.52786	-6.96314	0
-3.49398	-6.85819	0.278234	-3.49398	-6.85819	0
-2.41217	-6.89831	0.316311	-2.41217	-6.89831	0
-1.30916	-6.8238	0.32396	-1.30916	-6.8238	0
-0.353516	-5.82198	0.308953	-0.353516	-5.82198	0
0.711124	-5.79199	0.310507	0.711124	-5.79199	0
1.73648	-5.85427	0.32614	1.73648	-5.85427	0
2.74038	-5.82137	0.301933	2.74038	-5.82137	0
3.77288	-5.79294	0.324777	3.77288	-5.79294	0
4.80255	-5.89675	0.298541	4.80255	-5.89675	0
5.88182	-5.8479	0.327985	5.88182	-5.8479	0
6.89225	-5.7766	0.320945	6.89225	-5.7766	0
7.96826	-5.77724	0.299321	7.96826	-5.77724	0
8.98172	-5.7937	0.317105	8.98172	-5.7937	0
9.99823	-5.77547	0.305338	9.99823	-5.77547	0
10.9983	-5.79011	0.299125	10.9983	-5.79011	0
-11.7091	-5.83819	0.323178	-11.7091	-5.83819	0
-10.66	-5.81992	0.316847	-10.66	-5.81992	0
-9.57663	-5.88276	0.325353	-9.57663	-5.88276	0
-8.57936	-5.8324	0.322382	-8.57936	-5.8324	0
-7.57486	-5.84959	0.337326	-7.57486	-5.84959	0
-6.51064	-5.83303	0.321055	-6.51064	-5.83303	0
-5.49046	-5.8842	0.272144	-5.49046	-5.8842	0
-4.52905	-5.83932	0.301438	-4.52905	-5.83932	0
-3.39995	-5.91689	0.322507	-3.39995	-5.91689	0
-2.41525	-5.84753	0.30338	-2.41525	-5.84753	0
-1.36991	-5.8755	0.295397	-1.36991	-5.8755	0
-0.360223	-4.80006	0.325882	-0.360223	-4.80006	0
0.627153	-4.76726	0.303537	0.627153	-4.76726	0
1.68629	-4.8362	0.31056	1.68629	-4.8362	0
2.77202	-4.78438	0.301942	2.77202	-4.78438	0
3.81391	-4.75188	0.312717	3.81391	-4.75188	0
4.84293	-4.78367	0.324528	4.84293	-4.78367	0
5.85734	-4.80552	0.318488	5.85734	-4.80552	0
6.86601	-4.75859	0.330631	6.86601	-4.75859	0
7.9116	-4.80991	0.335834	7.9116	-4.80991	0
8.99549	-4.73268	0.312445	8.99549	-4.73268	0
9.999	-4.75092	0.307035	9.999	-4.75092	0
11.0564	-4.78609	0.299006	11.0564	-4.78609	0
-11.6613	-4.8131	0.309591	-11.6613	-4.8131	0
-10.6758	-4.85793	0.318927	-10.6758	-4.85793	0
-9.58064	-4.80902	0.285589	-9.58064	-4.80902	0
-8.58162	-4.74506	0.29969	-8.58162	-4.74506	0
-7.49143	-4.81764	0.333527	-7.49143	-4.81764	0
-6.49402	-4.76051	0.305629	-6.49402	-4.76051	0
-5.44277	-4.77482	0.305519	-5.44277	-4.77482	0
-4.46498	-4.79564	0.317925	-4.46498	-4.79564	0
-3.38818	-4.81819	0.312112	-3.38818	-4.81819	0
-2.409	-4.85781	0.327924	-2.409	-4.85781	0
-1.35665	-4.80705	0.29011	-1.35665	-4.80705	0
-0.335667	-3.73711	0.324484	-0.335667	-3.73711	0
0.686179	-3.73422	0.333268	0.686179	-3.73422	0
1.7613	-3.71064	0.315733	1.7613	-3.71064	0
2.79424	-3.76649	0.316143	2.79424	-3.76649	0
3.80792	-3.73345	0.289196	3.80792	-3.73345	0
4.81258	-3.81247	0.337123	4.81258	-3.81247	0
5.8708	-3.71222	0.339455	5.8708	-3.71222	0
6.91206	-3.71602	0.309653	6.91206	-3.71602	0
7.91168	-3.72924	0.325423	7.91168	-3.72924	0
8.97392	-3.72536	0.314184	8.97392	-3.72536	0
10.009	-3.72183	0.323942	10.009	-3.72183	0
11.0566	-3.69072	0.348013	11.0566	-3.69072	0
-11.6837	-3.73771	0.333131	-11.6837	-3.73771	0
-10.6317	-3.79141	0.332349	-10.6317	-3.79141	0
-9.59711	-3.78864	0.334586	-9.59711	-3.78864	0
-8.60431	-3.75637	0.303937	-8.60431	-3.75637	0
-7.59251	-3.76772	0.337284	-7.59251	-3.76772	0
-6.49206	-3.7785	0.319287	-6.49206	-3.7785	0
-5.46144	-3.75085	0.316096	-5.46144	-3.75085	0
-4.45895	-3.81077	0.329965	-4.45895	-3.81077	0
-3.46639	-3.82211	0.324168	-3.46639	-3.82211	0
-2.44206	-3.75526	0.316523	-2.44206	-3.75526	0
-1.36892	-3.81862	0.343295	-1.36892	-3.81862	0
-0.31119	-2.69462	0.290974	-0.31119	-2.69462	0
0.753538	-2.70958	0.290055	0.753538	-2.70958	0
1.79675	-2.65397	0.298976	1.79675	-2.65397	0
2.77709	-2.73277	0.32248	2.77709	-2.73277	0
3.78208	-2.73159	0.318941	3.78208	-2.73159	0
4.81526	-2.66136	0.317306	4.81526	-2.66136	0
5.81653	-2.6867	0.324863	5.81653	-2.6867	0
6.87848	-2.70065	0.305543	6.87848	-2.70065	0
7.90852	-2.70418	0.330037	7.90852	-2.70418	0
8.96992	-2.69264	0.289325	8.96992	-2.69264	0
10.0014	-2.68831	0.294177	10.0014	-2.68831	0
11.1037	-2.68255	0.32187	11.1037	-2.68255	0
-11.6556	-2.73785	0.326259	-11.6556	-2.73785	0
-10.6403	-2.72202	0.346433	-10.6403	-2.72202	0
-9.65488	-2.75918	0.304467	-9.65488	-2.75918	0
-8.61109	-2.69431	0.327929	-8.61109	-2.69431	0
-7.52931	-2.71911	0.319549	-7.52931	-2.71911	0
-6.46077	-2.76015	0.321506	-6.46077	-2.76015	0
-5.47795	-2.78049	0.351827	-5.47795	-2.78049	0
-4.48263	-2.75318	0.299803	-4.48263	-2.75318	0
-3.43054	-2.80449	0.323846	-3.43054	-2.80449	0
-2.38397	-2.77973	0.315765	-2.38397	-2.77973	0
-1.34763	-2.69525	0.343276	-1.34763	-2.69525	0
-0.310667	-1.68981	0.289959	-0.310667	-1.68981	0
0.721597	-1.66729	0.299143	0.721597	-1.66729	0
1.80309	-1.63825	0.309973	1.80309	-1.63825	0
2.81541	-1.62816	0.336238	2.81541	-1.62816	0
3.83208	-1.66763	0.327878	3.83208	-1.66763	0
4.88097	-1.65377	0.303628	4.88097	-1.65377	0
5.85916	-1.6844	0.311989	5.85916	-1.6844	0
6.94398	-1.66691	0.336369	6.94398	-1.66691	0
7.94851	-1.67589	0.283344	7.94851	-1.67589	0
8.93732	-1.6098	0.325506	8.93732	-1.6098	0
10.0454	-1.66765	0.295461	10.0454	-1.66765	0
11.0964	-1.62761	0.322515	11.0964	-1.62761	0
-11.6724	-1.65918	0.306126	-11.6724	-1.65918	0
-10.6446	-1.72691	0.325037	-10.6446	-1.72691	0
-9.62246	-1.71261	0.331134	-9.62246	-1.71261	0
-8.52697	-1.71476	0.31992	-8.52697	-1.71476	0
-7.51852	-1.71023	0.303667	-7.51852	-1.71023	0
-6.50338	-1.73783	0.298208	-6.50338	-1.73783	0
-5.41839	-1.67967	0.322631	-5.41839	-1.67967	0
-4.41237	-1.69782	0.292089	-4.41237	-1.69782	0
-3.38681	-1.73909	0.329837	-3.38681	-1.73909	0
-2.39165	-1.68631	0.318254	-2.39165	-1.68631	0
-1.31801	-1.66266	0.321135	-1.31801	-1.66266	0
-0.273783	-0.64478	0.326795	-0.273783	-0.64478	0
0.738262	-0.641096	0.300876	0.738262	-0.641096	0
1.79177	-0.634675	0.309854	1.79177	-0.634675	0
2.80643	-0.598853	0.321017	2.80643	-0.598853	0
3.92774	-0.60461	0.337426	3.92774	-0.60461	0
4.89222	-0.606102	0.301203	4.89222	-0.606102	0
5.91097	-0.64214	0.304036	5.91097	-0.64214	0
6.92023	-0.64152	0.343252	6.92023	-0.64152	0
7.99849	-0.664862	0.303876	7.99849	-0.664862	0
8.971	-0.579306	0.295088	8.971	-0.579306	0
10.0485	-0.594218	0.319169	10.0485	-0.594218	0
11.1058	-0.636204	0.323724	11.1058	-0.636204	0
-11.6581	-0.670294	0.312632	-11.6581	-0.670294	0
-10.6638	-0.732116	0.306624	-10.6638	-0.732116	0
-9.60919	-0.72695	0.281888	-9.60919	-0.72695	0
-8.56299	-0.714448	0.338456	-8.56299	-0.714448	0
-7.5389	-0.687467	0.301462	-7.5389	-0.687467	0
-6.49891	-0.653101	0.308119	-6.49891	-0.653101	0
-5.51136	-0.705847	0.299713	-5.51136	-0.705847	0
-4.43762	-0.68414	0.314895	-4.43762	-0.68414	0
-3.37721	-0.714633	0.310471	-3.37721	-0.714633	0
-2.34383	-0.686357	0.319742	-2.34383	-0.686357	0
-1.32833	-0.672848	0.312854	-1.32833	-0.672848	0
