-0.629585	-0.397801	-0.313636	-0.629585	-0.397801	0
0.442691	-0.385372	-0.329853	0.442691	-0.385372	0
1.52096	-0.401948	-0.337379	1.52096	-0.401948	0
2.52689	-0.410521	-0.296111	2.52689	-0.410521	0
3.60765	-0.302432	-0.340875	3.60765	-0.302432	0
4.65602	-0.37331	-0.30711	4.65602	-0.37331	0
5.62299	-0.317548	-0.299648	5.62299	-0.317548	0
6.61065	-0.313302	-0.322609	6.61065	-0.313302	0
7.65886	-0.30032	-0.306326	7.65886	-0.30032	0
8.73206	-0.305765	-0.312165	8.73206	-0.305765	0
9.81389	-0.375276	-0.339177	9.81389	-0.375276	0
10.8842	-0.361686	-0.313079	10.8842	-0.361686	0
11.8872	-0.225756	-0.323406	11.8872	-0.225756	0
-10.8891	-0.279671	-0.294231	-10.8891	-0.279671	0
-9.87811	-0.234091	-0.342042	-9.87811	-0.234091	0
-8.89722	-0.298222	-0.339663	-8.89722	-0.298222	0
-7.83171	-0.329406	-0.31078	-7.83171	-0.329406	0
-6.80553	-0.305772	-0.355451	-6.80553	-0.305772	0
-5.78708	-0.29425	-0.306793	-5.78708	-0.29425	0
-4.73035	-0.309837	-0.23843	-4.73035	-0.309837	0
-3.70822	-0.338133	-0.29443	-3.70822	-0.338133	0
-2.67702	-0.426489	-0.292227	-2.67702	-0.426489	0
-1.63012	-0.372095	-0.301959	-1.63012	-0.372095	0
-0.539791	0.662807	-0.304746	-0.539791	0.662807	0
0.433413	0.678699	-0.323631	0.433413	0.678699	0
1.46615	0.632901	-0.288222	1.46615	0.632901	0
2.51318	0.613638	-0.345941	2.51318	0.613638	0
3.55896	0.634972	-0.300421	3.55896	0.634972	0
4.56128	0.675401	-0.317417	4.56128	0.675401	0
5.58183	0.717661	-0.350156	5.58183	0.717661	0
6.64136	0.73321	-0.328185	6.64136	0.73321	0
7.67524	0.736076	-0.32197	7.67524	0.736076	0
8.73545	0.711933	-0.307742	8.73545	0.711933	0
9.82107	0.700582	-0.29363	9.82107	0.700582	0
10.8215	0.770161	-0.351907	10.8215	0.770161	0
11.8539	0.767417	-0.32431	11.8539	0.767417	0
-10.8798	0.757449	-0.333244	-10.8798	0.757449	0
-9.85476	0.773656	-0.332482	-9.85476	0.773656	0
-8.80888	0.735076	-0.324155	-8.80888	0.735076	0
-7.78233	0.747134	-0.339368	-7.78233	0.747134	0
-6.79311	0.668756	-0.327255	-6.79311	0.668756	0
-5.82162	0.707082	-0.321287	-5.82162	0.707082	0
-4.6857	0.692596	-0.318703	-4.6857	0.692596	0
-3.63306	0.692934	-0.304328	-3.63306	0.692934	0
-2.63563	0.624497	-0.308973	-2.63563	0.624497	0
-1.58952	0.629064	-0.284687	-1.58952	0.629064	0
-0.547868	1.6791	-0.330252	-0.547868	1.6791	0
0.477139	1.68703	-0.336122	0.477139	1.68703	0
1.51065	1.64781	-0.353087	1.51065	1.64781	0
2.54007	1.73478	-0.331388	2.54007	1.73478	0
3.62258	1.71037	-0.305047	3.62258	1.71037	0
4.60455	1.75586	-0.319146	4.60455	1.75586	0
5.61818	1.79326	-0.331261	5.61818	1.79326	0
6.63582	1.75015	-0.315592	6.63582	1.75015	0
7.66899	1.74617	-0.309131	7.66899	1.74617	0
8.75356	1.7018	-0.330443	8.75356	1.7018	0
9.8174	1.74744	-0.332664	9.8174	1.74744	0
10.8528	1.75798	-0.321456	10.8528	1.75798	0
-11.8948	1.78721	-0.339606	11.8912	1.78721	0
-10.881	1.80861	-0.303783	-10.881	1.80861	0
-9.83115	1.78076	-0.316544	-9.83115	1.78076	0
-8.78524	1.75664	-0.308853	-8.78524	1.75664	0
-7.73829	1.75716	-0.315475	-7.73829	1.75716	0
-6.7131	1.69061	-0.341011	-6.7131	1.69061	0
-5.66334	1.73798	-0.328128	-5.66334	1.73798	0
-4.6935	1.72956	-0.315035	-4.6935	1.72956	0
-3.57918	1.77982	-0.33706	-3.57918	1.77982	0
-2.58876	1.65623	-0.328871	-2.58876	1.65623	0
-1.51777	1.71608	-0.307202	-1.51777	1.71608	0
-0.526979	2.65317	-0.352139	-0.526979	2.65317	0
0.484774	2.74676	-0.31593	0.484774	2.74676	0
1.59735	2.70108	-0.315263	1.59735	2.70108	0
2.60324	2.72065	-0.290204	2.60324	2.72065	0
3.6512	2.74589	-0.331147	3.6512	2.74589	0
4.67939	2.81721	-0.321685	4.67939	2.81721	0
5.67008	2.80855	-0.355153	5.67008	2.80855	0
6.67335	2.76375	-0.296562	6.67335	2.76375	0
7.7661	2.76098	-0.31239	7.7661	2.76098	0
8.82216	2.72603	-0.320825	8.82216	2.72603	0
9.82353	2.78916	-0.310543	9.82353	2.78916	0
10.8149	2.81962	-0.337691	10.8149	2.81962	0
-11.8877	2.80846	-0.335432	-11.8877	2.80846	0
-10.8265	2.80964	-0.312979	-10.8265	2.80964	0
-9.81057	2.77848	-0.311825	-9.81057	2.77848	0
-8.77085	2.73465	-0.310442	-8.77085	2.73465	0
-7.75015	2.78397	-0.329203	-7.75015	2.78397	0
-6.72318	2.70433	-0.301315	-6.72318	2.70433	0
-5.74853	2.72477	-0.311141	-5.74853	2.72477	0
-4.64933	2.74593	-0.340982	-4.64933	2.74593	0
-3.60875	2.74092	-0.279679	-3.60875	2.74092	0
-2.55055	2.73577	-0.327439	-2.55055	2.73577	0
-1.5489	2.72776	-0.310836	-1.5489	2.72776	0
-0.515739	3.81569	-0.31561	-0.515739	3.81569	0
0.528324	3.71128	-0.326419	0.528324	3.71128	0
1.51586	3.73139	-0.301305	1.51586	3.73139	0
2.51602	3.78088	-0.313413	2.51602	3.78088	0
3.57452	3.82584	-0.327486	3.57452	3.82584	0
4.60113	3.79489	-0.332944	4.60113	3.79489	0
5.72399	3.85676	-0.345811	5.72399	3.85676	0
6.72037	3.82749	-0.327283	6.72037	3.82749	0
7.7428	3.74171	-0.326498	7.7428	3.74171	0
8.76618	3.77164	-0.333547	8.76618	3.77164	0
9.78773	3.78997	-0.320968	9.78773	3.78997	0
10.8817	3.8471	-0.290869	10.8817	3.8471	0
-11.9114	3.80476	-0.308452	11.8746	3.80476	0
-10.8139	3.84652	-0.330837	-10.8139	3.84652	0
-9.81018	3.80191	-0.296546	-9.81018	3.80191	0
-8.76536	3.78379	-0.286907	-8.76536	3.78379	0
-7.72612	3.79566	-0.310783	-7.72612	3.79566	0
-6.73874	3.77288	-0.317056	-6.73874	3.77288	0
-5.70923	3.7477	-0.300417	-5.70923	3.7477	0
-4.64749	3.73799	-0.307073	-4.64749	3.73799	0
-3.65274	3.70772	-0.338686	-3.65274	3.70772	0
-2.59037	3.7368	-0.349874	-2.59037	3.7368	0
-1.54394	3.70193	-0.331859	-1.54394	3.70193	0
-0.473134	4.79564	-0.307469	-0.473134	4.79564	0
0.551934	4.83034	-0.287611	0.551934	4.83034	0
1.55473	4.77178	-0.310454	1.55473	4.77178	0
2.55409	4.82826	-0.324519	2.55409	4.82826	0
3.64931	4.84292	-0.319579	3.64931	4.84292	0
4.70965	4.88377	-0.309684	4.70965	4.88377	0
5.73153	4.88727	-0.325306	5.73153	4.88727	0
6.78072	4.85291	-0.34833	6.78072	4.85291	0
7.80882	4.86066	-0.327175	7.80882	4.86066	0
8.82359	4.81591	-0.321809	8.82359	4.81591	0
9.8729	4.85044	-0.318741	9.8729	4.85044	0
10.9668	4.8502	-0.295183	10.9668	4.8502	0
-11.8133	4.83585	-0.326575	-11.8133	4.83585	0
-10.7597	4.86858	-0.30585	-10.7597	4.86858	0
-9.75396	4.83458	-0.333564	-9.75396	4.83458	0
-8.70097	4.86719	-0.303115	-8.70097	4.86719	0
-7.76089	4.88121	-0.305955	-7.76089	4.88121	0
-6.67725	4.79995	-0.316931	-6.67725	4.79995	0
-5.68136	4.78664	-0.34255	-5.68136	4.78664	0
-4.66536	4.8403	-0.33335	-4.66536	4.8403	0
-3.65201	4.78522	-0.302231	-3.65201	4.78522	0
-2.59801	4.81147	-0.323137	-2.59801	4.81147	0
-1.54597	4.83234	-0.34157	-1.54597	4.83234	0
-0.526421	5.86411	-0.316774	-0.526421	5.86411	0
0.567371	5.87614	-0.305499	0.567371	5.87614	0
1.57399	5.86365	-0.303491	1.57399	5.86365	0
2.64101	5.82184	-0.322646	2.64101	5.82184	0
3.66114	5.87171	-0.295427	3.66114	5.87171	0
4.65599	5.93668	-0.315504	4.65599	5.93668	0
5.73504	5.94012	-0.277119	5.73504	5.94012	0
6.75767	5.87927	-0.310485	6.75767	5.87927	0
7.81367	5.90466	-0.312092	7.81367	5.90466	0
8.79957	5.86082	-0.295275	8.79957	5.86082	0
9.94886	5.86822	-0.311133	9.94886	5.86822	0
10.9899	5.94018	-0.314577	10.9899	5.94018	0
-11.7776	5.88209	-0.321135	-11.7776	5.88209	0
-10.7237	5.94148	-0.330904	-10.7237	5.94148	0
-9.75025	5.87054	-0.314482	-9.75025	5.87054	0
-8.74735	5.83624	-0.323121	-8.74735	5.83624	0
-7.7489	5.83997	-0.346554	-7.7489	5.83997	0
-6.74813	5.85324	-0.310325	-6.74813	5.85324	0
-5.66709	5.83564	-0.333576	-5.66709	5.83564	0
-4.63345	5.82388	-0.332111	-4.63345	5.82388	0
-3.59472	5.84301	-0.287206	-3.59472	5.84301	0
-2.56779	5.83631	-0.322207	-2.56779	5.83631	0
-1.59098	5.83735	-0.323826	-1.59098	5.83735	0
-0.507239	6.83648	-0.33049	-0.507239	6.83648	0
0.593247	6.96294	-0.348318	0.593247	6.96294	0
1.58793	6.9275	-0.327245	1.58793	6.9275	0
2.61044	6.84915	-0.323091	2.61044	6.84915	0
3.67097	6.93081	-0.347054	3.67097	6.93081	0
4.67909	7.03065	-0.303261	4.67909	7.03065	0
5.71733	6.96945	-0.313164	5.71733	6.96945	0
6.78216	6.88753	-0.329875	6.78216	6.88753	0
7.82621	6.90358	-0.300479	7.82621	6.90358	0
8.84403	6.87957	-0.32389	8.84403	6.87957	0
9.88699	6.90182	-0.335661	9.88699	6.90182	0
10.9622	6.94842	-0.318355	10.9622	6.94842	0
-11.8458	6.89895	-0.295599	-11.8458	6.89895	0
-10.8297	6.93319	-0.330854	-10.8297	6.93319	0
-9.72894	6.93726	-0.305483	-9.72894	6.93726	0
-8.69251	6.9254	-0.322002	-8.69251	6.9254	0
-7.72109	6.85481	-0.322341	-7.72109	6.85481	0
-6.73663	6.88173	-0.307644	-6.73663	6.88173	0
-5.66189	6.88288	-0.294586	-5.66189	6.88288	0
-4.70642	6.89568	-0.293674	-4.70642	6.89568	0
-3.67673	6.88284	-0.321256	-3.67673	6.88284	0
-2.55445	6.90114	-0.336136	-2.55445	6.90114	0
-1.52977	6.87108	-0.314457	-1.52977	6.87108	0
-0.493043	7.90452	-0.332933	-0.493043	7.90452	0
0.561525	7.98153	-0.328843	0.561525	7.98153	0
1.61932	7.93258	-0.321331	1.61932	7.93258	0
2.61922	7.90863	-0.310554	2.61922	7.90863	0
3.64238	7.98912	-0.323429	3.64238	7.98912	0
4.66943	8.0023	-0.297626	4.66943	8.0023	0
5.75152	7.98236	-0.25989	5.75152	7.98236	0
6.75347	7.91329	-0.343144	6.75347	7.91329	0
7.81384	7.93151	-0.293286	7.81384	7.93151	0
8.84831	7.89392	-0.297997	8.84831	7.89392	0
9.91317	7.95646	-0.314453	9.91317	7.95646	0
10.9373	8.00923	-0.295194	10.9373	8.00923	0
-11.7814	7.93473	-0.329956	-11.7814	7.93473	0
-10.7978	7.94321	-0.320709	-10.7978	7.94321	0
-9.7466	7.94752	-0.340069	-9.7466	7.94752	0
-8.68437	7.95903	-0.294782	-8.68437	7.95903	0
-7.68785	7.93131	-0.293811	-7.68785	7.93131	0
-6.67789	7.90497	-0.312953	-6.67789	7.90497	0
-5.67153	7.93867	-0.324169	-5.67153	7.93867	0
-4.62882	7.95938	-0.32433	-4.62882	7.95938	0
-3.6129	7.93789	-0.301488	-3.6129	7.93789	0
-2.57215	7.90544	-0.298127	-2.57215	7.90544	0
-1.49215	7.92513	-0.335165	-1.49215	7.92513	0
-0.511143	8.97892	-0.308258	-0.511143	8.97892	0
0.504073	8.95965	-0.325696	0.504073	8.95965	0
1.54033	8.93836	-0.280826	1.54033	8.93836	0
2.58897	8.95521	-0.306492	2.58897	8.95521	0
3.61142	8.96428	-0.313514	3.61142	8.96428	0
4.63509	9.03189	-0.328243	4.63509	9.03189	0
5.7635	9.00215	-0.318446	5.7635	9.00215	0
6.75764	8.95321	-0.33045	6.75764	8.95321	0
7.81934	8.91027	-0.335574	7.81934	8.91027	0
8.81187	9.02674	-0.297612	8.81187	9.02674	0
9.85239	8.9803	-0.348531	9.85239	8.9803	0
10.9013	9.03896	-0.327455	10.9013	9.03896	0
-11.8684	9.00197	-0.292921	-11.8684	9.00197	0
-10.7875	9.03081	-0.322068	-10.7875	9.03081	0
-9.75163	8.94428	-0.320232	-9.75163	8.94428	0
-8.7833	9.02791	-0.29692	-8.7833	9.02791	0
-7.74116	9.01118	-0.317584	-7.74116	9.01118	0
-6.69006	8.9203	-0.331332	-6.69006	8.9203	0
-5.63914	8.97719	-0.316849	-5.63914	8.97719	0
-4.6344	8.97728	-0.323534	-4.6344	8.97728	0
-3.64045	8.94665	-0.329113	-3.64045	8.94665	0
-2.57244	8.98596	-0.300915	-2.57244	8.98596	0
-1.54617	8.97623	-0.348502	-1.54617	8.97623	0
-0.502848	10.0002	-0.321919	-0.502848	10.0002	0
0.547126	9.98618	-0.334525	0.547126	9.98618	0
1.57765	10.0256	-0.340935	1.57765	10.0256	0
2.65656	9.99595	-0.321163	2.65656	9.99595	0
3.63584	9.9887	-0.292549	3.63584	9.9887	0
4.65756	9.99662	-0.329162	4.65756	9.99662	0
5.65344	10.0031	-0.311901	5.65344	10.0031	0
6.7408	9.98185	-0.333583	6.7408	9.98185	0
7.74849	9.97915	-0.321984	7.74849	9.97915	0
8.7548	9.99149	-0.324384	8.7548	9.99149	0
9.78667	9.98688	-0.31907	9.78667	9.98688	0
10.837	10.0317	-0.324525	10.837	10.0317	0
-11.8658	10.031	-0.333752	-11.8658	10.031	0
-10.8265	10.0418	-0.321964	-10.8265	10.0418	0
-9.79859	10.0309	-0.332453	-9.79859	10.0309	0
-8.80504	10.0142	-0.315251	-8.80504	10.0142	0
-7.72933	10.0072	-0.344217	-7.72933	10.0072	0
-6.66723	9.95018	-0.331985	-6.66723	9.95018	0
-5.66261	9.98406	-0.330785	-5.66261	9.98406	0
-4.62114	9.97851	-0.334177	-4.62114	9.97851	0
-3.63532	9.99239	-0.331428	-3.63532	9.99239	0
-2.60842	9.97424	-0.326883	-2.60842	9.97424	0
-1.55788	9.96492	-0.319552	-1.55788	9.96492	0
-0.50534	11.0426	-0.30855	-0.50534	11.0426	0
0.489444	11.0274	-0.292716	0.489444	11.0274	0
1.5377	11.0038	-0.306266	1.5377	11.0038	0
2.54325	11.0515	-0.329842	2.54325	11.0515	0
3.55528	11.0621	-0.307351	3.55528	11.0621	0
4.59123	11.0449	-0.339673	4.59123	11.0449	0
5.70889	11.013	-0.307432	5.70889	11.013	0
6.72562	11.0728	-0.324704	6.72562	11.0728	0
7.75467	10.96	-0.305839	7.75467	10.96	0
8.74659	10.9749	-0.31556	8.74659	10.9749	0
9.82902	11.0077	-0.306572	9.82902	11.0077	0
10.8507	11.0812	-0.304768	10.8507	11.0812	0
-11.9074	11.0635	-0.329057	11.8786	11.0635	0
-10.8129	11.0604	-0.308214	-10.8129	11.0604	0
-9.79698	11.0736	-0.335777	-9.79698	11.0736	0
-8.83726	11.0891	-0.327984	-8.83726	11.0891	0
-7.72694	11.0181	-0.326753	-7.72694	11.0181	0
-6.69895	11.0211	-0.304347	-6.69895	11.0211	0
-5.71047	10.9845	-0.332337	-5.71047	10.9845	0
-4.64116	11.0258	-0.328919	-4.64116	11.0258	0
-3.6623	11.0009	-0.300779	-3.6623	11.0009	0
-2.63512	10.9703	-0.319185	-2.63512	10.9703	0
-1.54587	10.9716	-0.323235	-1.54587	10.9716	0
-0.517066	-11.7423	-0.327014	-0.517066	-11.7423	0
0.517241	-11.7595	-0.279712	0.517241	-11.7595	0
1.5303	-11.719	-0.340952	1.5303	-11.719	0
2.51634	-11.629	-0.300797	2.51634	-11.629	0
3.53411	-11.6871	-0.312839	3.53411	-11.6871	0
4.61219	-11.6791	-0.299055	4.61219	-11.6791	0
5.65078	-11.719	-0.316893	5.65078	-11.719	0
6.68061	-11.7351	-0.298945	6.68061	-11.7351	0
7.73564	-11.7831	-0.32222	7.73564	-11.7831	0
8.80778	-11.7494	-0.324632	8.80778	-11.7494	0
9.81523	-11.6855	-0.30736	9.81523	-11.6855	0
10.8892	-11.6787	-0.320666	10.8892	-11.6787	0
11.9274	-11.6569	-0.3313	-11.8587	-11.6569	0
-10.8393	-11.6782	-0.307839	-10.8393	-11.6782	0
-9.82467	-11.661	-0.337394	-9.82467	-11.661	0
-8.78745	-11.6551	-0.271103	-8.78745	-11.6551	0
-7.77697	-11.6519	-0.316865	-7.77697	-11.6519	0
-6.71771	-11.756	-0.316284	-6.71771	-11.756	0
-5.74378	-11.7447	-0.33346	-5.74378	-11.7447	0
-4.6893	-11.7448	-0.291734	-4.6893	-11.7448	0
-3.62327	-11.7464	-0.312395	-3.62327	-11.7464	0
-2.55435	-11.7105	-0.320433	-2.55435	-11.7105	0
-1.55539	-11.6884	-0.324553	-1.55539	-11.6884	0
-0.522217	-10.696	-0.343806	-0.522217	-10.696	0
0.520183	-10.7011	-0.306996	0.520183	-10.7011	0
1.48748	-10.6751	-0.309266	1.48748	-10.6751	0
2.52115	-10.6698	-0.321603	2.52115	-10.6698	0
3.53902	-10.6608	-0.303982	3.53902	-10.6608	0
4.576	-10.6243	-0.302258	4.576	-10.6243	0
5.65935	-10.7131	-0.325535	5.65935	-10.7131	0
6.66752	-10.7095	-0.301352	6.66752	-10.7095	0
7.70694	-10.75	-0.316697	7.70694	-10.75	0
8.80438	-10.6903	-0.312498	8.80438	-10.6903	0
9.89065	-10.6972	-0.299687	9.89065	-10.6972	0
10.8571	-10.6639	-0.332295	10.8571	-10.6639	0
11.885	-10.6634	-0.319595	11.885	-10.6634	0
-10.8726	-10.6411	-0.320467	-10.8726	-10.6411	0
-9.8407	-10.6573	-0.324358	-9.8407	-10.6573	0
-8.80564	-10.6327	-0.315941	-8.80564	-10.6327	0
-7.74085	-10.6446	-0.339356	-7.74085	-10.6446	0
-6.72068	-10.7264	-0.323358	-6.72068	-10.7264	0
-5.71116	-10.7485	-0.309443	-5.71116	-10.7485	0
-4.68748	-10.7238	-0.310389	-4.68748	-10.7238	0
-3.57258	-10.707	-0.329596	-3.57258	-10.707	0
-2.56265	-10.6731	-0.300091	-2.56265	-10.6731	0
-1.55892	-10.6724	-0.291004	-1.55892	-10.6724	0
-0.587561	-9.64432	-0.34087	-0.587561	-9.64432	0
0.443167	-9.64605	-0.333668	0.443167	-9.64605	0
1.51351	-9.64317	-0.338603	1.51351	-9.64317	0
2.53297	-9.64594	-0.316643	2.53297	-9.64594	0
3.55487	-9.65151	-0.280765	3.55487	-9.65151	0
4.62994	-9.58882	-0.330589	4.62994	-9.58882	0
5.6301	-9.59932	-0.288345	5.6301	-9.59932	0
6.62594	-9.7319	-0.304597	6.62594	-9.7319	0
7.64743	-9.69947	-0.342225	7.64743	-9.69947	0
8.73517	-9.67052	-0.301051	8.73517	-9.67052	0
9.82449	-9.70534	-0.297118	9.82449	-9.70534	0
10.8388	-9.59356	-0.32688	10.8388	-9.59356	0
-11.9421	-9.61065	-0.308442	11.8439	-9.61065	0
-10.923	-9.57087	-0.290884	-10.923	-9.57087	0
-9.90574	-9.62539	-0.318219	-9.90574	-9.62539	0
-8.88761	-9.59014	-0.303539	-8.88761	-9.59014	0
-7.77409	-9.65148	-0.320032	-7.77409	-9.65148	0
-6.74254	-9.63574	-0.32875	-6.74254	-9.63574	0
-5.7399	-9.68698	-0.332403	-5.7399	-9.68698	0
-4.70664	-9.74588	-0.296845	-4.70664	-9.74588	0
-3.66026	-9.70954	-0.329108	-3.66026	-9.70954	0
-2.64588	-9.61188	-0.321363	-2.64588	-9.61188	0
-1.60111	-9.62929	-0.330702	-1.60111	-9.62929	0
-0.533311	-8.56119	-0.313613	-0.533311	-8.56119	0
0.442929	-8.58537	-0.30209	0.442929	-8.58537	0
1.57904	-8.57406	-0.335832	1.57904	-8.57406	0
2.57976	-8.58163	-0.323138	2.57976	-8.58163	0
3.55657	-8.56081	-0.316243	3.55657	-8.56081	0
4.59589	-8.56915	-0.335417	4.59589	-8.56915	0
5.64298	-8.63093	-0.315687	5.64298	-8.63093	0
6.69504	-8.61776	-0.325957	6.69504	-8.61776	0
7.68972	-8.63695	-0.315657	7.68972	-8.63695	0
8.74422	-8.67694	-0.314827	8.74422	-8.67694	0
9.78654	-8.60953	-0.289446	9.78654	-8.60953	0
10.8231	-8.59138	-0.301063	10.8231	-8.59138	0
11.8243	-8.5632	-0.334563	11.8243	-8.5632	0
-10.8845	-8.5476	-0.32214	-10.8845	-8.5476	0
-9.89528	-8.5545	-0.350192	-9.89528	-8.5545	0
-8.8809	-8.55127	-0.328619	-8.8809	-8.55127	0
-7.76775	-8.61574	-0.338101	-7.76775	-8.61574	0
-6.72892	-8.57122	-0.326894	-6.72892	-8.57122	0
-5.72292	-8.65806	-0.324569	-5.72292	-8.65806	0
-4.72685	-8.65397	-0.308422	-4.72685	-8.65397	0
-3.72059	-8.70256	-0.3395	-3.72059	-8.70256	0
-2.67007	-8.67772	-0.315221	-2.67007	-8.67772	0
-1.58889	-8.6249	-0.335117	-1.58889	-8.6249	0
-0.527886	-7.56951	-0.319652	-0.527886	-7.56951	0
0.475343	-7.56845	-0.316449	0.475343	-7.56845	0
1.54658	-7.49029	-0.340367	1.54658	-7.49029	0
2.59428	-7.54661	-0.300393	2.59428	-7.54661	0
3.58978	-7.51051	-0.345084	3.58978	-7.51051	0
4.60169	-7.59136	-0.327432	4.60169	-7.59136	0
5.64998	-7.66207	-0.317286	5.64998	-7.66207	0
6.70798	-7.65607	-0.330129	6.70798	-7.65607	0
7.77817	-7.6205	-0.322776	7.77817	-7.6205	0
8.79296	-7.64098	-0.344964	8.79296	-7.64098	0
9.75336	-7.57426	-0.326948	9.75336	-7.57426	0
10.832	-7.55162	-0.317585	10.832	-7.55162	0
-11.902	-7.50473	-0.328361	11.8841	-7.50473	0
-10.8764	-7.54501	-0.308107	-10.8764	-7.54501	0
-9.86467	-7.55896	-0.313321	-9.86467	-7.55896	0
-8.86455	-7.57931	-0.34078	-8.86455	-7.57931	0
-7.81047	-7.57613	-0.293494	-7.81047	-7.57613	0
-6.76232	-7.58125	-0.294259	-6.76232	-7.58125	0
-5.79127	-7.6384	-0.326799	-5.79127	-7.6384	0
-4.6382	-7.64692	-0.334456	-4.6382	-7.64692	0
-3.64248	-7.63149	-0.297045	-3.64248	-7.63149	0
-2.63708	-7.67002	-0.329539	-2.63708	-7.67002	0
-1.61546	-7.61375	-0.302912	-1.61546	-7.61375	0
-0.512921	-6.58056	-0.291035	-0.512921	-6.58056	0
0.527809	-6.57148	-0.326883	0.527809	-6.57148	0
1.55647	-6.55734	-0.318694	1.55647	-6.55734	0
2.57328	-6.49925	-0.300449	2.57328	-6.49925	0
3.5834	-6.5138	-0.293961	3.5834	-6.5138	0
4.55842	-6.57417	-0.314272	4.55842	-6.57417	0
5.62453	-6.56891	-0.306868	5.62453	-6.56891	0
6.70572	-6.57586	-0.322891	6.70572	-6.57586	0
7.75757	-6.5378	-0.299411	7.75757	-6.5378	0
8.75229	-6.53114	-0.31013	8.75229	-6.53114	0
9.76933	-6.55722	-0.310887	9.76933	-6.55722	0
10.8381	-6.51729	-0.324503	10.8381	-6.51729	0
11.8833	-6.44355	-0.301935	11.8833	-6.44355	0
-10.8589	-6.53588	-0.315525	-10.8589	-6.53588	0
-9.8703	-6.49747	-0.309118	-9.8703	-6.49747	0
-8.85935	-6.54027	-0.34985	-8.85935	-6.54027	0
-7.8308	-6.51689	-0.311509	-7.8308	-6.51689	0
-6.69484	-6.52284	-0.316327	-6.69484	-6.52284	0
-5.66619	-6.57855	-0.306951	-5.66619	-6.57855	0
-4.65614	-6.55232	-0.333929	-4.65614	-6.55232	0
-3.65733	-6.58589	-0.289633	-3.65733	-6.58589	0
-2.61646	-6.5986	-0.337029	-2.61646	-6.5986	0
-1.60144	-6.56711	-0.327989	-1.60144	-6.56711	0
-0.573741	-5.48797	-0.330082	-0.573741	-5.48797	0
0.470177	-5.56284	-0.299397	0.470177	-5.56284	0
1.49303	-5.57371	-0.342402	1.49303	-5.57371	0
2.5018	-5.51042	-0.315183	2.5018	-5.51042	0
3.57391	-5.51933	-0.30816	3.57391	-5.51933	0
4.62966	-5.54534	-0.291313	4.62966	-5.54534	0
5.62113	-5.55828	-0.318553	5.62113	-5.55828	0
6.65386	-5.50375	-0.314645	6.65386	-5.50375	0
7.71387	-5.52999	-0.308684	7.71387	-5.52999	0
8.75664	-5.53894	-0.32858	8.75664	-5.53894	0
9.85492	-5.46664	-0.323162	9.85492	-5.46664	0
10.8741	-5.44031	-0.305548	10.8741	-5.44031	0
11.9187	-5.4415	-0.347891	-11.8673	-5.4415	0
-10.8854	-5.448	-0.308314	-10.8854	-5.448	0
-9.8755	-5.50616	-0.32331	-9.8755	-5.50616	0
-8.87233	-5.50495	-0.32519	-8.87233	-5.50495	0
-7.78196	-5.50371	-0.315496	-7.78196	-5.50371	0
-6.72014	-5.52709	-0.318222	-6.72014	-5.52709	0
-5.73765	-5.54622	-0.323926	-5.73765	-5.54622	0
-4.69428	-5.54446	-0.320826	-4.69428	-5.54446	0
-3.6999	-5.49881	-0.321999	-3.6999	-5.49881	0
-2.68694	-5.56806	-0.311419	-2.68694	-5.56806	0
-1.6438	-5.51339	-0.303642	-1.6438	-5.51339	0
-0.587551	-4.4861	-0.306675	-0.587551	-4.4861	0
0.466218	-4.54571	-0.320249	0.466218	-4.54571	0
1.54445	-4.52551	-0.294282	1.54445	-4.52551	0
2.54455	-4.49346	-0.335906	2.54455	-4.49346	0
3.57209	-4.49608	-0.315034	3.57209	-4.49608	0
4.60396	-4.51687	-0.31058	4.60396	-4.51687	0
5.65653	-4.50364	-0.319774	5.65653	-4.50364	0
6.66051	-4.46632	-0.324638	6.66051	-4.46632	0
7.70856	-4.47352	-0.32866	7.70856	-4.47352	0
8.70329	-4.50133	-0.319887	8.70329	-4.50133	0
9.78252	-4.44477	-0.336537	9.78252	-4.44477	0
10.8504	-4.39737	-0.314746	10.8504	-4.39737	0
11.8878	-4.3953	-0.301117	11.8878	-4.3953	0
-10.9124	-4.41965	-0.295758	-10.9124	-4.41965	0
-9.86625	-4.48021	-0.325872	-9.86625	-4.48021	0
-8.7998	-4.47626	-0.313908	-8.7998	-4.47626	0
-7.78634	-4.46518	-0.339301	-7.78634	-4.46518	0
-6.74868	-4.49584	-0.312244	-6.74868	-4.49584	0
-5.70915	-4.51307	-0.322656	-5.70915	-4.51307	0
-4.72561	-4.51995	-0.310874	-4.72561	-4.51995	0
-3.71464	-4.50098	-0.328144	-3.71464	-4.50098	0
-2.67264	-4.52461	-0.319635	-2.67264	-4.52461	0
-1.62918	-4.49306	-0.315052	-1.62918	-4.49306	0
-0.597963	-3.4868	-0.3451	-0.597963	-3.4868	0
0.48106	-3.49076	-0.346829	0.48106	-3.49076	0
1.50187	-3.51043	-0.326371	1.50187	-3.51043	0
2.54935	-3.5032	-0.31373	2.54935	-3.5032	0
3.58983	-3.50753	-0.329439	3.58983	-3.50753	0
4.62672	-3.46361	-0.333595	4.62672	-3.46361	0
5.70244	-3.40684	-0.310716	5.70244	-3.40684	0
6.68239	-3.43941	-0.316886	6.68239	-3.43941	0
7.68636	-3.47655	-0.283616	7.68636	-3.47655	0
8.75742	-3.41782	-0.336063	8.75742	-3.41782	0
9.72639	-3.45769	-0.287235	9.72639	-3.45769	0
10.8161	-3.36436	-0.313535	10.8161	-3.36436	0
11.9152	-3.35213	-0.328891	-11.8708	-3.35213	0
-10.8451	-3.34855	-0.315724	-10.8451	-3.34855	0
-9.8324	-3.3634	-0.324909	-9.8324	-3.3634	0
-8.83089	-3.41242	-0.330332	-8.83089	-3.41242	0
-7.83386	-3.42297	-0.309905	-7.83386	-3.42297	0
-6.83475	-3.47514	-0.347333	-6.83475	-3.47514	0
-5.73738	-3.4857	-0.321424	-5.73738	-3.4857	0
-4.75149	-3.44714	-0.317334	-4.75149	-3.44714	0
-3.72012	-3.43177	-0.325797	-3.72012	-3.43177	0
-2.69895	-3.48732	-0.290643	-2.69895	-3.48732	0
-1.67706	-3.47809	-0.316776	-1.67706	-3.47809	0
-0.604122	-2.43232	-0.310348	-0.604122	-2.43232	0
0.46441	-2.4269	-0.313986	0.46441	-2.4269	0
1.47702	-2.41782	-0.309409	1.47702	-2.41782	0
2.57009	-2.49721	-0.306368	2.57009	-2.49721	0
3.56573	-2.4976	-0.3378	3.56573	-2.4976	0
4.59299	-2.48338	-0.322331	4.59299	-2.48338	0
5.5878	-2.39376	-0.31018	5.5878	-2.39376	0
6.63382	-2.35143	-0.331467	6.63382	-2.35143	0
7.65373	-2.42656	-0.289137	7.65373	-2.42656	0
8.72019	-2.39728	-0.329946	8.72019	-2.39728	0
9.76345	-2.39661	-0.311353	9.76345	-2.39661	0
10.8414	-2.35943	-0.335016	10.8414	-2.35943	0
11.8457	-2.33616	-0.322909	11.8457	-2.33616	0
-10.8657	-2.36456	-0.282774	-10.8657	-2.36456	0
-9.89507	-2.40441	-0.325169	-9.89507	-2.40441	0
-8.81687	-2.34317	-0.320367	-8.81687	-2.34317	0
-7.82213	-2.40054	-0.314748	-7.82213	-2.40054	0
-6.7768	-2.42188	-0.310569	-6.7768	-2.42188	0
-5.7331	-2.42235	-0.326386	-5.7331	-2.42235	0
-4.7423	-2.44826	-0.354253	-4.7423	-2.44826	0
-3.73389	-2.40546	-0.334363	-3.73389	-2.40546	0
-2.70667	-2.40967	-0.320314	-2.70667	-2.40967	0
-1.70542	-2.4078	-0.313561	-1.70542	-2.4078	0
-0.579102	-1.4024	-0.32357	-0.579102	-1.4024	0
0.484136	-1.42927	-0.315403	0.484136	-1.42927	0
1.48368	-1.39039	-0.34792	1.48368	-1.39039	0
2.54439	-1.38468	-0.302702	2.54439	-1.38468	0
3.54017	-1.45807	-0.336285	3.54017	-1.45807	0
4.59979	-1.42443	-0.320314	4.59979	-1.42443	0
5.62243	-1.42267	-0.322228	5.62243	-1.42267	0
6.64584	-1.3668	-0.329153	6.64584	-1.3668	0
7.72965	-1.33518	-0.277326	7.72965	-1.33518	0
8.7342	-1.33744	-0.297327	8.7342	-1.33744	0
9.80734	-1.38204	-0.343561	9.80734	-1.38204	0
10.8395	-1.37634	-0.291961	10.8395	-1.37634	0
11.9126	-1.29212	-0.316701	-11.8734	-1.29212	0
-10.8804	-1.2834	-0.311789	-10.8804	-1.2834	0
-9.84066	-1.3493	-0.314333	-9.84066	-1.3493	0
-8.83963	-1.34544	-0.317981	-8.83963	-1.34544	0
-7.75954	-1.37119	-0.324599	-7.75954	-1.37119	0
-6.77917	-1.37787	-0.285185	-6.77917	-1.37787	0
-5.77323	-1.33309	-0.316742	-5.77323	-1.33309	0
-4.76831	-1.34877	-0.33361	-4.76831	-1.34877	0
-3.72787	-1.43935	-0.327899	-3.72787	-1.43935	0
-2.7028	-1.42075	-0.338329	-2.7028	-1.42075	0
-1.63878	-1.41887	-0.311591	-1.63878	-1.41887	0
-0.0824801	0.095961	0.309823	-0.0824801	0.095961	0
0.947243	0.106542	0.331564	0.947243	0.106542	0
1.99152	0.128954	0.303123	1.99152	0.128954	0
3.02593	0.112729	0.314966	3.02593	0.112729	0
4.10011	0.124558	0.342564	4.10011	0.124558	0
5.11472	0.159875	0.321715	5.11472	0.159875	0
6.08919	0.262082	0.303746	6.08919	0.262082	0
7.12024	0.225141	0.300093	7.12024	0.225141	0
8.16384	0.222315	0.310311	8.16384	0.222315	0
9.28212	0.162043	0.289285	9.28212	0.162043	0
10.3482	0.177669	0.289562	10.3482	0.177669	0
11.3383	0.255983	0.309169	11.3383	0.255983	0
-11.4225	0.296605	0.329449	-11.4225	0.296605	0
-10.3986	0.250387	0.293739	-10.3986	0.250387	0
-9.34791	0.259302	0.308126	-9.34791	0.259302	0
-8.35083	0.21616	0.317248	-8.35083	0.21616	0
-7.36525	0.22807	0.323752	-7.36525	0.22807	0
-6.27205	0.176054	0.33574	-6.27205	0.176054	0
-5.24476	0.215869	0.306724	-5.24476	0.215869	0
-4.17993	0.231294	0.314894	-4.17993	0.231294	0
-3.14799	0.165205	0.307972	-3.14799	0.165205	0
-2.17545	0.0901758	0.292448	-2.17545	0.0901758	0
-1.10057	0.128435	0.322018	-1.10057	0.128435	0
-0.0447857	1.22497	0.317521	-0.0447857	1.22497	0
0.983778	1.15844	0.319484	0.983778	1.15844	0
2.02942	1.11658	0.263797	2.02942	1.11658	0
3.05558	1.20317	0.305302	3.05558	1.20317	0
4.0921	1.20224	0.328333	4.0921	1.20224	0
5.14211	1.24018	0.292228	5.14211	1.24018	0
6.10947	1.24925	0.307001	6.10947	1.24925	0
7.18536	1.24136	0.326057	7.18536	1.24136	0
8.20525	1.2466	0.312689	8.20525	1.2466	0
9.27054	1.25602	0.317303	9.27054	1.25602	0
10.353	1.25654	0.306005	10.353	1.25654	0
11.3685	1.27561	0.299463	11.3685	1.27561	0
-11.4	1.30197	0.315468	-11.4	1.30197	0
-10.4127	1.27287	0.318654	-10.4127	1.27287	0
-9.26717	1.24581	0.337056	-9.26717	1.24581	0
-8.23712	1.21978	0.319051	-8.23712	1.21978	0
-7.21037	1.24468	0.298651	-7.21037	1.24468	0
-6.19829	1.20192	0.315213	-6.19829	1.20192	0
-5.15902	1.22622	0.311391	-5.15902	1.22622	0
-4.1482	1.28682	0.293125	-4.1482	1.28682	0
-3.10262	1.1756	0.321461	-3.10262	1.1756	0
-2.06886	1.14166	0.282792	-2.06886	1.14166	0
-1.07649	1.13259	0.326169	-1.07649	1.13259	0
0.00548674	2.22271	0.319455	0.00548674	2.22271	0
1.00946	2.1766	0.323156	1.00946	2.1766	0
2.03837	2.179	0.329222	2.03837	2.179	0
3.08385	2.22225	0.326958	3.08385	2.22225	0
4.07643	2.30103	0.339188	4.07643	2.30103	0
5.09047	2.26576	0.30402	5.09047	2.26576	0
6.12888	2.31284	0.325988	6.12888	2.31284	0
7.15312	2.2302	0.322519	7.15312	2.2302	0
8.29225	2.26384	0.288193	8.29225	2.26384	0
9.29324	2.21281	0.312308	9.29324	2.21281	0
10.3311	2.28175	0.315924	10.3311	2.28175	0
11.3578	2.28777	0.294894	11.3578	2.28777	0
-11.3931	2.34406	0.320216	-11.3931	2.34406	0
-10.3027	2.27123	0.329487	-10.3027	2.27123	0
-9.29636	2.26624	0.319426	-9.29636	2.26624	0
-8.2497	2.30297	0.313251	-8.2497	2.30297	0
-7.26424	2.2335	0.300648	-7.26424	2.2335	0
-6.18641	2.15842	0.340999	-6.18641	2.15842	0
-5.19041	2.23916	0.33286	-5.19041	2.23916	0
-4.13344	2.24527	0.325374	-4.13344	2.24527	0
-3.07639	2.25642	0.308527	-3.07639	2.25642	0
-2.08334	2.16185	0.317131	-2.08334	2.16185	0
-1.00553	2.2225	0.323746	-1.00553	2.2225	0
-0.0272173	3.20891	0.311745	-0.0272173	3.20891	0
0.999122	3.17541	0.323195	0.999122	3.17541	0
2.00268	3.24153	0.360414	2.00268	3.24153	0
3.09532	3.31868	0.306875	3.09532	3.31868	0
4.09458	3.32998	0.296002	4.09458	3.32998	0
5.16796	3.33149	0.319718	5.16796	3.33149	0
6.24137	3.33628	0.320828	6.24137	3.33628	0
7.23164	3.23497	0.316825	7.23164	3.23497	0
8.23555	3.26757	0.305196	8.23555	3.26757	0
9.30167	3.3359	0.313283	9.30167	3.3359	0
10.3544	3.33068	0.325451	10.3544	3.33068	0
11.3809	3.30176	0.311963	11.3809	3.30176	0
-11.3632	3.35436	0.30341	-11.3632	3.35436	0
-10.3175	3.25954	0.332578	-10.3175	3.25954	0
-9.31501	3.26025	0.327174	-9.31501	3.26025	0
-8.23217	3.28918	0.334195	-8.23217	3.28918	0
-7.22246	3.2655	0.312686	-7.22246	3.2655	0
-6.20749	3.20584	0.339265	-6.20749	3.20584	0
-5.19779	3.25709	0.310829	-5.19779	3.25709	0
-4.12958	3.22755	0.32345	-4.12958	3.22755	0
-3.12482	3.24581	0.316014	-3.12482	3.24581	0
-2.07325	3.28252	0.333241	-2.07325	3.28252	0
-1.00238	3.25359	0.345403	-1.00238	3.25359	0
0.013933	4.19836	0.339783	0.013933	4.19836	0
1.01905	4.24329	0.327585	1.01905	4.24329	0
2.03117	4.26788	0.30472	2.03117	4.26788	0
3.07398	4.32051	0.313833	3.07398	4.32051	0
4.13786	4.33924	0.301159	4.13786	4.33924	0
5.21937	4.38237	0.282053	5.21937	4.38237	0
6.30354	4.35992	0.301552	6.30354	4.35992	0
7.28506	4.28608	0.287876	7.28506	4.28608	0
8.30996	4.28455	0.301251	8.30996	4.28455	0
9.36867	4.33049	0.299304	9.36867	4.33049	0
10.3752	4.35056	0.307163	10.3752	4.35056	0
11.4715	4.35736	0.329549	11.4715	4.35736	0
-11.3438	4.34679	0.312679	-11.3438	4.34679	0
-10.3005	4.34714	0.316585	-10.3005	4.34714	0
-9.27126	4.34322	0.317559	-9.27126	4.34322	0
-8.24844	4.33609	0.318438	-8.24844	4.33609	0
-7.2279	4.28294	0.314044	-7.2279	4.28294	0
-6.19792	4.29701	0.338747	-6.19792	4.29701	0
-5.1196	4.24049	0.301652	-5.1196	4.24049	0
-4.10251	4.22665	0.32006	-4.10251	4.22665	0
-3.08363	4.24207	0.319947	-3.08363	4.24207	0
-2.09184	4.27176	0.283393	-2.09184	4.27176	0
-1.02186	4.35139	0.298605	-1.02186	4.35139	0
0.0156808	5.36625	0.355633	0.0156808	5.36625	0
1.03435	5.35509	0.318354	1.03435	5.35509	0
2.0439	5.32505	0.347927	2.0439	5.32505	0
3.09364	5.32114	0.295834	3.09364	5.32114	0
4.15905	5.38455	0.323293	4.15905	5.38455	0
5.20345	5.41237	0.324724	5.20345	5.41237	0
6.22397	5.32239	0.329592	6.22397	5.32239	0
7.28519	5.32012	0.332265	7.28519	5.32012	0
8.26817	5.33302	0.329395	8.26817	5.33302	0
9.33477	5.37944	0.310854	9.33477	5.37944	0
10.3918	5.36957	0.318535	10.3918	5.36957	0
11.489	5.38786	0.335806	11.489	5.38786	0
-11.2618	5.3668	0.29447	-11.2618	5.3668	0
-10.2493	5.3611	0.335501	-10.2493	5.3611	0
-9.24547	5.34491	0.32471	-9.24547	5.34491	0
-8.22413	5.35038	0.326026	-8.22413	5.35038	0
-7.17218	5.2809	0.325301	-7.17218	5.2809	0
-6.165	5.30529	0.328159	-6.165	5.30529	0
-5.17376	5.29501	0.304113	-5.17376	5.29501	0
-4.15613	5.33299	0.326952	-4.15613	5.33299	0
-3.13779	5.30726	0.340999	-3.13779	5.30726	0
-2.07724	5.28321	0.345966	-2.07724	5.28321	0
-1.03649	5.33768	0.296322	-1.03649	5.33768	0
0.0582175	6.42044	0.259774	0.0582175	6.42044	0
1.0855	6.45126	0.332811	1.0855	6.45126	0
2.13781	6.39465	0.343104	2.13781	6.39465	0
3.15981	6.37772	0.314995	3.15981	6.37772	0
4.16412	6.44295	0.310836	4.16412	6.44295	0
5.17581	6.45079	0.31132	5.17581	6.45079	0
6.25035	6.45698	0.322894	6.25035	6.45698	0
7.30121	6.38608	0.309795	7.30121	6.38608	0
8.3703	6.40852	0.33222	8.3703	6.40852	0
9.41348	6.35624	0.291823	9.41348	6.35624	0
10.4347	6.43801	0.305345	10.4347	6.43801	0
11.4328	6.40759	0.340576	11.4328	6.40759	0
-11.3104	6.37804	0.330967	-11.3104	6.37804	0
-10.2602	6.4548	0.332473	-10.2602	6.4548	0
-9.22621	6.39137	0.303725	-9.22621	6.39137	0
-8.24549	6.36628	0.311137	-8.24549	6.36628	0
-7.21753	6.27169	0.350618	-7.21753	6.27169	0
-6.191	6.36978	0.346301	-6.191	6.36978	0
-5.1586	6.31719	0.32991	-5.1586	6.31719	0
-4.17095	6.35896	0.328482	-4.17095	6.35896	0
-3.11545	6.39646	0.31623	-3.11545	6.39646	0
-2.0727	6.33612	0.335207	-2.0727	6.33612	0
-1.01126	6.36415	0.343551	-1.01126	6.36415	0
0.0509498	7.43375	0.313643	0.0509498	7.43375	0
1.03619	7.46765	0.297037	1.03619	7.46765	0
2.09475	7.41338	0.33749	2.09475	7.41338	0
3.152	7.40859	0.297267	3.152	7.40859	0
4.14902	7.52779	0.3132	4.14902	7.52779	0
5.19258	7.46191	0.313973	5.19258	7.46191	0
6.2632	7.44227	0.318328	6.2632	7.44227	0
7.33974	7.40089	0.318666	7.33974	7.40089	0
8.37374	7.4009	0.327583	8.37374	7.4009	0
9.38363	7.4543	0.324415	9.38363	7.4543	0
10.3819	7.44652	0.295981	10.3819	7.44652	0
11.4614	7.4707	0.313118	11.4614	7.4707	0
-11.3251	7.4185	0.327156	-11.3251	7.4185	0
-10.2771	7.45176	0.305173	-10.2771	7.45176	0
-9.2185	7.44837	0.317331	-9.2185	7.44837	0
-8.18411	7.41276	0.309169	-8.18411	7.41276	0
-7.18871	7.35806	0.333701	-7.18871	7.35806	0
-6.16163	7.39778	0.338715	-6.16163	7.39778	0
-5.13025	7.44815	0.308518	-5.13025	7.44815	0
-4.12853	7.36998	0.318029	-4.12853	7.36998	0
-3.11095	7.3831	0.322413	-3.11095	7.3831	0
-2.01254	7.40802	0.298429	-2.01254	7.40802	0
-1.00523	7.41726	0.348115	-1.00523	7.41726	0
0.020162	8.42906	0.335165	0.020162	8.42906	0
1.02891	8.43269	0.338568	1.02891	8.43269	0
2.08194	8.47849	0.338018	2.08194	8.47849	0
3.11851	8.40848	0.357334	3.11851	8.40848	0
4.17833	8.4917	0.336624	4.17833	8.4917	0
5.19116	8.53928	0.316608	5.19116	8.53928	0
6.26943	8.49176	0.32753	6.26943	8.49176	0
7.26827	8.46333	0.29286	7.26827	8.46333	0
8.34641	8.43707	0.309444	8.34641	8.43707	0
9.35772	8.44991	0.306218	9.35772	8.44991	0
10.4471	8.51756	0.329787	10.4471	8.51756	0
11.4421	8.52226	0.331538	11.4421	8.52226	0
-11.3044	8.50924	0.284091	-11.3044	8.50924	0
-10.2565	8.45142	0.303735	-10.2565	8.45142	0
-9.25631	8.4409	0.318468	-9.25631	8.4409	0
-8.22452	8.50892	0.307214	-8.22452	8.50892	0
-7.22483	8.43492	0.306044	-7.22483	8.43492	0
-6.17613	8.39186	0.331502	-6.17613	8.39186	0
-5.10411	8.47454	0.320124	-5.10411	8.47454	0
-4.05086	8.44058	0.313581	-4.05086	8.44058	0
-3.08024	8.45706	0.310237	-3.08024	8.45706	0
-2.06178	8.4457	0.301523	-2.06178	8.4457	0
-0.972208	8.41204	0.289108	-0.972208	8.41204	0
0.00509571	9.43404	0.336407	0.00509571	9.43404	0
1.00404	9.45693	0.309188	1.00404	9.45693	0
2.02514	9.42991	0.295053	2.02514	9.42991	0
3.11551	9.47503	0.324349	3.11551	9.47503	0
4.2226	9.54397	0.331596	4.2226	9.54397	0
5.19891	9.54268	0.337405	5.19891	9.54268	0
6.18836	9.50745	0.309505	6.18836	9.50745	0
7.25115	9.46716	0.294097	7.25115	9.46716	0
8.2573	9.48221	0.330993	8.2573	9.48221	0
9.26482	9.50234	0.322909	9.26482	9.50234	0
10.2781	9.54287	0.329267	10.2781	9.54287	0
11.4143	9.58159	0.312625	11.4143	9.58159	0
-11.3402	9.48572	0.32192	-11.3402	9.48572	0
-10.2827	9.50375	0.29437	-10.2827	9.50375	0
-9.30753	9.49032	0.321105	-9.30753	9.49032	0
-8.24769	9.55054	0.308456	-8.24769	9.55054	0
-7.23816	9.43327	0.322461	-7.23816	9.43327	0
-6.16425	9.48677	0.320149	-6.16425	9.48677	0
-5.16817	9.44218	0.333984	-5.16817	9.44218	0
-4.13913	9.41184	0.319627	-4.13913	9.41184	0
-3.11658	9.448	0.312918	-3.11658	9.448	0
-2.07672	9.4949	0.33115	-2.07672	9.4949	0
-1.05216	9.45323	0.335659	-1.05216	9.45323	0
0.00351988	10.4859	0.286237	0.00351988	10.4859	0
1.01368	10.5017	0.321267	1.01368	10.5017	0
2.08793	10.5075	0.328699	2.08793	10.5075	0
3.0979	10.5422	0.342516	3.0979	10.5422	0
4.11487	10.5428	0.299849	4.11487	10.5428	0
5.12746	10.5623	0.312321	5.12746	10.5623	0
6.20419	10.5442	0.323939	6.20419	10.5442	0
7.24809	10.4986	0.343046	7.24809	10.4986	0
8.21267	10.4661	0.323791	8.21267	10.4661	0
9.28571	10.508	0.316474	9.28571	10.508	0
10.3428	10.5341	0.307693	10.3428	10.5341	0
11.3648	10.5838	0.308146	11.3648	10.5838	0
-11.3559	10.5039	0.314151	-11.3559	10.5039	0
-10.2615	10.5109	0.315049	-10.2615	10.5109	0
-9.25619	10.5439	0.303175	-9.25619	10.5439	0
-8.27879	10.5302	0.315535	-8.27879	10.5302	0
-7.21949	10.4771	0.323794	-7.21949	10.4771	0
-6.16367	10.5239	0.331828	-6.16367	10.5239	0
-5.12853	10.4495	0.31725	-5.12853	10.4495	0
-4.15668	10.4793	0.319697	-4.15668	10.4793	0
-3.1171	10.451	0.341279	-3.1171	10.451	0
-2.04345	10.4838	0.311402	-2.04345	10.4838	0
-1.01164	10.503	0.32875	-1.01164	10.503	0
-0.0104284	11.5203	0.328914	-0.0104284	11.5203	0
1.06022	11.5732	0.33213	1.06022	11.5732	0
2.05606	11.5518	0.310656	2.05606	11.5518	0
3.07648	11.5466	0.328412	3.07648	11.5466	0
4.07642	11.5522	0.310152	4.07642	11.5522	0
5.1083	11.5549	0.295927	5.1083	11.5549	0
6.20304	11.5475	0.339122	6.20304	11.5475	0
7.2453	11.5281	0.320223	7.2453	11.5281	0
8.27798	11.5004	0.302421	8.27798	11.5004	0
9.32725	11.5522	0.304207	9.32725	11.5522	0
10.3536	11.5401	0.317347	10.3536	11.5401	0
11.3952	11.5715	0.276888	11.3952	11.5715	0
-11.3534	11.5786	0.261672	-11.3534	11.5786	0
-10.3105	11.5722	0.322865	-10.3105	11.5722	0
-9.32128	11.5912	0.339824	-9.32128	11.5912	0
-8.27449	11.5597	0.320678	-8.27449	11.5597	0
-7.23863	11.5945	0.307293	-7.23863	11.5945	0
-6.22908	11.5131	0.334939	-6.22908	11.5131	0
-5.20918	11.4876	0.318139	-5.20918	11.4876	0
-4.17077	11.5415	0.288151	-4.17077	11.5415	0
-3.14547	11.5358	0.33637	-3.14547	11.5358	0
-2.12819	11.5115	0.292109	-2.12819	11.5115	0
-1.08117	11.5768	0.299091	-1.08117	11.5768	0
-0.0325856	-11.2304	0.313765	-0.0325856	-11.2304	0
0.976817	-11.1775	0.331419	0.976817	-11.1775	0
1.97723	-11.1486	0.325523	1.97723	-11.1486	0
3.00328	-11.1785	0.314455	3.00328	-11.1785	0
4.09425	-11.1775	0.324405	4.09425	-11.1775	0
5.08308	-11.1998	0.329361	5.08308	-11.1998	0
6.16262	-11.2289	0.322444	6.16262	-11.2289	0
7.20699	-11.2809	0.306475	7.20699	-11.2809	0
8.2579	-11.2886	0.31937	8.2579	-11.2886	0
9.28833	-11.1589	0.330628	9.28833	-11.1589	0
10.3586	-11.216	0.311598	10.3586	-11.216	0
11.3894	-11.1925	0.338323	11.3894	-11.1925	0
-11.3368	-11.1789	0.308538	-11.3368	-11.1789	0
-10.3041	-11.1515	0.295641	-10.3041	-11.1515	0
-9.36705	-11.1801	0.326349	-9.36705	-11.1801	0
-8.27663	-11.1784	0.316043	-8.27663	-11.1784	0
-7.2688	-11.1688	0.305827	-7.2688	-11.1688	0
-6.24955	-11.2289	0.316717	-6.24955	-11.2289	0
-5.19925	-11.2086	0.324681	-5.19925	-11.2086	0
-4.13789	-11.2357	0.299909	-4.13789	-11.2357	0
-3.14761	-11.2217	0.315722	-3.14761	-11.2217	0
-2.0799	-11.2077	0.319117	-2.0799	-11.2077	0
-1.02359	-11.1796	0.320113	-1.02359	-11.1796	0
-0.0419791	-10.2023	0.318098	-0.0419791	-10.2023	0
0.951319	-10.1156	0.308722	0.951319	-10.1156	0
1.95449	-10.1447	0.31148	1.95449	-10.1447	0
2.99299	-10.1415	0.307876	2.99299	-10.1415	0
4.07629	-10.1712	0.331145	4.07629	-10.1712	0
5.1588	-10.1592	0.310632	5.1588	-10.1592	0
6.13727	-10.1819	0.315639	6.13727	-10.1819	0
7.20936	-10.2427	0.330309	7.20936	-10.2427	0
8.21736	-10.2388	0.294159	8.21736	-10.2388	0
9.27131	-10.1484	0.336306	9.27131	-10.1484	0
10.3599	-10.2209	0.30791	10.3599	-10.2209	0
11.3953	-10.2088	0.308938	11.3953	-10.2088	0
-11.455	-10.1295	0.337604	-11.455	-10.1295	0
-10.4236	-10.1106	0.310191	-10.4236	-10.1106	0
-9.36326	-10.0885	0.326789	-9.36326	-10.0885	0
-8.30518	-10.1657	0.292304	-8.30518	-10.1657	0
-7.25031	-10.1782	0.306675	-7.25031	-10.1782	0
-6.24184	-10.2016	0.323035	-6.24184	-10.2016	0
-5.21889	-10.1799	0.340211	-5.21889	-10.1799	0
-4.09941	-10.2399	0.349743	-4.09941	-10.2399	0
-3.10576	-10.1513	0.317246	-3.10576	-10.1513	0
-2.11377	-10.0999	0.324794	-2.11377	-10.0999	0
-1.06783	-10.1899	0.309005	-1.06783	-10.1899	0
-0.0525176	-9.11194	0.307256	-0.0525176	-9.11194	0
1.03233	-9.06174	0.308905	1.03233	-9.06174	0
2.04522	-9.08082	0.326141	2.04522	-9.08082	0
3.09946	-9.06242	0.327166	3.09946	-9.06242	0
4.13324	-9.10452	0.292279	4.13324	-9.10452	0
5.13873	-9.10815	0.323631	5.13873	-9.10815	0
6.15617	-9.08394	0.329597	6.15617	-9.08394	0
7.1386	-9.20659	0.295836	7.1386	-9.20659	0
8.15516	-9.16704	0.312612	8.15516	-9.16704	0
9.30336	-9.16382	0.309305	9.30336	-9.16382	0
10.2963	-9.11648	0.306676	10.2963	-9.11648	0
11.3244	-9.13277	0.334285	11.3244	-9.13277	0
-11.4402	-9.04599	0.296441	-11.4402	-9.04599	0
-10.355	-9.07669	0.316754	-10.355	-9.07669	0
-9.35075	-9.02024	0.311455	-9.35075	-9.02024	0
-8.30795	-9.06252	0.329958	-8.30795	-9.06252	0
-7.25972	-9.12014	0.339505	-7.25972	-9.12014	0
-6.23413	-9.15739	0.32183	-6.23413	-9.15739	0
-5.25842	-9.14727	0.298814	-5.25842	-9.14727	0
-4.219	-9.16965	0.319444	-4.219	-9.16965	0
-3.21947	-9.18554	0.334301	-3.21947	-9.18554	0
-2.12141	-9.15706	0.287737	-2.12141	-9.15706	0
-1.10283	-9.1241	0.309347	-1.10283	-9.1241	0
0.00129659	-8.11428	0.34924	0.00129659	-8.11428	0
1.06924	-8.08941	0.311895	1.06924	-8.08941	0
2.02171	-8.03692	0.337195	2.02171	-8.03692	0
3.10755	-7.98595	0.328474	3.10755	-7.98595	0
4.10452	-8.06366	0.33446	4.10452	-8.06366	0
5.12748	-8.12751	0.30229	5.12748	-8.12751	0
6.14775	-8.12355	0.293712	6.14775	-8.12355	0
7.15272	-8.1454	0.346797	7.15272	-8.1454	0
8.22738	-8.1587	0.308506	8.22738	-8.1587	0
9.28607	-8.11628	0.342248	9.28607	-8.11628	0
10.2731	-8.05033	0.29946	10.2731	-8.05033	0
11.3496	-8.06315	0.336327	11.3496	-8.06315	0
-11.4299	-8.02711	0.32235	-11.4299	-8.02711	0
-10.3685	-8.08423	0.32854	-10.3685	-8.08423	0
-9.39846	-8.03389	0.309841	-9.39846	-8.03389	0
-8.3473	-8.07535	0.319883	-8.3473	-8.07535	0
-7.28815	-8.103	0.309404	-7.28815	-8.103	0
-6.21539	-8.15349	0.329193	-6.21539	-8.15349	0
-5.23814	-8.07172	0.30855	-5.23814	-8.07172	0
-4.19678	-8.14612	0.274369	-4.19678	-8.14612	0
-3.16111	-8.1675	0.313922	-3.16111	-8.1675	0
-2.13863	-8.09753	0.305383	-2.13863	-8.09753	0
-1.04133	-8.11175	0.334734	-1.04133	-8.11175	0
-0.0129899	-7.07241	0.326635	-0.0129899	-7.07241	0
0.983777	-7.0729	0.323083	0.983777	-7.0729	0
2.05966	-7.02787	0.325222	2.05966	-7.02787	0
3.05673	-7.01104	0.359707	3.05673	-7.01104	0
4.09484	-7.05973	0.32647	4.09484	-7.05973	0
5.11697	-7.13315	0.312834	5.11697	-7.13315	0
6.1544	-7.11332	0.302995	6.1544	-7.11332	0
7.19053	-7.08449	0.29093	7.19053	-7.08449	0
8.27443	-7.14362	0.326748	8.27443	-7.14362	0
9.20493	-7.05788	0.306071	9.20493	-7.05788	0
10.2854	-7.05808	0.312679	10.2854	-7.05808	0
11.3292	-7.00518	0.318637	11.3292	-7.00518	0
-11.4455	-7.00741	0.270855	-11.4455	-7.00741	0
-10.4167	-7.0223	0.335109	-10.4167	-7.0223	0
-9.337	-7.0416	0.29483	-9.337	-7.0416	0
-8.33308	-7.02516	0.312011	-8.33308	-7.02516	0
-7.21267	-7.00444	0.270033	-7.21267	-7.00444	0
-6.1826	-7.07632	0.331309	-6.1826	-7.07632	0
-5.14247	-7.12257	0.294954	-5.14247	-7.12257	0
-4.13264	-7.09637	0.327362	-4.13264	-7.09637	0
-3.09859	-7.08142	0.329782	-3.09859	-7.08142	0
-2.11572	-7.13163	0.303446	-2.11572	-7.13163	0
-1.12	-7.02604	0.301851	-1.12	-7.02604	0
-0.0574098	-6.00978	0.301589	-0.0574098	-6.00978	0
0.991903	-6.06484	0.314688	0.991903	-6.06484	0
1.96942	-6.05294	0.321787	1.96942	-6.05294	0
3.03648	-6.00596	0.33222	3.03648	-6.00596	0
4.09468	-5.98471	0.338841	4.09468	-5.98471	0
5.09444	-6.07934	0.316051	5.09444	-6.07934	0
6.17927	-6.07967	0.320985	6.17927	-6.07967	0
7.16964	-6.02209	0.325318	7.16964	-6.02209	0
8.26406	-5.97939	0.322664	8.26406	-5.97939	0
9.30675	-5.98294	0.309894	9.30675	-5.98294	0
10.311	-6.0088	0.331915	10.311	-6.0088	0
11.3425	-5.94271	0.3084	11.3425	-5.94271	0
-11.3804	-6.00585	0.325886	-11.3804	-6.00585	0
-10.3855	-6.03336	0.310929	-10.3855	-6.03336	0
-9.36457	-5.99772	0.334796	-9.36457	-5.99772	0
-8.33439	-6.00694	0.323541	-8.33439	-6.00694	0
-7.26805	-6.04175	0.308412	-7.26805	-6.04175	0
-6.15745	-6.0301	0.310679	-6.15745	-6.0301	0
-5.19703	-6.0923	0.314367	-5.19703	-6.0923	0
-4.15561	-6.0387	0.329142	-4.15561	-6.0387	0
-3.1376	-6.06751	0.312677	-3.1376	-6.06751	0
-2.11711	-6.07124	0.310302	-2.11711	-6.07124	0
-1.07715	-6.00833	0.332429	-1.07715	-6.00833	0
-0.0431859	-5.02393	0.309395	-0.0431859	-5.02393	0
1.01696	-5.03134	0.322146	1.01696	-5.03134	0
2.00125	-5.05115	0.331694	2.00125	-5.05115	0
3.01668	-5.00304	0.279969	3.01668	-5.00304	0
4.06563	-5.03374	0.319439	4.06563	-5.03374	0
5.12386	-5.01206	0.322354	5.12386	-5.01206	0
6.14781	-5.02051	0.315454	6.14781	-5.02051	0
7.17869	-5.03658	0.328234	7.17869	-5.03658	0
8.18618	-4.97688	0.305668	8.18618	-4.97688	0
9.25688	-4.96674	0.316005	9.25688	-4.96674	0
10.2906	-4.89912	0.302109	10.2906	-4.89912	0
11.3821	-4.89792	0.318211	11.3821	-4.89792	0
-11.3861	-4.96191	0.300171	-11.3861	-4.96191	0
-10.3962	-4.9553	0.314899	-10.3962	-4.9553	0
-9.34491	-4.99136	0.315276	-9.34491	-4.99136	0
-8.3099	-5.00476	0.321663	-8.3099	-5.00476	0
-7.24822	-5.01639	0.309709	-7.24822	-5.01639	0
-6.21887	-5.01777	0.301523	-6.21887	-5.01777	0
-5.20749	-5.09813	0.33789	-5.20749	-5.09813	0
-4.20265	-4.93647	0.317323	-4.20265	-4.93647	0
-3.16529	-5.03014	0.337196	-3.16529	-5.03014	0
-2.19523	-5.0252	0.312294	-2.19523	-5.0252	0
-1.11267	-5.03178	0.323994	-1.11267	-5.03178	0
-0.00386828	-4.0406	0.281257	-0.00386828	-4.0406	0
0.987086	-3.94904	0.308894	0.987086	-3.94904	0
1.99648	-3.99809	0.337018	1.99648	-3.99809	0
3.03617	-4.01321	0.328965	3.03617	-4.01321	0
4.08652	-4.04003	0.324405	4.08652	-4.04003	0
5.08955	-3.9766	0.323478	5.08955	-3.9766	0
6.13441	-3.92479	0.275284	6.13441	-3.92479	0
7.1674	-3.98202	0.326156	7.1674	-3.98202	0
8.19609	-3.89644	0.310639	8.19609	-3.89644	0
9.24957	-3.9449	0.327972	9.24957	-3.9449	0
10.3507	-3.92034	0.31737	10.3507	-3.92034	0
11.3938	-3.87582	0.338285	11.3938	-3.87582	0
-11.3936	-3.87385	0.314046	-11.3936	-3.87385	0
-10.362	-3.91609	0.298662	-10.362	-3.91609	0
-9.4133	-3.95366	0.32632	-9.4133	-3.95366	0
-8.30666	-3.9348	0.328897	-8.30666	-3.9348	0
-7.31235	-3.96337	0.318857	-7.31235	-3.96337	0
-6.23965	-3.99361	0.3008	-6.23965	-3.99361	0
-5.25364	-4.00007	0.323579	-5.25364	-4.00007	0
-4.25067	-3.92676	0.308666	-4.25067	-3.92676	0
-3.20612	-4.01987	0.315277	-3.20612	-4.01987	0
-2.1646	-3.99377	0.321726	-2.1646	-3.99377	0
-1.15651	-4.0057	0.351439	-1.15651	-4.0057	0
-0.0744119	-2.96964	0.306368	-0.0744119	-2.96964	0
0.940262	-2.94439	0.305035	0.940262	-2.94439	0
2.00226	-2.98212	0.279062	2.00226	-2.98212	0
3.07857	-3.00941	0.338501	3.07857	-3.00941	0
4.0692	-3.01242	0.306459	4.0692	-3.01242	0
5.12069	-2.92216	0.305375	5.12069	-2.92216	0
6.16001	-2.8514	0.317539	6.16001	-2.8514	0
7.15379	-2.92709	0.328329	7.15379	-2.92709	0
8.19572	-2.92018	0.301647	8.19572	-2.92018	0
9.25278	-2.86682	0.327026	9.25278	-2.86682	0
10.305	-2.90612	0.32617	10.305	-2.90612	0
11.3804	-2.88333	0.34775	11.3804	-2.88333	0
-11.3938	-2.89204	0.315496	-11.3938	-2.89204	0
-10.2977	-2.9231	0.322107	-10.2977	-2.9231	0
-9.32024	-2.93456	0.315837	-9.32024	-2.93456	0
-8.35964	-2.93705	0.328189	-8.35964	-2.93705	0
-7.25319	-2.94797	0.319136	-7.25319	-2.94797	0
-6.2426	-2.94812	0.316637	-6.2426	-2.94812	0
-5.28902	-2.91073	0.301547	-5.28902	-2.91073	0
-4.26401	-2.92242	0.320876	-4.26401	-2.92242	0
-3.24121	-2.95485	0.314414	-3.24121	-2.95485	0
-2.181	-2.94916	0.316486	-2.181	-2.94916	0
-1.19321	-2.95282	0.29003	-1.19321	-2.95282	0
-0.0581183	-1.91932	0.315934	-0.0581183	-1.91932	0
0.99531	-1.91291	0.320168	0.99531	-1.91291	0
2.05712	-1.91669	0.317607	2.05712	-1.91669	0
3.03655	-1.99001	0.318659	3.03655	-1.99001	0
4.04706	-1.97356	0.315174	4.04706	-1.97356	0
5.05576	-1.93115	0.310612	5.05576	-1.93115	0
6.1271	-1.92915	0.314025	6.1271	-1.92915	0
7.1706	-1.92561	0.325797	7.1706	-1.92561	0
8.2234	-1.8821	0.3026	8.2234	-1.8821	0
9.21411	-1.88482	0.326452	9.21411	-1.88482	0
10.2944	-1.90013	0.317313	10.2944	-1.90013	0
11.3812	-1.83156	0.354688	11.3812	-1.83156	0
-11.3893	-1.83089	0.320359	-11.3893	-1.83089	0
-10.412	-1.80155	0.318382	-10.412	-1.80155	0
-9.34573	-1.92381	0.31795	-9.34573	-1.92381	0
-8.3187	-1.81985	0.310036	-8.3187	-1.81985	0
-7.29591	-1.92366	0.314775	-7.29591	-1.92366	0
-6.25866	-1.88024	0.33178	-6.25866	-1.88024	0
-5.22625	-1.88096	0.293445	-5.22625	-1.88096	0
-4.27505	-1.90301	0.305586	-4.27505	-1.90301	0
-3.23059	-1.91743	0.33762	-3.23059	-1.91743	0
-2.23204	-1.90636	0.308474	-2.23204	-1.90636	0
-1.148	-1.93049	0.328619	-1.148	-1.93049	0
-0.0362913	-0.901117	0.311833	-0.0362913	-0.901117	0
1.01525	-0.870707	0.317853	1.01525	-0.870707	0
1.96185	-0.887279	0.351295	1.96185	-0.887279	0
3.13235	-0.887523	0.293606	3.13235	-0.887523	0
4.14815	-0.897323	0.316885	4.14815	-0.897323	0
5.18687	-0.930485	0.320794	5.18687	-0.930485	0
6.13804	-0.831118	0.333456	6.13804	-0.831118	0
7.14727	-0.884929	0.28549	7.14727	-0.884929	0
8.22022	-0.801798	0.316536	8.22022	-0.801798	0
9.27406	-0.861746	0.316503	9.27406	-0.861746	0
10.3118	-0.862495	0.324352	10.3118	-0.862495	0
11.3896	-0.860993	0.313096	11.3896	-0.860993	0
-11.3677	-0.771676	0.335363	-11.3677	-0.771676	0
-10.3318	-0.75308	0.293771	-10.3318	-0.75308	0
-9.36002	-0.830453	0.311748	-9.36002	-0.830453	0
-8.37325	-0.789381	0.324948	-8.37325	-0.789381	0
-7.28082	-0.832991	0.307073	-7.28082	-0.832991	0
-6.26521	-0.835912	0.327629	-6.26521	-0.835912	0
-5.209	-0.849935	0.322093	-5.209	-0.849935	0
-4.18301	-0.940034	0.311461	-4.18301	-0.940034	0
-3.21721	-0.89683	0.312724	-3.21721	-0.89683	0
-2.18009	-0.926554	0.30827	-2.18009	-0.926554	0
-1.12746	-0.896437	0.323527	-1.12746	-0.896437	0
