-0.697645	-0.283905	-0.332824	-0.697645	-0.283905	0
0.307553	-0.223313	-0.279724	0.307553	-0.223313	0
1.32974	-0.244115	-0.312533	1.32974	-0.244115	0
2.38283	-0.224961	-0.317701	2.38283	-0.224961	0
3.40218	-0.228705	-0.284307	3.40218	-0.228705	0
4.45532	-0.211533	-0.330608	4.45532	-0.211533	0
5.4933	-0.297566	-0.317473	5.4933	-0.297566	0
6.54826	-0.268982	-0.343037	6.54826	-0.268982	0
7.5228	-0.235606	-0.314478	7.5228	-0.235606	0
8.5919	-0.222007	-0.316335	8.5919	-0.222007	0
9.642	-0.231119	-0.324501	9.642	-0.231119	0
10.6501	-0.155512	-0.302858	10.6501	-0.155512	0
11.6893	-0.217117	-0.320044	11.6893	-0.217117	0
-11.0104	-0.244885	-0.294109	-11.0104	-0.244885	0
-9.96488	-0.206014	-0.326218	-9.96488	-0.206014	0
-8.98182	-0.217476	-0.321603	-8.98182	-0.217476	0
-7.96695	-0.238789	-0.280635	-7.96695	-0.238789	0
-6.91293	-0.259738	-0.360243	-6.91293	-0.259738	0
-5.95172	-0.224271	-0.309214	-5.95172	-0.224271	0
-4.84178	-0.212869	-0.29939	-4.84178	-0.212869	0
-3.79033	-0.215014	-0.306476	-3.79033	-0.215014	0
-2.78298	-0.187862	-0.329966	-2.78298	-0.187862	0
-1.73028	-0.249003	-0.325634	-1.73028	-0.249003	0
-0.689652	0.778056	-0.302546	-0.689652	0.778056	0
0.316659	0.8434	-0.321699	0.316659	0.8434	0
1.34264	0.85114	-0.32051	1.34264	0.85114	0
2.38424	0.801388	-0.327801	2.38424	0.801388	0
3.42755	0.801338	-0.295054	3.42755	0.801338	0
4.5166	0.782592	-0.338357	4.5166	0.782592	0
5.51234	0.731285	-0.303251	5.51234	0.731285	0
6.54405	0.815755	-0.336037	6.54405	0.815755	0
7.55217	0.790447	-0.33177	7.55217	0.790447	0
8.55777	0.794673	-0.304293	8.55777	0.794673	0
9.62556	0.852424	-0.326028	9.62556	0.852424	0
10.6742	0.809783	-0.331934	10.6742	0.809783	0
11.6644	0.86746	-0.32683	11.6644	0.86746	0
-11.084	0.794859	-0.298631	-11.084	0.794859	0
-10.0013	0.798735	-0.314997	-10.0013	0.798735	0
-8.97822	0.834254	-0.312225	-8.97822	0.834254	0
-7.94693	0.777708	-0.304589	-7.94693	0.777708	0
-6.93203	0.753101	-0.341672	-6.93203	0.753101	0
-5.876	0.839462	-0.357296	-5.876	0.839462	0
-4.87746	0.832494	-0.338186	-4.87746	0.832494	0
-3.89373	0.790765	-0.347001	-3.89373	0.790765	0
-2.71509	0.815252	-0.309532	-2.71509	0.815252	0
-1.71962	0.814811	-0.334701	-1.71962	0.814811	0
-0.706593	1.88081	-0.31583	-0.706593	1.88081	0
0.357534	1.84797	-0.316643	0.357534	1.84797	0
1.3636	1.83256	-0.31066	1.3636	1.83256	0
2.37225	1.80963	-0.300878	2.37225	1.80963	0
3.43135	1.80759	-0.349913	3.43135	1.80759	0
4.50767	1.78778	-0.310044	4.50767	1.78778	0
5.52445	1.80665	-0.279104	5.52445	1.80665	0
6.53302	1.83839	-0.322811	6.53302	1.83839	0
7.60118	1.79397	-0.338735	7.60118	1.79397	0
8.59609	1.81899	-0.335822	8.59609	1.81899	0
9.61375	1.8936	-0.316388	9.61375	1.8936	0
10.6753	1.8756	-0.325991	10.6753	1.8756	0
11.6762	1.84441	-0.285032	11.6762	1.84441	0
-11.0525	1.84897	-0.31318	-11.0525	1.84897	0
-10.0748	1.87229	-0.310323	-10.0748	1.87229	0
-8.98612	1.89712	-0.303215	-8.98612	1.89712	0
-7.97017	1.89408	-0.301454	-7.97017	1.89408	0
-6.91407	1.83369	-0.31833	-6.91407	1.83369	0
-5.93166	1.86385	-0.32633	-5.93166	1.86385	0
-4.93678	1.8712	-0.320742	-4.93678	1.8712	0
-3.83313	1.83179	-0.318102	-3.83313	1.83179	0
-2.78793	1.8352	-0.309986	-2.78793	1.8352	0
-1.76404	1.84024	-0.298197	-1.76404	1.84024	0
-0.759589	2.83664	-0.31418	-0.759589	2.83664	0
0.282258	2.89062	-0.332413	0.282258	2.89062	0
1.3456	2.80911	-0.310337	1.3456	2.80911	0
2.3831	2.82557	-0.331236	2.3831	2.82557	0
3.41956	2.82182	-0.319269	3.41956	2.82182	0
4.43436	2.77438	-0.33467	4.43436	2.77438	0
5.50795	2.84986	-0.336557	5.50795	2.84986	0
6.54296	2.84279	-0.298835	6.54296	2.84279	0
7.58818	2.80487	-0.287537	7.58818	2.80487	0
8.58257	2.9153	-0.30478	8.58257	2.9153	0
9.65633	2.85661	-0.335877	9.65633	2.85661	0
10.6696	2.87491	-0.290094	10.6696	2.87491	0
11.7026	2.87466	-0.30829	11.7026	2.87466	0
-11.0984	2.84788	-0.337753	-11.0984	2.84788	0
-10.0731	2.86638	-0.35524	-10.0731	2.86638	0
-9.06613	2.92333	-0.293788	-9.06613	2.92333	0
-8.00871	2.9204	-0.307964	-8.00871	2.9204	0
-7.00236	2.85776	-0.324606	-7.00236	2.85776	0
-5.99433	2.88862	-0.30453	-5.99433	2.88862	0
-4.88795	2.86579	-0.315422	-4.88795	2.86579	0
-3.88111	2.80805	-0.320177	-3.88111	2.80805	0
-2.85102	2.86301	-0.33612	-2.85102	2.86301	0
-1.80199	2.84449	-0.324716	-1.80199	2.84449	0
-0.690418	3.87845	-0.312307	-0.690418	3.87845	0
0.319536	3.93823	-0.302432	0.319536	3.93823	0
1.31265	3.89354	-0.320238	1.31265	3.89354	0
2.36391	3.88788	-0.301365	2.36391	3.88788	0
3.3996	3.86078	-0.320509	3.3996	3.86078	0
4.44488	3.896	-0.311688	4.44488	3.896	0
5.50836	3.84859	-0.301678	5.50836	3.84859	0
6.61692	3.91217	-0.321551	6.61692	3.91217	0
7.62101	3.82849	-0.308639	7.62101	3.82849	0
8.65741	3.94153	-0.29083	8.65741	3.94153	0
9.69874	3.94181	-0.311792	9.69874	3.94181	0
10.7011	3.92047	-0.304796	10.7011	3.92047	0
11.7186	3.92665	-0.308349	11.7186	3.92665	0
-11.0344	3.90751	-0.301104	-11.0344	3.90751	0
-10.0532	3.92739	-0.304306	-10.0532	3.92739	0
-9.03385	3.85306	-0.311932	-9.03385	3.85306	0
-8.0212	3.94061	-0.29321	-8.0212	3.94061	0
-6.9608	3.93231	-0.321262	-6.9608	3.93231	0
-5.91401	3.89354	-0.34278	-5.91401	3.89354	0
-4.87937	3.89289	-0.316614	-4.87937	3.89289	0
-3.8461	3.82813	-0.32263	-3.8461	3.82813	0
-2.84225	3.84319	-0.322395	-2.84225	3.84319	0
-1.762	3.89094	-0.343279	-1.762	3.89094	0
-0.720385	4.95376	-0.306244	-0.720385	4.95376	0
0.367341	4.93647	-0.344509	0.367341	4.93647	0
1.35862	4.9329	-0.348244	1.35862	4.9329	0
2.4067	4.90343	-0.332123	2.4067	4.90343	0
3.48185	4.9231	-0.298111	3.48185	4.9231	0
4.48187	4.96425	-0.329165	4.48187	4.96425	0
5.52111	4.94636	-0.324623	5.52111	4.94636	0
6.54196	4.97957	-0.308643	6.54196	4.97957	0
7.58232	4.86626	-0.301975	7.58232	4.86626	0
8.59891	4.9342	-0.31272	8.59891	4.9342	0
9.65439	4.92876	-0.345981	9.65439	4.92876	0
10.6945	4.94139	-0.306917	10.6945	4.94139	0
11.6946	4.92101	-0.342586	11.6946	4.92101	0
-11.0931	5.00604	-0.309258	-11.0931	5.00604	0
-10.0233	4.94603	-0.310107	-10.0233	4.94603	0
-9.02622	4.97396	-0.294792	-9.02622	4.97396	0
-7.99166	4.98025	-0.30908	-7.99166	4.98025	0
-6.96083	4.93277	-0.309787	-6.96083	4.93277	0
-5.89698	4.93535	-0.302817	-5.89698	4.93535	0
-4.83493	4.87052	-0.315392	-4.83493	4.87052	0
-3.8167	4.87149	-0.302555	-3.8167	4.87149	0
-2.84054	4.87175	-0.325213	-2.84054	4.87175	0
-1.82124	4.96044	-0.330203	-1.82124	4.96044	0
-0.773429	5.97021	-0.322046	-0.773429	5.97021	0
0.282615	5.96591	-0.313874	0.282615	5.96591	0
1.33192	6.04337	-0.331362	1.33192	6.04337	0
2.40298	5.97056	-0.306862	2.40298	5.97056	0
3.4277	5.90412	-0.272579	3.4277	5.90412	0
4.42677	5.9214	-0.313002	4.42677	5.9214	0
5.53341	5.91694	-0.343692	5.53341	5.91694	0
6.52319	6.05341	-0.342638	6.52319	6.05341	0
7.61629	5.98596	-0.291821	7.61629	5.98596	0
8.57667	5.91951	-0.328755	8.57667	5.91951	0
9.64922	5.98854	-0.305619	9.64922	5.98854	0
10.6647	5.93626	-0.353293	10.6647	5.93626	0
11.673	5.96091	-0.321025	11.673	5.96091	0
-11.0961	5.97304	-0.317738	-11.0961	5.97304	0
-10.0323	6.02452	-0.318996	-10.0323	6.02452	0
-8.93082	5.97083	-0.29855	-8.93082	5.97083	0
-7.93838	5.99127	-0.3215	-7.93838	5.99127	0
-6.98185	6.02406	-0.316596	-6.98185	6.02406	0
-5.9033	5.93956	-0.314447	-5.9033	5.93956	0
-4.94102	5.94913	-0.317306	-4.94102	5.94913	0
-3.86856	5.87806	-0.296609	-3.86856	5.87806	0
-2.82096	5.95297	-0.32211	-2.82096	5.95297	0
-1.80269	5.99258	-0.31144	-1.80269	5.99258	0
-0.769239	7.02622	-0.326438	-0.769239	7.02622	0
0.32797	7.00413	-0.327025	0.32797	7.00413	0
1.34052	7.04033	-0.324385	1.34052	7.04033	0
2.38943	6.93879	-0.313757	2.38943	6.93879	0
3.40378	6.99002	-0.303876	3.40378	6.99002	0
4.35166	7.02052	-0.294919	4.35166	7.02052	0
5.38327	6.97234	-0.310598	5.38327	6.97234	0
6.47554	7.05148	-0.331066	6.47554	7.05148	0
7.53574	6.9775	-0.317717	7.53574	6.9775	0
8.6209	7.00073	-0.323795	8.6209	7.00073	0
9.62889	7.01442	-0.307338	9.62889	7.01442	0
10.6732	6.93187	-0.334444	10.6732	6.93187	0
11.7082	6.96646	-0.315593	11.7082	6.96646	0
-11.06	7.07945	-0.31068	-11.06	7.07945	0
-10.0593	7.01289	-0.322064	-10.0593	7.01289	0
-8.98551	7.03828	-0.312151	-8.98551	7.03828	0
-7.96619	7.0649	-0.308873	-7.96619	7.0649	0
-6.91388	7.011	-0.328312	-6.91388	7.011	0
-5.9073	7.023	-0.308827	-5.9073	7.023	0
-4.89346	6.9396	-0.319451	-4.89346	6.9396	0
-3.89659	6.93476	-0.321648	-3.89659	6.93476	0
-2.89925	6.99686	-0.315636	-2.89925	6.99686	0
-1.75956	7.00939	-0.322304	-1.75956	7.00939	0
-0.755673	8.02803	-0.320785	-0.755673	8.02803	0
0.243939	8.06139	-0.297183	0.243939	8.06139	0
1.25511	8.13032	-0.322662	1.25511	8.13032	0
2.26386	8.00854	-0.314757	2.26386	8.00854	0
3.33133	7.98284	-0.317775	3.33133	7.98284	0
4.38114	8.05087	-0.31056	4.38114	8.05087	0
5.41614	8.01345	-0.32548	5.41614	8.01345	0
6.47474	8.0522	-0.299463	6.47474	8.0522	0
7.52455	7.97074	-0.316873	7.52455	7.97074	0
8.54469	8.05177	-0.327117	8.54469	8.05177	0
9.58952	8.03168	-0.334731	9.58952	8.03168	0
10.6424	7.98844	-0.333589	10.6424	7.98844	0
11.6594	7.9971	-0.338869	11.6594	7.9971	0
-11.0904	8.05031	-0.311676	-11.0904	8.05031	0
-10.0846	8.10283	-0.329647	-10.0846	8.10283	0
-9.04186	8.01147	-0.338415	-9.04186	8.01147	0
-7.99451	8.11004	-0.315149	-7.99451	8.11004	0
-6.92469	8.05502	-0.316217	-6.92469	8.05502	0
-5.92594	8.08384	-0.320051	-5.92594	8.08384	0
-4.86757	8.07275	-0.322915	-4.86757	8.07275	0
-3.87921	8.02368	-0.343033	-3.87921	8.02368	0
-2.89301	8.02342	-0.307008	-2.89301	8.02342	0
-1.82819	8.04891	-0.326096	-1.82819	8.04891	0
-0.76863	9.07355	-0.318338	-0.76863	9.07355	0
0.21886	9.11159	-0.29943	0.21886	9.11159	0
1.26303	9.11026	-0.290572	1.26303	9.11026	0
2.37422	9.049	-0.292559	2.37422	9.049	0
3.3536	9.0826	-0.296121	3.3536	9.0826	0
4.41607	9.06697	-0.335028	4.41607	9.06697	0
5.43919	9.12957	-0.321694	5.43919	9.12957	0
6.49264	9.0769	-0.321273	6.49264	9.0769	0
7.51555	9.01512	-0.346491	7.51555	9.01512	0
8.51439	9.04084	-0.327868	8.51439	9.04084	0
9.58613	9.08649	-0.325066	9.58613	9.08649	0
10.6227	9.07204	-0.322275	10.6227	9.07204	0
11.6006	9.04378	-0.335631	11.6006	9.04378	0
-11.0753	9.08657	-0.31875	-11.0753	9.08657	0
-10.0883	9.11142	-0.339253	-10.0883	9.11142	0
-9.014	9.08887	-0.314161	-9.014	9.08887	0
-7.95638	9.08842	-0.328037	-7.95638	9.08842	0
-6.90619	9.10287	-0.325394	-6.90619	9.10287	0
-5.93184	9.06843	-0.292962	-5.93184	9.06843	0
-4.83699	9.10841	-0.350453	-4.83699	9.10841	0
-3.83678	9.11589	-0.279116	-3.83678	9.11589	0
-2.80717	9.07316	-0.31459	-2.80717	9.07316	0
-1.80332	9.08206	-0.301328	-1.80332	9.08206	0
-0.787148	10.1375	-0.348885	-0.787148	10.1375	0
0.260765	10.1479	-0.317737	0.260765	10.1479	0
1.34763	10.1366	-0.304782	1.34763	10.1366	0
2.35208	10.1013	-0.287092	2.35208	10.1013	0
3.37044	10.1124	-0.317292	3.37044	10.1124	0
4.41165	10.0833	-0.324818	4.41165	10.0833	0
5.43773	10.0787	-0.265381	5.43773	10.0787	0
6.51013	10.0693	-0.302134	6.51013	10.0693	0
7.52671	10.0541	-0.334465	7.52671	10.0541	0
8.56623	10.0636	-0.325683	8.56623	10.0636	0
9.5993	10.1597	-0.319191	9.5993	10.1597	0
10.6134	10.0945	-0.31026	10.6134	10.0945	0
11.6359	10.0653	-0.337356	11.6359	10.0653	0
-11.1707	10.1001	-0.351836	-11.1707	10.1001	0
-10.1168	10.1263	-0.332657	-10.1168	10.1263	0
-9.05224	10.1051	-0.31306	-9.05224	10.1051	0
-7.97655	10.1187	-0.343592	-7.97655	10.1187	0
-6.95995	10.1699	-0.337799	-6.95995	10.1699	0
-5.87693	10.098	-0.313042	-5.87693	10.098	0
-4.8497	10.0915	-0.312397	-4.8497	10.0915	0
-3.83468	10.1365	-0.325071	-3.83468	10.1365	0
-2.81623	10.1136	-0.341672	-2.81623	10.1136	0
-1.78322	10.1823	-0.32028	-1.78322	10.1823	0
-0.70077	11.1715	-0.307927	-0.70077	11.1715	0
0.243578	11.1642	-0.333951	0.243578	11.1642	0
1.24302	11.1373	-0.32701	1.24302	11.1373	0
2.33136	11.1516	-0.290853	2.33136	11.1516	0
3.37757	11.1282	-0.316604	3.37757	11.1282	0
4.42983	11.1282	-0.342784	4.42983	11.1282	0
5.45708	11.1268	-0.337494	5.45708	11.1268	0
6.52045	11.1635	-0.323057	6.52045	11.1635	0
7.5259	11.0879	-0.302256	7.5259	11.0879	0
8.51111	11.1295	-0.297709	8.51111	11.1295	0
9.57104	11.168	-0.290079	9.57104	11.168	0
10.6151	11.1393	-0.28807	10.6151	11.1393	0
11.6322	11.1332	-0.299527	11.6322	11.1332	0
-11.1311	11.1839	-0.312728	-11.1311	11.1839	0
-10.0873	11.1279	-0.325448	-10.0873	11.1279	0
-9.06745	11.1313	-0.312843	-9.06745	11.1313	0
-7.96776	11.1687	-0.299357	-7.96776	11.1687	0
-6.98787	11.1629	-0.289077	-6.98787	11.1629	0
-5.91808	11.1663	-0.301697	-5.91808	11.1663	0
-4.85945	11.1207	-0.318186	-4.85945	11.1207	0
-3.85392	11.142	-0.344395	-3.85392	11.142	0
-2.80264	11.1518	-0.343777	-2.80264	11.1518	0
-1.78824	11.1885	-0.327735	-1.78824	11.1885	0
-0.733576	-11.6008	-0.277994	-0.733576	-11.6008	0
0.252312	-11.5623	-0.342963	0.252312	-11.5623	0
1.28451	-11.6522	-0.32673	1.28451	-11.6522	0
2.37055	-11.6384	-0.340607	2.37055	-11.6384	0
3.40389	-11.672	-0.310245	3.40389	-11.672	0
4.49269	-11.6445	-0.294765	4.49269	-11.6445	0
5.54275	-11.6483	-0.327907	5.54275	-11.6483	0
6.55269	-11.6175	-0.342155	6.55269	-11.6175	0
7.57439	-11.6005	-0.31121	7.57439	-11.6005	0
8.57764	-11.6204	-0.318199	8.57764	-11.6204	0
9.54061	-11.6048	-0.295585	9.54061	-11.6048	0
10.6281	-11.5704	-0.301826	10.6281	-11.5704	0
11.6359	-11.5994	-0.322383	11.6359	-11.5994	0
-11.1489	-11.5618	-0.311191	-11.1489	-11.5618	0
-10.1436	-11.6002	-0.303889	-10.1436	-11.6002	0
-9.04148	-11.6247	-0.310484	-9.04148	-11.6247	0
-7.95249	-11.5977	-0.310798	-7.95249	-11.5977	0
-6.96005	-11.614	-0.337593	-6.96005	-11.614	0
-5.92657	-11.58	-0.308082	-5.92657	-11.58	0
-4.89399	-11.6303	-0.308502	-4.89399	-11.6303	0
-3.85827	-11.5958	-0.32687	-3.85827	-11.5958	0
-2.84543	-11.5971	-0.311199	-2.84543	-11.5971	0
-1.75917	-11.5935	-0.319415	-1.75917	-11.5935	0
-0.801669	-10.5548	-0.334764	-0.801669	-10.5548	0
0.304041	-10.5804	-0.31736	0.304041	-10.5804	0
1.37778	-10.5806	-0.304027	1.37778	-10.5806	0
2.39688	-10.5826	-0.302811	2.39688	-10.5826	0
3.38289	-10.6458	-0.314016	3.38289	-10.6458	0
4.47434	-10.6655	-0.31792	4.47434	-10.6655	0
5.48493	-10.6316	-0.29422	5.48493	-10.6316	0
6.56864	-10.606	-0.33105	6.56864	-10.606	0
7.56625	-10.5623	-0.339846	7.56625	-10.5623	0
8.59575	-10.5798	-0.31922	8.59575	-10.5798	0
9.59441	-10.5579	-0.324	9.59441	-10.5579	0
10.5842	-10.5395	-0.320051	10.5842	-10.5395	0
11.6488	-10.5583	-0.324978	11.6488	-10.5583	0
-11.1886	-10.5675	-0.327011	-11.1886	-10.5675	0
-10.0598	-10.6403	-0.333744	-10.0598	-10.6403	0
-8.99945	-10.6396	-0.310779	-8.99945	-10.6396	0
-8.01056	-10.5609	-0.34613	-8.01056	-10.5609	0
-6.9581	-10.5937	-0.325128	-6.9581	-10.5937	0
-5.95808	-10.5556	-0.329554	-5.95808	-10.5556	0
-4.93661	-10.5506	-0.337303	-4.93661	-10.5506	0
-3.88042	-10.5392	-0.313721	-3.88042	-10.5392	0
-2.86813	-10.5368	-0.277345	-2.86813	-10.5368	0
-1.83763	-10.5584	-0.277908	-1.83763	-10.5584	0
-0.767254	-9.51805	-0.313378	-0.767254	-9.51805	0
0.272409	-9.55551	-0.258801	0.272409	-9.55551	0
1.29923	-9.57167	-0.316934	1.29923	-9.57167	0
2.34954	-9.55241	-0.328611	2.34954	-9.55241	0
3.43345	-9.59232	-0.331598	3.43345	-9.59232	0
4.42886	-9.62376	-0.298787	4.42886	-9.62376	0
5.43192	-9.61373	-0.299076	5.43192	-9.61373	0
6.5206	-9.5713	-0.323528	6.5206	-9.5713	0
7.55469	-9.57781	-0.338662	7.55469	-9.57781	0
8.57409	-9.52979	-0.307169	8.57409	-9.52979	0
9.55312	-9.51539	-0.323017	9.55312	-9.51539	0
10.6089	-9.46979	-0.296781	10.6089	-9.46979	0
11.5769	-9.47568	-0.30482	11.5769	-9.47568	0
-11.1292	-9.46922	-0.321863	-11.1292	-9.46922	0
-10.0936	-9.58711	-0.336003	-10.0936	-9.58711	0
-9.05545	-9.59451	-0.318631	-9.05545	-9.59451	0
-8.05254	-9.56086	-0.325737	-8.05254	-9.56086	0
-6.94855	-9.51224	-0.289602	-6.94855	-9.51224	0
-5.91114	-9.4737	-0.297796	-5.91114	-9.4737	0
-4.90528	-9.46243	-0.305342	-4.90528	-9.46243	0
-3.83799	-9.47774	-0.325353	-3.83799	-9.47774	0
-2.82803	-9.50612	-0.320591	-2.82803	-9.50612	0
-1.82303	-9.48622	-0.328269	-1.82303	-9.48622	0
-0.738734	-8.49573	-0.298822	-0.738734	-8.49573	0
0.313972	-8.50442	-0.31672	0.313972	-8.50442	0
1.38788	-8.5571	-0.309352	1.38788	-8.5571	0
2.40017	-8.48585	-0.297836	2.40017	-8.48585	0
3.42243	-8.50319	-0.305184	3.42243	-8.50319	0
4.43255	-8.57669	-0.330904	4.43255	-8.57669	0
5.48188	-8.55637	-0.29599	5.48188	-8.55637	0
6.48673	-8.52214	-0.329838	6.48673	-8.52214	0
7.54552	-8.5329	-0.303288	7.54552	-8.5329	0
8.57007	-8.49034	-0.311306	8.57007	-8.49034	0
9.59447	-8.44184	-0.292081	9.59447	-8.44184	0
10.5628	-8.45407	-0.31958	10.5628	-8.45407	0
11.5926	-8.44887	-0.325198	11.5926	-8.44887	0
-11.151	-8.4779	-0.329632	-11.151	-8.4779	0
-10.1372	-8.60477	-0.290653	-10.1372	-8.60477	0
-8.98915	-8.63368	-0.299918	-8.98915	-8.63368	0
-7.92937	-8.50689	-0.325885	-7.92937	-8.50689	0
-6.93515	-8.47062	-0.349724	-6.93515	-8.47062	0
-5.91844	-8.44231	-0.329682	-5.91844	-8.44231	0
-4.8834	-8.44431	-0.312328	-4.8834	-8.44431	0
-3.79152	-8.46221	-0.315649	-3.79152	-8.46221	0
-2.77693	-8.52168	-0.321628	-2.77693	-8.52168	0
-1.75173	-8.43496	-0.316718	-1.75173	-8.43496	0
-0.618996	-7.43416	-0.293924	-0.618996	-7.43416	0
0.415482	-7.44198	-0.307754	0.415482	-7.44198	0
1.41354	-7.4654	-0.292983	1.41354	-7.4654	0
2.41133	-7.50252	-0.303743	2.41133	-7.50252	0
3.45022	-7.44818	-0.320663	3.45022	-7.44818	0
4.51139	-7.53485	-0.339054	4.51139	-7.53485	0
5.53035	-7.47809	-0.31043	5.53035	-7.47809	0
6.55249	-7.52503	-0.31472	6.55249	-7.52503	0
7.55683	-7.47923	-0.314224	7.55683	-7.47923	0
8.55147	-7.43241	-0.308543	8.55147	-7.43241	0
9.58376	-7.37232	-0.323767	9.58376	-7.37232	0
10.6084	-7.34433	-0.33673	10.6084	-7.34433	0
11.6749	-7.45356	-0.292699	11.6749	-7.45356	0
-11.0732	-7.49606	-0.308175	-11.0732	-7.49606	0
-10.0536	-7.57573	-0.323678	-10.0536	-7.57573	0
-8.93978	-7.56723	-0.345867	-8.93978	-7.56723	0
-7.91497	-7.46898	-0.314018	-7.91497	-7.46898	0
-6.84711	-7.47721	-0.316908	-6.84711	-7.47721	0
-5.85004	-7.39585	-0.31372	-5.85004	-7.39585	0
-4.82078	-7.42631	-0.325492	-4.82078	-7.42631	0
-3.81142	-7.46264	-0.349887	-3.81142	-7.46264	0
-2.75866	-7.43503	-0.344637	-2.75866	-7.43503	0
-1.66643	-7.40991	-0.319467	-1.66643	-7.40991	0
-0.695645	-6.41961	-0.330811	-0.695645	-6.41961	0
0.371908	-6.41627	-0.31694	0.371908	-6.41627	0
1.40829	-6.41787	-0.348345	1.40829	-6.41787	0
2.44592	-6.43497	-0.313484	2.44592	-6.43497	0
3.49841	-6.40597	-0.324927	3.49841	-6.40597	0
4.49219	-6.4211	-0.31678	4.49219	-6.4211	0
5.51865	-6.47561	-0.328788	5.51865	-6.47561	0
6.5984	-6.45446	-0.29619	6.5984	-6.45446	0
7.63762	-6.46479	-0.283846	7.63762	-6.46479	0
8.62485	-6.36001	-0.321453	8.62485	-6.36001	0
9.59888	-6.33267	-0.330491	9.59888	-6.33267	0
10.6722	-6.34849	-0.314958	10.6722	-6.34849	0
11.6991	-6.40046	-0.307616	11.6991	-6.40046	0
-11.0313	-6.46217	-0.315775	-11.0313	-6.46217	0
-10.0386	-6.49049	-0.312018	-10.0386	-6.49049	0
-9.01338	-6.53632	-0.326685	-9.01338	-6.53632	0
-7.9542	-6.41006	-0.295108	-7.9542	-6.41006	0
-6.87268	-6.36757	-0.295314	-6.87268	-6.36757	0
-5.84516	-6.38496	-0.297986	-5.84516	-6.38496	0
-4.78458	-6.45149	-0.319088	-4.78458	-6.45149	0
-3.73913	-6.41128	-0.330477	-3.73913	-6.41128	0
-2.71529	-6.43745	-0.310108	-2.71529	-6.43745	0
-1.68531	-6.3915	-0.310224	-1.68531	-6.3915	0
-0.680393	-5.36879	-0.319532	-0.680393	-5.36879	0
0.351207	-5.40081	-0.295045	0.351207	-5.40081	0
1.42736	-5.39991	-0.309802	1.42736	-5.39991	0
2.4514	-5.35037	-0.29588	2.4514	-5.35037	0
3.49679	-5.32379	-0.326027	3.49679	-5.32379	0
4.53962	-5.35768	-0.339007	4.53962	-5.35768	0
5.53553	-5.41021	-0.294125	5.53553	-5.41021	0
6.53885	-5.4052	-0.306986	6.53885	-5.4052	0
7.48873	-5.36857	-0.317323	7.48873	-5.36857	0
8.55979	-5.34933	-0.327902	8.55979	-5.34933	0
9.60664	-5.30549	-0.314297	9.60664	-5.30549	0
10.6592	-5.37483	-0.297479	10.6592	-5.37483	0
11.6729	-5.33359	-0.302709	11.6729	-5.33359	0
-11.0483	-5.4052	-0.323979	-11.0483	-5.4052	0
-9.99671	-5.43253	-0.319358	-9.99671	-5.43253	0
-8.97	-5.43725	-0.307481	-8.97	-5.43725	0
-7.90459	-5.42904	-0.306568	-7.90459	-5.42904	0
-6.87717	-5.40842	-0.324517	-6.87717	-5.40842	0
-5.85402	-5.35264	-0.303989	-5.85402	-5.35264	0
-4.81826	-5.34987	-0.32589	-4.81826	-5.34987	0
-3.79187	-5.36067	-0.324754	-3.79187	-5.36067	0
-2.81162	-5.39062	-0.302468	-2.81162	-5.39062	0
-1.75234	-5.34879	-0.290252	-1.75234	-5.34879	0
-0.770428	-4.34146	-0.298044	-0.770428	-4.34146	0
0.315319	-4.3178	-0.315283	0.315319	-4.3178	0
1.38653	-4.36995	-0.305886	1.38653	-4.36995	0
2.43486	-4.36965	-0.292906	2.43486	-4.36965	0
3.46669	-4.27341	-0.300418	3.46669	-4.27341	0
4.49402	-4.30637	-0.339778	4.49402	-4.30637	0
5.56565	-4.35845	-0.338132	5.56565	-4.35845	0
6.59337	-4.36376	-0.344511	6.59337	-4.36376	0
7.5869	-4.30393	-0.32377	7.5869	-4.30393	0
8.56067	-4.33543	-0.309544	8.56067	-4.33543	0
9.64119	-4.30258	-0.324559	9.64119	-4.30258	0
10.7016	-4.3137	-0.326318	10.7016	-4.3137	0
11.7083	-4.34148	-0.299541	11.7083	-4.34148	0
-11.0353	-4.39602	-0.337068	-11.0353	-4.39602	0
-10.0078	-4.43016	-0.313766	-10.0078	-4.43016	0
-8.94073	-4.39736	-0.285435	-8.94073	-4.39736	0
-7.95656	-4.35672	-0.31188	-7.95656	-4.35672	0
-6.86216	-4.34149	-0.315726	-6.86216	-4.34149	0
-5.85699	-4.2982	-0.30947	-5.85699	-4.2982	0
-4.82514	-4.31676	-0.339631	-4.82514	-4.31676	0
-3.79714	-4.30005	-0.307836	-3.79714	-4.30005	0
-2.72257	-4.28388	-0.328293	-2.72257	-4.28388	0
-1.75102	-4.37793	-0.305626	-1.75102	-4.37793	0
-0.70186	-3.32832	-0.305555	-0.70186	-3.32832	0
0.34346	-3.32892	-0.318602	0.34346	-3.32892	0
1.40707	-3.34562	-0.338491	1.40707	-3.34562	0
2.43318	-3.30015	-0.310314	2.43318	-3.30015	0
3.49956	-3.2754	-0.309197	3.49956	-3.2754	0
4.54719	-3.32208	-0.350641	4.54719	-3.32208	0
5.53435	-3.35994	-0.33108	5.53435	-3.35994	0
6.56307	-3.35304	-0.300788	6.56307	-3.35304	0
7.64534	-3.30664	-0.321956	7.64534	-3.30664	0
8.66291	-3.33153	-0.315048	8.66291	-3.33153	0
9.65477	-3.27417	-0.312793	9.65477	-3.27417	0
10.7219	-3.28309	-0.346797	10.7219	-3.28309	0
11.7283	-3.25912	-0.324668	11.7283	-3.25912	0
-11.0743	-3.3486	-0.311539	-11.0743	-3.3486	0
-10.0598	-3.37835	-0.324075	-10.0598	-3.37835	0
-8.96647	-3.29788	-0.317813	-8.96647	-3.29788	0
-7.91005	-3.34921	-0.306269	-7.91005	-3.34921	0
-6.88725	-3.33967	-0.335032	-6.88725	-3.33967	0
-5.81215	-3.27691	-0.351727	-5.81215	-3.27691	0
-4.7656	-3.34183	-0.344936	-4.7656	-3.34183	0
-3.79295	-3.33405	-0.268578	-3.79295	-3.33405	0
-2.71535	-3.26749	-0.31962	-2.71535	-3.26749	0
-1.76542	-3.29598	-0.334942	-1.76542	-3.29598	0
-0.746394	-2.28535	-0.346456	-0.746394	-2.28535	0
0.336101	-2.29863	-0.312892	0.336101	-2.29863	0
1.36181	-2.32501	-0.350621	1.36181	-2.32501	0
2.36951	-2.32005	-0.325335	2.36951	-2.32005	0
3.43372	-2.2619	-0.305499	3.43372	-2.2619	0
4.50772	-2.24035	-0.327631	4.50772	-2.24035	0
5.51644	-2.32912	-0.319539	5.51644	-2.32912	0
6.49038	-2.31973	-0.337227	6.49038	-2.31973	0
7.55256	-2.31876	-0.333128	7.55256	-2.31876	0
8.62936	-2.29252	-0.339762	8.62936	-2.29252	0
9.63082	-2.26942	-0.333356	9.63082	-2.26942	0
10.666	-2.27264	-0.327688	10.666	-2.27264	0
11.7023	-2.29892	-0.329938	11.7023	-2.29892	0
-11.0279	-2.33247	-0.324553	-11.0279	-2.33247	0
-9.9883	-2.3262	-0.334133	-9.9883	-2.3262	0
-8.94856	-2.31505	-0.270758	-8.94856	-2.31505	0
-7.92329	-2.33861	-0.285449	-7.92329	-2.33861	0
-6.90996	-2.3061	-0.308448	-6.90996	-2.3061	0
-5.92177	-2.29785	-0.322301	-5.92177	-2.29785	0
-4.76943	-2.32415	-0.34984	-4.76943	-2.32415	0
-3.76058	-2.27396	-0.300897	-3.76058	-2.27396	0
-2.77481	-2.22307	-0.307272	-2.77481	-2.22307	0
-1.77295	-2.29497	-0.311227	-1.77295	-2.29497	0
-0.677134	-1.24163	-0.322009	-0.677134	-1.24163	0
0.340681	-1.22201	-0.329975	0.340681	-1.22201	0
1.40416	-1.31104	-0.302176	1.40416	-1.31104	0
2.44775	-1.27836	-0.307814	2.44775	-1.27836	0
3.40233	-1.25733	-0.293392	3.40233	-1.25733	0
4.47251	-1.2227	-0.304656	4.47251	-1.2227	0
5.51624	-1.29642	-0.338812	5.51624	-1.29642	0
6.57837	-1.29822	-0.319882	6.57837	-1.29822	0
7.55892	-1.28333	-0.334082	7.55892	-1.28333	0
8.59373	-1.23629	-0.311203	8.59373	-1.23629	0
9.60762	-1.24489	-0.320739	9.60762	-1.24489	0
10.5971	-1.19995	-0.307782	10.5971	-1.19995	0
11.7196	-1.26029	-0.336442	11.7196	-1.26029	0
-10.9971	-1.31266	-0.306073	-10.9971	-1.31266	0
-10.0075	-1.28512	-0.316327	-10.0075	-1.28512	0
-9.00385	-1.26891	-0.344845	-9.00385	-1.26891	0
-7.98575	-1.25629	-0.327071	-7.98575	-1.25629	0
-6.89761	-1.30895	-0.312213	-6.89761	-1.30895	0
-5.90772	-1.28535	-0.324148	-5.90772	-1.28535	0
-4.81273	-1.25307	-0.324669	-4.81273	-1.25307	0
-3.80798	-1.24785	-0.307647	-3.80798	-1.24785	0
-2.77995	-1.21896	-0.282311	-2.77995	-1.21896	0
-1.72084	-1.267	-0.30885	-1.72084	-1.267	0
-0.186967	0.264154	0.319385	-0.186967	0.264154	0
0.837392	0.315416	0.327664	0.837392	0.315416	0
1.89123	0.288127	0.300568	1.89123	0.288127	0
2.89369	0.310916	0.340595	2.89369	0.310916	0
3.97548	0.309071	0.301025	3.97548	0.309071	0
4.98033	0.250984	0.295224	4.98033	0.250984	0
6.0202	0.203978	0.328288	6.0202	0.203978	0
7.01045	0.286626	0.311028	7.01045	0.286626	0
8.0626	0.250575	0.321383	8.0626	0.250575	0
9.11468	0.285815	0.307689	9.11468	0.285815	0
10.1096	0.319636	0.299876	10.1096	0.319636	0
11.1897	0.324971	0.302316	11.1897	0.324971	0
-11.5863	0.251115	0.302827	-11.5863	0.251115	0
-10.5413	0.281743	0.297696	-10.5413	0.281743	0
-9.49864	0.306046	0.321107	-9.49864	0.306046	0
-8.47626	0.318361	0.313741	-8.47626	0.318361	0
-7.4266	0.288125	0.309205	-7.4266	0.288125	0
-6.40347	0.254386	0.31026	-6.40347	0.254386	0
-5.38987	0.284188	0.291054	-5.38987	0.284188	0
-4.34442	0.25632	0.33953	-4.34442	0.25632	0
-3.30023	0.345774	0.288193	-3.30023	0.345774	0
-2.18387	0.287938	0.329625	-2.18387	0.287938	0
-1.19016	0.287115	0.297566	-1.19016	0.287115	0
-0.190783	1.37086	0.342825	-0.190783	1.37086	0
0.846084	1.36726	0.332728	0.846084	1.36726	0
1.91253	1.29915	0.344705	1.91253	1.29915	0
2.88774	1.30453	0.302816	2.88774	1.30453	0
3.97256	1.28679	0.299648	3.97256	1.28679	0
4.95632	1.25724	0.341137	4.95632	1.25724	0
6.05513	1.28601	0.321172	6.05513	1.28601	0
7.08933	1.29264	0.305352	7.08933	1.29264	0
8.10428	1.3345	0.303157	8.10428	1.3345	0
9.09635	1.3089	0.31254	9.09635	1.3089	0
10.1294	1.33003	0.324887	10.1294	1.33003	0
11.142	1.39519	0.332527	11.142	1.39519	0
-11.6494	1.33082	0.320414	-11.6494	1.33082	0
-10.5497	1.30283	0.286736	-10.5497	1.30283	0
-9.54156	1.37383	0.304928	-9.54156	1.37383	0
-8.45908	1.32344	0.322698	-8.45908	1.32344	0
-7.44556	1.31939	0.322577	-7.44556	1.31939	0
-6.3858	1.29785	0.311207	-6.3858	1.29785	0
-5.3497	1.32927	0.322385	-5.3497	1.32927	0
-4.35211	1.32796	0.328722	-4.35211	1.32796	0
-3.3155	1.32485	0.272853	-3.3155	1.32485	0
-2.25211	1.35746	0.356236	-2.25211	1.35746	0
-1.23622	1.34746	0.31397	-1.23622	1.34746	0
-0.19691	2.38717	0.288571	-0.19691	2.38717	0
0.830874	2.37697	0.306781	0.830874	2.37697	0
1.83174	2.37762	0.339619	1.83174	2.37762	0
2.89915	2.30351	0.314325	2.89915	2.30351	0
3.95828	2.28572	0.309324	3.95828	2.28572	0
4.98992	2.32296	0.336191	4.98992	2.32296	0
6.03993	2.34835	0.333307	6.03993	2.34835	0
7.08729	2.33829	0.319772	7.08729	2.33829	0
8.11882	2.31104	0.316717	8.11882	2.31104	0
9.06592	2.39348	0.337516	9.06592	2.39348	0
10.1456	2.3228	0.351145	10.1456	2.3228	0
11.1858	2.35725	0.354009	11.1858	2.35725	0
-11.5888	2.34805	0.343609	-11.5888	2.34805	0
-10.5372	2.38862	0.338422	-10.5372	2.38862	0
-9.5314	2.38604	0.301476	-9.5314	2.38604	0
-8.50831	2.33888	0.361084	-8.50831	2.33888	0
-7.49076	2.36879	0.326899	-7.49076	2.36879	0
-6.46781	2.36052	0.339295	-6.46781	2.36052	0
-5.42514	2.36436	0.321594	-5.42514	2.36436	0
-4.40319	2.3181	0.309235	-4.40319	2.3181	0
-3.34205	2.35405	0.346724	-3.34205	2.35405	0
-2.30905	2.387	0.304614	-2.30905	2.387	0
-1.21518	2.34352	0.315933	-1.21518	2.34352	0
-0.188788	3.4297	0.304531	-0.188788	3.4297	0
0.793945	3.36161	0.306935	0.793945	3.36161	0
1.85921	3.38713	0.327149	1.85921	3.38713	0
2.90283	3.33207	0.294756	2.90283	3.33207	0
3.93404	3.34735	0.315509	3.93404	3.34735	0
4.93995	3.33189	0.281505	4.93995	3.33189	0
6.07994	3.36877	0.287925	6.07994	3.36877	0
7.08041	3.34124	0.320681	7.08041	3.34124	0
8.13735	3.36352	0.347337	8.13735	3.36352	0
9.17114	3.42615	0.333904	9.17114	3.42615	0
10.1373	3.40832	0.326268	10.1373	3.40832	0
11.1824	3.42467	0.260019	11.1824	3.42467	0
-11.5785	3.39023	0.292828	-11.5785	3.39023	0
-10.5983	3.39395	0.321725	-10.5983	3.39395	0
-9.59185	3.36944	0.341266	-9.59185	3.36944	0
-8.53799	3.39528	0.333579	-8.53799	3.39528	0
-7.46318	3.41477	0.305564	-7.46318	3.41477	0
-6.47957	3.39367	0.316746	-6.47957	3.39367	0
-5.43737	3.3887	0.315626	-5.43737	3.3887	0
-4.38275	3.31642	0.307238	-4.38275	3.31642	0
-3.36465	3.34084	0.318915	-3.36465	3.34084	0
-2.27934	3.41077	0.323697	-2.27934	3.41077	0
-1.25661	3.351	0.290853	-1.25661	3.351	0
-0.17268	4.48313	0.335772	-0.17268	4.48313	0
0.854807	4.49172	0.314709	0.854807	4.49172	0
1.86708	4.43057	0.284796	1.86708	4.43057	0
2.92062	4.39735	0.302775	2.92062	4.39735	0
3.96401	4.37609	0.318401	3.96401	4.37609	0
4.97762	4.41528	0.299561	4.97762	4.41528	0
6.02061	4.38351	0.278855	6.02061	4.38351	0
7.09614	4.40307	0.31768	7.09614	4.40307	0
8.10862	4.36203	0.319799	8.10862	4.36203	0
9.20638	4.44412	0.306122	9.20638	4.44412	0
10.171	4.44448	0.319583	10.171	4.44448	0
11.2121	4.41194	0.315364	11.2121	4.41194	0
-11.5652	4.39164	0.314577	-11.5652	4.39164	0
-10.5646	4.49417	0.317542	-10.5646	4.49417	0
-9.52573	4.43524	0.314666	-9.52573	4.43524	0
-8.53819	4.4499	0.300686	-8.53819	4.4499	0
-7.46081	4.41576	0.328739	-7.46081	4.41576	0
-6.42863	4.39344	0.307023	-6.42863	4.39344	0
-5.42043	4.35562	0.321267	-5.42043	4.35562	0
-4.39402	4.352	0.330514	-4.39402	4.352	0
-3.31401	4.37316	0.331962	-3.31401	4.37316	0
-2.28433	4.40212	0.307363	-2.28433	4.40212	0
-1.26594	4.40264	0.297401	-1.26594	4.40264	0
-0.192839	5.46707	0.312302	-0.192839	5.46707	0
0.861104	5.48093	0.275037	0.861104	5.48093	0
1.8549	5.47784	0.31425	1.8549	5.47784	0
2.87496	5.37966	0.289689	2.87496	5.37966	0
3.98163	5.43452	0.368988	3.98163	5.43452	0
5.01054	5.45622	0.308902	5.01054	5.45622	0
6.04014	5.46534	0.330369	6.04014	5.46534	0
7.07505	5.4772	0.322735	7.07505	5.4772	0
8.05754	5.44471	0.315986	8.05754	5.44471	0
9.10602	5.51568	0.328737	9.10602	5.51568	0
10.096	5.41972	0.295719	10.096	5.41972	0
11.1433	5.46349	0.324986	11.1433	5.46349	0
-11.633	5.46289	0.31954	-11.633	5.46289	0
-10.5402	5.49726	0.289953	-10.5402	5.49726	0
-9.54985	5.55169	0.327181	-9.54985	5.55169	0
-8.48018	5.47144	0.360428	-8.48018	5.47144	0
-7.44812	5.43648	0.32119	-7.44812	5.43648	0
-6.44729	5.48474	0.32156	-6.44729	5.48474	0
-5.39048	5.43144	0.355126	-5.39048	5.43144	0
-4.35774	5.35587	0.322244	-4.35774	5.35587	0
-3.33383	5.38301	0.319281	-3.33383	5.38301	0
-2.33438	5.42013	0.307651	-2.33438	5.42013	0
-1.2718	5.45924	0.308232	-1.2718	5.45924	0
-0.216016	6.48936	0.336353	-0.216016	6.48936	0
0.866113	6.48617	0.320126	0.866113	6.48617	0
1.87244	6.52338	0.304781	1.87244	6.52338	0
2.89452	6.47288	0.333061	2.89452	6.47288	0
3.91249	6.44867	0.333515	3.91249	6.44867	0
4.93266	6.46873	0.331797	4.93266	6.46873	0
5.92484	6.4994	0.312921	5.92484	6.4994	0
7.03139	6.44969	0.331276	7.03139	6.44969	0
8.10086	6.48264	0.349104	8.10086	6.48264	0
9.10766	6.4961	0.322978	9.10766	6.4961	0
10.1713	6.44375	0.344421	10.1713	6.44375	0
11.1827	6.45686	0.326265	11.1827	6.45686	0
-11.5308	6.48466	0.318263	-11.5308	6.48466	0
-10.5608	6.53544	0.344678	-10.5608	6.53544	0
-9.50017	6.49729	0.304766	-9.50017	6.49729	0
-8.4791	6.544	0.316507	-8.4791	6.544	0
-7.4756	6.53241	0.335805	-7.4756	6.53241	0
-6.3996	6.46817	0.325381	-6.3996	6.46817	0
-5.44122	6.4483	0.324296	-5.44122	6.4483	0
-4.39062	6.39087	0.332786	-4.39062	6.39087	0
-3.36495	6.44077	0.303371	-3.36495	6.44077	0
-2.33267	6.47487	0.314771	-2.33267	6.47487	0
-1.2594	6.48205	0.307811	-1.2594	6.48205	0
-0.21988	7.46795	0.294514	-0.21988	7.46795	0
0.803538	7.54638	0.325323	0.803538	7.54638	0
1.83889	7.48414	0.338501	1.83889	7.48414	0
2.82776	7.48977	0.329054	2.82776	7.48977	0
3.8457	7.5546	0.356923	3.8457	7.5546	0
4.88556	7.55595	0.325737	4.88556	7.55595	0
5.96638	7.54419	0.316096	5.96638	7.54419	0
6.96498	7.50212	0.299489	6.96498	7.50212	0
8.10105	7.48963	0.315071	8.10105	7.48963	0
9.1303	7.53054	0.322483	9.1303	7.53054	0
10.1787	7.479	0.323045	10.1787	7.479	0
11.197	7.44435	0.320076	11.197	7.44435	0
-11.6091	7.55804	0.325277	-11.6091	7.55804	0
-10.5349	7.605	0.313707	-10.5349	7.605	0
-9.5405	7.50092	0.299932	-9.5405	7.50092	0
-8.51981	7.53222	0.330587	-8.51981	7.53222	0
-7.44974	7.54616	0.304609	-7.44974	7.54616	0
-6.43025	7.53872	0.30936	-6.43025	7.53872	0
-5.38431	7.55428	0.319969	-5.38431	7.55428	0
-4.35467	7.45938	0.332634	-4.35467	7.45938	0
-3.38511	7.54433	0.330444	-3.38511	7.54433	0
-2.26794	7.54213	0.301838	-2.26794	7.54213	0
-1.27651	7.50801	0.341147	-1.27651	7.50801	0
-0.295505	8.55448	0.34497	-0.295505	8.55448	0
0.752222	8.61555	0.312208	0.752222	8.61555	0
1.76298	8.56824	0.315399	1.76298	8.56824	0
2.82017	8.51674	0.304234	2.82017	8.51674	0
3.83214	8.55725	0.301756	3.83214	8.55725	0
4.96664	8.54876	0.340224	4.96664	8.54876	0
5.97549	8.5576	0.307775	5.97549	8.5576	0
7.01224	8.54175	0.30264	7.01224	8.54175	0
7.99708	8.52663	0.31853	7.99708	8.52663	0
9.06379	8.60822	0.33163	9.06379	8.60822	0
10.0513	8.55862	0.285412	10.0513	8.55862	0
11.1149	8.48922	0.334771	11.1149	8.48922	0
-11.6038	8.58734	0.308855	-11.6038	8.58734	0
-10.5892	8.56436	0.316811	-10.5892	8.56436	0
-9.58569	8.61859	0.340285	-9.58569	8.61859	0
-8.50447	8.55825	0.323289	-8.50447	8.55825	0
-7.43904	8.57518	0.30119	-7.43904	8.57518	0
-6.43905	8.54563	0.346714	-6.43905	8.54563	0
-5.37621	8.57842	0.298148	-5.37621	8.57842	0
-4.34731	8.55399	0.313925	-4.34731	8.55399	0
-3.37858	8.54244	0.317472	-3.37858	8.54244	0
-2.36483	8.53973	0.314845	-2.36483	8.53973	0
-1.31986	8.53129	0.314627	-1.31986	8.53129	0
-0.263372	9.68102	0.30332	-0.263372	9.68102	0
0.787947	9.65495	0.325828	0.787947	9.65495	0
1.81987	9.574	0.304539	1.81987	9.574	0
2.86037	9.60616	0.320458	2.86037	9.60616	0
3.91783	9.56608	0.317421	3.91783	9.56608	0
4.88878	9.55851	0.325441	4.88878	9.55851	0
5.94621	9.58059	0.323784	5.94621	9.58059	0
7.00814	9.56253	0.339671	7.00814	9.56253	0
8.00053	9.57321	0.30903	8.00053	9.57321	0
9.07706	9.61676	0.301791	9.07706	9.61676	0
10.0944	9.60215	0.309438	10.0944	9.60215	0
11.1532	9.60717	0.319791	11.1532	9.60717	0
-11.6156	9.58384	0.29266	-11.6156	9.58384	0
-10.6279	9.61577	0.314655	-10.6279	9.61577	0
-9.57378	9.59547	0.322028	-9.57378	9.59547	0
-8.46464	9.60172	0.350117	-8.46464	9.60172	0
-7.47926	9.58573	0.293128	-7.47926	9.58573	0
-6.4135	9.6774	0.323192	-6.4135	9.6774	0
-5.35002	9.61419	0.318805	-5.35002	9.61419	0
-4.33785	9.59011	0.332725	-4.33785	9.59011	0
-3.28972	9.60778	0.309758	-3.28972	9.60778	0
-2.26826	9.68698	0.276914	-2.26826	9.68698	0
-1.27258	9.58154	0.291188	-1.27258	9.58154	0
-0.237668	10.649	0.302827	-0.237668	10.649	0
0.812476	10.6299	0.319851	0.812476	10.6299	0
1.79671	10.6183	0.323059	1.79671	10.6183	0
2.90945	10.6478	0.325477	2.90945	10.6478	0
3.91588	10.5957	0.311319	3.91588	10.5957	0
4.94589	10.6464	0.328113	4.94589	10.6464	0
6.01124	10.6038	0.306711	6.01124	10.6038	0
7.02104	10.6098	0.313791	7.02104	10.6098	0
8.06163	10.5909	0.307079	8.06163	10.5909	0
9.05911	10.6405	0.311034	9.05911	10.6405	0
10.096	10.6508	0.334166	10.096	10.6508	0
11.1577	10.6016	0.306248	11.1577	10.6016	0
-11.6379	10.6309	0.319004	-11.6379	10.6309	0
-10.6037	10.6336	0.315591	-10.6037	10.6336	0
-9.58135	10.6066	0.323328	-9.58135	10.6066	0
-8.51617	10.6218	0.301754	-8.51617	10.6218	0
-7.49937	10.6288	0.323252	-7.49937	10.6288	0
-6.41147	10.651	0.307916	-6.41147	10.651	0
-5.39545	10.6533	0.304427	-5.39545	10.6533	0
-4.30864	10.6408	0.338519	-4.30864	10.6408	0
-3.31172	10.6235	0.326102	-3.31172	10.6235	0
-2.29721	10.6789	0.324614	-2.29721	10.6789	0
-1.24787	10.6293	0.329782	-1.24787	10.6293	0
-0.221889	11.6622	0.355074	-0.221889	11.6622	0
0.751143	11.7005	0.314679	0.751143	11.7005	0
1.75716	11.6116	0.309604	1.75716	11.6116	0
2.86991	11.6693	0.311912	2.86991	11.6693	0
3.94162	11.6512	0.319596	3.94162	11.6512	0
4.98563	11.6391	0.298832	4.98563	11.6391	0
5.99534	11.5968	0.323747	5.99534	11.5968	0
7.03601	11.6789	0.308418	7.03601	11.6789	0
8.02858	11.6367	0.333347	8.02858	11.6367	0
9.02534	11.693	0.304355	9.02534	11.693	0
10.1226	11.6685	0.313455	10.1226	11.6685	0
11.1393	11.6523	0.324329	11.1393	11.6523	0
-11.6421	11.753	0.320254	-11.6421	11.753	0
-10.6111	11.7001	0.315796	-10.6111	11.7001	0
-9.59211	11.6417	0.308316	-9.59211	11.6417	0
-8.54194	11.6671	0.31406	-8.54194	11.6671	0
-7.48119	11.6628	0.356273	-7.48119	11.6628	0
-6.43044	11.6721	0.326697	-6.43044	11.6721	0
-5.43413	11.706	0.341544	-5.43413	11.706	0
-4.348	11.6935	0.326721	-4.348	11.6935	0
-3.29146	11.6825	0.310936	-3.29146	11.6825	0
-2.30719	11.7155	0.317393	-2.30719	11.7155	0
-1.27152	11.6898	0.314313	-1.27152	11.6898	0
-0.190178	-11.0675	0.303501	-0.190178	-11.0675	0
0.803544	-11.0894	0.304486	0.803544	-11.0894	0
1.86209	-11.1341	0.308499	1.86209	-11.1341	0
2.9051	-11.1364	0.333531	2.9051	-11.1364	0
3.91257	-11.1473	0.317219	3.91257	-11.1473	0
5.0073	-11.1257	0.306737	5.0073	-11.1257	0
6.04385	-11.1331	0.330338	6.04385	-11.1331	0
7.07141	-11.1141	0.33005	7.07141	-11.1141	0
8.08712	-11.0695	0.332565	8.08712	-11.0695	0
9.06181	-11.079	0.305689	9.06181	-11.079	0
10.1262	-11.0348	0.349704	10.1262	-11.0348	0
11.1134	-11.0279	0.319677	11.1134	-11.0279	0
-11.6521	-11.0189	0.290053	-11.6521	-11.0189	0
-10.6339	-11.0792	0.301444	-10.6339	-11.0792	0
-9.59377	-11.1145	0.317116	-9.59377	-11.1145	0
-8.52854	-11.136	0.327852	-8.52854	-11.136	0
-7.45898	-11.079	0.296488	-7.45898	-11.079	0
-6.43007	-11.0719	0.317099	-6.43007	-11.0719	0
-5.39255	-11.0529	0.31919	-5.39255	-11.0529	0
-4.42371	-11.0297	0.312484	-4.42371	-11.0297	0
-3.36599	-11.0864	0.327812	-3.36599	-11.0864	0
-2.32654	-11.0814	0.311822	-2.32654	-11.0814	0
-1.2947	-11.0623	0.308936	-1.2947	-11.0623	0
-0.292523	-10.0636	0.34029	-0.292523	-10.0636	0
0.849377	-10.071	0.308463	0.849377	-10.071	0
1.87727	-10.1141	0.308964	1.87727	-10.1141	0
2.94405	-10.0697	0.313923	2.94405	-10.0697	0
3.87273	-10.1229	0.314509	3.87273	-10.1229	0
4.9228	-10.1242	0.325527	4.9228	-10.1242	0
5.99012	-10.0992	0.319103	5.99012	-10.0992	0
7.0386	-10.0738	0.312038	7.0386	-10.0738	0
8.04451	-10.0777	0.316852	8.04451	-10.0777	0
9.15253	-10.0084	0.329184	9.15253	-10.0084	0
10.0714	-10.0079	0.316349	10.0714	-10.0079	0
11.0853	-9.97173	0.294692	11.0853	-9.97173	0
-11.6267	-9.97137	0.289807	-11.6267	-9.97137	0
-10.6106	-10.1028	0.300777	-10.6106	-10.1028	0
-9.59725	-10.1484	0.329797	-9.59725	-10.1484	0
-8.54568	-10.1065	0.325198	-8.54568	-10.1065	0
-7.45572	-10.0557	0.311413	-7.45572	-10.0557	0
-6.44175	-10.0736	0.319549	-6.44175	-10.0736	0
-5.40707	-10.0269	0.294286	-5.40707	-10.0269	0
-4.38118	-9.9678	0.325073	-4.38118	-9.9678	0
-3.39018	-10.0539	0.326101	-3.39018	-10.0539	0
-2.33483	-10.0269	0.332041	-2.33483	-10.0269	0
-1.27902	-9.99957	0.305388	-1.27902	-9.99957	0
-0.188165	-8.9829	0.323392	-0.188165	-8.9829	0
0.850241	-9.04809	0.313159	0.850241	-9.04809	0
1.87836	-9.07107	0.309273	1.87836	-9.07107	0
2.899	-9.07467	0.310551	2.899	-9.07467	0
3.9314	-9.12953	0.319657	3.9314	-9.12953	0
4.95022	-9.09877	0.342975	4.95022	-9.09877	0
5.94964	-9.07807	0.316585	5.94964	-9.07807	0
7.03801	-9.05293	0.294785	7.03801	-9.05293	0
8.07276	-9.02569	0.295593	8.07276	-9.02569	0
9.09674	-8.93931	0.326385	9.09674	-8.93931	0
10.0867	-8.95847	0.309334	10.0867	-8.95847	0
11.1146	-8.94154	0.363381	11.1146	-8.94154	0
-11.6678	-8.961	0.295993	-11.6678	-8.961	0
-10.644	-9.07045	0.343711	-10.644	-9.07045	0
-9.5699	-9.0962	0.33055	-9.5699	-9.0962	0
-8.48231	-9.07706	0.342088	-8.48231	-9.07706	0
-7.45365	-9.00422	0.334144	-7.45365	-9.00422	0
-6.39188	-8.98746	0.313027	-6.39188	-8.98746	0
-5.36325	-8.94618	0.315904	-5.36325	-8.94618	0
-4.36457	-8.98417	0.311992	-4.36457	-8.98417	0
-3.33584	-8.97183	0.30156	-3.33584	-8.97183	0
-2.2541	-8.99	0.327755	-2.2541	-8.99	0
-1.23784	-8.97856	0.312447	-1.23784	-8.97856	0
-0.163699	-7.91594	0.319706	-0.163699	-7.91594	0
0.868353	-8.02815	0.326538	0.868353	-8.02815	0
1.86458	-8.00706	0.309765	1.86458	-8.00706	0
2.91369	-7.99202	0.328828	2.91369	-7.99202	0
3.98516	-7.91311	0.317437	3.98516	-7.91311	0
4.95767	-8.03698	0.30655	4.95767	-8.03698	0
6.02392	-8.02804	0.312259	6.02392	-8.02804	0
7.06623	-8.05843	0.317733	7.06623	-8.05843	0
8.08107	-7.97952	0.312992	8.08107	-7.97952	0
9.07057	-7.89298	0.295246	9.07057	-7.89298	0
10.0861	-7.87424	0.312623	10.0861	-7.87424	0
11.0624	-7.90189	0.300879	11.0624	-7.90189	0
-11.6326	-7.96604	0.299746	-11.6326	-7.96604	0
-10.6324	-8.02111	0.332636	-10.6324	-8.02111	0
-9.49793	-8.08772	0.291707	-9.49793	-8.08772	0
-8.41861	-8.04473	0.326011	-8.41861	-8.04473	0
-7.41869	-7.94341	0.312031	-7.41869	-7.94341	0
-6.3806	-7.97339	0.315646	-6.3806	-7.97339	0
-5.32053	-7.92208	0.31208	-5.32053	-7.92208	0
-4.29847	-7.91478	0.310982	-4.29847	-7.91478	0
-3.23147	-7.96356	0.276158	-3.23147	-7.96356	0
-2.25356	-7.94993	0.336645	-2.25356	-7.94993	0
-1.22827	-7.91943	0.315249	-1.22827	-7.91943	0
-0.173589	-6.93428	0.32833	-0.173589	-6.93428	0
0.911957	-6.92672	0.32436	0.911957	-6.92672	0
1.92488	-6.94504	0.306304	1.92488	-6.94504	0
2.94412	-6.94154	0.316434	2.94412	-6.94154	0
4.01848	-6.91844	0.323295	4.01848	-6.91844	0
5.00366	-7.01967	0.319004	5.00366	-7.01967	0
6.07679	-6.97296	0.319086	6.07679	-6.97296	0
7.08392	-7.01058	0.317728	7.08392	-7.01058	0
8.17533	-6.90936	0.334652	8.17533	-6.90936	0
9.16955	-6.84658	0.354564	9.16955	-6.84658	0
10.1604	-6.81552	0.3163	10.1604	-6.81552	0
11.1909	-6.95226	0.32097	11.1909	-6.95226	0
-11.5802	-6.97077	0.314251	-11.5802	-6.97077	0
-10.5483	-7.01408	0.300476	-10.5483	-7.01408	0
-9.52558	-7.05491	0.316078	-9.52558	-7.05491	0
-8.45736	-7.04553	0.306065	-8.45736	-7.04553	0
-7.43121	-6.97285	0.291135	-7.43121	-6.97285	0
-6.33176	-6.89995	0.295529	-6.33176	-6.89995	0
-5.30288	-6.92254	0.320797	-5.30288	-6.92254	0
-4.27935	-6.92446	0.307706	-4.27935	-6.92446	0
-3.28536	-6.94942	0.30846	-3.28536	-6.94942	0
-2.2006	-6.94637	0.310461	-2.2006	-6.94637	0
-1.16722	-6.90356	0.295534	-1.16722	-6.90356	0
-0.196771	-5.92065	0.286952	-0.196771	-5.92065	0
0.898871	-5.93406	0.327825	0.898871	-5.93406	0
1.948	-5.91833	0.311042	1.948	-5.91833	0
2.99898	-5.87539	0.309459	2.99898	-5.87539	0
3.9882	-5.83982	0.276803	3.9882	-5.83982	0
5.02941	-5.93293	0.332838	5.02941	-5.93293	0
6.07889	-5.94009	0.319366	6.07889	-5.94009	0
7.05215	-5.89509	0.331816	7.05215	-5.89509	0
8.02137	-5.8907	0.304883	8.02137	-5.8907	0
9.05704	-5.79839	0.312586	9.05704	-5.79839	0
10.1208	-5.82374	0.321302	10.1208	-5.82374	0
11.1767	-5.87992	0.32948	11.1767	-5.87992	0
-11.5785	-5.92084	0.302361	-11.5785	-5.92084	0
-10.5559	-5.93981	0.315988	-10.5559	-5.93981	0
-9.54609	-5.99492	0.3392	-9.54609	-5.99492	0
-8.48002	-5.95838	0.314282	-8.48002	-5.95838	0
-7.41743	-5.96679	0.351927	-7.41743	-5.96679	0
-6.38339	-5.87331	0.318039	-6.38339	-5.87331	0
-5.31326	-5.87434	0.298786	-5.31326	-5.87434	0
-4.28532	-5.91503	0.29723	-4.28532	-5.91503	0
-3.31608	-5.92068	0.319854	-3.31608	-5.92068	0
-2.22496	-5.93725	0.311315	-2.22496	-5.93725	0
-1.18167	-5.92503	0.307312	-1.18167	-5.92503	0
-0.201493	-4.84627	0.301972	-0.201493	-4.84627	0
0.870076	-4.862	0.298914	0.870076	-4.862	0
1.90445	-4.91919	0.333104	1.90445	-4.91919	0
2.99422	-4.8512	0.324646	2.99422	-4.8512	0
4.01671	-4.84084	0.301693	4.01671	-4.84084	0
5.00495	-4.86691	0.334509	5.00495	-4.86691	0
6.05516	-4.86604	0.324809	6.05516	-4.86604	0
7.07434	-4.82822	0.325377	7.07434	-4.82822	0
8.04266	-4.83379	0.317087	8.04266	-4.83379	0
9.04494	-4.83104	0.324593	9.04494	-4.83104	0
10.152	-4.84629	0.321214	10.152	-4.84629	0
11.1364	-4.85729	0.324063	11.1364	-4.85729	0
-11.5367	-4.8587	0.306436	-11.5367	-4.8587	0
-10.5225	-4.94642	0.324707	-10.5225	-4.94642	0
-9.51513	-4.95978	0.316809	-9.51513	-4.95978	0
-8.39859	-4.93603	0.340168	-8.39859	-4.93603	0
-7.41384	-4.9069	0.301632	-7.41384	-4.9069	0
-6.31527	-4.84078	0.31346	-6.31527	-4.84078	0
-5.2741	-4.82486	0.320838	-5.2741	-4.82486	0
-4.30333	-4.89351	0.326026	-4.30333	-4.89351	0
-3.2778	-4.81272	0.303198	-3.2778	-4.81272	0
-2.34417	-4.8408	0.303436	-2.34417	-4.8408	0
-1.24197	-4.87797	0.331929	-1.24197	-4.87797	0
-0.188324	-3.8343	0.328743	-0.188324	-3.8343	0
0.866424	-3.87434	0.304347	0.866424	-3.87434	0
1.92008	-3.88791	0.315659	1.92008	-3.88791	0
2.95385	-3.81216	0.31127	2.95385	-3.81216	0
4.03197	-3.78654	0.305749	4.03197	-3.78654	0
5.0448	-3.84988	0.323135	5.0448	-3.84988	0
6.03158	-3.88685	0.349104	6.03158	-3.88685	0
7.10855	-3.82889	0.337171	7.10855	-3.82889	0
8.12923	-3.8311	0.336968	8.12923	-3.8311	0
9.15772	-3.8577	0.31049	9.15772	-3.8577	0
10.2014	-3.71952	0.324139	10.2014	-3.71952	0
11.2091	-3.80546	0.313308	11.2091	-3.80546	0
-11.579	-3.85465	0.323273	-11.579	-3.85465	0
-10.5726	-3.90671	0.323042	-10.5726	-3.90671	0
-9.46542	-3.87506	0.304842	-9.46542	-3.87506	0
-8.42934	-3.8215	0.34057	-8.42934	-3.8215	0
-7.4073	-3.87064	0.334237	-7.4073	-3.87064	0
-6.32114	-3.77826	0.347051	-6.32114	-3.77826	0
-5.33192	-3.81335	0.319301	-5.33192	-3.81335	0
-4.33594	-3.84659	0.330164	-4.33594	-3.84659	0
-3.23966	-3.8391	0.312914	-3.23966	-3.8391	0
-2.20997	-3.8276	0.342263	-2.20997	-3.8276	0
-1.23055	-3.83831	0.321151	-1.23055	-3.83831	0
-0.206143	-2.79047	0.356038	-0.206143	-2.79047	0
0.909026	-2.84214	0.320743	0.909026	-2.84214	0
1.90928	-2.81029	0.338092	1.90928	-2.81029	0
2.90401	-2.78574	0.308787	2.90401	-2.78574	0
3.95779	-2.7647	0.307452	3.95779	-2.7647	0
4.94337	-2.82394	0.308288	4.94337	-2.82394	0
6.04737	-2.83221	0.333256	6.04737	-2.83221	0
7.07941	-2.84707	0.315927	7.07941	-2.84707	0
8.14855	-2.77943	0.337181	8.14855	-2.77943	0
9.17167	-2.78855	0.33359	9.17167	-2.78855	0
10.1863	-2.71782	0.313093	10.1863	-2.71782	0
11.1791	-2.8496	0.305358	11.1791	-2.8496	0
-11.5523	-2.80736	0.311377	-11.5523	-2.80736	0
-10.5137	-2.84985	0.326935	-10.5137	-2.84985	0
-9.5011	-2.80327	0.321464	-9.5011	-2.80327	0
-8.45091	-2.83734	0.331984	-8.45091	-2.83734	0
-7.38839	-2.85143	0.312015	-7.38839	-2.85143	0
-6.37059	-2.78133	0.320816	-6.37059	-2.78133	0
-5.32667	-2.81095	0.316925	-5.32667	-2.81095	0
-4.25966	-2.81552	0.331253	-4.25966	-2.81552	0
-3.24644	-2.80421	0.332462	-3.24644	-2.80421	0
-2.24109	-2.81549	0.332238	-2.24109	-2.81549	0
-1.21864	-2.80752	0.306792	-1.21864	-2.80752	0
-0.20441	-1.766	0.306288	-0.20441	-1.766	0
0.832448	-1.80297	0.34268	0.832448	-1.80297	0
1.82515	-1.82565	0.313705	1.82515	-1.82565	0
2.88785	-1.75973	0.330695	2.88785	-1.75973	0
3.93054	-1.77241	0.317248	3.93054	-1.77241	0
5.01649	-1.73254	0.327044	5.01649	-1.73254	0
5.98108	-1.79459	0.301905	5.98108	-1.79459	0
7.03273	-1.81708	0.297281	7.03273	-1.81708	0
8.05813	-1.79154	0.346342	8.05813	-1.79154	0
9.11054	-1.72501	0.307243	9.11054	-1.72501	0
10.1404	-1.72738	0.316723	10.1404	-1.72738	0
11.1811	-1.74817	0.326835	11.1811	-1.74817	0
-11.6274	-1.79686	0.299005	-11.6274	-1.79686	0
-10.5007	-1.8454	0.319658	-10.5007	-1.8454	0
-9.49597	-1.75428	0.280598	-9.49597	-1.75428	0
-8.43721	-1.77871	0.330313	-8.43721	-1.77871	0
-7.39793	-1.76136	0.317487	-7.39793	-1.76136	0
-6.39009	-1.78496	0.326427	-6.39009	-1.78496	0
-5.33178	-1.82249	0.303164	-5.33178	-1.82249	0
-4.33594	-1.75495	0.327767	-4.33594	-1.75495	0
-3.28907	-1.71705	0.343412	-3.28907	-1.71705	0
-2.2442	-1.75638	0.300456	-2.2442	-1.75638	0
-1.19342	-1.78586	0.326211	-1.19342	-1.78586	0
-0.199014	-0.740171	0.336278	-0.199014	-0.740171	0
0.876594	-0.779746	0.324074	0.876594	-0.779746	0
1.89224	-0.777537	0.320305	1.89224	-0.777537	0
2.85198	-0.744206	0.330265	2.85198	-0.744206	0
3.92332	-0.734338	0.305851	3.92332	-0.734338	0
4.95499	-0.736138	0.314737	4.95499	-0.736138	0
6.02038	-0.78679	0.330989	6.02038	-0.78679	0
7.07312	-0.779527	0.314824	7.07312	-0.779527	0
8.08501	-0.733746	0.327142	8.08501	-0.733746	0
9.14146	-0.715686	0.345109	9.14146	-0.715686	0
10.1802	-0.699755	0.312122	10.1802	-0.699755	0
11.1894	-0.737883	0.321264	11.1894	-0.737883	0
-11.534	-0.797079	0.31526	-11.534	-0.797079	0
-10.4645	-0.77145	0.299495	-10.4645	-0.77145	0
-9.44988	-0.776402	0.305632	-9.44988	-0.776402	0
-8.52812	-0.740329	0.315263	-8.52812	-0.740329	0
-7.40755	-0.774538	0.309003	-7.40755	-0.774538	0
-6.45639	-0.737867	0.294046	-6.45639	-0.737867	0
-5.40253	-0.767133	0.298016	-5.40253	-0.767133	0
-4.32545	-0.727304	0.320295	-4.32545	-0.727304	0
-3.27451	-0.692665	0.334795	-3.27451	-0.692665	0
-2.24872	-0.69168	0.303337	-2.24872	-0.69168	0
-1.18943	-0.788955	0.326268	-1.18943	-0.788955	0
