-0.411458	-0.0758089	-0.306994	-0.411458	-0.0758089	0
0.589746	-0.0372894	-0.331052	0.589746	-0.0372894	0
1.58502	-0.0163386	-0.291119	1.58502	-0.0163386	0
2.64771	-0.0291993	-0.310455	2.64771	-0.0291993	0
3.69594	0.00545924	-0.326921	3.69594	0.00545924	0
4.74474	0.0172186	-0.32604	4.74474	0.0172186	0
5.74591	-0.0751025	-0.345143	5.74591	-0.0751025	0
6.81354	-0.0465175	-0.326248	6.81354	-0.0465175	0
7.81016	-0.139996	-0.331731	7.81016	-0.139996	0
8.85217	-0.124376	-0.353369	8.85217	-0.124376	0
9.90312	-0.110697	-0.376018	9.90312	-0.110697	0
10.9225	-0.113747	-0.331535	10.9225	-0.113747	0
-11.8342	-0.012588	-0.312891	-11.8342	-0.012588	0
-10.7069	-0.0589068	-0.319393	-10.7069	-0.0589068	0
-9.6861	-0.0652861	-0.317658	-9.6861	-0.0652861	0
-8.65392	-0.11527	-0.30627	-8.65392	-0.11527	0
-7.6573	-0.127899	-0.325468	-7.6573	-0.127899	0
-6.63216	-0.112889	-0.343525	-6.63216	-0.112889	0
-5.57294	-0.156519	-0.297002	-5.57294	-0.156519	0
-4.56862	-0.0509591	-0.348163	-4.56862	-0.0509591	0
-3.51679	-0.0961568	-0.330182	-3.51679	-0.0961568	0
-2.51119	-0.040297	-0.315115	-2.51119	-0.040297	0
-1.46095	0.0412751	-0.319801	-1.46095	0.0412751	0
-0.393046	1.03285	-0.298858	-0.393046	1.03285	0
0.615988	1.01608	-0.286221	0.615988	1.01608	0
1.60846	0.973746	-0.29948	1.60846	0.973746	0
2.73279	0.967318	-0.31074	2.73279	0.967318	0
3.71182	0.994283	-0.298955	3.71182	0.994283	0
4.69199	1.02069	-0.305381	4.69199	1.02069	0
5.81395	0.96475	-0.349613	5.81395	0.96475	0
6.81649	0.928084	-0.314888	6.81649	0.928084	0
7.86651	0.914029	-0.315137	7.86651	0.914029	0
8.8708	0.887379	-0.288872	8.8708	0.887379	0
9.89747	0.928374	-0.290713	9.89747	0.928374	0
10.9346	0.961172	-0.304006	10.9346	0.961172	0
-11.8508	0.949721	-0.319716	-11.8508	0.949721	0
-10.7702	0.926127	-0.319729	-10.7702	0.926127	0
-9.67744	0.920301	-0.309764	-9.67744	0.920301	0
-8.65923	0.976466	-0.309233	-8.65923	0.976466	0
-7.64971	0.920829	-0.315088	-7.64971	0.920829	0
-6.64171	0.912527	-0.301282	-6.64171	0.912527	0
-5.59552	0.909607	-0.338223	-5.59552	0.909607	0
-4.62289	0.952777	-0.312257	-4.62289	0.952777	0
-3.52687	0.939614	-0.315644	-3.52687	0.939614	0
-2.44849	0.994719	-0.308988	-2.44849	0.994719	0
-1.45038	1.01994	-0.29449	-1.45038	1.01994	0
-0.441482	2.07853	-0.312683	-0.441482	2.07853	0
0.610578	2.06591	-0.341487	0.610578	2.06591	0
1.69496	1.97224	-0.346642	1.69496	1.97224	0
2.6633	2.03745	-0.323171	2.6633	2.03745	0
3.7296	2.02581	-0.333642	3.7296	2.02581	0
4.73588	2.03682	-0.324746	4.73588	2.03682	0
5.79151	2.05961	-0.298668	5.79151	2.05961	0
6.82728	1.96411	-0.323021	6.82728	1.96411	0
7.91043	1.98075	-0.325232	7.91043	1.98075	0
8.88107	1.99619	-0.303314	8.88107	1.99619	0
9.85494	1.98589	-0.336945	9.85494	1.98589	0
10.9961	1.98467	-0.315019	10.9961	1.98467	0
-11.7991	1.96188	-0.313451	-11.7991	1.96188	0
-10.8183	1.98648	-0.337492	-10.8183	1.98648	0
-9.73148	1.95209	-0.344836	-9.73148	1.95209	0
-8.69283	2.01899	-0.316718	-8.69283	2.01899	0
-7.6261	1.9955	-0.294522	-7.6261	1.9955	0
-6.61904	1.98059	-0.33536	-6.61904	1.98059	0
-5.57404	1.93653	-0.33723	-5.57404	1.93653	0
-4.55466	1.91769	-0.340981	-4.55466	1.91769	0
-3.53809	2.04614	-0.333441	-3.53809	2.04614	0
-2.52489	2.04144	-0.325028	-2.52489	2.04144	0
-1.44427	2.03561	-0.359046	-1.44427	2.03561	0
-0.405634	3.07097	-0.312273	-0.405634	3.07097	0
0.692424	3.0845	-0.304295	0.692424	3.0845	0
1.68697	3.10552	-0.298329	1.68697	3.10552	0
2.71076	3.08703	-0.336962	2.71076	3.08703	0
3.72195	3.08049	-0.332182	3.72195	3.08049	0
4.75884	3.07996	-0.338147	4.75884	3.07996	0
5.87019	3.03242	-0.305733	5.87019	3.03242	0
6.88908	3.01022	-0.294959	6.88908	3.01022	0
7.87183	3.02773	-0.327255	7.87183	3.02773	0
8.90585	3.0936	-0.345806	8.90585	3.0936	0
9.97107	3.01174	-0.290249	9.97107	3.01174	0
10.9791	3.08542	-0.3071	10.9791	3.08542	0
-11.7649	3.0361	-0.338162	-11.7649	3.0361	0
-10.7803	3.0282	-0.270496	-10.7803	3.0282	0
-9.72486	2.99196	-0.277772	-9.72486	2.99196	0
-8.70251	3.01887	-0.30369	-8.70251	3.01887	0
-7.64091	3.0248	-0.315496	-7.64091	3.0248	0
-6.61077	2.97684	-0.329158	-6.61077	2.97684	0
-5.52247	2.9885	-0.307377	-5.52247	2.9885	0
-4.48586	3.03734	-0.350595	-4.48586	3.03734	0
-3.45182	3.08874	-0.31667	-3.45182	3.08874	0
-2.45805	3.04577	-0.307373	-2.45805	3.04577	0
-1.40355	3.10443	-0.333592	-1.40355	3.10443	0
-0.336615	4.12341	-0.301892	-0.336615	4.12341	0
0.674417	4.10704	-0.30857	0.674417	4.10704	0
1.70935	4.11725	-0.32494	1.70935	4.11725	0
2.70134	4.10721	-0.327299	2.70134	4.10721	0
3.72535	4.12088	-0.327172	3.72535	4.12088	0
4.77486	4.08927	-0.280414	4.77486	4.08927	0
5.81494	4.02407	-0.304058	5.81494	4.02407	0
6.81611	4.00682	-0.328785	6.81611	4.00682	0
7.88699	4.05537	-0.316995	7.88699	4.05537	0
8.90448	4.10107	-0.306132	8.90448	4.10107	0
9.96954	4.06569	-0.341084	9.96954	4.06569	0
10.9481	4.08839	-0.321899	10.9481	4.08839	0
-11.819	4.06142	-0.31684	-11.819	4.06142	0
-10.7951	4.06165	-0.301665	-10.7951	4.06165	0
-9.74179	4.00263	-0.334148	-9.74179	4.00263	0
-8.69425	4.07284	-0.328378	-8.69425	4.07284	0
-7.68425	4.09129	-0.299764	-7.68425	4.09129	0
-6.57331	4.01883	-0.289135	-6.57331	4.01883	0
-5.54964	4.01647	-0.287936	-5.54964	4.01647	0
-4.49272	4.10857	-0.327876	-4.49272	4.10857	0
-3.44147	4.11006	-0.293631	-3.44147	4.11006	0
-2.39507	4.10757	-0.323535	-2.39507	4.10757	0
-1.33649	4.15075	-0.333184	-1.33649	4.15075	0
-0.280828	5.15883	-0.338266	-0.280828	5.15883	0
0.737195	5.18682	-0.300005	0.737195	5.18682	0
1.75992	5.15328	-0.32491	1.75992	5.15328	0
2.71896	5.16613	-0.318932	2.71896	5.16613	0
3.73443	5.15602	-0.311458	3.73443	5.15602	0
4.78007	5.14148	-0.333671	4.78007	5.14148	0
5.78745	5.0471	-0.337069	5.78745	5.0471	0
6.79241	5.0389	-0.318438	6.79241	5.0389	0
7.80723	5.1412	-0.298328	7.80723	5.1412	0
8.91083	5.12648	-0.309704	8.91083	5.12648	0
9.98137	5.10575	-0.31886	9.98137	5.10575	0
10.9795	5.06337	-0.345471	10.9795	5.06337	0
-11.7571	5.08882	-0.334465	-11.7571	5.08882	0
-10.7654	5.0522	-0.314722	-10.7654	5.0522	0
-9.74575	5.08766	-0.322164	-9.74575	5.08766	0
-8.69107	5.08145	-0.327668	-8.69107	5.08145	0
-7.60321	5.06112	-0.306637	-7.60321	5.06112	0
-6.58313	5.08012	-0.290843	-6.58313	5.08012	0
-5.53956	5.06142	-0.279711	-5.53956	5.06142	0
-4.58983	5.10806	-0.292601	-4.58983	5.10806	0
-3.44938	5.1399	-0.307997	-3.44938	5.1399	0
-2.40462	5.17503	-0.297821	-2.40462	5.17503	0
-1.3986	5.11548	-0.329534	-1.3986	5.11548	0
-0.382054	6.17995	-0.316881	-0.382054	6.17995	0
0.708869	6.14622	-0.325541	0.708869	6.14622	0
1.70473	6.20378	-0.327455	1.70473	6.20378	0
2.72655	6.22542	-0.304155	2.72655	6.22542	0
3.76141	6.19212	-0.300417	3.76141	6.19212	0
4.78276	6.18186	-0.315019	4.78276	6.18186	0
5.77496	6.21134	-0.349038	5.77496	6.21134	0
6.83266	6.16878	-0.33862	6.83266	6.16878	0
7.85976	6.11858	-0.339136	7.85976	6.11858	0
8.90226	6.15615	-0.300762	8.90226	6.15615	0
9.99101	6.11305	-0.325864	9.99101	6.11305	0
11.0089	6.11239	-0.29429	11.0089	6.11239	0
-11.7838	6.11926	-0.313344	-11.7838	6.11926	0
-10.6942	6.05384	-0.317935	-10.6942	6.05384	0
-9.63752	6.1159	-0.339168	-9.63752	6.1159	0
-8.63888	6.17206	-0.326072	-8.63888	6.17206	0
-7.61113	6.13411	-0.293384	-7.61113	6.13411	0
-6.56822	6.11886	-0.299231	-6.56822	6.11886	0
-5.52757	6.1104	-0.328079	-5.52757	6.1104	0
-4.52458	6.1819	-0.29143	-4.52458	6.1819	0
-3.51875	6.15244	-0.327288	-3.51875	6.15244	0
-2.41313	6.16156	-0.310096	-2.41313	6.16156	0
-1.36647	6.19126	-0.328614	-1.36647	6.19126	0
-0.329125	7.21891	-0.319125	-0.329125	7.21891	0
0.643143	7.13576	-0.321822	0.643143	7.13576	0
1.74877	7.19274	-0.316328	1.74877	7.19274	0
2.75673	7.27882	-0.331316	2.75673	7.27882	0
3.78265	7.24229	-0.297883	3.78265	7.24229	0
4.78819	7.25716	-0.331749	4.78819	7.25716	0
5.78544	7.1843	-0.335886	5.78544	7.1843	0
6.86172	7.16461	-0.297527	6.86172	7.16461	0
7.88213	7.17903	-0.300616	7.88213	7.17903	0
8.96467	7.14675	-0.30765	8.96467	7.14675	0
9.99947	7.13533	-0.318129	9.99947	7.13533	0
11.0354	7.16854	-0.302489	11.0354	7.16854	0
-11.7704	7.14947	-0.303951	-11.7704	7.14947	0
-10.7326	7.21939	-0.325382	-10.7326	7.21939	0
-9.68988	7.17909	-0.314843	-9.68988	7.17909	0
-8.63366	7.20898	-0.329455	-8.63366	7.20898	0
-7.57376	7.15231	-0.322218	-7.57376	7.15231	0
-6.56839	7.08699	-0.324573	-6.56839	7.08699	0
-5.52795	7.17535	-0.312969	-5.52795	7.17535	0
-4.48365	7.22898	-0.328627	-4.48365	7.22898	0
-3.47735	7.20605	-0.318602	-3.47735	7.20605	0
-2.47858	7.18825	-0.307965	-2.47858	7.18825	0
-1.41039	7.21416	-0.310083	-1.41039	7.21416	0
-0.382199	8.2344	-0.333715	-0.382199	8.2344	0
0.677197	8.16629	-0.313797	0.677197	8.16629	0
1.73146	8.26405	-0.317986	1.73146	8.26405	0
2.80879	8.25933	-0.31344	2.80879	8.25933	0
3.78708	8.26286	-0.320021	3.78708	8.26286	0
4.83247	8.26617	-0.32909	4.83247	8.26617	0
5.8286	8.24162	-0.333792	5.8286	8.24162	0
6.93342	8.24774	-0.308889	6.93342	8.24774	0
7.91034	8.18647	-0.333075	7.91034	8.18647	0
8.9758	8.19991	-0.341957	8.9758	8.19991	0
9.96658	8.22442	-0.287501	9.96658	8.22442	0
11.0163	8.21872	-0.316265	11.0163	8.21872	0
-11.7244	8.24982	-0.33545	-11.7244	8.24982	0
-10.694	8.23147	-0.282814	-10.694	8.23147	0
-9.64703	8.18718	-0.282304	-9.64703	8.18718	0
-8.61896	8.22104	-0.324653	-8.61896	8.22104	0
-7.59613	8.19315	-0.327192	-7.59613	8.19315	0
-6.56974	8.18849	-0.312062	-6.56974	8.18849	0
-5.59068	8.20246	-0.312687	-5.59068	8.20246	0
-4.52036	8.23471	-0.333194	-4.52036	8.23471	0
-3.50319	8.22958	-0.296658	-3.50319	8.22958	0
-2.45173	8.23862	-0.306815	-2.45173	8.23862	0
-1.43283	8.27991	-0.314444	-1.43283	8.27991	0
-0.365375	9.29923	-0.329702	-0.365375	9.29923	0
0.724567	9.24331	-0.328325	0.724567	9.24331	0
1.74214	9.2438	-0.320236	1.74214	9.2438	0
2.78087	9.27981	-0.334856	2.78087	9.27981	0
3.79476	9.32335	-0.344662	3.79476	9.32335	0
4.86069	9.25622	-0.310423	4.86069	9.25622	0
5.91172	9.26407	-0.321384	5.91172	9.26407	0
6.90117	9.29308	-0.333247	6.90117	9.29308	0
7.94194	9.24504	-0.314909	7.94194	9.24504	0
8.9689	9.19452	-0.319332	8.9689	9.19452	0
10.029	9.28483	-0.322923	10.029	9.28483	0
11.0246	9.19	-0.289822	11.0246	9.19	0
-11.7589	9.30399	-0.302795	-11.7589	9.30399	0
-10.6884	9.23529	-0.31653	-10.6884	9.23529	0
-9.63255	9.16993	-0.32142	-9.63255	9.16993	0
-8.61485	9.24046	-0.340652	-8.61485	9.24046	0
-7.62854	9.2934	-0.323027	-7.62854	9.2934	0
-6.56215	9.27639	-0.316059	-6.56215	9.27639	0
-5.53271	9.22951	-0.321749	-5.53271	9.22951	0
-4.45576	9.27856	-0.323685	-4.45576	9.27856	0
-3.44442	9.28101	-0.322175	-3.44442	9.28101	0
-2.3937	9.29933	-0.298277	-2.3937	9.29933	0
-1.39756	9.25831	-0.347873	-1.39756	9.25831	0
-0.290093	10.2831	-0.306056	-0.290093	10.2831	0
0.747992	10.2674	-0.335676	0.747992	10.2674	0
1.77151	10.2198	-0.306205	1.77151	10.2198	0
2.80598	10.2912	-0.316417	2.80598	10.2912	0
3.85204	10.3214	-0.331675	3.85204	10.3214	0
4.84976	10.3223	-0.292969	4.84976	10.3223	0
5.89018	10.3323	-0.301544	5.89018	10.3323	0
6.91046	10.3172	-0.319929	6.91046	10.3172	0
7.95878	10.2465	-0.334573	7.95878	10.2465	0
8.96706	10.2218	-0.310807	8.96706	10.2218	0
10.015	10.2899	-0.310125	10.015	10.2899	0
10.9979	10.2372	-0.341605	10.9979	10.2372	0
-11.7505	10.2739	-0.327835	-11.7505	10.2739	0
-10.6613	10.2535	-0.334147	-10.6613	10.2535	0
-9.61362	10.2567	-0.338182	-9.61362	10.2567	0
-8.64878	10.2895	-0.316872	-8.64878	10.2895	0
-7.62372	10.2507	-0.280498	-7.62372	10.2507	0
-6.57779	10.3115	-0.323467	-6.57779	10.3115	0
-5.58045	10.3087	-0.312244	-5.58045	10.3087	0
-4.50896	10.2549	-0.292575	-4.50896	10.2549	0
-3.43202	10.2745	-0.326468	-3.43202	10.2745	0
-2.41691	10.3111	-0.283459	-2.41691	10.3111	0
-1.31713	10.3127	-0.340107	-1.31713	10.3127	0
-0.316216	11.3296	-0.333089	-0.316216	11.3296	0
0.693973	11.2514	-0.329594	0.693973	11.2514	0
1.73004	11.2898	-0.315292	1.73004	11.2898	0
2.8441	11.3443	-0.313194	2.8441	11.3443	0
3.83796	11.3402	-0.333105	3.83796	11.3402	0
4.84554	11.3565	-0.348009	4.84554	11.3565	0
5.884	11.3314	-0.330627	5.884	11.3314	0
6.92339	11.3457	-0.306432	6.92339	11.3457	0
7.95908	11.3257	-0.311853	7.95908	11.3257	0
8.92172	11.2616	-0.352579	8.92172	11.2616	0
9.99708	11.2906	-0.324942	9.99708	11.2906	0
11.1132	11.2691	-0.34032	11.1132	11.2691	0
-11.6759	11.2631	-0.321162	-11.6759	11.2631	0
-10.6375	11.2439	-0.328105	-10.6375	11.2439	0
-9.61166	11.3428	-0.299354	-9.61166	11.3428	0
-8.57091	11.3133	-0.33832	-8.57091	11.3133	0
-7.49596	11.3176	-0.291907	-7.49596	11.3176	0
-6.53666	11.3132	-0.338545	-6.53666	11.3132	0
-5.50104	11.3227	-0.319104	-5.50104	11.3227	0
-4.47218	11.2854	-0.303632	-4.47218	11.2854	0
-3.45812	11.2951	-0.323474	-3.45812	11.2951	0
-2.4332	11.2865	-0.307163	-2.4332	11.2865	0
-1.36878	11.3022	-0.287268	-1.36878	11.3022	0
-0.26659	-11.3738	-0.301656	-0.26659	-11.3738	0
0.676759	-11.4468	-0.297928	0.676759	-11.4468	0
1.74586	-11.4427	-0.316421	1.74586	-11.4427	0
2.78876	-11.399	-0.317774	2.78876	-11.399	0
3.84789	-11.4164	-0.331619	3.84789	-11.4164	0
4.82624	-11.4108	-0.318718	4.82624	-11.4108	0
5.86246	-11.3808	-0.299762	5.86246	-11.3808	0
6.92181	-11.4191	-0.327517	6.92181	-11.4191	0
7.97895	-11.48	-0.318411	7.97895	-11.48	0
8.97467	-11.4934	-0.343635	8.97467	-11.4934	0
9.9971	-11.5319	-0.300886	9.9971	-11.5319	0
11.0499	-11.4993	-0.299622	11.0499	-11.4993	0
-11.6527	-11.5005	-0.318928	-11.6527	-11.5005	0
-10.632	-11.4472	-0.330197	-10.632	-11.4472	0
-9.57652	-11.4526	-0.351972	-9.57652	-11.4526	0
-8.56239	-11.4447	-0.327345	-8.56239	-11.4447	0
-7.53517	-11.4087	-0.319002	-7.53517	-11.4087	0
-6.48261	-11.4363	-0.341424	-6.48261	-11.4363	0
-5.48465	-11.4806	-0.314157	-5.48465	-11.4806	0
-4.46076	-11.4502	-0.303365	-4.46076	-11.4502	0
-3.47591	-11.3912	-0.316756	-3.47591	-11.3912	0
-2.41739	-11.4382	-0.321257	-2.41739	-11.4382	0
-1.32364	-11.4335	-0.30193	-1.32364	-11.4335	0
-0.304543	-10.3888	-0.316124	-0.304543	-10.3888	0
0.653846	-10.4008	-0.307192	0.653846	-10.4008	0
1.79041	-10.3851	-0.329601	1.79041	-10.3851	0
2.76572	-10.3727	-0.331937	2.76572	-10.3727	0
3.85726	-10.3739	-0.322803	3.85726	-10.3739	0
4.85743	-10.4132	-0.303495	4.85743	-10.4132	0
5.86993	-10.3568	-0.327408	5.86993	-10.3568	0
6.97112	-10.368	-0.305735	6.97112	-10.368	0
7.95831	-10.4494	-0.294311	7.95831	-10.4494	0
9.01578	-10.4392	-0.326916	9.01578	-10.4392	0
10.0004	-10.4141	-0.299565	10.0004	-10.4141	0
11.0368	-10.463	-0.297209	11.0368	-10.463	0
-11.6498	-10.4478	-0.328391	-11.6498	-10.4478	0
-10.5984	-10.4369	-0.292867	-10.5984	-10.4369	0
-9.56765	-10.4231	-0.30353	-9.56765	-10.4231	0
-8.58573	-10.4189	-0.329568	-8.58573	-10.4189	0
-7.53921	-10.3567	-0.312361	-7.53921	-10.3567	0
-6.55346	-10.448	-0.293885	-6.55346	-10.448	0
-5.43618	-10.4333	-0.32175	-5.43618	-10.4333	0
-4.45383	-10.3666	-0.27753	-4.45383	-10.3666	0
-3.43332	-10.2774	-0.323144	-3.43332	-10.2774	0
-2.39427	-10.3231	-0.323316	-2.39427	-10.3231	0
-1.34235	-10.3467	-0.315603	-1.34235	-10.3467	0
-0.298437	-9.32157	-0.341455	-0.298437	-9.32157	0
0.733243	-9.31397	-0.30389	0.733243	-9.31397	0
1.73565	-9.39316	-0.310583	1.73565	-9.39316	0
2.84287	-9.29849	-0.302968	2.84287	-9.29849	0
3.88797	-9.3259	-0.287893	3.88797	-9.3259	0
4.89026	-9.32965	-0.310689	4.89026	-9.32965	0
5.92169	-9.35044	-0.309979	5.92169	-9.35044	0
6.95365	-9.36091	-0.316906	6.95365	-9.36091	0
7.98483	-9.38994	-0.331082	7.98483	-9.38994	0
9.0175	-9.38913	-0.327191	9.0175	-9.38913	0
10.0329	-9.39794	-0.329629	10.0329	-9.39794	0
11.0538	-9.41258	-0.303594	11.0538	-9.41258	0
-11.7349	-9.43909	-0.334571	-11.7349	-9.43909	0
-10.6803	-9.43253	-0.301052	-10.6803	-9.43253	0
-9.61793	-9.399	-0.296266	-9.61793	-9.399	0
-8.57772	-9.40001	-0.345614	-8.57772	-9.40001	0
-7.59123	-9.38206	-0.342822	-7.59123	-9.38206	0
-6.52753	-9.36702	-0.311614	-6.52753	-9.36702	0
-5.51092	-9.38301	-0.320856	-5.51092	-9.38301	0
-4.50848	-9.35601	-0.308972	-4.50848	-9.35601	0
-3.41932	-9.30531	-0.312197	-3.41932	-9.30531	0
-2.35291	-9.30512	-0.318194	-2.35291	-9.30512	0
-1.34401	-9.36283	-0.29403	-1.34401	-9.36283	0
-0.338492	-8.31258	-0.305923	-0.338492	-8.31258	0
0.666712	-8.3006	-0.329576	0.666712	-8.3006	0
1.72707	-8.32724	-0.335641	1.72707	-8.32724	0
2.79744	-8.27991	-0.325658	2.79744	-8.27991	0
3.79287	-8.29463	-0.308113	3.79287	-8.29463	0
4.83673	-8.28987	-0.321262	4.83673	-8.28987	0
5.87266	-8.26219	-0.321774	5.87266	-8.26219	0
6.91916	-8.36786	-0.338061	6.91916	-8.36786	0
7.97546	-8.30719	-0.328311	7.97546	-8.30719	0
8.97519	-8.39512	-0.307936	8.97519	-8.39512	0
10.006	-8.33071	-0.294605	10.006	-8.33071	0
11.0095	-8.36814	-0.299693	11.0095	-8.36814	0
-11.6787	-8.36892	-0.300589	-11.6787	-8.36892	0
-10.6658	-8.38915	-0.315083	-10.6658	-8.38915	0
-9.68311	-8.38224	-0.330283	-9.68311	-8.38224	0
-8.59675	-8.35029	-0.329516	-8.59675	-8.35029	0
-7.58323	-8.33026	-0.336997	-7.58323	-8.33026	0
-6.57447	-8.38201	-0.314216	-6.57447	-8.38201	0
-5.49348	-8.3349	-0.314438	-5.49348	-8.3349	0
-4.45958	-8.31827	-0.302202	-4.45958	-8.31827	0
-3.42011	-8.2836	-0.282456	-3.42011	-8.2836	0
-2.38638	-8.28659	-0.278074	-2.38638	-8.28659	0
-1.38201	-8.30536	-0.33407	-1.38201	-8.30536	0
-0.417785	-7.23609	-0.331334	-0.417785	-7.23609	0
0.615879	-7.26035	-0.321564	0.615879	-7.26035	0
1.67403	-7.31502	-0.318045	1.67403	-7.31502	0
2.73831	-7.27341	-0.321483	2.73831	-7.27341	0
3.79871	-7.26458	-0.333928	3.79871	-7.26458	0
4.80999	-7.27469	-0.318363	4.80999	-7.27469	0
5.8088	-7.25376	-0.331431	5.8088	-7.25376	0
6.88096	-7.29343	-0.327488	6.88096	-7.29343	0
7.88877	-7.34274	-0.31322	7.88877	-7.34274	0
8.8852	-7.36309	-0.304323	8.8852	-7.36309	0
9.94593	-7.29586	-0.312482	9.94593	-7.29586	0
11.0285	-7.30383	-0.336597	11.0285	-7.30383	0
-11.7561	-7.36915	-0.30801	-11.7561	-7.36915	0
-10.713	-7.30158	-0.33519	-10.713	-7.30158	0
-9.67558	-7.36616	-0.304394	-9.67558	-7.36616	0
-8.66047	-7.26795	-0.306038	-8.66047	-7.26795	0
-7.62014	-7.3457	-0.324565	-7.62014	-7.3457	0
-6.52037	-7.36414	-0.299618	-6.52037	-7.36414	0
-5.50236	-7.35359	-0.328779	-5.50236	-7.35359	0
-4.48745	-7.27222	-0.319366	-4.48745	-7.27222	0
-3.44434	-7.26192	-0.319463	-3.44434	-7.26192	0
-2.3801	-7.23696	-0.303823	-2.3801	-7.23696	0
-1.40967	-7.2528	-0.292284	-1.40967	-7.2528	0
-0.353912	-6.23369	-0.328893	-0.353912	-6.23369	0
0.712696	-6.27773	-0.308443	0.712696	-6.27773	0
1.71642	-6.32586	-0.329692	1.71642	-6.32586	0
2.76894	-6.22881	-0.302123	2.76894	-6.22881	0
3.79488	-6.17308	-0.327473	3.79488	-6.17308	0
4.82569	-6.2265	-0.305023	4.82569	-6.2265	0
5.83528	-6.21807	-0.302793	5.83528	-6.21807	0
6.84212	-6.24239	-0.332407	6.84212	-6.24239	0
7.8715	-6.32231	-0.325039	7.8715	-6.32231	0
8.92072	-6.27576	-0.29443	8.92072	-6.27576	0
9.96214	-6.26505	-0.3354	9.96214	-6.26505	0
11.0415	-6.25431	-0.330127	11.0415	-6.25431	0
-11.7169	-6.28002	-0.308637	-11.7169	-6.28002	0
-10.7056	-6.29851	-0.298729	-10.7056	-6.29851	0
-9.64908	-6.28158	-0.329591	-9.64908	-6.28158	0
-8.6137	-6.24313	-0.313143	-8.6137	-6.24313	0
-7.5833	-6.28965	-0.319322	-7.5833	-6.28965	0
-6.55135	-6.34069	-0.34962	-6.55135	-6.34069	0
-5.52654	-6.25701	-0.322521	-5.52654	-6.25701	0
-4.52528	-6.2097	-0.311281	-4.52528	-6.2097	0
-3.54082	-6.20379	-0.309382	-3.54082	-6.20379	0
-2.45709	-6.2039	-0.304912	-2.45709	-6.2039	0
-1.41233	-6.27935	-0.324633	-1.41233	-6.27935	0
-0.455613	-5.24651	-0.311624	-0.455613	-5.24651	0
0.701596	-5.25875	-0.290308	0.701596	-5.25875	0
1.69024	-5.30126	-0.325238	1.69024	-5.30126	0
2.68878	-5.18003	-0.31007	2.68878	-5.18003	0
3.72423	-5.14233	-0.312269	3.72423	-5.14233	0
4.79038	-5.20069	-0.315503	4.79038	-5.20069	0
5.82165	-5.20268	-0.329754	5.82165	-5.20268	0
6.87687	-5.23436	-0.308824	6.87687	-5.23436	0
7.9208	-5.28113	-0.308947	7.9208	-5.28113	0
8.91238	-5.2831	-0.265458	8.91238	-5.2831	0
9.93321	-5.26147	-0.305034	9.93321	-5.26147	0
10.9981	-5.22868	-0.313346	10.9981	-5.22868	0
-11.7383	-5.24024	-0.297954	-11.7383	-5.24024	0
-10.7119	-5.27127	-0.326351	-10.7119	-5.27127	0
-9.6938	-5.24066	-0.328547	-9.6938	-5.24066	0
-8.68418	-5.18721	-0.322681	-8.68418	-5.18721	0
-7.62645	-5.27071	-0.330246	-7.62645	-5.27071	0
-6.58308	-5.27952	-0.339925	-6.58308	-5.27952	0
-5.53842	-5.27022	-0.331753	-5.53842	-5.27022	0
-4.54156	-5.14934	-0.335047	-4.54156	-5.14934	0
-3.5276	-5.1027	-0.3102	-3.5276	-5.1027	0
-2.50029	-5.1915	-0.289114	-2.50029	-5.1915	0
-1.44887	-5.2139	-0.309094	-1.44887	-5.2139	0
-0.402347	-4.22587	-0.312755	-0.402347	-4.22587	0
0.647266	-4.21778	-0.327662	0.647266	-4.21778	0
1.67518	-4.17688	-0.336769	1.67518	-4.17688	0
2.65822	-4.12407	-0.302681	2.65822	-4.12407	0
3.72969	-4.15036	-0.292583	3.72969	-4.15036	0
4.75148	-4.1683	-0.313815	4.75148	-4.1683	0
5.79448	-4.1347	-0.294514	5.79448	-4.1347	0
6.79547	-4.15265	-0.319047	6.79547	-4.15265	0
7.83358	-4.27998	-0.298249	7.83358	-4.27998	0
8.89044	-4.26069	-0.302565	8.89044	-4.26069	0
9.95579	-4.22034	-0.328924	9.95579	-4.22034	0
11.0381	-4.20003	-0.336245	11.0381	-4.20003	0
-11.7627	-4.18223	-0.343125	-11.7627	-4.18223	0
-10.7433	-4.22153	-0.310527	-10.7433	-4.22153	0
-9.71049	-4.18743	-0.321224	-9.71049	-4.18743	0
-8.66241	-4.17176	-0.34461	-8.66241	-4.17176	0
-7.68187	-4.23535	-0.315816	-7.68187	-4.23535	0
-6.63387	-4.2611	-0.297037	-6.63387	-4.2611	0
-5.60299	-4.2241	-0.326843	-5.60299	-4.2241	0
-4.47997	-4.19457	-0.335053	-4.47997	-4.19457	0
-3.46827	-4.14584	-0.304695	-3.46827	-4.14584	0
-2.48159	-4.16426	-0.306402	-2.48159	-4.16426	0
-1.45841	-4.17295	-0.338013	-1.45841	-4.17295	0
-0.433021	-3.15112	-0.322922	-0.433021	-3.15112	0
0.603967	-3.17149	-0.32304	0.603967	-3.17149	0
1.62029	-3.13133	-0.326664	1.62029	-3.13133	0
2.67151	-3.10713	-0.317768	2.67151	-3.10713	0
3.69689	-3.14811	-0.313373	3.69689	-3.14811	0
4.69782	-3.11716	-0.307437	4.69782	-3.11716	0
5.83043	-3.12684	-0.306284	5.83043	-3.12684	0
6.84768	-3.16899	-0.317366	6.84768	-3.16899	0
7.89183	-3.22566	-0.31493	7.89183	-3.22566	0
8.92086	-3.24395	-0.329533	8.92086	-3.24395	0
9.96597	-3.22149	-0.328883	9.96597	-3.22149	0
11.0073	-3.18534	-0.299636	11.0073	-3.18534	0
-11.7643	-3.10447	-0.336313	-11.7643	-3.10447	0
-10.7623	-3.22226	-0.316874	-10.7623	-3.22226	0
-9.72949	-3.18391	-0.309284	-9.72949	-3.18391	0
-8.73169	-3.16724	-0.304454	-8.73169	-3.16724	0
-7.70148	-3.19058	-0.337504	-7.70148	-3.19058	0
-6.64846	-3.22288	-0.307173	-6.64846	-3.22288	0
-5.58381	-3.20874	-0.358043	-5.58381	-3.20874	0
-4.53938	-3.17254	-0.339995	-4.53938	-3.17254	0
-3.49698	-3.12993	-0.310787	-3.49698	-3.12993	0
-2.48742	-3.0887	-0.293646	-2.48742	-3.0887	0
-1.45913	-3.10144	-0.307291	-1.45913	-3.10144	0
-0.432611	-2.09664	-0.331475	-0.432611	-2.09664	0
0.621047	-2.1128	-0.322678	0.621047	-2.1128	0
1.66038	-2.09763	-0.327165	1.66038	-2.09763	0
2.66798	-2.10381	-0.320053	2.66798	-2.10381	0
3.69827	-2.07318	-0.336085	3.69827	-2.07318	0
4.74442	-2.05665	-0.319048	4.74442	-2.05665	0
5.78147	-2.10882	-0.335488	5.78147	-2.10882	0
6.82052	-2.1525	-0.344633	6.82052	-2.1525	0
7.8913	-2.18549	-0.315923	7.8913	-2.18549	0
8.90762	-2.20505	-0.292006	8.90762	-2.20505	0
9.91968	-2.19381	-0.353478	9.91968	-2.19381	0
10.9923	-2.13082	-0.32235	10.9923	-2.13082	0
-11.7996	-2.09412	-0.304942	-11.7996	-2.09412	0
-10.7812	-2.13305	-0.328728	-10.7812	-2.13305	0
-9.74265	-2.17735	-0.333963	-9.74265	-2.17735	0
-8.72279	-2.14591	-0.329904	-8.72279	-2.14591	0
-7.67666	-2.2008	-0.312338	-7.67666	-2.2008	0
-6.67822	-2.18878	-0.327641	-6.67822	-2.18878	0
-5.61905	-2.17932	-0.335901	-5.61905	-2.17932	0
-4.5356	-2.15355	-0.31269	-4.5356	-2.15355	0
-3.5454	-2.10462	-0.318585	-3.5454	-2.10462	0
-2.40708	-2.03411	-0.314271	-2.40708	-2.03411	0
-1.44042	-2.05957	-0.301776	-1.44042	-2.05957	0
-0.475432	-1.02511	-0.307789	-0.475432	-1.02511	0
0.568765	-1.07219	-0.315163	0.568765	-1.07219	0
1.60882	-1.0771	-0.321105	1.60882	-1.0771	0
2.58633	-1.0102	-0.339664	2.58633	-1.0102	0
3.68087	-1.0344	-0.328182	3.68087	-1.0344	0
4.7486	-1.0357	-0.316353	4.7486	-1.0357	0
5.82412	-1.0567	-0.308256	5.82412	-1.0567	0
6.82399	-1.13306	-0.338213	6.82399	-1.13306	0
7.83679	-1.20469	-0.301207	7.83679	-1.20469	0
8.88554	-1.16615	-0.331399	8.88554	-1.16615	0
9.95531	-1.15274	-0.328669	9.95531	-1.15274	0
10.9959	-1.10353	-0.287161	10.9959	-1.10353	0
-11.8037	-1.02947	-0.305917	-11.8037	-1.02947	0
-10.7927	-1.09411	-0.31427	-10.7927	-1.09411	0
-9.74744	-1.09537	-0.314222	-9.74744	-1.09537	0
-8.76045	-1.10722	-0.322379	-8.76045	-1.10722	0
-7.69488	-1.15279	-0.321289	-7.69488	-1.15279	0
-6.6447	-1.21026	-0.316981	-6.6447	-1.21026	0
-5.56511	-1.17978	-0.325162	-5.56511	-1.17978	0
-4.55753	-1.15501	-0.325949	-4.55753	-1.15501	0
-3.50795	-1.10631	-0.313235	-3.50795	-1.10631	0
-2.47937	-1.0526	-0.327046	-2.47937	-1.0526	0
-1.47068	-1.02033	-0.316786	-1.47068	-1.02033	0
0.138776	0.481363	0.328269	0.138776	0.481363	0
1.09643	0.489774	0.325348	1.09643	0.489774	0
2.10704	0.497235	0.327416	2.10704	0.497235	0
3.19353	0.480684	0.342032	3.19353	0.480684	0
4.25075	0.524468	0.328117	4.25075	0.524468	0
5.30574	0.48369	0.32303	5.30574	0.48369	0
6.26379	0.412346	0.331387	6.26379	0.412346	0
7.29737	0.399144	0.331482	7.29737	0.399144	0
8.33647	0.374234	0.331528	8.33647	0.374234	0
9.42855	0.374575	0.343966	9.42855	0.374575	0
10.4457	0.389551	0.301417	10.4457	0.389551	0
11.4126	0.466315	0.318552	11.4126	0.466315	0
-11.3138	0.475115	0.27842	-11.3138	0.475115	0
-10.1789	0.455884	0.308288	-10.1789	0.455884	0
-9.13603	0.418102	0.327593	-9.13603	0.418102	0
-8.10757	0.401688	0.311877	-8.10757	0.401688	0
-7.10707	0.335703	0.336877	-7.10707	0.335703	0
-6.08582	0.36638	0.316807	-6.08582	0.36638	0
-5.11179	0.443047	0.325894	-5.11179	0.443047	0
-4.08707	0.43981	0.302308	-4.08707	0.43981	0
-2.99683	0.475421	0.320711	-2.99683	0.475421	0
-1.95556	0.496212	0.338932	-1.95556	0.496212	0
-0.8965	0.519219	0.313957	-0.8965	0.519219	0
0.0908549	1.56604	0.309832	0.0908549	1.56604	0
1.1146	1.53964	0.329536	1.1146	1.53964	0
2.21463	1.49649	0.315875	2.21463	1.49649	0
3.22729	1.51588	0.302329	3.22729	1.51588	0
4.22525	1.56233	0.319861	4.22525	1.56233	0
5.22887	1.53479	0.299653	5.22887	1.53479	0
6.26208	1.42404	0.299192	6.26208	1.42404	0
7.28011	1.43329	0.304457	7.28011	1.43329	0
8.38265	1.4229	0.304205	8.38265	1.4229	0
9.38431	1.49646	0.311287	9.38431	1.49646	0
10.4294	1.49273	0.33454	10.4294	1.49273	0
11.4434	1.45755	0.346245	11.4434	1.45755	0
-11.2884	1.44327	0.332084	-11.2884	1.44327	0
-10.236	1.4513	0.314034	-10.236	1.4513	0
-9.14597	1.46558	0.286212	-9.14597	1.46558	0
-8.13626	1.45725	0.301658	-8.13626	1.45725	0
-7.10441	1.49155	0.329285	-7.10441	1.49155	0
-6.1264	1.4663	0.313574	-6.1264	1.4663	0
-5.07062	1.47312	0.312587	-5.07062	1.47312	0
-4.09652	1.45824	0.3289	-4.09652	1.45824	0
-3.07142	1.52429	0.310963	-3.07142	1.52429	0
-2.00536	1.63426	0.298953	-2.00536	1.63426	0
-0.975674	1.57715	0.322044	-0.975674	1.57715	0
0.0901354	2.61875	0.312171	0.0901354	2.61875	0
1.17095	2.52379	0.30758	1.17095	2.52379	0
2.17936	2.60147	0.324093	2.17936	2.60147	0
3.17156	2.56961	0.29464	3.17156	2.56961	0
4.2424	2.58371	0.270346	4.2424	2.58371	0
5.25104	2.551	0.322218	5.25104	2.551	0
6.37532	2.49661	0.339766	6.37532	2.49661	0
7.36568	2.47154	0.305135	7.36568	2.47154	0
8.44666	2.55187	0.307421	8.44666	2.55187	0
9.43784	2.55509	0.301256	9.43784	2.55509	0
10.451	2.50061	0.314704	10.451	2.50061	0
11.4192	2.49102	0.32435	11.4192	2.49102	0
-11.3117	2.48293	0.332343	-11.3117	2.48293	0
-10.2609	2.46745	0.313048	-10.2609	2.46745	0
-9.21448	2.46912	0.307877	-9.21448	2.46912	0
-8.15419	2.49213	0.291905	-8.15419	2.49213	0
-7.13372	2.53386	0.312267	-7.13372	2.53386	0
-6.02651	2.45789	0.324542	-6.02651	2.45789	0
-5.00859	2.45638	0.299239	-5.00859	2.45638	0
-4.03374	2.53209	0.311729	-4.03374	2.53209	0
-2.9458	2.53987	0.348004	-2.9458	2.53987	0
-1.93768	2.60193	0.311294	-1.93768	2.60193	0
-0.953235	2.58763	0.332604	-0.953235	2.58763	0
0.181458	3.59832	0.322215	0.181458	3.59832	0
1.22252	3.6617	0.323628	1.22252	3.6617	0
2.21452	3.5821	0.335248	2.21452	3.5821	0
3.21867	3.5582	0.336518	3.21867	3.5582	0
4.20563	3.61029	0.335416	4.20563	3.61029	0
5.34661	3.50274	0.321853	5.34661	3.50274	0
6.39508	3.52092	0.328712	6.39508	3.52092	0
7.40549	3.53384	0.337501	7.40549	3.53384	0
8.41386	3.5776	0.319409	8.41386	3.5776	0
9.44083	3.60286	0.327492	9.44083	3.60286	0
10.4671	3.52061	0.336068	10.4671	3.52061	0
11.503	3.5311	0.316621	11.503	3.5311	0
-11.2774	3.54059	0.339297	-11.2774	3.54059	0
-10.2274	3.53881	0.320839	-10.2274	3.53881	0
-9.16425	3.52573	0.30862	-9.16425	3.52573	0
-8.15159	3.55335	0.325418	-8.15159	3.55335	0
-7.16422	3.55162	0.267162	-7.16422	3.55162	0
-6.04033	3.44095	0.332963	-6.04033	3.44095	0
-5.00461	3.54717	0.294432	-5.00461	3.54717	0
-3.99656	3.60766	0.322436	-3.99656	3.60766	0
-2.94507	3.62871	0.317556	-2.94507	3.62871	0
-1.89648	3.59249	0.274402	-1.89648	3.59249	0
-0.870611	3.60511	0.345227	-0.870611	3.60511	0
0.210077	4.62402	0.314069	0.210077	4.62402	0
1.22701	4.62594	0.295413	1.22701	4.62594	0
2.20562	4.67159	0.338322	2.20562	4.67159	0
3.22739	4.62154	0.308363	3.22739	4.62154	0
4.26105	4.62461	0.29873	4.26105	4.62461	0
5.31146	4.58999	0.306333	5.31146	4.58999	0
6.30791	4.5442	0.340972	6.30791	4.5442	0
7.31171	4.56849	0.301414	7.31171	4.56849	0
8.36056	4.59663	0.313751	8.36056	4.59663	0
9.42359	4.58644	0.319555	9.42359	4.58644	0
10.4269	4.59118	0.311935	10.4269	4.59118	0
11.4443	4.55078	0.326592	11.4443	4.55078	0
-11.2973	4.59051	0.322997	-11.2973	4.59051	0
-10.2163	4.51641	0.311855	-10.2163	4.51641	0
-9.23847	4.54265	0.321539	-9.23847	4.54265	0
-8.16852	4.59538	0.317387	-8.16852	4.59538	0
-7.11293	4.55971	0.319212	-7.11293	4.55971	0
-6.04929	4.49494	0.326549	-6.04929	4.49494	0
-5.04332	4.54553	0.340124	-5.04332	4.54553	0
-3.97022	4.62647	0.297527	-3.97022	4.62647	0
-2.90826	4.63198	0.328678	-2.90826	4.63198	0
-1.89096	4.61785	0.326413	-1.89096	4.61785	0
-0.795814	4.68839	0.307194	-0.795814	4.68839	0
0.165303	5.62072	0.33719	0.165303	5.62072	0
1.21363	5.6746	0.35099	1.21363	5.6746	0
2.20949	5.69884	0.327818	2.20949	5.69884	0
3.22516	5.71209	0.311393	3.22516	5.71209	0
4.27591	5.68976	0.310237	4.27591	5.68976	0
5.24628	5.67736	0.3219	5.24628	5.67736	0
6.26608	5.63258	0.323523	6.26608	5.63258	0
7.27036	5.63752	0.328667	7.27036	5.63752	0
8.3416	5.6304	0.291961	8.3416	5.6304	0
9.46504	5.59935	0.332128	9.46504	5.59935	0
10.4875	5.5903	0.309029	10.4875	5.5903	0
11.543	5.5362	0.305726	11.543	5.5362	0
-11.2272	5.62337	0.318291	-11.2272	5.62337	0
-10.1564	5.61195	0.34296	-10.1564	5.61195	0
-9.13178	5.56224	0.318693	-9.13178	5.56224	0
-8.16923	5.63603	0.3148	-8.16923	5.63603	0
-7.12442	5.5873	0.304203	-7.12442	5.5873	0
-6.03023	5.62744	0.321016	-6.03023	5.62744	0
-5.00347	5.63712	0.354482	-5.00347	5.63712	0
-4.01063	5.62129	0.311447	-4.01063	5.62129	0
-2.96883	5.66285	0.319105	-2.96883	5.66285	0
-1.88069	5.65921	0.322854	-1.88069	5.65921	0
-0.870233	5.66315	0.291748	-0.870233	5.66315	0
0.161973	6.62014	0.341647	0.161973	6.62014	0
1.19124	6.67653	0.309235	1.19124	6.67653	0
2.21404	6.75552	0.301112	2.21404	6.75552	0
3.23355	6.75819	0.323491	3.23355	6.75819	0
4.27571	6.73547	0.301954	4.27571	6.73547	0
5.2394	6.69184	0.323262	5.2394	6.69184	0
6.29213	6.66699	0.318011	6.29213	6.66699	0
7.36909	6.61067	0.304601	7.36909	6.61067	0
8.37869	6.63307	0.320733	8.37869	6.63307	0
9.44476	6.60382	0.308487	9.44476	6.60382	0
10.4946	6.62663	0.346858	10.4946	6.62663	0
11.5136	6.63889	0.308903	11.5136	6.63889	0
-11.1947	6.69985	0.299953	-11.1947	6.69985	0
-10.2073	6.61883	0.27871	-10.2073	6.61883	0
-9.15564	6.65423	0.285525	-9.15564	6.65423	0
-8.13199	6.67295	0.291245	-8.13199	6.67295	0
-7.12275	6.65426	0.349473	-7.12275	6.65426	0
-6.00367	6.61082	0.306219	-6.00367	6.61082	0
-5.00754	6.70436	0.313264	-5.00754	6.70436	0
-3.9826	6.66512	0.312226	-3.9826	6.66512	0
-2.95356	6.63349	0.332726	-2.95356	6.63349	0
-1.88406	6.66333	0.303355	-1.88406	6.66333	0
-0.863011	6.7186	0.322052	-0.863011	6.7186	0
0.153151	7.7343	0.332808	0.153151	7.7343	0
1.18806	7.69277	0.328826	1.18806	7.69277	0
2.2264	7.80465	0.307536	2.2264	7.80465	0
3.25423	7.74313	0.333718	3.25423	7.74313	0
4.27558	7.73048	0.332027	4.27558	7.73048	0
5.32455	7.76033	0.339478	5.32455	7.76033	0
6.36809	7.71323	0.291999	6.36809	7.71323	0
7.45349	7.69209	0.34447	7.45349	7.69209	0
8.4498	7.68094	0.325648	8.4498	7.68094	0
9.44756	7.6949	0.311698	9.44756	7.6949	0
10.5243	7.67037	0.318531	10.5243	7.67037	0
11.5641	7.67691	0.304406	11.5641	7.67691	0
-11.2251	7.75121	0.316656	-11.2251	7.75121	0
-10.1812	7.6464	0.319831	-10.1812	7.6464	0
-9.15253	7.69851	0.322801	-9.15253	7.69851	0
-8.10874	7.70044	0.326696	-8.10874	7.70044	0
-7.09957	7.72942	0.312881	-7.09957	7.72942	0
-6.11268	7.63207	0.341594	-6.11268	7.63207	0
-5.03712	7.69916	0.345058	-5.03712	7.69916	0
-3.98929	7.71579	0.308467	-3.98929	7.71579	0
-2.92733	7.69524	0.301384	-2.92733	7.69524	0
-1.9373	7.70626	0.309405	-1.9373	7.70626	0
-0.8615	7.71425	0.304965	-0.8615	7.71425	0
0.162205	8.76915	0.288234	0.162205	8.76915	0
1.17353	8.74907	0.337782	1.17353	8.74907	0
2.3173	8.78783	0.303951	2.3173	8.78783	0
3.28042	8.76622	0.299096	3.28042	8.76622	0
4.2547	8.77783	0.311913	4.2547	8.77783	0
5.34461	8.75752	0.319178	5.34461	8.75752	0
6.36846	8.70574	0.281144	6.36846	8.70574	0
7.42149	8.80352	0.306142	7.42149	8.80352	0
8.37444	8.7234	0.328714	8.37444	8.7234	0
9.45203	8.73419	0.311402	9.45203	8.73419	0
10.4742	8.67646	0.306392	10.4742	8.67646	0
11.5195	8.73051	0.315922	11.5195	8.73051	0
-11.2641	8.7983	0.2997	-11.2641	8.7983	0
-10.2001	8.70102	0.322567	-10.2001	8.70102	0
-9.10207	8.7581	0.324701	-9.10207	8.7581	0
-8.08235	8.72812	0.300684	-8.08235	8.72812	0
-7.06861	8.72195	0.29811	-7.06861	8.72195	0
-6.06973	8.7521	0.3106	-6.06973	8.7521	0
-5.01845	8.71343	0.30461	-5.01845	8.71343	0
-3.97163	8.75487	0.335281	-3.97163	8.75487	0
-2.96411	8.71174	0.301415	-2.96411	8.71174	0
-1.93753	8.74392	0.33226	-1.93753	8.74392	0
-0.868003	8.78439	0.32117	-0.868003	8.78439	0
0.289291	9.79013	0.321164	0.289291	9.79013	0
1.25386	9.75406	0.336447	1.25386	9.75406	0
2.34001	9.77816	0.316298	2.34001	9.77816	0
3.33174	9.81649	0.325359	3.33174	9.81649	0
4.35539	9.80601	0.304019	4.35539	9.80601	0
5.38173	9.78321	0.298277	5.38173	9.78321	0
6.43483	9.78211	0.312075	6.43483	9.78211	0
7.42882	9.80256	0.311934	7.42882	9.80256	0
8.47897	9.7448	0.298411	8.47897	9.7448	0
9.48538	9.74637	0.345812	9.48538	9.74637	0
10.5	9.769	0.327552	10.5	9.769	0
11.4877	9.80125	0.35005	11.4877	9.80125	0
-11.2468	9.79089	0.317316	-11.2468	9.79089	0
-10.1747	9.73121	0.312	-10.1747	9.73121	0
-9.14974	9.76915	0.312457	-9.14974	9.76915	0
-8.14492	9.78493	0.327397	-8.14492	9.78493	0
-7.07466	9.81024	0.321265	-7.07466	9.81024	0
-6.03867	9.77859	0.322921	-6.03867	9.77859	0
-5.04458	9.76503	0.29726	-5.04458	9.76503	0
-3.95328	9.73532	0.325912	-3.95328	9.73532	0
-2.92855	9.7547	0.306991	-2.92855	9.7547	0
-1.83693	9.85416	0.317807	-1.83693	9.85416	0
-0.859725	9.84048	0.32838	-0.859725	9.84048	0
0.214871	10.7695	0.339745	0.214871	10.7695	0
1.21826	10.7768	0.302912	1.21826	10.7768	0
2.33386	10.8343	0.299983	2.33386	10.8343	0
3.35908	10.8346	0.32823	3.35908	10.8346	0
4.31978	10.8474	0.324513	4.31978	10.8474	0
5.34813	10.878	0.308592	5.34813	10.878	0
6.42117	10.8742	0.334909	6.42117	10.8742	0
7.41168	10.7863	0.297554	7.41168	10.7863	0
8.44028	10.7699	0.300561	8.44028	10.7699	0
9.46011	10.7768	0.339293	9.46011	10.7768	0
10.6247	10.7729	0.320097	10.6247	10.7729	0
11.6083	10.7682	0.302434	11.6083	10.7682	0
-11.1472	10.7886	0.323145	-11.1472	10.7886	0
-10.1444	10.8043	0.339758	-10.1444	10.8043	0
-9.12287	10.8357	0.337329	-9.12287	10.8357	0
-8.07476	10.8635	0.32609	-8.07476	10.8635	0
-7.06805	10.8237	0.329048	-7.06805	10.8237	0
-6.06121	10.8007	0.324776	-6.06121	10.8007	0
-4.98644	10.7627	0.324947	-4.98644	10.7627	0
-3.97476	10.7849	0.296818	-3.97476	10.7849	0
-2.96783	10.8307	0.343103	-2.96783	10.8307	0
-1.88234	10.8142	0.303386	-1.88234	10.8142	0
-0.82714	10.8361	0.297614	-0.82714	10.8361	0
0.190225	11.8023	0.31747	0.190225	11.8023	0
1.24747	11.7961	0.301324	1.24747	11.7961	0
2.23316	11.8394	0.324806	2.23316	11.8394	0
3.28245	-11.8676	0.30578	3.28245	-11.8676	0
4.35034	-11.9576	0.316369	4.35034	11.8285	0
5.36871	-11.9428	0.300668	5.36871	11.8432	0
6.39621	11.8953	0.297103	6.39621	-11.8908	0
7.43519	-11.9616	0.324083	7.43519	11.8244	0
8.50925	11.7542	0.30845	8.50925	11.7542	0
9.46018	11.7671	0.316131	9.46018	11.7671	0
10.5362	11.7864	0.313641	10.5362	11.7864	0
11.6079	11.7533	0.29511	11.6079	11.7533	0
-11.1588	11.7922	0.321229	-11.1588	11.7922	0
-10.1637	11.8613	0.305649	-10.1637	11.8613	0
-9.05529	-11.9326	0.321856	-9.05529	11.8534	0
-8.01312	11.8196	0.298333	-8.01312	11.8196	0
-7.00561	11.842	0.347259	-7.00561	11.842	0
-6.02124	11.8006	0.332037	-6.02124	11.8006	0
-5.01752	11.8212	0.333753	-5.01752	11.8212	0
-3.98575	11.8258	0.304782	-3.98575	11.8258	0
-2.96837	11.8545	0.336747	-2.96837	11.8545	0
-1.9295	11.8438	0.302243	-1.9295	11.8438	0
-0.789297	11.8433	0.332849	-0.789297	11.8433	0
0.207929	-10.9164	0.326744	0.207929	-10.9164	0
1.21735	-10.957	0.307782	1.21735	-10.957	0
2.25615	-10.9051	0.341525	2.25615	-10.9051	0
3.28321	-10.7959	0.32173	3.28321	-10.7959	0
4.31684	-10.9164	0.351031	4.31684	-10.9164	0
5.36584	-10.8906	0.332875	5.36584	-10.8906	0
6.42832	-10.8441	0.29241	6.42832	-10.8441	0
7.39337	-10.9468	0.32257	7.39337	-10.9468	0
8.46103	-11.0167	0.322871	8.46103	-11.0167	0
9.51913	-10.9525	0.312122	9.51913	-10.9525	0
10.5233	-10.9613	0.340989	10.5233	-10.9613	0
11.5935	-10.9923	0.322933	11.5935	-10.9923	0
-11.1774	-10.9377	0.307153	-11.1774	-10.9377	0
-10.0802	-10.9763	0.306929	-10.0802	-10.9763	0
-9.04978	-10.9366	0.322163	-9.04978	-10.9366	0
-8.03702	-10.9061	0.324575	-8.03702	-10.9061	0
-7.01732	-10.9238	0.333315	-7.01732	-10.9238	0
-6.00897	-10.9608	0.294948	-6.00897	-10.9608	0
-5.02419	-10.983	0.342692	-5.02419	-10.983	0
-3.91443	-10.8836	0.33379	-3.91443	-10.8836	0
-2.9134	-10.9053	0.304623	-2.9134	-10.9053	0
-1.90833	-10.8758	0.321164	-1.90833	-10.8758	0
-0.857925	-10.8885	0.328894	-0.857925	-10.8885	0
0.199338	-9.82658	0.319475	0.199338	-9.82658	0
1.21106	-9.92742	0.295408	1.21106	-9.92742	0
2.25784	-9.87162	0.323274	2.25784	-9.87162	0
3.29744	-9.83552	0.290025	3.29744	-9.83552	0
4.34564	-9.86626	0.353255	4.34564	-9.86626	0
5.37027	-9.81731	0.328829	5.37027	-9.81731	0
6.3521	-9.82733	0.335166	6.3521	-9.82733	0
7.42074	-9.85438	0.317198	7.42074	-9.85438	0
8.45929	-9.95344	0.273336	8.45929	-9.95344	0
9.49524	-9.91967	0.307332	9.49524	-9.91967	0
10.5005	-9.85615	0.324345	10.5005	-9.85615	0
11.5642	-9.95478	0.335139	11.5642	-9.95478	0
-11.192	-9.93565	0.327623	-11.192	-9.93565	0
-10.0363	-9.95974	0.347293	-10.0363	-9.95974	0
-9.0595	-9.89866	0.330043	-9.0595	-9.89866	0
-8.07807	-9.90664	0.342243	-8.07807	-9.90664	0
-7.01269	-9.91988	0.331617	-7.01269	-9.91988	0
-6.02567	-9.92255	0.281742	-6.02567	-9.92255	0
-5.01545	-9.89609	0.33504	-5.01545	-9.89609	0
-3.9856	-9.82422	0.338202	-3.9856	-9.82422	0
-2.90002	-9.81632	0.319681	-2.90002	-9.81632	0
-1.90939	-9.86993	0.316528	-1.90939	-9.86993	0
-0.832203	-9.85328	0.323362	-0.832203	-9.85328	0
0.209215	-8.79202	0.31623	0.209215	-8.79202	0
1.21602	-8.83891	0.339812	1.21602	-8.83891	0
2.24747	-8.7968	0.269945	2.24747	-8.7968	0
3.3109	-8.7887	0.336192	3.3109	-8.7887	0
4.40071	-8.78672	0.314467	4.40071	-8.78672	0
5.42876	-8.78208	0.324338	5.42876	-8.78208	0
6.45553	-8.87495	0.332912	6.45553	-8.87495	0
7.47355	-8.832	0.298785	7.47355	-8.832	0
8.43184	-8.9059	0.315002	8.43184	-8.9059	0
9.47606	-8.87373	0.314294	9.47606	-8.87373	0
10.5083	-8.85512	0.303614	10.5083	-8.85512	0
11.5931	-8.90882	0.286231	11.5931	-8.90882	0
-11.198	-8.93379	0.315961	-11.198	-8.93379	0
-10.1783	-8.8948	0.320037	-10.1783	-8.8948	0
-9.10312	-8.88867	0.296273	-9.10312	-8.88867	0
-8.11711	-8.90975	0.292165	-8.11711	-8.90975	0
-7.15444	-8.84753	0.301037	-7.15444	-8.84753	0
-6.06201	-8.87852	0.351614	-6.06201	-8.87852	0
-5.02564	-8.82694	0.33441	-5.02564	-8.82694	0
-3.97505	-8.82407	0.310341	-3.97505	-8.82407	0
-2.93248	-8.82021	0.318025	-2.93248	-8.82021	0
-1.86751	-8.78868	0.304445	-1.86751	-8.78868	0
-0.895921	-8.81282	0.309822	-0.895921	-8.81282	0
0.129192	-7.79809	0.314337	0.129192	-7.79809	0
1.18498	-7.79553	0.298674	1.18498	-7.79553	0
2.24404	-7.80889	0.287716	2.24404	-7.80889	0
3.24094	-7.75826	0.300131	3.24094	-7.75826	0
4.27841	-7.76218	0.292738	4.27841	-7.76218	0
5.3199	-7.78345	0.34875	5.3199	-7.78345	0
6.40898	-7.79198	0.325048	6.40898	-7.79198	0
7.39035	-7.80355	0.325205	7.39035	-7.80355	0
8.4162	-7.86186	0.306523	8.4162	-7.86186	0
9.43678	-7.87776	0.332968	9.43678	-7.87776	0
10.5279	-7.84984	0.300318	10.5279	-7.84984	0
11.5203	-7.87145	0.348805	11.5203	-7.87145	0
-11.1986	-7.84766	0.320097	-11.1986	-7.84766	0
-10.1921	-7.79306	0.350456	-10.1921	-7.79306	0
-9.0878	-7.8867	0.310836	-9.0878	-7.8867	0
-8.10556	-7.78922	0.334208	-8.10556	-7.78922	0
-7.03641	-7.82196	0.32452	-7.03641	-7.82196	0
-6.01339	-7.90318	0.3418	-6.01339	-7.90318	0
-5.00029	-7.78167	0.323462	-5.00029	-7.78167	0
-3.96382	-7.7867	0.2911	-3.96382	-7.7867	0
-2.93663	-7.70364	0.327463	-2.93663	-7.70364	0
-1.89623	-7.78617	0.320389	-1.89623	-7.78617	0
-0.892516	-7.77589	0.31371	-0.892516	-7.77589	0
0.174736	-6.75096	0.327056	0.174736	-6.75096	0
1.19179	-6.83922	0.335214	1.19179	-6.83922	0
2.25363	-6.7765	0.31824	2.25363	-6.7765	0
3.26336	-6.72743	0.283042	3.26336	-6.72743	0
4.26418	-6.76136	0.307264	4.26418	-6.76136	0
5.30958	-6.75537	0.320107	5.30958	-6.75537	0
6.34028	-6.78002	0.329933	6.34028	-6.78002	0
7.35885	-6.78759	0.34163	7.35885	-6.78759	0
8.39698	-6.81084	0.312594	8.39698	-6.81084	0
9.44649	-6.80724	0.30258	9.44649	-6.80724	0
10.5062	-6.81784	0.318983	10.5062	-6.81784	0
11.5532	-6.79546	0.314136	11.5532	-6.79546	0
-11.2216	-6.82675	0.29678	-11.2216	-6.82675	0
-10.1479	-6.79175	0.310475	-10.1479	-6.79175	0
-9.14203	-6.77244	0.325286	-9.14203	-6.77244	0
-8.11766	-6.79354	0.316793	-8.11766	-6.79354	0
-7.05067	-6.8113	0.298975	-7.05067	-6.8113	0
-5.98669	-6.8232	0.31635	-5.98669	-6.8232	0
-4.98621	-6.74373	0.297343	-4.98621	-6.74373	0
-3.99364	-6.81552	0.30425	-3.99364	-6.81552	0
-2.97414	-6.73296	0.324089	-2.97414	-6.73296	0
-1.92389	-6.73912	0.332739	-1.92389	-6.73912	0
-0.83883	-6.73246	0.350095	-0.83883	-6.73246	0
0.133159	-5.67542	0.311145	0.133159	-5.67542	0
1.19722	-5.78037	0.328947	1.19722	-5.78037	0
2.20249	-5.7477	0.33942	2.20249	-5.7477	0
3.24548	-5.70971	0.306039	3.24548	-5.70971	0
4.33426	-5.76049	0.303101	4.33426	-5.76049	0
5.36733	-5.72023	0.348309	5.36733	-5.72023	0
6.35926	-5.7245	0.289005	6.35926	-5.7245	0
7.37578	-5.78425	0.324222	7.37578	-5.78425	0
8.35565	-5.81953	0.330293	8.35565	-5.81953	0
9.45369	-5.79312	0.337561	9.45369	-5.79312	0
10.503	-5.83518	0.33766	10.503	-5.83518	0
11.5652	-5.7714	0.323489	11.5652	-5.7714	0
-11.236	-5.76542	0.326698	-11.236	-5.76542	0
-10.1905	-5.81012	0.311167	-10.1905	-5.81012	0
-9.15198	-5.75256	0.317565	-9.15198	-5.75256	0
-8.09683	-5.75687	0.31049	-8.09683	-5.75687	0
-7.06787	-5.81175	0.286403	-7.06787	-5.81175	0
-6.0582	-5.77098	0.316716	-6.0582	-5.77098	0
-5.06761	-5.74356	0.290558	-5.06761	-5.74356	0
-4.03856	-5.71287	0.310559	-4.03856	-5.71287	0
-3.0327	-5.69825	0.290859	-3.0327	-5.69825	0
-1.94132	-5.73456	0.307931	-1.94132	-5.73456	0
-0.919101	-5.77516	0.302288	-0.919101	-5.77516	0
0.138563	-4.68241	0.322039	0.138563	-4.68241	0
1.18033	-4.75406	0.314954	1.18033	-4.75406	0
2.16195	-4.72044	0.299877	2.16195	-4.72044	0
3.16688	-4.66233	0.304678	3.16688	-4.66233	0
4.25005	-4.6894	0.321761	4.25005	-4.6894	0
5.29424	-4.68855	0.318169	5.29424	-4.68855	0
6.3228	-4.66624	0.3174	6.3228	-4.66624	0
7.33821	-4.75093	0.32004	7.33821	-4.75093	0
8.38772	-4.80426	0.336385	8.38772	-4.80426	0
9.38289	-4.73026	0.330515	9.38289	-4.73026	0
10.4407	-4.7086	0.30332	10.4407	-4.7086	0
11.5629	-4.72804	0.340768	11.5629	-4.72804	0
-11.2537	-4.73835	0.331189	-11.2537	-4.73835	0
-10.1485	-4.74322	0.303783	-10.1485	-4.74322	0
-9.16867	-4.71933	0.30598	-9.16867	-4.71933	0
-8.1445	-4.78781	0.316061	-8.1445	-4.78781	0
-7.14801	-4.78015	0.323246	-7.14801	-4.78015	0
-6.13008	-4.74084	0.285829	-6.13008	-4.74084	0
-5.04863	-4.68978	0.296872	-5.04863	-4.68978	0
-3.97601	-4.65176	0.350146	-3.97601	-4.65176	0
-2.9854	-4.71119	0.343245	-2.9854	-4.71119	0
-1.94397	-4.69401	0.319992	-1.94397	-4.69401	0
-0.897804	-4.70341	0.312967	-0.897804	-4.70341	0
0.055678	-3.66885	0.298484	0.055678	-3.66885	0
1.1135	-3.67363	0.326707	1.1135	-3.67363	0
2.11604	-3.64026	0.306543	2.11604	-3.64026	0
3.17286	-3.62385	0.352345	3.17286	-3.62385	0
4.2319	-3.63211	0.348321	4.2319	-3.63211	0
5.22553	-3.66192	0.326297	5.22553	-3.66192	0
6.33805	-3.63884	0.341013	6.33805	-3.63884	0
7.37914	-3.70662	0.306827	7.37914	-3.70662	0
8.41569	-3.7774	0.320105	8.41569	-3.7774	0
9.4425	-3.68145	0.305216	9.4425	-3.68145	0
10.5028	-3.73857	0.335788	10.5028	-3.73857	0
11.5283	-3.69216	0.31122	11.5283	-3.69216	0
-11.2485	-3.69013	0.340673	-11.2485	-3.69013	0
-10.2035	-3.71096	0.310493	-10.2035	-3.71096	0
-9.19206	-3.73087	0.318539	-9.19206	-3.73087	0
-8.17065	-3.69544	0.34536	-8.17065	-3.69544	0
-7.13031	-3.71372	0.308281	-7.13031	-3.71372	0
-6.07753	-3.65828	0.33192	-6.07753	-3.65828	0
-5.07835	-3.69731	0.287078	-5.07835	-3.69731	0
-4.06184	-3.67585	0.310442	-4.06184	-3.67585	0
-2.9802	-3.6077	0.324631	-2.9802	-3.6077	0
-1.9507	-3.62587	0.315166	-1.9507	-3.62587	0
-0.921481	-3.66453	0.293236	-0.921481	-3.66453	0
0.0718901	-2.62808	0.297135	0.0718901	-2.62808	0
1.13582	-2.64059	0.311201	1.13582	-2.64059	0
2.14556	-2.61001	0.306694	2.14556	-2.61001	0
3.22968	-2.58968	0.313476	3.22968	-2.58968	0
4.22476	-2.58086	0.309412	4.22476	-2.58086	0
5.27944	-2.63953	0.302217	5.27944	-2.63953	0
6.32733	-2.60223	0.290057	6.32733	-2.60223	0
7.41341	-2.71857	0.321744	7.41341	-2.71857	0
8.38806	-2.73784	0.305908	8.38806	-2.73784	0
9.47084	-2.68518	0.318717	9.47084	-2.68518	0
10.4891	-2.67288	0.304816	10.4891	-2.67288	0
11.5021	-2.67422	0.306413	11.5021	-2.67422	0
-11.2625	-2.60618	0.3418	-11.2625	-2.60618	0
-10.2534	-2.67575	0.295653	-10.2534	-2.67575	0
-9.19821	-2.64777	0.309199	-9.19821	-2.64777	0
-8.19914	-2.67905	0.32797	-8.19914	-2.67905	0
-7.17646	-2.72934	0.328231	-7.17646	-2.72934	0
-6.08945	-2.70498	0.312311	-6.08945	-2.70498	0
-5.04647	-2.65085	0.305171	-5.04647	-2.65085	0
-4.03977	-2.68382	0.322049	-4.03977	-2.68382	0
-2.97747	-2.6029	0.334252	-2.97747	-2.6029	0
-1.97177	-2.55547	0.314188	-1.97177	-2.55547	0
-0.94301	-2.6015	0.319458	-0.94301	-2.6015	0
0.0981792	-1.59589	0.329905	0.0981792	-1.59589	0
1.112	-1.62659	0.298477	1.112	-1.62659	0
2.18178	-1.60809	0.313389	2.18178	-1.60809	0
3.16758	-1.59257	0.291707	3.16758	-1.59257	0
4.28224	-1.53414	0.310793	4.28224	-1.53414	0
5.28413	-1.59478	0.319002	5.28413	-1.59478	0
6.30964	-1.62776	0.314122	6.30964	-1.62776	0
7.30102	-1.68819	0.328005	7.30102	-1.68819	0
8.38479	-1.67874	0.310015	8.38479	-1.67874	0
9.42539	-1.63263	0.305413	9.42539	-1.63263	0
10.4627	-1.67006	0.339386	10.4627	-1.67006	0
11.4762	-1.61783	0.333477	11.4762	-1.61783	0
-11.3081	-1.56689	0.332663	-11.3081	-1.56689	0
-10.2677	-1.63015	0.291603	-10.2677	-1.63015	0
-9.21381	-1.62161	0.308155	-9.21381	-1.62161	0
-8.17789	-1.68811	0.33372	-8.17789	-1.68811	0
-7.18729	-1.65235	0.317994	-7.18729	-1.65235	0
-6.12117	-1.68233	0.310278	-6.12117	-1.68233	0
-5.09831	-1.69302	0.341597	-5.09831	-1.69302	0
-4.02261	-1.58806	0.330573	-4.02261	-1.58806	0
-2.98408	-1.60722	0.306289	-2.98408	-1.60722	0
-1.92798	-1.53603	0.332752	-1.92798	-1.53603	0
-0.890127	-1.57957	0.324909	-0.890127	-1.57957	0
0.0921603	-0.539221	0.321724	0.0921603	-0.539221	0
1.09228	-0.529069	0.316792	1.09228	-0.529069	0
2.09643	-0.53543	0.311726	2.09643	-0.53543	0
3.14065	-0.581703	0.29864	3.14065	-0.581703	0
4.22828	-0.47379	0.303909	4.22828	-0.47379	0
5.22673	-0.566138	0.291136	5.22673	-0.566138	0
6.25217	-0.558336	0.323003	6.25217	-0.558336	0
7.30157	-0.629095	0.306012	7.30157	-0.629095	0
8.37602	-0.647684	0.308064	8.37602	-0.647684	0
9.38096	-0.616574	0.268356	9.38096	-0.616574	0
10.3977	-0.620077	0.313929	10.3977	-0.620077	0
11.4308	-0.568305	0.345365	11.4308	-0.568305	0
-11.2686	-0.561963	0.331868	-11.2686	-0.561963	0
-10.2427	-0.590403	0.312599	-10.2427	-0.590403	0
-9.22879	-0.574252	0.344478	-9.22879	-0.574252	0
-8.20955	-0.639733	0.343137	-8.20955	-0.639733	0
-7.14951	-0.650158	0.328109	-7.14951	-0.650158	0
-6.11808	-0.642979	0.316804	-6.11808	-0.642979	0
-5.07187	-0.614171	0.32152	-5.07187	-0.614171	0
-4.06226	-0.587248	0.305281	-4.06226	-0.587248	0
-3.00682	-0.564826	0.302311	-3.00682	-0.564826	0
-2.02686	-0.5357	0.310097	-2.02686	-0.5357	0
-1.01214	-0.463568	0.333427	-1.01214	-0.463568	0
