-0.707868	-0.335966	-0.29678	-0.707868	-0.335966	0
0.28642	-0.326731	-0.330363	0.28642	-0.326731	0
1.40594	-0.344955	-0.293436	1.40594	-0.344955	0
2.3703	-0.396841	-0.29622	2.3703	-0.396841	0
3.43579	-0.351497	-0.338903	3.43579	-0.351497	0
4.45853	-0.291652	-0.344287	4.45853	-0.291652	0
5.51272	-0.322929	-0.306561	5.51272	-0.322929	0
6.52727	-0.312032	-0.311569	6.52727	-0.312032	0
7.54976	-0.370002	-0.293814	7.54976	-0.370002	0
8.59657	-0.339315	-0.323053	8.59657	-0.339315	0
9.6462	-0.335148	-0.318545	9.6462	-0.335148	0
10.6173	-0.304388	-0.341103	10.6173	-0.304388	0
11.6897	-0.302017	-0.316856	11.6897	-0.302017	0
-11.0991	-0.299167	-0.294138	-11.0991	-0.299167	0
-10.0383	-0.305592	-0.319431	-10.0383	-0.305592	0
-8.99224	-0.281292	-0.326962	-8.99224	-0.281292	0
-7.94953	-0.336938	-0.306446	-7.94953	-0.336938	0
-6.94697	-0.349298	-0.320793	-6.94697	-0.349298	0
-5.93273	-0.394347	-0.321676	-5.93273	-0.394347	0
-4.91932	-0.388012	-0.301095	-4.91932	-0.388012	0
-3.88678	-0.356579	-0.31752	-3.88678	-0.356579	0
-2.80091	-0.33915	-0.320338	-2.80091	-0.33915	0
-1.79332	-0.35797	-0.300939	-1.79332	-0.35797	0
-0.774323	0.643005	-0.307756	-0.774323	0.643005	0
0.296954	0.686828	-0.298591	0.296954	0.686828	0
1.37375	0.664073	-0.314249	1.37375	0.664073	0
2.40105	0.650869	-0.305349	2.40105	0.650869	0
3.41637	0.701216	-0.314267	3.41637	0.701216	0
4.40105	0.686425	-0.290268	4.40105	0.686425	0
5.47978	0.718059	-0.330034	5.47978	0.718059	0
6.52596	0.70252	-0.277509	6.52596	0.70252	0
7.57741	0.65799	-0.321951	7.57741	0.65799	0
8.63872	0.711697	-0.345873	8.63872	0.711697	0
9.63366	0.684263	-0.349324	9.63366	0.684263	0
10.6506	0.758144	-0.296718	10.6506	0.758144	0
11.71	0.706322	-0.316609	11.71	0.706322	0
-11.0023	0.704384	-0.326492	-11.0023	0.704384	0
-10.0691	0.67462	-0.308593	-10.0691	0.67462	0
-9.02997	0.700878	-0.330784	-9.02997	0.700878	0
-7.96918	0.682619	-0.324793	-7.96918	0.682619	0
-6.9451	0.731817	-0.326618	-6.9451	0.731817	0
-5.92702	0.647788	-0.324608	-5.92702	0.647788	0
-4.87605	0.663383	-0.28481	-4.87605	0.663383	0
-3.93031	0.681471	-0.298173	-3.93031	0.681471	0
-2.83065	0.67448	-0.309717	-2.83065	0.67448	0
-1.83742	0.696393	-0.349584	-1.83742	0.696393	0
-0.756189	1.66543	-0.337237	-0.756189	1.66543	0
0.347324	1.7218	-0.315396	0.347324	1.7218	0
1.3358	1.67688	-0.32621	1.3358	1.67688	0
2.39482	1.67328	-0.335562	2.39482	1.67328	0
3.44018	1.70782	-0.325865	3.44018	1.70782	0
4.44894	1.70285	-0.322354	4.44894	1.70285	0
5.52619	1.74243	-0.325048	5.52619	1.74243	0
6.53365	1.74251	-0.290251	6.53365	1.74251	0
7.58479	1.70501	-0.330647	7.58479	1.70501	0
8.57019	1.76478	-0.337485	8.57019	1.76478	0
9.62682	1.68585	-0.315792	9.62682	1.68585	0
10.619	1.79811	-0.340986	10.619	1.79811	0
11.6349	1.72746	-0.337647	11.6349	1.72746	0
-11.1152	1.82129	-0.331134	-11.1152	1.82129	0
-10.0782	1.76977	-0.354595	-10.0782	1.76977	0
-9.00892	1.75815	-0.331909	-9.00892	1.75815	0
-8.02548	1.68734	-0.317742	-8.02548	1.68734	0
-6.98155	1.74055	-0.321128	-6.98155	1.74055	0
-5.91732	1.68781	-0.310811	-5.91732	1.68781	0
-4.88745	1.70136	-0.329069	-4.88745	1.70136	0
-3.8946	1.65407	-0.332526	-3.8946	1.65407	0
-2.83502	1.69281	-0.325737	-2.83502	1.69281	0
-1.83204	1.71895	-0.305606	-1.83204	1.71895	0
-0.68378	2.71881	-0.312561	-0.68378	2.71881	0
0.35382	2.80327	-0.320516	0.35382	2.80327	0
1.44063	2.76176	-0.339269	1.44063	2.76176	0
2.39912	2.74855	-0.331902	2.39912	2.74855	0
3.43068	2.70202	-0.322641	3.43068	2.70202	0
4.43194	2.75369	-0.327786	4.43194	2.75369	0
5.46908	2.73244	-0.306664	5.46908	2.73244	0
6.53169	2.76875	-0.306749	6.53169	2.76875	0
7.54195	2.77952	-0.295197	7.54195	2.77952	0
8.52515	2.75765	-0.311866	8.52515	2.75765	0
9.63546	2.80498	-0.31848	9.63546	2.80498	0
10.65	2.80203	-0.343256	10.65	2.80203	0
11.6683	2.75771	-0.327093	11.6683	2.75771	0
-11.0956	2.74874	-0.3204	-11.0956	2.74874	0
-10.1112	2.75913	-0.323547	-10.1112	2.75913	0
-8.97252	2.74925	-0.313053	-8.97252	2.74925	0
-7.99035	2.76885	-0.324935	-7.99035	2.76885	0
-6.92013	2.79738	-0.283927	-6.92013	2.79738	0
-5.88092	2.79501	-0.316863	-5.88092	2.79501	0
-4.84347	2.77323	-0.338677	-4.84347	2.77323	0
-3.83004	2.74769	-0.317079	-3.83004	2.74769	0
-2.77816	2.76157	-0.317031	-2.77816	2.76157	0
-1.78001	2.7193	-0.308554	-1.78001	2.7193	0
-0.741066	3.72307	-0.30853	-0.741066	3.72307	0
0.266624	3.79875	-0.325952	0.266624	3.79875	0
1.30964	3.78555	-0.344403	1.30964	3.78555	0
2.35338	3.76817	-0.303382	2.35338	3.76817	0
3.38985	3.78448	-0.306492	3.38985	3.78448	0
4.43734	3.78994	-0.308727	4.43734	3.78994	0
5.45566	3.76396	-0.291364	5.45566	3.76396	0
6.49158	3.73052	-0.311463	6.49158	3.73052	0
7.55627	3.80668	-0.307978	7.55627	3.80668	0
8.57274	3.78814	-0.336393	8.57274	3.78814	0
9.57011	3.82509	-0.325673	9.57011	3.82509	0
10.6641	3.81373	-0.257306	10.6641	3.81373	0
11.7277	3.77779	-0.314568	11.7277	3.77779	0
-11.054	3.80387	-0.317019	-11.054	3.80387	0
-10.0677	3.77857	-0.319592	-10.0677	3.77857	0
-9.04666	3.8028	-0.356031	-9.04666	3.8028	0
-8.04839	3.78342	-0.316304	-8.04839	3.78342	0
-6.94593	3.83634	-0.28851	-6.94593	3.83634	0
-5.87194	3.81508	-0.308698	-5.87194	3.81508	0
-4.87842	3.81914	-0.329674	-4.87842	3.81914	0
-3.81419	3.78635	-0.281192	-3.81419	3.78635	0
-2.79484	3.786	-0.320636	-2.79484	3.786	0
-1.73763	3.76601	-0.28679	-1.73763	3.76601	0
-0.700391	4.91102	-0.308262	-0.700391	4.91102	0
0.326592	4.8705	-0.322553	0.326592	4.8705	0
1.30843	4.8066	-0.301977	1.30843	4.8066	0
2.35714	4.82342	-0.302094	2.35714	4.82342	0
3.35642	4.81165	-0.304631	3.35642	4.81165	0
4.41724	4.79281	-0.304774	4.41724	4.79281	0
5.41681	4.76811	-0.331902	5.41681	4.76811	0
6.45142	4.78676	-0.330931	6.45142	4.78676	0
7.53932	4.81623	-0.32374	7.53932	4.81623	0
8.56999	4.868	-0.338716	8.56999	4.868	0
9.56976	4.87384	-0.29634	9.56976	4.87384	0
10.6002	4.80886	-0.309311	10.6002	4.80886	0
11.6528	4.82439	-0.329818	11.6528	4.82439	0
-11.1045	4.84662	-0.329609	-11.1045	4.84662	0
-10.0894	4.8382	-0.335581	-10.0894	4.8382	0
-9.03984	4.84372	-0.301253	-9.03984	4.84372	0
-8.0032	4.80928	-0.303524	-8.0032	4.80928	0
-6.9042	4.82513	-0.297417	-6.9042	4.82513	0
-5.87298	4.87547	-0.319354	-5.87298	4.87547	0
-4.84926	4.82376	-0.311621	-4.84926	4.82376	0
-3.83663	4.86546	-0.290461	-3.83663	4.86546	0
-2.7768	4.81095	-0.302511	-2.7768	4.81095	0
-1.74065	4.8314	-0.338416	-1.74065	4.8314	0
-0.697006	5.94509	-0.285874	-0.697006	5.94509	0
0.297979	5.89581	-0.344959	0.297979	5.89581	0
1.30285	5.86491	-0.317606	1.30285	5.86491	0
2.33167	5.88176	-0.31135	2.33167	5.88176	0
3.35557	5.83793	-0.320642	3.35557	5.83793	0
4.39801	5.85455	-0.319938	4.39801	5.85455	0
5.42135	5.86353	-0.326661	5.42135	5.86353	0
6.54901	5.8277	-0.311909	6.54901	5.8277	0
7.54267	5.90874	-0.316865	7.54267	5.90874	0
8.56013	5.92443	-0.319344	8.56013	5.92443	0
9.53084	5.84289	-0.302712	9.53084	5.84289	0
10.6334	5.8247	-0.301	10.6334	5.8247	0
11.7031	5.85461	-0.314315	11.7031	5.85461	0
-11.1113	5.85417	-0.307965	-11.1113	5.85417	0
-10.0698	5.85199	-0.330257	-10.0698	5.85199	0
-8.99368	5.87641	-0.312158	-8.99368	5.87641	0
-7.94375	5.84632	-0.299342	-7.94375	5.84632	0
-6.89973	5.89903	-0.305348	-6.89973	5.89903	0
-5.89381	5.86556	-0.293784	-5.89381	5.86556	0
-4.86819	5.88492	-0.322621	-4.86819	5.88492	0
-3.80404	5.85799	-0.329007	-3.80404	5.85799	0
-2.78507	5.84618	-0.321009	-2.78507	5.84618	0
-1.78152	5.87373	-0.31942	-1.78152	5.87373	0
-0.755407	6.94812	-0.313485	-0.755407	6.94812	0
0.30767	6.94958	-0.322674	0.30767	6.94958	0
1.34755	6.86841	-0.322074	1.34755	6.86841	0
2.31845	6.87602	-0.304633	2.31845	6.87602	0
3.38752	6.82927	-0.29389	3.38752	6.82927	0
4.4577	6.90188	-0.296795	4.4577	6.90188	0
5.47873	6.91582	-0.303578	5.47873	6.91582	0
6.47097	6.87697	-0.336607	6.47097	6.87697	0
7.52336	6.91474	-0.329399	7.52336	6.91474	0
8.55352	6.9283	-0.31104	8.55352	6.9283	0
9.58228	6.96157	-0.294575	9.58228	6.96157	0
10.6408	6.90421	-0.33022	10.6408	6.90421	0
11.6523	6.88096	-0.319336	11.6523	6.88096	0
-11.1007	6.91496	-0.32699	-11.1007	6.91496	0
-10.0547	6.89453	-0.314117	-10.0547	6.89453	0
-8.99163	6.89585	-0.315763	-8.99163	6.89585	0
-7.94227	6.87611	-0.287938	-7.94227	6.87611	0
-6.87381	6.94366	-0.323446	-6.87381	6.94366	0
-5.84974	6.95864	-0.318983	-5.84974	6.95864	0
-4.89038	6.88653	-0.345436	-4.89038	6.88653	0
-3.82064	6.91361	-0.311519	-3.82064	6.91361	0
-2.79784	6.98059	-0.308284	-2.79784	6.98059	0
-1.78903	6.97303	-0.269913	-1.78903	6.97303	0
-0.79102	7.94533	-0.323947	-0.79102	7.94533	0
0.339762	7.92444	-0.30677	0.339762	7.92444	0
1.36061	7.9096	-0.336549	1.36061	7.9096	0
2.36438	7.9063	-0.294637	2.36438	7.9063	0
3.4141	7.88725	-0.343379	3.4141	7.88725	0
4.39073	7.90041	-0.311472	4.39073	7.90041	0
5.38916	7.91349	-0.320914	5.38916	7.91349	0
6.46903	7.9835	-0.306189	6.46903	7.9835	0
7.50366	7.95496	-0.292845	7.50366	7.95496	0
8.50795	7.96042	-0.31585	8.50795	7.96042	0
9.5293	7.96185	-0.318269	9.5293	7.96185	0
10.5407	7.95365	-0.304498	10.5407	7.95365	0
11.6204	7.92175	-0.320563	11.6204	7.92175	0
-11.1425	7.91761	-0.347679	-11.1425	7.91761	0
-10.0576	7.96792	-0.343343	-10.0576	7.96792	0
-9.04168	7.90998	-0.31593	-9.04168	7.90998	0
-7.93086	7.94944	-0.293656	-7.93086	7.94944	0
-6.94263	7.92968	-0.322524	-6.94263	7.92968	0
-5.87891	7.95977	-0.294694	-5.87891	7.95977	0
-4.86615	7.94441	-0.344298	-4.86615	7.94441	0
-3.87218	8.05151	-0.29234	-3.87218	8.05151	0
-2.84231	8.00271	-0.305643	-2.84231	8.00271	0
-1.7727	8.01703	-0.323406	-1.7727	8.01703	0
-0.754046	8.99557	-0.31692	-0.754046	8.99557	0
0.278064	8.95469	-0.331424	0.278064	8.95469	0
1.32893	8.96189	-0.289622	1.32893	8.96189	0
2.31758	8.95651	-0.341085	2.31758	8.95651	0
3.40578	8.90365	-0.325002	3.40578	8.90365	0
4.45515	8.8884	-0.309092	4.45515	8.8884	0
5.44661	8.96322	-0.315497	5.44661	8.96322	0
6.4729	8.98072	-0.322053	6.4729	8.98072	0
7.4983	8.94002	-0.326146	7.4983	8.94002	0
8.52269	8.95996	-0.329265	8.52269	8.95996	0
9.61196	8.96228	-0.291288	9.61196	8.96228	0
10.6278	8.98983	-0.31294	10.6278	8.98983	0
11.6601	8.99409	-0.26762	11.6601	8.99409	0
-11.0618	8.93815	-0.321466	-11.0618	8.93815	0
-10.0519	8.96821	-0.311068	-10.0519	8.96821	0
-9.04425	8.96571	-0.289352	-9.04425	8.96571	0
-7.96741	9.00365	-0.307831	-7.96741	9.00365	0
-6.9455	8.98381	-0.317174	-6.9455	8.98381	0
-5.93221	9.03976	-0.303594	-5.93221	9.03976	0
-4.88965	8.9902	-0.29099	-4.88965	8.9902	0
-3.86303	9.02847	-0.314137	-3.86303	9.02847	0
-2.85713	9.02673	-0.330388	-2.85713	9.02673	0
-1.7784	9.00357	-0.329606	-1.7784	9.00357	0
-0.717145	10.0142	-0.293034	-0.717145	10.0142	0
0.329148	10.0457	-0.333676	0.329148	10.0457	0
1.37905	9.98854	-0.318307	1.37905	9.98854	0
2.38767	10.0191	-0.319098	2.38767	10.0191	0
3.36132	9.9061	-0.302422	3.36132	9.9061	0
4.37828	9.9963	-0.289897	4.37828	9.9963	0
5.45653	9.98944	-0.33087	5.45653	9.98944	0
6.50002	10.0577	-0.296883	6.50002	10.0577	0
7.52624	10.0382	-0.305755	7.52624	10.0382	0
8.52592	9.9774	-0.291083	8.52592	9.9774	0
9.58565	10.0402	-0.274981	9.58565	10.0402	0
10.6037	10.0187	-0.337251	10.6037	10.0187	0
11.6941	9.99101	-0.310396	11.6941	9.99101	0
-11.0827	9.96439	-0.333069	-11.0827	9.96439	0
-10.0159	9.98067	-0.337732	-10.0159	9.98067	0
-9.04773	9.97267	-0.299354	-9.04773	9.97267	0
-7.93269	9.9799	-0.325536	-7.93269	9.9799	0
-6.86353	9.98091	-0.340276	-6.86353	9.98091	0
-5.87003	10.0407	-0.335724	-5.87003	10.0407	0
-4.84172	10.0592	-0.3214	-4.84172	10.0592	0
-3.83874	10.019	-0.314913	-3.83874	10.019	0
-2.87493	10.0395	-0.331766	-2.87493	10.0395	0
-1.788	10.0587	-0.314208	-1.788	10.0587	0
-0.7361	11.0721	-0.325378	-0.7361	11.0721	0
0.335006	11.0627	-0.339127	0.335006	11.0627	0
1.35522	11.0067	-0.301723	1.35522	11.0067	0
2.44106	11.1128	-0.313296	2.44106	11.1128	0
3.46272	11.0487	-0.336071	3.46272	11.0487	0
4.48461	11.0705	-0.33738	4.48461	11.0705	0
5.47493	11.0792	-0.29909	5.47493	11.0792	0
6.49588	11.1022	-0.313725	6.49588	11.1022	0
7.52745	11.0748	-0.330261	7.52745	11.0748	0
8.53377	10.9811	-0.311498	8.53377	10.9811	0
9.62593	11.0702	-0.288901	9.62593	11.0702	0
10.6616	11.0518	-0.363282	10.6616	11.0518	0
11.7314	10.9964	-0.32608	11.7314	10.9964	0
-11.1031	11.0761	-0.301916	-11.1031	11.0761	0
-10.0559	11.0428	-0.323013	-10.0559	11.0428	0
-9.02849	11.0031	-0.298038	-9.02849	11.0031	0
-7.93209	10.9733	-0.292321	-7.93209	10.9733	0
-6.90001	10.9863	-0.306912	-6.90001	10.9863	0
-5.86797	11.1024	-0.326593	-5.86797	11.1024	0
-4.88751	11.101	-0.28818	-4.88751	11.101	0
-3.84142	11.1035	-0.342785	-3.84142	11.1035	0
-2.85021	11.1259	-0.329677	-2.85021	11.1259	0
-1.73831	11.0712	-0.299018	-1.73831	11.0712	0
-0.730631	-11.7459	-0.325284	-0.730631	-11.7459	0
0.282053	-11.7116	-0.34965	0.282053	-11.7116	0
1.3768	-11.7789	-0.321925	1.3768	-11.7789	0
2.44809	-11.7056	-0.346952	2.44809	-11.7056	0
3.49791	-11.7569	-0.319231	3.49791	-11.7569	0
4.48584	-11.6281	-0.329454	4.48584	-11.6281	0
5.51758	-11.6328	-0.300443	5.51758	-11.6328	0
6.48423	-11.6647	-0.326763	6.48423	-11.6647	0
7.57299	-11.657	-0.322807	7.57299	-11.657	0
8.54653	-11.6779	-0.313498	8.54653	-11.6779	0
9.55068	-11.6631	-0.290576	9.55068	-11.6631	0
10.6117	-11.6861	-0.301678	10.6117	-11.6861	0
11.6764	-11.7153	-0.327884	11.6764	-11.7153	0
-11.0567	-11.7003	-0.312979	-11.0567	-11.7003	0
-10.0116	-11.737	-0.343831	-10.0116	-11.737	0
-8.98555	-11.7541	-0.341475	-8.98555	-11.7541	0
-7.84697	-11.7844	-0.323922	-7.84697	-11.7844	0
-6.85122	-11.7218	-0.326803	-6.85122	-11.7218	0
-5.84733	-11.6441	-0.349183	-5.84733	-11.6441	0
-4.86353	-11.6274	-0.293472	-4.86353	-11.6274	0
-3.81399	-11.6534	-0.298686	-3.81399	-11.6534	0
-2.83289	-11.6707	-0.315002	-2.83289	-11.6707	0
-1.77523	-11.7022	-0.305695	-1.77523	-11.7022	0
-0.793821	-10.6887	-0.315907	-0.793821	-10.6887	0
0.272744	-10.6729	-0.308846	0.272744	-10.6729	0
1.34362	-10.7126	-0.278653	1.34362	-10.7126	0
2.4034	-10.7275	-0.303962	2.4034	-10.7275	0
3.4662	-10.7085	-0.323889	3.4662	-10.7085	0
4.43349	-10.6215	-0.320815	4.43349	-10.6215	0
5.41563	-10.5898	-0.312656	5.41563	-10.5898	0
6.4534	-10.6047	-0.29753	6.4534	-10.6047	0
7.53836	-10.5988	-0.294487	7.53836	-10.5988	0
8.50847	-10.6267	-0.288852	8.50847	-10.6267	0
9.60195	-10.6048	-0.334014	9.60195	-10.6048	0
10.6444	-10.6661	-0.314471	10.6444	-10.6661	0
11.7035	-10.6409	-0.287065	11.7035	-10.6409	0
-11.0421	-10.6916	-0.310406	-11.0421	-10.6916	0
-9.9627	-10.6874	-0.310866	-9.9627	-10.6874	0
-8.96523	-10.7626	-0.319801	-8.96523	-10.7626	0
-7.92583	-10.6978	-0.311884	-7.92583	-10.6978	0
-6.92126	-10.6983	-0.304519	-6.92126	-10.6983	0
-5.92273	-10.609	-0.314153	-5.92273	-10.609	0
-4.86877	-10.6731	-0.321241	-4.86877	-10.6731	0
-3.88035	-10.6531	-0.315176	-3.88035	-10.6531	0
-2.78592	-10.6416	-0.340016	-2.78592	-10.6416	0
-1.78664	-10.6309	-0.317942	-1.78664	-10.6309	0
-0.777487	-9.66093	-0.326527	-0.777487	-9.66093	0
0.273418	-9.67084	-0.320611	0.273418	-9.67084	0
1.31657	-9.75156	-0.335166	1.31657	-9.75156	0
2.37399	-9.69903	-0.320721	2.37399	-9.69903	0
3.37038	-9.60698	-0.314101	3.37038	-9.60698	0
4.45051	-9.58112	-0.304905	4.45051	-9.58112	0
5.43683	-9.55129	-0.320754	5.43683	-9.55129	0
6.50336	-9.54898	-0.317341	6.50336	-9.54898	0
7.50775	-9.53569	-0.282495	7.50775	-9.53569	0
8.51745	-9.59073	-0.319129	8.51745	-9.59073	0
9.56716	-9.56753	-0.328322	9.56716	-9.56753	0
10.6062	-9.60215	-0.306473	10.6062	-9.60215	0
11.6599	-9.63653	-0.319531	11.6599	-9.63653	0
-11.0325	-9.67792	-0.346872	-11.0325	-9.67792	0
-9.97302	-9.62111	-0.298657	-9.97302	-9.62111	0
-8.95388	-9.69536	-0.339184	-8.95388	-9.69536	0
-7.9187	-9.64864	-0.325362	-7.9187	-9.64864	0
-6.94925	-9.63279	-0.308307	-6.94925	-9.63279	0
-5.89422	-9.56241	-0.313389	-5.89422	-9.56241	0
-4.86061	-9.66006	-0.336901	-4.86061	-9.66006	0
-3.9218	-9.61246	-0.335665	-3.9218	-9.61246	0
-2.8365	-9.67153	-0.305542	-2.8365	-9.67153	0
-1.83965	-9.66218	-0.298234	-1.83965	-9.66218	0
-0.741443	-8.64612	-0.321045	-0.741443	-8.64612	0
0.290336	-8.68324	-0.309241	0.290336	-8.68324	0
1.31471	-8.65921	-0.332778	1.31471	-8.65921	0
2.32666	-8.65366	-0.318685	2.32666	-8.65366	0
3.3179	-8.61084	-0.327395	3.3179	-8.61084	0
4.42834	-8.59604	-0.338745	4.42834	-8.59604	0
5.42687	-8.53004	-0.328673	5.42687	-8.53004	0
6.44463	-8.55338	-0.320075	6.44463	-8.55338	0
7.53715	-8.49399	-0.316696	7.53715	-8.49399	0
8.58962	-8.58104	-0.301249	8.58962	-8.58104	0
9.55904	-8.54346	-0.333383	9.55904	-8.54346	0
10.6583	-8.56188	-0.30404	10.6583	-8.56188	0
11.6815	-8.59918	-0.320291	11.6815	-8.59918	0
-11.0649	-8.66964	-0.321184	-11.0649	-8.66964	0
-10.0329	-8.56302	-0.272571	-10.0329	-8.56302	0
-9.00689	-8.59057	-0.307964	-9.00689	-8.59057	0
-7.95716	-8.59784	-0.300254	-7.95716	-8.59784	0
-6.92426	-8.61278	-0.32984	-6.92426	-8.61278	0
-5.89834	-8.56054	-0.275345	-5.89834	-8.56054	0
-4.8861	-8.59133	-0.320477	-4.8861	-8.59133	0
-3.85081	-8.56712	-0.347159	-3.85081	-8.56712	0
-2.76963	-8.6494	-0.32614	-2.76963	-8.6494	0
-1.71586	-8.57231	-0.35459	-1.71586	-8.57231	0
-0.728898	-7.62203	-0.319142	-0.728898	-7.62203	0
0.302554	-7.64375	-0.311535	0.302554	-7.64375	0
1.30694	-7.62622	-0.339342	1.30694	-7.62622	0
2.32967	-7.57662	-0.300196	2.32967	-7.57662	0
3.38372	-7.47194	-0.311424	3.38372	-7.47194	0
4.38945	-7.49559	-0.359462	4.38945	-7.49559	0
5.48645	-7.53857	-0.316603	5.48645	-7.53857	0
6.47752	-7.56371	-0.335959	6.47752	-7.56371	0
7.53904	-7.48785	-0.312442	7.53904	-7.48785	0
8.55693	-7.57129	-0.320369	8.55693	-7.57129	0
9.63003	-7.51068	-0.326154	9.63003	-7.51068	0
10.6194	-7.55364	-0.286665	10.6194	-7.55364	0
11.6681	-7.5778	-0.319849	11.6681	-7.5778	0
-11.062	-7.57475	-0.335418	-11.062	-7.57475	0
-10.0596	-7.55669	-0.301151	-10.0596	-7.55669	0
-9.01058	-7.53945	-0.307861	-9.01058	-7.53945	0
-7.98324	-7.61626	-0.33455	-7.98324	-7.61626	0
-6.9413	-7.58421	-0.310086	-6.9413	-7.58421	0
-5.89856	-7.59551	-0.318584	-5.89856	-7.59551	0
-4.88442	-7.53733	-0.345132	-4.88442	-7.53733	0
-3.86379	-7.53791	-0.333045	-3.86379	-7.53791	0
-2.8075	-7.61498	-0.315181	-2.8075	-7.61498	0
-1.70482	-7.5833	-0.326561	-1.70482	-7.5833	0
-0.72352	-6.56622	-0.32021	-0.72352	-6.56622	0
0.261453	-6.64096	-0.306851	0.261453	-6.64096	0
1.30678	-6.57507	-0.322601	1.30678	-6.57507	0
2.35736	-6.56343	-0.294448	2.35736	-6.56343	0
3.37614	-6.50156	-0.300661	3.37614	-6.50156	0
4.39512	-6.5448	-0.311062	4.39512	-6.5448	0
5.49146	-6.53358	-0.306887	5.49146	-6.53358	0
6.51179	-6.49215	-0.33177	6.51179	-6.49215	0
7.51697	-6.50196	-0.310838	7.51697	-6.50196	0
8.59333	-6.52941	-0.317961	8.59333	-6.52941	0
9.63556	-6.42385	-0.324472	9.63556	-6.42385	0
10.6902	-6.53718	-0.305603	10.6902	-6.53718	0
11.6695	-6.55722	-0.32526	11.6695	-6.55722	0
-11.1222	-6.50502	-0.301544	-11.1222	-6.50502	0
-10.0546	-6.57711	-0.299286	-10.0546	-6.57711	0
-9.0125	-6.47897	-0.316598	-9.0125	-6.47897	0
-7.99183	-6.5195	-0.336648	-7.99183	-6.5195	0
-6.98823	-6.53312	-0.299756	-6.98823	-6.53312	0
-5.90781	-6.55981	-0.345262	-5.90781	-6.55981	0
-4.86641	-6.52737	-0.31778	-4.86641	-6.52737	0
-3.83352	-6.48264	-0.307076	-3.83352	-6.48264	0
-2.84226	-6.53596	-0.315784	-2.84226	-6.53596	0
-1.76983	-6.63789	-0.285175	-1.76983	-6.63789	0
-0.780552	-5.57858	-0.282737	-0.780552	-5.57858	0
0.271443	-5.58737	-0.31841	0.271443	-5.58737	0
1.28799	-5.52259	-0.290164	1.28799	-5.52259	0
2.27804	-5.50783	-0.327957	2.27804	-5.50783	0
3.28037	-5.50476	-0.315569	3.28037	-5.50476	0
4.36911	-5.5184	-0.327055	4.36911	-5.5184	0
5.49076	-5.51198	-0.363887	5.49076	-5.51198	0
6.46713	-5.47219	-0.295375	6.46713	-5.47219	0
7.546	-5.48702	-0.31258	7.546	-5.48702	0
8.55858	-5.47231	-0.313055	8.55858	-5.47231	0
9.61117	-5.45222	-0.324624	9.61117	-5.45222	0
10.6479	-5.48269	-0.318138	10.6479	-5.48269	0
11.6648	-5.40263	-0.339262	11.6648	-5.40263	0
-11.0792	-5.43847	-0.308937	-11.0792	-5.43847	0
-10.0378	-5.45566	-0.334197	-10.0378	-5.45566	0
-9.04222	-5.46638	-0.306593	-9.04222	-5.46638	0
-7.97654	-5.4758	-0.318231	-7.97654	-5.4758	0
-6.96344	-5.51083	-0.344378	-6.96344	-5.51083	0
-5.9269	-5.54952	-0.332765	-5.9269	-5.54952	0
-4.85867	-5.46222	-0.350274	-4.85867	-5.46222	0
-3.87754	-5.47338	-0.320715	-3.87754	-5.47338	0
-2.83998	-5.48029	-0.327381	-2.83998	-5.48029	0
-1.77127	-5.50781	-0.312462	-1.77127	-5.50781	0
-0.76633	-4.49804	-0.303156	-0.76633	-4.49804	0
0.291169	-4.55035	-0.272738	0.291169	-4.55035	0
1.29696	-4.46524	-0.317495	1.29696	-4.46524	0
2.32904	-4.4424	-0.320055	2.32904	-4.4424	0
3.32753	-4.47453	-0.324324	3.32753	-4.47453	0
4.3529	-4.47905	-0.29129	4.3529	-4.47905	0
5.41411	-4.54141	-0.330283	5.41411	-4.54141	0
6.45331	-4.46557	-0.346377	6.45331	-4.46557	0
7.4874	-4.46357	-0.34637	7.4874	-4.46357	0
8.51414	-4.41512	-0.323005	8.51414	-4.41512	0
9.57807	-4.3329	-0.325045	9.57807	-4.3329	0
10.5802	-4.44931	-0.33639	10.5802	-4.44931	0
11.6673	-4.42911	-0.314941	11.6673	-4.42911	0
-11.0893	-4.44882	-0.327723	-11.0893	-4.44882	0
-10.0844	-4.43694	-0.320324	-10.0844	-4.43694	0
-9.04657	-4.44306	-0.323166	-9.04657	-4.44306	0
-8.00805	-4.45407	-0.305939	-8.00805	-4.45407	0
-6.96393	-4.46251	-0.310018	-6.96393	-4.46251	0
-5.93374	-4.50779	-0.305547	-5.93374	-4.50779	0
-4.93549	-4.43078	-0.31572	-4.93549	-4.43078	0
-3.81389	-4.49202	-0.359433	-3.81389	-4.49202	0
-2.76579	-4.50723	-0.323019	-2.76579	-4.50723	0
-1.76555	-4.48204	-0.315295	-1.76555	-4.48204	0
-0.779878	-3.48742	-0.316272	-0.779878	-3.48742	0
0.231697	-3.46545	-0.301489	0.231697	-3.46545	0
1.26001	-3.44112	-0.325875	1.26001	-3.44112	0
2.31048	-3.45693	-0.31706	2.31048	-3.45693	0
3.44662	-3.44682	-0.312242	3.44662	-3.44682	0
4.42955	-3.47604	-0.290633	4.42955	-3.47604	0
5.45027	-3.47472	-0.325465	5.45027	-3.47472	0
6.48032	-3.42469	-0.314269	6.48032	-3.42469	0
7.49658	-3.46575	-0.311597	7.49658	-3.46575	0
8.50628	-3.43499	-0.33519	8.50628	-3.43499	0
9.57326	-3.36277	-0.310836	9.57326	-3.36277	0
10.5672	-3.40996	-0.307226	10.5672	-3.40996	0
11.679	-3.37754	-0.307153	11.679	-3.37754	0
-11.0847	-3.42612	-0.329025	-11.0847	-3.42612	0
-10.0683	-3.39405	-0.328586	-10.0683	-3.39405	0
-8.98674	-3.37891	-0.30799	-8.98674	-3.37891	0
-7.97304	-3.39747	-0.329824	-7.97304	-3.39747	0
-7.0252	-3.43029	-0.319811	-7.0252	-3.43029	0
-5.9714	-3.4554	-0.332655	-5.9714	-3.4554	0
-4.87301	-3.47746	-0.313491	-4.87301	-3.47746	0
-3.80376	-3.45543	-0.323845	-3.80376	-3.45543	0
-2.77568	-3.45929	-0.337327	-2.77568	-3.45929	0
-1.79073	-3.45953	-0.301918	-1.79073	-3.45953	0
-0.794989	-2.4156	-0.29076	-0.794989	-2.4156	0
0.218882	-2.45046	-0.339096	0.218882	-2.45046	0
1.31284	-2.42983	-0.315484	1.31284	-2.42983	0
2.35786	-2.44384	-0.337997	2.35786	-2.44384	0
3.46289	-2.40673	-0.337748	3.46289	-2.40673	0
4.45621	-2.41781	-0.345048	4.45621	-2.41781	0
5.47775	-2.4605	-0.325075	5.47775	-2.4605	0
6.46148	-2.36811	-0.325594	6.46148	-2.36811	0
7.56256	-2.45072	-0.30372	7.56256	-2.45072	0
8.57028	-2.38938	-0.309346	8.57028	-2.38938	0
9.57776	-2.34846	-0.299656	9.57776	-2.34846	0
10.6289	-2.33176	-0.29799	10.6289	-2.33176	0
11.6689	-2.39962	-0.287833	11.6689	-2.39962	0
-11.0843	-2.38409	-0.31398	-11.0843	-2.38409	0
-10.0963	-2.39667	-0.302929	-10.0963	-2.39667	0
-9.03977	-2.35811	-0.340042	-9.03977	-2.35811	0
-8.01414	-2.3736	-0.320572	-8.01414	-2.3736	0
-6.98398	-2.43371	-0.302481	-6.98398	-2.43371	0
-5.92773	-2.42359	-0.290767	-5.92773	-2.42359	0
-4.84765	-2.42135	-0.313849	-4.84765	-2.42135	0
-3.78452	-2.42435	-0.329118	-3.78452	-2.42435	0
-2.79165	-2.41246	-0.348777	-2.79165	-2.41246	0
-1.81183	-2.4516	-0.309124	-1.81183	-2.4516	0
-0.770497	-1.3563	-0.305672	-0.770497	-1.3563	0
0.303714	-1.40683	-0.309703	0.303714	-1.40683	0
1.32979	-1.41706	-0.326112	1.32979	-1.41706	0
2.39271	-1.43121	-0.308582	2.39271	-1.43121	0
3.41395	-1.44969	-0.321744	3.41395	-1.44969	0
4.48633	-1.36491	-0.308907	4.48633	-1.36491	0
5.53636	-1.40322	-0.314362	5.53636	-1.40322	0
6.5095	-1.37777	-0.338285	6.5095	-1.37777	0
7.63246	-1.39942	-0.323117	7.63246	-1.39942	0
8.6082	-1.37966	-0.287794	8.6082	-1.37966	0
9.63776	-1.34936	-0.311545	9.63776	-1.34936	0
10.6609	-1.27786	-0.31165	10.6609	-1.27786	0
11.6953	-1.38978	-0.320031	11.6953	-1.38978	0
-11.0666	-1.36374	-0.358158	-11.0666	-1.36374	0
-10.0199	-1.34092	-0.318905	-10.0199	-1.34092	0
-9.06407	-1.28412	-0.3223	-9.06407	-1.28412	0
-8.02837	-1.32928	-0.306201	-8.02837	-1.32928	0
-6.97096	-1.34806	-0.299937	-6.97096	-1.34806	0
-5.95145	-1.3949	-0.341278	-5.95145	-1.3949	0
-4.88912	-1.43623	-0.315928	-4.88912	-1.43623	0
-3.84927	-1.3578	-0.330917	-3.84927	-1.3578	0
-2.83623	-1.37439	-0.326079	-2.83623	-1.37439	0
-1.78968	-1.34418	-0.325823	-1.78968	-1.34418	0
-0.214248	0.162059	0.321572	-0.214248	0.162059	0
0.851704	0.204425	0.343851	0.851704	0.204425	0
1.91013	0.150655	0.341236	1.91013	0.150655	0
2.90291	0.126775	0.293653	2.90291	0.126775	0
3.91783	0.183109	0.312852	3.91783	0.183109	0
4.98939	0.187149	0.315792	4.98939	0.187149	0
6.04002	0.166258	0.307641	6.04002	0.166258	0
7.06964	0.193736	0.316012	7.06964	0.193736	0
8.08604	0.118618	0.325804	8.08604	0.118618	0
9.11031	0.18995	0.305527	9.11031	0.18995	0
10.1787	0.217798	0.317472	10.1787	0.217798	0
11.1687	0.212913	0.321639	11.1687	0.212913	0
-11.618	0.22451	0.334533	-11.618	0.22451	0
-10.5142	0.212145	0.357575	-10.5142	0.212145	0
-9.47519	0.234446	0.326309	-9.47519	0.234446	0
-8.47758	0.191857	0.296156	-8.47758	0.191857	0
-7.44497	0.166298	0.309864	-7.44497	0.166298	0
-6.45971	0.156319	0.349662	-6.45971	0.156319	0
-5.43501	0.134526	0.323007	-5.43501	0.134526	0
-4.40533	0.16078	0.297384	-4.40533	0.16078	0
-3.37704	0.16828	0.323486	-3.37704	0.16828	0
-2.3089	0.14593	0.309239	-2.3089	0.14593	0
-1.2991	0.188664	0.31351	-1.2991	0.188664	0
-0.274325	1.22401	0.30555	-0.274325	1.22401	0
0.80803	1.1968	0.303658	0.80803	1.1968	0
1.86959	1.18626	0.309828	1.86959	1.18626	0
2.9116	1.1566	0.326502	2.9116	1.1566	0
3.91226	1.22873	0.340229	3.91226	1.22873	0
4.98537	1.21696	0.319514	4.98537	1.21696	0
5.97491	1.24099	0.329488	5.97491	1.24099	0
7.05852	1.19827	0.307199	7.05852	1.19827	0
8.07314	1.14834	0.303526	8.07314	1.14834	0
9.05567	1.22232	0.320972	9.05567	1.22232	0
10.0966	1.21133	0.336546	10.0966	1.21133	0
11.1523	1.21033	0.342514	11.1523	1.21033	0
-11.5753	1.2364	0.329219	-11.5753	1.2364	0
-10.5906	1.24815	0.317218	-10.5906	1.24815	0
-9.55953	1.27027	0.294498	-9.55953	1.27027	0
-8.5197	1.16643	0.321303	-8.5197	1.16643	0
-7.49125	1.2179	0.334638	-7.49125	1.2179	0
-6.4178	1.2118	0.299824	-6.4178	1.2118	0
-5.37375	1.19154	0.323518	-5.37375	1.19154	0
-4.42188	1.2289	0.342682	-4.42188	1.2289	0
-3.34223	1.1784	0.286905	-3.34223	1.1784	0
-2.31832	1.20005	0.301856	-2.31832	1.20005	0
-1.28147	1.165	0.303188	-1.28147	1.165	0
-0.149104	2.28239	0.311591	-0.149104	2.28239	0
0.897437	2.25104	0.324613	0.897437	2.25104	0
1.90392	2.20383	0.287251	1.90392	2.20383	0
2.83899	2.19126	0.340074	2.83899	2.19126	0
3.88944	2.2354	0.32431	3.88944	2.2354	0
4.97658	2.24457	0.324018	4.97658	2.24457	0
5.98069	2.28547	0.337295	5.98069	2.28547	0
7.07531	2.27653	0.336305	7.07531	2.27653	0
8.06716	2.19674	0.323035	8.06716	2.19674	0
9.09584	2.26794	0.303216	9.09584	2.26794	0
10.1136	2.25743	0.332549	10.1136	2.25743	0
11.1213	2.22743	0.309927	11.1213	2.22743	0
-11.6086	2.25003	0.352597	-11.6086	2.25003	0
-10.5469	2.24302	0.350269	-10.5469	2.24302	0
-9.52823	2.27414	0.321354	-9.52823	2.27414	0
-8.51003	2.22091	0.342314	-8.51003	2.22091	0
-7.51841	2.2508	0.314698	-7.51841	2.2508	0
-6.45954	2.26437	0.326524	-6.45954	2.26437	0
-5.38836	2.24045	0.286299	-5.38836	2.24045	0
-4.3451	2.24614	0.274419	-4.3451	2.24614	0
-3.33278	2.15475	0.301989	-3.33278	2.15475	0
-2.31575	2.24031	0.318306	-2.31575	2.24031	0
-1.25551	2.17011	0.354732	-1.25551	2.17011	0
-0.171965	3.28194	0.323298	-0.171965	3.28194	0
0.882235	3.28615	0.321654	0.882235	3.28615	0
1.86804	3.23721	0.317352	1.86804	3.23721	0
2.91178	3.23701	0.28926	2.91178	3.23701	0
3.91933	3.28564	0.314163	3.91933	3.28564	0
4.94291	3.24193	0.316803	4.94291	3.24193	0
6.01556	3.21915	0.335986	6.01556	3.21915	0
7.04836	3.30803	0.30921	7.04836	3.30803	0
8.06805	3.27991	0.331365	8.06805	3.27991	0
9.05929	3.28326	0.293452	9.05929	3.28326	0
10.0587	3.35577	0.317949	10.0587	3.35577	0
11.1108	3.23047	0.320309	11.1108	3.23047	0
-11.5817	3.28059	0.336403	-11.5817	3.28059	0
-10.5685	3.26693	0.304095	-10.5685	3.26693	0
-9.57463	3.28268	0.282146	-9.57463	3.28268	0
-8.54575	3.26713	0.296167	-8.54575	3.26713	0
-7.42054	3.3338	0.306015	-7.42054	3.3338	0
-6.37794	3.30473	0.301749	-6.37794	3.30473	0
-5.33011	3.28535	0.335947	-5.33011	3.28535	0
-4.34116	3.2915	0.308669	-4.34116	3.2915	0
-3.32628	3.25956	0.322813	-3.32628	3.25956	0
-2.27466	3.28082	0.295068	-2.27466	3.28082	0
-1.23916	3.2056	0.325627	-1.23916	3.2056	0
-0.217155	4.33702	0.302596	-0.217155	4.33702	0
0.780598	4.30778	0.308034	0.780598	4.30778	0
1.84776	4.25648	0.29496	1.84776	4.25648	0
2.89427	4.30476	0.297387	2.89427	4.30476	0
3.9276	4.33024	0.331317	3.9276	4.33024	0
4.91748	4.29619	0.330415	4.91748	4.29619	0
5.99984	4.25464	0.329024	5.99984	4.25464	0
6.99808	4.27474	0.321197	6.99808	4.27474	0
8.10186	4.33535	0.308897	8.10186	4.33535	0
9.11293	4.33837	0.335745	9.11293	4.33837	0
10.0974	4.3609	0.321601	10.0974	4.3609	0
11.1545	4.33255	0.328421	11.1545	4.33255	0
-11.5772	4.32778	0.3039	-11.5772	4.32778	0
-10.5475	4.30196	0.310082	-10.5475	4.30196	0
-9.55323	4.30211	0.329697	-9.55323	4.30211	0
-8.47396	4.30509	0.341762	-8.47396	4.30509	0
-7.49302	4.31874	0.301996	-7.49302	4.31874	0
-6.42367	4.30155	0.347323	-6.42367	4.30155	0
-5.37359	4.28898	0.327561	-5.37359	4.28898	0
-4.35701	4.29834	0.332936	-4.35701	4.29834	0
-3.36137	4.34843	0.319736	-3.36137	4.34843	0
-2.30147	4.29057	0.307207	-2.30147	4.29057	0
-1.2379	4.34433	0.280895	-1.2379	4.34433	0
-0.179739	5.3852	0.317767	-0.179739	5.3852	0
0.843792	5.35889	0.324445	0.843792	5.35889	0
1.84895	5.31919	0.296108	1.84895	5.31919	0
2.86648	5.35186	0.333368	2.86648	5.35186	0
3.94042	5.32898	0.342752	3.94042	5.32898	0
4.96549	5.28663	0.308476	4.96549	5.28663	0
5.96399	5.34452	0.31123	5.96399	5.34452	0
6.98682	5.34688	0.311796	6.98682	5.34688	0
8.0412	5.35615	0.307682	8.0412	5.35615	0
9.05605	5.3503	0.324796	9.05605	5.3503	0
10.1242	5.37691	0.294107	10.1242	5.37691	0
11.189	5.32621	0.323863	11.189	5.32621	0
-11.6725	5.32298	0.337429	-11.6725	5.32298	0
-10.5969	5.34091	0.325144	-10.5969	5.34091	0
-9.60761	5.32919	0.289866	-9.60761	5.32919	0
-8.46792	5.29866	0.336187	-8.46792	5.29866	0
-7.42625	5.35794	0.309417	-7.42625	5.35794	0
-6.41461	5.3945	0.309627	-6.41461	5.3945	0
-5.30331	5.36859	0.3163	-5.30331	5.36859	0
-4.31824	5.37273	0.320952	-4.31824	5.37273	0
-3.26591	5.35208	0.338583	-3.26591	5.35208	0
-2.2389	5.33418	0.311568	-2.2389	5.33418	0
-1.24388	5.39535	0.316092	-1.24388	5.39535	0
-0.189796	6.43825	0.332584	-0.189796	6.43825	0
0.804878	6.41812	0.316865	0.804878	6.41812	0
1.83011	6.34146	0.356586	1.83011	6.34146	0
2.87877	6.35288	0.327787	2.87877	6.35288	0
3.89621	6.36003	0.307202	3.89621	6.36003	0
4.98394	6.43035	0.320238	4.98394	6.43035	0
5.98811	6.39217	0.307819	5.98811	6.39217	0
7.02016	6.45144	0.333672	7.02016	6.45144	0
7.99045	6.38823	0.320365	7.99045	6.38823	0
9.04003	6.4123	0.321905	9.04003	6.4123	0
10.0875	6.38704	0.320224	10.0875	6.38704	0
11.1365	6.34304	0.329432	11.1365	6.34304	0
-11.6179	6.37314	0.32872	-11.6179	6.37314	0
-10.6206	6.41127	0.33367	-10.6206	6.41127	0
-9.51425	6.33998	0.29094	-9.51425	6.33998	0
-8.43988	6.35043	0.302897	-8.43988	6.35043	0
-7.40858	6.41847	0.327179	-7.40858	6.41847	0
-6.38629	6.43043	0.302878	-6.38629	6.43043	0
-5.3415	6.37613	0.331523	-5.3415	6.37613	0
-4.39275	6.44054	0.322924	-4.39275	6.44054	0
-3.34362	6.39679	0.3051	-3.34362	6.39679	0
-2.30642	6.38645	0.298365	-2.30642	6.38645	0
-1.20927	6.41058	0.320599	-1.20927	6.41058	0
-0.236623	7.47521	0.290046	-0.236623	7.47521	0
0.870451	7.40034	0.324732	0.870451	7.40034	0
1.83691	7.39807	0.342817	1.83691	7.39807	0
2.87245	7.39487	0.315741	2.87245	7.39487	0
3.9144	7.3966	0.339835	3.9144	7.3966	0
4.9393	7.42135	0.325314	4.9393	7.42135	0
5.94318	7.44191	0.314747	5.94318	7.44191	0
6.98336	7.45321	0.287063	6.98336	7.45321	0
8.00209	7.41565	0.321664	8.00209	7.41565	0
9.06185	7.51999	0.34169	9.06185	7.51999	0
10.0813	7.44831	0.310436	10.0813	7.44831	0
11.1318	7.36521	0.318359	11.1318	7.36521	0
-11.6402	7.36064	0.329828	-11.6402	7.36064	0
-10.601	7.40423	0.295963	-10.601	7.40423	0
-9.55379	7.40639	0.31411	-9.55379	7.40639	0
-8.49387	7.43804	0.322975	-8.49387	7.43804	0
-7.44343	7.40097	0.335853	-7.44343	7.40097	0
-6.35487	7.44009	0.317148	-6.35487	7.44009	0
-5.34843	7.47892	0.32804	-5.34843	7.47892	0
-4.37154	7.45014	0.282375	-4.37154	7.45014	0
-3.35276	7.4738	0.301398	-3.35276	7.4738	0
-2.33581	7.48065	0.338252	-2.33581	7.48065	0
-1.27409	7.4644	0.318653	-1.27409	7.4644	0
-0.255923	8.4526	0.322772	-0.255923	8.4526	0
0.792244	8.42703	0.330138	0.792244	8.42703	0
1.82719	8.42729	0.33213	1.82719	8.42729	0
2.86025	8.41904	0.310249	2.86025	8.41904	0
3.89056	8.36541	0.325006	3.89056	8.36541	0
4.98493	8.43231	0.306068	4.98493	8.43231	0
5.96279	8.48073	0.310025	5.96279	8.48073	0
6.97087	8.47866	0.328798	6.97087	8.47866	0
8.01031	8.42956	0.32221	8.01031	8.42956	0
8.99694	8.48447	0.315076	8.99694	8.48447	0
10.0667	8.44517	0.315671	10.0667	8.44517	0
11.1258	8.44088	0.311333	11.1258	8.44088	0
-11.5886	8.41212	0.300428	-11.5886	8.41212	0
-10.5997	8.42284	0.324026	-10.5997	8.42284	0
-9.60255	8.37468	0.322341	-9.60255	8.37468	0
-8.50231	8.47007	0.309317	-8.50231	8.47007	0
-7.48122	8.49948	0.365149	-7.48122	8.49948	0
-6.41315	8.45443	0.322107	-6.41315	8.45443	0
-5.39554	8.49631	0.335066	-5.39554	8.49631	0
-4.35241	8.49796	0.332231	-4.35241	8.49796	0
-3.31274	8.51394	0.334997	-3.31274	8.51394	0
-2.2763	8.49306	0.319083	-2.2763	8.49306	0
-1.25361	8.49942	0.323645	-1.25361	8.49942	0
-0.177056	9.50049	0.310311	-0.177056	9.50049	0
0.809642	9.45325	0.310528	0.809642	9.45325	0
1.85061	9.45081	0.340238	1.85061	9.45081	0
2.83983	9.41497	0.320155	2.83983	9.41497	0
3.91855	9.41585	0.294244	3.91855	9.41585	0
4.95162	9.51785	0.285031	4.95162	9.51785	0
6.00353	9.48745	0.312818	6.00353	9.48745	0
7.00109	9.54128	0.297	7.00109	9.54128	0
8.01524	9.43507	0.307405	8.01524	9.43507	0
9.0856	9.44179	0.333992	9.0856	9.44179	0
10.096	9.47251	0.299094	10.096	9.47251	0
11.1	9.5003	0.338664	11.1	9.5003	0
-11.5987	9.46323	0.33597	-11.5987	9.46323	0
-10.5723	9.45355	0.326977	-10.5723	9.45355	0
-9.52812	9.47685	0.334179	-9.52812	9.47685	0
-8.51529	9.47164	0.288844	-8.51529	9.47164	0
-7.44743	9.46866	0.344571	-7.44743	9.46866	0
-6.44497	9.49122	0.334746	-6.44497	9.49122	0
-5.40796	9.55097	0.337203	-5.40796	9.55097	0
-4.39316	9.52391	0.345229	-4.39316	9.52391	0
-3.34867	9.50041	0.325449	-3.34867	9.50041	0
-2.28856	9.55103	0.302941	-2.28856	9.55103	0
-1.23333	9.5398	0.299686	-1.23333	9.5398	0
-0.189996	10.5911	0.317423	-0.189996	10.5911	0
0.84635	10.4811	0.321027	0.84635	10.4811	0
1.95901	10.5475	0.314609	1.95901	10.5475	0
2.94463	10.5519	0.289501	2.94463	10.5519	0
3.95611	10.5027	0.322108	3.95611	10.5027	0
4.93827	10.5436	0.304576	4.93827	10.5436	0
5.99038	10.5971	0.320682	5.99038	10.5971	0
6.99709	10.5606	0.335781	6.99709	10.5606	0
8.02963	10.5306	0.317532	8.02963	10.5306	0
9.07494	10.5127	0.31106	9.07494	10.5127	0
10.1617	10.5577	0.321299	10.1617	10.5577	0
11.1356	10.5601	0.303951	11.1356	10.5601	0
-11.5804	10.4898	0.314413	-11.5804	10.4898	0
-10.5967	10.5162	0.287431	-10.5967	10.5162	0
-9.58635	10.5191	0.309661	-9.58635	10.5191	0
-8.51813	10.4844	0.324118	-8.51813	10.4844	0
-7.39192	10.4964	0.323648	-7.39192	10.4964	0
-6.31481	10.5423	0.333004	-6.31481	10.5423	0
-5.35461	10.5556	0.343826	-5.35461	10.5556	0
-4.37008	10.57	0.292601	-4.37008	10.57	0
-3.33108	10.585	0.318049	-3.33108	10.585	0
-2.32865	10.5446	0.295069	-2.32865	10.5446	0
-1.2599	10.5662	0.337614	-1.2599	10.5662	0
-0.190914	11.5832	0.31395	-0.190914	11.5832	0
0.809649	11.5411	0.28941	0.809649	11.5411	0
1.88895	11.555	0.318197	1.88895	11.555	0
2.96216	11.5403	0.329238	2.96216	11.5403	0
4.0056	11.528	0.309867	4.0056	11.528	0
4.99332	11.618	0.31014	4.99332	11.618	0
5.98459	11.6345	0.331017	5.98459	11.6345	0
6.9939	11.6141	0.312637	6.9939	11.6141	0
8.00222	11.57	0.326306	8.00222	11.57	0
9.04281	11.5796	0.308533	9.04281	11.5796	0
10.0842	11.61	0.321619	10.0842	11.61	0
11.151	11.571	0.283008	11.151	11.571	0
-11.6313	11.6107	0.299015	-11.6313	11.6107	0
-10.5773	11.5824	0.308467	-10.5773	11.5824	0
-9.53158	11.5152	0.321553	-9.53158	11.5152	0
-8.42921	11.5441	0.319085	-8.42921	11.5441	0
-7.39756	11.5364	0.319021	-7.39756	11.5364	0
-6.37121	11.5546	0.326511	-6.37121	11.5546	0
-5.42402	11.6256	0.33613	-5.42402	11.6256	0
-4.34474	11.5626	0.323334	-4.34474	11.5626	0
-3.31325	11.6184	0.344726	-3.31325	11.6184	0
-2.35924	11.5525	0.318908	-2.35924	11.5525	0
-1.27796	11.5601	0.318816	-1.27796	11.5601	0
-0.209117	-11.2081	0.313698	-0.209117	-11.2081	0
0.823921	-11.2681	0.30248	0.823921	-11.2681	0
1.8914	-11.2704	0.324615	1.8914	-11.2704	0
3.00556	-11.2109	0.303778	3.00556	-11.2109	0
3.98798	-11.159	0.325291	3.98798	-11.159	0
4.98354	-11.1464	0.328642	4.98354	-11.1464	0
5.97162	-11.0957	0.325869	5.97162	-11.0957	0
6.99992	-11.1054	0.291654	6.99992	-11.1054	0
8.01406	-11.1231	0.332326	8.01406	-11.1231	0
9.06827	-11.1041	0.276518	9.06827	-11.1041	0
10.0535	-11.1752	0.333961	10.0535	-11.1752	0
11.1482	-11.2055	0.308246	11.1482	-11.2055	0
-11.5616	-11.1679	0.331922	-11.5616	-11.1679	0
-10.4782	-11.151	0.315736	-10.4782	-11.151	0
-9.48336	-11.2323	0.306351	-9.48336	-11.2323	0
-8.38632	-11.2802	0.285584	-8.38632	-11.2802	0
-7.42451	-11.198	0.318706	-7.42451	-11.198	0
-6.39442	-11.2062	0.293505	-6.39442	-11.2062	0
-5.37782	-11.139	0.330955	-5.37782	-11.139	0
-4.3063	-11.1709	0.334263	-4.3063	-11.1709	0
-3.3107	-11.0979	0.329669	-3.3107	-11.0979	0
-2.26634	-11.1961	0.311561	-2.26634	-11.1961	0
-1.26808	-11.1566	0.317397	-1.26808	-11.1566	0
-0.292154	-10.1886	0.294545	-0.292154	-10.1886	0
0.757317	-10.2483	0.309302	0.757317	-10.2483	0
1.82133	-10.2834	0.335382	1.82133	-10.2834	0
2.92634	-10.186	0.292752	2.92634	-10.186	0
3.9391	-10.1542	0.310958	3.9391	-10.1542	0
4.94644	-10.0733	0.32543	4.94644	-10.0733	0
5.97526	-10.0809	0.310664	5.97526	-10.0809	0
6.99516	-10.1033	0.314538	6.99516	-10.1033	0
8.01955	-10.0812	0.320822	8.01955	-10.0812	0
9.10296	-10.124	0.299063	9.10296	-10.124	0
10.0978	-10.0904	0.314985	10.0978	-10.0904	0
11.098	-10.1846	0.322775	11.098	-10.1846	0
-11.5286	-10.1323	0.318282	-11.5286	-10.1323	0
-10.5254	-10.1223	0.320077	-10.5254	-10.1223	0
-9.40349	-10.1756	0.330963	-9.40349	-10.1756	0
-8.42889	-10.161	0.324932	-8.42889	-10.161	0
-7.42427	-10.176	0.337121	-7.42427	-10.176	0
-6.38691	-10.1552	0.322615	-6.38691	-10.1552	0
-5.3619	-10.0784	0.335088	-5.3619	-10.0784	0
-4.38631	-10.128	0.332217	-4.38631	-10.128	0
-3.36108	-10.1571	0.3195	-3.36108	-10.1571	0
-2.35163	-10.1573	0.319654	-2.35163	-10.1573	0
-1.29304	-10.1211	0.302914	-1.29304	-10.1211	0
-0.230511	-9.1799	0.302449	-0.230511	-9.1799	0
0.85906	-9.2106	0.319954	0.85906	-9.2106	0
1.82878	-9.24385	0.31174	1.82878	-9.24385	0
2.872	-9.12172	0.305566	2.872	-9.12172	0
3.89129	-9.03877	0.309663	3.89129	-9.03877	0
4.94804	-8.9991	0.325255	4.94804	-8.9991	0
5.93648	-9.07136	0.296974	5.93648	-9.07136	0
6.9591	-8.99284	0.312783	6.9591	-8.99284	0
8.03081	-9.05457	0.300284	8.03081	-9.05457	0
9.10002	-9.08851	0.320314	9.10002	-9.08851	0
10.1415	-9.04269	0.303039	10.1415	-9.04269	0
11.1437	-9.11226	0.332518	11.1437	-9.11226	0
-11.5764	-9.17335	0.279487	-11.5764	-9.17335	0
-10.5585	-9.12689	0.3434	-10.5585	-9.12689	0
-9.46184	-9.12723	0.322328	-9.46184	-9.12723	0
-8.4331	-9.12749	0.331486	-8.4331	-9.12749	0
-7.41754	-9.16091	0.333963	-7.41754	-9.16091	0
-6.41319	-9.12364	0.326017	-6.41319	-9.12364	0
-5.35226	-9.08707	0.31851	-5.35226	-9.08707	0
-4.36986	-9.12935	0.313121	-4.36986	-9.12935	0
-3.37369	-9.15394	0.299438	-3.37369	-9.15394	0
-2.32498	-9.12288	0.298333	-2.32498	-9.12288	0
-1.29446	-9.14373	0.311142	-1.29446	-9.14373	0
-0.187638	-8.15636	0.327895	-0.187638	-8.15636	0
0.82786	-8.15702	0.310204	0.82786	-8.15702	0
1.82625	-8.19181	0.328889	1.82625	-8.19181	0
2.85931	-8.09996	0.282313	2.85931	-8.09996	0
3.88831	-8.05559	0.273715	3.88831	-8.05559	0
4.90239	-8.01645	0.337101	4.90239	-8.01645	0
6.01057	-8.01081	0.323537	6.01057	-8.01081	0
7.01979	-8.05883	0.320021	7.01979	-8.05883	0
8.03774	-7.9945	0.331159	8.03774	-7.9945	0
9.10738	-8.05084	0.299115	9.10738	-8.05084	0
10.0795	-8.06707	0.31984	10.0795	-8.06707	0
11.178	-8.07881	0.321452	11.178	-8.07881	0
-11.5848	-8.09367	0.304299	-11.5848	-8.09367	0
-10.5577	-8.03661	0.330962	-10.5577	-8.03661	0
-9.52556	-8.04376	0.31741	-9.52556	-8.04376	0
-8.50602	-8.06431	0.317057	-8.50602	-8.06431	0
-7.43821	-8.11205	0.32076	-7.43821	-8.11205	0
-6.43517	-8.09217	0.292389	-6.43517	-8.09217	0
-5.37542	-8.05174	0.311817	-5.37542	-8.05174	0
-4.36524	-8.10322	0.320431	-4.36524	-8.10322	0
-3.34155	-8.09662	0.295056	-3.34155	-8.09662	0
-2.24778	-8.11874	0.31895	-2.24778	-8.11874	0
-1.2551	-8.12179	0.31587	-1.2551	-8.12179	0
-0.199483	-7.14343	0.310573	-0.199483	-7.14343	0
0.808657	-7.11735	0.329755	0.808657	-7.11735	0
1.79572	-7.12169	0.32549	1.79572	-7.12169	0
2.88118	-7.06036	0.342445	2.88118	-7.06036	0
3.94812	-7.04376	0.325793	3.94812	-7.04376	0
4.96766	-7.02355	0.32503	4.96766	-7.02355	0
6.04115	-7.0263	0.2913	6.04115	-7.0263	0
7.01365	-7.03058	0.34165	7.01365	-7.03058	0
8.05375	-7.01475	0.31888	8.05375	-7.01475	0
9.11719	-7.01248	0.322548	9.11719	-7.01248	0
10.1225	-6.99098	0.326091	10.1225	-6.99098	0
11.1604	-7.05362	0.330147	11.1604	-7.05362	0
-11.6163	-7.10658	0.318312	-11.6163	-7.10658	0
-10.5607	-7.00412	0.329651	-10.5607	-7.00412	0
-9.52239	-7.0121	0.306514	-9.52239	-7.0121	0
-8.50925	-7.05746	0.297873	-8.50925	-7.05746	0
-7.52873	-7.03166	0.323997	-7.52873	-7.03166	0
-6.43935	-7.09827	0.304829	-6.43935	-7.09827	0
-5.43842	-7.01383	0.316821	-5.43842	-7.01383	0
-4.37327	-7.08551	0.310344	-4.37327	-7.08551	0
-3.31192	-7.04291	0.325891	-3.31192	-7.04291	0
-2.3268	-7.09707	0.307711	-2.3268	-7.09707	0
-1.21581	-7.13543	0.331447	-1.21581	-7.13543	0
-0.251075	-6.07055	0.31408	-0.251075	-6.07055	0
0.80721	-6.07788	0.326407	0.80721	-6.07788	0
1.82631	-5.9964	0.322287	1.82631	-5.9964	0
2.847	-6.01977	0.310402	2.847	-6.01977	0
3.85984	-6.04464	0.312897	3.85984	-6.04464	0
4.93907	-5.99357	0.303363	4.93907	-5.99357	0
6.00494	-6.01355	0.322593	6.00494	-6.01355	0
6.98711	-6.0044	0.34255	6.98711	-6.0044	0
8.08442	-6.01893	0.315961	8.08442	-6.01893	0
9.11192	-5.96818	0.308432	9.11192	-5.96818	0
10.1503	-5.93802	0.321582	10.1503	-5.93802	0
11.2048	-5.9718	0.322498	11.2048	-5.9718	0
-11.6165	-6.01388	0.321045	-11.6165	-6.01388	0
-10.5383	-5.95663	0.303766	-10.5383	-5.95663	0
-9.53821	-6.00508	0.328257	-9.53821	-6.00508	0
-8.50501	-6.02635	0.2924	-8.50501	-6.02635	0
-7.47177	-5.96552	0.317528	-7.47177	-5.96552	0
-6.44441	-6.03874	0.305105	-6.44441	-6.03874	0
-5.38202	-6.04392	0.298472	-5.38202	-6.04392	0
-4.35978	-6.02188	0.298163	-4.35978	-6.02188	0
-3.33859	-5.95701	0.317036	-3.33859	-5.95701	0
-2.30181	-6.04725	0.275616	-2.30181	-6.04725	0
-1.28142	-6.07851	0.316265	-1.28142	-6.07851	0
-0.221776	-5.07931	0.305857	-0.221776	-5.07931	0
0.763825	-5.04556	0.294837	0.763825	-5.04556	0
1.79637	-4.97833	0.350205	1.79637	-4.97833	0
2.85702	-4.98694	0.331051	2.85702	-4.98694	0
3.86973	-5.028	0.322708	3.86973	-5.028	0
4.86816	-5.0355	0.320155	4.86816	-5.0355	0
5.91609	-4.97953	0.302386	5.91609	-4.97953	0
6.95632	-4.97988	0.297827	6.95632	-4.97988	0
8.0337	-4.97602	0.308326	8.0337	-4.97602	0
9.0318	-4.916	0.298723	9.0318	-4.916	0
10.0493	-4.90757	0.289281	10.0493	-4.90757	0
11.1686	-4.90752	0.317504	11.1686	-4.90752	0
-11.5799	-4.9949	0.305267	-11.5799	-4.9949	0
-10.5588	-4.9093	0.340725	-10.5588	-4.9093	0
-9.57563	-4.98496	0.324287	-9.57563	-4.98496	0
-8.51995	-4.92804	0.327821	-8.51995	-4.92804	0
-7.47361	-4.99826	0.321565	-7.47361	-4.99826	0
-6.46036	-4.99085	0.328177	-6.46036	-4.99085	0
-5.40116	-4.98682	0.338843	-5.40116	-4.98682	0
-4.39233	-4.95298	0.30717	-4.39233	-4.95298	0
-3.33992	-4.93803	0.332599	-3.33992	-4.93803	0
-2.26123	-5.04786	0.327981	-2.26123	-5.04786	0
-1.22748	-5.01487	0.33642	-1.22748	-5.01487	0
-0.270753	-4.03155	0.339944	-0.270753	-4.03155	0
0.772045	-3.94759	0.318262	0.772045	-3.94759	0
1.78656	-3.92653	0.319972	1.78656	-3.92653	0
2.84837	-3.95705	0.312878	2.84837	-3.95705	0
3.84698	-3.97049	0.33468	3.84698	-3.97049	0
4.96106	-3.98631	0.318256	4.96106	-3.98631	0
5.94776	-4.01064	0.290161	5.94776	-4.01064	0
6.96944	-3.937	0.303763	6.96944	-3.937	0
8.00574	-3.99191	0.313091	8.00574	-3.99191	0
9.05429	-3.89767	0.32595	9.05429	-3.89767	0
10.1146	-3.90624	0.319955	10.1146	-3.90624	0
11.1288	-3.90935	0.3217	11.1288	-3.90935	0
-11.6496	-3.97243	0.288631	-11.6496	-3.97243	0
-10.6358	-3.92324	0.328759	-10.6358	-3.92324	0
-9.59483	-3.91884	0.318472	-9.59483	-3.91884	0
-8.54479	-3.87869	0.338754	-8.54479	-3.87869	0
-7.52888	-3.93617	0.310854	-7.52888	-3.93617	0
-6.50552	-3.91974	0.32396	-6.50552	-3.91974	0
-5.48213	-3.9662	0.352753	-5.48213	-3.9662	0
-4.3605	-3.94088	0.307119	-4.3605	-3.94088	0
-3.30095	-3.98957	0.339161	-3.30095	-3.98957	0
-2.3172	-3.9756	0.327451	-2.3172	-3.9756	0
-1.23763	-4.00063	0.305317	-1.23763	-4.00063	0
-0.303406	-2.93642	0.32064	-0.303406	-2.93642	0
0.817409	-2.94066	0.316138	0.817409	-2.94066	0
1.83319	-2.91502	0.309299	1.83319	-2.91502	0
2.83404	-2.97839	0.322525	2.83404	-2.97839	0
3.91597	-2.89749	0.342322	3.91597	-2.89749	0
4.96088	-2.91814	0.331966	4.96088	-2.91814	0
5.9724	-2.91404	0.315957	5.9724	-2.91404	0
6.95703	-2.8695	0.320574	6.95703	-2.8695	0
8.06121	-2.95402	0.312819	8.06121	-2.95402	0
9.04001	-2.91364	0.327637	9.04001	-2.91364	0
10.0766	-2.86208	0.309611	10.0766	-2.86208	0
11.1356	-2.89418	0.324115	11.1356	-2.89418	0
-11.5849	-2.959	0.303498	-11.5849	-2.959	0
-10.5827	-2.89868	0.295879	-10.5827	-2.89868	0
-9.5487	-2.94352	0.331318	-9.5487	-2.94352	0
-8.49662	-2.88267	0.334132	-8.49662	-2.88267	0
-7.51545	-2.88403	0.285779	-7.51545	-2.88403	0
-6.47224	-2.91366	0.318839	-6.47224	-2.91366	0
-5.4103	-2.9447	0.30713	-5.4103	-2.9447	0
-4.39383	-2.92151	0.285913	-4.39383	-2.92151	0
-3.32755	-2.98542	0.313015	-3.32755	-2.98542	0
-2.34882	-2.95991	0.315842	-2.34882	-2.95991	0
-1.27212	-2.94915	0.325569	-1.27212	-2.94915	0
-0.250084	-1.86453	0.303819	-0.250084	-1.86453	0
0.777235	-1.93776	0.317401	0.777235	-1.93776	0
1.88885	-1.95152	0.306268	1.88885	-1.95152	0
2.92994	-1.96745	0.300465	2.92994	-1.96745	0
3.97719	-1.88641	0.312565	3.97719	-1.88641	0
4.99001	-1.86941	0.31394	4.99001	-1.86941	0
6.00705	-1.8993	0.319176	6.00705	-1.8993	0
7.03874	-1.86598	0.309644	7.03874	-1.86598	0
8.07408	-1.89354	0.336911	8.07408	-1.89354	0
9.11379	-1.85055	0.354561	9.11379	-1.85055	0
10.1201	-1.8157	0.328098	10.1201	-1.8157	0
11.1556	-1.81236	0.299271	11.1556	-1.81236	0
-11.6197	-1.92216	0.311452	-11.6197	-1.92216	0
-10.5683	-1.82489	0.333586	-10.5683	-1.82489	0
-9.56121	-1.88059	0.338519	-9.56121	-1.88059	0
-8.53689	-1.8448	0.307224	-8.53689	-1.8448	0
-7.48668	-1.88047	0.306079	-7.48668	-1.88047	0
-6.46968	-1.87624	0.328409	-6.46968	-1.87624	0
-5.45191	-1.95244	0.334905	-5.45191	-1.95244	0
-4.32643	-1.9209	0.330609	-4.32643	-1.9209	0
-3.32018	-1.88811	0.301394	-3.32018	-1.88811	0
-2.24842	-1.89773	0.285641	-2.24842	-1.89773	0
-1.27499	-1.83866	0.302945	-1.27499	-1.83866	0
-0.171675	-0.878562	0.319886	-0.171675	-0.878562	0
0.823537	-0.858028	0.304154	0.823537	-0.858028	0
1.857	-0.919979	0.326208	1.857	-0.919979	0
2.90758	-0.953136	0.308251	2.90758	-0.953136	0
3.97266	-0.86161	0.33274	3.97266	-0.86161	0
4.96834	-0.843021	0.294375	4.96834	-0.843021	0
5.97091	-0.849951	0.353637	5.97091	-0.849951	0
7.00847	-0.861847	0.294479	7.00847	-0.861847	0
8.07443	-0.85875	0.320863	8.07443	-0.85875	0
9.12915	-0.843728	0.2992	9.12915	-0.843728	0
10.1963	-0.838479	0.322207	10.1963	-0.838479	0
11.2302	-0.832619	0.320032	11.2302	-0.832619	0
-11.5594	-0.860707	0.318634	-11.5594	-0.860707	0
-10.5596	-0.865209	0.293037	-10.5596	-0.865209	0
-9.54219	-0.82889	0.335627	-9.54219	-0.82889	0
-8.52942	-0.803891	0.31931	-8.52942	-0.803891	0
-7.48305	-0.844516	0.338465	-7.48305	-0.844516	0
-6.49978	-0.91557	0.354279	-6.49978	-0.91557	0
-5.45181	-0.936494	0.32101	-5.45181	-0.936494	0
-4.4082	-0.885241	0.296989	-4.4082	-0.885241	0
-3.34053	-0.883296	0.300475	-3.34053	-0.883296	0
-2.3345	-0.878538	0.323978	-2.3345	-0.878538	0
-1.26428	-0.871079	0.325948	-1.26428	-0.871079	0
