-0.49769	-0.297091	-0.3288	-0.49769	-0.297091	0
0.518394	-0.299162	-0.320649	0.518394	-0.299162	0
1.54825	-0.313813	-0.301602	1.54825	-0.313813	0
2.59833	-0.389852	-0.313674	2.59833	-0.389852	0
3.60166	-0.395394	-0.314986	3.60166	-0.395394	0
4.68699	-0.29164	-0.305705	4.68699	-0.29164	0
5.68754	-0.258514	-0.324111	5.68754	-0.258514	0
6.75193	-0.316197	-0.300267	6.75193	-0.316197	0
7.74979	-0.288031	-0.337165	7.74979	-0.288031	0
8.84826	-0.262566	-0.322577	8.84826	-0.262566	0
9.89339	-0.271385	-0.304555	9.89339	-0.271385	0
10.9172	-0.28377	-0.320971	10.9172	-0.28377	0
-11.8523	-0.323932	-0.302059	-11.8523	-0.323932	0
-10.7871	-0.320811	-0.323574	-10.7871	-0.320811	0
-9.77991	-0.320095	-0.339491	-9.77991	-0.320095	0
-8.73011	-0.346785	-0.31524	-8.73011	-0.346785	0
-7.75466	-0.316235	-0.324456	-7.75466	-0.316235	0
-6.74922	-0.335649	-0.322174	-6.74922	-0.335649	0
-5.64033	-0.268184	-0.31222	-5.64033	-0.268184	0
-4.59967	-0.289824	-0.304017	-4.59967	-0.289824	0
-3.60684	-0.259588	-0.336804	-3.60684	-0.259588	0
-2.55973	-0.245623	-0.301716	-2.55973	-0.245623	0
-1.50999	-0.296357	-0.298382	-1.50999	-0.296357	0
-0.569247	0.804323	-0.325639	-0.569247	0.804323	0
0.484134	0.727491	-0.30812	0.484134	0.727491	0
1.58497	0.77297	-0.278099	1.58497	0.77297	0
2.61458	0.684313	-0.317722	2.61458	0.684313	0
3.61963	0.693796	-0.336564	3.61963	0.693796	0
4.65588	0.721486	-0.326659	4.65588	0.721486	0
5.71302	0.742505	-0.313517	5.71302	0.742505	0
6.74115	0.696844	-0.266826	6.74115	0.696844	0
7.79698	0.6796	-0.30126	7.79698	0.6796	0
8.83703	0.799929	-0.336124	8.83703	0.799929	0
9.88115	0.743771	-0.330207	9.88115	0.743771	0
10.965	0.715341	-0.337047	10.965	0.715341	0
-11.8325	0.672781	-0.297285	-11.8325	0.672781	0
-10.7897	0.708021	-0.307659	-10.7897	0.708021	0
-9.78408	0.694757	-0.300523	-9.78408	0.694757	0
-8.80073	0.723587	-0.331984	-8.80073	0.723587	0
-7.77172	0.661369	-0.31154	-7.77172	0.661369	0
-6.7535	0.68921	-0.316758	-6.7535	0.68921	0
-5.70103	0.724655	-0.320159	-5.70103	0.724655	0
-4.61834	0.765488	-0.302406	-4.61834	0.765488	0
-3.58611	0.793523	-0.333312	-3.58611	0.793523	0
-2.57045	0.756779	-0.298088	-2.57045	0.756779	0
-1.5716	0.731283	-0.353778	-1.5716	0.731283	0
-0.501645	1.83954	-0.286429	-0.501645	1.83954	0
0.548864	1.75286	-0.314619	0.548864	1.75286	0
1.57344	1.7554	-0.332809	1.57344	1.7554	0
2.60987	1.69156	-0.336971	2.60987	1.69156	0
3.59704	1.73031	-0.320613	3.59704	1.73031	0
4.59847	1.71908	-0.327297	4.59847	1.71908	0
5.69962	1.7657	-0.327125	5.69962	1.7657	0
6.78493	1.79386	-0.306802	6.78493	1.79386	0
7.75252	1.8196	-0.32822	7.75252	1.8196	0
8.79612	1.81549	-0.301746	8.79612	1.81549	0
9.80861	1.75324	-0.330136	9.80861	1.75324	0
10.8777	1.74691	-0.314956	10.8777	1.74691	0
-11.8846	1.73762	-0.295491	-11.8846	1.73762	0
-10.8963	1.72004	-0.29108	-10.8963	1.72004	0
-9.81746	1.70337	-0.321272	-9.81746	1.70337	0
-8.75767	1.72187	-0.304277	-8.75767	1.72187	0
-7.75411	1.76281	-0.305351	-7.75411	1.76281	0
-6.71665	1.72745	-0.342613	-6.71665	1.72745	0
-5.70593	1.71842	-0.293756	-5.70593	1.71842	0
-4.62517	1.79268	-0.299269	-4.62517	1.79268	0
-3.60009	1.83314	-0.302881	-3.60009	1.83314	0
-2.61019	1.79483	-0.309163	-2.61019	1.79483	0
-1.5046	1.7381	-0.305652	-1.5046	1.7381	0
-0.542327	2.84053	-0.31139	-0.542327	2.84053	0
0.486153	2.76942	-0.30486	0.486153	2.76942	0
1.5932	2.77341	-0.292111	1.5932	2.77341	0
2.57778	2.74843	-0.339693	2.57778	2.74843	0
3.59886	2.76766	-0.307561	3.59886	2.76766	0
4.61631	2.7396	-0.348018	4.61631	2.7396	0
5.69182	2.80676	-0.320945	5.69182	2.80676	0
6.72467	2.77494	-0.313181	6.72467	2.77494	0
7.75788	2.82358	-0.33805	7.75788	2.82358	0
8.81458	2.83905	-0.313803	8.81458	2.83905	0
9.88178	2.82037	-0.329422	9.88178	2.82037	0
10.9232	2.78857	-0.304318	10.9232	2.78857	0
-11.8755	2.74095	-0.323145	-11.8755	2.74095	0
-10.8463	2.72145	-0.330857	-10.8463	2.72145	0
-9.81974	2.70429	-0.348894	-9.81974	2.70429	0
-8.80305	2.72674	-0.336077	-8.80305	2.72674	0
-7.72791	2.8056	-0.327564	-7.72791	2.8056	0
-6.73756	2.76994	-0.297383	-6.73756	2.76994	0
-5.72501	2.71163	-0.339702	-5.72501	2.71163	0
-4.63574	2.80182	-0.298364	-4.63574	2.80182	0
-3.63332	2.84328	-0.316711	-3.63332	2.84328	0
-2.5876	2.83006	-0.337001	-2.5876	2.83006	0
-1.61862	2.8314	-0.322294	-1.61862	2.8314	0
-0.507305	3.83317	-0.31524	-0.507305	3.83317	0
0.464586	3.8485	-0.312363	0.464586	3.8485	0
1.5156	3.87685	-0.30934	1.5156	3.87685	0
2.56621	3.79553	-0.293208	2.56621	3.79553	0
3.57928	3.77951	-0.316549	3.57928	3.77951	0
4.64657	3.83408	-0.320074	4.64657	3.83408	0
5.68863	3.82327	-0.302837	5.68863	3.82327	0
6.7611	3.84951	-0.325611	6.7611	3.84951	0
7.80589	3.8691	-0.308794	7.80589	3.8691	0
8.854	3.85566	-0.327274	8.854	3.85566	0
9.88049	3.82054	-0.315323	9.88049	3.82054	0
10.8966	3.78212	-0.255899	10.8966	3.78212	0
11.9374	3.80153	-0.297805	-11.8487	3.80153	0
-10.7891	3.78783	-0.303213	-10.7891	3.78783	0
-9.81091	3.80957	-0.28707	-9.81091	3.80957	0
-8.79815	3.78587	-0.32512	-8.79815	3.78587	0
-7.81031	3.78868	-0.321177	-7.81031	3.78868	0
-6.74036	3.78737	-0.321863	-6.74036	3.78737	0
-5.71711	3.76577	-0.325397	-5.71711	3.76577	0
-4.71386	3.82586	-0.33515	-4.71386	3.82586	0
-3.64979	3.89647	-0.302386	-3.64979	3.89647	0
-2.65199	3.85735	-0.289533	-2.65199	3.85735	0
-1.54359	3.88141	-0.322347	-1.54359	3.88141	0
-0.493037	4.95589	-0.308122	-0.493037	4.95589	0
0.527525	4.93581	-0.309757	0.527525	4.93581	0
1.55858	4.91287	-0.273815	1.55858	4.91287	0
2.56817	4.82249	-0.334588	2.56817	4.82249	0
3.60905	4.84766	-0.343902	3.60905	4.84766	0
4.71541	4.89693	-0.325879	4.71541	4.89693	0
5.73243	4.8843	-0.339132	5.73243	4.8843	0
6.81056	4.86545	-0.3234	6.81056	4.86545	0
7.84748	4.89192	-0.328119	7.84748	4.89192	0
8.82455	4.91035	-0.317258	8.82455	4.91035	0
9.83245	4.89812	-0.319318	9.83245	4.89812	0
10.8155	4.8358	-0.327262	10.8155	4.8358	0
-11.8682	4.84978	-0.315937	-11.8682	4.84978	0
-10.8575	4.79578	-0.314505	-10.8575	4.79578	0
-9.73527	4.85082	-0.335308	-9.73527	4.85082	0
-8.78318	4.83363	-0.292195	-8.78318	4.83363	0
-7.72262	4.83625	-0.326157	-7.72262	4.83625	0
-6.73025	4.81773	-0.303651	-6.73025	4.81773	0
-5.66595	4.86466	-0.314332	-5.66595	4.86466	0
-4.65437	4.85063	-0.33375	-4.65437	4.85063	0
-3.62838	4.93263	-0.29355	-3.62838	4.93263	0
-2.58997	4.85993	-0.30268	-2.58997	4.85993	0
-1.5385	4.91152	-0.340718	-1.5385	4.91152	0
-0.498819	5.95608	-0.306881	-0.498819	5.95608	0
0.504608	5.97699	-0.305968	0.504608	5.97699	0
1.51449	5.96328	-0.346398	1.51449	5.96328	0
2.5553	5.86303	-0.339073	2.5553	5.86303	0
3.64594	5.84335	-0.305328	3.64594	5.84335	0
4.73314	5.89838	-0.285523	4.73314	5.89838	0
5.71225	5.84907	-0.306852	5.71225	5.84907	0
6.72915	5.92962	-0.30802	6.72915	5.92962	0
7.83212	5.95397	-0.305557	7.83212	5.95397	0
8.83893	5.92262	-0.326612	8.83893	5.92262	0
9.81352	5.90529	-0.316645	9.81352	5.90529	0
10.8685	5.86027	-0.30077	10.8685	5.86027	0
-11.9144	5.88118	-0.290747	11.8717	5.88118	0
-10.8588	5.82185	-0.323453	-10.8588	5.82185	0
-9.82116	5.87348	-0.322035	-9.82116	5.87348	0
-8.77709	5.89413	-0.327381	-8.77709	5.89413	0
-7.72657	5.86916	-0.31676	-7.72657	5.86916	0
-6.72473	5.88455	-0.310078	-6.72473	5.88455	0
-5.69115	5.94044	-0.317701	-5.69115	5.94044	0
-4.70636	5.92048	-0.29584	-4.70636	5.92048	0
-3.64779	5.90865	-0.309379	-3.64779	5.90865	0
-2.6005	5.88396	-0.304604	-2.6005	5.88396	0
-1.56188	5.94701	-0.304771	-1.56188	5.94701	0
-0.553425	6.98127	-0.304265	-0.553425	6.98127	0
0.531415	6.98259	-0.328947	0.531415	6.98259	0
1.62084	6.92448	-0.329091	1.62084	6.92448	0
2.63784	6.95149	-0.329856	2.63784	6.95149	0
3.63077	6.8925	-0.312767	3.63077	6.8925	0
4.69688	6.85484	-0.308958	4.69688	6.85484	0
5.77012	6.92724	-0.302267	5.77012	6.92724	0
6.76002	6.92059	-0.312472	6.76002	6.92059	0
7.82919	6.95324	-0.317842	7.82919	6.95324	0
8.82202	7.00232	-0.345192	8.82202	7.00232	0
9.83517	6.91197	-0.323037	9.83517	6.91197	0
10.9046	6.92507	-0.307181	10.9046	6.92507	0
-11.8525	6.94153	-0.346773	-11.8525	6.94153	0
-10.8438	6.85118	-0.313205	-10.8438	6.85118	0
-9.79045	6.82344	-0.313085	-9.79045	6.82344	0
-8.74145	6.90254	-0.314229	-8.74145	6.90254	0
-7.75121	6.91298	-0.302133	-7.75121	6.91298	0
-6.73516	6.96773	-0.333005	-6.73516	6.96773	0
-5.7233	6.95675	-0.312746	-5.7233	6.95675	0
-4.69052	6.94644	-0.323835	-4.69052	6.94644	0
-3.661	6.99803	-0.351065	-3.661	6.99803	0
-2.5956	6.96667	-0.323042	-2.5956	6.96667	0
-1.60707	6.97729	-0.304714	-1.60707	6.97729	0
-0.576684	7.9833	-0.355144	-0.576684	7.9833	0
0.530592	8.00813	-0.331279	0.530592	8.00813	0
1.52032	7.95657	-0.316894	1.52032	7.95657	0
2.65062	7.95167	-0.327529	2.65062	7.95167	0
3.60018	7.89957	-0.313336	3.60018	7.89957	0
4.63479	7.86143	-0.32851	4.63479	7.86143	0
5.70917	7.96569	-0.34208	5.70917	7.96569	0
6.71288	7.98984	-0.281706	6.71288	7.98984	0
7.73102	7.94407	-0.323329	7.73102	7.94407	0
8.76837	8.01705	-0.301202	8.76837	8.01705	0
9.81077	8.03873	-0.320554	9.81077	8.03873	0
10.8316	7.97904	-0.333704	10.8316	7.97904	0
11.89	7.99172	-0.302079	11.89	7.99172	0
-10.8298	7.89791	-0.360475	-10.8298	7.89791	0
-9.79953	7.89623	-0.324812	-9.79953	7.89623	0
-8.71479	7.99068	-0.31296	-8.71479	7.99068	0
-7.75618	7.91127	-0.313541	-7.75618	7.91127	0
-6.76799	7.99346	-0.284513	-6.76799	7.99346	0
-5.74796	7.98054	-0.301751	-5.74796	7.98054	0
-4.67231	7.99134	-0.338724	-4.67231	7.99134	0
-3.59385	8.03985	-0.307498	-3.59385	8.03985	0
-2.58395	8.01092	-0.283527	-2.58395	8.01092	0
-1.53803	8.02927	-0.322349	-1.53803	8.02927	0
-0.585436	9.06584	-0.311222	-0.585436	9.06584	0
0.489904	9.06333	-0.333272	0.489904	9.06333	0
1.59768	9.05362	-0.319177	1.59768	9.05362	0
2.60605	8.94323	-0.321712	2.60605	8.94323	0
3.62791	8.98137	-0.310093	3.62791	8.98137	0
4.66498	8.97511	-0.299001	4.66498	8.97511	0
5.67393	8.95701	-0.326436	5.67393	8.95701	0
6.72803	8.98799	-0.310263	6.72803	8.98799	0
7.74704	9.02422	-0.332975	7.74704	9.02422	0
8.77085	9.03116	-0.3095	8.77085	9.03116	0
9.83941	9.06119	-0.330767	9.83941	9.06119	0
10.8684	9.00416	-0.319748	10.8684	9.00416	0
11.9498	8.99014	-0.284881	-11.8363	8.99014	0
-10.7867	8.92537	-0.308361	-10.7867	8.92537	0
-9.81887	8.94401	-0.333743	-9.81887	8.94401	0
-8.80037	9.01619	-0.314789	-8.80037	9.01619	0
-7.69634	9.01674	-0.31333	-7.69634	9.01674	0
-6.67745	8.97887	-0.316206	-6.67745	8.97887	0
-5.64826	9.02558	-0.332167	-5.64826	9.02558	0
-4.68145	9.06839	-0.32804	-4.68145	9.06839	0
-3.58738	9.05785	-0.345056	-3.58738	9.05785	0
-2.54988	9.09122	-0.319403	-2.54988	9.09122	0
-1.54568	9.12514	-0.282845	-1.54568	9.12514	0
-0.550569	10.098	-0.327652	-0.550569	10.098	0
0.536773	10.11	-0.305459	0.536773	10.11	0
1.55894	10.0198	-0.300558	1.55894	10.0198	0
2.61581	10.0394	-0.314484	2.61581	10.0394	0
3.60506	9.98206	-0.310274	3.60506	9.98206	0
4.64006	10.0038	-0.313846	4.64006	10.0038	0
5.71769	10.0034	-0.314168	5.71769	10.0034	0
6.74442	10.0153	-0.320047	6.74442	10.0153	0
7.74913	10.0443	-0.313248	7.74913	10.0443	0
8.78119	10.0458	-0.295312	8.78119	10.0458	0
9.80434	10.0347	-0.319479	9.80434	10.0347	0
10.8126	9.97705	-0.317664	10.8126	9.97705	0
11.867	9.967	-0.307235	11.867	9.967	0
-10.8851	10.0118	-0.3247	-10.8851	10.0118	0
-9.85345	9.99504	-0.305656	-9.85345	9.99504	0
-8.79802	10.0291	-0.322324	-8.79802	10.0291	0
-7.76824	10.0777	-0.32292	-7.76824	10.0777	0
-6.68214	10.1032	-0.316813	-6.68214	10.1032	0
-5.67524	10.068	-0.296185	-5.67524	10.068	0
-4.67098	10.0649	-0.313618	-4.67098	10.0649	0
-3.60545	10.0964	-0.318312	-3.60545	10.0964	0
-2.57884	10.1202	-0.315412	-2.57884	10.1202	0
-1.56373	10.1185	-0.312125	-1.56373	10.1185	0
-0.489101	11.1099	-0.318326	-0.489101	11.1099	0
0.504559	11.1114	-0.320024	0.504559	11.1114	0
1.56413	11.0641	-0.31097	1.56413	11.0641	0
2.63462	11.1154	-0.310006	2.63462	11.1154	0
3.64107	11.0776	-0.309127	3.64107	11.0776	0
4.64729	11.0763	-0.34642	4.64729	11.0763	0
5.72444	11.0478	-0.335413	5.72444	11.0478	0
6.71305	11.0875	-0.320972	6.71305	11.0875	0
7.72887	11.1304	-0.307499	7.72887	11.1304	0
8.74191	11.1162	-0.305437	8.74191	11.1162	0
9.79206	11.0446	-0.314661	9.79206	11.0446	0
10.8412	11.0208	-0.321822	10.8412	11.0208	0
11.8011	10.9913	-0.304055	11.8011	10.9913	0
-10.8431	10.9966	-0.359339	-10.8431	10.9966	0
-9.85267	10.9938	-0.325632	-9.85267	10.9938	0
-8.83557	11.0638	-0.295094	-8.83557	11.0638	0
-7.76536	11.091	-0.318999	-7.76536	11.091	0
-6.79269	11.129	-0.354851	-6.79269	11.129	0
-5.64888	11.0996	-0.302405	-5.64888	11.0996	0
-4.6353	11.0516	-0.310672	-4.6353	11.0516	0
-3.65362	11.1079	-0.302082	-3.65362	11.1079	0
-2.58296	11.1263	-0.311171	-2.58296	11.1263	0
-1.50955	11.1236	-0.318165	-1.50955	11.1236	0
-0.469069	-11.5711	-0.329637	-0.469069	-11.5711	0
0.51502	-11.6407	-0.351029	0.51502	-11.6407	0
1.53138	-11.675	-0.33605	1.53138	-11.675	0
2.56522	-11.6798	-0.306743	2.56522	-11.6798	0
3.58827	-11.6919	-0.314967	3.58827	-11.6919	0
4.62094	-11.6755	-0.308172	4.62094	-11.6755	0
5.68442	-11.7053	-0.348223	5.68442	-11.7053	0
6.72513	-11.6608	-0.291559	6.72513	-11.6608	0
7.80865	-11.6626	-0.340667	7.80865	-11.6626	0
8.794	-11.6416	-0.299027	8.794	-11.6416	0
9.80244	-11.7183	-0.305673	9.80244	-11.7183	0
10.8835	-11.7167	-0.338436	10.8835	-11.7167	0
11.8696	-11.682	-0.317614	11.8696	-11.682	0
-10.8951	-11.7165	-0.289717	-10.8951	-11.7165	0
-9.85815	-11.7359	-0.313857	-9.85815	-11.7359	0
-8.80233	-11.6673	-0.310623	-8.80233	-11.6673	0
-7.79875	-11.6659	-0.312372	-7.79875	-11.6659	0
-6.74901	-11.6227	-0.285157	-6.74901	-11.6227	0
-5.73591	-11.6065	-0.334437	-5.73591	-11.6065	0
-4.71029	-11.6422	-0.350254	-4.71029	-11.6422	0
-3.63217	-11.6201	-0.323083	-3.63217	-11.6201	0
-2.59996	-11.6324	-0.311584	-2.59996	-11.6324	0
-1.57348	-11.5983	-0.288937	-1.57348	-11.5983	0
-0.483942	-10.5974	-0.323302	-0.483942	-10.5974	0
0.550678	-10.5893	-0.315132	0.550678	-10.5893	0
1.59592	-10.6151	-0.315476	1.59592	-10.6151	0
2.65692	-10.677	-0.300566	2.65692	-10.677	0
3.65159	-10.6748	-0.306297	3.65159	-10.6748	0
4.72048	-10.668	-0.326157	4.72048	-10.668	0
5.72322	-10.6198	-0.287266	5.72322	-10.6198	0
6.73602	-10.6534	-0.319511	6.73602	-10.6534	0
7.74328	-10.633	-0.30708	7.74328	-10.633	0
8.77899	-10.6403	-0.324233	8.77899	-10.6403	0
9.80482	-10.7153	-0.308108	9.80482	-10.7153	0
10.8126	-10.665	-0.292466	10.8126	-10.665	0
11.8837	-10.632	-0.31796	11.8837	-10.632	0
-10.9187	-10.6762	-0.296403	-10.9187	-10.6762	0
-9.83877	-10.6698	-0.278212	-9.83877	-10.6698	0
-8.8192	-10.6678	-0.336509	-8.8192	-10.6678	0
-7.74565	-10.6357	-0.321289	-7.74565	-10.6357	0
-6.6866	-10.6286	-0.312814	-6.6866	-10.6286	0
-5.64543	-10.5696	-0.326974	-5.64543	-10.5696	0
-4.66981	-10.608	-0.298165	-4.66981	-10.608	0
-3.61492	-10.6159	-0.351508	-3.61492	-10.6159	0
-2.5965	-10.6	-0.323643	-2.5965	-10.6	0
-1.50521	-10.5691	-0.314917	-1.50521	-10.5691	0
-0.530096	-9.68251	-0.336703	-0.530096	-9.68251	0
0.554219	-9.5878	-0.323922	0.554219	-9.5878	0
1.60338	-9.56282	-0.291362	1.60338	-9.56282	0
2.61906	-9.59721	-0.331029	2.61906	-9.59721	0
3.67853	-9.60676	-0.330432	3.67853	-9.60676	0
4.68798	-9.5962	-0.327778	4.68798	-9.5962	0
5.74041	-9.57221	-0.298665	5.74041	-9.57221	0
6.77776	-9.60713	-0.299611	6.77776	-9.60713	0
7.81411	-9.59352	-0.334206	7.81411	-9.59352	0
8.7911	-9.60818	-0.31061	8.7911	-9.60818	0
9.80908	-9.60531	-0.323438	9.80908	-9.60531	0
10.8595	-9.61158	-0.313711	10.8595	-9.61158	0
11.8497	-9.67186	-0.311891	11.8497	-9.67186	0
-10.8794	-9.62938	-0.323921	-10.8794	-9.62938	0
-9.76719	-9.62013	-0.317878	-9.76719	-9.62013	0
-8.74023	-9.61537	-0.297802	-8.74023	-9.61537	0
-7.76462	-9.5977	-0.317939	-7.76462	-9.5977	0
-6.73151	-9.56213	-0.321446	-6.73151	-9.56213	0
-5.67102	-9.54174	-0.333214	-5.67102	-9.54174	0
-4.6507	-9.5613	-0.308121	-4.6507	-9.5613	0
-3.58143	-9.54772	-0.303721	-3.58143	-9.54772	0
-2.5358	-9.51675	-0.318782	-2.5358	-9.51675	0
-1.54508	-9.57875	-0.331382	-1.54508	-9.57875	0
-0.486209	-8.63565	-0.283706	-0.486209	-8.63565	0
0.520472	-8.52555	-0.304782	0.520472	-8.52555	0
1.5911	-8.53258	-0.314127	1.5911	-8.53258	0
2.62846	-8.55684	-0.270316	2.62846	-8.55684	0
3.65167	-8.61604	-0.32973	3.65167	-8.61604	0
4.64718	-8.61788	-0.310553	4.64718	-8.61788	0
5.66493	-8.55451	-0.329528	5.66493	-8.55451	0
6.73563	-8.53739	-0.340782	6.73563	-8.53739	0
7.69559	-8.52927	-0.344351	7.69559	-8.52927	0
8.71178	-8.5557	-0.335678	8.71178	-8.5557	0
9.78519	-8.58358	-0.307986	9.78519	-8.58358	0
10.8296	-8.5609	-0.323577	10.8296	-8.5609	0
11.8656	-8.59967	-0.322133	11.8656	-8.59967	0
-10.8111	-8.53023	-0.298134	-10.8111	-8.53023	0
-9.79014	-8.56297	-0.31859	-9.79014	-8.56297	0
-8.76087	-8.5513	-0.31773	-8.76087	-8.5513	0
-7.73717	-8.50047	-0.327014	-7.73717	-8.50047	0
-6.7685	-8.55201	-0.309459	-6.7685	-8.55201	0
-5.75636	-8.5358	-0.32413	-5.75636	-8.5358	0
-4.68528	-8.52323	-0.327727	-4.68528	-8.52323	0
-3.6058	-8.52035	-0.325076	-3.6058	-8.52035	0
-2.58615	-8.54376	-0.311455	-2.58615	-8.54376	0
-1.4999	-8.60853	-0.301391	-1.4999	-8.60853	0
-0.498842	-7.53378	-0.33178	-0.498842	-7.53378	0
0.504538	-7.51675	-0.317464	0.504538	-7.51675	0
1.62379	-7.49062	-0.310267	1.62379	-7.49062	0
2.61889	-7.46239	-0.318544	2.61889	-7.46239	0
3.62382	-7.57638	-0.330202	3.62382	-7.57638	0
4.66328	-7.57952	-0.34181	4.66328	-7.57952	0
5.66967	-7.49006	-0.292669	5.66967	-7.49006	0
6.61771	-7.51808	-0.319947	6.61771	-7.51808	0
7.69574	-7.55693	-0.326206	7.69574	-7.55693	0
8.7295	-7.53097	-0.317813	8.7295	-7.53097	0
9.76723	-7.57393	-0.323028	9.76723	-7.57393	0
10.8347	-7.51782	-0.299037	10.8347	-7.51782	0
-11.904	-7.55214	-0.316526	11.882	-7.55214	0
-10.821	-7.57467	-0.312311	-10.821	-7.57467	0
-9.78752	-7.47866	-0.298754	-9.78752	-7.47866	0
-8.76697	-7.54707	-0.31879	-8.76697	-7.54707	0
-7.74883	-7.50415	-0.270642	-7.74883	-7.50415	0
-6.67931	-7.51019	-0.319925	-6.67931	-7.51019	0
-5.65675	-7.48827	-0.302135	-5.65675	-7.48827	0
-4.59812	-7.46674	-0.313502	-4.59812	-7.46674	0
-3.5004	-7.49839	-0.334773	-3.5004	-7.49839	0
-2.50838	-7.46756	-0.309807	-2.50838	-7.46756	0
-1.52145	-7.51181	-0.317639	-1.52145	-7.51181	0
-0.432756	-6.54266	-0.338536	-0.432756	-6.54266	0
0.562521	-6.48268	-0.302364	0.562521	-6.48268	0
1.61643	-6.51253	-0.294445	1.61643	-6.51253	0
2.62154	-6.49254	-0.319952	2.62154	-6.49254	0
3.59585	-6.45742	-0.320585	3.59585	-6.45742	0
4.70043	-6.46068	-0.307197	4.70043	-6.46068	0
5.63883	-6.44066	-0.310537	5.63883	-6.44066	0
6.70245	-6.52613	-0.330915	6.70245	-6.52613	0
7.74139	-6.5686	-0.311305	7.74139	-6.5686	0
8.82027	-6.54155	-0.317056	8.82027	-6.54155	0
9.80857	-6.52811	-0.295552	9.80857	-6.52811	0
10.8536	-6.55386	-0.31076	10.8536	-6.55386	0
11.8863	-6.56616	-0.305969	11.8863	-6.56616	0
-10.8357	-6.48365	-0.306871	-10.8357	-6.48365	0
-9.7788	-6.52089	-0.310175	-9.7788	-6.52089	0
-8.82104	-6.50738	-0.31452	-8.82104	-6.50738	0
-7.74703	-6.47295	-0.306179	-7.74703	-6.47295	0
-6.77096	-6.46219	-0.315748	-6.77096	-6.46219	0
-5.68918	-6.43063	-0.345029	-5.68918	-6.43063	0
-4.63929	-6.43708	-0.325834	-4.63929	-6.43708	0
-3.59214	-6.47838	-0.318322	-3.59214	-6.47838	0
-2.54601	-6.43001	-0.329038	-2.54601	-6.43001	0
-1.57675	-6.44976	-0.327627	-1.57675	-6.44976	0
-0.480771	-5.50115	-0.343062	-0.480771	-5.50115	0
0.571265	-5.42975	-0.324399	0.571265	-5.42975	0
1.60506	-5.47217	-0.2992	1.60506	-5.47217	0
2.65934	-5.48447	-0.329791	2.65934	-5.48447	0
3.6889	-5.39062	-0.306442	3.6889	-5.39062	0
4.70571	-5.43634	-0.341039	4.70571	-5.43634	0
5.70281	-5.42362	-0.31282	5.70281	-5.42362	0
6.72222	-5.47932	-0.314752	6.72222	-5.47932	0
7.79556	-5.46793	-0.318479	7.79556	-5.46793	0
8.75526	-5.46901	-0.312493	8.75526	-5.46901	0
9.74032	-5.50013	-0.314928	9.74032	-5.50013	0
10.797	-5.50357	-0.332313	10.797	-5.50357	0
-11.9377	-5.46	-0.332432	11.8484	-5.46	0
-10.83	-5.46926	-0.300991	-10.83	-5.46926	0
-9.81379	-5.49455	-0.315777	-9.81379	-5.49455	0
-8.77293	-5.45682	-0.318891	-8.77293	-5.45682	0
-7.71779	-5.46954	-0.314962	-7.71779	-5.46954	0
-6.70348	-5.43273	-0.3131	-6.70348	-5.43273	0
-5.65928	-5.40677	-0.338814	-5.65928	-5.40677	0
-4.61259	-5.4495	-0.312754	-4.61259	-5.4495	0
-3.56994	-5.43215	-0.303269	-3.56994	-5.43215	0
-2.5892	-5.38929	-0.321419	-2.5892	-5.38929	0
-1.5432	-5.41329	-0.330502	-1.5432	-5.41329	0
-0.485596	-4.43827	-0.307056	-0.485596	-4.43827	0
0.512733	-4.43173	-0.323986	0.512733	-4.43173	0
1.55738	-4.45057	-0.32884	1.55738	-4.45057	0
2.59178	-4.44303	-0.306605	2.59178	-4.44303	0
3.62077	-4.42431	-0.325683	3.62077	-4.42431	0
4.64376	-4.42474	-0.335151	4.64376	-4.42474	0
5.67109	-4.44605	-0.311137	5.67109	-4.44605	0
6.74503	-4.40884	-0.335434	6.74503	-4.40884	0
7.77163	-4.42285	-0.301325	7.77163	-4.42285	0
8.79741	-4.39359	-0.313059	8.79741	-4.39359	0
9.77528	-4.38982	-0.295949	9.77528	-4.38982	0
10.7881	-4.33434	-0.308595	10.7881	-4.33434	0
-11.9322	-4.42587	-0.33489	11.8539	-4.42587	0
-10.8705	-4.46099	-0.314367	-10.8705	-4.46099	0
-9.85203	-4.43508	-0.307559	-9.85203	-4.43508	0
-8.83529	-4.43011	-0.325495	-8.83529	-4.43011	0
-7.73529	-4.4508	-0.296129	-7.73529	-4.4508	0
-6.72403	-4.46837	-0.310311	-6.72403	-4.46837	0
-5.65012	-4.39927	-0.300853	-5.65012	-4.39927	0
-4.6137	-4.50551	-0.309486	-4.6137	-4.50551	0
-3.63608	-4.41976	-0.32159	-3.63608	-4.41976	0
-2.57032	-4.39105	-0.318052	-2.57032	-4.39105	0
-1.54213	-4.39104	-0.316862	-1.54213	-4.39104	0
-0.49274	-3.36146	-0.324042	-0.49274	-3.36146	0
0.557732	-3.40271	-0.312451	0.557732	-3.40271	0
1.55889	-3.45912	-0.311701	1.55889	-3.45912	0
2.59366	-3.36157	-0.318903	2.59366	-3.36157	0
3.63484	-3.41303	-0.326674	3.63484	-3.41303	0
4.63106	-3.32021	-0.328497	4.63106	-3.32021	0
5.65603	-3.40119	-0.303959	5.65603	-3.40119	0
6.67241	-3.33485	-0.325913	6.67241	-3.33485	0
7.73433	-3.37153	-0.329352	7.73433	-3.37153	0
8.78558	-3.31849	-0.309581	8.78558	-3.31849	0
9.77484	-3.36805	-0.326991	9.77484	-3.36805	0
10.8487	-3.34013	-0.358153	10.8487	-3.34013	0
-11.8983	-3.36478	-0.314528	11.8877	-3.36478	0
-10.9075	-3.40904	-0.308142	-10.9075	-3.40904	0
-9.86891	-3.41001	-0.338016	-9.86891	-3.41001	0
-8.83129	-3.45376	-0.321381	-8.83129	-3.45376	0
-7.74864	-3.45727	-0.325778	-7.74864	-3.45727	0
-6.7156	-3.35767	-0.320199	-6.7156	-3.35767	0
-5.72693	-3.32554	-0.348548	-5.72693	-3.32554	0
-4.64002	-3.41484	-0.308377	-4.64002	-3.41484	0
-3.6121	-3.40053	-0.313804	-3.6121	-3.40053	0
-2.58895	-3.37283	-0.317611	-2.58895	-3.37283	0
-1.47292	-3.37957	-0.324565	-1.47292	-3.37957	0
-0.453923	-2.32834	-0.322514	-0.453923	-2.32834	0
0.539072	-2.36728	-0.33516	0.539072	-2.36728	0
1.56866	-2.33576	-0.335268	1.56866	-2.33576	0
2.59608	-2.37013	-0.33999	2.59608	-2.37013	0
3.62026	-2.39949	-0.319091	3.62026	-2.39949	0
4.59885	-2.33567	-0.335416	4.59885	-2.33567	0
5.65112	-2.31092	-0.320134	5.65112	-2.31092	0
6.71378	-2.34564	-0.312204	6.71378	-2.34564	0
7.76234	-2.38261	-0.32622	7.76234	-2.38261	0
8.73957	-2.2779	-0.303814	8.73957	-2.2779	0
9.79739	-2.34362	-0.353171	9.79739	-2.34362	0
10.838	-2.34491	-0.28682	10.838	-2.34491	0
-11.907	-2.31084	-0.322377	11.8791	-2.31084	0
-10.8812	-2.34781	-0.307751	-10.8812	-2.34781	0
-9.83091	-2.36519	-0.294986	-9.83091	-2.36519	0
-8.81548	-2.39493	-0.333198	-8.81548	-2.39493	0
-7.76407	-2.40392	-0.338785	-7.76407	-2.40392	0
-6.73837	-2.37314	-0.346707	-6.73837	-2.37314	0
-5.72054	-2.31059	-0.313323	-5.72054	-2.31059	0
-4.70236	-2.38113	-0.301895	-4.70236	-2.38113	0
-3.63972	-2.38615	-0.328784	-3.63972	-2.38615	0
-2.53854	-2.40629	-0.313805	-2.53854	-2.40629	0
-1.54085	-2.31452	-0.341701	-1.54085	-2.31452	0
-0.497186	-1.33542	-0.333432	-0.497186	-1.33542	0
0.543811	-1.31786	-0.325851	0.543811	-1.31786	0
1.54047	-1.31584	-0.30492	1.54047	-1.31584	0
2.5422	-1.37924	-0.30724	2.5422	-1.37924	0
3.58329	-1.36585	-0.32093	3.58329	-1.36585	0
4.60536	-1.34467	-0.29504	4.60536	-1.34467	0
5.66348	-1.29727	-0.315279	5.66348	-1.29727	0
6.67506	-1.33804	-0.276122	6.67506	-1.33804	0
7.76296	-1.28598	-0.322443	7.76296	-1.28598	0
8.83728	-1.31862	-0.323727	8.83728	-1.31862	0
9.8348	-1.26957	-0.339074	9.8348	-1.26957	0
10.8352	-1.32269	-0.312946	10.8352	-1.32269	0
-11.8771	-1.30102	-0.306377	-11.8771	-1.30102	0
-10.8105	-1.35097	-0.332761	-10.8105	-1.35097	0
-9.81618	-1.40573	-0.310912	-9.81618	-1.40573	0
-8.82573	-1.36893	-0.29125	-8.82573	-1.36893	0
-7.76403	-1.3699	-0.320519	-7.76403	-1.3699	0
-6.69748	-1.35224	-0.302351	-6.69748	-1.35224	0
-5.68501	-1.29863	-0.304083	-5.68501	-1.29863	0
-4.57154	-1.34503	-0.313417	-4.57154	-1.34503	0
-3.58013	-1.3234	-0.316796	-3.58013	-1.3234	0
-2.54411	-1.32276	-0.326003	-2.54411	-1.32276	0
-1.54683	-1.29517	-0.342452	-1.54683	-1.29517	0
-0.0240523	0.264104	0.327813	-0.0240523	0.264104	0
1.09529	0.244805	0.287378	1.09529	0.244805	0
2.11679	0.18022	0.31279	2.11679	0.18022	0
3.07785	0.183652	0.327816	3.07785	0.183652	0
4.10489	0.185777	0.309598	4.10489	0.185777	0
5.17249	0.208524	0.308437	5.17249	0.208524	0
6.17479	0.225281	0.323162	6.17479	0.225281	0
7.26126	0.183429	0.3176	7.26126	0.183429	0
8.32241	0.171873	0.326428	8.32241	0.171873	0
9.37082	0.246326	0.285604	9.37082	0.246326	0
10.4307	0.256332	0.33466	10.4307	0.256332	0
11.393	0.206155	0.338176	11.393	0.206155	0
-11.3079	0.187437	0.342343	-11.3079	0.187437	0
-10.238	0.181726	0.33021	-10.238	0.181726	0
-9.262	0.240356	0.30527	-9.262	0.240356	0
-8.26241	0.162629	0.329593	-8.26241	0.162629	0
-7.24634	0.179891	0.302269	-7.24634	0.179891	0
-6.22911	0.216757	0.282136	-6.22911	0.216757	0
-5.15769	0.257802	0.308382	-5.15769	0.257802	0
-4.06025	0.217467	0.292251	-4.06025	0.217467	0
-3.08318	0.266408	0.339385	-3.08318	0.266408	0
-2.02492	0.245734	0.34037	-2.02492	0.245734	0
-1.02471	0.238014	0.303459	-1.02471	0.238014	0
0.00706925	1.33466	0.31663	0.00706925	1.33466	0
1.03223	1.26208	0.303618	1.03223	1.26208	0
2.05223	1.21826	0.342151	2.05223	1.21826	0
3.07062	1.18281	0.334676	3.07062	1.18281	0
4.11421	1.20358	0.318774	4.11421	1.20358	0
5.17452	1.22669	0.30503	5.17452	1.22669	0
6.19909	1.27601	0.342221	6.19909	1.27601	0
7.25821	1.20139	0.291803	7.25821	1.20139	0
8.26928	1.26039	0.316327	8.26928	1.26039	0
9.30922	1.30556	0.35192	9.30922	1.30556	0
10.3749	1.22734	0.305256	10.3749	1.22734	0
11.4152	1.26583	0.342413	11.4152	1.26583	0
-11.3439	1.19449	0.304861	-11.3439	1.19449	0
-10.3036	1.19737	0.329528	-10.3036	1.19737	0
-9.29319	1.24358	0.310389	-9.29319	1.24358	0
-8.24123	1.17821	0.299605	-8.24123	1.17821	0
-7.21815	1.22929	0.339453	-7.21815	1.22929	0
-6.20367	1.225	0.305906	-6.20367	1.225	0
-5.15287	1.20573	0.335616	-5.15287	1.20573	0
-4.11477	1.22133	0.33384	-4.11477	1.22133	0
-3.11098	1.27082	0.333997	-3.11098	1.27082	0
-2.04059	1.30929	0.292533	-2.04059	1.30929	0
-1.04422	1.26291	0.337486	-1.04422	1.26291	0
-0.0113503	2.33375	0.338629	-0.0113503	2.33375	0
1.05076	2.2498	0.319702	1.05076	2.2498	0
2.1258	2.23197	0.325792	2.1258	2.23197	0
3.16575	2.21196	0.309396	3.16575	2.21196	0
4.15333	2.23007	0.301277	4.15333	2.23007	0
5.14331	2.2434	0.292549	5.14331	2.2434	0
6.21224	2.30227	0.321938	6.21224	2.30227	0
7.26136	2.28588	0.317032	7.26136	2.28588	0
8.30193	2.28672	0.310773	8.30193	2.28672	0
9.35592	2.32655	0.319316	9.35592	2.32655	0
10.3861	2.23712	0.320091	10.3861	2.23712	0
11.3922	2.27529	0.318173	11.3922	2.27529	0
-11.366	2.24347	0.331261	-11.366	2.24347	0
-10.3394	2.19939	0.327197	-10.3394	2.19939	0
-9.35134	2.24057	0.31848	-9.35134	2.24057	0
-8.32264	2.26621	0.325504	-8.32264	2.26621	0
-7.26229	2.27702	0.332012	-7.26229	2.27702	0
-6.24846	2.26019	0.320731	-6.24846	2.26019	0
-5.16532	2.27036	0.326807	-5.16532	2.27036	0
-4.08416	2.34052	0.328665	-4.08416	2.34052	0
-3.09089	2.32529	0.30727	-3.09089	2.32529	0
-2.09048	2.29287	0.323394	-2.09048	2.29287	0
-1.07238	2.32383	0.303042	-1.07238	2.32383	0
-0.053831	3.33663	0.323776	-0.053831	3.33663	0
1.00152	3.28972	0.295307	1.00152	3.28972	0
2.03286	3.34841	0.338804	2.03286	3.34841	0
3.07544	3.26203	0.311215	3.07544	3.26203	0
4.1947	3.27527	0.302327	4.1947	3.27527	0
5.21303	3.28157	0.317451	5.21303	3.28157	0
6.18809	3.31631	0.285964	6.18809	3.31631	0
7.25019	3.33388	0.324755	7.25019	3.33388	0
8.32629	3.31633	0.307412	8.32629	3.31633	0
9.40182	3.32112	0.301204	9.40182	3.32112	0
10.3694	3.25786	0.334042	10.3694	3.25786	0
11.4334	3.26791	0.352766	11.4334	3.26791	0
-11.3058	3.27377	0.296658	-11.3058	3.27377	0
-10.2631	3.20951	0.314335	-10.2631	3.20951	0
-9.26707	3.28167	0.296647	-9.26707	3.28167	0
-8.28066	3.25334	0.297945	-8.28066	3.25334	0
-7.19892	3.29683	0.34328	-7.19892	3.29683	0
-6.14872	3.29281	0.330095	-6.14872	3.29281	0
-5.21665	3.27703	0.292228	-5.21665	3.27703	0
-4.17921	3.35708	0.309199	-4.17921	3.35708	0
-3.13399	3.37156	0.326664	-3.13399	3.37156	0
-2.09154	3.35112	0.321081	-2.09154	3.35112	0
-1.05668	3.35098	0.320669	-1.05668	3.35098	0
-0.0496042	4.40654	0.344453	-0.0496042	4.40654	0
0.979016	4.39559	0.309851	0.979016	4.39559	0
2.08016	4.34585	0.311732	2.08016	4.34585	0
3.10839	4.33122	0.348003	3.10839	4.33122	0
4.15872	4.33297	0.304499	4.15872	4.33297	0
5.1906	4.3445	0.332171	5.1906	4.3445	0
6.19523	4.39569	0.317881	6.19523	4.39569	0
7.32156	4.38753	0.303367	7.32156	4.38753	0
8.35309	4.3761	0.312942	8.35309	4.3761	0
9.37308	4.41934	0.336005	9.37308	4.41934	0
10.3381	4.38737	0.324086	10.3381	4.38737	0
11.412	4.33233	0.33729	11.412	4.33233	0
-11.3336	4.31629	0.317332	-11.3336	4.31629	0
-10.2823	4.32709	0.319363	-10.2823	4.32709	0
-9.21667	4.30871	0.340543	-9.21667	4.30871	0
-8.2315	4.35261	0.324326	-8.2315	4.35261	0
-7.2635	4.30757	0.308492	-7.2635	4.30757	0
-6.20816	4.31673	0.326138	-6.20816	4.31673	0
-5.16063	4.36077	0.312671	-5.16063	4.36077	0
-4.18545	4.3423	0.332703	-4.18545	4.3423	0
-3.12591	4.39209	0.339485	-3.12591	4.39209	0
-2.04578	4.37649	0.305789	-2.04578	4.37649	0
-1.00614	4.41447	0.271253	-1.00614	4.41447	0
0.0474186	5.40116	0.321115	0.0474186	5.40116	0
1.06418	5.47922	0.317018	1.06418	5.47922	0
2.09015	5.4223	0.313347	2.09015	5.4223	0
3.08738	5.33583	0.308398	3.08738	5.33583	0
4.17676	5.34882	0.310377	4.17676	5.34882	0
5.2038	5.34959	0.334317	5.2038	5.34959	0
6.30976	5.3472	0.331813	6.30976	5.3472	0
7.29043	5.43041	0.30443	7.29043	5.43041	0
8.3062	5.40899	0.335442	8.3062	5.40899	0
9.35657	5.41446	0.332585	9.35657	5.41446	0
10.3399	5.37793	0.320547	10.3399	5.37793	0
11.3425	5.35834	0.325755	11.3425	5.35834	0
-11.3739	5.36915	0.332735	-11.3739	5.36915	0
-10.2999	5.32728	0.309438	-10.2999	5.32728	0
-9.2142	5.36044	0.314342	-9.2142	5.36044	0
-8.23115	5.34982	0.323149	-8.23115	5.34982	0
-7.24565	5.37847	0.309795	-7.24565	5.37847	0
-6.25882	5.34698	0.293734	-6.25882	5.34698	0
-5.21932	5.35859	0.330314	-5.21932	5.35859	0
-4.17443	5.34447	0.324568	-4.17443	5.34447	0
-3.09209	5.46453	0.316639	-3.09209	5.46453	0
-2.06048	5.42783	0.3034	-2.06048	5.42783	0
-1.05236	5.42663	0.323233	-1.05236	5.42663	0
-0.0101754	6.52864	0.301006	-0.0101754	6.52864	0
1.04989	6.47549	0.340285	1.04989	6.47549	0
2.08267	6.43871	0.319278	2.08267	6.43871	0
3.0917	6.32415	0.340364	3.0917	6.32415	0
4.19214	6.35753	0.326982	4.19214	6.35753	0
5.2666	6.4092	0.343367	5.2666	6.4092	0
6.27106	6.40826	0.329521	6.27106	6.40826	0
7.32286	6.39589	0.324754	7.32286	6.39589	0
8.36596	6.47332	0.344206	8.36596	6.47332	0
9.32136	6.44455	0.321486	9.32136	6.44455	0
10.3262	6.46263	0.326379	10.3262	6.46263	0
11.3948	6.43667	0.323195	11.3948	6.43667	0
-11.3888	6.41045	0.303735	-11.3888	6.41045	0
-10.3552	6.34572	0.325524	-10.3552	6.34572	0
-9.32323	6.30812	0.352435	-9.32323	6.30812	0
-8.27502	6.36487	0.321183	-8.27502	6.36487	0
-7.18879	6.45916	0.326673	-7.18879	6.45916	0
-6.21745	6.43907	0.317563	-6.21745	6.43907	0
-5.22487	6.46115	0.324231	-5.22487	6.46115	0
-4.17229	6.43819	0.307452	-4.17229	6.43819	0
-3.1421	6.47573	0.318801	-3.1421	6.47573	0
-2.10204	6.43324	0.302987	-2.10204	6.43324	0
-1.06667	6.4909	0.307748	-1.06667	6.4909	0
-0.00193241	7.51344	0.322038	-0.00193241	7.51344	0
0.981999	7.46756	0.337588	0.981999	7.46756	0
2.06489	7.46147	0.320914	2.06489	7.46147	0
3.12266	7.40559	0.329021	3.12266	7.40559	0
4.15223	7.35683	0.327893	4.15223	7.35683	0
5.224	7.41606	0.316386	5.224	7.41606	0
6.21897	7.4474	0.329877	6.21897	7.4474	0
7.2415	7.40927	0.336455	7.2415	7.40927	0
8.23873	7.49699	0.328294	8.23873	7.49699	0
9.28907	7.44824	0.304833	9.28907	7.44824	0
10.3167	7.45011	0.267129	10.3167	7.45011	0
11.4026	7.49186	0.300599	11.4026	7.49186	0
-11.3546	7.41606	0.291868	-11.3546	7.41606	0
-10.3094	7.36245	0.303627	-10.3094	7.36245	0
-9.30786	7.43259	0.331081	-9.30786	7.43259	0
-8.2936	7.47975	0.314288	-8.2936	7.47975	0
-7.26117	7.48231	0.320804	-7.26117	7.48231	0
-6.22384	7.43551	0.320266	-6.22384	7.43551	0
-5.20175	7.48227	0.316991	-5.20175	7.48227	0
-4.12454	7.46358	0.319471	-4.12454	7.46358	0
-3.10178	7.4956	0.352681	-3.10178	7.4956	0
-2.08023	7.50379	0.312406	-2.08023	7.50379	0
-1.06157	7.51925	0.326568	-1.06157	7.51925	0
0.0363034	8.54999	0.291443	0.0363034	8.54999	0
1.08662	8.53369	0.355156	1.08662	8.53369	0
2.0565	8.46365	0.312762	2.0565	8.46365	0
3.16405	8.47616	0.338145	3.16405	8.47616	0
4.15417	8.46221	0.287459	4.15417	8.46221	0
5.18771	8.45495	0.324221	5.18771	8.45495	0
6.18629	8.53197	0.336909	6.18629	8.53197	0
7.21712	8.49242	0.311304	7.21712	8.49242	0
8.2303	8.50994	0.327182	8.2303	8.50994	0
9.26363	8.51392	0.319045	9.26363	8.51392	0
10.3165	8.45928	0.322591	10.3165	8.45928	0
11.3344	8.4751	0.3177	11.3344	8.4751	0
-11.3031	8.43487	0.332079	-11.3031	8.43487	0
-10.3154	8.35429	0.320613	-10.3154	8.35429	0
-9.28574	8.44799	0.316612	-9.28574	8.44799	0
-8.25077	8.50412	0.299631	-8.25077	8.50412	0
-7.24502	8.57425	0.326634	-7.24502	8.57425	0
-6.2039	8.47078	0.325401	-6.2039	8.47078	0
-5.15434	8.488	0.311733	-5.15434	8.488	0
-4.11292	8.5117	0.321932	-4.11292	8.5117	0
-3.05583	8.59955	0.309511	-3.05583	8.59955	0
-2.06027	8.52313	0.32607	-2.06027	8.52313	0
-1.00926	8.51351	0.338015	-1.00926	8.51351	0
-0.0436909	9.57653	0.320635	-0.0436909	9.57653	0
1.0186	9.57169	0.318482	1.0186	9.57169	0
2.10356	9.50334	0.34575	2.10356	9.50334	0
3.08264	9.47631	0.31697	3.08264	9.47631	0
4.13607	9.45001	0.32452	4.13607	9.45001	0
5.18105	9.4878	0.301165	5.18105	9.4878	0
6.17888	9.51156	0.292723	6.17888	9.51156	0
7.24773	9.49016	0.334112	7.24773	9.49016	0
8.29194	9.6032	0.321638	8.29194	9.6032	0
9.34514	9.52497	0.307533	9.34514	9.52497	0
10.3302	9.46128	0.320543	10.3302	9.46128	0
11.3625	9.46296	0.312614	11.3625	9.46296	0
-11.3392	9.52182	0.310597	-11.3392	9.52182	0
-10.3509	9.42359	0.314762	-10.3509	9.42359	0
-9.3655	9.45504	0.306174	-9.3655	9.45504	0
-8.28461	9.54167	0.303438	-8.28461	9.54167	0
-7.20569	9.54827	0.320038	-7.20569	9.54827	0
-6.21275	9.55883	0.343328	-6.21275	9.55883	0
-5.16769	9.49778	0.350548	-5.16769	9.49778	0
-4.15674	9.54404	0.287843	-4.15674	9.54404	0
-3.08005	9.57043	0.307398	-3.08005	9.57043	0
-2.09906	9.60893	0.345696	-2.09906	9.60893	0
-1.05932	9.63947	0.328681	-1.05932	9.63947	0
0.0126039	10.6024	0.326464	0.0126039	10.6024	0
1.0409	10.5967	0.3499	1.0409	10.5967	0
2.07524	10.5812	0.307154	2.07524	10.5812	0
3.05773	10.5907	0.30768	3.05773	10.5907	0
4.10786	10.5445	0.338019	4.10786	10.5445	0
5.1811	10.5825	0.294705	5.1811	10.5825	0
6.22053	10.5328	0.317884	6.22053	10.5328	0
7.25231	10.5876	0.3119	7.25231	10.5876	0
8.26169	10.5673	0.298807	8.26169	10.5673	0
9.28852	10.5431	0.326667	9.28852	10.5431	0
10.3182	10.5345	0.32376	10.3182	10.5345	0
11.3297	10.5127	0.303805	11.3297	10.5127	0
-11.4095	10.5529	0.32469	-11.4095	10.5529	0
-10.3884	10.4625	0.33808	-10.3884	10.4625	0
-9.29902	10.5264	0.291968	-9.29902	10.5264	0
-8.27145	10.5797	0.337822	-8.27145	10.5797	0
-7.2191	10.6086	0.333282	-7.2191	10.6086	0
-6.15729	10.6063	0.31765	-6.15729	10.6063	0
-5.14454	10.5848	0.337929	-5.14454	10.5848	0
-4.13012	10.557	0.318861	-4.13012	10.557	0
-3.09543	10.6131	0.276525	-3.09543	10.6131	0
-2.05159	10.623	0.31252	-2.05159	10.623	0
-0.989014	10.654	0.332971	-0.989014	10.654	0
0.0482536	11.7007	0.296351	0.0482536	11.7007	0
1.07718	11.5935	0.318806	1.07718	11.5935	0
2.04484	11.5791	0.313536	2.04484	11.5791	0
3.09809	11.6216	0.32536	3.09809	11.6216	0
4.13703	11.6042	0.308041	4.13703	11.6042	0
5.16085	11.6156	0.315116	5.16085	11.6156	0
6.2072	11.5824	0.322124	6.2072	11.5824	0
7.23376	11.6126	0.345388	7.23376	11.6126	0
8.26252	11.6035	0.321707	8.26252	11.6035	0
9.27942	11.6029	0.324587	9.27942	11.6029	0
10.3173	11.5515	0.308352	10.3173	11.5515	0
11.3588	11.5571	0.299898	11.3588	11.5571	0
-11.3867	11.5094	0.28231	-11.3867	11.5094	0
-10.3672	11.5032	0.347719	-10.3672	11.5032	0
-9.30882	11.5861	0.315902	-9.30882	11.5861	0
-8.2489	11.5893	0.325384	-8.2489	11.5893	0
-7.24246	11.6668	0.307716	-7.24246	11.6668	0
-6.19556	11.6173	0.276101	-6.19556	11.6173	0
-5.15786	11.6001	0.318862	-5.15786	11.6001	0
-4.14545	11.6602	0.299872	-4.14545	11.6602	0
-3.15653	11.6295	0.339795	-3.15653	11.6295	0
-2.06101	11.658	0.335723	-2.06101	11.658	0
-0.989503	11.6318	0.29304	-0.989503	11.6318	0
-0.00262274	-11.1009	0.317153	-0.00262274	-11.1009	0
1.03784	-11.1567	0.332118	1.03784	-11.1567	0
2.0315	-11.1326	0.312109	2.0315	-11.1326	0
3.12223	-11.1507	0.334807	3.12223	-11.1507	0
4.17235	-11.1582	0.308961	4.17235	-11.1582	0
5.21481	-11.1666	0.287448	5.21481	-11.1666	0
6.18329	-11.1694	0.330966	6.18329	-11.1694	0
7.21968	-11.1618	0.318805	7.21968	-11.1618	0
8.24103	-11.1257	0.33633	8.24103	-11.1257	0
9.28426	-11.1558	0.321618	9.28426	-11.1558	0
10.3314	-11.2079	0.324353	10.3314	-11.2079	0
11.3283	-11.139	0.299948	11.3283	-11.139	0
-11.4423	-11.1631	0.315395	-11.4423	-11.1631	0
-10.3616	-11.2093	0.317149	-10.3616	-11.2093	0
-9.30071	-11.1631	0.343854	-9.30071	-11.1631	0
-8.31051	-11.1762	0.323772	-8.31051	-11.1762	0
-7.23503	-11.1203	0.304221	-7.23503	-11.1203	0
-6.18364	-11.0986	0.330436	-6.18364	-11.0986	0
-5.14451	-11.1208	0.323127	-5.14451	-11.1208	0
-4.13681	-11.1274	0.31612	-4.13681	-11.1274	0
-3.09172	-11.1012	0.318644	-3.09172	-11.1012	0
-2.10534	-11.1239	0.318575	-2.10534	-11.1239	0
-1.02136	-11.1067	0.329485	-1.02136	-11.1067	0
0.0728607	-10.0926	0.328207	0.0728607	-10.0926	0
1.08311	-10.0963	0.32015	1.08311	-10.0963	0
2.14756	-10.0808	0.301753	2.14756	-10.0808	0
3.13162	-10.0853	0.325131	3.13162	-10.0853	0
4.13767	-10.1632	0.313798	4.13767	-10.1632	0
5.16676	-10.125	0.297449	5.16676	-10.125	0
6.28799	-10.1178	0.316234	6.28799	-10.1178	0
7.26919	-10.1075	0.329194	7.26919	-10.1075	0
8.3259	-10.1146	0.330505	8.3259	-10.1146	0
9.34244	-10.1511	0.302023	9.34244	-10.1511	0
10.3337	-10.1802	0.326161	10.3337	-10.1802	0
11.3329	-10.1851	0.315489	11.3329	-10.1851	0
-11.3782	-10.1372	0.342209	-11.3782	-10.1372	0
-10.3341	-10.0798	0.330198	-10.3341	-10.0798	0
-9.28664	-10.1524	0.33644	-9.28664	-10.1524	0
-8.29648	-10.1889	0.330792	-8.29648	-10.1889	0
-7.23782	-10.1303	0.296594	-7.23782	-10.1303	0
-6.20866	-10.0372	0.303506	-6.20866	-10.0372	0
-5.17473	-10.0726	0.352318	-5.17473	-10.0726	0
-4.10509	-10.061	0.315966	-4.10509	-10.061	0
-3.10802	-10.0554	0.297376	-3.10802	-10.0554	0
-2.04232	-10.0641	0.319771	-2.04232	-10.0641	0
-1.01262	-10.1104	0.334365	-1.01262	-10.1104	0
0.0737629	-9.08666	0.30476	0.0737629	-9.08666	0
1.08271	-9.07183	0.318657	1.08271	-9.07183	0
2.14757	-9.1053	0.325823	2.14757	-9.1053	0
3.09367	-9.07691	0.32998	3.09367	-9.07691	0
4.21966	-9.1524	0.327127	4.21966	-9.1524	0
5.21664	-9.06273	0.339956	5.21664	-9.06273	0
6.194	-9.03309	0.317389	6.194	-9.03309	0
7.21052	-9.07791	0.313018	7.21052	-9.07791	0
8.2276	-9.11634	0.330401	8.2276	-9.11634	0
9.27276	-9.11018	0.32319	9.27276	-9.11018	0
10.3461	-9.1374	0.333482	10.3461	-9.1374	0
11.3672	-9.10297	0.300436	11.3672	-9.10297	0
-11.3993	-9.08732	0.28559	-11.3993	-9.08732	0
-10.3334	-9.12637	0.299043	-10.3334	-9.12637	0
-9.29972	-9.10915	0.33919	-9.29972	-9.10915	0
-8.24731	-9.06653	0.339931	-8.24731	-9.06653	0
-7.23949	-9.04743	0.338936	-7.23949	-9.04743	0
-6.24721	-9.05677	0.316689	-6.24721	-9.05677	0
-5.22073	-9.02433	0.320939	-5.22073	-9.02433	0
-4.15142	-9.03972	0.323995	-4.15142	-9.03972	0
-3.10122	-9.03824	0.29814	-3.10122	-9.03824	0
-2.12173	-9.0511	0.34469	-2.12173	-9.0511	0
-1.04451	-9.10815	0.304451	-1.04451	-9.10815	0
0.0153845	-8.03449	0.343365	0.0153845	-8.03449	0
1.08374	-8.00518	0.321483	1.08374	-8.00518	0
2.09204	-8.05994	0.322746	2.09204	-8.05994	0
3.11418	-8.02323	0.318561	3.11418	-8.02323	0
4.11372	-8.06088	0.29651	4.11372	-8.06088	0
5.1982	-8.09294	0.330909	5.1982	-8.09294	0
6.19522	-8.01935	0.318967	6.19522	-8.01935	0
7.17803	-8.01813	0.31337	7.17803	-8.01813	0
8.2476	-8.04336	0.33283	8.2476	-8.04336	0
9.27564	-8.06319	0.306071	9.27564	-8.06319	0
10.2926	-8.09136	0.305163	10.2926	-8.09136	0
11.3297	-8.0685	0.322008	11.3297	-8.0685	0
-11.424	-8.06814	0.335786	-11.424	-8.06814	0
-10.314	-8.05601	0.29896	-10.314	-8.05601	0
-9.28149	-8.05962	0.275312	-9.28149	-8.05962	0
-8.24936	-8.04569	0.327045	-8.24936	-8.04569	0
-7.19831	-8.01454	0.312169	-7.19831	-8.01454	0
-6.20246	-7.9608	0.31234	-6.20246	-7.9608	0
-5.18045	-8.00193	0.345707	-5.18045	-8.00193	0
-4.11129	-8.00918	0.32929	-4.11129	-8.00918	0
-3.08038	-7.98331	0.346766	-3.08038	-7.98331	0
-2.01743	-8.04543	0.333868	-2.01743	-8.04543	0
-0.958262	-8.04761	0.313215	-0.958262	-8.04761	0
0.0518418	-7.01496	0.337107	0.0518418	-7.01496	0
1.0912	-7.02155	0.325343	1.0912	-7.02155	0
2.10132	-7.02146	0.332689	2.10132	-7.02146	0
3.12828	-7.01956	0.340086	3.12828	-7.01956	0
4.11989	-7.00822	0.24945	4.11989	-7.00822	0
5.11285	-7.07148	0.314902	5.11285	-7.07148	0
6.16332	-6.92889	0.342423	6.16332	-6.92889	0
7.166	-6.99554	0.326528	7.166	-6.99554	0
8.23932	-7.00489	0.321897	8.23932	-7.00489	0
9.29003	-7.03561	0.324332	9.29003	-7.03561	0
10.3125	-7.06125	0.298561	10.3125	-7.06125	0
11.366	-7.00607	0.334194	11.366	-7.00607	0
-11.3344	-7.03862	0.314152	-11.3344	-7.03862	0
-10.3253	-7.02856	0.32475	-10.3253	-7.02856	0
-9.28114	-7.01101	0.333919	-9.28114	-7.01101	0
-8.2979	-6.99456	0.317432	-8.2979	-6.99456	0
-7.20949	-7.01742	0.306032	-7.20949	-7.01742	0
-6.21421	-6.9302	0.299176	-6.21421	-6.9302	0
-5.11924	-6.93616	0.331241	-5.11924	-6.93616	0
-4.04621	-6.99545	0.340666	-4.04621	-6.99545	0
-3.04749	-6.95198	0.326191	-3.04749	-6.95198	0
-2.00421	-6.948	0.337795	-2.00421	-6.948	0
-0.989408	-7.01102	0.293986	-0.989408	-7.01102	0
0.0269437	-5.9937	0.297432	0.0269437	-5.9937	0
1.10252	-5.9739	0.319815	1.10252	-5.9739	0
2.10985	-5.95416	0.321821	2.10985	-5.95416	0
3.14801	-5.98683	0.316145	3.14801	-5.98683	0
4.1799	-5.96333	0.315918	4.1799	-5.96333	0
5.18711	-5.95882	0.351406	5.18711	-5.95882	0
6.2009	-5.92544	0.295457	6.2009	-5.92544	0
7.27119	-5.97893	0.306365	7.27119	-5.97893	0
8.23849	-6.06383	0.284922	8.23849	-6.06383	0
9.23267	-5.96593	0.322652	9.23267	-5.96593	0
10.3369	-6.01227	0.314604	10.3369	-6.01227	0
11.3552	-5.97958	0.30349	11.3552	-5.97958	0
-11.4103	-6.02701	0.289713	-11.4103	-6.02701	0
-10.3241	-5.96572	0.32172	-10.3241	-5.96572	0
-9.2281	-5.90414	0.34284	-9.2281	-5.90414	0
-8.25317	-5.96314	0.345691	-8.25317	-5.96314	0
-7.19859	-5.96245	0.338298	-7.19859	-5.96245	0
-6.20023	-5.89645	0.321855	-6.20023	-5.89645	0
-5.1759	-5.89726	0.304551	-5.1759	-5.89726	0
-4.09708	-5.97698	0.31171	-4.09708	-5.97698	0
-3.05872	-5.9426	0.318063	-3.05872	-5.9426	0
-2.04149	-5.9056	0.299002	-2.04149	-5.9056	0
-1.02296	-6.003	0.311709	-1.02296	-6.003	0
-0.000293416	-5.00576	0.308092	-0.000293416	-5.00576	0
1.05404	-4.91749	0.341339	1.05404	-4.91749	0
2.1176	-4.9986	0.337594	2.1176	-4.9986	0
3.15524	-4.96206	0.333858	3.15524	-4.96206	0
4.17278	-4.876	0.299486	4.17278	-4.876	0
5.19312	-4.92698	0.34231	5.19312	-4.92698	0
6.24058	-4.87487	0.320376	6.24058	-4.87487	0
7.22559	-4.9488	0.310801	7.22559	-4.9488	0
8.27705	-4.94008	0.327162	8.27705	-4.94008	0
9.29606	-4.88377	0.327031	9.29606	-4.88377	0
10.292	-4.9132	0.311876	10.292	-4.9132	0
11.3114	-4.90615	0.304674	11.3114	-4.90615	0
-11.4273	-4.94684	0.323642	-11.4273	-4.94684	0
-10.3323	-4.93706	0.332374	-10.3323	-4.93706	0
-9.31365	-4.88386	0.332707	-9.31365	-4.88386	0
-8.32124	-4.91515	0.323757	-8.32124	-4.91515	0
-7.23694	-4.93377	0.346132	-7.23694	-4.93377	0
-6.1794	-4.89927	0.324049	-6.1794	-4.89927	0
-5.11941	-4.94334	0.314722	-5.11941	-4.94334	0
-4.09072	-4.97242	0.349405	-4.09072	-4.97242	0
-3.09007	-4.86986	0.305064	-3.09007	-4.86986	0
-2.01058	-4.90355	0.314353	-2.01058	-4.90355	0
-0.982203	-4.92535	0.331332	-0.982203	-4.92535	0
0.0552275	-3.93843	0.326322	0.0552275	-3.93843	0
1.05652	-3.92908	0.317984	1.05652	-3.92908	0
2.07029	-3.92437	0.318207	2.07029	-3.92437	0
3.10872	-3.90277	0.29481	3.10872	-3.90277	0
4.1758	-3.86007	0.326018	4.1758	-3.86007	0
5.17775	-3.89645	0.319738	5.17775	-3.89645	0
6.18856	-3.89528	0.272321	6.18856	-3.89528	0
7.21402	-3.89483	0.287535	7.21402	-3.89483	0
8.26607	-3.85181	0.325544	8.26607	-3.85181	0
9.21759	-3.85288	0.327013	9.21759	-3.85288	0
10.2643	-3.87071	0.321089	10.2643	-3.87071	0
11.3466	-3.85285	0.297193	11.3466	-3.85285	0
-11.4473	-3.96222	0.331887	-11.4473	-3.96222	0
-10.3894	-3.92435	0.300173	-10.3894	-3.92435	0
-9.32901	-3.92864	0.32705	-9.32901	-3.92864	0
-8.25392	-3.94757	0.340907	-8.25392	-3.94757	0
-7.26754	-3.87742	0.316573	-7.26754	-3.87742	0
-6.2699	-3.87116	0.302544	-6.2699	-3.87116	0
-5.2233	-3.90979	0.348398	-5.2233	-3.90979	0
-4.1358	-3.94443	0.309702	-4.1358	-3.94443	0
-3.0831	-3.89906	0.312603	-3.0831	-3.89906	0
-2.06764	-3.87643	0.328429	-2.06764	-3.87643	0
-1.0137	-3.90034	0.342308	-1.0137	-3.90034	0
0.0450964	-2.82917	0.337196	0.0450964	-2.82917	0
1.07797	-2.82239	0.315405	1.07797	-2.82239	0
2.04346	-2.86932	0.301386	2.04346	-2.86932	0
3.12376	-2.86794	0.337207	3.12376	-2.86794	0
4.11031	-2.84341	0.328547	4.11031	-2.84341	0
5.1459	-2.88923	0.335256	5.1459	-2.88923	0
6.13607	-2.849	0.323178	6.13607	-2.849	0
7.20017	-2.84121	0.316172	7.20017	-2.84121	0
8.24612	-2.84089	0.323568	8.24612	-2.84089	0
9.31707	-2.83124	0.309124	9.31707	-2.83124	0
10.3423	-2.86152	0.319887	10.3423	-2.86152	0
11.3399	-2.7997	0.315992	11.3399	-2.7997	0
-11.4252	-2.87487	0.314298	-11.4252	-2.87487	0
-10.3591	-2.92956	0.322572	-10.3591	-2.92956	0
-9.32431	-2.90823	0.303045	-9.32431	-2.90823	0
-8.31055	-2.95598	0.301196	-8.31055	-2.95598	0
-7.27636	-2.88137	0.31937	-7.27636	-2.88137	0
-6.23042	-2.81215	0.320461	-6.23042	-2.81215	0
-5.19137	-2.87064	0.315989	-5.19137	-2.87064	0
-4.12609	-2.90894	0.329283	-4.12609	-2.90894	0
-3.09097	-2.86737	0.337016	-3.09097	-2.86737	0
-2.0373	-2.89229	0.307084	-2.0373	-2.89229	0
-0.986569	-2.83027	0.280169	-0.986569	-2.83027	0
0.0467687	-1.80248	0.294335	0.0467687	-1.80248	0
1.10996	-1.83592	0.328812	1.10996	-1.83592	0
2.09286	-1.89592	0.311597	2.09286	-1.89592	0
3.05615	-1.88912	0.30017	3.05615	-1.88912	0
4.02791	-1.84236	0.306772	4.02791	-1.84236	0
5.14184	-1.83641	0.331661	5.14184	-1.83641	0
6.12496	-1.8051	0.336092	6.12496	-1.8051	0
7.24134	-1.84588	0.300139	7.24134	-1.84588	0
8.25824	-1.79451	0.308676	8.25824	-1.79451	0
9.35355	-1.83096	0.318958	9.35355	-1.83096	0
10.3643	-1.8007	0.336123	10.3643	-1.8007	0
11.3796	-1.80533	0.303259	11.3796	-1.80533	0
-11.3731	-1.87277	0.350238	-11.3731	-1.87277	0
-10.3649	-1.84652	0.298658	-10.3649	-1.84652	0
-9.2806	-1.88281	0.326656	-9.2806	-1.88281	0
-8.26631	-1.91475	0.337704	-8.26631	-1.91475	0
-7.22891	-1.85708	0.306191	-7.22891	-1.85708	0
-6.23433	-1.8258	0.32766	-6.23433	-1.8258	0
-5.12925	-1.79996	0.31771	-5.12925	-1.79996	0
-4.064	-1.85667	0.318156	-4.064	-1.85667	0
-3.06691	-1.82802	0.300205	-3.06691	-1.82802	0
-2.03006	-1.83082	0.332269	-2.03006	-1.83082	0
-1.01029	-1.84502	0.325531	-1.01029	-1.84502	0
0.00475561	-0.758248	0.338494	0.00475561	-0.758248	0
1.01759	-0.823101	0.329837	1.01759	-0.823101	0
2.07639	-0.874139	0.350813	2.07639	-0.874139	0
3.07119	-0.849686	0.327829	3.07119	-0.849686	0
4.15985	-0.806548	0.321057	4.15985	-0.806548	0
5.16075	-0.780786	0.295019	5.16075	-0.780786	0
6.17715	-0.76803	0.329623	6.17715	-0.76803	0
7.23369	-0.851947	0.300839	7.23369	-0.851947	0
8.3011	-0.780133	0.318348	8.3011	-0.780133	0
9.31096	-0.742393	0.328095	9.31096	-0.742393	0
10.3686	-0.782652	0.316011	10.3686	-0.782652	0
11.4244	-0.790066	0.315896	11.4244	-0.790066	0
-11.3318	-0.820946	0.334054	-11.3318	-0.820946	0
-10.3188	-0.830722	0.330158	-10.3188	-0.830722	0
-9.2929	-0.850037	0.311155	-9.2929	-0.850037	0
-8.27624	-0.866923	0.310388	-8.27624	-0.866923	0
-7.31024	-0.851062	0.321434	-7.31024	-0.851062	0
-6.18842	-0.784959	0.3121	-6.18842	-0.784959	0
-5.17492	-0.80961	0.318631	-5.17492	-0.80961	0
-4.12073	-0.867988	0.324157	-4.12073	-0.867988	0
-3.09719	-0.770356	0.276272	-3.09719	-0.770356	0
-2.06074	-0.799268	0.309401	-2.06074	-0.799268	0
-1.00465	-0.830932	0.322463	-1.00465	-0.830932	0
