-0.764125	-0.434676	-0.328199	-0.764125	-0.434676	0
0.290444	-0.44253	-0.317681	0.290444	-0.44253	0
1.29088	-0.457478	-0.340888	1.29088	-0.457478	0
2.35593	-0.402173	-0.322989	2.35593	-0.402173	0
3.41672	-0.419246	-0.325294	3.41672	-0.419246	0
4.46182	-0.460579	-0.323174	4.46182	-0.460579	0
5.54205	-0.387244	-0.307189	5.54205	-0.387244	0
6.5716	-0.40891	-0.300182	6.5716	-0.40891	0
7.58509	-0.407346	-0.308805	7.58509	-0.407346	0
8.6427	-0.427888	-0.313956	8.6427	-0.427888	0
9.65625	-0.452412	-0.325708	9.65625	-0.452412	0
10.6694	-0.405069	-0.301282	10.6694	-0.405069	0
11.691	-0.405189	-0.329115	11.691	-0.405189	0
-11.0415	-0.3777	-0.307045	-11.0415	-0.3777	0
-9.99592	-0.350773	-0.307846	-9.99592	-0.350773	0
-8.97694	-0.391334	-0.32372	-8.97694	-0.391334	0
-7.94665	-0.398811	-0.339747	-7.94665	-0.398811	0
-6.937	-0.408179	-0.333235	-6.937	-0.408179	0
-5.90165	-0.355161	-0.325152	-5.90165	-0.355161	0
-4.82067	-0.428418	-0.337741	-4.82067	-0.428418	0
-3.78117	-0.402419	-0.355812	-3.78117	-0.402419	0
-2.79597	-0.419007	-0.335146	-2.79597	-0.419007	0
-1.85436	-0.426958	-0.3351	-1.85436	-0.426958	0
-0.766669	0.601411	-0.320057	-0.766669	0.601411	0
0.251925	0.562783	-0.327139	0.251925	0.562783	0
1.26467	0.521056	-0.328415	1.26467	0.521056	0
2.30271	0.593813	-0.308617	2.30271	0.593813	0
3.38438	0.56219	-0.325434	3.38438	0.56219	0
4.45484	0.609905	-0.326912	4.45484	0.609905	0
5.51496	0.626263	-0.336843	5.51496	0.626263	0
6.51735	0.597882	-0.277658	6.51735	0.597882	0
7.56088	0.616025	-0.334773	7.56088	0.616025	0
8.62818	0.612756	-0.305503	8.62818	0.612756	0
9.64808	0.632828	-0.35236	9.64808	0.632828	0
10.7163	0.604072	-0.339448	10.7163	0.604072	0
11.7618	0.640366	-0.333801	11.7618	0.640366	0
-11.0241	0.659217	-0.301388	-11.0241	0.659217	0
-10.0228	0.651149	-0.299165	-10.0228	0.651149	0
-8.93098	0.718725	-0.310017	-8.93098	0.718725	0
-7.9438	0.664869	-0.338807	-7.9438	0.664869	0
-6.90458	0.662807	-0.314773	-6.90458	0.662807	0
-5.89895	0.610415	-0.321765	-5.89895	0.610415	0
-4.84061	0.578744	-0.287986	-4.84061	0.578744	0
-3.78849	0.61103	-0.280784	-3.78849	0.61103	0
-2.83733	0.601052	-0.297761	-2.83733	0.601052	0
-1.77581	0.647024	-0.314422	-1.77581	0.647024	0
-0.672438	1.61161	-0.289931	-0.672438	1.61161	0
0.326443	1.63167	-0.340742	0.326443	1.63167	0
1.30404	1.5449	-0.307152	1.30404	1.5449	0
2.35421	1.65494	-0.338043	2.35421	1.65494	0
3.35768	1.63831	-0.330085	3.35768	1.63831	0
4.44317	1.58198	-0.306535	4.44317	1.58198	0
5.5015	1.64855	-0.303062	5.5015	1.64855	0
6.48182	1.62648	-0.30227	6.48182	1.62648	0
7.62259	1.58238	-0.33382	7.62259	1.58238	0
8.61322	1.71898	-0.296622	8.61322	1.71898	0
9.61238	1.67602	-0.309523	9.61238	1.67602	0
10.7309	1.64906	-0.32605	10.7309	1.64906	0
11.74	1.64072	-0.318743	11.74	1.64072	0
-11.0553	1.71908	-0.325399	-11.0553	1.71908	0
-9.98105	1.6958	-0.342483	-9.98105	1.6958	0
-8.95944	1.71616	-0.298543	-8.95944	1.71616	0
-7.93474	1.69103	-0.301971	-7.93474	1.69103	0
-6.89788	1.67193	-0.315108	-6.89788	1.67193	0
-5.90247	1.68089	-0.326867	-5.90247	1.68089	0
-4.81985	1.66478	-0.310328	-4.81985	1.66478	0
-3.8237	1.64939	-0.322174	-3.8237	1.64939	0
-2.74608	1.6722	-0.297781	-2.74608	1.6722	0
-1.72631	1.65935	-0.309015	-1.72631	1.65935	0
-0.697998	2.67237	-0.288258	-0.697998	2.67237	0
0.339087	2.66833	-0.310399	0.339087	2.66833	0
1.37703	2.63732	-0.310011	1.37703	2.63732	0
2.37116	2.63871	-0.304687	2.37116	2.63871	0
3.38824	2.61947	-0.320662	3.38824	2.61947	0
4.44882	2.58088	-0.327064	4.44882	2.58088	0
5.48995	2.67982	-0.297473	5.48995	2.67982	0
6.58399	2.71617	-0.338369	6.58399	2.71617	0
7.59169	2.60564	-0.328258	7.59169	2.60564	0
8.62781	2.73759	-0.287549	8.62781	2.73759	0
9.66863	2.71419	-0.316521	9.66863	2.71419	0
10.7296	2.75024	-0.332815	10.7296	2.75024	0
11.7567	2.66879	-0.329093	11.7567	2.66879	0
-10.9528	2.74624	-0.316676	-10.9528	2.74624	0
-9.98749	2.75388	-0.315202	-9.98749	2.75388	0
-8.99995	2.73518	-0.337717	-8.99995	2.73518	0
-7.86661	2.76465	-0.32119	-7.86661	2.76465	0
-6.8711	2.75178	-0.319342	-6.8711	2.75178	0
-5.88201	2.7713	-0.2995	-5.88201	2.7713	0
-4.81357	2.75584	-0.33627	-4.81357	2.75584	0
-3.79346	2.74825	-0.319959	-3.79346	2.74825	0
-2.73914	2.71641	-0.31606	-2.73914	2.71641	0
-1.69003	2.63055	-0.32293	-1.69003	2.63055	0
-0.692512	3.73614	-0.323043	-0.692512	3.73614	0
0.376105	3.67844	-0.303952	0.376105	3.67844	0
1.39117	3.69204	-0.323755	1.39117	3.69204	0
2.46607	3.73367	-0.325085	2.46607	3.73367	0
3.46261	3.66045	-0.301139	3.46261	3.66045	0
4.41977	3.68701	-0.343025	4.41977	3.68701	0
5.44266	3.6954	-0.319269	5.44266	3.6954	0
6.55234	3.68952	-0.323376	6.55234	3.68952	0
7.67034	3.70006	-0.336094	7.67034	3.70006	0
8.61139	3.78655	-0.317777	8.61139	3.78655	0
9.64733	3.75991	-0.313333	9.64733	3.75991	0
10.7101	3.70795	-0.321363	10.7101	3.70795	0
11.7716	3.70852	-0.315234	11.7716	3.70852	0
-10.9838	3.73518	-0.319041	-10.9838	3.73518	0
-9.93203	3.83083	-0.318627	-9.93203	3.83083	0
-8.89712	3.72841	-0.307834	-8.89712	3.72841	0
-7.86864	3.79147	-0.329035	-7.86864	3.79147	0
-6.85955	3.79872	-0.30513	-6.85955	3.79872	0
-5.86441	3.76534	-0.318434	-5.86441	3.76534	0
-4.77854	3.75558	-0.317723	-4.77854	3.75558	0
-3.75481	3.78212	-0.333958	-3.75481	3.78212	0
-2.69914	3.74167	-0.333829	-2.69914	3.74167	0
-1.68978	3.72345	-0.293835	-1.68978	3.72345	0
-0.740938	4.76047	-0.313205	-0.740938	4.76047	0
0.321872	4.68917	-0.316795	0.321872	4.68917	0
1.36662	4.77454	-0.296246	1.36662	4.77454	0
2.42943	4.75564	-0.301849	2.42943	4.75564	0
3.46085	4.71149	-0.354523	3.46085	4.71149	0
4.49111	4.74257	-0.351672	4.49111	4.74257	0
5.44485	4.69428	-0.322383	5.44485	4.69428	0
6.50944	4.71336	-0.326972	6.50944	4.71336	0
7.5155	4.76513	-0.335465	7.5155	4.76513	0
8.59445	4.82444	-0.316047	8.59445	4.82444	0
9.6262	4.79492	-0.333494	9.6262	4.79492	0
10.7169	4.70799	-0.311895	10.7169	4.70799	0
11.7379	4.71758	-0.298461	11.7379	4.71758	0
-10.9881	4.80143	-0.338566	-10.9881	4.80143	0
-9.99972	4.76644	-0.310918	-9.99972	4.76644	0
-8.9177	4.80798	-0.320438	-8.9177	4.80798	0
-7.87652	4.80913	-0.316887	-7.87652	4.80913	0
-6.8573	4.80213	-0.321897	-6.8573	4.80213	0
-5.82708	4.83604	-0.337898	-5.82708	4.83604	0
-4.80023	4.78898	-0.291621	-4.80023	4.78898	0
-3.78253	4.83772	-0.311767	-3.78253	4.83772	0
-2.75705	4.74091	-0.273972	-2.75705	4.74091	0
-1.75715	4.76287	-0.347829	-1.75715	4.76287	0
-0.722142	5.7673	-0.347762	-0.722142	5.7673	0
0.33343	5.76064	-0.315832	0.33343	5.76064	0
1.38322	5.78234	-0.305526	1.38322	5.78234	0
2.4084	5.77362	-0.311578	2.4084	5.77362	0
3.43664	5.76581	-0.331508	3.43664	5.76581	0
4.49136	5.78672	-0.324552	4.49136	5.78672	0
5.49771	5.77245	-0.321263	5.49771	5.77245	0
6.47626	5.74179	-0.303247	6.47626	5.74179	0
7.5803	5.76797	-0.312602	7.5803	5.76797	0
8.59495	5.8379	-0.315289	8.59495	5.8379	0
9.64032	5.8095	-0.297916	9.64032	5.8095	0
10.6396	5.76788	-0.311251	10.6396	5.76788	0
11.7178	5.78476	-0.307911	11.7178	5.78476	0
-11.0172	5.77317	-0.343554	-11.0172	5.77317	0
-9.976	5.83445	-0.313923	-9.976	5.83445	0
-8.95793	5.83782	-0.316009	-8.95793	5.83782	0
-7.85613	5.85111	-0.324101	-7.85613	5.85111	0
-6.86523	5.85763	-0.298528	-6.86523	5.85763	0
-5.84144	5.87026	-0.314867	-5.84144	5.87026	0
-4.79967	5.84649	-0.300598	-4.79967	5.84649	0
-3.73026	5.83257	-0.302912	-3.73026	5.83257	0
-2.68728	5.81494	-0.333699	-2.68728	5.81494	0
-1.70707	5.81058	-0.318724	-1.70707	5.81058	0
-0.676572	6.78202	-0.333714	-0.676572	6.78202	0
0.395007	6.78759	-0.341486	0.395007	6.78759	0
1.45681	6.79577	-0.341847	1.45681	6.79577	0
2.40308	6.85691	-0.311743	2.40308	6.85691	0
3.50527	6.77598	-0.330908	3.50527	6.77598	0
4.58668	6.82266	-0.298611	4.58668	6.82266	0
5.57952	6.83009	-0.328816	5.57952	6.83009	0
6.58581	6.75571	-0.318295	6.58581	6.75571	0
7.63423	6.83851	-0.325713	7.63423	6.83851	0
8.71101	6.82449	-0.318169	8.71101	6.82449	0
9.69968	6.81379	-0.302876	9.69968	6.81379	0
10.7572	6.84212	-0.344329	10.7572	6.84212	0
11.7642	6.78113	-0.31471	11.7642	6.78113	0
-10.9871	6.8016	-0.336889	-10.9871	6.8016	0
-9.91766	6.86591	-0.329051	-9.91766	6.86591	0
-8.92227	6.84305	-0.315057	-8.92227	6.84305	0
-7.92773	6.87971	-0.311425	-7.92773	6.87971	0
-6.88763	6.9107	-0.317173	-6.88763	6.9107	0
-5.83193	6.86818	-0.331138	-5.83193	6.86818	0
-4.7998	6.88875	-0.328177	-4.7998	6.88875	0
-3.77054	6.88888	-0.30842	-3.77054	6.88888	0
-2.69792	6.83803	-0.330653	-2.69792	6.83803	0
-1.71384	6.84801	-0.327901	-1.71384	6.84801	0
-0.635775	7.85986	-0.310058	-0.635775	7.85986	0
0.43118	7.82801	-0.281028	0.43118	7.82801	0
1.41136	7.85501	-0.309886	1.41136	7.85501	0
2.47958	7.88039	-0.310314	2.47958	7.88039	0
3.53526	7.77997	-0.332283	3.53526	7.77997	0
4.55835	7.86398	-0.345483	4.55835	7.86398	0
5.566	7.8842	-0.323002	5.566	7.8842	0
6.57721	7.87194	-0.328876	6.57721	7.87194	0
7.61396	7.85783	-0.292447	7.61396	7.85783	0
8.68441	7.88803	-0.293878	8.68441	7.88803	0
9.70301	7.91494	-0.337315	9.70301	7.91494	0
10.7225	7.87831	-0.306343	10.7225	7.87831	0
11.7737	7.79022	-0.307032	11.7737	7.79022	0
-10.9868	7.87039	-0.31803	-10.9868	7.87039	0
-9.9998	7.94016	-0.325466	-9.9998	7.94016	0
-8.95608	7.8937	-0.309023	-8.95608	7.8937	0
-7.91231	7.92308	-0.342661	-7.91231	7.92308	0
-6.91769	7.9232	-0.26458	-6.91769	7.9232	0
-5.83848	7.94102	-0.3133	-5.83848	7.94102	0
-4.77861	7.93286	-0.341197	-4.77861	7.93286	0
-3.7823	7.88235	-0.339767	-3.7823	7.88235	0
-2.75501	7.86283	-0.296526	-2.75501	7.86283	0
-1.74558	7.8607	-0.340797	-1.74558	7.8607	0
-0.639987	8.9062	-0.304535	-0.639987	8.9062	0
0.388894	8.80724	-0.335568	0.388894	8.80724	0
1.44516	8.88497	-0.326027	1.44516	8.88497	0
2.45859	8.84791	-0.307141	2.45859	8.84791	0
3.51423	8.85464	-0.30561	3.51423	8.85464	0
4.55319	8.85038	-0.316836	4.55319	8.85038	0
5.57028	8.89615	-0.304437	5.57028	8.89615	0
6.60233	8.8648	-0.332113	6.60233	8.8648	0
7.61644	8.8752	-0.311767	7.61644	8.8752	0
8.67875	8.89327	-0.320207	8.67875	8.89327	0
9.73564	8.90838	-0.329784	9.73564	8.90838	0
10.725	8.88041	-0.297031	10.725	8.88041	0
11.7505	8.85683	-0.300386	11.7505	8.85683	0
-10.9925	8.91824	-0.321712	-10.9925	8.91824	0
-9.9387	8.9511	-0.325215	-9.9387	8.9511	0
-8.90861	8.94881	-0.292983	-8.90861	8.94881	0
-7.88976	8.92491	-0.310571	-7.88976	8.92491	0
-6.82723	8.96817	-0.302542	-6.82723	8.96817	0
-5.82192	8.95702	-0.318153	-5.82192	8.95702	0
-4.81648	8.94805	-0.303479	-4.81648	8.94805	0
-3.77568	8.89069	-0.312031	-3.77568	8.89069	0
-2.72749	8.92383	-0.31802	-2.72749	8.92383	0
-1.64634	8.94487	-0.311091	-1.64634	8.94487	0
-0.645216	9.87973	-0.312621	-0.645216	9.87973	0
0.40237	9.89998	-0.30988	0.40237	9.89998	0
1.37434	9.92349	-0.32083	1.37434	9.92349	0
2.45248	9.88827	-0.30121	2.45248	9.88827	0
3.49382	9.87381	-0.326626	3.49382	9.87381	0
4.5213	9.94156	-0.307452	4.5213	9.94156	0
5.6069	9.85047	-0.326165	5.6069	9.85047	0
6.6363	9.92069	-0.306634	6.6363	9.92069	0
7.69241	9.8641	-0.336843	7.69241	9.8641	0
8.72971	9.89178	-0.299256	8.72971	9.89178	0
9.76786	9.94064	-0.314057	9.76786	9.94064	0
10.7489	9.90819	-0.302059	10.7489	9.90819	0
11.7346	9.87365	-0.333796	11.7346	9.87365	0
-10.9874	9.87106	-0.304429	-10.9874	9.87106	0
-9.9812	9.97042	-0.302757	-9.9812	9.97042	0
-8.95046	9.9735	-0.298151	-8.95046	9.9735	0
-7.95422	9.99165	-0.305866	-7.95422	9.99165	0
-6.90517	10.0467	-0.319597	-6.90517	10.0467	0
-5.86646	10.0502	-0.299716	-5.86646	10.0502	0
-4.80977	10.0073	-0.313561	-4.80977	10.0073	0
-3.78556	9.97331	-0.321296	-3.78556	9.97331	0
-2.72007	9.95363	-0.322301	-2.72007	9.95363	0
-1.65353	9.94025	-0.311256	-1.65353	9.94025	0
-0.682574	10.9199	-0.325076	-0.682574	10.9199	0
0.374828	10.9121	-0.338817	0.374828	10.9121	0
1.46718	10.9574	-0.275301	1.46718	10.9574	0
2.46043	10.953	-0.286646	2.46043	10.953	0
3.47054	10.95	-0.337817	3.47054	10.95	0
4.60199	10.9614	-0.29849	4.60199	10.9614	0
5.62409	10.9829	-0.303353	5.62409	10.9829	0
6.62527	10.9795	-0.306655	6.62527	10.9795	0
7.69206	10.936	-0.342045	7.69206	10.936	0
8.75945	10.9801	-0.316044	8.75945	10.9801	0
9.77642	11.0438	-0.329354	9.77642	11.0438	0
10.7365	11.0075	-0.330779	10.7365	11.0075	0
11.7098	10.9619	-0.32804	11.7098	10.9619	0
-11.025	10.9345	-0.314496	-11.025	10.9345	0
-9.96137	10.961	-0.325767	-9.96137	10.961	0
-8.97405	11.0379	-0.321728	-8.97405	11.0379	0
-7.93805	11.037	-0.302181	-7.93805	11.037	0
-6.89137	11.0055	-0.320489	-6.89137	11.0055	0
-5.90906	10.9715	-0.34193	-5.90906	10.9715	0
-4.86834	11.0183	-0.299987	-4.86834	11.0183	0
-3.78281	11.0509	-0.299437	-3.78281	11.0509	0
-2.78724	10.9824	-0.312736	-2.78724	10.9824	0
-1.75612	10.9277	-0.333834	-1.75612	10.9277	0
-0.680391	-11.8503	-0.291618	-0.680391	-11.8503	0
0.295993	-11.8688	-0.302714	0.295993	-11.8688	0
1.42268	-11.778	-0.336907	1.42268	-11.778	0
2.52324	-11.8183	-0.313936	2.52324	-11.8183	0
3.56073	-11.8625	-0.315396	3.56073	-11.8625	0
4.59437	-11.8419	-0.293406	4.59437	-11.8419	0
5.60904	-11.776	-0.313021	5.60904	-11.776	0
6.7037	-11.7306	-0.327183	6.7037	-11.7306	0
7.71738	-11.7881	-0.346408	7.71738	-11.7881	0
8.71151	-11.7581	-0.331201	8.71151	-11.7581	0
9.78337	-11.6966	-0.309827	9.78337	-11.6966	0
10.7242	-11.7486	-0.300433	10.7242	-11.7486	0
11.7791	-11.7682	-0.305933	11.7791	-11.7682	0
-10.9962	-11.848	-0.290364	-10.9962	-11.848	0
-9.98122	-11.8018	-0.320591	-9.98122	-11.8018	0
-8.89227	-11.7776	-0.330829	-8.89227	-11.7776	0
-7.92278	-11.7594	-0.31707	-7.92278	-11.7594	0
-6.89653	-11.7692	-0.337969	-6.89653	-11.7692	0
-5.87384	-11.7086	-0.319541	-5.87384	-11.7086	0
-4.86715	-11.7768	-0.317092	-4.86715	-11.7768	0
-3.76759	-11.7247	-0.30097	-3.76759	-11.7247	0
-2.74766	-11.8162	-0.330518	-2.74766	-11.8162	0
-1.7163	-11.7425	-0.343984	-1.7163	-11.7425	0
-0.638099	-10.7995	-0.295048	-0.638099	-10.7995	0
0.377865	-10.8098	-0.319102	0.377865	-10.8098	0
1.40747	-10.7585	-0.322809	1.40747	-10.7585	0
2.47622	-10.7955	-0.328258	2.47622	-10.7955	0
3.51042	-10.8292	-0.331041	3.51042	-10.8292	0
4.55255	-10.7428	-0.324266	4.55255	-10.7428	0
5.61524	-10.8021	-0.31953	5.61524	-10.8021	0
6.6888	-10.6921	-0.284103	6.6888	-10.6921	0
7.68633	-10.6938	-0.337747	7.68633	-10.6938	0
8.71272	-10.7328	-0.342053	8.71272	-10.7328	0
9.67994	-10.7042	-0.299504	9.67994	-10.7042	0
10.7627	-10.6584	-0.319697	10.7627	-10.6584	0
11.7417	-10.7282	-0.292965	11.7417	-10.7282	0
-11.0356	-10.8248	-0.317747	-11.0356	-10.8248	0
-9.983	-10.7567	-0.334367	-9.983	-10.7567	0
-8.94599	-10.7307	-0.343441	-8.94599	-10.7307	0
-7.91854	-10.6723	-0.317628	-7.91854	-10.6723	0
-6.91148	-10.6648	-0.333832	-6.91148	-10.6648	0
-5.92411	-10.7013	-0.299438	-5.92411	-10.7013	0
-4.8382	-10.6978	-0.294073	-4.8382	-10.6978	0
-3.76762	-10.6922	-0.318304	-3.76762	-10.6922	0
-2.76138	-10.7066	-0.337082	-2.76138	-10.7066	0
-1.72577	-10.7376	-0.285476	-1.72577	-10.7376	0
-0.689295	-9.74929	-0.301282	-0.689295	-9.74929	0
0.372687	-9.7792	-0.337328	0.372687	-9.7792	0
1.39871	-9.72538	-0.318792	1.39871	-9.72538	0
2.48809	-9.7709	-0.335357	2.48809	-9.7709	0
3.52862	-9.79445	-0.327559	3.52862	-9.79445	0
4.53393	-9.77564	-0.329214	4.53393	-9.77564	0
5.63524	-9.71944	-0.311776	5.63524	-9.71944	0
6.66805	-9.7317	-0.327015	6.66805	-9.7317	0
7.69003	-9.69903	-0.301466	7.69003	-9.69903	0
8.67642	-9.70601	-0.341621	8.67642	-9.70601	0
9.75128	-9.70117	-0.308838	9.75128	-9.70117	0
10.7596	-9.65054	-0.281658	10.7596	-9.65054	0
11.8018	-9.69394	-0.318439	11.8018	-9.69394	0
-10.997	-9.76563	-0.316274	-10.997	-9.76563	0
-9.93925	-9.70811	-0.337854	-9.93925	-9.70811	0
-8.94104	-9.64662	-0.321044	-8.94104	-9.64662	0
-7.93256	-9.63149	-0.314102	-7.93256	-9.63149	0
-6.92597	-9.65688	-0.340863	-6.92597	-9.65688	0
-5.85014	-9.62783	-0.319026	-5.85014	-9.62783	0
-4.84072	-9.66383	-0.324038	-4.84072	-9.66383	0
-3.82221	-9.66611	-0.30409	-3.82221	-9.66611	0
-2.78432	-9.72681	-0.325659	-2.78432	-9.72681	0
-1.72986	-9.76813	-0.341856	-1.72986	-9.76813	0
-0.611967	-8.6635	-0.301692	-0.611967	-8.6635	0
0.405691	-8.68817	-0.293689	0.405691	-8.68817	0
1.41454	-8.70913	-0.313415	1.41454	-8.70913	0
2.40503	-8.77657	-0.302376	2.40503	-8.77657	0
3.52142	-8.71724	-0.336523	3.52142	-8.71724	0
4.51826	-8.70913	-0.316706	4.51826	-8.70913	0
5.56389	-8.67118	-0.312656	5.56389	-8.67118	0
6.59303	-8.68665	-0.310579	6.59303	-8.68665	0
7.61032	-8.65446	-0.351274	7.61032	-8.65446	0
8.61658	-8.64828	-0.326121	8.61658	-8.64828	0
9.74671	-8.64782	-0.292872	9.74671	-8.64782	0
10.7643	-8.67136	-0.30517	10.7643	-8.67136	0
11.7647	-8.65306	-0.316973	11.7647	-8.65306	0
-10.9673	-8.67495	-0.299686	-10.9673	-8.67495	0
-9.96129	-8.61294	-0.297436	-9.96129	-8.61294	0
-8.89829	-8.65334	-0.346948	-8.89829	-8.65334	0
-7.87748	-8.6316	-0.29548	-7.87748	-8.6316	0
-6.84379	-8.57218	-0.304893	-6.84379	-8.57218	0
-5.85411	-8.54536	-0.308489	-5.85411	-8.54536	0
-4.77211	-8.63725	-0.333668	-4.77211	-8.63725	0
-3.79804	-8.69075	-0.306908	-3.79804	-8.69075	0
-2.7265	-8.70722	-0.327026	-2.7265	-8.70722	0
-1.72709	-8.74476	-0.321802	-1.72709	-8.74476	0
-0.659424	-7.67114	-0.286177	-0.659424	-7.67114	0
0.345858	-7.68524	-0.293506	0.345858	-7.68524	0
1.43889	-7.6308	-0.30638	1.43889	-7.6308	0
2.46573	-7.72054	-0.320991	2.46573	-7.72054	0
3.47656	-7.68546	-0.307721	3.47656	-7.68546	0
4.52112	-7.70294	-0.320932	4.52112	-7.70294	0
5.51739	-7.692	-0.32753	5.51739	-7.692	0
6.59475	-7.64551	-0.320305	6.59475	-7.64551	0
7.61774	-7.60894	-0.286756	7.61774	-7.60894	0
8.64853	-7.61108	-0.328498	8.64853	-7.61108	0
9.68143	-7.59095	-0.335231	9.68143	-7.59095	0
10.7545	-7.64888	-0.338078	10.7545	-7.64888	0
11.8078	-7.63069	-0.334717	11.8078	-7.63069	0
-10.9636	-7.6454	-0.314932	-10.9636	-7.6454	0
-9.89949	-7.6251	-0.330965	-9.89949	-7.6251	0
-8.88058	-7.58171	-0.321283	-8.88058	-7.58171	0
-7.87384	-7.60141	-0.321041	-7.87384	-7.60141	0
-6.82287	-7.60326	-0.349453	-6.82287	-7.60326	0
-5.80155	-7.55239	-0.319957	-5.80155	-7.55239	0
-4.74368	-7.58374	-0.333362	-4.74368	-7.58374	0
-3.70793	-7.5953	-0.302087	-3.70793	-7.5953	0
-2.73892	-7.61182	-0.311896	-2.73892	-7.61182	0
-1.71829	-7.6978	-0.328252	-1.71829	-7.6978	0
-0.682997	-6.64948	-0.328902	-0.682997	-6.64948	0
0.368579	-6.62824	-0.325658	0.368579	-6.62824	0
1.38748	-6.64568	-0.31123	1.38748	-6.64568	0
2.47278	-6.71367	-0.301646	2.47278	-6.71367	0
3.51649	-6.65955	-0.32592	3.51649	-6.65955	0
4.55489	-6.63576	-0.325627	4.55489	-6.63576	0
5.59148	-6.67877	-0.329932	5.59148	-6.67877	0
6.61205	-6.64142	-0.355867	6.61205	-6.64142	0
7.63892	-6.58602	-0.323215	7.63892	-6.58602	0
8.66436	-6.64208	-0.32115	8.66436	-6.64208	0
9.71353	-6.5781	-0.305894	9.71353	-6.5781	0
10.772	-6.63527	-0.300886	10.772	-6.63527	0
11.7267	-6.61767	-0.325964	11.7267	-6.61767	0
-11.0063	-6.58493	-0.2982	-11.0063	-6.58493	0
-10.0074	-6.54442	-0.308144	-10.0074	-6.54442	0
-8.92114	-6.57423	-0.327491	-8.92114	-6.57423	0
-7.81045	-6.5355	-0.329805	-7.81045	-6.5355	0
-6.82637	-6.55766	-0.301394	-6.82637	-6.55766	0
-5.80467	-6.5248	-0.327631	-5.80467	-6.5248	0
-4.73503	-6.56611	-0.328413	-4.73503	-6.56611	0
-3.70308	-6.52323	-0.315832	-3.70308	-6.52323	0
-2.7096	-6.59688	-0.306008	-2.7096	-6.59688	0
-1.68852	-6.58962	-0.308538	-1.68852	-6.58962	0
-0.686516	-5.59926	-0.339906	-0.686516	-5.59926	0
0.348071	-5.63428	-0.326637	0.348071	-5.63428	0
1.48368	-5.62194	-0.276069	1.48368	-5.62194	0
2.50192	-5.69663	-0.33628	2.50192	-5.69663	0
3.5341	-5.62517	-0.314037	3.5341	-5.62517	0
4.52579	-5.62965	-0.315438	4.52579	-5.62965	0
5.56665	-5.61494	-0.329743	5.56665	-5.61494	0
6.59723	-5.56555	-0.332201	6.59723	-5.56555	0
7.65331	-5.58584	-0.322296	7.65331	-5.58584	0
8.65554	-5.59548	-0.322044	8.65554	-5.59548	0
9.66176	-5.55241	-0.31778	9.66176	-5.55241	0
10.7169	-5.57198	-0.321146	10.7169	-5.57198	0
11.7612	-5.54049	-0.336479	11.7612	-5.54049	0
-11.0523	-5.54654	-0.2977	-11.0523	-5.54654	0
-9.96501	-5.49083	-0.317412	-9.96501	-5.49083	0
-8.95429	-5.53747	-0.299901	-8.95429	-5.53747	0
-7.93346	-5.50879	-0.318547	-7.93346	-5.50879	0
-6.83138	-5.53972	-0.328909	-6.83138	-5.53972	0
-5.80274	-5.49004	-0.334299	-5.80274	-5.49004	0
-4.80529	-5.55511	-0.317089	-4.80529	-5.55511	0
-3.70495	-5.57302	-0.321297	-3.70495	-5.57302	0
-2.72376	-5.5661	-0.331093	-2.72376	-5.5661	0
-1.72951	-5.53105	-0.299852	-1.72951	-5.53105	0
-0.683739	-4.55856	-0.329235	-0.683739	-4.55856	0
0.364531	-4.59621	-0.322372	0.364531	-4.59621	0
1.43643	-4.61691	-0.298514	1.43643	-4.61691	0
2.46848	-4.52657	-0.315713	2.46848	-4.52657	0
3.47022	-4.57083	-0.312426	3.47022	-4.57083	0
4.52894	-4.55496	-0.299488	4.52894	-4.55496	0
5.51912	-4.57046	-0.291956	5.51912	-4.57046	0
6.52067	-4.58635	-0.307034	6.52067	-4.58635	0
7.63938	-4.55784	-0.323837	7.63938	-4.55784	0
8.63729	-4.53596	-0.309809	8.63729	-4.53596	0
9.63271	-4.53946	-0.31057	9.63271	-4.53946	0
10.6924	-4.54782	-0.352612	10.6924	-4.54782	0
11.7061	-4.50625	-0.275875	11.7061	-4.50625	0
-11.0098	-4.52554	-0.311191	-11.0098	-4.52554	0
-10.0799	-4.46261	-0.313598	-10.0799	-4.46261	0
-8.9747	-4.50557	-0.340462	-8.9747	-4.50557	0
-7.89296	-4.48161	-0.312896	-7.89296	-4.48161	0
-6.87798	-4.47104	-0.284974	-6.87798	-4.47104	0
-5.8554	-4.47922	-0.339003	-5.8554	-4.47922	0
-4.78248	-4.51874	-0.337779	-4.78248	-4.51874	0
-3.74533	-4.54974	-0.342477	-3.74533	-4.54974	0
-2.67492	-4.55959	-0.326602	-2.67492	-4.55959	0
-1.67652	-4.52426	-0.323114	-1.67652	-4.52426	0
-0.655016	-3.53274	-0.345698	-0.655016	-3.53274	0
0.410648	-3.55588	-0.31238	0.410648	-3.55588	0
1.40994	-3.52092	-0.311469	1.40994	-3.52092	0
2.44787	-3.50117	-0.32732	2.44787	-3.50117	0
3.44251	-3.52319	-0.286698	3.44251	-3.52319	0
4.48867	-3.48871	-0.321391	4.48867	-3.48871	0
5.52648	-3.52951	-0.318167	5.52648	-3.52951	0
6.53699	-3.53155	-0.311476	6.53699	-3.53155	0
7.61333	-3.53423	-0.314923	7.61333	-3.53423	0
8.66564	-3.55692	-0.336365	8.66564	-3.55692	0
9.66996	-3.52083	-0.322632	9.66996	-3.52083	0
10.6768	-3.5438	-0.333144	10.6768	-3.5438	0
11.6655	-3.46809	-0.325079	11.6655	-3.46809	0
-11.0146	-3.51794	-0.32339	-11.0146	-3.51794	0
-9.9562	-3.42464	-0.323141	-9.9562	-3.42464	0
-8.97346	-3.45759	-0.303029	-8.97346	-3.45759	0
-7.93852	-3.48209	-0.312471	-7.93852	-3.48209	0
-6.90085	-3.45668	-0.334389	-6.90085	-3.45668	0
-5.83688	-3.45386	-0.293394	-5.83688	-3.45386	0
-4.82567	-3.52624	-0.324547	-4.82567	-3.52624	0
-3.78747	-3.44209	-0.3265	-3.78747	-3.44209	0
-2.77145	-3.4691	-0.305523	-2.77145	-3.4691	0
-1.67305	-3.54596	-0.332778	-1.67305	-3.54596	0
-0.65857	-2.47214	-0.320566	-0.65857	-2.47214	0
0.379939	-2.55183	-0.325709	0.379939	-2.55183	0
1.3885	-2.47944	-0.315352	1.3885	-2.47944	0
2.37047	-2.40508	-0.326118	2.37047	-2.40508	0
3.46498	-2.46795	-0.341313	3.46498	-2.46795	0
4.51396	-2.47894	-0.313498	4.51396	-2.47894	0
5.55787	-2.49879	-0.317079	5.55787	-2.49879	0
6.552	-2.50748	-0.311657	6.552	-2.50748	0
7.61427	-2.46685	-0.315787	7.61427	-2.46685	0
8.59409	-2.46151	-0.294851	8.59409	-2.46151	0
9.61488	-2.50913	-0.337485	9.61488	-2.50913	0
10.6737	-2.50232	-0.321739	10.6737	-2.50232	0
11.7032	-2.47391	-0.294104	11.7032	-2.47391	0
-11.0478	-2.50478	-0.313048	-11.0478	-2.50478	0
-9.98585	-2.44521	-0.326148	-9.98585	-2.44521	0
-8.92385	-2.439	-0.303374	-8.92385	-2.439	0
-7.89589	-2.45598	-0.324639	-7.89589	-2.45598	0
-6.87084	-2.39346	-0.317837	-6.87084	-2.39346	0
-5.845	-2.3749	-0.315222	-5.845	-2.3749	0
-4.83962	-2.46548	-0.314011	-4.83962	-2.46548	0
-3.79944	-2.46447	-0.346562	-3.79944	-2.46447	0
-2.7203	-2.52943	-0.318475	-2.7203	-2.52943	0
-1.65717	-2.52053	-0.317403	-1.65717	-2.52053	0
-0.658583	-1.43959	-0.309803	-0.658583	-1.43959	0
0.340157	-1.48105	-0.338227	0.340157	-1.48105	0
1.3363	-1.48799	-0.322316	1.3363	-1.48799	0
2.39309	-1.43352	-0.330725	2.39309	-1.43352	0
3.41606	-1.38232	-0.326353	3.41606	-1.38232	0
4.5089	-1.43253	-0.296336	4.5089	-1.43253	0
5.50009	-1.40838	-0.294946	5.50009	-1.40838	0
6.54469	-1.49068	-0.322637	6.54469	-1.49068	0
7.5935	-1.45765	-0.330164	7.5935	-1.45765	0
8.61075	-1.47141	-0.327444	8.61075	-1.47141	0
9.66843	-1.44847	-0.327534	9.66843	-1.44847	0
10.6322	-1.46435	-0.326794	10.6322	-1.46435	0
11.6707	-1.48163	-0.309489	11.6707	-1.48163	0
-11.0734	-1.47453	-0.335591	-11.0734	-1.47453	0
-10.0144	-1.43351	-0.294117	-10.0144	-1.43351	0
-8.92339	-1.4069	-0.312741	-8.92339	-1.4069	0
-7.89244	-1.4465	-0.326067	-7.89244	-1.4465	0
-6.82935	-1.41456	-0.299801	-6.82935	-1.41456	0
-5.84443	-1.34874	-0.300186	-5.84443	-1.34874	0
-4.81629	-1.39824	-0.306499	-4.81629	-1.39824	0
-3.85173	-1.43674	-0.33334	-3.85173	-1.43674	0
-2.72309	-1.46767	-0.337501	-2.72309	-1.46767	0
-1.70323	-1.55987	-0.302274	-1.70323	-1.55987	0
-0.301274	0.0777244	0.314052	-0.301274	0.0777244	0
0.747111	0.0516871	0.304431	0.747111	0.0516871	0
1.75445	0.132846	0.308002	1.75445	0.132846	0
2.81917	0.128792	0.330968	2.81917	0.128792	0
3.94143	0.0801083	0.325849	3.94143	0.0801083	0
4.94923	0.0829045	0.310662	4.94923	0.0829045	0
5.98694	0.126008	0.330756	5.98694	0.126008	0
7.04352	0.0697438	0.322302	7.04352	0.0697438	0
8.09314	0.0781256	0.322584	8.09314	0.0781256	0
9.18878	0.0931989	0.304496	9.18878	0.0931989	0
10.1793	0.106608	0.328255	10.1793	0.106608	0
11.1925	0.0905442	0.301354	11.1925	0.0905442	0
-11.5845	0.142521	0.3091	-11.5845	0.142521	0
-10.5419	0.12968	0.326594	-10.5419	0.12968	0
-9.46977	0.18634	0.303216	-9.46977	0.18634	0
-8.43089	0.162761	0.302804	-8.43089	0.162761	0
-7.46261	0.0992905	0.326769	-7.46261	0.0992905	0
-6.40445	0.123198	0.349021	-6.40445	0.123198	0
-5.3766	0.11365	0.306045	-5.3766	0.11365	0
-4.3186	0.105038	0.320323	-4.3186	0.105038	0
-3.32537	0.0325646	0.355474	-3.32537	0.0325646	0
-2.33295	0.115237	0.313615	-2.33295	0.115237	0
-1.30973	0.0880119	0.314144	-1.30973	0.0880119	0
-0.216238	1.09536	0.318845	-0.216238	1.09536	0
0.76618	1.07679	0.309334	0.76618	1.07679	0
1.8541	1.08984	0.306194	1.8541	1.08984	0
2.90971	1.10643	0.303648	2.90971	1.10643	0
3.94838	1.12893	0.317864	3.94838	1.12893	0
5.01576	1.12026	0.322802	5.01576	1.12026	0
6.03553	1.11856	0.335134	6.03553	1.11856	0
7.07756	1.17133	0.323174	7.07756	1.17133	0
8.13659	1.16093	0.333142	8.13659	1.16093	0
9.12637	1.17006	0.295045	9.12637	1.17006	0
10.2026	1.17475	0.297797	10.2026	1.17475	0
11.2373	1.09374	0.334116	11.2373	1.09374	0
-11.5017	1.17222	0.341339	-11.5017	1.17222	0
-10.5309	1.19272	0.325238	-10.5309	1.19272	0
-9.48754	1.19841	0.316431	-9.48754	1.19841	0
-8.41878	1.21964	0.30081	-8.41878	1.21964	0
-7.38636	1.11135	0.331388	-7.38636	1.11135	0
-6.36401	1.17228	0.321926	-6.36401	1.17228	0
-5.37858	1.16615	0.296588	-5.37858	1.16615	0
-4.32034	1.1579	0.317995	-4.32034	1.1579	0
-3.32037	1.16411	0.331534	-3.32037	1.16411	0
-2.29298	1.12624	0.315862	-2.29298	1.12624	0
-1.29319	1.13604	0.315091	-1.29319	1.13604	0
-0.155003	2.19511	0.309656	-0.155003	2.19511	0
0.842566	2.14491	0.300849	0.842566	2.14491	0
1.85532	2.13437	0.311104	1.85532	2.13437	0
2.88546	2.14192	0.312955	2.88546	2.14192	0
3.89645	2.12431	0.316116	3.89645	2.12431	0
4.94751	2.13384	0.303584	4.94751	2.13384	0
6.04495	2.2062	0.33951	6.04495	2.2062	0
7.08222	2.15344	0.31762	7.08222	2.15344	0
8.06757	2.19243	0.295283	8.06757	2.19243	0
9.13484	2.26945	0.324303	9.13484	2.26945	0
10.1922	2.18089	0.281838	10.1922	2.18089	0
11.1763	2.19819	0.309865	11.1763	2.19819	0
-11.5869	2.15669	0.325518	-11.5869	2.15669	0
-10.5211	2.21305	0.313257	-10.5211	2.21305	0
-9.50421	2.22407	0.30848	-9.50421	2.22407	0
-8.41806	2.22805	0.31748	-8.41806	2.22805	0
-7.41442	2.20637	0.335491	-7.41442	2.20637	0
-6.3812	2.20878	0.313446	-6.3812	2.20878	0
-5.30353	2.21382	0.30478	-5.30353	2.21382	0
-4.31412	2.20058	0.317938	-4.31412	2.20058	0
-3.2937	2.20091	0.292839	-3.2937	2.20091	0
-2.24465	2.19498	0.313663	-2.24465	2.19498	0
-1.21091	2.15228	0.319297	-1.21091	2.15228	0
-0.145595	3.20309	0.317982	-0.145595	3.20309	0
0.883387	3.19274	0.324708	0.883387	3.19274	0
1.91712	3.21192	0.314847	1.91712	3.21192	0
2.94708	3.15194	0.303028	2.94708	3.15194	0
3.95397	3.13731	0.323774	3.95397	3.13731	0
4.91236	3.18488	0.3163	4.91236	3.18488	0
6.0807	3.20042	0.307938	6.0807	3.20042	0
7.14989	3.17769	0.293555	7.14989	3.17769	0
8.15011	3.21687	0.342772	8.15011	3.21687	0
9.14331	3.25707	0.292341	9.14331	3.25707	0
10.1655	3.23504	0.324166	10.1655	3.23504	0
11.2229	3.21809	0.314955	11.2229	3.21809	0
-11.498	3.2163	0.3017	-11.498	3.2163	0
-10.459	3.25882	0.318175	-10.459	3.25882	0
-9.46769	3.23459	0.312506	-9.46769	3.23459	0
-8.37999	3.27153	0.325246	-8.37999	3.27153	0
-7.41464	3.30055	0.321947	-7.41464	3.30055	0
-6.41233	3.27949	0.328921	-6.41233	3.27949	0
-5.30597	3.2682	0.294009	-5.30597	3.2682	0
-4.28666	3.29349	0.316792	-4.28666	3.29349	0
-3.28155	3.26235	0.289574	-3.28155	3.26235	0
-2.21958	3.22659	0.302011	-2.21958	3.22659	0
-1.179	3.17091	0.322098	-1.179	3.17091	0
-0.172901	4.17874	0.305504	-0.172901	4.17874	0
0.849154	4.20778	0.308916	0.849154	4.20778	0
1.8997	4.2569	0.313135	1.8997	4.2569	0
2.98742	4.23187	0.320152	2.98742	4.23187	0
3.94789	4.23526	0.303394	3.94789	4.23526	0
4.93758	4.22324	0.324669	4.93758	4.22324	0
5.9748	4.21926	0.318517	5.9748	4.21926	0
7.06766	4.22812	0.311045	7.06766	4.22812	0
8.07757	4.29186	0.318233	8.07757	4.29186	0
9.11366	4.32135	0.330263	9.11366	4.32135	0
10.1903	4.25755	0.317021	10.1903	4.25755	0
11.2507	4.18691	0.339199	11.2507	4.18691	0
-11.4676	4.20914	0.284791	-11.4676	4.20914	0
-10.4767	4.24469	0.335794	-10.4767	4.24469	0
-9.40924	4.25875	0.315067	-9.40924	4.25875	0
-8.41189	4.31024	0.312991	-8.41189	4.31024	0
-7.34497	4.31803	0.32833	-7.34497	4.31803	0
-6.32951	4.27151	0.338043	-6.32951	4.27151	0
-5.31523	4.28437	0.304634	-5.31523	4.28437	0
-4.30038	4.26288	0.337557	-4.30038	4.26288	0
-3.269	4.27801	0.327893	-3.269	4.27801	0
-2.23519	4.22694	0.327258	-2.23519	4.22694	0
-1.17117	4.24164	0.3102	-1.17117	4.24164	0
-0.205164	5.208	0.31945	-0.205164	5.208	0
0.841811	5.24464	0.319294	0.841811	5.24464	0
1.89781	5.26057	0.329848	1.89781	5.26057	0
2.9704	5.3519	0.30441	2.9704	5.3519	0
3.94544	5.26658	0.305263	3.94544	5.26658	0
4.9358	5.27747	0.296858	4.9358	5.27747	0
5.97214	5.21668	0.290707	5.97214	5.21668	0
7.03684	5.24702	0.334856	7.03684	5.24702	0
8.03875	5.30972	0.302352	8.03875	5.30972	0
9.08372	5.35486	0.338485	9.08372	5.35486	0
10.1526	5.21152	0.317366	10.1526	5.21152	0
11.1785	5.17924	0.317758	11.1785	5.17924	0
-11.5431	5.31117	0.303497	-11.5431	5.31117	0
-10.5213	5.29543	0.326774	-10.5213	5.29543	0
-9.46137	5.28099	0.319468	-9.46137	5.28099	0
-8.41413	5.28149	0.314791	-8.41413	5.28149	0
-7.39705	5.34262	0.296119	-7.39705	5.34262	0
-6.34026	5.3631	0.346599	-6.34026	5.3631	0
-5.30392	5.32822	0.310582	-5.30392	5.32822	0
-4.27773	5.3655	0.322928	-4.27773	5.3655	0
-3.19726	5.30968	0.329604	-3.19726	5.30968	0
-2.25369	5.27531	0.304165	-2.25369	5.27531	0
-1.22299	5.31699	0.311722	-1.22299	5.31699	0
-0.182473	6.29244	0.290532	-0.182473	6.29244	0
0.88613	6.28612	0.319697	0.88613	6.28612	0
1.92155	6.26361	0.31654	1.92155	6.26361	0
2.91851	6.34506	0.269858	2.91851	6.34506	0
3.96204	6.27588	0.310492	3.96204	6.27588	0
5.01056	6.28636	0.31978	5.01056	6.28636	0
6.02546	6.25808	0.306335	6.02546	6.25808	0
7.09144	6.3129	0.299405	7.09144	6.3129	0
8.14206	6.34943	0.333126	8.14206	6.34943	0
9.18061	6.33479	0.3121	9.18061	6.33479	0
10.18	6.31515	0.33016	10.18	6.31515	0
11.2342	6.2901	0.350469	11.2342	6.2901	0
-11.5113	6.29905	0.28244	-11.5113	6.29905	0
-10.4835	6.32156	0.287862	-10.4835	6.32156	0
-9.45724	6.33599	0.324762	-9.45724	6.33599	0
-8.43483	6.30816	0.354356	-8.43483	6.30816	0
-7.38116	6.43091	0.347785	-7.38116	6.43091	0
-6.31126	6.4237	0.313344	-6.31126	6.4237	0
-5.3355	6.38467	0.323649	-5.3355	6.38467	0
-4.27763	6.37237	0.327997	-4.27763	6.37237	0
-3.21286	6.35235	0.349203	-3.21286	6.35235	0
-2.26605	6.33397	0.317148	-2.26605	6.33397	0
-1.17719	6.3062	0.314243	-1.17719	6.3062	0
-0.122655	7.32614	0.317541	-0.122655	7.32614	0
0.929194	7.30502	0.311971	0.929194	7.30502	0
1.95661	7.38215	0.322021	1.95661	7.38215	0
2.95768	7.36867	0.282042	2.95768	7.36867	0
4.01519	7.31879	0.291394	4.01519	7.31879	0
5.069	7.36454	0.299283	5.069	7.36454	0
6.06493	7.3511	0.299614	6.06493	7.3511	0
7.10765	7.32723	0.320752	7.10765	7.32723	0
8.15932	7.36564	0.326081	8.15932	7.36564	0
9.19004	7.36661	0.343324	9.19004	7.36661	0
10.233	7.35663	0.298018	10.233	7.35663	0
11.2588	7.31988	0.347475	11.2588	7.31988	0
-11.4666	7.30328	0.314424	-11.4666	7.30328	0
-10.4849	7.36989	0.320427	-10.4849	7.36989	0
-9.47518	7.42434	0.300158	-9.47518	7.42434	0
-8.38301	7.3752	0.293437	-8.38301	7.3752	0
-7.38949	7.40024	0.302001	-7.38949	7.40024	0
-6.33262	7.42433	0.336808	-6.33262	7.42433	0
-5.29895	7.40865	0.290479	-5.29895	7.40865	0
-4.32142	7.39227	0.332755	-4.32142	7.39227	0
-3.26632	7.35929	0.310073	-3.26632	7.35929	0
-2.18825	7.38144	0.331658	-2.18825	7.38144	0
-1.18413	7.31585	0.328819	-1.18413	7.31585	0
-0.129769	8.31853	0.317425	-0.129769	8.31853	0
0.935143	8.36542	0.337876	0.935143	8.36542	0
1.96554	8.36948	0.336158	1.96554	8.36948	0
3.01839	8.36616	0.344318	3.01839	8.36616	0
4.07024	8.33588	0.336314	4.07024	8.33588	0
5.0704	8.37986	0.335863	5.0704	8.37986	0
6.07358	8.39814	0.301751	6.07358	8.39814	0
7.12001	8.35312	0.321827	7.12001	8.35312	0
8.12916	8.42173	0.329162	8.12916	8.42173	0
9.21941	8.43112	0.335878	9.21941	8.43112	0
10.1927	8.35546	0.319078	10.1927	8.35546	0
11.2874	8.33551	0.328036	11.2874	8.33551	0
-11.5012	8.30005	0.304294	-11.5012	8.30005	0
-10.5008	8.37633	0.308602	-10.5008	8.37633	0
-9.45656	8.46298	0.337278	-9.45656	8.46298	0
-8.39434	8.34814	0.297445	-8.39434	8.34814	0
-7.38406	8.43678	0.331002	-7.38406	8.43678	0
-6.33011	8.49635	0.316795	-6.33011	8.49635	0
-5.31327	8.41216	0.301977	-5.31327	8.41216	0
-4.27204	8.41803	0.319344	-4.27204	8.41803	0
-3.25558	8.38919	0.308764	-3.25558	8.38919	0
-2.17064	8.42196	0.279583	-2.17064	8.42196	0
-1.20042	8.34383	0.313788	-1.20042	8.34383	0
-0.090367	9.35883	0.303931	-0.090367	9.35883	0
0.930297	9.35554	0.322781	0.930297	9.35554	0
1.94063	9.39309	0.3201	1.94063	9.39309	0
2.98307	9.36638	0.308128	2.98307	9.36638	0
4.03858	9.39759	0.302889	4.03858	9.39759	0
5.0462	9.41054	0.296875	5.0462	9.41054	0
6.15436	9.38987	0.315769	6.15436	9.38987	0
7.16933	9.44214	0.321304	7.16933	9.44214	0
8.18975	9.39411	0.323382	8.18975	9.39411	0
9.25353	9.4353	0.306989	9.25353	9.4353	0
10.2248	9.39201	0.31835	10.2248	9.39201	0
11.2651	9.38008	0.314822	11.2651	9.38008	0
-11.5446	9.37128	0.29477	-11.5446	9.37128	0
-10.4632	9.44401	0.339595	-10.4632	9.44401	0
-9.45036	9.48917	0.33454	-9.45036	9.48917	0
-8.37771	9.43403	0.346137	-8.37771	9.43403	0
-7.40792	9.50092	0.301445	-7.40792	9.50092	0
-6.31789	9.50095	0.327468	-6.31789	9.50095	0
-5.31094	9.48206	0.311959	-5.31094	9.48206	0
-4.29219	9.46739	0.310373	-4.29219	9.46739	0
-3.21843	9.46154	0.332206	-3.21843	9.46154	0
-2.221	9.46022	0.322808	-2.221	9.46022	0
-1.14378	9.39522	0.313728	-1.14378	9.39522	0
-0.156121	10.3497	0.312148	-0.156121	10.3497	0
0.908866	10.4196	0.302783	0.908866	10.4196	0
1.94618	10.4276	0.334652	1.94618	10.4276	0
3.00251	10.4404	0.292833	3.00251	10.4404	0
3.98181	10.4269	0.313717	3.98181	10.4269	0
5.07199	10.4126	0.29447	5.07199	10.4126	0
6.08411	10.3878	0.314902	6.08411	10.3878	0
7.11977	10.4315	0.290485	7.11977	10.4315	0
8.19081	10.4762	0.304419	8.19081	10.4762	0
9.20935	10.4674	0.339174	9.20935	10.4674	0
10.2622	10.4996	0.327969	10.2622	10.4996	0
11.27	10.4464	0.296539	11.27	10.4464	0
-11.5646	10.4159	0.307277	-11.5646	10.4159	0
-10.5304	10.4201	0.310734	-10.5304	10.4201	0
-9.43091	10.522	0.30822	-9.43091	10.522	0
-8.42462	10.4845	0.3084	-8.42462	10.4845	0
-7.38806	10.5818	0.32281	-7.38806	10.5818	0
-6.44641	10.5114	0.337184	-6.44641	10.5114	0
-5.36211	10.5256	0.340392	-5.36211	10.5256	0
-4.29513	10.5218	0.31555	-4.29513	10.5218	0
-3.29624	10.4904	0.305389	-3.29624	10.4904	0
-2.18971	10.4214	0.323174	-2.18971	10.4214	0
-1.19546	10.4676	0.323073	-1.19546	10.4676	0
-0.209762	11.3992	0.331532	-0.209762	11.3992	0
0.857397	11.3677	0.321405	0.857397	11.3677	0
1.92416	11.5419	0.324224	1.92416	11.5419	0
3.0161	11.4583	0.335394	3.0161	11.4583	0
4.01406	11.4092	0.324991	4.01406	11.4092	0
5.13818	11.4742	0.331325	5.13818	11.4742	0
6.13795	11.504	0.292088	6.13795	11.504	0
7.18845	11.5122	0.29358	7.18845	11.5122	0
8.19171	11.5031	0.303943	8.19171	11.5031	0
9.20104	11.5431	0.324495	9.20104	11.5431	0
10.223	11.5179	0.334127	10.223	11.5179	0
11.2494	11.5238	0.348608	11.2494	11.5238	0
-11.5271	11.4166	0.314784	-11.5271	11.4166	0
-10.4514	11.4396	0.314063	-10.4514	11.4396	0
-9.46225	11.5084	0.33285	-9.46225	11.5084	0
-8.43561	11.5374	0.338044	-8.43561	11.5374	0
-7.39392	11.5316	0.323861	-7.39392	11.5316	0
-6.3701	11.5618	0.334312	-6.3701	11.5618	0
-5.40606	11.4973	0.318068	-5.40606	11.4973	0
-4.31488	11.5572	0.304054	-4.31488	11.5572	0
-3.2705	11.5133	0.318833	-3.2705	11.5133	0
-2.26856	11.487	0.308978	-2.26856	11.487	0
-1.26692	11.4403	0.320107	-1.26692	11.4403	0
-0.114572	-11.3235	0.349965	-0.114572	-11.3235	0
0.909417	-11.3453	0.283324	0.909417	-11.3453	0
1.93267	-11.2699	0.297486	1.93267	-11.2699	0
3.01108	-11.2949	0.323576	3.01108	-11.2949	0
4.03678	-11.307	0.323614	4.03678	-11.307	0
5.06444	-11.2306	0.31169	5.06444	-11.2306	0
6.1767	-11.2791	0.328975	6.1767	-11.2791	0
7.21086	-11.2402	0.316904	7.21086	-11.2402	0
8.17717	-11.2622	0.322127	8.17717	-11.2622	0
9.20361	-11.2772	0.321346	9.20361	-11.2772	0
10.2571	-11.207	0.304438	10.2571	-11.207	0
11.2407	-11.2181	0.326099	11.2407	-11.2181	0
-11.5237	-11.2975	0.333991	-11.5237	-11.2975	0
-10.4876	-11.29	0.314672	-10.4876	-11.29	0
-9.47119	-11.2555	0.307617	-9.47119	-11.2555	0
-8.39624	-11.2592	0.311684	-8.39624	-11.2592	0
-7.42601	-11.2227	0.323563	-7.42601	-11.2227	0
-6.40069	-11.1995	0.315647	-6.40069	-11.1995	0
-5.32205	-11.2072	0.330398	-5.32205	-11.2072	0
-4.31312	-11.2108	0.305609	-4.31312	-11.2108	0
-3.28385	-11.1824	0.326772	-3.28385	-11.1824	0
-2.2503	-11.309	0.306252	-2.2503	-11.309	0
-1.21204	-11.3232	0.325196	-1.21204	-11.3232	0
-0.138868	-10.2699	0.319733	-0.138868	-10.2699	0
0.913853	-10.2666	0.327928	0.913853	-10.2666	0
1.93267	-10.2173	0.311867	1.93267	-10.2173	0
2.9911	-10.2842	0.309757	2.9911	-10.2842	0
4.01559	-10.2803	0.345387	4.01559	-10.2803	0
5.1037	-10.2156	0.315038	5.1037	-10.2156	0
6.10567	-10.2407	0.319755	6.10567	-10.2407	0
7.15409	-10.1741	0.334806	7.15409	-10.1741	0
8.22939	-10.2113	0.330436	8.22939	-10.2113	0
9.23227	-10.185	0.30428	9.23227	-10.185	0
10.2439	-10.1787	0.326628	10.2439	-10.1787	0
11.2374	-10.155	0.351365	11.2374	-10.155	0
-11.5165	-10.2092	0.329276	-11.5165	-10.2092	0
-10.5105	-10.2761	0.312181	-10.5105	-10.2761	0
-9.47526	-10.2215	0.298547	-9.47526	-10.2215	0
-8.47099	-10.2016	0.281398	-8.47099	-10.2016	0
-7.40811	-10.1539	0.31995	-7.40811	-10.1539	0
-6.41981	-10.095	0.290726	-6.41981	-10.095	0
-5.39935	-10.1904	0.310352	-5.39935	-10.1904	0
-4.33709	-10.1441	0.322996	-4.33709	-10.1441	0
-3.30934	-10.1812	0.326413	-3.30934	-10.1812	0
-2.2288	-10.2508	0.317792	-2.2288	-10.2508	0
-1.2054	-10.2727	0.313562	-1.2054	-10.2727	0
-0.104015	-9.20822	0.315624	-0.104015	-9.20822	0
0.875204	-9.26328	0.323747	0.875204	-9.26328	0
1.9137	-9.27047	0.321704	1.9137	-9.27047	0
2.98992	-9.23395	0.292406	2.98992	-9.23395	0
4.02223	-9.21852	0.303322	4.02223	-9.21852	0
5.06612	-9.24197	0.306785	5.06612	-9.24197	0
6.09107	-9.15777	0.341532	6.09107	-9.15777	0
7.17414	-9.1392	0.303728	7.17414	-9.1392	0
8.16589	-9.17103	0.300844	8.16589	-9.17103	0
9.18651	-9.15683	0.291065	9.18651	-9.15683	0
10.2313	-9.12852	0.337708	10.2313	-9.12852	0
11.3201	-9.20678	0.338426	11.3201	-9.20678	0
-11.4546	-9.2204	0.306271	-11.4546	-9.2204	0
-10.4702	-9.24072	0.294579	-10.4702	-9.24072	0
-9.43825	-9.12753	0.306745	-9.43825	-9.12753	0
-8.3984	-9.11776	0.345907	-8.3984	-9.11776	0
-7.4007	-9.09276	0.334605	-7.4007	-9.09276	0
-6.37233	-9.07292	0.320385	-6.37233	-9.07292	0
-5.34638	-9.10975	0.312855	-5.34638	-9.10975	0
-4.30542	-9.14485	0.328815	-4.30542	-9.14485	0
-3.23607	-9.18893	0.303965	-3.23607	-9.18893	0
-2.22093	-9.24591	0.309658	-2.22093	-9.24591	0
-1.16873	-9.18743	0.322209	-1.16873	-9.18743	0
-0.149942	-8.18043	0.341319	-0.149942	-8.18043	0
0.876537	-8.15833	0.343133	0.876537	-8.15833	0
1.92465	-8.19259	0.336944	1.92465	-8.19259	0
2.97128	-8.246	0.343016	2.97128	-8.246	0
3.98685	-8.22333	0.294475	3.98685	-8.22333	0
5.01846	-8.19083	0.333722	5.01846	-8.19083	0
6.05958	-8.16303	0.342492	6.05958	-8.16303	0
7.06441	-8.15274	0.314231	7.06441	-8.15274	0
8.139	-8.11648	0.297251	8.139	-8.11648	0
9.12503	-8.15951	0.306066	9.12503	-8.15951	0
10.1807	-8.05569	0.316977	10.1807	-8.05569	0
11.2418	-8.19124	0.319406	11.2418	-8.19124	0
-11.4829	-8.19876	0.316623	-11.4829	-8.19876	0
-10.479	-8.13469	0.341415	-10.479	-8.13469	0
-9.38679	-8.08731	0.306537	-9.38679	-8.08731	0
-8.31936	-8.1008	0.343477	-8.31936	-8.1008	0
-7.32515	-8.08989	0.322576	-7.32515	-8.08989	0
-6.33629	-8.06933	0.339107	-6.33629	-8.06933	0
-5.26479	-8.10468	0.324145	-5.26479	-8.10468	0
-4.28648	-8.1004	0.294841	-4.28648	-8.1004	0
-3.28375	-8.17808	0.280958	-3.28375	-8.17808	0
-2.31786	-8.20913	0.34206	-2.31786	-8.20913	0
-1.24925	-8.18806	0.337091	-1.24925	-8.18806	0
-0.177815	-7.13257	0.327789	-0.177815	-7.13257	0
0.877662	-7.15205	0.28832	0.877662	-7.15205	0
1.93727	-7.15305	0.330704	1.93727	-7.15305	0
2.99627	-7.15253	0.312248	2.99627	-7.15253	0
4.03702	-7.17732	0.303958	4.03702	-7.17732	0
5.00757	-7.21717	0.332952	5.00757	-7.21717	0
6.10526	-7.161	0.329908	6.10526	-7.161	0
7.11496	-7.07078	0.305715	7.11496	-7.07078	0
8.17112	-7.10243	0.31534	8.17112	-7.10243	0
9.17745	-7.07515	0.335442	9.17745	-7.07515	0
10.2495	-7.09619	0.342982	10.2495	-7.09619	0
11.2976	-7.16802	0.321486	11.2976	-7.16802	0
-11.4726	-7.11434	0.310162	-11.4726	-7.11434	0
-10.4428	-7.12067	0.300742	-10.4428	-7.12067	0
-9.46225	-7.06921	0.32751	-9.46225	-7.06921	0
-8.41259	-7.06309	0.327418	-8.41259	-7.06309	0
-7.36105	-7.08478	0.290838	-7.36105	-7.08478	0
-6.34442	-7.08065	0.325507	-6.34442	-7.08065	0
-5.25407	-7.09943	0.312133	-5.25407	-7.09943	0
-4.21721	-7.06723	0.332336	-4.21721	-7.06723	0
-3.2204	-7.07076	0.327517	-3.2204	-7.07076	0
-2.20567	-7.19835	0.299959	-2.20567	-7.19835	0
-1.21128	-7.14861	0.331668	-1.21128	-7.14861	0
-0.168687	-6.16392	0.322775	-0.168687	-6.16392	0
0.866616	-6.11285	0.319506	0.866616	-6.11285	0
1.96067	-6.16699	0.321607	1.96067	-6.16699	0
3.074	-6.11906	0.347994	3.074	-6.11906	0
4.08138	-6.16632	0.337715	4.08138	-6.16632	0
5.12471	-6.11784	0.345584	5.12471	-6.11784	0
6.08995	-6.12299	0.262836	6.08995	-6.12299	0
7.08369	-6.0408	0.304068	7.08369	-6.0408	0
8.18124	-6.12502	0.328184	8.18124	-6.12502	0
9.16977	-6.06549	0.305685	9.16977	-6.06549	0
10.1953	-6.05635	0.318486	10.1953	-6.05635	0
11.2261	-6.06759	0.305507	11.2261	-6.06759	0
-11.5183	-6.05761	0.300469	-11.5183	-6.05761	0
-10.468	-6.06133	0.31671	-10.468	-6.06133	0
-9.45617	-6.02833	0.326732	-9.45617	-6.02833	0
-8.38586	-6.05647	0.32581	-8.38586	-6.05647	0
-7.33868	-6.01439	0.324198	-7.33868	-6.01439	0
-6.3267	-6.03149	0.312507	-6.3267	-6.03149	0
-5.28771	-6.0608	0.33756	-5.28771	-6.0608	0
-4.24144	-5.99788	0.325837	-4.24144	-5.99788	0
-3.19779	-6.05321	0.332191	-3.19779	-6.05321	0
-2.19312	-6.06571	0.313689	-2.19312	-6.06571	0
-1.20898	-6.10934	0.31584	-1.20898	-6.10934	0
-0.12487	-5.08986	0.33875	-0.12487	-5.08986	0
0.901328	-5.11138	0.288646	0.901328	-5.11138	0
1.97913	-5.13331	0.34084	1.97913	-5.13331	0
2.9699	-5.08522	0.283654	2.9699	-5.08522	0
4.01988	-5.10802	0.319674	4.01988	-5.10802	0
5.0586	-5.14529	0.31912	5.0586	-5.14529	0
6.06112	-5.07973	0.334121	6.06112	-5.07973	0
7.08824	-5.06831	0.32741	7.08824	-5.06831	0
8.13531	-5.04017	0.336219	8.13531	-5.04017	0
9.13052	-5.09797	0.312924	9.13052	-5.09797	0
10.1614	-5.0785	0.343069	10.1614	-5.0785	0
11.1675	-5.06225	0.324774	11.1675	-5.06225	0
-11.5913	-4.99747	0.333441	-11.5913	-4.99747	0
-10.5329	-5.06861	0.323571	-10.5329	-5.06861	0
-9.4958	-4.96908	0.318965	-9.4958	-4.96908	0
-8.45139	-5.01133	0.315211	-8.45139	-5.01133	0
-7.35343	-5.02034	0.297885	-7.35343	-5.02034	0
-6.33321	-4.97619	0.317684	-6.33321	-4.97619	0
-5.29142	-5.0334	0.328889	-5.29142	-5.0334	0
-4.27127	-4.99325	0.321081	-4.27127	-4.99325	0
-3.1906	-4.97389	0.312347	-3.1906	-4.97389	0
-2.17949	-5.00503	0.331353	-2.17949	-5.00503	0
-1.14788	-5.08656	0.33328	-1.14788	-5.08656	0
-0.126444	-4.06233	0.322098	-0.126444	-4.06233	0
0.892245	-4.07956	0.290371	0.892245	-4.07956	0
1.89339	-4.04944	0.319791	1.89339	-4.04944	0
2.94193	-4.00683	0.352293	2.94193	-4.00683	0
3.98221	-4.06202	0.306103	3.98221	-4.06202	0
4.96282	-4.02128	0.295024	4.96282	-4.02128	0
6.03009	-4.0561	0.310654	6.03009	-4.0561	0
7.02415	-4.06762	0.286925	7.02415	-4.06762	0
8.137	-4.02359	0.320297	8.137	-4.02359	0
9.12935	-4.03355	0.310413	9.12935	-4.03355	0
10.1788	-4.03155	0.347182	10.1788	-4.03155	0
11.2079	-3.98881	0.331036	11.2079	-3.98881	0
-11.5376	-3.98931	0.297419	-11.5376	-3.98931	0
-10.5377	-4.00257	0.353075	-10.5377	-4.00257	0
-9.49664	-4.01118	0.297142	-9.49664	-4.01118	0
-8.46649	-3.97562	0.287697	-8.46649	-3.97562	0
-7.44419	-3.99182	0.337025	-7.44419	-3.99182	0
-6.38515	-3.93797	0.333021	-6.38515	-3.93797	0
-5.36612	-4.03658	0.328441	-5.36612	-4.03658	0
-4.29725	-3.99278	0.295087	-4.29725	-3.99278	0
-3.33009	-3.97335	0.302994	-3.33009	-3.97335	0
-2.19385	-4.05702	0.317054	-2.19385	-4.05702	0
-1.15456	-4.06145	0.326771	-1.15456	-4.06145	0
-0.168423	-3.08895	0.305457	-0.168423	-3.08895	0
0.902158	-3.05697	0.335089	0.902158	-3.05697	0
1.91874	-2.98083	0.321562	1.91874	-2.98083	0
2.90442	-2.92925	0.315297	2.90442	-2.92925	0
3.93165	-2.97024	0.295091	3.93165	-2.97024	0
5.02482	-3.00743	0.309777	5.02482	-3.00743	0
6.03812	-2.97951	0.326492	6.03812	-2.97951	0
7.07414	-2.98334	0.284719	7.07414	-2.98334	0
8.10394	-3.03014	0.310276	8.10394	-3.03014	0
9.09461	-3.02171	0.296465	9.09461	-3.02171	0
10.1552	-2.97577	0.292837	10.1552	-2.97577	0
11.1777	-2.97624	0.297465	11.1777	-2.97624	0
-11.5423	-3.01696	0.302259	-11.5423	-3.01696	0
-10.4479	-2.93565	0.335014	-10.4479	-2.93565	0
-9.41216	-2.91098	0.337391	-9.41216	-2.91098	0
-8.42358	-2.91404	0.309518	-8.42358	-2.91404	0
-7.39873	-2.94026	0.315043	-7.39873	-2.94026	0
-6.345	-2.86766	0.308301	-6.345	-2.86766	0
-5.33348	-2.94917	0.30021	-5.33348	-2.94917	0
-4.30244	-2.97923	0.334596	-4.30244	-2.97923	0
-3.25952	-2.95942	0.34108	-3.25952	-2.95942	0
-2.14551	-3.02705	0.309353	-2.14551	-3.02705	0
-1.16315	-3.01042	0.310349	-1.16315	-3.01042	0
-0.12559	-1.99496	0.328074	-0.12559	-1.99496	0
0.840692	-2.03153	0.31607	0.840692	-2.03153	0
1.88727	-1.9439	0.319271	1.88727	-1.9439	0
2.93355	-1.91892	0.327889	2.93355	-1.91892	0
3.95714	-1.95474	0.295973	3.95714	-1.95474	0
5.0295	-1.96206	0.328378	5.0295	-1.96206	0
6.06442	-1.94884	0.304041	6.06442	-1.94884	0
7.06797	-1.99438	0.312762	7.06797	-1.99438	0
8.12755	-1.92487	0.341892	8.12755	-1.92487	0
9.187	-1.96046	0.303436	9.187	-1.96046	0
10.1469	-2.00782	0.310621	10.1469	-2.00782	0
11.174	-1.93584	0.338816	11.174	-1.93584	0
-11.5793	-1.93911	0.336379	-11.5793	-1.93911	0
-10.5567	-1.95196	0.325462	-10.5567	-1.95196	0
-9.47163	-1.93905	0.312944	-9.47163	-1.93905	0
-8.40651	-1.94401	0.314024	-8.40651	-1.94401	0
-7.44138	-1.91341	0.325011	-7.44138	-1.91341	0
-6.37634	-1.87974	0.309612	-6.37634	-1.87974	0
-5.28842	-1.94706	0.29282	-5.28842	-1.94706	0
-4.28001	-1.97036	0.334499	-4.28001	-1.97036	0
-3.26656	-1.94333	0.327325	-3.26656	-1.94333	0
-2.27069	-2.00427	0.320029	-2.27069	-2.00427	0
-1.13543	-1.9642	0.340153	-1.13543	-1.9642	0
-0.203432	-0.947703	0.332573	-0.203432	-0.947703	0
0.808887	-0.996699	0.319802	0.808887	-0.996699	0
1.83793	-0.922315	0.326217	1.83793	-0.922315	0
2.86066	-0.924126	0.351774	2.86066	-0.924126	0
3.92196	-0.918672	0.322193	3.92196	-0.918672	0
4.98737	-0.89593	0.350487	4.98737	-0.89593	0
6.04555	-0.910249	0.332554	6.04555	-0.910249	0
7.1229	-0.995368	0.334789	7.1229	-0.995368	0
8.06719	-0.918708	0.334571	8.06719	-0.918708	0
9.10551	-0.967645	0.345599	9.10551	-0.967645	0
10.1376	-0.961762	0.342986	10.1376	-0.961762	0
11.2419	-0.891371	0.323906	11.2419	-0.891371	0
-11.4738	-0.931386	0.318067	-11.4738	-0.931386	0
-10.4828	-0.90604	0.316394	-10.4828	-0.90604	0
-9.4796	-0.919735	0.301128	-9.4796	-0.919735	0
-8.45933	-0.909793	0.323966	-8.45933	-0.909793	0
-7.38335	-0.924231	0.329717	-7.38335	-0.924231	0
-6.3727	-0.853201	0.335303	-6.3727	-0.853201	0
-5.26707	-0.892659	0.3304	-5.26707	-0.892659	0
-4.26947	-0.908757	0.322194	-4.26947	-0.908757	0
-3.28484	-0.962184	0.300183	-3.28484	-0.962184	0
-2.2912	-0.931985	0.307184	-2.2912	-0.931985	0
-1.26193	-0.960661	0.267491	-1.26193	-0.960661	0
