-0.622324	-0.219485	-0.336804	-0.622324	-0.219485	0
0.507098	-0.232386	-0.304952	0.507098	-0.232386	0
1.5126	-0.223374	-0.347002	1.5126	-0.223374	0
2.50186	-0.234805	-0.300535	2.50186	-0.234805	0
3.51348	-0.252359	-0.331103	3.51348	-0.252359	0
4.57381	-0.21055	-0.332675	4.57381	-0.21055	0
5.59688	-0.267789	-0.288531	5.59688	-0.267789	0
6.65234	-0.284428	-0.319976	6.65234	-0.284428	0
7.72571	-0.278326	-0.305149	7.72571	-0.278326	0
8.74027	-0.283577	-0.277165	8.74027	-0.283577	0
9.73366	-0.18356	-0.319654	9.73366	-0.18356	0
10.7519	-0.18369	-0.343292	10.7519	-0.18369	0
11.8363	-0.217043	-0.290077	11.8363	-0.217043	0
-10.9408	-0.190335	-0.314504	-10.9408	-0.190335	0
-9.90104	-0.223093	-0.316385	-9.90104	-0.223093	0
-8.87616	-0.230157	-0.294708	-8.87616	-0.230157	0
-7.83742	-0.226827	-0.342415	-7.83742	-0.226827	0
-6.78031	-0.28736	-0.318473	-6.78031	-0.28736	0
-5.74663	-0.214002	-0.308503	-5.74663	-0.214002	0
-4.74105	-0.232528	-0.308713	-4.74105	-0.232528	0
-3.6719	-0.201846	-0.320156	-3.6719	-0.201846	0
-2.65087	-0.146332	-0.313706	-2.65087	-0.146332	0
-1.69694	-0.227753	-0.29202	-1.69694	-0.227753	0
-0.560733	0.713735	-0.31357	-0.560733	0.713735	0
0.393611	0.800767	-0.317041	0.393611	0.800767	0
1.47385	0.789357	-0.300695	1.47385	0.789357	0
2.49777	0.808452	-0.344799	2.49777	0.808452	0
3.56785	0.756884	-0.299892	3.56785	0.756884	0
4.54028	0.841531	-0.320767	4.54028	0.841531	0
5.56827	0.761798	-0.310609	5.56827	0.761798	0
6.65351	0.774739	-0.318949	6.65351	0.774739	0
7.64036	0.756943	-0.319359	7.64036	0.756943	0
8.65331	0.750925	-0.307124	8.65331	0.750925	0
9.72023	0.808223	-0.325288	9.72023	0.808223	0
10.797	0.83573	-0.295092	10.797	0.83573	0
11.8451	0.814377	-0.321874	11.8451	0.814377	0
-10.9458	0.849392	-0.33901	-10.9458	0.849392	0
-9.92049	0.832752	-0.320497	-9.92049	0.832752	0
-8.86269	0.842792	-0.303919	-8.86269	0.842792	0
-7.85213	0.849911	-0.337104	-7.85213	0.849911	0
-6.74294	0.798882	-0.311666	-6.74294	0.798882	0
-5.74824	0.760298	-0.310088	-5.74824	0.760298	0
-4.70033	0.80399	-0.322632	-4.70033	0.80399	0
-3.68709	0.852936	-0.335565	-3.68709	0.852936	0
-2.68421	0.814676	-0.324376	-2.68421	0.814676	0
-1.60382	0.73397	-0.317082	-1.60382	0.73397	0
-0.619654	1.78376	-0.306568	-0.619654	1.78376	0
0.398443	1.84987	-0.33367	0.398443	1.84987	0
1.50405	1.80328	-0.345449	1.50405	1.80328	0
2.53591	1.81272	-0.313676	2.53591	1.81272	0
3.54129	1.79056	-0.307359	3.54129	1.79056	0
4.52918	1.8328	-0.298383	4.52918	1.8328	0
5.54414	1.7966	-0.317525	5.54414	1.7966	0
6.58709	1.85542	-0.323234	6.58709	1.85542	0
7.63766	1.80363	-0.308045	7.63766	1.80363	0
8.66255	1.8157	-0.315073	8.66255	1.8157	0
9.67676	1.81739	-0.289897	9.67676	1.81739	0
10.7241	1.84427	-0.317446	10.7241	1.84427	0
11.7967	1.90455	-0.28459	11.7967	1.90455	0
-11.0059	1.92373	-0.304975	-11.0059	1.92373	0
-9.97457	1.87259	-0.329728	-9.97457	1.87259	0
-8.88774	1.84902	-0.317864	-8.88774	1.84902	0
-7.85316	1.86787	-0.316727	-7.85316	1.86787	0
-6.78334	1.84185	-0.35585	-6.78334	1.84185	0
-5.70211	1.8106	-0.288006	-5.70211	1.8106	0
-4.74926	1.86082	-0.32247	-4.74926	1.86082	0
-3.72593	1.88567	-0.333846	-3.72593	1.88567	0
-2.70515	1.86914	-0.314332	-2.70515	1.86914	0
-1.66268	1.86225	-0.299516	-1.66268	1.86225	0
-0.619928	2.81058	-0.305079	-0.619928	2.81058	0
0.41963	2.82055	-0.32912	0.41963	2.82055	0
1.41414	2.85072	-0.322799	1.41414	2.85072	0
2.49213	2.82628	-0.335326	2.49213	2.82628	0
3.55386	2.83937	-0.301748	3.55386	2.83937	0
4.54027	2.87493	-0.290769	4.54027	2.87493	0
5.61194	2.82489	-0.304897	5.61194	2.82489	0
6.62772	2.85891	-0.288218	6.62772	2.85891	0
7.65459	2.85377	-0.309725	7.65459	2.85377	0
8.69834	2.90963	-0.345665	8.69834	2.90963	0
9.71537	2.90372	-0.33546	9.71537	2.90372	0
10.7258	2.89473	-0.350819	10.7258	2.89473	0
11.7682	2.91434	-0.294308	11.7682	2.91434	0
-10.9445	2.93317	-0.336208	-10.9445	2.93317	0
-9.84503	2.94178	-0.293618	-9.84503	2.94178	0
-8.83334	2.88057	-0.337164	-8.83334	2.88057	0
-7.79043	2.85824	-0.328379	-7.79043	2.85824	0
-6.76119	2.85878	-0.323055	-6.76119	2.85878	0
-5.76882	2.79363	-0.301619	-5.76882	2.79363	0
-4.73718	2.88101	-0.308649	-4.73718	2.88101	0
-3.70682	2.88899	-0.307311	-3.70682	2.88899	0
-2.69911	2.83028	-0.30261	-2.69911	2.83028	0
-1.61574	2.86946	-0.323349	-1.61574	2.86946	0
-0.595667	3.86123	-0.348996	-0.595667	3.86123	0
0.443747	3.82426	-0.324789	0.443747	3.82426	0
1.45752	3.89154	-0.298	1.45752	3.89154	0
2.4401	3.84001	-0.278989	2.4401	3.84001	0
3.44597	3.86586	-0.299658	3.44597	3.86586	0
4.51672	3.8664	-0.290337	4.51672	3.8664	0
5.5256	3.89208	-0.329529	5.5256	3.89208	0
6.61874	3.91023	-0.338278	6.61874	3.91023	0
7.65084	3.89446	-0.293245	7.65084	3.89446	0
8.63767	3.93427	-0.306601	8.63767	3.93427	0
9.70011	3.94114	-0.312058	9.70011	3.94114	0
10.7673	3.99221	-0.331972	10.7673	3.99221	0
11.7581	3.96943	-0.316642	11.7581	3.96943	0
-11.0078	3.95268	-0.344131	-11.0078	3.95268	0
-9.91429	3.93845	-0.326667	-9.91429	3.93845	0
-8.83512	3.90792	-0.331133	-8.83512	3.90792	0
-7.79969	3.90138	-0.341948	-7.79969	3.90138	0
-6.80082	3.90283	-0.306013	-6.80082	3.90283	0
-5.77196	3.82793	-0.317358	-5.77196	3.82793	0
-4.7532	3.90145	-0.280797	-4.7532	3.90145	0
-3.63999	3.89484	-0.370375	-3.63999	3.89484	0
-2.66439	3.92043	-0.321129	-2.66439	3.92043	0
-1.6167	3.85455	-0.284094	-1.6167	3.85455	0
-0.627169	4.96484	-0.320753	-0.627169	4.96484	0
0.415163	4.87579	-0.337656	0.415163	4.87579	0
1.43348	4.94805	-0.29671	1.43348	4.94805	0
2.42666	4.88147	-0.29508	2.42666	4.88147	0
3.49268	4.8948	-0.344806	3.49268	4.8948	0
4.5392	4.98708	-0.344978	4.5392	4.98708	0
5.56048	4.91878	-0.305912	5.56048	4.91878	0
6.55376	4.87617	-0.326732	6.55376	4.87617	0
7.63366	4.95345	-0.316521	7.63366	4.95345	0
8.65053	4.95319	-0.319657	8.65053	4.95319	0
9.64707	4.93105	-0.330753	9.64707	4.93105	0
10.6499	4.9713	-0.305108	10.6499	4.9713	0
11.748	4.98531	-0.301852	11.748	4.98531	0
-11.0074	4.90935	-0.321077	-11.0074	4.90935	0
-9.92783	4.91681	-0.334286	-9.92783	4.91681	0
-8.91917	4.94639	-0.321453	-8.91917	4.94639	0
-7.80826	4.93248	-0.313715	-7.80826	4.93248	0
-6.77786	4.8895	-0.337311	-6.77786	4.8895	0
-5.77084	4.94369	-0.326396	-5.77084	4.94369	0
-4.7577	4.91884	-0.333854	-4.7577	4.91884	0
-3.74034	4.92383	-0.31924	-3.74034	4.92383	0
-2.66288	4.92733	-0.314409	-2.66288	4.92733	0
-1.67911	4.94263	-0.312855	-1.67911	4.94263	0
-0.660943	5.90713	-0.310079	-0.660943	5.90713	0
0.374066	5.97983	-0.315677	0.374066	5.97983	0
1.42724	6.01716	-0.308095	1.42724	6.01716	0
2.42679	5.9802	-0.347233	2.42679	5.9802	0
3.53121	5.95127	-0.295599	3.53121	5.95127	0
4.52711	6.01664	-0.318739	4.52711	6.01664	0
5.53186	5.96912	-0.305725	5.53186	5.96912	0
6.55279	5.92668	-0.325283	6.55279	5.92668	0
7.63203	5.96895	-0.313926	7.63203	5.96895	0
8.63977	5.94457	-0.312093	8.63977	5.94457	0
9.66617	6.02857	-0.314709	9.66617	6.02857	0
10.7529	5.97507	-0.31775	10.7529	5.97507	0
11.8075	5.97981	-0.300353	11.8075	5.97981	0
-10.9586	5.90268	-0.327249	-10.9586	5.90268	0
-9.93958	5.96339	-0.311137	-9.93958	5.96339	0
-8.84732	5.97634	-0.290662	-8.84732	5.97634	0
-7.78648	6.00933	-0.305039	-7.78648	6.00933	0
-6.79153	5.97544	-0.308994	-6.79153	5.97544	0
-5.78161	5.95553	-0.323928	-5.78161	5.95553	0
-4.80698	5.99352	-0.328314	-4.80698	5.99352	0
-3.73683	6.00331	-0.312912	-3.73683	6.00331	0
-2.6833	5.96202	-0.318949	-2.6833	5.96202	0
-1.67197	5.98947	-0.322082	-1.67197	5.98947	0
-0.701549	6.97415	-0.335983	-0.701549	6.97415	0
0.343614	6.94832	-0.342544	0.343614	6.94832	0
1.47279	7.00847	-0.327227	1.47279	7.00847	0
2.46249	6.9981	-0.347956	2.46249	6.9981	0
3.49153	6.99959	-0.295416	3.49153	6.99959	0
4.51124	7.0469	-0.291312	4.51124	7.0469	0
5.57207	7.03257	-0.314297	5.57207	7.03257	0
6.58787	7.0002	-0.330442	6.58787	7.0002	0
7.62754	6.96054	-0.333517	7.62754	6.96054	0
8.70982	6.96069	-0.347408	8.70982	6.96069	0
9.72361	6.97241	-0.303145	9.72361	6.97241	0
10.8431	7.00094	-0.295657	10.8431	7.00094	0
11.8307	7.03783	-0.306994	11.8307	7.03783	0
-10.9191	6.99204	-0.319525	-10.9191	6.99204	0
-9.93378	7.00127	-0.320616	-9.93378	7.00127	0
-8.83113	6.99546	-0.320015	-8.83113	6.99546	0
-7.83027	6.97204	-0.309699	-7.83027	6.97204	0
-6.82497	6.97441	-0.350062	-6.82497	6.97441	0
-5.7375	7.00411	-0.302811	-5.7375	7.00411	0
-4.76709	7.06343	-0.309681	-4.76709	7.06343	0
-3.78679	7.03111	-0.339891	-3.78679	7.03111	0
-2.69575	7.0314	-0.317061	-2.69575	7.0314	0
-1.70233	6.96577	-0.301567	-1.70233	6.96577	0
-0.609747	8.01516	-0.334918	-0.609747	8.01516	0
0.442355	8.04344	-0.316307	0.442355	8.04344	0
1.43262	8.02145	-0.310373	1.43262	8.02145	0
2.46687	8.04101	-0.320031	2.46687	8.04101	0
3.47977	8.06364	-0.326645	3.47977	8.06364	0
4.48415	8.03874	-0.309004	4.48415	8.03874	0
5.55415	8.06828	-0.333135	5.55415	8.06828	0
6.56438	8.02179	-0.314755	6.56438	8.02179	0
7.62408	7.99585	-0.328289	7.62408	7.99585	0
8.69557	7.99048	-0.291491	8.69557	7.99048	0
9.72265	8.02601	-0.28091	9.72265	8.02601	0
10.7929	8.01673	-0.341024	10.7929	8.01673	0
11.8595	8.03797	-0.322469	11.8595	8.03797	0
-10.9312	8.00995	-0.361147	-10.9312	8.00995	0
-9.9039	8.08526	-0.316884	-9.9039	8.08526	0
-8.88383	8.07324	-0.330568	-8.88383	8.07324	0
-7.90778	8.00471	-0.319834	-7.90778	8.00471	0
-6.8078	8.01802	-0.336262	-6.8078	8.01802	0
-5.78467	8.00812	-0.296643	-5.78467	8.00812	0
-4.73785	8.10237	-0.323949	-4.73785	8.10237	0
-3.72381	8.08598	-0.308806	-3.72381	8.08598	0
-2.64148	8.05856	-0.303478	-2.64148	8.05856	0
-1.65701	8.01929	-0.324908	-1.65701	8.01929	0
-0.552321	9.08092	-0.316039	-0.552321	9.08092	0
0.420198	9.09647	-0.324717	0.420198	9.09647	0
1.48449	9.0508	-0.305825	1.48449	9.0508	0
2.52979	9.04507	-0.339456	2.52979	9.04507	0
3.54856	9.1028	-0.324223	3.54856	9.1028	0
4.50925	9.14711	-0.323218	4.50925	9.14711	0
5.59867	9.13625	-0.32748	5.59867	9.13625	0
6.61469	9.13102	-0.29541	6.61469	9.13102	0
7.61172	9.05087	-0.314731	7.61172	9.05087	0
8.65963	9.05966	-0.337903	8.65963	9.05966	0
9.67684	9.05759	-0.310669	9.67684	9.05759	0
10.7603	9.02375	-0.321365	10.7603	9.02375	0
11.848	9.07212	-0.332045	11.848	9.07212	0
-10.9473	9.05956	-0.303683	-10.9473	9.05956	0
-9.95205	9.09388	-0.307753	-9.95205	9.09388	0
-8.83888	9.02637	-0.320841	-8.83888	9.02637	0
-7.83603	9.03617	-0.301805	-7.83603	9.03617	0
-6.82698	9.02678	-0.303224	-6.82698	9.02678	0
-5.81791	9.03883	-0.282867	-5.81791	9.03883	0
-4.70333	9.11213	-0.276367	-4.70333	9.11213	0
-3.70301	9.12048	-0.321471	-3.70301	9.12048	0
-2.70922	9.07677	-0.28447	-2.70922	9.07677	0
-1.59668	9.07619	-0.316364	-1.59668	9.07619	0
-0.58851	10.0518	-0.298523	-0.58851	10.0518	0
0.494971	10.1081	-0.314446	0.494971	10.1081	0
1.51812	10.1273	-0.307749	1.51812	10.1273	0
2.52639	10.0303	-0.323156	2.52639	10.0303	0
3.53606	10.094	-0.308094	3.53606	10.094	0
4.57623	10.1533	-0.340667	4.57623	10.1533	0
5.58157	10.1171	-0.319129	5.58157	10.1171	0
6.5911	10.1502	-0.303702	6.5911	10.1502	0
7.64474	10.0874	-0.305244	7.64474	10.0874	0
8.68249	10.1122	-0.309218	8.68249	10.1122	0
9.68526	10.0408	-0.309566	9.68526	10.0408	0
10.7921	10.0326	-0.346771	10.7921	10.0326	0
11.7984	10.0913	-0.302534	11.7984	10.0913	0
-10.9304	10.155	-0.309018	-10.9304	10.155	0
-9.89481	10.0748	-0.308657	-9.89481	10.0748	0
-8.89809	10.0736	-0.30776	-8.89809	10.0736	0
-7.86735	10.0651	-0.295642	-7.86735	10.0651	0
-6.78648	10.0611	-0.325655	-6.78648	10.0611	0
-5.75336	10.0716	-0.300613	-5.75336	10.0716	0
-4.76396	10.1568	-0.326154	-4.76396	10.1568	0
-3.73649	10.1313	-0.305527	-3.73649	10.1313	0
-2.66474	10.1139	-0.310371	-2.66474	10.1139	0
-1.58998	10.1208	-0.314328	-1.58998	10.1208	0
-0.553946	11.1487	-0.33314	-0.553946	11.1487	0
0.466981	11.1284	-0.303243	0.466981	11.1284	0
1.48757	11.1648	-0.302193	1.48757	11.1648	0
2.4444	11.1761	-0.324254	2.4444	11.1761	0
3.54511	11.1447	-0.333048	3.54511	11.1447	0
4.56867	11.1553	-0.317693	4.56867	11.1553	0
5.62456	11.1184	-0.324754	5.62456	11.1184	0
6.65254	11.1353	-0.326586	6.65254	11.1353	0
7.64642	11.2048	-0.318873	7.64642	11.2048	0
8.68419	11.152	-0.306244	8.68419	11.152	0
9.68807	11.0937	-0.328223	9.68807	11.0937	0
10.8164	11.0505	-0.331741	10.8164	11.0505	0
11.8053	11.0844	-0.297105	11.8053	11.0844	0
-10.9329	11.1145	-0.323705	-10.9329	11.1145	0
-9.89065	11.0758	-0.301659	-9.89065	11.0758	0
-8.83303	11.0412	-0.285046	-8.83303	11.0412	0
-7.81405	11.1253	-0.320255	-7.81405	11.1253	0
-6.8362	11.172	-0.312711	-6.8362	11.172	0
-5.7598	11.058	-0.331083	-5.7598	11.058	0
-4.71566	11.1153	-0.344236	-4.71566	11.1153	0
-3.69562	11.1897	-0.335741	-3.69562	11.1897	0
-2.66671	11.1983	-0.326993	-2.66671	11.1983	0
-1.57684	11.1	-0.31844	-1.57684	11.1	0
-0.602101	-11.5852	-0.336636	-0.602101	-11.5852	0
0.437057	-11.619	-0.283115	0.437057	-11.619	0
1.45586	-11.6177	-0.307504	1.45586	-11.6177	0
2.48505	-11.6292	-0.317945	2.48505	-11.6292	0
3.48332	-11.6345	-0.330067	3.48332	-11.6345	0
4.58634	-11.5917	-0.336597	4.58634	-11.5917	0
5.6223	-11.5448	-0.296302	5.6223	-11.5448	0
6.58769	-11.5985	-0.294909	6.58769	-11.5985	0
7.61635	-11.5564	-0.286849	7.61635	-11.5564	0
8.66181	-11.6129	-0.342373	8.66181	-11.6129	0
9.70479	-11.6753	-0.280391	9.70479	-11.6753	0
10.7104	-11.696	-0.331948	10.7104	-11.696	0
11.778	-11.6682	-0.335349	11.778	-11.6682	0
-10.9104	-11.7243	-0.332141	-10.9104	-11.7243	0
-9.88344	-11.7093	-0.305272	-9.88344	-11.7093	0
-8.88053	-11.6825	-0.294454	-8.88053	-11.6825	0
-7.82185	-11.6651	-0.325224	-7.82185	-11.6651	0
-6.75913	-11.5799	-0.319242	-6.75913	-11.5799	0
-5.77109	-11.6468	-0.344078	-5.77109	-11.6468	0
-4.73745	-11.6427	-0.314772	-4.73745	-11.6427	0
-3.68624	-11.6075	-0.345798	-3.68624	-11.6075	0
-2.66347	-11.6161	-0.306749	-2.66347	-11.6161	0
-1.62809	-11.6465	-0.30385	-1.62809	-11.6465	0
-0.550654	-10.5642	-0.327403	-0.550654	-10.5642	0
0.45595	-10.5804	-0.302608	0.45595	-10.5804	0
1.47448	-10.6108	-0.342616	1.47448	-10.6108	0
2.51298	-10.5752	-0.327357	2.51298	-10.5752	0
3.50705	-10.6022	-0.343461	3.50705	-10.6022	0
4.52679	-10.5831	-0.332741	4.52679	-10.5831	0
5.59695	-10.5319	-0.319703	5.59695	-10.5319	0
6.58999	-10.5662	-0.295832	6.58999	-10.5662	0
7.67095	-10.5777	-0.294275	7.67095	-10.5777	0
8.70835	-10.57	-0.339177	8.70835	-10.57	0
9.74964	-10.6045	-0.287502	9.74964	-10.6045	0
10.7468	-10.6599	-0.311026	10.7468	-10.6599	0
11.8508	-10.6731	-0.309228	11.8508	-10.6731	0
-10.939	-10.676	-0.323963	-10.939	-10.676	0
-9.86954	-10.6086	-0.298313	-9.86954	-10.6086	0
-8.87561	-10.6406	-0.295796	-8.87561	-10.6406	0
-7.87899	-10.6097	-0.324451	-7.87899	-10.6097	0
-6.79986	-10.5657	-0.32008	-6.79986	-10.5657	0
-5.71373	-10.6104	-0.353863	-5.71373	-10.6104	0
-4.68728	-10.5763	-0.295507	-4.68728	-10.5763	0
-3.69779	-10.5473	-0.327906	-3.69779	-10.5473	0
-2.66249	-10.5588	-0.312129	-2.66249	-10.5588	0
-1.62825	-10.5613	-0.317265	-1.62825	-10.5613	0
-0.591033	-9.52362	-0.307362	-0.591033	-9.52362	0
0.469436	-9.50144	-0.302505	0.469436	-9.50144	0
1.43483	-9.55672	-0.313849	1.43483	-9.55672	0
2.48356	-9.52604	-0.336873	2.48356	-9.52604	0
3.49573	-9.53155	-0.343518	3.49573	-9.53155	0
4.53945	-9.58414	-0.317934	4.53945	-9.58414	0
5.61924	-9.54124	-0.308594	5.61924	-9.54124	0
6.63011	-9.56434	-0.302102	6.63011	-9.56434	0
7.74163	-9.59566	-0.328708	7.74163	-9.59566	0
8.74064	-9.50797	-0.33657	8.74064	-9.50797	0
9.72232	-9.60535	-0.319673	9.72232	-9.60535	0
10.7661	-9.65369	-0.329611	10.7661	-9.65369	0
11.7759	-9.56676	-0.313016	11.7759	-9.56676	0
-10.926	-9.63912	-0.325878	-10.926	-9.63912	0
-9.93626	-9.65073	-0.309789	-9.93626	-9.65073	0
-8.87362	-9.64104	-0.339306	-8.87362	-9.64104	0
-7.84775	-9.53364	-0.32192	-7.84775	-9.53364	0
-6.79942	-9.57092	-0.302509	-6.79942	-9.57092	0
-5.79448	-9.53241	-0.326504	-5.79448	-9.53241	0
-4.77192	-9.57828	-0.32825	-4.77192	-9.57828	0
-3.7109	-9.55843	-0.337322	-3.7109	-9.55843	0
-2.69464	-9.49818	-0.316572	-2.69464	-9.49818	0
-1.67503	-9.55485	-0.302854	-1.67503	-9.55485	0
-0.642632	-8.55379	-0.333012	-0.642632	-8.55379	0
0.457093	-8.5553	-0.303023	0.457093	-8.5553	0
1.47555	-8.55103	-0.327275	1.47555	-8.55103	0
2.52297	-8.53803	-0.314324	2.52297	-8.53803	0
3.4947	-8.54628	-0.323039	3.4947	-8.54628	0
4.58621	-8.53611	-0.322941	4.58621	-8.53611	0
5.6213	-8.5047	-0.318926	5.6213	-8.5047	0
6.63325	-8.54528	-0.324595	6.63325	-8.54528	0
7.70667	-8.53624	-0.342285	7.70667	-8.53624	0
8.71412	-8.52123	-0.304325	8.71412	-8.52123	0
9.75442	-8.59147	-0.310669	9.75442	-8.59147	0
10.7747	-8.57606	-0.304474	10.7747	-8.57606	0
11.7942	-8.56023	-0.300072	11.7942	-8.56023	0
-10.9427	-8.60763	-0.318524	-10.9427	-8.60763	0
-9.94913	-8.57305	-0.318542	-9.94913	-8.57305	0
-8.91777	-8.58975	-0.325898	-8.91777	-8.58975	0
-7.87825	-8.53421	-0.303873	-7.87825	-8.53421	0
-6.86011	-8.57173	-0.318346	-6.86011	-8.57173	0
-5.76108	-8.53721	-0.32603	-5.76108	-8.53721	0
-4.75286	-8.52736	-0.319081	-4.75286	-8.52736	0
-3.71137	-8.55396	-0.310456	-3.71137	-8.55396	0
-2.62728	-8.53469	-0.311117	-2.62728	-8.53469	0
-1.63133	-8.55531	-0.341572	-1.63133	-8.55531	0
-0.56969	-7.57489	-0.297981	-0.56969	-7.57489	0
0.427704	-7.48246	-0.338462	0.427704	-7.48246	0
1.46797	-7.49289	-0.305441	1.46797	-7.49289	0
2.57148	-7.5128	-0.340071	2.57148	-7.5128	0
3.58804	-7.51646	-0.318288	3.58804	-7.51646	0
4.58417	-7.51257	-0.3038	4.58417	-7.51257	0
5.68706	-7.44286	-0.312924	5.68706	-7.44286	0
6.6925	-7.52884	-0.328295	6.6925	-7.52884	0
7.6679	-7.47695	-0.307201	7.6679	-7.47695	0
8.72879	-7.53666	-0.323808	8.72879	-7.53666	0
9.78492	-7.52052	-0.337416	9.78492	-7.52052	0
10.7987	-7.55401	-0.322295	10.7987	-7.55401	0
-11.9502	-7.537	-0.310915	11.8358	-7.537	0
-10.9381	-7.57159	-0.339665	-10.9381	-7.57159	0
-9.92736	-7.55351	-0.339711	-9.92736	-7.55351	0
-8.89472	-7.53292	-0.327364	-8.89472	-7.53292	0
-7.88545	-7.53574	-0.319249	-7.88545	-7.53574	0
-6.82354	-7.55091	-0.325041	-6.82354	-7.55091	0
-5.77144	-7.55126	-0.304016	-5.77144	-7.55126	0
-4.69304	-7.53493	-0.306005	-4.69304	-7.53493	0
-3.64826	-7.47671	-0.322973	-3.64826	-7.47671	0
-2.65016	-7.42399	-0.298464	-2.65016	-7.42399	0
-1.60179	-7.47332	-0.331313	-1.60179	-7.47332	0
-0.574647	-6.45704	-0.338983	-0.574647	-6.45704	0
0.447896	-6.44319	-0.347243	0.447896	-6.44319	0
1.4953	-6.4808	-0.313113	1.4953	-6.4808	0
2.53145	-6.45697	-0.327187	2.53145	-6.45697	0
3.53722	-6.51368	-0.321305	3.53722	-6.51368	0
4.57895	-6.49363	-0.31312	4.57895	-6.49363	0
5.58767	-6.46097	-0.320425	5.58767	-6.46097	0
6.65676	-6.49856	-0.335376	6.65676	-6.49856	0
7.69014	-6.50184	-0.293523	7.69014	-6.50184	0
8.72878	-6.45876	-0.315096	8.72878	-6.45876	0
9.72804	-6.46883	-0.287824	9.72804	-6.46883	0
10.7813	-6.51991	-0.334408	10.7813	-6.51991	0
11.807	-6.51367	-0.300413	11.807	-6.51367	0
-10.9176	-6.51681	-0.311797	-10.9176	-6.51681	0
-9.93499	-6.46894	-0.315508	-9.93499	-6.46894	0
-8.90584	-6.48651	-0.286101	-8.90584	-6.48651	0
-7.84682	-6.51882	-0.31687	-7.84682	-6.51882	0
-6.83036	-6.51252	-0.319274	-6.83036	-6.51252	0
-5.81388	-6.5044	-0.277177	-5.81388	-6.5044	0
-4.70294	-6.49394	-0.303216	-4.70294	-6.49394	0
-3.68988	-6.41543	-0.321526	-3.68988	-6.41543	0
-2.66692	-6.40484	-0.306214	-2.66692	-6.40484	0
-1.60238	-6.467	-0.312365	-1.60238	-6.467	0
-0.602212	-5.36498	-0.294475	-0.602212	-5.36498	0
0.423147	-5.39759	-0.323015	0.423147	-5.39759	0
1.47922	-5.43121	-0.326107	1.47922	-5.43121	0
2.46779	-5.45607	-0.285055	2.46779	-5.45607	0
3.50195	-5.44951	-0.321193	3.50195	-5.44951	0
4.55285	-5.4691	-0.319109	4.55285	-5.4691	0
5.56019	-5.42683	-0.321085	5.56019	-5.42683	0
6.67811	-5.41206	-0.32446	6.67811	-5.41206	0
7.65145	-5.41699	-0.299986	7.65145	-5.41699	0
8.67903	-5.43126	-0.289924	8.67903	-5.43126	0
9.73992	-5.45974	-0.306158	9.73992	-5.45974	0
10.7505	-5.49021	-0.339942	10.7505	-5.49021	0
11.8027	-5.46961	-0.339006	11.8027	-5.46961	0
-10.9683	-5.38423	-0.315897	-10.9683	-5.38423	0
-9.9503	-5.43679	-0.312346	-9.9503	-5.43679	0
-8.84977	-5.44416	-0.339946	-8.84977	-5.44416	0
-7.82283	-5.44721	-0.315275	-7.82283	-5.44721	0
-6.78303	-5.42828	-0.347422	-6.78303	-5.42828	0
-5.83077	-5.48076	-0.311706	-5.83077	-5.48076	0
-4.73163	-5.45114	-0.319798	-4.73163	-5.45114	0
-3.76033	-5.41436	-0.307054	-3.76033	-5.41436	0
-2.71419	-5.41587	-0.328764	-2.71419	-5.41587	0
-1.68897	-5.41023	-0.318219	-1.68897	-5.41023	0
-0.56785	-4.33657	-0.325933	-0.56785	-4.33657	0
0.43531	-4.3699	-0.310681	0.43531	-4.3699	0
1.46314	-4.40937	-0.316089	1.46314	-4.40937	0
2.42647	-4.40613	-0.322092	2.42647	-4.40613	0
3.49908	-4.42481	-0.311116	3.49908	-4.42481	0
4.54161	-4.38285	-0.318607	4.54161	-4.38285	0
5.56003	-4.40038	-0.335433	5.56003	-4.40038	0
6.62827	-4.30491	-0.347015	6.62827	-4.30491	0
7.6661	-4.38726	-0.320519	7.6661	-4.38726	0
8.70799	-4.403	-0.343425	8.70799	-4.403	0
9.78124	-4.42722	-0.332443	9.78124	-4.42722	0
10.8483	-4.44001	-0.30925	10.8483	-4.44001	0
11.8269	-4.4079	-0.305224	11.8269	-4.4079	0
-10.9252	-4.35167	-0.318909	-10.9252	-4.35167	0
-9.92851	-4.38129	-0.347031	-9.92851	-4.38129	0
-8.94648	-4.39507	-0.334414	-8.94648	-4.39507	0
-7.9011	-4.36061	-0.324624	-7.9011	-4.36061	0
-6.83627	-4.40199	-0.327517	-6.83627	-4.40199	0
-5.82442	-4.41877	-0.341256	-5.82442	-4.41877	0
-4.73246	-4.40402	-0.329023	-4.73246	-4.40402	0
-3.72532	-4.39018	-0.312775	-3.72532	-4.39018	0
-2.69442	-4.37937	-0.314547	-2.69442	-4.37937	0
-1.65996	-4.40953	-0.308305	-1.65996	-4.40953	0
-0.601376	-3.38329	-0.318821	-0.601376	-3.38329	0
0.414126	-3.33664	-0.34015	0.414126	-3.33664	0
1.47672	-3.33072	-0.287556	1.47672	-3.33072	0
2.47035	-3.32689	-0.351391	2.47035	-3.32689	0
3.46668	-3.40739	-0.30793	3.46668	-3.40739	0
4.47717	-3.40166	-0.338051	4.47717	-3.40166	0
5.55337	-3.32779	-0.29554	5.55337	-3.32779	0
6.54013	-3.32264	-0.308191	6.54013	-3.32264	0
7.65011	-3.36812	-0.291876	7.65011	-3.36812	0
8.70369	-3.38732	-0.312593	8.70369	-3.38732	0
9.71022	-3.39758	-0.306148	9.71022	-3.39758	0
10.7756	-3.34729	-0.324848	10.7756	-3.34729	0
11.8261	-3.37455	-0.298417	11.8261	-3.37455	0
-10.8933	-3.30176	-0.267271	-10.8933	-3.30176	0
-9.92857	-3.3178	-0.286957	-9.92857	-3.3178	0
-8.94297	-3.36399	-0.339463	-8.94297	-3.36399	0
-7.86092	-3.35398	-0.317623	-7.86092	-3.35398	0
-6.81693	-3.3492	-0.314453	-6.81693	-3.3492	0
-5.76197	-3.40917	-0.313135	-5.76197	-3.40917	0
-4.76781	-3.37952	-0.276229	-4.76781	-3.37952	0
-3.73094	-3.35084	-0.326154	-3.73094	-3.35084	0
-2.69452	-3.33338	-0.311205	-2.69452	-3.33338	0
-1.60212	-3.38777	-0.326023	-1.60212	-3.38777	0
-0.615877	-2.32767	-0.314393	-0.615877	-2.32767	0
0.471851	-2.33655	-0.3464	0.471851	-2.33655	0
1.44724	-2.28484	-0.3051	1.44724	-2.28484	0
2.41079	-2.2898	-0.320096	2.41079	-2.2898	0
3.5041	-2.35519	-0.341637	3.5041	-2.35519	0
4.52709	-2.30307	-0.296986	4.52709	-2.30307	0
5.50904	-2.28461	-0.333482	5.50904	-2.28461	0
6.61167	-2.35656	-0.305415	6.61167	-2.35656	0
7.61694	-2.37092	-0.307012	7.61694	-2.37092	0
8.68729	-2.34943	-0.332905	8.68729	-2.34943	0
9.71544	-2.36591	-0.321642	9.71544	-2.36591	0
10.7262	-2.34351	-0.306918	10.7262	-2.34351	0
11.7881	-2.36332	-0.306541	11.7881	-2.36332	0
-10.9948	-2.25859	-0.293005	-10.9948	-2.25859	0
-9.96705	-2.30062	-0.328133	-9.96705	-2.30062	0
-8.91562	-2.2678	-0.323509	-8.91562	-2.2678	0
-7.85656	-2.31269	-0.295133	-7.85656	-2.31269	0
-6.77912	-2.31672	-0.283451	-6.77912	-2.31672	0
-5.73247	-2.32427	-0.291942	-5.73247	-2.32427	0
-4.69558	-2.34592	-0.328174	-4.69558	-2.34592	0
-3.68938	-2.30118	-0.319249	-3.68938	-2.30118	0
-2.68807	-2.32649	-0.307997	-2.68807	-2.32649	0
-1.61719	-2.30766	-0.321853	-1.61719	-2.30766	0
-0.610334	-1.31314	-0.316768	-0.610334	-1.31314	0
0.441634	-1.25348	-0.31512	0.441634	-1.25348	0
1.47205	-1.2495	-0.337283	1.47205	-1.2495	0
2.46695	-1.3027	-0.318639	2.46695	-1.3027	0
3.51963	-1.27882	-0.315563	3.51963	-1.27882	0
4.48453	-1.27014	-0.320082	4.48453	-1.27014	0
5.62249	-1.28897	-0.312237	5.62249	-1.28897	0
6.62981	-1.30473	-0.317127	6.62981	-1.30473	0
7.70506	-1.30197	-0.309251	7.70506	-1.30197	0
8.71805	-1.32305	-0.289874	8.71805	-1.32305	0
9.74446	-1.31628	-0.322705	9.74446	-1.31628	0
10.7476	-1.295	-0.311876	10.7476	-1.295	0
11.7679	-1.25384	-0.327364	11.7679	-1.25384	0
-10.9924	-1.26947	-0.300761	-10.9924	-1.26947	0
-9.88236	-1.23719	-0.302422	-9.88236	-1.23719	0
-8.82232	-1.25899	-0.323325	-8.82232	-1.25899	0
-7.80643	-1.22633	-0.318394	-7.80643	-1.22633	0
-6.78829	-1.33791	-0.298577	-6.78829	-1.33791	0
-5.73127	-1.27014	-0.317188	-5.73127	-1.27014	0
-4.72892	-1.26775	-0.327887	-4.72892	-1.26775	0
-3.63153	-1.27376	-0.331543	-3.63153	-1.27376	0
-2.64325	-1.28276	-0.324525	-2.64325	-1.28276	0
-1.65094	-1.23833	-0.322405	-1.65094	-1.23833	0
-0.0571101	0.253627	0.313506	-0.0571101	0.253627	0
0.968592	0.305516	0.340413	0.968592	0.305516	0
1.97054	0.323115	0.32292	1.97054	0.323115	0
3.01249	0.293432	0.324192	3.01249	0.293432	0
4.04198	0.213239	0.297414	4.04198	0.213239	0
5.08455	0.281996	0.354309	5.08455	0.281996	0
6.15296	0.268065	0.291359	6.15296	0.268065	0
7.13863	0.257521	0.322451	7.13863	0.257521	0
8.17645	0.208969	0.351148	8.17645	0.208969	0
9.1726	0.294669	0.309118	9.1726	0.294669	0
10.2396	0.314375	0.313748	10.2396	0.314375	0
11.3128	0.279502	0.313125	11.3128	0.279502	0
-11.475	0.307484	0.34697	-11.475	0.307484	0
-10.422	0.312409	0.287535	-10.422	0.312409	0
-9.40229	0.321296	0.301608	-9.40229	0.321296	0
-8.35244	0.338874	0.28867	-8.35244	0.338874	0
-7.32247	0.225116	0.324677	-7.32247	0.225116	0
-6.31296	0.256396	0.338811	-6.31296	0.256396	0
-5.2409	0.272134	0.34165	-5.2409	0.272134	0
-4.17855	0.285285	0.323979	-4.17855	0.285285	0
-3.1937	0.343048	0.349079	-3.1937	0.343048	0
-2.15761	0.336153	0.320769	-2.15761	0.336153	0
-1.12262	0.233849	0.329869	-1.12262	0.233849	0
-0.0749542	1.2911	0.296729	-0.0749542	1.2911	0
0.946461	1.30751	0.342701	0.946461	1.30751	0
1.93532	1.31399	0.296047	1.93532	1.31399	0
2.98437	1.31291	0.336268	2.98437	1.31291	0
4.03659	1.31763	0.338827	4.03659	1.31763	0
5.09166	1.31754	0.332754	5.09166	1.31754	0
6.10736	1.32452	0.304191	6.10736	1.32452	0
7.1159	1.32142	0.323429	7.1159	1.32142	0
8.15833	1.22957	0.336545	8.15833	1.22957	0
9.18541	1.31024	0.309491	9.18541	1.31024	0
10.2583	1.35064	0.303717	10.2583	1.35064	0
11.2738	1.35227	0.324387	11.2738	1.35227	0
-11.4988	1.31141	0.314374	-11.4988	1.31141	0
-10.4664	1.3663	0.349591	-10.4664	1.3663	0
-9.38273	1.37644	0.297646	-9.38273	1.37644	0
-8.35825	1.34408	0.318981	-8.35825	1.34408	0
-7.29117	1.29875	0.272498	-7.29117	1.29875	0
-6.29222	1.30982	0.319675	-6.29222	1.30982	0
-5.25177	1.28752	0.32569	-5.25177	1.28752	0
-4.22096	1.35808	0.326135	-4.22096	1.35808	0
-3.18207	1.32573	0.310243	-3.18207	1.32573	0
-2.12049	1.34229	0.309872	-2.12049	1.34229	0
-1.06899	1.24922	0.321177	-1.06899	1.24922	0
-0.119686	2.30545	0.347709	-0.119686	2.30545	0
0.895932	2.29671	0.285841	0.895932	2.29671	0
1.91189	2.33358	0.326066	1.91189	2.33358	0
2.97861	2.3288	0.326959	2.97861	2.3288	0
3.98459	2.32048	0.3409	3.98459	2.32048	0
5.01392	2.30687	0.30559	5.01392	2.30687	0
6.07603	2.32522	0.355124	6.07603	2.32522	0
7.10689	2.32263	0.319607	7.10689	2.32263	0
8.14515	2.30354	0.327973	8.14515	2.30354	0
9.17272	2.39587	0.319114	9.17272	2.39587	0
10.1841	2.40136	0.308714	10.1841	2.40136	0
11.2545	2.38968	0.321394	11.2545	2.38968	0
-11.4341	2.45953	0.319914	-11.4341	2.45953	0
-10.4134	2.41905	0.288746	-10.4134	2.41905	0
-9.36271	2.43472	0.320212	-9.36271	2.43472	0
-8.31992	2.35706	0.320912	-8.31992	2.35706	0
-7.28451	2.3557	0.352931	-7.28451	2.3557	0
-6.27676	2.28748	0.319017	-6.27676	2.28748	0
-5.22811	2.35734	0.326866	-5.22811	2.35734	0
-4.22553	2.34871	0.320181	-4.22553	2.34871	0
-3.1991	2.3485	0.341256	-3.1991	2.3485	0
-2.15567	2.34174	0.345535	-2.15567	2.34174	0
-1.10267	2.31824	0.337694	-1.10267	2.31824	0
-0.087246	3.36763	0.344828	-0.087246	3.36763	0
0.917656	3.33548	0.315791	0.917656	3.33548	0
1.96472	3.28416	0.319611	1.96472	3.28416	0
2.98797	3.26085	0.333611	2.98797	3.26085	0
4.02099	3.3928	0.343339	4.02099	3.3928	0
5.11176	3.35038	0.347166	5.11176	3.35038	0
6.09963	3.39029	0.31156	6.09963	3.39029	0
7.11857	3.36143	0.316272	7.11857	3.36143	0
8.16862	3.31879	0.331768	8.16862	3.31879	0
9.2061	3.39119	0.311378	9.2061	3.39119	0
10.2875	3.40961	0.299279	10.2875	3.40961	0
11.2482	3.37022	0.357788	11.2482	3.37022	0
-11.485	3.4515	0.304149	-11.485	3.4515	0
-10.4674	3.42071	0.312189	-10.4674	3.42071	0
-9.36405	3.47817	0.317307	-9.36405	3.47817	0
-8.31579	3.36851	0.307284	-8.31579	3.36851	0
-7.33482	3.4097	0.337741	-7.33482	3.4097	0
-6.32783	3.33562	0.328133	-6.32783	3.33562	0
-5.27672	3.35344	0.316238	-5.27672	3.35344	0
-4.21947	3.35585	0.333305	-4.21947	3.35585	0
-3.18543	3.38868	0.342798	-3.18543	3.38868	0
-2.18489	3.35955	0.326689	-2.18489	3.35955	0
-1.13648	3.37167	0.321833	-1.13648	3.37167	0
-0.144381	4.41158	0.329201	-0.144381	4.41158	0
0.94056	4.40147	0.325493	0.94056	4.40147	0
1.91141	4.41502	0.325847	1.91141	4.41502	0
2.97373	4.39685	0.331581	2.97373	4.39685	0
4.05576	4.42577	0.300532	4.05576	4.42577	0
5.02385	4.39545	0.328219	5.02385	4.39545	0
6.10799	4.38675	0.320665	6.10799	4.38675	0
7.09112	4.40054	0.288237	7.09112	4.40054	0
8.13018	4.39357	0.342109	8.13018	4.39357	0
9.15005	4.50293	0.306738	9.15005	4.50293	0
10.1807	4.44434	0.332979	10.1807	4.44434	0
11.2523	4.4937	0.318348	11.2523	4.4937	0
-11.4872	4.40373	0.339143	-11.4872	4.40373	0
-10.4501	4.45772	0.313539	-10.4501	4.45772	0
-9.43691	4.42914	0.319429	-9.43691	4.42914	0
-8.38163	4.47483	0.307851	-8.38163	4.47483	0
-7.34737	4.38543	0.334329	-7.34737	4.38543	0
-6.28568	4.39409	0.356913	-6.28568	4.39409	0
-5.24371	4.4495	0.307329	-5.24371	4.4495	0
-4.20621	4.41385	0.31417	-4.20621	4.41385	0
-3.2416	4.44306	0.336759	-3.2416	4.44306	0
-2.18341	4.38266	0.333237	-2.18341	4.38266	0
-1.15408	4.40876	0.310133	-1.15408	4.40876	0
-0.108643	5.41038	0.330865	-0.108643	5.41038	0
0.891501	5.43564	0.305012	0.891501	5.43564	0
1.9533	5.48575	0.296991	1.9533	5.48575	0
2.94847	5.43812	0.284077	2.94847	5.43812	0
3.99034	5.40314	0.295179	3.99034	5.40314	0
5.00638	5.51152	0.31973	5.00638	5.51152	0
6.06529	5.41226	0.335157	6.06529	5.41226	0
7.10948	5.4312	0.311488	7.10948	5.4312	0
8.13155	5.4706	0.317439	8.13155	5.4706	0
9.18762	5.46923	0.319475	9.18762	5.46923	0
10.1839	5.50853	0.315816	10.1839	5.50853	0
11.2232	5.47217	0.28537	11.2232	5.47217	0
-11.4856	5.44424	0.330415	-11.4856	5.44424	0
-10.4165	5.44503	0.317849	-10.4165	5.44503	0
-9.38844	5.4307	0.328408	-9.38844	5.4307	0
-8.31817	5.48201	0.295978	-8.31817	5.48201	0
-7.28543	5.42254	0.296215	-7.28543	5.42254	0
-6.26382	5.4314	0.303769	-6.26382	5.4314	0
-5.23571	5.44771	0.317719	-5.23571	5.44771	0
-4.27479	5.42368	0.320309	-4.27479	5.42368	0
-3.20832	5.45431	0.3462	-3.20832	5.45431	0
-2.18399	5.46938	0.329969	-2.18399	5.46938	0
-1.14987	5.44992	0.339423	-1.14987	5.44992	0
-0.163771	6.47389	0.360847	-0.163771	6.47389	0
0.886743	6.49551	0.296488	0.886743	6.49551	0
1.96476	6.50853	0.311766	1.96476	6.50853	0
2.97767	6.45839	0.310164	2.97767	6.45839	0
4.00667	6.51919	0.323168	4.00667	6.51919	0
5.01852	6.50297	0.320288	5.01852	6.50297	0
6.05302	6.47273	0.292475	6.05302	6.47273	0
7.05938	6.44285	0.329614	7.05938	6.44285	0
8.1599	6.49298	0.305292	8.1599	6.49298	0
9.15025	6.45843	0.339083	9.15025	6.45843	0
10.2772	6.53381	0.321487	10.2772	6.53381	0
11.3176	6.47977	0.316093	11.3176	6.47977	0
-11.4271	6.48853	0.321412	-11.4271	6.48853	0
-10.4542	6.48764	0.322883	-10.4542	6.48764	0
-9.41392	6.46937	0.321244	-9.41392	6.46937	0
-8.33457	6.49837	0.32274	-8.33457	6.49837	0
-7.29715	6.53401	0.335013	-7.29715	6.53401	0
-6.26866	6.46959	0.296616	-6.26866	6.46959	0
-5.23054	6.49533	0.328633	-5.23054	6.49533	0
-4.30629	6.48272	0.324816	-4.30629	6.48272	0
-3.23672	6.47901	0.316646	-3.23672	6.47901	0
-2.21615	6.50542	0.325425	-2.21615	6.50542	0
-1.17449	6.48766	0.310025	-1.17449	6.48766	0
-0.127487	7.48467	0.288057	-0.127487	7.48467	0
0.899669	7.50629	0.332911	0.899669	7.50629	0
1.9411	7.49359	0.309811	1.9411	7.49359	0
2.9615	7.5189	0.320461	2.9615	7.5189	0
4.0291	7.51573	0.341302	4.0291	7.51573	0
5.0364	7.58179	0.336199	5.0364	7.58179	0
6.10679	7.51694	0.306626	6.10679	7.51694	0
7.16959	7.48752	0.326818	7.16959	7.48752	0
8.16848	7.52325	0.324037	8.16848	7.52325	0
9.21803	7.42173	0.317006	9.21803	7.42173	0
10.3032	7.53374	0.292109	10.3032	7.53374	0
11.3417	7.55459	0.329572	11.3417	7.55459	0
-11.3737	7.53272	0.333529	-11.3737	7.53272	0
-10.4094	7.54339	0.326967	-10.4094	7.54339	0
-9.37102	7.45432	0.320203	-9.37102	7.45432	0
-8.3629	7.54099	0.325167	-8.3629	7.54099	0
-7.32279	7.52178	0.293907	-7.32279	7.52178	0
-6.3064	7.47664	0.290574	-6.3064	7.47664	0
-5.21535	7.53493	0.335804	-5.21535	7.53493	0
-4.26479	7.50325	0.313706	-4.26479	7.50325	0
-3.2592	7.52093	0.317657	-3.2592	7.52093	0
-2.1987	7.53736	0.30626	-2.1987	7.53736	0
-1.14853	7.52565	0.308977	-1.14853	7.52565	0
-0.0967836	8.49418	0.306232	-0.0967836	8.49418	0
0.882519	8.60137	0.328717	0.882519	8.60137	0
1.98822	8.56218	0.296602	1.98822	8.56218	0
3.03726	8.54885	0.30802	3.03726	8.54885	0
4.06291	8.58258	0.337922	4.06291	8.58258	0
5.07425	8.58282	0.293333	5.07425	8.58282	0
6.06487	8.5464	0.318416	6.06487	8.5464	0
7.08243	8.53249	0.293897	7.08243	8.53249	0
8.17142	8.53644	0.30908	8.17142	8.53644	0
9.18406	8.51642	0.307798	9.18406	8.51642	0
10.2872	8.49895	0.306812	10.2872	8.49895	0
11.3099	8.55503	0.289733	11.3099	8.55503	0
-11.4055	8.53709	0.306285	-11.4055	8.53709	0
-10.4356	8.47878	0.345077	-10.4356	8.47878	0
-9.40864	8.52704	0.31334	-9.40864	8.52704	0
-8.35513	8.52894	0.345186	-8.35513	8.52894	0
-7.29504	8.51123	0.315362	-7.29504	8.51123	0
-6.29811	8.50109	0.328205	-6.29811	8.50109	0
-5.25129	8.56214	0.347846	-5.25129	8.56214	0
-4.19828	8.54835	0.33733	-4.19828	8.54835	0
-3.17085	8.54008	0.330117	-3.17085	8.54008	0
-2.12138	8.58099	0.324146	-2.12138	8.58099	0
-1.10876	8.562	0.288196	-1.10876	8.562	0
0.0324318	9.61146	0.334236	0.0324318	9.61146	0
0.985515	9.62874	0.303862	0.985515	9.62874	0
2.02171	9.61357	0.339487	2.02171	9.61357	0
3.04949	9.56854	0.327853	3.04949	9.56854	0
4.07445	9.64618	0.348791	4.07445	9.64618	0
5.08017	9.58608	0.334973	5.08017	9.58608	0
6.0976	9.62523	0.324457	6.0976	9.62523	0
7.13467	9.57907	0.331128	7.13467	9.57907	0
8.16887	9.55131	0.321855	8.16887	9.55131	0
9.19229	9.56305	0.340769	9.19229	9.56305	0
10.2546	9.5444	0.280367	10.2546	9.5444	0
11.3241	9.56207	0.304655	11.3241	9.56207	0
-11.4394	9.6326	0.297313	-11.4394	9.6326	0
-10.466	9.57732	0.335535	-10.466	9.57732	0
-9.38287	9.53412	0.33276	-9.38287	9.53412	0
-8.37909	9.55251	0.319698	-8.37909	9.55251	0
-7.32194	9.56354	0.338422	-7.32194	9.56354	0
-6.35137	9.5181	0.322496	-6.35137	9.5181	0
-5.30985	9.51173	0.336554	-5.30985	9.51173	0
-4.28878	9.6629	0.33525	-4.28878	9.6629	0
-3.20513	9.64611	0.335862	-3.20513	9.64611	0
-2.16505	9.56406	0.335037	-2.16505	9.56406	0
-1.07671	9.56767	0.339213	-1.07671	9.56767	0
-0.130001	10.6214	0.318093	-0.130001	10.6214	0
0.978515	10.6414	0.332148	0.978515	10.6414	0
2.03943	10.6373	0.30691	2.03943	10.6373	0
3.00681	10.6347	0.266299	3.00681	10.6347	0
4.07089	10.6381	0.312289	4.07089	10.6381	0
5.10947	10.6063	0.323539	5.10947	10.6063	0
6.07902	10.667	0.306753	6.07902	10.667	0
7.13024	10.6536	0.323812	7.13024	10.6536	0
8.14598	10.6269	0.327097	8.14598	10.6269	0
9.19036	10.579	0.32995	9.19036	10.579	0
10.2293	10.5505	0.283313	10.2293	10.5505	0
11.2746	10.5289	0.317526	11.2746	10.5289	0
-11.4289	10.6415	0.341814	-11.4289	10.6415	0
-10.3749	10.6185	0.333741	-10.3749	10.6185	0
-9.38251	10.5791	0.343026	-9.38251	10.5791	0
-8.2887	10.6084	0.296942	-8.2887	10.6084	0
-7.33408	10.5894	0.285846	-7.33408	10.5894	0
-6.25666	10.5912	0.29795	-6.25666	10.5912	0
-5.2582	10.5895	0.348995	-5.2582	10.5895	0
-4.21294	10.662	0.31775	-4.21294	10.662	0
-3.16477	10.7055	0.303882	-3.16477	10.7055	0
-2.14058	10.6309	0.269975	-2.14058	10.6309	0
-1.1497	10.6256	0.362586	-1.1497	10.6256	0
-0.127051	11.6374	0.331437	-0.127051	11.6374	0
0.969561	11.6275	0.330895	0.969561	11.6275	0
1.97051	11.6884	0.336676	1.97051	11.6884	0
2.99927	11.6395	0.31707	2.99927	11.6395	0
4.04258	11.6747	0.318965	4.04258	11.6747	0
5.06702	11.6751	0.330847	5.06702	11.6751	0
6.08934	11.6511	0.307875	6.08934	11.6511	0
7.14558	11.6911	0.339642	7.14558	11.6911	0
8.14778	11.6777	0.327934	8.14778	11.6777	0
9.16904	11.6322	0.331477	9.16904	11.6322	0
10.2257	11.5187	0.305517	10.2257	11.5187	0
11.3017	11.5777	0.314632	11.3017	11.5777	0
-11.4615	11.6384	0.278526	-11.4615	11.6384	0
-10.4087	11.6179	0.347118	-10.4087	11.6179	0
-9.38146	11.5831	0.326296	-9.38146	11.5831	0
-8.34368	11.6179	0.31119	-8.34368	11.6179	0
-7.32323	11.6187	0.328372	-7.32323	11.6187	0
-6.31029	11.6331	0.340711	-6.31029	11.6331	0
-5.29252	11.6143	0.299098	-5.29252	11.6143	0
-4.26725	11.668	0.312917	-4.26725	11.668	0
-3.23218	11.7003	0.320241	-3.23218	11.7003	0
-2.13805	11.6413	0.30177	-2.13805	11.6413	0
-1.07378	11.6555	0.299643	-1.07378	11.6555	0
-0.0581708	-11.1129	0.323913	-0.0581708	-11.1129	0
0.968894	-11.0828	0.332379	0.968894	-11.0828	0
1.98751	-11.0609	0.330861	1.98751	-11.0609	0
3.02442	-11.0847	0.312223	3.02442	-11.0847	0
4.06629	-11.1342	0.323243	4.06629	-11.1342	0
5.08673	-11.0798	0.312623	5.08673	-11.0798	0
6.06377	-11.0595	0.348882	6.06377	-11.0595	0
7.14364	-11.0513	0.335764	7.14364	-11.0513	0
8.20611	-11.1151	0.288591	8.20611	-11.1151	0
9.1817	-11.1154	0.312702	9.1817	-11.1154	0
10.2334	-11.1842	0.33523	10.2334	-11.1842	0
11.2288	-11.1898	0.338841	11.2288	-11.1898	0
-11.4853	-11.1303	0.320263	-11.4853	-11.1303	0
-10.3929	-11.1755	0.298487	-10.3929	-11.1755	0
-9.394	-11.1653	0.316436	-9.394	-11.1653	0
-8.31216	-11.1604	0.307158	-8.31216	-11.1604	0
-7.31937	-11.1089	0.302545	-7.31937	-11.1089	0
-6.23793	-11.1231	0.319335	-6.23793	-11.1231	0
-5.23174	-11.1393	0.325956	-5.23174	-11.1393	0
-4.1812	-11.1145	0.295309	-4.1812	-11.1145	0
-3.2201	-11.0824	0.326354	-3.2201	-11.0824	0
-2.13379	-11.1177	0.3388	-2.13379	-11.1177	0
-1.0829	-11.0591	0.32089	-1.0829	-11.0591	0
-0.0983824	-10.0138	0.320271	-0.0983824	-10.0138	0
0.923188	-10.0695	0.3147	0.923188	-10.0695	0
1.97628	-10.047	0.29073	1.97628	-10.047	0
2.98197	-10.0813	0.311905	2.98197	-10.0813	0
4.02647	-10.1278	0.316698	4.02647	-10.1278	0
5.09531	-10.0711	0.302184	5.09531	-10.0711	0
6.09965	-10.0571	0.313151	6.09965	-10.0571	0
7.12196	-10.0847	0.320651	7.12196	-10.0847	0
8.21693	-10.0856	0.297283	8.21693	-10.0856	0
9.21265	-10.1105	0.332178	9.21265	-10.1105	0
10.2859	-10.1349	0.351227	10.2859	-10.1349	0
11.3313	-10.1616	0.289066	11.3313	-10.1616	0
-11.4693	-10.1004	0.334874	-11.4693	-10.1004	0
-10.4666	-10.1286	0.325749	-10.4666	-10.1286	0
-9.4188	-10.1236	0.327186	-9.4188	-10.1236	0
-8.38826	-10.1237	0.339539	-8.38826	-10.1237	0
-7.36393	-10.0812	0.324884	-7.36393	-10.0812	0
-6.27283	-10.1067	0.352911	-6.27283	-10.1067	0
-5.26401	-10.0733	0.294567	-5.26401	-10.0733	0
-4.20314	-10.0498	0.30619	-4.20314	-10.0498	0
-3.19572	-10.0262	0.336747	-3.19572	-10.0262	0
-2.19538	-10.0569	0.312906	-2.19538	-10.0569	0
-1.07442	-10.0419	0.311682	-1.07442	-10.0419	0
-0.118277	-9.0397	0.323662	-0.118277	-9.0397	0
0.966252	-9.00415	0.330677	0.966252	-9.00415	0
2.01878	-9.03421	0.322836	2.01878	-9.03421	0
3.01861	-9.07476	0.338713	3.01861	-9.07476	0
4.05394	-9.10912	0.301556	4.05394	-9.10912	0
5.08616	-9.01621	0.307396	5.08616	-9.01621	0
6.09941	-9.00775	0.332726	6.09941	-9.00775	0
7.16283	-9.08314	0.3191	7.16283	-9.08314	0
8.19841	-9.03406	0.328682	8.19841	-9.03406	0
9.25895	-9.06364	0.330893	9.25895	-9.06364	0
10.2903	-9.13343	0.328884	10.2903	-9.13343	0
11.2745	-9.09095	0.32239	11.2745	-9.09095	0
-11.4639	-9.11555	0.320278	-11.4639	-9.11555	0
-10.4031	-9.09324	0.32295	-10.4031	-9.09324	0
-9.4202	-9.11456	0.295824	-9.4202	-9.11456	0
-8.40089	-9.11439	0.325619	-8.40089	-9.11439	0
-7.31263	-9.10195	0.354544	-7.31263	-9.10195	0
-6.28542	-9.06196	0.32393	-6.28542	-9.06196	0
-5.27701	-9.05808	0.334852	-5.27701	-9.05808	0
-4.26252	-9.0514	0.323763	-4.26252	-9.0514	0
-3.1678	-9.00378	0.336883	-3.1678	-9.00378	0
-2.12841	-9.03743	0.289643	-2.12841	-9.03743	0
-1.14909	-9.04493	0.311763	-1.14909	-9.04493	0
-0.074004	-8.03243	0.315641	-0.074004	-8.03243	0
0.949654	-8.00526	0.315995	0.949654	-8.00526	0
1.97674	-7.97935	0.307502	1.97674	-7.97935	0
3.03959	-7.99028	0.299781	3.03959	-7.99028	0
4.08879	-8.02687	0.305915	4.08879	-8.02687	0
5.16635	-7.99265	0.303289	5.16635	-7.99265	0
6.15616	-7.98884	0.301095	6.15616	-7.98884	0
7.16514	-8.0839	0.320816	7.16514	-8.0839	0
8.20056	-8.04684	0.312345	8.20056	-8.04684	0
9.24032	-8.02633	0.301839	9.24032	-8.02633	0
10.2382	-8.06868	0.319326	10.2382	-8.06868	0
11.2845	-8.05372	0.356909	11.2845	-8.05372	0
-11.4282	-8.06284	0.291355	-11.4282	-8.06284	0
-10.3915	-8.07013	0.32212	-10.3915	-8.07013	0
-9.39021	-8.09547	0.311636	-9.39021	-8.09547	0
-8.40625	-8.06309	0.336146	-8.40625	-8.06309	0
-7.38014	-8.04586	0.305255	-7.38014	-8.04586	0
-6.30641	-8.04128	0.281153	-6.30641	-8.04128	0
-5.23755	-8.02774	0.335499	-5.23755	-8.02774	0
-4.1824	-8.00307	0.330498	-4.1824	-8.00307	0
-3.15456	-8.02325	0.287633	-3.15456	-8.02325	0
-2.15404	-7.99727	0.33314	-2.15404	-7.99727	0
-1.13905	-8.01184	0.33124	-1.13905	-8.01184	0
-0.0555931	-6.95969	0.328352	-0.0555931	-6.95969	0
0.980891	-6.92957	0.293876	0.980891	-6.92957	0
2.06188	-7.00506	0.315984	2.06188	-7.00506	0
3.06556	-7.00412	0.348451	3.06556	-7.00412	0
4.0896	-7.007	0.324483	4.0896	-7.007	0
5.09308	-6.97453	0.352959	5.09308	-6.97453	0
6.1693	-6.92968	0.330015	6.1693	-6.92968	0
7.14356	-7.00514	0.339388	7.14356	-7.00514	0
8.22337	-7.00185	0.295403	8.22337	-7.00185	0
9.25635	-7.01896	0.327616	9.25635	-7.01896	0
10.2502	-7.04029	0.304059	10.2502	-7.04029	0
11.2889	-6.98955	0.320252	11.2889	-6.98955	0
-11.4852	-7.02198	0.318754	-11.4852	-7.02198	0
-10.4312	-7.03354	0.328519	-10.4312	-7.03354	0
-9.43521	-7.05293	0.293548	-9.43521	-7.05293	0
-8.36449	-7.03232	0.314357	-8.36449	-7.03232	0
-7.35587	-7.01991	0.324046	-7.35587	-7.01991	0
-6.36607	-7.03943	0.299068	-6.36607	-7.03943	0
-5.25515	-7.0109	0.300483	-5.25515	-7.0109	0
-4.16239	-6.96559	0.290279	-4.16239	-6.96559	0
-3.17315	-6.91298	0.343354	-3.17315	-6.91298	0
-2.16677	-6.98826	0.299764	-2.16677	-6.98826	0
-1.06115	-7.00964	0.301703	-1.06115	-7.00964	0
-0.11574	-5.9168	0.334517	-0.11574	-5.9168	0
0.910643	-5.92214	0.255171	0.910643	-5.92214	0
1.98035	-5.92518	0.314961	1.98035	-5.92518	0
3.08023	-5.99457	0.31742	3.08023	-5.99457	0
4.06294	-5.99682	0.345592	4.06294	-5.99682	0
5.04839	-5.96534	0.319207	5.04839	-5.96534	0
6.16677	-5.94468	0.264386	6.16677	-5.94468	0
7.15919	-5.98471	0.342506	7.15919	-5.98471	0
8.20203	-5.95733	0.332288	8.20203	-5.95733	0
9.23389	-5.94344	0.327811	9.23389	-5.94344	0
10.2946	-5.9725	0.327497	10.2946	-5.9725	0
11.3065	-5.96344	0.313757	11.3065	-5.96344	0
-11.4559	-5.91062	0.28864	-11.4559	-5.91062	0
-10.4359	-5.9422	0.322319	-10.4359	-5.9422	0
-9.40605	-5.96136	0.292481	-9.40605	-5.96136	0
-8.32746	-5.94535	0.345251	-8.32746	-5.94535	0
-7.32244	-5.97692	0.317746	-7.32244	-5.97692	0
-6.36176	-6.02165	0.313852	-6.36176	-6.02165	0
-5.32972	-5.98122	0.304764	-5.32972	-5.98122	0
-4.26009	-5.93228	0.331776	-4.26009	-5.93228	0
-3.23327	-5.89505	0.332317	-3.23327	-5.89505	0
-2.16517	-5.91051	0.296818	-2.16517	-5.91051	0
-1.13723	-5.96521	0.300395	-1.13723	-5.96521	0
-0.091925	-4.82938	0.316475	-0.091925	-4.82938	0
0.945613	-4.91217	0.329675	0.945613	-4.91217	0
1.97066	-4.86087	0.324001	1.97066	-4.86087	0
3.01927	-4.94417	0.293017	3.01927	-4.94417	0
4.03667	-4.94258	0.315142	4.03667	-4.94258	0
5.09374	-4.90617	0.29997	5.09374	-4.90617	0
6.13208	-4.90061	0.271228	6.13208	-4.90061	0
7.12828	-4.86641	0.320744	7.12828	-4.86641	0
8.17171	-4.88878	0.297854	8.17171	-4.88878	0
9.22722	-4.89301	0.309415	9.22722	-4.89301	0
10.2722	-4.95416	0.31931	10.2722	-4.95416	0
11.3201	-5.00745	0.328113	11.3201	-5.00745	0
-11.4636	-4.89203	0.298051	-11.4636	-4.89203	0
-10.4588	-4.87469	0.314105	-10.4588	-4.87469	0
-9.42607	-4.89993	0.319066	-9.42607	-4.89993	0
-8.41371	-4.92533	0.313101	-8.41371	-4.92533	0
-7.3199	-4.92343	0.292573	-7.3199	-4.92343	0
-6.30245	-4.94402	0.306093	-6.30245	-4.94402	0
-5.27479	-4.95412	0.298044	-5.27479	-4.95412	0
-4.23296	-4.90479	0.352374	-4.23296	-4.90479	0
-3.20386	-4.86454	0.320003	-3.20386	-4.86454	0
-2.174	-4.92917	0.321137	-2.174	-4.92917	0
-1.17091	-4.88418	0.328066	-1.17091	-4.88418	0
-0.0528522	-3.85591	0.330327	-0.0528522	-3.85591	0
0.987333	-3.92324	0.325426	0.987333	-3.92324	0
1.98043	-3.86642	0.333885	1.98043	-3.86642	0
2.99553	-3.92342	0.30883	2.99553	-3.92342	0
4.03407	-3.90688	0.287669	4.03407	-3.90688	0
5.03623	-3.85665	0.300946	5.03623	-3.85665	0
6.0606	-3.85004	0.316163	6.0606	-3.85004	0
7.09837	-3.88542	0.331578	7.09837	-3.88542	0
8.1672	-3.8809	0.322621	8.1672	-3.8809	0
9.19328	-3.93023	0.318667	9.19328	-3.93023	0
10.3139	-3.94224	0.315289	10.3139	-3.94224	0
11.3026	-3.8581	0.329228	11.3026	-3.8581	0
-11.4147	-3.85068	0.331275	-11.4147	-3.85068	0
-10.3973	-3.90757	0.328251	-10.3973	-3.90757	0
-9.36595	-3.87143	0.323332	-9.36595	-3.87143	0
-8.3918	-3.89848	0.311298	-8.3918	-3.89848	0
-7.37257	-3.86124	0.303461	-7.37257	-3.86124	0
-6.27881	-3.8805	0.319205	-6.27881	-3.8805	0
-5.25507	-3.96041	0.336507	-5.25507	-3.96041	0
-4.21278	-3.86467	0.30573	-4.21278	-3.86467	0
-3.21435	-3.85161	0.32305	-3.21435	-3.85161	0
-2.16397	-3.89823	0.313908	-2.16397	-3.89823	0
-1.10289	-3.92303	0.318299	-1.10289	-3.92303	0
-0.0622522	-2.80193	0.308486	-0.0622522	-2.80193	0
0.92726	-2.81048	0.304181	0.92726	-2.81048	0
1.986	-2.83097	0.317074	1.986	-2.83097	0
2.9868	-2.8605	0.334798	2.9868	-2.8605	0
4.06221	-2.87537	0.303595	4.06221	-2.87537	0
5.04577	-2.82806	0.315836	5.04577	-2.82806	0
6.09288	-2.80853	0.338668	6.09288	-2.80853	0
7.1333	-2.85784	0.33402	7.1333	-2.85784	0
8.16276	-2.88223	0.307695	8.16276	-2.88223	0
9.18443	-2.81982	0.293769	9.18443	-2.81982	0
10.2155	-2.85041	0.32346	10.2155	-2.85041	0
11.2336	-2.8337	0.303553	11.2336	-2.8337	0
-11.4987	-2.80169	0.34707	-11.4987	-2.80169	0
-10.4236	-2.76328	0.317731	-10.4236	-2.76328	0
-9.3835	-2.764	0.297706	-9.3835	-2.764	0
-8.4147	-2.89714	0.321733	-8.4147	-2.89714	0
-7.28893	-2.81472	0.330582	-7.28893	-2.81472	0
-6.25812	-2.81271	0.325406	-6.25812	-2.81271	0
-5.27035	-2.83271	0.325679	-5.27035	-2.83271	0
-4.21706	-2.88042	0.34027	-4.21706	-2.88042	0
-3.20737	-2.79679	0.304509	-3.20737	-2.79679	0
-2.16188	-2.86821	0.290042	-2.16188	-2.86821	0
-1.05419	-2.87123	0.324511	-1.05419	-2.87123	0
-0.00054276	-1.83493	0.312232	-0.00054276	-1.83493	0
0.996163	-1.75735	0.330643	0.996163	-1.75735	0
1.95825	-1.75224	0.34085	1.95825	-1.75224	0
2.98816	-1.83984	0.31371	2.98816	-1.83984	0
3.99736	-1.83803	0.287257	3.99736	-1.83803	0
5.0417	-1.7755	0.325197	5.0417	-1.7755	0
6.09902	-1.81817	0.319888	6.09902	-1.81817	0
7.11602	-1.82293	0.311485	7.11602	-1.82293	0
8.16846	-1.90226	0.310085	8.16846	-1.90226	0
9.2398	-1.79684	0.325101	9.2398	-1.79684	0
10.2372	-1.82589	0.275505	10.2372	-1.82589	0
11.2252	-1.87963	0.332663	11.2252	-1.87963	0
-11.5829	-1.78605	0.292454	-11.5829	-1.78605	0
-10.4448	-1.73211	0.312391	-10.4448	-1.73211	0
-9.40318	-1.75785	0.301934	-9.40318	-1.75785	0
-8.39698	-1.76113	0.342638	-8.39698	-1.76113	0
-7.33769	-1.80418	0.319841	-7.33769	-1.80418	0
-6.22574	-1.77262	0.324603	-6.22574	-1.77262	0
-5.17779	-1.8157	0.311025	-5.17779	-1.8157	0
-4.18544	-1.78728	0.320898	-4.18544	-1.78728	0
-3.14838	-1.77183	0.326576	-3.14838	-1.77183	0
-2.11723	-1.81475	0.317363	-2.11723	-1.81475	0
-1.08304	-1.78322	0.32543	-1.08304	-1.78322	0
-0.0495074	-0.742022	0.304102	-0.0495074	-0.742022	0
0.948538	-0.767065	0.336712	0.948538	-0.767065	0
1.94836	-0.719718	0.331775	1.94836	-0.719718	0
2.94152	-0.776296	0.328366	2.94152	-0.776296	0
4.09222	-0.71287	0.316176	4.09222	-0.71287	0
5.07363	-0.763782	0.321454	5.07363	-0.763782	0
6.09074	-0.793559	0.321747	6.09074	-0.793559	0
7.17463	-0.801013	0.329401	7.17463	-0.801013	0
8.22191	-0.811365	0.315883	8.22191	-0.811365	0
9.27379	-0.764946	0.331355	9.27379	-0.764946	0
10.2625	-0.757441	0.316631	10.2625	-0.757441	0
11.2507	-0.779244	0.301949	11.2507	-0.779244	0
-11.4224	-0.765757	0.331537	-11.4224	-0.765757	0
-10.3594	-0.695034	0.306689	-10.3594	-0.695034	0
-9.36589	-0.703847	0.320734	-9.36589	-0.703847	0
-8.30851	-0.75225	0.341628	-8.30851	-0.75225	0
-7.26317	-0.765052	0.308101	-7.26317	-0.765052	0
-6.23975	-0.769699	0.301734	-6.23975	-0.769699	0
-5.20608	-0.786667	0.314096	-5.20608	-0.786667	0
-4.19024	-0.7102	0.293144	-4.19024	-0.7102	0
-3.16683	-0.698365	0.306656	-3.16683	-0.698365	0
-2.19031	-0.753574	0.324355	-2.19031	-0.753574	0
-1.14052	-0.764415	0.32792	-1.14052	-0.764415	0
