-0.280185	0.0138899	-0.315253	-0.280185	0.0138899	0
0.766632	-0.000225968	-0.331581	0.766632	-0.000225968	0
1.73206	-0.0115146	-0.332675	1.73206	-0.0115146	0
2.81696	-0.00700541	-0.305782	2.81696	-0.00700541	0
3.84211	-0.0391416	-0.261263	3.84211	-0.0391416	0
4.84399	-0.0225578	-0.345012	4.84399	-0.0225578	0
5.92612	-0.0215366	-0.319341	5.92612	-0.0215366	0
6.90169	0.0194568	-0.291018	6.90169	0.0194568	0
7.92064	0.00269903	-0.30741	7.92064	0.00269903	0
8.9253	0.0961892	-0.2871	8.9253	0.0961892	0
10.0455	0.0224046	-0.313384	10.0455	0.0224046	0
11.0808	-0.00749347	-0.308803	11.0808	-0.00749347	0
-11.6737	-0.00656731	-0.297645	-11.6737	-0.00656731	0
-10.6535	0.00722721	-0.274529	-10.6535	0.00722721	0
-9.60649	0.00901177	-0.31817	-9.60649	0.00901177	0
-8.58591	-0.0211825	-0.331769	-8.58591	-0.0211825	0
-7.55821	-0.0561584	-0.32852	-7.55821	-0.0561584	0
-6.56161	-0.0595757	-0.302894	-6.56161	-0.0595757	0
-5.52904	-0.0612492	-0.306163	-5.52904	-0.0612492	0
-4.49118	-0.0718809	-0.312689	-4.49118	-0.0718809	0
-3.49756	-0.0721447	-0.330494	-3.49756	-0.0721447	0
-2.45111	-0.0182392	-0.331996	-2.45111	-0.0182392	0
-1.2954	0.00336539	-0.289205	-1.2954	0.00336539	0
-0.332985	1.03324	-0.302848	-0.332985	1.03324	0
0.746938	1.01192	-0.336635	0.746938	1.01192	0
1.75075	1.02369	-0.335087	1.75075	1.02369	0
2.75714	0.97831	-0.301354	2.75714	0.97831	0
3.87897	0.99119	-0.318058	3.87897	0.99119	0
4.95614	1.02815	-0.307369	4.95614	1.02815	0
5.93901	1.01928	-0.335199	5.93901	1.01928	0
6.94408	0.995828	-0.305538	6.94408	0.995828	0
7.95121	1.07038	-0.340866	7.95121	1.07038	0
8.9955	1.07322	-0.284932	8.9955	1.07322	0
10.0241	1.02935	-0.316895	10.0241	1.02935	0
11.0366	1.0669	-0.327838	11.0366	1.0669	0
-11.7265	1.00198	-0.299856	-11.7265	1.00198	0
-10.7105	1.01393	-0.328015	-10.7105	1.01393	0
-9.63923	0.983867	-0.332739	-9.63923	0.983867	0
-8.59986	1.03046	-0.333801	-8.59986	1.03046	0
-7.57463	1.02808	-0.317559	-7.57463	1.02808	0
-6.49398	0.977486	-0.343207	-6.49398	0.977486	0
-5.49915	1.02415	-0.311348	-5.49915	1.02415	0
-4.45061	1.0176	-0.330503	-4.45061	1.0176	0
-3.39811	1.05822	-0.323181	-3.39811	1.05822	0
-2.4149	0.964473	-0.299968	-2.4149	0.964473	0
-1.36892	1.00618	-0.327708	-1.36892	1.00618	0
-0.319002	2.07758	-0.340993	-0.319002	2.07758	0
0.758911	2.02948	-0.312429	0.758911	2.02948	0
1.83802	2.04582	-0.326412	1.83802	2.04582	0
2.83271	2.0324	-0.317006	2.83271	2.0324	0
3.86437	2.03604	-0.296174	3.86437	2.03604	0
4.92119	2.07188	-0.316595	4.92119	2.07188	0
5.96868	2.02832	-0.327685	5.96868	2.02832	0
6.95535	2.08464	-0.313683	6.95535	2.08464	0
7.95051	2.09611	-0.327351	7.95051	2.09611	0
9.03263	2.08232	-0.309406	9.03263	2.08232	0
10.012	2.09362	-0.300824	10.012	2.09362	0
11.0466	2.11771	-0.302696	11.0466	2.11771	0
-11.709	2.02124	-0.345158	-11.709	2.02124	0
-10.7001	2.05273	-0.34318	-10.7001	2.05273	0
-9.6414	2.03248	-0.30811	-9.6414	2.03248	0
-8.62873	2.03157	-0.307948	-8.62873	2.03157	0
-7.54745	2.0025	-0.300867	-7.54745	2.0025	0
-6.54007	2.05051	-0.278779	-6.54007	2.05051	0
-5.50733	2.02888	-0.328565	-5.50733	2.02888	0
-4.45385	2.02023	-0.336757	-4.45385	2.02023	0
-3.46044	2.03358	-0.323079	-3.46044	2.03358	0
-2.46571	2.0015	-0.328754	-2.46571	2.0015	0
-1.40605	2.00461	-0.356473	-1.40605	2.00461	0
-0.296063	3.04506	-0.304706	-0.296063	3.04506	0
0.710119	3.03768	-0.325692	0.710119	3.03768	0
1.74344	3.11332	-0.320268	1.74344	3.11332	0
2.75945	3.03527	-0.310711	2.75945	3.03527	0
3.78777	3.00197	-0.337582	3.78777	3.00197	0
4.83727	3.04362	-0.304405	4.83727	3.04362	0
5.89852	3.099	-0.325241	5.89852	3.099	0
6.94549	3.12067	-0.321687	6.94549	3.12067	0
8.02111	3.13737	-0.338078	8.02111	3.13737	0
8.9767	3.11725	-0.322617	8.9767	3.11725	0
10.0547	3.12302	-0.305237	10.0547	3.12302	0
11.0727	3.1312	-0.315603	11.0727	3.1312	0
-11.6561	3.03614	-0.312942	-11.6561	3.03614	0
-10.6133	3.12589	-0.326532	-10.6133	3.12589	0
-9.60335	3.04749	-0.309585	-9.60335	3.04749	0
-8.58032	3.05843	-0.333297	-8.58032	3.05843	0
-7.5837	3.05673	-0.304894	-7.5837	3.05673	0
-6.52824	3.08008	-0.296857	-6.52824	3.08008	0
-5.40915	3.03878	-0.323276	-5.40915	3.03878	0
-4.44592	3.08568	-0.339527	-4.44592	3.08568	0
-3.48244	3.01628	-0.32951	-3.48244	3.01628	0
-2.4375	2.99904	-0.314456	-2.4375	2.99904	0
-1.35698	2.9932	-0.32612	-1.35698	2.9932	0
-0.333127	4.11483	-0.300433	-0.333127	4.11483	0
0.768957	4.1003	-0.326319	0.768957	4.1003	0
1.77793	4.10194	-0.306485	1.77793	4.10194	0
2.77354	4.1286	-0.329248	2.77354	4.1286	0
3.77033	4.05411	-0.316518	3.77033	4.05411	0
4.75565	4.06907	-0.313627	4.75565	4.06907	0
5.91031	4.11953	-0.339289	5.91031	4.11953	0
6.9387	4.09079	-0.307594	6.9387	4.09079	0
7.95546	4.19153	-0.323243	7.95546	4.19153	0
8.98029	4.19348	-0.321221	8.98029	4.19348	0
10.0298	4.20567	-0.287687	10.0298	4.20567	0
11.1129	4.12372	-0.310463	11.1129	4.12372	0
-11.6574	4.10115	-0.326897	-11.6574	4.10115	0
-10.6867	4.12416	-0.307508	-10.6867	4.12416	0
-9.59362	4.09813	-0.29366	-9.59362	4.09813	0
-8.56032	4.09944	-0.298498	-8.56032	4.09944	0
-7.59994	4.03589	-0.346003	-7.59994	4.03589	0
-6.48748	4.10331	-0.308487	-6.48748	4.10331	0
-5.47711	4.08781	-0.288967	-5.47711	4.08781	0
-4.46483	4.11737	-0.344554	-4.46483	4.11737	0
-3.42178	4.08464	-0.306358	-3.42178	4.08464	0
-2.37531	4.03846	-0.326817	-2.37531	4.03846	0
-1.38866	4.06221	-0.340837	-1.38866	4.06221	0
-0.369227	5.15717	-0.338698	-0.369227	5.15717	0
0.736673	5.11867	-0.309347	0.736673	5.11867	0
1.72585	5.20704	-0.296269	1.72585	5.20704	0
2.79251	5.15236	-0.309712	2.79251	5.15236	0
3.75649	5.14332	-0.339648	3.75649	5.14332	0
4.7897	5.10243	-0.32787	4.7897	5.10243	0
5.80432	5.16309	-0.339546	5.80432	5.16309	0
6.90016	5.09173	-0.323992	6.90016	5.09173	0
7.93374	5.18411	-0.318189	7.93374	5.18411	0
8.97251	5.26857	-0.336383	8.97251	5.26857	0
9.99917	5.21612	-0.337883	9.99917	5.21612	0
11.0653	5.15329	-0.305759	11.0653	5.15329	0
-11.7224	5.20352	-0.320449	-11.7224	5.20352	0
-10.6746	5.21221	-0.295977	-10.6746	5.21221	0
-9.65839	5.13166	-0.297427	-9.65839	5.13166	0
-8.63292	5.14983	-0.325149	-8.63292	5.14983	0
-7.60899	5.12662	-0.347296	-7.60899	5.12662	0
-6.51917	5.11828	-0.322732	-6.51917	5.11828	0
-5.50114	5.08912	-0.341638	-5.50114	5.08912	0
-4.45407	5.10982	-0.336954	-4.45407	5.10982	0
-3.40692	5.11718	-0.345734	-3.40692	5.11718	0
-2.36616	5.09806	-0.321933	-2.36616	5.09806	0
-1.36391	5.09341	-0.301536	-1.36391	5.09341	0
-0.312376	6.11128	-0.323106	-0.312376	6.11128	0
0.638003	6.12808	-0.326126	0.638003	6.12808	0
1.69859	6.18664	-0.304235	1.69859	6.18664	0
2.73693	6.18957	-0.312187	2.73693	6.18957	0
3.79807	6.20006	-0.31184	3.79807	6.20006	0
4.85303	6.20536	-0.312862	4.85303	6.20536	0
5.87775	6.19972	-0.324846	5.87775	6.19972	0
6.89009	6.18337	-0.314747	6.89009	6.18337	0
7.90221	6.25912	-0.342063	7.90221	6.25912	0
8.99334	6.30027	-0.323862	8.99334	6.30027	0
10.0457	6.24418	-0.293027	10.0457	6.24418	0
10.9986	6.23215	-0.330633	10.9986	6.23215	0
-11.7089	6.24518	-0.308645	-11.7089	6.24518	0
-10.6869	6.19953	-0.310329	-10.6869	6.19953	0
-9.67085	6.17822	-0.319379	-9.67085	6.17822	0
-8.57736	6.17897	-0.309268	-8.57736	6.17897	0
-7.56072	6.12644	-0.296197	-7.56072	6.12644	0
-6.53746	6.14854	-0.328008	-6.53746	6.14854	0
-5.46812	6.10387	-0.323073	-5.46812	6.10387	0
-4.4589	6.15396	-0.322183	-4.4589	6.15396	0
-3.42591	6.13545	-0.310984	-3.42591	6.13545	0
-2.43287	6.11755	-0.332567	-2.43287	6.11755	0
-1.42346	6.09846	-0.334762	-1.42346	6.09846	0
-0.329334	7.15504	-0.295067	-0.329334	7.15504	0
0.695866	7.20338	-0.326301	0.695866	7.20338	0
1.7149	7.19982	-0.293276	1.7149	7.19982	0
2.73111	7.21888	-0.309665	2.73111	7.21888	0
3.7864	7.21537	-0.327634	3.7864	7.21537	0
4.82058	7.17371	-0.31347	4.82058	7.17371	0
5.88003	7.20483	-0.301958	5.88003	7.20483	0
6.93312	7.24125	-0.317528	6.93312	7.24125	0
7.89266	7.25956	-0.308671	7.89266	7.25956	0
9.05404	7.30982	-0.354634	9.05404	7.30982	0
10.0788	7.21254	-0.301279	10.0788	7.21254	0
11.0472	7.27304	-0.299973	11.0472	7.27304	0
-11.6989	7.23855	-0.305453	-11.6989	7.23855	0
-10.6952	7.23843	-0.300453	-10.6952	7.23843	0
-9.69896	7.24968	-0.315044	-9.69896	7.24968	0
-8.67563	7.24306	-0.336229	-8.67563	7.24306	0
-7.52612	7.16373	-0.307693	-7.52612	7.16373	0
-6.5463	7.20184	-0.326304	-6.5463	7.20184	0
-5.51346	7.19805	-0.290082	-5.51346	7.19805	0
-4.42008	7.14646	-0.354122	-4.42008	7.14646	0
-3.39036	7.21863	-0.325098	-3.39036	7.21863	0
-2.38817	7.16278	-0.326865	-2.38817	7.16278	0
-1.37547	7.16181	-0.318654	-1.37547	7.16181	0
-0.371649	8.27668	-0.321374	-0.371649	8.27668	0
0.668119	8.27127	-0.324757	0.668119	8.27127	0
1.71781	8.2309	-0.338783	1.71781	8.2309	0
2.78946	8.29359	-0.320507	2.78946	8.29359	0
3.77762	8.22174	-0.303089	3.77762	8.22174	0
4.83267	8.2458	-0.306221	4.83267	8.2458	0
5.85219	8.22123	-0.322234	5.85219	8.22123	0
6.89326	8.26665	-0.338116	6.89326	8.26665	0
7.99115	8.31025	-0.354041	7.99115	8.31025	0
8.98219	8.30456	-0.335612	8.98219	8.30456	0
10.0018	8.27442	-0.308221	10.0018	8.27442	0
11.0517	8.26872	-0.350042	11.0517	8.26872	0
-11.6781	8.25851	-0.306757	-11.6781	8.25851	0
-10.6791	8.23736	-0.314211	-10.6791	8.23736	0
-9.67172	8.29794	-0.334484	-9.67172	8.29794	0
-8.66237	8.26969	-0.3114	-8.66237	8.26969	0
-7.56158	8.19506	-0.317513	-7.56158	8.19506	0
-6.50801	8.20725	-0.310506	-6.50801	8.20725	0
-5.50391	8.2677	-0.337389	-5.50391	8.2677	0
-4.45085	8.20665	-0.304859	-4.45085	8.20665	0
-3.49373	8.17812	-0.323839	-3.49373	8.17812	0
-2.4437	8.2047	-0.337305	-2.4437	8.2047	0
-1.37085	8.19562	-0.336127	-1.37085	8.19562	0
-0.382121	9.25214	-0.320437	-0.382121	9.25214	0
0.635033	9.29685	-0.285748	0.635033	9.29685	0
1.64577	9.30815	-0.348404	1.64577	9.30815	0
2.71949	9.22961	-0.318203	2.71949	9.22961	0
3.7707	9.26987	-0.325794	3.7707	9.26987	0
4.82026	9.34359	-0.310147	4.82026	9.34359	0
5.8453	9.27824	-0.332955	5.8453	9.27824	0
6.87346	9.27008	-0.336094	6.87346	9.27008	0
7.93311	9.35497	-0.308858	7.93311	9.35497	0
8.9923	9.30315	-0.317069	8.9923	9.30315	0
9.99069	9.28576	-0.331234	9.99069	9.28576	0
11.0621	9.30774	-0.315494	11.0621	9.30774	0
-11.7578	9.23984	-0.338561	-11.7578	9.23984	0
-10.7424	9.30055	-0.344146	-10.7424	9.30055	0
-9.66231	9.34994	-0.328096	-9.66231	9.34994	0
-8.68895	9.30937	-0.326838	-8.68895	9.30937	0
-7.61844	9.19703	-0.31874	-7.61844	9.19703	0
-6.54406	9.24627	-0.297415	-6.54406	9.24627	0
-5.50957	9.28846	-0.294753	-5.50957	9.28846	0
-4.51165	9.27418	-0.310799	-4.51165	9.27418	0
-3.44916	9.20378	-0.343111	-3.44916	9.20378	0
-2.47144	9.24999	-0.330114	-2.47144	9.24999	0
-1.42204	9.22956	-0.304313	-1.42204	9.22956	0
-0.362457	10.3137	-0.31702	-0.362457	10.3137	0
0.644318	10.3229	-0.306003	0.644318	10.3229	0
1.73727	10.298	-0.295616	1.73727	10.298	0
2.74302	10.2571	-0.271572	2.74302	10.2571	0
3.86691	10.3393	-0.346278	3.86691	10.3393	0
4.93842	10.4011	-0.332725	4.93842	10.4011	0
5.88053	10.3657	-0.308456	5.88053	10.3657	0
6.90765	10.3372	-0.308253	6.90765	10.3372	0
7.92964	10.3908	-0.332838	7.92964	10.3908	0
8.97899	10.4208	-0.333106	8.97899	10.4208	0
10.0892	10.3446	-0.314268	10.0892	10.3446	0
11.0659	10.3001	-0.342892	11.0659	10.3001	0
-11.7108	10.3427	-0.319665	-11.7108	10.3427	0
-10.6721	10.3495	-0.322953	-10.6721	10.3495	0
-9.65289	10.3624	-0.326265	-9.65289	10.3624	0
-8.60881	10.3261	-0.313138	-8.60881	10.3261	0
-7.56008	10.2651	-0.322938	-7.56008	10.2651	0
-6.60114	10.257	-0.344002	-6.60114	10.257	0
-5.48572	10.2905	-0.305796	-5.48572	10.2905	0
-4.50113	10.2659	-0.332331	-4.50113	10.2659	0
-3.40035	10.3306	-0.32034	-3.40035	10.3306	0
-2.40703	10.2915	-0.327979	-2.40703	10.2915	0
-1.37916	10.2687	-0.319041	-1.37916	10.2687	0
-0.374796	11.3578	-0.294422	-0.374796	11.3578	0
0.620099	11.3847	-0.33014	0.620099	11.3847	0
1.72693	11.3488	-0.317167	1.72693	11.3488	0
2.73846	11.3191	-0.309289	2.73846	11.3191	0
3.76684	11.3268	-0.292909	3.76684	11.3268	0
4.7962	11.3961	-0.333257	4.7962	11.3961	0
5.89326	11.3489	-0.355388	5.89326	11.3489	0
6.88222	11.3584	-0.299337	6.88222	11.3584	0
7.91344	11.3955	-0.300553	7.91344	11.3955	0
8.94108	11.4235	-0.314922	8.94108	11.4235	0
9.95118	11.3566	-0.324701	9.95118	11.3566	0
11.0362	11.3871	-0.31837	11.0362	11.3871	0
-11.8205	11.3681	-0.304999	-11.8205	11.3681	0
-10.7402	11.3983	-0.334149	-10.7402	11.3983	0
-9.67464	11.2964	-0.334806	-9.67464	11.2964	0
-8.66757	11.3344	-0.320707	-8.66757	11.3344	0
-7.56719	11.3155	-0.312268	-7.56719	11.3155	0
-6.56949	11.3031	-0.338823	-6.56949	11.3031	0
-5.51239	11.2766	-0.322568	-5.51239	11.2766	0
-4.48238	11.2675	-0.312486	-4.48238	11.2675	0
-3.43218	11.2824	-0.322079	-3.43218	11.2824	0
-2.39392	11.3237	-0.29022	-2.39392	11.3237	0
-1.42021	11.3643	-0.328276	-1.42021	11.3643	0
-0.355944	-11.3986	-0.341296	-0.355944	-11.3986	0
0.69293	-11.4003	-0.295452	0.69293	-11.4003	0
1.73892	-11.3973	-0.295045	1.73892	-11.3973	0
2.77504	-11.431	-0.294126	2.77504	-11.431	0
3.77562	-11.4407	-0.342821	3.77562	-11.4407	0
4.83998	-11.3335	-0.319497	4.83998	-11.3335	0
5.85847	-11.3849	-0.323141	5.85847	-11.3849	0
6.85907	-11.3728	-0.300175	6.85907	-11.3728	0
7.88761	-11.3264	-0.309258	7.88761	-11.3264	0
8.93423	-11.3038	-0.325585	8.93423	-11.3038	0
9.9268	-11.4083	-0.302968	9.9268	-11.4083	0
10.9764	-11.3427	-0.337155	10.9764	-11.3427	0
-11.7332	-11.3864	-0.308299	-11.7332	-11.3864	0
-10.6955	-11.3856	-0.31481	-10.6955	-11.3856	0
-9.66349	-11.3999	-0.309034	-9.66349	-11.3999	0
-8.64017	-11.4354	-0.326966	-8.64017	-11.4354	0
-7.62197	-11.4346	-0.335459	-7.62197	-11.4346	0
-6.48702	-11.4375	-0.318538	-6.48702	-11.4375	0
-5.49417	-11.4696	-0.291937	-5.49417	-11.4696	0
-4.46881	-11.4414	-0.31398	-4.46881	-11.4414	0
-3.4206	-11.4142	-0.327427	-3.4206	-11.4142	0
-2.40514	-11.4125	-0.3052	-2.40514	-11.4125	0
-1.4115	-11.4342	-0.300015	-1.4115	-11.4342	0
-0.363781	-10.3534	-0.305017	-0.363781	-10.3534	0
0.638843	-10.3423	-0.31357	0.638843	-10.3423	0
1.62626	-10.3724	-0.307801	1.62626	-10.3724	0
2.69517	-10.3895	-0.305556	2.69517	-10.3895	0
3.71731	-10.3998	-0.301411	3.71731	-10.3998	0
4.847	-10.3425	-0.290459	4.847	-10.3425	0
5.85498	-10.3431	-0.307687	5.85498	-10.3431	0
6.88296	-10.3478	-0.30131	6.88296	-10.3478	0
7.92352	-10.3163	-0.292145	7.92352	-10.3163	0
8.90671	-10.2975	-0.31602	8.90671	-10.2975	0
9.9392	-10.3083	-0.32937	9.9392	-10.3083	0
10.9979	-10.309	-0.338714	10.9979	-10.309	0
-11.7229	-10.3632	-0.310023	-11.7229	-10.3632	0
-10.6344	-10.3791	-0.317233	-10.6344	-10.3791	0
-9.61079	-10.3761	-0.306569	-9.61079	-10.3761	0
-8.56321	-10.3946	-0.321053	-8.56321	-10.3946	0
-7.54128	-10.4367	-0.333511	-7.54128	-10.4367	0
-6.5181	-10.4112	-0.334325	-6.5181	-10.4112	0
-5.49001	-10.3901	-0.321456	-5.49001	-10.3901	0
-4.45077	-10.4518	-0.315996	-4.45077	-10.4518	0
-3.46354	-10.4008	-0.330621	-3.46354	-10.4008	0
-2.42409	-10.4164	-0.306205	-2.42409	-10.4164	0
-1.3674	-10.3394	-0.33933	-1.3674	-10.3394	0
-0.407026	-9.27233	-0.316257	-0.407026	-9.27233	0
0.655819	-9.31355	-0.324481	0.655819	-9.31355	0
1.66968	-9.27349	-0.309555	1.66968	-9.27349	0
2.6931	-9.41066	-0.297676	2.6931	-9.41066	0
3.71108	-9.38169	-0.293025	3.71108	-9.38169	0
4.77104	-9.31634	-0.333677	4.77104	-9.31634	0
5.81784	-9.31158	-0.327615	5.81784	-9.31158	0
6.94776	-9.34175	-0.300311	6.94776	-9.34175	0
7.92955	-9.30788	-0.296975	7.92955	-9.30788	0
8.95312	-9.29567	-0.33242	8.95312	-9.29567	0
10.0055	-9.28329	-0.314444	10.0055	-9.28329	0
10.9836	-9.30735	-0.310989	10.9836	-9.30735	0
-11.7779	-9.32531	-0.313379	-11.7779	-9.32531	0
-10.6596	-9.36088	-0.314776	-10.6596	-9.36088	0
-9.6288	-9.34841	-0.270321	-9.6288	-9.34841	0
-8.65897	-9.32994	-0.321718	-8.65897	-9.32994	0
-7.61159	-9.33645	-0.344333	-7.61159	-9.33645	0
-6.53166	-9.34136	-0.321082	-6.53166	-9.34136	0
-5.5242	-9.33653	-0.332227	-5.5242	-9.33653	0
-4.51432	-9.37309	-0.301002	-4.51432	-9.37309	0
-3.45242	-9.33358	-0.332612	-3.45242	-9.33358	0
-2.50187	-9.377	-0.288199	-2.50187	-9.377	0
-1.45326	-9.31202	-0.312768	-1.45326	-9.31202	0
-0.351677	-8.21404	-0.283117	-0.351677	-8.21404	0
0.65139	-8.2416	-0.325793	0.65139	-8.2416	0
1.76948	-8.25469	-0.32734	1.76948	-8.25469	0
2.74136	-8.27294	-0.295635	2.74136	-8.27294	0
3.8499	-8.32984	-0.307663	3.8499	-8.32984	0
4.7796	-8.24156	-0.278973	4.7796	-8.24156	0
5.85751	-8.31158	-0.282312	5.85751	-8.31158	0
6.9082	-8.25896	-0.296434	6.9082	-8.25896	0
7.88368	-8.20527	-0.321081	7.88368	-8.20527	0
8.95748	-8.30062	-0.336037	8.95748	-8.30062	0
9.98593	-8.29764	-0.314619	9.98593	-8.29764	0
11.0324	-8.29364	-0.328798	11.0324	-8.29364	0
-11.7237	-8.30562	-0.324101	-11.7237	-8.30562	0
-10.6573	-8.2571	-0.33381	-10.6573	-8.2571	0
-9.63146	-8.29818	-0.306201	-9.63146	-8.29818	0
-8.59292	-8.32758	-0.326348	-8.59292	-8.32758	0
-7.55114	-8.35396	-0.316763	-7.55114	-8.35396	0
-6.5537	-8.324	-0.315188	-6.5537	-8.324	0
-5.48502	-8.30082	-0.340266	-5.48502	-8.30082	0
-4.44855	-8.31885	-0.305739	-4.44855	-8.31885	0
-3.44499	-8.32722	-0.320823	-3.44499	-8.32722	0
-2.43021	-8.28518	-0.321761	-2.43021	-8.28518	0
-1.39259	-8.27972	-0.291808	-1.39259	-8.27972	0
-0.3462	-7.26262	-0.338805	-0.3462	-7.26262	0
0.728125	-7.2328	-0.309115	0.728125	-7.2328	0
1.75893	-7.27858	-0.320951	1.75893	-7.27858	0
2.79925	-7.27799	-0.34562	2.79925	-7.27799	0
3.78598	-7.27259	-0.312533	3.78598	-7.27259	0
4.81838	-7.25077	-0.330265	4.81838	-7.25077	0
5.84429	-7.28972	-0.316217	5.84429	-7.28972	0
6.84203	-7.23112	-0.277891	6.84203	-7.23112	0
7.89901	-7.22596	-0.303922	7.89901	-7.22596	0
8.97373	-7.25914	-0.321368	8.97373	-7.25914	0
9.99298	-7.28366	-0.312083	9.99298	-7.28366	0
11.0606	-7.21773	-0.320097	11.0606	-7.21773	0
-11.7409	-7.25646	-0.333584	-11.7409	-7.25646	0
-10.6698	-7.22597	-0.341999	-10.6698	-7.22597	0
-9.61729	-7.27093	-0.276576	-9.61729	-7.27093	0
-8.59171	-7.31103	-0.29133	-8.59171	-7.31103	0
-7.55839	-7.3425	-0.342368	-7.55839	-7.3425	0
-6.5377	-7.31082	-0.304784	-6.5377	-7.31082	0
-5.52436	-7.25995	-0.289294	-5.52436	-7.25995	0
-4.4945	-7.24275	-0.327094	-4.4945	-7.24275	0
-3.50316	-7.26364	-0.321126	-3.50316	-7.26364	0
-2.51633	-7.25853	-0.336894	-2.51633	-7.25853	0
-1.39225	-7.27752	-0.318363	-1.39225	-7.27752	0
-0.363759	-6.2139	-0.318585	-0.363759	-6.2139	0
0.707921	-6.20847	-0.32034	0.707921	-6.20847	0
1.77651	-6.22304	-0.331648	1.77651	-6.22304	0
2.81615	-6.21886	-0.322136	2.81615	-6.21886	0
3.84369	-6.16286	-0.345197	3.84369	-6.16286	0
4.85229	-6.23504	-0.327656	4.85229	-6.23504	0
5.84804	-6.22904	-0.335118	5.84804	-6.22904	0
6.88582	-6.22145	-0.292758	6.88582	-6.22145	0
7.89429	-6.17567	-0.318574	7.89429	-6.17567	0
8.99816	-6.15968	-0.305129	8.99816	-6.15968	0
10.0335	-6.20571	-0.319519	10.0335	-6.20571	0
11.0568	-6.20815	-0.320723	11.0568	-6.20815	0
-11.6718	-6.26616	-0.333642	-11.6718	-6.26616	0
-10.6326	-6.21873	-0.303023	-10.6326	-6.21873	0
-9.56221	-6.23917	-0.322635	-9.56221	-6.23917	0
-8.52572	-6.31326	-0.330672	-8.52572	-6.31326	0
-7.6138	-6.33414	-0.317658	-7.6138	-6.33414	0
-6.57925	-6.29583	-0.310238	-6.57925	-6.29583	0
-5.49446	-6.23576	-0.337756	-5.49446	-6.23576	0
-4.51513	-6.22105	-0.310888	-4.51513	-6.22105	0
-3.43851	-6.21477	-0.349883	-3.43851	-6.21477	0
-2.42194	-6.22982	-0.30619	-2.42194	-6.22982	0
-1.37189	-6.19455	-0.307344	-1.37189	-6.19455	0
-0.307347	-5.21116	-0.297501	-0.307347	-5.21116	0
0.710082	-5.17118	-0.315609	0.710082	-5.17118	0
1.72955	-5.16708	-0.322442	1.72955	-5.16708	0
2.81653	-5.20985	-0.2975	2.81653	-5.20985	0
3.82139	-5.20009	-0.294124	3.82139	-5.20009	0
4.82056	-5.1786	-0.312784	4.82056	-5.1786	0
5.8671	-5.19242	-0.313119	5.8671	-5.19242	0
6.89502	-5.17336	-0.336676	6.89502	-5.17336	0
8.01068	-5.15815	-0.309371	8.01068	-5.15815	0
8.98169	-5.13957	-0.316102	8.98169	-5.13957	0
9.99594	-5.16484	-0.319257	9.99594	-5.16484	0
11.0609	-5.21341	-0.306971	11.0609	-5.21341	0
-11.6923	-5.21968	-0.330428	-11.6923	-5.21968	0
-10.6371	-5.23751	-0.31895	-10.6371	-5.23751	0
-9.62923	-5.19101	-0.309162	-9.62923	-5.19101	0
-8.586	-5.26491	-0.309123	-8.586	-5.26491	0
-7.56158	-5.16403	-0.339227	-7.56158	-5.16403	0
-6.5572	-5.24797	-0.318222	-6.5572	-5.24797	0
-5.53927	-5.21039	-0.319747	-5.53927	-5.21039	0
-4.51041	-5.22095	-0.286655	-4.51041	-5.22095	0
-3.49968	-5.21597	-0.317377	-3.49968	-5.21597	0
-2.4606	-5.1892	-0.332483	-2.4606	-5.1892	0
-1.41102	-5.12228	-0.303076	-1.41102	-5.12228	0
-0.249894	-4.19882	-0.282296	-0.249894	-4.19882	0
0.789054	-4.1456	-0.323657	0.789054	-4.1456	0
1.82736	-4.15801	-0.316833	1.82736	-4.15801	0
2.80472	-4.19331	-0.324426	2.80472	-4.19331	0
3.85371	-4.09422	-0.299239	3.85371	-4.09422	0
4.91098	-4.10545	-0.303088	4.91098	-4.10545	0
5.90287	-4.14299	-0.319088	5.90287	-4.14299	0
6.95423	-4.15275	-0.341805	6.95423	-4.15275	0
7.96846	-4.10788	-0.309866	7.96846	-4.10788	0
9.05998	-4.10641	-0.300166	9.05998	-4.10641	0
10.0738	-4.13715	-0.308651	10.0738	-4.13715	0
11.1222	-4.18263	-0.329414	11.1222	-4.18263	0
-11.6688	-4.20677	-0.312739	-11.6688	-4.20677	0
-10.6719	-4.20488	-0.311981	-10.6719	-4.20488	0
-9.58344	-4.16576	-0.322134	-9.58344	-4.16576	0
-8.6159	-4.22673	-0.322714	-8.6159	-4.22673	0
-7.57129	-4.20021	-0.303899	-7.57129	-4.20021	0
-6.53607	-4.25472	-0.322839	-6.53607	-4.25472	0
-5.48893	-4.1648	-0.342542	-5.48893	-4.1648	0
-4.49825	-4.20961	-0.337424	-4.49825	-4.20961	0
-3.45165	-4.18271	-0.32754	-3.45165	-4.18271	0
-2.42237	-4.18697	-0.314198	-2.42237	-4.18697	0
-1.26795	-4.14169	-0.328958	-1.26795	-4.14169	0
-0.265023	-3.13353	-0.303362	-0.265023	-3.13353	0
0.762846	-3.12275	-0.318543	0.762846	-3.12275	0
1.8334	-3.05681	-0.327575	1.8334	-3.05681	0
2.79859	-3.12596	-0.314441	2.79859	-3.12596	0
3.83982	-3.0569	-0.321988	3.83982	-3.0569	0
4.8462	-3.08571	-0.303232	4.8462	-3.08571	0
5.919	-3.06069	-0.358834	5.919	-3.06069	0
6.90884	-3.03992	-0.264253	6.90884	-3.03992	0
8.02854	-3.08708	-0.321063	8.02854	-3.08708	0
9.09542	-3.04458	-0.305971	9.09542	-3.04458	0
10.1236	-3.11631	-0.331027	10.1236	-3.11631	0
11.1034	-3.14616	-0.321482	11.1034	-3.14616	0
-11.6006	-3.1026	-0.317628	-11.6006	-3.1026	0
-10.6535	-3.11628	-0.311385	-10.6535	-3.11628	0
-9.62015	-3.19279	-0.32422	-9.62015	-3.19279	0
-8.56501	-3.2127	-0.312466	-8.56501	-3.2127	0
-7.52163	-3.19307	-0.328317	-7.52163	-3.19307	0
-6.50288	-3.17672	-0.290702	-6.50288	-3.17672	0
-5.46545	-3.16406	-0.319748	-5.46545	-3.16406	0
-4.39919	-3.14982	-0.337544	-4.39919	-3.14982	0
-3.35848	-3.19345	-0.32346	-3.35848	-3.19345	0
-2.34593	-3.17942	-0.310135	-2.34593	-3.17942	0
-1.29835	-3.13929	-0.306481	-1.29835	-3.13929	0
-0.308954	-2.11401	-0.292881	-0.308954	-2.11401	0
0.727646	-2.0908	-0.281196	0.727646	-2.0908	0
1.75921	-2.06652	-0.324338	1.75921	-2.06652	0
2.79891	-2.10921	-0.328353	2.79891	-2.10921	0
3.88287	-2.08832	-0.341774	3.88287	-2.08832	0
4.89336	-2.08117	-0.324544	4.89336	-2.08117	0
5.89852	-2.10702	-0.277179	5.89852	-2.10702	0
6.98443	-2.05134	-0.338813	6.98443	-2.05134	0
7.98455	-1.99999	-0.319623	7.98455	-1.99999	0
8.99831	-2.03673	-0.316219	8.99831	-2.03673	0
10.0463	-2.0328	-0.301866	10.0463	-2.0328	0
11.0845	-2.05047	-0.319304	11.0845	-2.05047	0
-11.6974	-2.07502	-0.31332	-11.6974	-2.07502	0
-10.5553	-2.09749	-0.313153	-10.5553	-2.09749	0
-9.60687	-2.08044	-0.328814	-9.60687	-2.08044	0
-8.57379	-2.19109	-0.334472	-8.57379	-2.19109	0
-7.55739	-2.15429	-0.35648	-7.55739	-2.15429	0
-6.56909	-2.15284	-0.341635	-6.56909	-2.15284	0
-5.4859	-2.15895	-0.323053	-5.4859	-2.15895	0
-4.46834	-2.13605	-0.303726	-4.46834	-2.13605	0
-3.40731	-2.10834	-0.315668	-3.40731	-2.10834	0
-2.36111	-2.14109	-0.309686	-2.36111	-2.14109	0
-1.29782	-2.09922	-0.28948	-1.29782	-2.09922	0
-0.269377	-1.06496	-0.328836	-0.269377	-1.06496	0
0.719095	-1.03433	-0.297437	0.719095	-1.03433	0
1.74985	-1.09716	-0.288083	1.74985	-1.09716	0
2.72544	-1.07698	-0.333839	2.72544	-1.07698	0
3.829	-1.0217	-0.318819	3.829	-1.0217	0
4.90128	-1.01578	-0.301969	4.90128	-1.01578	0
5.92887	-1.04273	-0.314775	5.92887	-1.04273	0
6.94531	-1.00258	-0.329615	6.94531	-1.00258	0
7.96375	-1.01449	-0.302756	7.96375	-1.01449	0
8.91954	-0.953477	-0.30172	8.91954	-0.953477	0
10.0425	-0.984541	-0.317188	10.0425	-0.984541	0
11.0668	-1.05064	-0.338247	11.0668	-1.05064	0
-11.6927	-0.994562	-0.319467	-11.6927	-0.994562	0
-10.6714	-0.996673	-0.32892	-10.6714	-0.996673	0
-9.63192	-1.07309	-0.304404	-9.63192	-1.07309	0
-8.61566	-1.06346	-0.286688	-8.61566	-1.06346	0
-7.57243	-1.09361	-0.313736	-7.57243	-1.09361	0
-6.55615	-1.16173	-0.314468	-6.55615	-1.16173	0
-5.53298	-1.07726	-0.315467	-5.53298	-1.07726	0
-4.45892	-1.09605	-0.298917	-4.45892	-1.09605	0
-3.44021	-1.08698	-0.330445	-3.44021	-1.08698	0
-2.39947	-1.0512	-0.296143	-2.39947	-1.0512	0
-1.33267	-1.03604	-0.28225	-1.33267	-1.03604	0
0.259963	0.493992	0.315687	0.259963	0.493992	0
1.26877	0.568302	0.318322	1.26877	0.568302	0
2.24893	0.473901	0.286663	2.24893	0.473901	0
3.34633	0.445756	0.292983	3.34633	0.445756	0
4.3859	0.489227	0.33139	4.3859	0.489227	0
5.41505	0.510726	0.303888	5.41505	0.510726	0
6.38831	0.501048	0.338518	6.38831	0.501048	0
7.44872	0.539189	0.333562	7.44872	0.539189	0
8.43658	0.584503	0.331747	8.43658	0.584503	0
9.51921	0.517295	0.321453	9.51921	0.517295	0
10.5251	0.482762	0.317141	10.5251	0.482762	0
11.565	0.510156	0.315899	11.565	0.510156	0
-11.2205	0.530219	0.340455	-11.2205	0.530219	0
-10.0977	0.491575	0.348064	-10.0977	0.491575	0
-9.05945	0.5088	0.29397	-9.05945	0.5088	0
-8.03619	0.517376	0.305633	-8.03619	0.517376	0
-7.01268	0.483763	0.311527	-7.01268	0.483763	0
-5.98269	0.448494	0.330788	-5.98269	0.448494	0
-4.98506	0.478549	0.295454	-4.98506	0.478549	0
-3.9739	0.486062	0.28596	-3.9739	0.486062	0
-2.96432	0.461902	0.307285	-2.96432	0.461902	0
-1.84708	0.483792	0.315704	-1.84708	0.483792	0
-0.816288	0.527206	0.319042	-0.816288	0.527206	0
0.227945	1.50816	0.307693	0.227945	1.50816	0
1.27844	1.57656	0.313584	1.27844	1.57656	0
2.22153	1.50493	0.316452	2.22153	1.50493	0
3.33175	1.49309	0.290328	3.33175	1.49309	0
4.36964	1.49245	0.329178	4.36964	1.49245	0
5.47442	1.56359	0.304524	5.47442	1.56359	0
6.46793	1.56703	0.326984	6.46793	1.56703	0
7.48387	1.59007	0.303323	7.48387	1.59007	0
8.49078	1.60716	0.313877	8.49078	1.60716	0
9.49326	1.54956	0.332935	9.49326	1.54956	0
10.5458	1.59425	0.315857	10.5458	1.59425	0
11.5469	1.50831	0.326795	11.5469	1.50831	0
-11.1883	1.54924	0.303511	-11.1883	1.54924	0
-10.1469	1.52298	0.299749	-10.1469	1.52298	0
-9.14416	1.54287	0.303994	-9.14416	1.54287	0
-8.12288	1.48742	0.351241	-8.12288	1.48742	0
-7.04898	1.47778	0.311498	-7.04898	1.47778	0
-6.04997	1.48014	0.328885	-6.04997	1.48014	0
-5.01491	1.50964	0.326977	-5.01491	1.50964	0
-3.97416	1.54414	0.301365	-3.97416	1.54414	0
-2.88198	1.50737	0.319576	-2.88198	1.50737	0
-1.88505	1.44424	0.308217	-1.88505	1.44424	0
-0.855346	1.54313	0.315734	-0.855346	1.54313	0
0.220917	2.54791	0.315803	0.220917	2.54791	0
1.29612	2.56366	0.285103	1.29612	2.56366	0
2.32683	2.49027	0.334995	2.32683	2.49027	0
3.30434	2.48659	0.331514	3.30434	2.48659	0
4.39903	2.51314	0.34524	4.39903	2.51314	0
5.38828	2.58072	0.328293	5.38828	2.58072	0
6.40587	2.58772	0.305257	6.40587	2.58772	0
7.45095	2.59959	0.315484	7.45095	2.59959	0
8.46522	2.5791	0.317295	8.46522	2.5791	0
9.51916	2.60608	0.317894	9.51916	2.60608	0
10.5632	2.65355	0.320351	10.5632	2.65355	0
11.6293	2.54395	0.327872	11.6293	2.54395	0
-11.1218	2.5468	0.299058	-11.1218	2.5468	0
-10.1635	2.50616	0.31982	-10.1635	2.50616	0
-9.0476	2.59117	0.320683	-9.0476	2.59117	0
-8.05693	2.51305	0.297731	-8.05693	2.51305	0
-7.06833	2.53678	0.332336	-7.06833	2.53678	0
-5.97647	2.60358	0.28479	-5.97647	2.60358	0
-4.96269	2.49903	0.313945	-4.96269	2.49903	0
-3.97722	2.55317	0.338495	-3.97722	2.55317	0
-2.97332	2.4967	0.339067	-2.97332	2.4967	0
-1.89576	2.48242	0.332318	-1.89576	2.48242	0
-0.844446	2.55948	0.35683	-0.844446	2.55948	0
0.245806	3.58816	0.330472	0.245806	3.58816	0
1.26633	3.63159	0.33869	1.26633	3.63159	0
2.28314	3.57223	0.30293	2.28314	3.57223	0
3.26841	3.50551	0.294383	3.26841	3.50551	0
4.26674	3.53804	0.308012	4.26674	3.53804	0
5.35577	3.57941	0.314515	5.35577	3.57941	0
6.37841	3.62191	0.335586	6.37841	3.62191	0
7.47684	3.63777	0.309888	7.47684	3.63777	0
8.46822	3.65024	0.335981	8.46822	3.65024	0
9.50969	3.66357	0.295757	9.50969	3.66357	0
10.6038	3.67392	0.342054	10.6038	3.67392	0
11.6014	3.58605	0.318215	11.6014	3.58605	0
-11.1771	3.61178	0.316361	-11.1771	3.61178	0
-10.1105	3.58511	0.309474	-10.1105	3.58511	0
-9.05473	3.57661	0.312191	-9.05473	3.57661	0
-8.04969	3.58347	0.316638	-8.04969	3.58347	0
-7.04466	3.61406	0.328159	-7.04466	3.61406	0
-6.01963	3.62237	0.315558	-6.01963	3.62237	0
-4.95298	3.57768	0.299958	-4.95298	3.57768	0
-3.93597	3.61481	0.316103	-3.93597	3.61481	0
-2.92505	3.51889	0.308759	-2.92505	3.51889	0
-1.83876	3.57359	0.323216	-1.83876	3.57359	0
-0.823949	3.5636	0.311871	-0.823949	3.5636	0
0.218956	4.58564	0.303883	0.218956	4.58564	0
1.23143	4.62728	0.324635	1.23143	4.62728	0
2.26298	4.59631	0.32618	2.26298	4.59631	0
3.2951	4.61857	0.324176	3.2951	4.61857	0
4.30327	4.61963	0.31008	4.30327	4.61963	0
5.36778	4.60799	0.316166	5.36778	4.60799	0
6.39829	4.61327	0.336696	6.39829	4.61327	0
7.41008	4.66052	0.338696	7.41008	4.66052	0
8.44139	4.7443	0.345931	8.44139	4.7443	0
9.48011	4.71825	0.34452	9.48011	4.71825	0
10.5295	4.6901	0.295069	10.5295	4.6901	0
11.6121	4.61176	0.310801	11.6121	4.61176	0
-11.2253	4.72104	0.325822	-11.2253	4.72104	0
-10.1846	4.64398	0.31858	-10.1846	4.64398	0
-9.1043	4.66775	0.314921	-9.1043	4.66775	0
-8.02459	4.64587	0.327143	-8.02459	4.64587	0
-7.04112	4.63348	0.281189	-7.04112	4.63348	0
-6.00712	4.6322	0.346037	-6.00712	4.6322	0
-4.88962	4.61607	0.317809	-4.88962	4.61607	0
-3.89291	4.6456	0.319533	-3.89291	4.6456	0
-2.88982	4.58451	0.301092	-2.88982	4.58451	0
-1.83815	4.60483	0.305035	-1.83815	4.60483	0
-0.831575	4.59966	0.315736	-0.831575	4.59966	0
0.161913	5.57756	0.342457	0.161913	5.57756	0
1.16913	5.6543	0.340872	1.16913	5.6543	0
2.23355	5.6891	0.326567	2.23355	5.6891	0
3.25364	5.73304	0.318988	3.25364	5.73304	0
4.30542	5.65201	0.311489	4.30542	5.65201	0
5.34831	5.68299	0.314747	5.34831	5.68299	0
6.39533	5.65586	0.308511	6.39533	5.65586	0
7.38619	5.67544	0.328921	7.38619	5.67544	0
8.48507	5.82307	0.297103	8.48507	5.82307	0
9.49406	5.70103	0.319425	9.49406	5.70103	0
10.546	5.71012	0.33008	10.546	5.71012	0
11.5657	5.69762	0.314813	11.5657	5.69762	0
-11.1817	5.73987	0.321315	-11.1817	5.73987	0
-10.1927	5.6952	0.338553	-10.1927	5.6952	0
-9.13125	5.68324	0.291173	-9.13125	5.68324	0
-8.08121	5.61054	0.33253	-8.08121	5.61054	0
-7.0712	5.5824	0.310103	-7.0712	5.5824	0
-6.01428	5.68097	0.304319	-6.01428	5.68097	0
-4.97378	5.64126	0.327579	-4.97378	5.64126	0
-3.93157	5.63418	0.296275	-3.93157	5.63418	0
-2.935	5.60578	0.329659	-2.935	5.60578	0
-1.95244	5.59486	0.321297	-1.95244	5.59486	0
-0.881616	5.64332	0.337585	-0.881616	5.64332	0
0.153762	6.6145	0.319925	0.153762	6.6145	0
1.12425	6.66384	0.310855	1.12425	6.66384	0
2.2308	6.69737	0.329177	2.2308	6.69737	0
3.27517	6.72981	0.330636	3.27517	6.72981	0
4.29961	6.69643	0.306902	4.29961	6.69643	0
5.38069	6.68664	0.294123	5.38069	6.68664	0
6.41978	6.68651	0.33905	6.41978	6.68651	0
7.4378	6.71138	0.320561	7.4378	6.71138	0
8.44391	6.81198	0.341251	8.44391	6.81198	0
9.50408	6.76587	0.307254	9.50408	6.76587	0
10.5638	6.72586	0.350815	10.5638	6.72586	0
11.585	6.76167	0.322241	11.585	6.76167	0
-11.1469	6.73495	0.330896	-11.1469	6.73495	0
-10.1417	6.72727	0.320648	-10.1417	6.72727	0
-9.10662	6.68318	0.326015	-9.10662	6.68318	0
-8.05271	6.75085	0.301118	-8.05271	6.75085	0
-7.07296	6.63297	0.330463	-7.07296	6.63297	0
-6.02307	6.69034	0.305062	-6.02307	6.69034	0
-4.97497	6.67408	0.328478	-4.97497	6.67408	0
-3.90904	6.62538	0.322899	-3.90904	6.62538	0
-2.92955	6.67419	0.299463	-2.92955	6.67419	0
-1.86956	6.6301	0.320361	-1.86956	6.6301	0
-0.868002	6.6165	0.294162	-0.868002	6.6165	0
0.165264	7.69863	0.318511	0.165264	7.69863	0
1.17633	7.72858	0.309062	1.17633	7.72858	0
2.22064	7.77081	0.303992	2.22064	7.77081	0
3.2628	7.73209	0.300825	3.2628	7.73209	0
4.31673	7.70689	0.339749	4.31673	7.70689	0
5.32277	7.70661	0.326848	5.32277	7.70661	0
6.4253	7.71238	0.303588	6.4253	7.71238	0
7.43944	7.82565	0.302281	7.43944	7.82565	0
8.49197	7.80999	0.306473	8.49197	7.80999	0
9.52962	7.7764	0.325124	9.52962	7.7764	0
10.592	7.79042	0.313251	10.592	7.79042	0
11.5881	7.76353	0.292369	11.5881	7.76353	0
-11.1767	7.72297	0.334259	-11.1767	7.72297	0
-10.1496	7.77697	0.311982	-10.1496	7.77697	0
-9.16291	7.75051	0.297373	-9.16291	7.75051	0
-8.14371	7.75739	0.290107	-8.14371	7.75739	0
-7.05638	7.72347	0.317815	-7.05638	7.72347	0
-6.01909	7.72742	0.319398	-6.01909	7.72742	0
-4.96152	7.73984	0.305591	-4.96152	7.73984	0
-3.92745	7.63457	0.33012	-3.92745	7.63457	0
-2.91147	7.68155	0.327392	-2.91147	7.68155	0
-1.8691	7.72393	0.294934	-1.8691	7.72393	0
-0.861069	7.66077	0.32834	-0.861069	7.66077	0
0.191582	8.75538	0.315275	0.191582	8.75538	0
1.19238	8.78447	0.32794	1.19238	8.78447	0
2.18453	8.73679	0.292628	2.18453	8.73679	0
3.25046	8.74996	0.338455	3.25046	8.74996	0
4.32773	8.81494	0.339412	4.32773	8.81494	0
5.35899	8.79753	0.286078	5.35899	8.79753	0
6.3736	8.78077	0.280033	6.3736	8.78077	0
7.43872	8.7867	0.295435	7.43872	8.7867	0
8.48065	8.78383	0.30074	8.48065	8.78383	0
9.49007	8.83552	0.313054	9.49007	8.83552	0
10.5447	8.77336	0.308991	10.5447	8.77336	0
11.5416	8.75135	0.30693	11.5416	8.75135	0
-11.2285	8.79398	0.343875	-11.2285	8.79398	0
-10.2187	8.84263	0.359825	-10.2187	8.84263	0
-9.19955	8.81042	0.330587	-9.19955	8.81042	0
-8.1234	8.73905	0.318828	-8.1234	8.73905	0
-7.10709	8.70464	0.322238	-7.10709	8.70464	0
-5.99664	8.74112	0.312334	-5.99664	8.74112	0
-5.0001	8.74278	0.347763	-5.0001	8.74278	0
-3.98323	8.73138	0.297348	-3.98323	8.73138	0
-2.94181	8.64527	0.308479	-2.94181	8.64527	0
-1.92336	8.687	0.310117	-1.92336	8.687	0
-0.911276	8.71953	0.317407	-0.911276	8.71953	0
0.163768	9.79176	0.309289	0.163768	9.79176	0
1.21549	9.82731	0.331994	1.21549	9.82731	0
2.20426	9.69611	0.318758	2.20426	9.69611	0
3.33061	9.76908	0.317077	3.33061	9.76908	0
4.34304	9.91455	0.280355	4.34304	9.91455	0
5.39247	9.86906	0.306704	5.39247	9.86906	0
6.41421	9.7847	0.338459	6.41421	9.7847	0
7.38254	9.79315	0.31505	7.38254	9.79315	0
8.50013	9.85913	0.303465	8.50013	9.85913	0
9.50045	9.86824	0.333075	9.50045	9.86824	0
10.5128	9.79612	0.337637	10.5128	9.79612	0
11.5771	9.80565	0.323248	11.5771	9.80565	0
-11.2053	9.82538	0.331475	-11.2053	9.82538	0
-10.2187	9.81827	0.291756	-10.2187	9.81827	0
-9.18476	9.80286	0.33809	-9.18476	9.80286	0
-8.09542	9.74691	0.29711	-8.09542	9.74691	0
-7.12079	9.72362	0.324154	-7.12079	9.72362	0
-6.07318	9.79011	0.302402	-6.07318	9.79011	0
-4.96349	9.79838	0.355596	-4.96349	9.79838	0
-3.98037	9.73601	0.316406	-3.98037	9.73601	0
-3.0052	9.73675	0.307916	-3.0052	9.73675	0
-1.94108	9.73245	0.302972	-1.94108	9.73245	0
-0.912635	9.745	0.313111	-0.912635	9.745	0
0.163002	10.8755	0.309833	0.163002	10.8755	0
1.17777	10.817	0.295918	1.17777	10.817	0
2.22913	10.7498	0.325557	2.22913	10.7498	0
3.27793	10.7869	0.293358	3.27793	10.7869	0
4.36255	10.8626	0.317676	4.36255	10.8626	0
5.39461	10.9056	0.297277	5.39461	10.9056	0
6.40726	10.8581	0.309286	6.40726	10.8581	0
7.37679	10.8765	0.309548	7.37679	10.8765	0
8.41608	10.879	0.30492	8.41608	10.879	0
9.49328	10.881	0.31628	9.49328	10.881	0
10.5231	10.9014	0.327575	10.5231	10.9014	0
11.5117	10.8246	0.338001	11.5117	10.8246	0
-11.2365	10.8819	0.329439	-11.2365	10.8819	0
-10.2625	10.8849	0.337309	-10.2625	10.8849	0
-9.10964	10.8017	0.332738	-9.10964	10.8017	0
-8.08588	10.7826	0.295807	-8.08588	10.7826	0
-7.11122	10.8041	0.33872	-7.11122	10.8041	0
-6.05575	10.8172	0.308494	-6.05575	10.8172	0
-4.98212	10.818	0.304055	-4.98212	10.818	0
-3.95088	10.7813	0.335857	-3.95088	10.7813	0
-2.89243	10.821	0.313473	-2.89243	10.821	0
-1.90385	10.792	0.30772	-1.90385	10.792	0
-0.910854	10.781	0.302927	-0.910854	10.781	0
0.136427	11.9465	0.345608	0.136427	-11.8395	0
1.19047	11.8681	0.325987	1.19047	11.8681	0
2.26869	11.844	0.324245	2.26869	11.844	0
3.25751	11.8011	0.335102	3.25751	11.8011	0
4.27275	-11.8817	0.324074	4.27275	-11.8817	0
5.31327	-11.8574	0.317099	5.31327	-11.8574	0
6.33654	11.897	0.304468	6.33654	-11.889	0
7.3908	-11.9025	0.328611	7.3908	11.8835	0
8.43566	-11.8749	0.306861	8.43566	-11.8749	0
9.43833	-11.8932	0.327013	9.43833	11.8928	0
10.5026	11.8469	0.324388	10.5026	11.8469	0
11.5121	-11.8863	0.343805	11.5121	-11.8863	0
-11.22	11.8609	0.324776	-11.22	11.8609	0
-10.1954	11.8489	0.330084	-10.1954	11.8489	0
-9.1682	11.8552	0.294816	-9.1682	11.8552	0
-8.07175	11.8367	0.301515	-8.07175	11.8367	0
-7.03692	11.8775	0.275577	-7.03692	11.8775	0
-6.04993	11.8265	0.301563	-6.04993	11.8265	0
-4.95347	11.8255	0.321274	-4.95347	11.8255	0
-3.94535	11.8325	0.288727	-3.94535	11.8325	0
-2.9592	11.8022	0.293127	-2.9592	11.8022	0
-1.93781	11.8362	0.342167	-1.93781	11.8362	0
-0.868076	11.8472	0.300212	-0.868076	11.8472	0
0.167889	-10.8521	0.310876	0.167889	-10.8521	0
1.16277	-10.8863	0.313378	1.16277	-10.8863	0
2.20144	-10.8679	0.334593	2.20144	-10.8679	0
3.27362	-10.9357	0.342553	3.27362	-10.9357	0
4.29002	-10.8734	0.333496	4.29002	-10.8734	0
5.36335	-10.8627	0.310954	5.36335	-10.8627	0
6.35331	-10.8353	0.312427	6.35331	-10.8353	0
7.38888	-10.8665	0.326115	7.38888	-10.8665	0
8.41788	-10.8508	0.328197	8.41788	-10.8508	0
9.51467	-10.8475	0.317246	9.51467	-10.8475	0
10.4949	-10.8591	0.327502	10.4949	-10.8591	0
11.5003	-10.8536	0.291436	11.5003	-10.8536	0
-11.2435	-10.8782	0.335437	-11.2435	-10.8782	0
-10.1108	-10.8458	0.331506	-10.1108	-10.8458	0
-9.08738	-10.8947	0.318992	-9.08738	-10.8947	0
-8.05192	-10.9336	0.30515	-8.05192	-10.9336	0
-6.98109	-10.921	0.316824	-6.98109	-10.921	0
-5.97888	-10.9221	0.303029	-5.97888	-10.9221	0
-4.99793	-10.921	0.332361	-4.99793	-10.921	0
-3.93003	-10.9132	0.325124	-3.93003	-10.9132	0
-2.92795	-10.9368	0.302571	-2.92795	-10.9368	0
-1.90921	-10.8705	0.328803	-1.90921	-10.8705	0
-0.881786	-10.8797	0.314785	-0.881786	-10.8797	0
0.0887175	-9.85172	0.299345	0.0887175	-9.85172	0
1.1187	-9.81657	0.343299	1.1187	-9.81657	0
2.09169	-9.84733	0.314129	2.09169	-9.84733	0
3.22439	-9.86736	0.320939	3.22439	-9.86736	0
4.30337	-9.87453	0.327087	4.30337	-9.87453	0
5.31877	-9.79832	0.309422	5.31877	-9.79832	0
6.3458	-9.75902	0.310278	6.3458	-9.75902	0
7.4375	-9.85056	0.322222	7.4375	-9.85056	0
8.48318	-9.80397	0.324875	8.48318	-9.80397	0
9.49507	-9.75297	0.330251	9.49507	-9.75297	0
10.5131	-9.85124	0.344676	10.5131	-9.85124	0
11.5465	-9.845	0.341348	11.5465	-9.845	0
-11.2142	-9.87342	0.310247	-11.2142	-9.87342	0
-10.2228	-9.82058	0.343259	-10.2228	-9.82058	0
-9.08075	-9.88085	0.348427	-9.08075	-9.88085	0
-8.09295	-9.8884	0.297909	-8.09295	-9.8884	0
-7.11112	-9.89216	0.276879	-7.11112	-9.89216	0
-6.06483	-9.88288	0.329431	-6.06483	-9.88288	0
-5.00097	-9.85943	0.332442	-5.00097	-9.85943	0
-4.01541	-9.89242	0.316959	-4.01541	-9.89242	0
-3.00726	-9.88822	0.329192	-3.00726	-9.88822	0
-1.97843	-9.87276	0.341893	-1.97843	-9.87276	0
-0.894516	-9.84147	0.334211	-0.894516	-9.84147	0
0.152393	-8.77162	0.334877	0.152393	-8.77162	0
1.15942	-8.73984	0.316943	1.15942	-8.73984	0
2.24266	-8.81687	0.331697	2.24266	-8.81687	0
3.22365	-8.82959	0.292236	3.22365	-8.82959	0
4.26645	-8.84112	0.305572	4.26645	-8.84112	0
5.34093	-8.77474	0.313148	5.34093	-8.77474	0
6.41521	-8.82817	0.330979	6.41521	-8.82817	0
7.41582	-8.75309	0.320076	7.41582	-8.75309	0
8.39823	-8.72396	0.318335	8.39823	-8.72396	0
9.4658	-8.74918	0.335477	9.4658	-8.74918	0
10.514	-8.78543	0.319455	10.514	-8.78543	0
11.5387	-8.81041	0.311447	11.5387	-8.81041	0
-11.1712	-8.8595	0.304971	-11.1712	-8.8595	0
-10.152	-8.78243	0.32655	-10.152	-8.78243	0
-9.13835	-8.81308	0.320936	-9.13835	-8.81308	0
-8.10022	-8.83648	0.310386	-8.10022	-8.83648	0
-7.0645	-8.88115	0.322131	-7.0645	-8.88115	0
-6.02203	-8.85257	0.345855	-6.02203	-8.85257	0
-4.96067	-8.84611	0.31646	-4.96067	-8.84611	0
-3.94461	-8.85735	0.308964	-3.94461	-8.85735	0
-2.93329	-8.81517	0.341169	-2.93329	-8.81517	0
-1.93	-8.79529	0.334466	-1.93	-8.79529	0
-0.881486	-8.82199	0.33823	-0.881486	-8.82199	0
0.19142	-7.6924	0.332561	0.19142	-7.6924	0
1.24335	-7.74871	0.308095	1.24335	-7.74871	0
2.28996	-7.72076	0.30527	2.28996	-7.72076	0
3.28577	-7.78136	0.331738	3.28577	-7.78136	0
4.25529	-7.75893	0.338369	4.25529	-7.75893	0
5.315	-7.73264	0.340157	5.315	-7.73264	0
6.34874	-7.77465	0.32831	6.34874	-7.77465	0
7.34756	-7.69217	0.356458	7.34756	-7.69217	0
8.40486	-7.7433	0.306062	8.40486	-7.7433	0
9.46471	-7.75447	0.311699	9.46471	-7.75447	0
10.5374	-7.77083	0.293308	10.5374	-7.77083	0
11.5917	-7.74803	0.311145	11.5917	-7.74803	0
-11.1481	-7.73574	0.289398	-11.1481	-7.73574	0
-10.1624	-7.76269	0.299087	-10.1624	-7.76269	0
-9.11187	-7.8022	0.328945	-9.11187	-7.8022	0
-8.0604	-7.81063	0.317045	-8.0604	-7.81063	0
-7.02703	-7.81222	0.315241	-7.02703	-7.81222	0
-6.01013	-7.81959	0.329648	-6.01013	-7.81959	0
-4.9732	-7.81089	0.307785	-4.9732	-7.81089	0
-3.96038	-7.78699	0.341564	-3.96038	-7.78699	0
-2.95051	-7.80497	0.338452	-2.95051	-7.80497	0
-1.92951	-7.74295	0.316528	-1.92951	-7.74295	0
-0.890231	-7.7587	0.33297	-0.890231	-7.7587	0
0.212903	-6.72992	0.314379	0.212903	-6.72992	0
1.31265	-6.77147	0.312431	1.31265	-6.77147	0
2.3084	-6.73229	0.308736	2.3084	-6.73229	0
3.32074	-6.72577	0.304847	3.32074	-6.72577	0
4.3204	-6.71242	0.304426	4.3204	-6.71242	0
5.31286	-6.70721	0.288363	5.31286	-6.70721	0
6.3118	-6.77025	0.354325	6.3118	-6.77025	0
7.40156	-6.69759	0.338591	7.40156	-6.69759	0
8.44746	-6.72557	0.284888	8.44746	-6.72557	0
9.47007	-6.69381	0.307944	9.47007	-6.69381	0
10.5689	-6.74753	0.313342	10.5689	-6.74753	0
11.5631	-6.72733	0.328353	11.5631	-6.72733	0
-11.169	-6.79988	0.312568	-11.169	-6.79988	0
-10.1519	-6.74396	0.305995	-10.1519	-6.74396	0
-9.08331	-6.78241	0.328374	-9.08331	-6.78241	0
-8.06891	-6.78324	0.33815	-8.06891	-6.78324	0
-7.07861	-6.80419	0.321691	-7.07861	-6.80419	0
-6.02921	-6.76129	0.300818	-6.02921	-6.76129	0
-4.99263	-6.74934	0.312274	-4.99263	-6.74934	0
-3.9902	-6.71951	0.349428	-3.9902	-6.71951	0
-3.00931	-6.74178	0.29517	-3.00931	-6.74178	0
-1.90385	-6.71606	0.298687	-1.90385	-6.71606	0
-0.889643	-6.74589	0.285974	-0.889643	-6.74589	0
0.158117	-5.72039	0.316536	0.158117	-5.72039	0
1.2112	-5.71695	0.308727	1.2112	-5.71695	0
2.28607	-5.71417	0.312502	2.28607	-5.71417	0
3.31831	-5.70098	0.299616	3.31831	-5.70098	0
4.3674	-5.67701	0.319061	4.3674	-5.67701	0
5.31273	-5.70959	0.322036	5.31273	-5.70959	0
6.34612	-5.71733	0.309595	6.34612	-5.71733	0
7.39786	-5.63973	0.311537	7.39786	-5.63973	0
8.47313	-5.73655	0.33129	8.47313	-5.73655	0
9.47135	-5.68243	0.327212	9.47135	-5.68243	0
10.5159	-5.67344	0.33401	10.5159	-5.67344	0
11.5668	-5.76539	0.309969	11.5668	-5.76539	0
-11.1945	-5.69179	0.304852	-11.1945	-5.69179	0
-10.0925	-5.72651	0.302835	-10.0925	-5.72651	0
-9.08974	-5.75797	0.327167	-9.08974	-5.75797	0
-8.04871	-5.70313	0.324892	-8.04871	-5.70313	0
-7.07931	-5.79124	0.318337	-7.07931	-5.79124	0
-5.97601	-5.77037	0.319049	-5.97601	-5.77037	0
-5.0102	-5.74658	0.321748	-5.0102	-5.74658	0
-3.96879	-5.75901	0.320448	-3.96879	-5.75901	0
-2.92506	-5.714	0.32581	-2.92506	-5.714	0
-1.93001	-5.6731	0.30106	-1.93001	-5.6731	0
-0.889487	-5.69458	0.331214	-0.889487	-5.69458	0
0.198585	-4.72284	0.319727	0.198585	-4.72284	0
1.24212	-4.6489	0.323116	1.24212	-4.6489	0
2.29674	-4.65192	0.313277	2.29674	-4.65192	0
3.32182	-4.6331	0.300313	3.32182	-4.6331	0
4.34016	-4.6327	0.32275	4.34016	-4.6327	0
5.36391	-4.65749	0.297656	5.36391	-4.65749	0
6.42358	-4.68161	0.314716	6.42358	-4.68161	0
7.43549	-4.65364	0.276013	7.43549	-4.65364	0
8.50461	-4.59653	0.286176	8.50461	-4.59653	0
9.56694	-4.6267	0.325764	9.56694	-4.6267	0
10.564	-4.70643	0.321221	10.564	-4.70643	0
11.5763	-4.71175	0.328471	11.5763	-4.71175	0
-11.2138	-4.69523	0.342716	-11.2138	-4.69523	0
-10.1402	-4.66729	0.3329	-10.1402	-4.66729	0
-9.03038	-4.70986	0.333355	-9.03038	-4.70986	0
-8.05698	-4.69136	0.327886	-8.05698	-4.69136	0
-7.04619	-4.7275	0.333269	-7.04619	-4.7275	0
-6.03581	-4.69248	0.316551	-6.03581	-4.69248	0
-5.03227	-4.66636	0.314265	-5.03227	-4.66636	0
-4.02783	-4.68685	0.301463	-4.02783	-4.68685	0
-2.96434	-4.73766	0.329849	-2.96434	-4.73766	0
-1.89831	-4.62069	0.320556	-1.89831	-4.62069	0
-0.876511	-4.65965	0.351412	-0.876511	-4.65965	0
0.255496	-3.6702	0.306146	0.255496	-3.6702	0
1.32893	-3.64438	0.303103	1.32893	-3.64438	0
2.32246	-3.62331	0.306371	2.32246	-3.62331	0
3.27058	-3.64048	0.321696	3.27058	-3.64048	0
4.34938	-3.57632	0.321515	4.34938	-3.57632	0
5.44276	-3.55672	0.309379	5.44276	-3.55672	0
6.44662	-3.66909	0.301618	6.44662	-3.66909	0
7.50489	-3.53253	0.281242	7.50489	-3.53253	0
8.57525	-3.59502	0.299792	8.57525	-3.59502	0
9.57125	-3.59159	0.325475	9.57125	-3.59159	0
10.6072	-3.67752	0.281735	10.6072	-3.67752	0
11.6207	-3.65184	0.301054	11.6207	-3.65184	0
-11.1546	-3.64509	0.318991	-11.1546	-3.64509	0
-10.1366	-3.65556	0.277897	-10.1366	-3.65556	0
-9.08925	-3.67277	0.327202	-9.08925	-3.67277	0
-8.09728	-3.66406	0.33512	-8.09728	-3.66406	0
-7.01056	-3.68536	0.335407	-7.01056	-3.68536	0
-5.95238	-3.65852	0.324919	-5.95238	-3.65852	0
-4.95027	-3.67266	0.341102	-4.95027	-3.67266	0
-3.89776	-3.62346	0.323872	-3.89776	-3.62346	0
-2.85018	-3.66391	0.332107	-2.85018	-3.66391	0
-1.84563	-3.67668	0.311392	-1.84563	-3.67668	0
-0.778199	-3.67556	0.316974	-0.778199	-3.67556	0
0.24278	-2.63527	0.32283	0.24278	-2.63527	0
1.29567	-2.62021	0.329584	1.29567	-2.62021	0
2.30889	-2.62428	0.354565	2.30889	-2.62428	0
3.35932	-2.55388	0.297439	3.35932	-2.55388	0
4.35945	-2.53708	0.354293	4.35945	-2.53708	0
5.37342	-2.60453	0.321174	5.37342	-2.60453	0
6.43922	-2.60289	0.363749	6.43922	-2.60289	0
7.5076	-2.54424	0.304236	7.5076	-2.54424	0
8.51796	-2.53204	0.321851	8.51796	-2.53204	0
9.60294	-2.55268	0.332128	9.60294	-2.55268	0
10.6322	-2.59226	0.328151	10.6322	-2.59226	0
11.6127	-2.64837	0.336037	11.6127	-2.64837	0
-11.1453	-2.55781	0.318559	-11.1453	-2.55781	0
-10.0597	-2.61051	0.338331	-10.0597	-2.61051	0
-9.09024	-2.69628	0.323292	-9.09024	-2.69628	0
-8.06977	-2.67816	0.322995	-8.06977	-2.67816	0
-7.02895	-2.62291	0.304216	-7.02895	-2.62291	0
-6.01918	-2.61085	0.305901	-6.01918	-2.61085	0
-4.95129	-2.69816	0.27382	-4.95129	-2.69816	0
-3.89532	-2.62807	0.311139	-3.89532	-2.62807	0
-2.89928	-2.64958	0.330944	-2.89928	-2.64958	0
-1.86843	-2.64803	0.295621	-1.86843	-2.64803	0
-0.821452	-2.62696	0.295554	-0.821452	-2.62696	0
0.232638	-1.5213	0.346548	0.232638	-1.5213	0
1.23199	-1.55416	0.31163	1.23199	-1.55416	0
2.26306	-1.57182	0.321127	2.26306	-1.57182	0
3.34872	-1.56029	0.30315	3.34872	-1.56029	0
4.33992	-1.55123	0.314671	4.33992	-1.55123	0
5.45393	-1.54232	0.306648	5.45393	-1.54232	0
6.49997	-1.58903	0.333724	6.49997	-1.58903	0
7.47923	-1.54847	0.327167	7.47923	-1.54847	0
8.5292	-1.52443	0.333821	8.5292	-1.52443	0
9.54098	-1.49506	0.273634	9.54098	-1.49506	0
10.5554	-1.55252	0.311297	10.5554	-1.55252	0
11.5815	-1.57508	0.342746	11.5815	-1.57508	0
-11.1671	-1.50389	0.315197	-11.1671	-1.50389	0
-10.1876	-1.57052	0.322395	-10.1876	-1.57052	0
-9.06951	-1.63523	0.326663	-9.06951	-1.63523	0
-8.10598	-1.66685	0.315632	-8.10598	-1.66685	0
-7.09455	-1.61822	0.317613	-7.09455	-1.61822	0
-5.98998	-1.63797	0.333885	-5.98998	-1.63797	0
-4.98264	-1.59749	0.286421	-4.98264	-1.59749	0
-3.9421	-1.61845	0.323514	-3.9421	-1.61845	0
-2.88239	-1.66989	0.298078	-2.88239	-1.66989	0
-1.85575	-1.57423	0.301539	-1.85575	-1.57423	0
-0.81774	-1.52003	0.321575	-0.81774	-1.52003	0
0.247435	-0.467976	0.321747	0.247435	-0.467976	0
1.28046	-0.532269	0.336624	1.28046	-0.532269	0
2.2754	-0.524944	0.312122	2.2754	-0.524944	0
3.24805	-0.524097	0.33673	3.24805	-0.524097	0
4.38397	-0.541076	0.308645	4.38397	-0.541076	0
5.45076	-0.505138	0.327019	5.45076	-0.505138	0
6.43497	-0.521622	0.351029	6.43497	-0.521622	0
7.4529	-0.538113	0.333991	7.4529	-0.538113	0
8.44336	-0.467054	0.337453	8.44336	-0.467054	0
9.51591	-0.489767	0.310254	9.51591	-0.489767	0
10.4993	-0.480419	0.305018	10.4993	-0.480419	0
11.5588	-0.535061	0.304108	11.5588	-0.535061	0
-11.1546	-0.516713	0.33717	-11.1546	-0.516713	0
-10.1283	-0.503315	0.311936	-10.1283	-0.503315	0
-9.15097	-0.511955	0.314684	-9.15097	-0.511955	0
-8.05976	-0.570888	0.325005	-8.05976	-0.570888	0
-7.036	-0.59902	0.327501	-7.036	-0.59902	0
-6.0715	-0.59136	0.304677	-6.0715	-0.59136	0
-5.02366	-0.564563	0.312081	-5.02366	-0.564563	0
-3.96025	-0.601912	0.318609	-3.96025	-0.601912	0
-2.95476	-0.54288	0.326701	-2.95476	-0.54288	0
-1.88684	-0.517515	0.316607	-1.88684	-0.517515	0
-0.767177	-0.537911	0.303433	-0.767177	-0.537911	0
