-0.552776	-0.349382	-0.319237	-0.552776	-0.349382	0
0.485213	-0.347149	-0.329628	0.485213	-0.347149	0
1.51591	-0.28082	-0.319338	1.51591	-0.28082	0
2.58018	-0.297928	-0.295032	2.58018	-0.297928	0
3.60033	-0.277856	-0.323323	3.60033	-0.277856	0
4.60157	-0.265028	-0.319488	4.60157	-0.265028	0
5.65584	-0.3176	-0.313271	5.65584	-0.3176	0
6.67685	-0.247345	-0.329249	6.67685	-0.247345	0
7.75009	-0.310355	-0.356321	7.75009	-0.310355	0
8.76511	-0.292233	-0.307366	8.76511	-0.292233	0
9.82748	-0.296152	-0.300883	9.82748	-0.296152	0
10.8762	-0.283405	-0.31942	10.8762	-0.283405	0
11.897	-0.339442	-0.299588	-11.889	-0.339442	0
-10.8466	-0.259774	-0.335263	-10.8466	-0.259774	0
-9.80702	-0.321455	-0.327147	-9.80702	-0.321455	0
-8.76851	-0.355619	-0.340326	-8.76851	-0.355619	0
-7.74861	-0.284823	-0.313675	-7.74861	-0.284823	0
-6.76627	-0.327394	-0.309909	-6.76627	-0.327394	0
-5.77159	-0.344036	-0.298483	-5.77159	-0.344036	0
-4.71817	-0.312021	-0.315463	-4.71817	-0.312021	0
-3.71217	-0.319015	-0.354512	-3.71217	-0.319015	0
-2.63644	-0.341827	-0.296497	-2.63644	-0.341827	0
-1.54117	-0.337413	-0.328808	-1.54117	-0.337413	0
-0.572046	0.658065	-0.295537	-0.572046	0.658065	0
0.468247	0.708682	-0.286075	0.468247	0.708682	0
1.49982	0.75929	-0.307435	1.49982	0.75929	0
2.50602	0.733171	-0.324828	2.50602	0.733171	0
3.58313	0.70376	-0.310889	3.58313	0.70376	0
4.63801	0.740768	-0.321257	4.63801	0.740768	0
5.69462	0.73947	-0.315831	5.69462	0.73947	0
6.65801	0.717965	-0.312619	6.65801	0.717965	0
7.71569	0.715368	-0.305523	7.71569	0.715368	0
8.71477	0.753171	-0.310213	8.71477	0.753171	0
9.82333	0.718776	-0.326356	9.82333	0.718776	0
10.8469	0.720275	-0.289357	10.8469	0.720275	0
-11.9036	0.758083	-0.298599	11.8824	0.758083	0
-10.9162	0.738552	-0.34229	-10.9162	0.738552	0
-9.82577	0.66073	-0.307573	-9.82577	0.66073	0
-8.75991	0.77061	-0.330436	-8.75991	0.77061	0
-7.76302	0.692831	-0.327301	-7.76302	0.692831	0
-6.75912	0.743549	-0.335038	-6.75912	0.743549	0
-5.71496	0.669764	-0.309512	-5.71496	0.669764	0
-4.72459	0.710798	-0.309865	-4.72459	0.710798	0
-3.69192	0.741008	-0.304031	-3.69192	0.741008	0
-2.65808	0.672441	-0.318387	-2.65808	0.672441	0
-1.58695	0.713684	-0.291881	-1.58695	0.713684	0
-0.581575	1.6784	-0.323235	-0.581575	1.6784	0
0.517953	1.71713	-0.280543	0.517953	1.71713	0
1.56438	1.77567	-0.283436	1.56438	1.77567	0
2.62327	1.80246	-0.305727	2.62327	1.80246	0
3.71834	1.70896	-0.313037	3.71834	1.70896	0
4.66897	1.73655	-0.350605	4.66897	1.73655	0
5.70006	1.76042	-0.346834	5.70006	1.76042	0
6.76177	1.7632	-0.305993	6.76177	1.7632	0
7.83645	1.72286	-0.334184	7.83645	1.72286	0
8.87253	1.72541	-0.322834	8.87253	1.72541	0
9.85665	1.75259	-0.341341	9.85665	1.75259	0
10.8625	1.80837	-0.336135	10.8625	1.80837	0
-11.9364	1.82817	-0.330886	11.8496	1.82817	0
-10.9161	1.77651	-0.271035	-10.9161	1.77651	0
-9.82962	1.71746	-0.292571	-9.82962	1.71746	0
-8.7923	1.757	-0.2792	-8.7923	1.757	0
-7.73181	1.73564	-0.30677	-7.73181	1.73564	0
-6.7475	1.75605	-0.315465	-6.7475	1.75605	0
-5.70468	1.74994	-0.349395	-5.70468	1.74994	0
-4.66205	1.73097	-0.319941	-4.66205	1.73097	0
-3.70389	1.80164	-0.334541	-3.70389	1.80164	0
-2.65079	1.71158	-0.309855	-2.65079	1.71158	0
-1.62069	1.7383	-0.32005	-1.62069	1.7383	0
-0.511764	2.77849	-0.310232	-0.511764	2.77849	0
0.530949	2.79241	-0.319092	0.530949	2.79241	0
1.65596	2.86572	-0.326043	1.65596	2.86572	0
2.71227	2.81599	-0.327118	2.71227	2.81599	0
3.68375	2.77502	-0.348232	3.68375	2.77502	0
4.7516	2.77297	-0.320612	4.7516	2.77297	0
5.75243	2.74285	-0.336166	5.75243	2.74285	0
6.80755	2.78881	-0.330465	6.80755	2.78881	0
7.82006	2.74535	-0.345257	7.82006	2.74535	0
8.80732	2.7212	-0.329285	8.80732	2.7212	0
9.83703	2.75585	-0.321064	9.83703	2.75585	0
10.8176	2.80961	-0.303581	10.8176	2.80961	0
-11.8927	2.82737	-0.30559	-11.8927	2.82737	0
-10.8491	2.81858	-0.312888	-10.8491	2.81858	0
-9.82698	2.74123	-0.313782	-9.82698	2.74123	0
-8.79519	2.79301	-0.296575	-8.79519	2.79301	0
-7.75097	2.74499	-0.311993	-7.75097	2.74499	0
-6.71694	2.81429	-0.311392	-6.71694	2.81429	0
-5.73317	2.78853	-0.324121	-5.73317	2.78853	0
-4.62401	2.83106	-0.316321	-4.62401	2.83106	0
-3.65377	2.78521	-0.312359	-3.65377	2.78521	0
-2.59097	2.75219	-0.299021	-2.59097	2.75219	0
-1.53223	2.79911	-0.315157	-1.53223	2.79911	0
-0.559752	3.82824	-0.308089	-0.559752	3.82824	0
0.552834	3.81986	-0.302272	0.552834	3.81986	0
1.64093	3.88398	-0.343546	1.64093	3.88398	0
2.67902	3.80143	-0.357291	2.67902	3.80143	0
3.68593	3.76174	-0.334078	3.68593	3.76174	0
4.70583	3.82966	-0.32586	4.70583	3.82966	0
5.71475	3.82698	-0.307956	5.71475	3.82698	0
6.7201	3.87302	-0.320625	6.7201	3.87302	0
7.77378	3.77484	-0.283037	7.77378	3.77484	0
8.81095	3.77136	-0.306624	8.81095	3.77136	0
9.79964	3.81966	-0.338014	9.79964	3.81966	0
10.8166	3.80962	-0.347762	10.8166	3.80962	0
-11.9167	3.87674	-0.319982	11.8693	3.87674	0
-10.9061	3.81869	-0.312088	-10.9061	3.81869	0
-9.86896	3.84386	-0.305627	-9.86896	3.84386	0
-8.77916	3.83833	-0.334651	-8.77916	3.83833	0
-7.79135	3.8425	-0.321049	-7.79135	3.8425	0
-6.75067	3.8744	-0.308787	-6.75067	3.8744	0
-5.71699	3.85911	-0.337398	-5.71699	3.85911	0
-4.69164	3.86345	-0.308414	-4.69164	3.86345	0
-3.61373	3.80237	-0.305662	-3.61373	3.80237	0
-2.61076	3.82449	-0.322446	-2.61076	3.82449	0
-1.59043	3.81714	-0.286311	-1.59043	3.81714	0
-0.468096	4.81823	-0.316327	-0.468096	4.81823	0
0.524903	4.88153	-0.327174	0.524903	4.88153	0
1.57658	4.87857	-0.313408	1.57658	4.87857	0
2.66752	4.883	-0.28812	2.66752	4.883	0
3.624	4.82674	-0.335136	3.624	4.82674	0
4.6726	4.88442	-0.324909	4.6726	4.88442	0
5.72639	4.86724	-0.307165	5.72639	4.86724	0
6.72196	4.92823	-0.298847	6.72196	4.92823	0
7.74617	4.84022	-0.329879	7.74617	4.84022	0
8.82961	4.86261	-0.307416	8.82961	4.86261	0
9.81538	4.85349	-0.310309	9.81538	4.85349	0
10.8777	4.81905	-0.296727	10.8777	4.81905	0
-11.9204	4.87634	-0.321366	11.8657	4.87634	0
-10.8366	4.89153	-0.336233	-10.8366	4.89153	0
-9.80997	4.85013	-0.318457	-9.80997	4.85013	0
-8.77063	4.89109	-0.325404	-8.77063	4.89109	0
-7.75509	4.86148	-0.304933	-7.75509	4.86148	0
-6.72623	4.87462	-0.285917	-6.72623	4.87462	0
-5.69091	4.91895	-0.292361	-5.69091	4.91895	0
-4.67067	4.96211	-0.312675	-4.67067	4.96211	0
-3.64576	4.85256	-0.333061	-3.64576	4.85256	0
-2.63562	4.88006	-0.317829	-2.63562	4.88006	0
-1.58747	4.85647	-0.292995	-1.58747	4.85647	0
-0.471093	5.83277	-0.285857	-0.471093	5.83277	0
0.489039	5.85672	-0.300261	0.489039	5.85672	0
1.48966	5.88308	-0.329614	1.48966	5.88308	0
2.60579	5.88877	-0.325639	2.60579	5.88877	0
3.63329	5.87173	-0.343882	3.63329	5.87173	0
4.68192	5.92947	-0.331733	4.68192	5.92947	0
5.69413	5.92246	-0.358609	5.69413	5.92246	0
6.80613	5.89408	-0.291893	6.80613	5.89408	0
7.76505	5.93185	-0.326487	7.76505	5.93185	0
8.83313	5.9459	-0.344096	8.83313	5.9459	0
9.90783	5.89312	-0.300221	9.90783	5.89312	0
10.9144	5.85085	-0.31818	10.9144	5.85085	0
-11.8518	5.8702	-0.306236	-11.8518	5.8702	0
-10.8814	5.85398	-0.316597	-10.8814	5.85398	0
-9.80826	5.88303	-0.286431	-9.80826	5.88303	0
-8.82201	5.91473	-0.308251	-8.82201	5.91473	0
-7.78096	5.93347	-0.304458	-7.78096	5.93347	0
-6.70048	5.89019	-0.296909	-6.70048	5.89019	0
-5.68012	5.89875	-0.345128	-5.68012	5.89875	0
-4.64774	5.98034	-0.31461	-4.64774	5.98034	0
-3.65663	5.90001	-0.307168	-3.65663	5.90001	0
-2.6338	5.89003	-0.314527	-2.6338	5.89003	0
-1.58701	5.96623	-0.312488	-1.58701	5.96623	0
-0.617785	6.94662	-0.333696	-0.617785	6.94662	0
0.436911	6.88731	-0.297971	0.436911	6.88731	0
1.51002	6.93401	-0.325935	1.51002	6.93401	0
2.50696	6.90964	-0.313134	2.50696	6.90964	0
3.54526	6.92012	-0.29503	3.54526	6.92012	0
4.63449	6.9267	-0.316779	4.63449	6.9267	0
5.67647	6.96361	-0.336567	5.67647	6.96361	0
6.69207	6.92024	-0.325836	6.69207	6.92024	0
7.76425	6.98872	-0.324179	7.76425	6.98872	0
8.81213	6.96573	-0.311876	8.81213	6.96573	0
9.82368	6.94812	-0.325873	9.82368	6.94812	0
10.8775	6.94898	-0.33313	10.8775	6.94898	0
11.8624	6.95598	-0.32658	11.8624	6.95598	0
-10.8857	6.87123	-0.29695	-10.8857	6.87123	0
-9.85003	6.87136	-0.324447	-9.85003	6.87136	0
-8.79403	6.95357	-0.343465	-8.79403	6.95357	0
-7.75309	6.91241	-0.27563	-7.75309	6.91241	0
-6.65524	6.9503	-0.319207	-6.65524	6.9503	0
-5.60459	6.97884	-0.323825	-5.60459	6.97884	0
-4.59493	6.94736	-0.313636	-4.59493	6.94736	0
-3.59859	6.95176	-0.304144	-3.59859	6.95176	0
-2.58847	6.9556	-0.335372	-2.58847	6.9556	0
-1.61017	6.95664	-0.315063	-1.61017	6.95664	0
-0.495415	7.99912	-0.323468	-0.495415	7.99912	0
0.460178	8.01717	-0.322732	0.460178	8.01717	0
1.4945	7.95117	-0.28377	1.4945	7.95117	0
2.46663	7.98079	-0.313873	2.46663	7.98079	0
3.53611	7.96808	-0.300865	3.53611	7.96808	0
4.52897	7.98176	-0.32716	4.52897	7.98176	0
5.66818	7.96711	-0.321245	5.66818	7.96711	0
6.70869	7.95098	-0.313583	6.70869	7.95098	0
7.7809	7.98292	-0.327892	7.7809	7.98292	0
8.7658	7.97468	-0.329814	8.7658	7.97468	0
9.76571	7.9776	-0.30037	9.76571	7.9776	0
10.8083	8.02522	-0.317021	10.8083	8.02522	0
11.8597	7.99982	-0.305179	11.8597	7.99982	0
-10.9465	8.00388	-0.330457	-10.9465	8.00388	0
-9.89338	7.93093	-0.344467	-9.89338	7.93093	0
-8.86361	7.93404	-0.313494	-8.86361	7.93404	0
-7.76652	7.93832	-0.322705	-7.76652	7.93832	0
-6.7115	7.94357	-0.325121	-6.7115	7.94357	0
-5.63691	7.98134	-0.338578	-5.63691	7.98134	0
-4.55535	7.96531	-0.324795	-4.55535	7.96531	0
-3.56107	8.0361	-0.326263	-3.56107	8.0361	0
-2.58723	8.01414	-0.323208	-2.58723	8.01414	0
-1.49343	8.02033	-0.293982	-1.49343	8.02033	0
-0.544422	9.04223	-0.296724	-0.544422	9.04223	0
0.422474	9.0669	-0.335517	0.422474	9.0669	0
1.46708	9.00954	-0.331915	1.46708	9.00954	0
2.47594	9.01829	-0.291585	2.47594	9.01829	0
3.51887	8.98943	-0.302541	3.51887	8.98943	0
4.56369	8.99487	-0.292128	4.56369	8.99487	0
5.65548	8.94665	-0.313552	5.65548	8.94665	0
6.68661	8.98045	-0.311485	6.68661	8.98045	0
7.80279	8.99904	-0.341146	7.80279	8.99904	0
8.75049	9.02653	-0.325934	8.75049	9.02653	0
9.84166	9.01273	-0.310578	9.84166	9.01273	0
10.8001	9.02297	-0.299426	10.8001	9.02297	0
-11.9391	9.04354	-0.326221	11.8469	9.04354	0
-10.8971	9.04133	-0.319001	-10.8971	9.04133	0
-9.82241	8.93385	-0.306411	-9.82241	8.93385	0
-8.75036	8.96892	-0.313066	-8.75036	8.96892	0
-7.73122	8.94609	-0.28598	-7.73122	8.94609	0
-6.7159	8.96544	-0.303457	-6.7159	8.96544	0
-5.65433	9.03224	-0.286303	-5.65433	9.03224	0
-4.61224	9.01414	-0.324708	-4.61224	9.01414	0
-3.61477	9.05836	-0.326431	-3.61477	9.05836	0
-2.58288	9.11056	-0.327158	-2.58288	9.11056	0
-1.5478	9.01592	-0.313478	-1.5478	9.01592	0
-0.510132	10.0711	-0.335809	-0.510132	10.0711	0
0.48994	10.0673	-0.322806	0.48994	10.0673	0
1.48853	10.1008	-0.324452	1.48853	10.1008	0
2.54874	10.0353	-0.311419	2.54874	10.0353	0
3.5744	10.0029	-0.310004	3.5744	10.0029	0
4.6173	10.0395	-0.310062	4.6173	10.0395	0
5.69824	9.98519	-0.310236	5.69824	9.98519	0
6.71078	10.0415	-0.302685	6.71078	10.0415	0
7.764	10.1033	-0.312735	7.764	10.1033	0
8.75463	10.0151	-0.304976	8.75463	10.0151	0
9.73765	10.1047	-0.297164	9.73765	10.1047	0
10.7715	10.0522	-0.324939	10.7715	10.0522	0
11.8066	10.112	-0.328142	11.8066	10.112	0
-10.915	10.0003	-0.313646	-10.915	10.0003	0
-9.87573	9.97871	-0.326884	-9.87573	9.97871	0
-8.78316	9.96583	-0.316977	-8.78316	9.96583	0
-7.76144	10.0615	-0.336426	-7.76144	10.0615	0
-6.61945	10.0125	-0.335085	-6.61945	10.0125	0
-5.60822	10.088	-0.313679	-5.60822	10.088	0
-4.64454	10.0337	-0.311464	-4.64454	10.0337	0
-3.62595	10.0777	-0.319665	-3.62595	10.0777	0
-2.60499	10.0867	-0.317338	-2.60499	10.0867	0
-1.56242	10.0469	-0.337855	-1.56242	10.0469	0
-0.590112	11.1373	-0.331603	-0.590112	11.1373	0
0.449003	11.1079	-0.301167	0.449003	11.1079	0
1.44983	11.1178	-0.309867	1.44983	11.1178	0
2.59771	11.0959	-0.32966	2.59771	11.0959	0
3.62951	11.08	-0.311599	3.62951	11.08	0
4.66295	11.0551	-0.346787	4.66295	11.0551	0
5.66087	11.015	-0.274605	5.66087	11.015	0
6.69419	11.1029	-0.316943	6.69419	11.1029	0
7.72006	11.1061	-0.323762	7.72006	11.1061	0
8.71757	11.1105	-0.31308	8.71757	11.1105	0
9.72233	11.0696	-0.323523	9.72233	11.0696	0
10.7833	11.0778	-0.313534	10.7833	11.0778	0
11.8711	11.1194	-0.339875	11.8711	11.1194	0
-10.9429	11.0999	-0.293918	-10.9429	11.0999	0
-9.85308	11.0387	-0.307972	-9.85308	11.0387	0
-8.80637	11.0391	-0.288408	-8.80637	11.0391	0
-7.81778	11.1254	-0.304524	-7.81778	11.1254	0
-6.70282	11.1194	-0.317006	-6.70282	11.1194	0
-5.67917	11.0312	-0.291868	-5.67917	11.0312	0
-4.64453	11.0858	-0.30668	-4.64453	11.0858	0
-3.61716	11.0806	-0.323707	-3.61716	11.0806	0
-2.55137	11.081	-0.310987	-2.55137	11.081	0
-1.58302	11.0764	-0.331193	-1.58302	11.0764	0
-0.559357	-11.6516	-0.324825	-0.559357	-11.6516	0
0.470309	-11.6374	-0.325013	0.470309	-11.6374	0
1.47179	-11.6906	-0.306785	1.47179	-11.6906	0
2.44702	-11.6505	-0.315105	2.44702	-11.6505	0
3.58209	-11.6951	-0.318433	3.58209	-11.6951	0
4.59442	-11.7233	-0.341825	4.59442	-11.7233	0
5.60899	-11.7236	-0.313536	5.60899	-11.7236	0
6.68233	-11.6518	-0.296002	6.68233	-11.6518	0
7.69102	-11.6072	-0.312319	7.69102	-11.6072	0
8.74683	-11.6252	-0.33516	8.74683	-11.6252	0
9.81507	-11.6916	-0.333649	9.81507	-11.6916	0
10.8137	-11.6862	-0.337687	10.8137	-11.6862	0
11.8732	-11.6386	-0.3333	11.8732	-11.6386	0
-10.8469	-11.7138	-0.346188	-10.8469	-11.7138	0
-9.83642	-11.699	-0.317157	-9.83642	-11.699	0
-8.80959	-11.707	-0.316342	-8.80959	-11.707	0
-7.74293	-11.637	-0.324369	-7.74293	-11.637	0
-6.7393	-11.6938	-0.315558	-6.7393	-11.6938	0
-5.6938	-11.7092	-0.334962	-5.6938	-11.7092	0
-4.72333	-11.6843	-0.316838	-4.72333	-11.6843	0
-3.63073	-11.7259	-0.33489	-3.63073	-11.7259	0
-2.62686	-11.6829	-0.3055	-2.62686	-11.6829	0
-1.56069	-11.6443	-0.329078	-1.56069	-11.6443	0
-0.555668	-10.6472	-0.333658	-0.555668	-10.6472	0
0.423149	-10.6451	-0.31627	0.423149	-10.6451	0
1.47058	-10.6476	-0.302039	1.47058	-10.6476	0
2.5459	-10.6888	-0.331802	2.5459	-10.6888	0
3.60306	-10.671	-0.338725	3.60306	-10.671	0
4.66629	-10.6624	-0.322602	4.66629	-10.6624	0
5.66704	-10.6856	-0.314439	5.66704	-10.6856	0
6.63756	-10.648	-0.314697	6.63756	-10.648	0
7.7089	-10.593	-0.277578	7.7089	-10.593	0
8.7699	-10.5749	-0.312908	8.7699	-10.5749	0
9.80822	-10.6162	-0.338871	9.80822	-10.6162	0
10.8726	-10.5778	-0.344168	10.8726	-10.5778	0
11.9125	-10.6349	-0.294847	-11.8736	-10.6349	0
-10.8709	-10.5903	-0.297632	-10.8709	-10.5903	0
-9.82899	-10.7103	-0.322833	-9.82899	-10.7103	0
-8.84083	-10.6687	-0.354423	-8.84083	-10.6687	0
-7.80901	-10.637	-0.296175	-7.80901	-10.637	0
-6.70489	-10.6851	-0.336471	-6.70489	-10.6851	0
-5.6964	-10.6331	-0.292612	-5.6964	-10.6331	0
-4.67071	-10.6646	-0.332463	-4.67071	-10.6646	0
-3.66988	-10.6949	-0.310563	-3.66988	-10.6949	0
-2.59542	-10.7051	-0.326454	-2.59542	-10.7051	0
-1.62961	-10.6096	-0.32616	-1.62961	-10.6096	0
-0.567609	-9.61841	-0.317002	-0.567609	-9.61841	0
0.484685	-9.62396	-0.307124	0.484685	-9.62396	0
1.54547	-9.65305	-0.328648	1.54547	-9.65305	0
2.56492	-9.5792	-0.291285	2.56492	-9.5792	0
3.55891	-9.62279	-0.314456	3.55891	-9.62279	0
4.61432	-9.61907	-0.323127	4.61432	-9.61907	0
5.63923	-9.64451	-0.323247	5.63923	-9.64451	0
6.63297	-9.60618	-0.3198	6.63297	-9.60618	0
7.73231	-9.54022	-0.285265	7.73231	-9.54022	0
8.76216	-9.5825	-0.300531	8.76216	-9.5825	0
9.80543	-9.61464	-0.335485	9.80543	-9.61464	0
10.8291	-9.58717	-0.321308	10.8291	-9.58717	0
11.8672	-9.57078	-0.323972	11.8672	-9.57078	0
-10.8794	-9.54551	-0.326979	-10.8794	-9.54551	0
-9.85398	-9.61044	-0.342481	-9.85398	-9.61044	0
-8.83188	-9.58733	-0.298535	-8.83188	-9.58733	0
-7.80211	-9.58088	-0.307517	-7.80211	-9.58088	0
-6.7142	-9.61604	-0.287607	-6.7142	-9.61604	0
-5.75206	-9.61891	-0.315702	-5.75206	-9.61891	0
-4.71814	-9.61384	-0.334941	-4.71814	-9.61384	0
-3.57374	-9.61553	-0.30984	-3.57374	-9.61553	0
-2.53114	-9.7087	-0.322928	-2.53114	-9.7087	0
-1.57493	-9.63119	-0.325784	-1.57493	-9.63119	0
-0.524784	-8.60475	-0.326619	-0.524784	-8.60475	0
0.473604	-8.5753	-0.318475	0.473604	-8.5753	0
1.47596	-8.53684	-0.286189	1.47596	-8.53684	0
2.49537	-8.55972	-0.319545	2.49537	-8.55972	0
3.53247	-8.5826	-0.325365	3.53247	-8.5826	0
4.61506	-8.62346	-0.319072	4.61506	-8.62346	0
5.60847	-8.54795	-0.288884	5.60847	-8.54795	0
6.66862	-8.58699	-0.326971	6.66862	-8.58699	0
7.71865	-8.55579	-0.311365	7.71865	-8.55579	0
8.76015	-8.57484	-0.311974	8.76015	-8.57484	0
9.78615	-8.58645	-0.322183	9.78615	-8.58645	0
10.8515	-8.57548	-0.322545	10.8515	-8.57548	0
11.9147	-8.55354	-0.331946	-11.8714	-8.55354	0
-10.803	-8.52337	-0.29364	-10.803	-8.52337	0
-9.80085	-8.52099	-0.330869	-9.80085	-8.52099	0
-8.80109	-8.55291	-0.339419	-8.80109	-8.55291	0
-7.70291	-8.54267	-0.340995	-7.70291	-8.54267	0
-6.75546	-8.5651	-0.358047	-6.75546	-8.5651	0
-5.68935	-8.57886	-0.313706	-5.68935	-8.57886	0
-4.63901	-8.61732	-0.310881	-4.63901	-8.61732	0
-3.63374	-8.65124	-0.329092	-3.63374	-8.65124	0
-2.60988	-8.63339	-0.317169	-2.60988	-8.63339	0
-1.57599	-8.59081	-0.325879	-1.57599	-8.59081	0
-0.507697	-7.61194	-0.300689	-0.507697	-7.61194	0
0.489192	-7.55013	-0.310269	0.489192	-7.55013	0
1.4747	-7.47751	-0.321455	1.4747	-7.47751	0
2.56872	-7.53192	-0.329848	2.56872	-7.53192	0
3.62331	-7.53785	-0.298659	3.62331	-7.53785	0
4.62883	-7.57061	-0.341971	4.62883	-7.57061	0
5.6717	-7.52555	-0.342044	5.6717	-7.52555	0
6.71139	-7.50713	-0.31704	6.71139	-7.50713	0
7.70616	-7.56805	-0.30363	7.70616	-7.56805	0
8.8017	-7.58425	-0.308061	8.8017	-7.58425	0
9.83002	-7.5888	-0.321354	9.83002	-7.5888	0
10.9003	-7.54105	-0.338872	10.9003	-7.54105	0
11.9642	-7.5636	-0.335598	-11.8219	-7.5636	0
-10.8107	-7.53367	-0.340874	-10.8107	-7.53367	0
-9.80877	-7.50785	-0.333033	-9.80877	-7.50785	0
-8.80334	-7.51507	-0.342628	-8.80334	-7.51507	0
-7.70399	-7.49744	-0.306297	-7.70399	-7.49744	0
-6.70582	-7.53133	-0.328961	-6.70582	-7.53133	0
-5.66958	-7.56062	-0.313894	-5.66958	-7.56062	0
-4.64772	-7.61908	-0.327744	-4.64772	-7.61908	0
-3.60473	-7.53481	-0.339317	-3.60473	-7.53481	0
-2.64594	-7.60219	-0.329864	-2.64594	-7.60219	0
-1.5934	-7.60135	-0.333146	-1.5934	-7.60135	0
-0.547957	-6.55522	-0.301052	-0.547957	-6.55522	0
0.509625	-6.5242	-0.301691	0.509625	-6.5242	0
1.50948	-6.51713	-0.288367	1.50948	-6.51713	0
2.53081	-6.49242	-0.355153	2.53081	-6.49242	0
3.67265	-6.56019	-0.331493	3.67265	-6.56019	0
4.64737	-6.53116	-0.29999	4.64737	-6.53116	0
5.73974	-6.52922	-0.316642	5.73974	-6.52922	0
6.76998	-6.50527	-0.307734	6.76998	-6.50527	0
7.81829	-6.51978	-0.343506	7.81829	-6.51978	0
8.83059	-6.53717	-0.302166	8.83059	-6.53717	0
9.83012	-6.55645	-0.340559	9.83012	-6.55645	0
10.901	-6.54909	-0.307189	10.901	-6.54909	0
11.9246	-6.49596	-0.300273	-11.8615	-6.49596	0
-10.8035	-6.51609	-0.301054	-10.8035	-6.51609	0
-9.7392	-6.47279	-0.311556	-9.7392	-6.47279	0
-8.78	-6.44727	-0.306662	-8.78	-6.44727	0
-7.79868	-6.483	-0.311944	-7.79868	-6.483	0
-6.72494	-6.48734	-0.32691	-6.72494	-6.48734	0
-5.64395	-6.47244	-0.332432	-5.64395	-6.47244	0
-4.61474	-6.56365	-0.327834	-4.61474	-6.56365	0
-3.57271	-6.51029	-0.310736	-3.57271	-6.51029	0
-2.59538	-6.60768	-0.331745	-2.59538	-6.60768	0
-1.58235	-6.53662	-0.299944	-1.58235	-6.53662	0
-0.540816	-5.51583	-0.336794	-0.540816	-5.51583	0
0.448682	-5.51238	-0.320262	0.448682	-5.51238	0
1.51863	-5.47159	-0.304419	1.51863	-5.47159	0
2.57532	-5.50814	-0.324489	2.57532	-5.50814	0
3.61901	-5.47394	-0.312384	3.61901	-5.47394	0
4.6101	-5.49559	-0.332225	4.6101	-5.49559	0
5.71181	-5.49045	-0.310243	5.71181	-5.49045	0
6.7382	-5.45196	-0.333897	6.7382	-5.45196	0
7.75358	-5.45879	-0.31709	7.75358	-5.45879	0
8.83676	-5.50019	-0.324149	8.83676	-5.50019	0
9.84255	-5.48356	-0.331673	9.84255	-5.48356	0
10.9139	-5.58048	-0.321595	10.9139	-5.58048	0
11.9288	-5.45235	-0.316884	-11.8573	-5.45235	0
-10.834	-5.44555	-0.323928	-10.834	-5.44555	0
-9.79197	-5.4693	-0.333341	-9.79197	-5.4693	0
-8.77679	-5.46582	-0.322863	-8.77679	-5.46582	0
-7.70941	-5.5065	-0.297128	-7.70941	-5.5065	0
-6.69669	-5.42323	-0.304693	-6.69669	-5.42323	0
-5.68298	-5.45497	-0.303999	-5.68298	-5.45497	0
-4.65032	-5.51025	-0.312733	-4.65032	-5.51025	0
-3.57096	-5.49599	-0.336332	-3.57096	-5.49599	0
-2.57141	-5.5277	-0.350068	-2.57141	-5.5277	0
-1.60671	-5.49333	-0.299208	-1.60671	-5.49333	0
-0.510191	-4.52281	-0.338242	-0.510191	-4.52281	0
0.516759	-4.4339	-0.309008	0.516759	-4.4339	0
1.53012	-4.39191	-0.335437	1.53012	-4.39191	0
2.52035	-4.45914	-0.337633	2.52035	-4.45914	0
3.56871	-4.46921	-0.329845	3.56871	-4.46921	0
4.60352	-4.4589	-0.292246	4.60352	-4.4589	0
5.65975	-4.42355	-0.331399	5.65975	-4.42355	0
6.65389	-4.4402	-0.34064	6.65389	-4.4402	0
7.7209	-4.45981	-0.326013	7.7209	-4.45981	0
8.79527	-4.47287	-0.319987	8.79527	-4.47287	0
9.82044	-4.46696	-0.295157	9.82044	-4.46696	0
10.8506	-4.4624	-0.327307	10.8506	-4.4624	0
11.9297	-4.43452	-0.311672	-11.8564	-4.43452	0
-10.8283	-4.42653	-0.323456	-10.8283	-4.42653	0
-9.81949	-4.4374	-0.327325	-9.81949	-4.4374	0
-8.77215	-4.46564	-0.317624	-8.77215	-4.46564	0
-7.74069	-4.48099	-0.310651	-7.74069	-4.48099	0
-6.71433	-4.42778	-0.298606	-6.71433	-4.42778	0
-5.73244	-4.43182	-0.317117	-5.73244	-4.43182	0
-4.67172	-4.47404	-0.308706	-4.67172	-4.47404	0
-3.63225	-4.47093	-0.31731	-3.63225	-4.47093	0
-2.61249	-4.47507	-0.288734	-2.61249	-4.47507	0
-1.54195	-4.47081	-0.306945	-1.54195	-4.47081	0
-0.547937	-3.47144	-0.290228	-0.547937	-3.47144	0
0.46424	-3.42912	-0.310491	0.46424	-3.42912	0
1.53988	-3.37331	-0.294972	1.53988	-3.37331	0
2.58327	-3.37717	-0.263244	2.58327	-3.37717	0
3.61741	-3.44067	-0.303685	3.61741	-3.44067	0
4.64251	-3.43673	-0.30564	4.64251	-3.43673	0
5.63518	-3.40538	-0.310204	5.63518	-3.40538	0
6.7267	-3.40564	-0.311115	6.7267	-3.40564	0
7.72624	-3.3543	-0.302119	7.72624	-3.3543	0
8.73698	-3.39008	-0.339991	8.73698	-3.39008	0
9.79684	-3.44576	-0.296526	9.79684	-3.44576	0
10.8342	-3.45673	-0.30139	10.8342	-3.45673	0
11.9051	-3.40519	-0.323334	-11.8809	-3.40519	0
-10.8439	-3.37387	-0.331646	-10.8439	-3.37387	0
-9.83154	-3.36008	-0.33417	-9.83154	-3.36008	0
-8.78753	-3.40341	-0.317688	-8.78753	-3.40341	0
-7.78575	-3.46922	-0.323521	-7.78575	-3.46922	0
-6.75267	-3.38397	-0.33276	-6.75267	-3.38397	0
-5.6995	-3.44503	-0.302509	-5.6995	-3.44503	0
-4.65177	-3.43992	-0.315526	-4.65177	-3.43992	0
-3.60062	-3.44178	-0.317156	-3.60062	-3.44178	0
-2.54234	-3.44233	-0.348346	-2.54234	-3.44233	0
-1.54363	-3.45089	-0.292476	-1.54363	-3.45089	0
-0.591637	-2.46002	-0.312151	-0.591637	-2.46002	0
0.466406	-2.42503	-0.345237	0.466406	-2.42503	0
1.50858	-2.40074	-0.337113	1.50858	-2.40074	0
2.54312	-2.4024	-0.316222	2.54312	-2.4024	0
3.55626	-2.39583	-0.327867	3.55626	-2.39583	0
4.60518	-2.40761	-0.293454	4.60518	-2.40761	0
5.67446	-2.40109	-0.292279	5.67446	-2.40109	0
6.69278	-2.3767	-0.318796	6.69278	-2.3767	0
7.72691	-2.3606	-0.295868	7.72691	-2.3606	0
8.75969	-2.36744	-0.339254	8.75969	-2.36744	0
9.79441	-2.42389	-0.32195	9.79441	-2.42389	0
10.7934	-2.37408	-0.290319	10.7934	-2.37408	0
11.889	-2.38082	-0.328461	11.889	-2.38082	0
-10.906	-2.43739	-0.306939	-10.906	-2.43739	0
-9.78128	-2.39524	-0.352385	-9.78128	-2.39524	0
-8.78778	-2.36623	-0.304471	-8.78778	-2.36623	0
-7.76352	-2.40327	-0.286417	-7.76352	-2.40327	0
-6.75312	-2.39297	-0.309875	-6.75312	-2.39297	0
-5.69173	-2.43489	-0.331976	-5.69173	-2.43489	0
-4.68786	-2.42372	-0.327272	-4.68786	-2.42372	0
-3.69062	-2.36789	-0.33844	-3.69062	-2.36789	0
-2.63487	-2.40406	-0.308076	-2.63487	-2.40406	0
-1.55255	-2.42978	-0.309539	-1.55255	-2.42978	0
-0.524046	-1.37329	-0.331967	-0.524046	-1.37329	0
0.474417	-1.35862	-0.291064	0.474417	-1.35862	0
1.51936	-1.38805	-0.327872	1.51936	-1.38805	0
2.57558	-1.37991	-0.319471	2.57558	-1.37991	0
3.55481	-1.32549	-0.31377	3.55481	-1.32549	0
4.60677	-1.35923	-0.329109	4.60677	-1.35923	0
5.69695	-1.37863	-0.320886	5.69695	-1.37863	0
6.73065	-1.35282	-0.326817	6.73065	-1.35282	0
7.71664	-1.31018	-0.29947	7.71664	-1.31018	0
8.81808	-1.33685	-0.331697	8.81808	-1.33685	0
9.79435	-1.33352	-0.33403	9.79435	-1.33352	0
10.8503	-1.36731	-0.315588	10.8503	-1.36731	0
11.8757	-1.37718	-0.301476	11.8757	-1.37718	0
-10.8624	-1.37975	-0.335761	-10.8624	-1.37975	0
-9.81096	-1.33849	-0.312871	-9.81096	-1.33849	0
-8.76966	-1.34857	-0.293194	-8.76966	-1.34857	0
-7.79917	-1.33326	-0.309914	-7.79917	-1.33326	0
-6.82847	-1.38585	-0.333034	-6.82847	-1.38585	0
-5.68705	-1.35413	-0.307638	-5.68705	-1.35413	0
-4.71754	-1.38231	-0.323727	-4.71754	-1.38231	0
-3.7019	-1.33911	-0.331388	-3.7019	-1.33911	0
-2.68918	-1.32702	-0.311576	-2.68918	-1.32702	0
-1.58836	-1.39192	-0.310605	-1.58836	-1.39192	0
-0.0557514	0.127543	0.32185	-0.0557514	0.127543	0
0.981027	0.200906	0.288416	0.981027	0.200906	0
1.97972	0.200666	0.324749	1.97972	0.200666	0
3.06825	0.249099	0.318906	3.06825	0.249099	0
4.11274	0.20885	0.304171	4.11274	0.20885	0
5.16306	0.250392	0.315076	5.16306	0.250392	0
6.20204	0.201439	0.312934	6.20204	0.201439	0
7.22315	0.176979	0.336496	7.22315	0.176979	0
8.23518	0.237655	0.280222	8.23518	0.237655	0
9.25324	0.230427	0.3356	9.25324	0.230427	0
10.3364	0.187574	0.3202	10.3364	0.187574	0
11.3822	0.193852	0.323398	11.3822	0.193852	0
-11.3675	0.190554	0.297528	-11.3675	0.190554	0
-10.3453	0.158645	0.317654	-10.3453	0.158645	0
-9.26723	0.184836	0.32582	-9.26723	0.184836	0
-8.30981	0.217704	0.305409	-8.30981	0.217704	0
-7.27658	0.212941	0.339318	-7.27658	0.212941	0
-6.27221	0.183383	0.319314	-6.27221	0.183383	0
-5.23749	0.170032	0.31911	-5.23749	0.170032	0
-4.21921	0.191782	0.318565	-4.21921	0.191782	0
-3.18301	0.175734	0.324503	-3.18301	0.175734	0
-2.09569	0.129531	0.31243	-2.09569	0.129531	0
-1.11137	0.163531	0.323894	-1.11137	0.163531	0
-0.00834167	1.28835	0.305163	-0.00834167	1.28835	0
1.08497	1.30135	0.341659	1.08497	1.30135	0
2.07891	1.26034	0.318388	2.07891	1.26034	0
3.09059	1.30906	0.301623	3.09059	1.30906	0
4.16413	1.22308	0.327996	4.16413	1.22308	0
5.20419	1.26066	0.320896	5.20419	1.26066	0
6.23476	1.23321	0.311414	6.23476	1.23321	0
7.22822	1.24932	0.326427	7.22822	1.24932	0
8.28255	1.2591	0.316674	8.28255	1.2591	0
9.37753	1.20183	0.318977	9.37753	1.20183	0
10.3692	1.27661	0.30454	10.3692	1.27661	0
11.41	1.30486	0.343598	11.41	1.30486	0
-11.4263	1.22576	0.328151	-11.4263	1.22576	0
-10.326	1.17233	0.312193	-10.326	1.17233	0
-9.3017	1.18109	0.344026	-9.3017	1.18109	0
-8.24041	1.23681	0.309468	-8.24041	1.23681	0
-7.26305	1.26036	0.330981	-7.26305	1.26036	0
-6.23765	1.20737	0.325638	-6.23765	1.20737	0
-5.2085	1.26776	0.344328	-5.2085	1.26776	0
-4.2209	1.22501	0.29808	-4.2209	1.22501	0
-3.16503	1.19506	0.276603	-3.16503	1.19506	0
-2.15966	1.16967	0.331236	-2.15966	1.16967	0
-1.06873	1.18699	0.33004	-1.06873	1.18699	0
-0.0138865	2.28563	0.312239	-0.0138865	2.28563	0
1.06129	2.30902	0.296839	1.06129	2.30902	0
2.12543	2.32449	0.327007	2.12543	2.32449	0
3.14336	2.26838	0.315312	3.14336	2.26838	0
4.1848	2.2386	0.283135	4.1848	2.2386	0
5.17519	2.28585	0.30473	5.17519	2.28585	0
6.23922	2.2493	0.332558	6.23922	2.2493	0
7.32049	2.2631	0.30544	7.32049	2.2631	0
8.33292	2.26439	0.325656	8.33292	2.26439	0
9.38003	2.24254	0.310467	9.38003	2.24254	0
10.3825	2.24757	0.304161	10.3825	2.24757	0
11.3612	2.32451	0.313779	11.3612	2.32451	0
-11.3651	2.28734	0.339466	-11.3651	2.28734	0
-10.3613	2.21959	0.3193	-10.3613	2.21959	0
-9.28638	2.22925	0.304958	-9.28638	2.22925	0
-8.25102	2.2573	0.338737	-8.25102	2.2573	0
-7.21311	2.3367	0.33688	-7.21311	2.3367	0
-6.16059	2.20211	0.341808	-6.16059	2.20211	0
-5.1618	2.32266	0.32806	-5.1618	2.32266	0
-4.14842	2.28059	0.33511	-4.14842	2.28059	0
-3.17271	2.22526	0.307156	-3.17271	2.22526	0
-2.0915	2.21661	0.310124	-2.0915	2.21661	0
-1.05292	2.22488	0.298924	-1.05292	2.22488	0
-0.00404885	3.34896	0.276403	-0.00404885	3.34896	0
1.06996	3.30281	0.323142	1.06996	3.30281	0
2.14758	3.34205	0.319913	2.14758	3.34205	0
3.18091	3.3078	0.33536	3.18091	3.3078	0
4.18642	3.3111	0.287461	4.18642	3.3111	0
5.24635	3.29681	0.323933	5.24635	3.29681	0
6.24127	3.31253	0.32235	6.24127	3.31253	0
7.22265	3.26966	0.30702	7.22265	3.26966	0
8.30721	3.25592	0.33614	8.30721	3.25592	0
9.27683	3.3181	0.30944	9.27683	3.3181	0
10.2941	3.30859	0.300205	10.2941	3.30859	0
11.367	3.35718	0.327945	11.367	3.35718	0
-11.3972	3.314	0.300974	-11.3972	3.314	0
-10.3111	3.30255	0.316541	-10.3111	3.30255	0
-9.33447	3.34155	0.304597	-9.33447	3.34155	0
-8.27587	3.31125	0.313612	-8.27587	3.31125	0
-7.25877	3.34718	0.299716	-7.25877	3.34718	0
-6.18393	3.32846	0.326807	-6.18393	3.32846	0
-5.18489	3.34903	0.325984	-5.18489	3.34903	0
-4.15366	3.37746	0.328826	-4.15366	3.37746	0
-3.09949	3.26189	0.274583	-3.09949	3.26189	0
-2.08815	3.26314	0.339781	-2.08815	3.26314	0
-1.0267	3.30298	0.318931	-1.0267	3.30298	0
0.00494095	4.29218	0.32436	0.00494095	4.29218	0
1.07214	4.31632	0.317556	1.07214	4.31632	0
2.11301	4.34766	0.331446	2.11301	4.34766	0
3.14162	4.26371	0.297866	3.14162	4.26371	0
4.15939	4.34799	0.300615	4.15939	4.34799	0
5.1596	4.3462	0.300553	5.1596	4.3462	0
6.21163	4.35271	0.315035	6.21163	4.35271	0
7.262	4.34413	0.296533	7.262	4.34413	0
8.29625	4.28891	0.315807	8.29625	4.28891	0
9.31911	4.32458	0.288203	9.31911	4.32458	0
10.3514	4.32276	0.32167	10.3514	4.32276	0
11.3722	4.31921	0.324972	11.3722	4.31921	0
-11.3315	4.38286	0.301503	-11.3315	4.38286	0
-10.3668	4.33747	0.325299	-10.3668	4.33747	0
-9.28381	4.41183	0.325812	-9.28381	4.41183	0
-8.30053	4.32566	0.321601	-8.30053	4.32566	0
-7.28754	4.36509	0.33958	-7.28754	4.36509	0
-6.18739	4.33608	0.298382	-6.18739	4.33608	0
-5.14281	4.36936	0.322927	-5.14281	4.36936	0
-4.14796	4.36492	0.306041	-4.14796	4.36492	0
-3.12527	4.32351	0.316048	-3.12527	4.32351	0
-2.10333	4.40271	0.300807	-2.10333	4.40271	0
-1.00355	4.34252	0.30597	-1.00355	4.34252	0
-0.0198265	5.32485	0.34368	-0.0198265	5.32485	0
1.03633	5.35354	0.317485	1.03633	5.35354	0
2.11156	5.37185	0.31796	2.11156	5.37185	0
3.15817	5.42609	0.329994	3.15817	5.42609	0
4.12583	5.34054	0.299909	4.12583	5.34054	0
5.1903	5.43076	0.319421	5.1903	5.43076	0
6.19682	5.40777	0.324036	6.19682	5.40777	0
7.25572	5.38322	0.331554	7.25572	5.38322	0
8.27501	5.39399	0.296578	8.27501	5.39399	0
9.28879	5.36284	0.327729	9.28879	5.36284	0
10.3294	5.31193	0.321654	10.3294	5.31193	0
11.3499	5.34544	0.32036	11.3499	5.34544	0
-11.3787	5.36536	0.334365	-11.3787	5.36536	0
-10.3418	5.36847	0.329067	-10.3418	5.36847	0
-9.27373	5.41112	0.330076	-9.27373	5.41112	0
-8.26995	5.37821	0.308881	-8.26995	5.37821	0
-7.2584	5.41465	0.330837	-7.2584	5.41465	0
-6.21828	5.37748	0.329706	-6.21828	5.37748	0
-5.20704	5.44429	0.31879	-5.20704	5.44429	0
-4.10138	5.39131	0.352059	-4.10138	5.39131	0
-3.1642	5.37945	0.329397	-3.1642	5.37945	0
-2.09053	5.36084	0.272938	-2.09053	5.36084	0
-1.07397	5.37608	0.285272	-1.07397	5.37608	0
-0.016716	6.37882	0.317585	-0.016716	6.37882	0
1.04492	6.41572	0.335025	1.04492	6.41572	0
2.02913	6.38494	0.309886	2.02913	6.38494	0
3.10444	6.4527	0.310159	3.10444	6.4527	0
4.13087	6.36889	0.335084	4.13087	6.36889	0
5.15607	6.43295	0.343932	5.15607	6.43295	0
6.20323	6.36994	0.30407	6.20323	6.36994	0
7.27251	6.45079	0.324681	7.27251	6.45079	0
8.307	6.42292	0.314005	8.307	6.42292	0
9.31935	6.43242	0.321031	9.31935	6.43242	0
10.3954	6.39304	0.298404	10.3954	6.39304	0
11.4102	6.40437	0.324504	11.4102	6.40437	0
-11.3897	6.4049	0.325025	-11.3897	6.4049	0
-10.3439	6.40707	0.323834	-10.3439	6.40707	0
-9.33502	6.42249	0.33264	-9.33502	6.42249	0
-8.31961	6.43365	0.32709	-8.31961	6.43365	0
-7.16526	6.42093	0.324629	-7.16526	6.42093	0
-6.12594	6.42605	0.286872	-6.12594	6.42605	0
-5.15456	6.43834	0.314802	-5.15456	6.43834	0
-4.09845	6.46933	0.336275	-4.09845	6.46933	0
-3.12021	6.44374	0.327175	-3.12021	6.44374	0
-2.13455	6.40229	0.336141	-2.13455	6.40229	0
-1.03723	6.42711	0.303801	-1.03723	6.42711	0
-0.0285255	7.4215	0.323128	-0.0285255	7.4215	0
0.93549	7.48042	0.310625	0.93549	7.48042	0
2.0101	7.37346	0.336456	2.0101	7.37346	0
3.03516	7.43143	0.304147	3.03516	7.43143	0
4.08179	7.40647	0.313842	4.08179	7.40647	0
5.12894	7.43781	0.30581	5.12894	7.43781	0
6.17913	7.47306	0.319695	6.17913	7.47306	0
7.23225	7.40267	0.305037	7.23225	7.40267	0
8.27453	7.48009	0.324358	8.27453	7.48009	0
9.38325	7.42333	0.350655	9.38325	7.42333	0
10.3889	7.4793	0.32961	10.3889	7.4793	0
11.3871	7.50186	0.30892	11.3871	7.50186	0
-11.3867	7.4427	0.30012	-11.3867	7.4427	0
-10.4124	7.43229	0.324453	-10.4124	7.43229	0
-9.35054	7.424	0.293878	-9.35054	7.424	0
-8.32379	7.42444	0.318049	-8.32379	7.42444	0
-7.20407	7.47462	0.311514	-7.20407	7.47462	0
-6.15761	7.44121	0.316904	-6.15761	7.44121	0
-5.12923	7.47734	0.312869	-5.12923	7.47734	0
-4.06535	7.48959	0.313174	-4.06535	7.48959	0
-3.06106	7.4918	0.308386	-3.06106	7.4918	0
-2.06509	7.52655	0.295437	-2.06509	7.52655	0
-1.02629	7.45711	0.31403	-1.02629	7.45711	0
-0.00842933	8.53387	0.317302	-0.00842933	8.53387	0
0.94365	8.53874	0.310593	0.94365	8.53874	0
1.97941	8.49831	0.321699	1.97941	8.49831	0
3.00132	8.51243	0.32508	3.00132	8.51243	0
4.00679	8.49138	0.312718	4.00679	8.49138	0
5.09184	8.47496	0.300353	5.09184	8.47496	0
6.13633	8.46547	0.30778	6.13633	8.46547	0
7.20014	8.51973	0.290469	7.20014	8.51973	0
8.23601	8.48153	0.304753	8.23601	8.48153	0
9.29238	8.49329	0.310025	9.29238	8.49329	0
10.3275	8.48172	0.324601	10.3275	8.48172	0
11.3754	8.54203	0.329941	11.3754	8.54203	0
-11.3958	8.52215	0.325763	-11.3958	8.52215	0
-10.3342	8.43701	0.308074	-10.3342	8.43701	0
-9.31714	8.45356	0.312106	-9.31714	8.45356	0
-8.2841	8.42893	0.307512	-8.2841	8.42893	0
-7.22016	8.44985	0.339283	-7.22016	8.44985	0
-6.18906	8.46468	0.311046	-6.18906	8.46468	0
-5.12166	8.4969	0.3059	-5.12166	8.4969	0
-4.13628	8.51697	0.343461	-4.13628	8.51697	0
-3.08652	8.58733	0.303126	-3.08652	8.58733	0
-2.09306	8.52521	0.31419	-2.09306	8.52521	0
-1.00198	8.53184	0.326204	-1.00198	8.53184	0
-0.0595775	9.58188	0.313788	-0.0595775	9.58188	0
0.987872	9.53492	0.299847	0.987872	9.53492	0
1.96694	9.52865	0.30812	1.96694	9.52865	0
2.99607	9.54906	0.332417	2.99607	9.54906	0
4.03664	9.53809	0.322712	4.03664	9.53809	0
5.16282	9.45958	0.330006	5.16282	9.45958	0
6.20375	9.45699	0.308998	6.20375	9.45699	0
7.26591	9.5357	0.267837	7.26591	9.5357	0
8.22257	9.56621	0.318466	8.22257	9.56621	0
9.30024	9.48317	0.307265	9.30024	9.48317	0
10.3223	9.55061	0.305964	10.3223	9.55061	0
11.3305	9.58505	0.309418	11.3305	9.58505	0
-11.461	9.56216	0.285089	-11.461	9.56216	0
-10.3274	9.48596	0.329774	-10.3274	9.48596	0
-9.30944	9.46156	0.314032	-9.30944	9.46156	0
-8.25139	9.52698	0.298799	-8.25139	9.52698	0
-7.22189	9.53077	0.268799	-7.22189	9.53077	0
-6.17392	9.4734	0.305458	-6.17392	9.4734	0
-5.13162	9.5092	0.321777	-5.13162	9.5092	0
-4.06641	9.54284	0.317366	-4.06641	9.54284	0
-3.11993	9.55226	0.30621	-3.11993	9.55226	0
-2.084	9.57194	0.35343	-2.084	9.57194	0
-1.06035	9.56135	0.333283	-1.06035	9.56135	0
-0.0227548	10.6003	0.325455	-0.0227548	10.6003	0
0.989181	10.5634	0.324871	0.989181	10.5634	0
2.01075	10.6288	0.297666	2.01075	10.6288	0
3.06925	10.6142	0.305791	3.06925	10.6142	0
4.12287	10.5364	0.302987	4.12287	10.5364	0
5.16745	10.4992	0.307648	5.16745	10.4992	0
6.22576	10.5016	0.294753	6.22576	10.5016	0
7.21649	10.5506	0.319769	7.21649	10.5506	0
8.21669	10.6217	0.319213	8.21669	10.6217	0
9.22849	10.592	0.331848	9.22849	10.592	0
10.3043	10.5807	0.318851	10.3043	10.5807	0
11.2962	10.6355	0.31288	11.2962	10.6355	0
-11.4204	10.5488	0.334003	-11.4204	10.5488	0
-10.4076	10.5175	0.305821	-10.4076	10.5175	0
-9.31168	10.4803	0.322283	-9.31168	10.4803	0
-8.26757	10.5583	0.331048	-8.26757	10.5583	0
-7.19742	10.5225	0.272144	-7.19742	10.5225	0
-6.15274	10.4912	0.325748	-6.15274	10.4912	0
-5.12664	10.5452	0.34853	-5.12664	10.5452	0
-4.13317	10.5889	0.281149	-4.13317	10.5889	0
-3.11996	10.5783	0.29389	-3.11996	10.5783	0
-2.06081	10.5154	0.31476	-2.06081	10.5154	0
-1.05531	10.519	0.295517	-1.05531	10.519	0
-0.0165455	11.6384	0.320863	-0.0165455	11.6384	0
1.01173	11.6234	0.345378	1.01173	11.6234	0
2.0284	11.605	0.332276	2.0284	11.605	0
3.03593	11.597	0.344934	3.03593	11.597	0
4.10895	11.5671	0.334255	4.10895	11.5671	0
5.13784	11.5647	0.322845	5.13784	11.5647	0
6.10108	11.6318	0.337714	6.10108	11.6318	0
7.18058	11.6362	0.331741	7.18058	11.6362	0
8.19803	11.6088	0.33698	8.19803	11.6088	0
9.24784	11.6391	0.317745	9.24784	11.6391	0
10.3075	11.6194	0.319484	10.3075	11.6194	0
11.3823	11.6322	0.261768	11.3823	11.6322	0
-11.383	11.6181	0.323724	-11.383	11.6181	0
-10.3316	11.598	0.320521	-10.3316	11.598	0
-9.33632	11.5457	0.319302	-9.33632	11.5457	0
-8.26178	11.6057	0.321865	-8.26178	11.6057	0
-7.23737	11.5698	0.294774	-7.23737	11.5698	0
-6.21346	11.5794	0.320231	-6.21346	11.5794	0
-5.19046	11.5642	0.32342	-5.19046	11.5642	0
-4.18644	11.5915	0.317392	-4.18644	11.5915	0
-3.11993	11.5924	0.325979	-3.11993	11.5924	0
-2.04307	11.5352	0.310101	-2.04307	11.5352	0
-1.03208	11.6225	0.348601	-1.03208	11.6225	0
-0.00483937	-11.1185	0.32534	-0.00483937	-11.1185	0
1.00762	-11.1367	0.30487	1.00762	-11.1367	0
2.00892	-11.1396	0.325096	2.00892	-11.1396	0
3.07639	-11.1656	0.315704	3.07639	-11.1656	0
4.09978	-11.1779	0.296346	4.09978	-11.1779	0
5.13578	-11.2022	0.351843	5.13578	-11.2022	0
6.18027	-11.1467	0.311325	6.18027	-11.1467	0
7.17539	-11.095	0.320977	7.17539	-11.095	0
8.2488	-11.1164	0.306207	8.2488	-11.1164	0
9.35614	-11.1167	0.32835	9.35614	-11.1167	0
10.3471	-11.1287	0.28752	10.3471	-11.1287	0
11.3445	-11.1134	0.311927	11.3445	-11.1134	0
-11.3766	-11.1741	0.301905	-11.3766	-11.1741	0
-10.3409	-11.1582	0.309539	-10.3409	-11.1582	0
-9.34344	-11.232	0.33184	-9.34344	-11.232	0
-8.32014	-11.1692	0.287582	-8.32014	-11.1692	0
-7.27765	-11.1057	0.32059	-7.27765	-11.1057	0
-6.20029	-11.229	0.305601	-6.20029	-11.229	0
-5.19717	-11.1495	0.319653	-5.19717	-11.1495	0
-4.21334	-11.1455	0.295105	-4.21334	-11.1455	0
-3.19766	-11.1998	0.315692	-3.19766	-11.1998	0
-2.06645	-11.191	0.32459	-2.06645	-11.191	0
-1.06914	-11.1265	0.324549	-1.06914	-11.1265	0
-0.0910368	-10.1044	0.317425	-0.0910368	-10.1044	0
0.948574	-10.2015	0.338792	0.948574	-10.2015	0
2.00997	-10.1298	0.299101	2.00997	-10.1298	0
3.1132	-10.1128	0.315321	3.1132	-10.1128	0
4.13487	-10.1262	0.313593	4.13487	-10.1262	0
5.12873	-10.176	0.301576	5.12873	-10.176	0
6.15057	-10.1244	0.335477	6.15057	-10.1244	0
7.16345	-10.0903	0.307133	7.16345	-10.0903	0
8.19025	-10.1083	0.332595	8.19025	-10.1083	0
9.28318	-10.1118	0.348046	9.28318	-10.1118	0
10.3019	-10.1245	0.300175	10.3019	-10.1245	0
11.3144	-10.0941	0.319213	11.3144	-10.0941	0
-11.4256	-10.0667	0.303844	-11.4256	-10.0667	0
-10.3366	-10.1264	0.333327	-10.3366	-10.1264	0
-9.32586	-10.1651	0.303221	-9.32586	-10.1651	0
-8.31405	-10.1179	0.311864	-8.31405	-10.1179	0
-7.29123	-10.1174	0.295691	-7.29123	-10.1174	0
-6.22591	-10.1121	0.337787	-6.22591	-10.1121	0
-5.13186	-10.1272	0.329025	-5.13186	-10.1272	0
-4.12542	-10.1449	0.318941	-4.12542	-10.1449	0
-3.14749	-10.1843	0.30673	-3.14749	-10.1843	0
-2.11967	-10.23	0.355935	-2.11967	-10.23	0
-1.10321	-10.1258	0.311911	-1.10321	-10.1258	0
-0.0029274	-9.09184	0.31748	-0.0029274	-9.09184	0
1.01845	-9.15728	0.30166	1.01845	-9.15728	0
2.00876	-9.09714	0.316937	2.00876	-9.09714	0
3.05259	-9.01232	0.303492	3.05259	-9.01232	0
4.09278	-9.11686	0.306115	4.09278	-9.11686	0
5.14727	-9.12505	0.310149	5.14727	-9.12505	0
6.20393	-8.9932	0.337839	6.20393	-8.9932	0
7.16412	-9.06929	0.311956	7.16412	-9.06929	0
8.25845	-9.04289	0.313674	8.25845	-9.04289	0
9.27539	-9.11332	0.299615	9.27539	-9.11332	0
10.2871	-9.08896	0.321575	10.2871	-9.08896	0
11.3333	-9.05618	0.322055	11.3333	-9.05618	0
-11.3701	-9.05938	0.330514	-11.3701	-9.05938	0
-10.3261	-9.02275	0.328895	-10.3261	-9.02275	0
-9.36152	-9.08721	0.322102	-9.36152	-9.08721	0
-8.28947	-9.02827	0.30442	-8.28947	-9.02827	0
-7.32628	-9.08755	0.326494	-7.32628	-9.08755	0
-6.25845	-9.07236	0.32875	-6.25845	-9.07236	0
-5.18067	-9.12062	0.32352	-5.18067	-9.12062	0
-4.10174	-9.16134	0.331415	-4.10174	-9.16134	0
-3.07871	-9.18153	0.340222	-3.07871	-9.18153	0
-2.08441	-9.12243	0.307357	-2.08441	-9.12243	0
-1.07158	-9.10911	0.308467	-1.07158	-9.10911	0
-0.00351543	-8.09459	0.345981	-0.00351543	-8.09459	0
1.02237	-8.06945	0.316755	1.02237	-8.06945	0
1.97874	-8.03136	0.329003	1.97874	-8.03136	0
3.04842	-7.99025	0.325679	3.04842	-7.99025	0
4.12854	-8.09693	0.319324	4.12854	-8.09693	0
5.09825	-8.05568	0.311529	5.09825	-8.05568	0
6.16024	-7.97083	0.31445	6.16024	-7.97083	0
7.19093	-8.06096	0.334068	7.19093	-8.06096	0
8.29455	-8.0676	0.324714	8.29455	-8.0676	0
9.33098	-8.09067	0.32684	9.33098	-8.09067	0
10.3998	-8.07033	0.33513	10.3998	-8.07033	0
11.4256	-8.04042	0.307341	11.4256	-8.04042	0
-11.3044	-8.04203	0.319751	-11.3044	-8.04203	0
-10.2773	-7.99887	0.340331	-10.2773	-7.99887	0
-9.28367	-8.05116	0.337237	-9.28367	-8.05116	0
-8.2709	-8.05158	0.321961	-8.2709	-8.05158	0
-7.22583	-8.05182	0.336194	-7.22583	-8.05182	0
-6.23463	-8.07042	0.321447	-6.23463	-8.07042	0
-5.1712	-8.08743	0.323547	-5.1712	-8.08743	0
-4.08581	-8.04045	0.325781	-4.08581	-8.04045	0
-3.14385	-8.11159	0.328789	-3.14385	-8.11159	0
-2.08883	-8.14161	0.337557	-2.08883	-8.14161	0
-1.05966	-8.10325	0.291305	-1.05966	-8.10325	0
-0.0219571	-7.00862	0.318656	-0.0219571	-7.00862	0
0.995845	-7.04243	0.340849	0.995845	-7.04243	0
2.08161	-7.00971	0.319836	2.08161	-7.00971	0
3.11707	-6.99711	0.302941	3.11707	-6.99711	0
4.1484	-7.05579	0.303197	4.1484	-7.05579	0
5.16254	-7.01785	0.321599	5.16254	-7.01785	0
6.23406	-6.96999	0.347862	6.23406	-6.96999	0
7.27817	-7.00784	0.301816	7.27817	-7.00784	0
8.25823	-7.01628	0.311477	8.25823	-7.01628	0
9.29899	-7.04196	0.312531	9.29899	-7.04196	0
10.3408	-7.05748	0.307692	10.3408	-7.05748	0
11.453	-7.05144	0.305074	11.453	-7.05144	0
-11.3502	-7.03075	0.309022	-11.3502	-7.03075	0
-10.3144	-7.00848	0.320491	-10.3144	-7.00848	0
-9.26744	-7.00029	0.312932	-9.26744	-7.00029	0
-8.26828	-7.0428	0.308457	-8.26828	-7.0428	0
-7.1931	-6.97233	0.334363	-7.1931	-6.97233	0
-6.18315	-6.96086	0.313572	-6.18315	-6.96086	0
-5.159	-7.04357	0.303622	-5.159	-7.04357	0
-4.05058	-6.99269	0.315383	-4.05058	-6.99269	0
-3.06734	-7.06935	0.335026	-3.06734	-7.06935	0
-2.03209	-7.13066	0.314514	-2.03209	-7.13066	0
-1.05409	-7.08473	0.286441	-1.05409	-7.08473	0
-0.0766546	-5.97674	0.331292	-0.0766546	-5.97674	0
1.03909	-5.96047	0.33009	1.03909	-5.96047	0
2.04052	-5.99436	0.302156	2.04052	-5.99436	0
3.09818	-6.02781	0.305126	3.09818	-6.02781	0
4.16576	-6.02981	0.313553	4.16576	-6.02981	0
5.20911	-5.9652	0.323263	5.20911	-5.9652	0
6.2112	-5.95336	0.312575	6.2112	-5.95336	0
7.25296	-5.93796	0.302512	7.25296	-5.93796	0
8.27306	-5.9694	0.302991	8.27306	-5.9694	0
9.29442	-6.02668	0.322031	9.29442	-6.02668	0
10.3032	-6.039	0.306	10.3032	-6.039	0
11.4101	-5.98058	0.33033	11.4101	-5.98058	0
-11.3098	-5.97464	0.291865	-11.3098	-5.97464	0
-10.3127	-5.96794	0.299028	-10.3127	-5.96794	0
-9.32978	-5.94408	0.326679	-9.32978	-5.94408	0
-8.22585	-5.98472	0.353597	-8.22585	-5.98472	0
-7.20091	-6.00046	0.328919	-7.20091	-6.00046	0
-6.1806	-5.98829	0.273757	-6.1806	-5.98829	0
-5.15544	-6.00943	0.31159	-5.15544	-6.00943	0
-4.16039	-5.98478	0.291842	-4.16039	-5.98478	0
-3.11548	-5.99407	0.308018	-3.11548	-5.99407	0
-2.15907	-6.07211	0.298096	-2.15907	-6.07211	0
-1.02584	-6.05911	0.316692	-1.02584	-6.05911	0
0.0427016	-4.95172	0.313433	0.0427016	-4.95172	0
1.00737	-4.96563	0.327822	1.00737	-4.96563	0
2.05582	-4.96999	0.325161	2.05582	-4.96999	0
3.0725	-5.02503	0.328148	3.0725	-5.02503	0
4.0973	-4.99542	0.334946	4.0973	-4.99542	0
5.1166	-4.95645	0.289688	5.1166	-4.95645	0
6.10666	-4.9284	0.320651	6.10666	-4.9284	0
7.17361	-4.91597	0.315534	7.17361	-4.91597	0
8.27376	-4.94308	0.309698	8.27376	-4.94308	0
9.31539	-4.9519	0.306086	9.31539	-4.9519	0
10.3686	-5.04995	0.342657	10.3686	-5.04995	0
11.3769	-4.96197	0.312986	11.3769	-4.96197	0
-11.3601	-4.93081	0.329172	-11.3601	-4.93081	0
-10.3799	-4.92723	0.323642	-10.3799	-4.92723	0
-9.33763	-4.90234	0.341521	-9.33763	-4.90234	0
-8.2524	-5.00967	0.308487	-8.2524	-5.00967	0
-7.26451	-4.9985	0.299166	-7.26451	-4.9985	0
-6.16776	-4.90788	0.352476	-6.16776	-4.90788	0
-5.17453	-4.93932	0.32794	-5.17453	-4.93932	0
-4.10192	-4.98212	0.3077	-4.10192	-4.98212	0
-3.13559	-4.94311	0.319831	-3.13559	-4.94311	0
-2.11164	-4.99776	0.305752	-2.11164	-4.99776	0
-1.01636	-5.04141	0.315426	-1.01636	-5.04141	0
-0.0571514	-3.96414	0.300244	-0.0571514	-3.96414	0
1.00483	-3.92499	0.32251	1.00483	-3.92499	0
1.98248	-3.91062	0.317806	1.98248	-3.91062	0
3.01668	-3.99486	0.33792	3.01668	-3.99486	0
4.09473	-3.9591	0.295251	4.09473	-3.9591	0
5.11833	-3.95358	0.307751	5.11833	-3.95358	0
6.19499	-3.93087	0.316924	6.19499	-3.93087	0
7.21579	-3.94092	0.310046	7.21579	-3.94092	0
8.24323	-3.92633	0.288312	8.24323	-3.92633	0
9.22625	-3.89913	0.325399	9.22625	-3.89913	0
10.3067	-3.95808	0.318695	10.3067	-3.95808	0
11.391	-3.93336	0.308022	11.391	-3.93336	0
-11.3575	-3.90373	0.304274	-11.3575	-3.90373	0
-10.3329	-3.93088	0.336153	-10.3329	-3.93088	0
-9.32129	-3.90226	0.310651	-9.32129	-3.90226	0
-8.25953	-3.97719	0.315985	-8.25953	-3.97719	0
-7.25333	-3.96695	0.317465	-7.25333	-3.96695	0
-6.25723	-3.87061	0.330241	-6.25723	-3.87061	0
-5.1801	-3.95137	0.318795	-5.1801	-3.95137	0
-4.12344	-3.98115	0.29408	-4.12344	-3.98115	0
-3.05445	-3.89605	0.309976	-3.05445	-3.89605	0
-2.08297	-3.96358	0.300065	-2.08297	-3.96358	0
-1.03914	-4.0342	0.318807	-1.03914	-4.0342	0
-0.0640735	-2.89453	0.303236	-0.0640735	-2.89453	0
0.915726	-2.90791	0.340526	0.915726	-2.90791	0
2.04588	-2.85618	0.318448	2.04588	-2.85618	0
3.10693	-2.88298	0.328448	3.10693	-2.88298	0
4.05904	-2.9476	0.338451	4.05904	-2.9476	0
5.07704	-2.8973	0.323416	5.07704	-2.8973	0
6.21052	-2.89101	0.314171	6.21052	-2.89101	0
7.22843	-2.87961	0.336732	7.22843	-2.87961	0
8.28244	-2.86367	0.331086	8.28244	-2.86367	0
9.2639	-2.89776	0.285407	9.2639	-2.89776	0
10.2707	-2.92178	0.312087	10.2707	-2.92178	0
11.315	-2.89598	0.313703	11.315	-2.89598	0
-11.423	-2.89937	0.320456	-11.423	-2.89937	0
-10.3573	-2.85151	0.324553	-10.3573	-2.85151	0
-9.33385	-2.87703	0.322399	-9.33385	-2.87703	0
-8.25233	-2.93004	0.308162	-8.25233	-2.93004	0
-7.27729	-2.93826	0.314031	-7.27729	-2.93826	0
-6.21106	-2.90126	0.325733	-6.21106	-2.90126	0
-5.17316	-2.9594	0.309917	-5.17316	-2.9594	0
-4.1473	-2.87066	0.340774	-4.1473	-2.87066	0
-3.14422	-2.87664	0.269366	-3.14422	-2.87664	0
-2.10097	-2.91859	0.32772	-2.10097	-2.91859	0
-1.06942	-2.94022	0.316037	-1.06942	-2.94022	0
-0.0741433	-1.90917	0.310533	-0.0741433	-1.90917	0
0.989624	-1.90675	0.324362	0.989624	-1.90675	0
2.05553	-1.83271	0.304635	2.05553	-1.83271	0
3.08572	-1.86821	0.33145	3.08572	-1.86821	0
4.07044	-1.85312	0.303344	4.07044	-1.85312	0
5.1528	-1.88299	0.299051	5.1528	-1.88299	0
6.22902	-1.86135	0.326093	6.22902	-1.86135	0
7.21427	-1.8611	0.312126	7.21427	-1.8611	0
8.27252	-1.83155	0.30833	8.27252	-1.83155	0
9.30793	-1.88433	0.29444	9.30793	-1.88433	0
10.2705	-1.85809	0.303973	10.2705	-1.85809	0
11.3395	-1.87687	0.299645	11.3395	-1.87687	0
-11.4048	-1.896	0.314394	-11.4048	-1.896	0
-10.3984	-1.89328	0.288018	-10.3984	-1.89328	0
-9.33993	-1.86775	0.327873	-9.33993	-1.86775	0
-8.30584	-1.89213	0.299242	-8.30584	-1.89213	0
-7.30965	-1.88447	0.323516	-7.30965	-1.88447	0
-6.25355	-1.88191	0.290827	-6.25355	-1.88191	0
-5.22754	-1.93808	0.321867	-5.22754	-1.93808	0
-4.20607	-1.90198	0.318155	-4.20607	-1.90198	0
-3.18763	-1.8229	0.336813	-3.18763	-1.8229	0
-2.13411	-1.87792	0.306298	-2.13411	-1.87792	0
-1.08028	-1.87914	0.325885	-1.08028	-1.87914	0
-0.0545844	-0.855885	0.317483	-0.0545844	-0.855885	0
1.00131	-0.82667	0.323362	1.00131	-0.82667	0
2.0347	-0.848101	0.320081	2.0347	-0.848101	0
3.05455	-0.794808	0.320052	3.05455	-0.794808	0
4.11244	-0.79902	0.292999	4.11244	-0.79902	0
5.15517	-0.884968	0.325261	5.15517	-0.884968	0
6.19248	-0.850134	0.329868	6.19248	-0.850134	0
7.23577	-0.794324	0.2942	7.23577	-0.794324	0
8.26684	-0.852003	0.312279	8.26684	-0.852003	0
9.30201	-0.813568	0.322141	9.30201	-0.813568	0
10.3753	-0.824185	0.299222	10.3753	-0.824185	0
11.3543	-0.836315	0.309359	11.3543	-0.836315	0
-11.3999	-0.822855	0.313425	-11.3999	-0.822855	0
-10.4442	-0.856851	0.323168	-10.4442	-0.856851	0
-9.31344	-0.848083	0.314514	-9.31344	-0.848083	0
-8.29423	-0.799103	0.325624	-8.29423	-0.799103	0
-7.32664	-0.856033	0.289948	-7.32664	-0.856033	0
-6.24597	-0.840691	0.342167	-6.24597	-0.840691	0
-5.17793	-0.88286	0.326651	-5.17793	-0.88286	0
-4.23568	-0.828323	0.314319	-4.23568	-0.828323	0
-3.21847	-0.79246	0.313143	-3.21847	-0.79246	0
-2.13661	-0.901358	0.28333	-2.13661	-0.901358	0
-1.1227	-0.845537	0.32037	-1.1227	-0.845537	0
