-0.643665	-0.205964	-0.310859	-0.643665	-0.205964	0
0.416461	-0.226487	-0.332232	0.416461	-0.226487	0
1.47202	-0.292416	-0.307729	1.47202	-0.292416	0
2.44765	-0.230344	-0.327776	2.44765	-0.230344	0
3.4634	-0.243151	-0.342733	3.4634	-0.243151	0
4.46528	-0.211323	-0.339306	4.46528	-0.211323	0
5.56743	-0.153619	-0.31605	5.56743	-0.153619	0
6.64643	-0.244766	-0.31634	6.64643	-0.244766	0
7.62526	-0.299726	-0.329079	7.62526	-0.299726	0
8.61827	-0.279355	-0.300221	8.61827	-0.279355	0
9.67557	-0.228343	-0.322052	9.67557	-0.228343	0
10.7043	-0.273979	-0.337999	10.7043	-0.273979	0
11.7694	-0.254898	-0.336067	11.7694	-0.254898	0
-10.9798	-0.21922	-0.322955	-10.9798	-0.21922	0
-10.0345	-0.164196	-0.298627	-10.0345	-0.164196	0
-8.96436	-0.284212	-0.332597	-8.96436	-0.284212	0
-7.89617	-0.218235	-0.286612	-7.89617	-0.218235	0
-6.84407	-0.265933	-0.331197	-6.84407	-0.265933	0
-5.78653	-0.204264	-0.321929	-5.78653	-0.204264	0
-4.8155	-0.231156	-0.300001	-4.8155	-0.231156	0
-3.74557	-0.282799	-0.337135	-3.74557	-0.282799	0
-2.74362	-0.243832	-0.329682	-2.74362	-0.243832	0
-1.69643	-0.212752	-0.316621	-1.69643	-0.212752	0
-0.645348	0.83052	-0.308683	-0.645348	0.83052	0
0.397725	0.877735	-0.327882	0.397725	0.877735	0
1.39991	0.798449	-0.297927	1.39991	0.798449	0
2.48173	0.786414	-0.344874	2.48173	0.786414	0
3.53528	0.837599	-0.333076	3.53528	0.837599	0
4.49624	0.844228	-0.309645	4.49624	0.844228	0
5.56868	0.842592	-0.324554	5.56868	0.842592	0
6.59853	0.770329	-0.324995	6.59853	0.770329	0
7.58757	0.736745	-0.312708	7.58757	0.736745	0
8.59712	0.758616	-0.336368	8.59712	0.758616	0
9.71093	0.807789	-0.342892	9.71093	0.807789	0
10.7168	0.778924	-0.330787	10.7168	0.778924	0
11.7346	0.779117	-0.309047	11.7346	0.779117	0
-11.0146	0.844725	-0.339659	-11.0146	0.844725	0
-9.96925	0.814338	-0.310596	-9.96925	0.814338	0
-8.94259	0.813017	-0.337319	-8.94259	0.813017	0
-7.89642	0.869583	-0.311637	-7.89642	0.869583	0
-6.85748	0.805154	-0.318571	-6.85748	0.805154	0
-5.80509	0.803989	-0.316305	-5.80509	0.803989	0
-4.7612	0.780765	-0.313659	-4.7612	0.780765	0
-3.75635	0.723909	-0.324098	-3.75635	0.723909	0
-2.72105	0.787889	-0.323171	-2.72105	0.787889	0
-1.70386	0.784534	-0.298133	-1.70386	0.784534	0
-0.647217	1.87235	-0.33255	-0.647217	1.87235	0
0.455857	1.88107	-0.328635	0.455857	1.88107	0
1.43535	1.86351	-0.312757	1.43535	1.86351	0
2.49697	1.8155	-0.350721	2.49697	1.8155	0
3.49503	1.8899	-0.323046	3.49503	1.8899	0
4.50472	1.90673	-0.308334	4.50472	1.90673	0
5.55217	1.83952	-0.298823	5.55217	1.83952	0
6.59569	1.81212	-0.323809	6.59569	1.81212	0
7.63064	1.79521	-0.338185	7.63064	1.79521	0
8.68498	1.75684	-0.307933	8.68498	1.75684	0
9.74995	1.84169	-0.335596	9.74995	1.84169	0
10.78	1.85023	-0.332267	10.78	1.85023	0
11.7656	1.81788	-0.316407	11.7656	1.81788	0
-11.0134	1.81133	-0.322376	-11.0134	1.81133	0
-9.96029	1.7773	-0.315849	-9.96029	1.7773	0
-8.89687	1.81861	-0.337109	-8.89687	1.81861	0
-7.85341	1.85939	-0.319909	-7.85341	1.85939	0
-6.82006	1.85148	-0.317852	-6.82006	1.85148	0
-5.81364	1.81111	-0.29136	-5.81364	1.81111	0
-4.80428	1.86693	-0.277804	-4.80428	1.86693	0
-3.72784	1.82276	-0.339139	-3.72784	1.82276	0
-2.69071	1.85628	-0.340802	-2.69071	1.85628	0
-1.68133	1.81031	-0.327997	-1.68133	1.81031	0
-0.603046	2.94639	-0.322977	-0.603046	2.94639	0
0.418252	2.91857	-0.310587	0.418252	2.91857	0
1.53536	2.88075	-0.313533	1.53536	2.88075	0
2.51973	2.85095	-0.323062	2.51973	2.85095	0
3.5286	2.90397	-0.329107	3.5286	2.90397	0
4.54484	2.91344	-0.305679	4.54484	2.91344	0
5.56535	2.8852	-0.334073	5.56535	2.8852	0
6.6221	2.81726	-0.293185	6.6221	2.81726	0
7.64267	2.80495	-0.318376	7.64267	2.80495	0
8.63249	2.78547	-0.30899	8.63249	2.78547	0
9.68039	2.85606	-0.319734	9.68039	2.85606	0
10.7421	2.85729	-0.33093	10.7421	2.85729	0
11.8044	2.80437	-0.342535	11.8044	2.80437	0
-10.9869	2.82979	-0.315988	-10.9869	2.82979	0
-9.93286	2.8485	-0.312117	-9.93286	2.8485	0
-8.90735	2.89449	-0.303269	-8.90735	2.89449	0
-7.83374	2.8423	-0.329485	-7.83374	2.8423	0
-6.80065	2.91724	-0.313859	-6.80065	2.91724	0
-5.73569	2.87896	-0.337528	-5.73569	2.87896	0
-4.69905	2.87413	-0.285783	-4.69905	2.87413	0
-3.7382	2.87996	-0.335106	-3.7382	2.87996	0
-2.71841	2.90831	-0.307073	-2.71841	2.90831	0
-1.62637	2.81231	-0.332275	-1.62637	2.81231	0
-0.565638	3.96196	-0.32422	-0.565638	3.96196	0
0.454597	3.95675	-0.320747	0.454597	3.95675	0
1.51282	3.93699	-0.353862	1.51282	3.93699	0
2.53009	3.90059	-0.334564	2.53009	3.90059	0
3.53288	3.94209	-0.313432	3.53288	3.94209	0
4.60641	3.91843	-0.318975	4.60641	3.91843	0
5.6004	3.92574	-0.316651	5.6004	3.92574	0
6.61662	3.89314	-0.327637	6.61662	3.89314	0
7.66083	3.8687	-0.337853	7.66083	3.8687	0
8.68677	3.79888	-0.304815	8.68677	3.79888	0
9.68101	3.83801	-0.288262	9.68101	3.83801	0
10.7104	3.91119	-0.3305	10.7104	3.91119	0
11.8061	3.90851	-0.328892	11.8061	3.90851	0
-10.968	3.86003	-0.281632	-10.968	3.86003	0
-9.93384	3.89235	-0.292716	-9.93384	3.89235	0
-8.92766	3.92065	-0.33755	-8.92766	3.92065	0
-7.82473	3.92812	-0.303076	-7.82473	3.92812	0
-6.77758	3.90247	-0.334698	-6.77758	3.90247	0
-5.73697	3.94137	-0.315771	-5.73697	3.94137	0
-4.73074	3.93933	-0.330243	-4.73074	3.93933	0
-3.7233	3.9302	-0.345061	-3.7233	3.9302	0
-2.69506	3.92124	-0.300124	-2.69506	3.92124	0
-1.65813	3.90121	-0.30655	-1.65813	3.90121	0
-0.585067	4.99191	-0.33065	-0.585067	4.99191	0
0.536467	4.9272	-0.316623	0.536467	4.9272	0
1.49038	4.96245	-0.337986	1.49038	4.96245	0
2.55702	4.97812	-0.314188	2.55702	4.97812	0
3.5598	4.93641	-0.31081	3.5598	4.93641	0
4.61441	4.95166	-0.295771	4.61441	4.95166	0
5.62194	5.0091	-0.318584	5.62194	5.0091	0
6.60046	4.93316	-0.309231	6.60046	4.93316	0
7.63424	4.96616	-0.30249	7.63424	4.96616	0
8.65012	4.87952	-0.297662	8.65012	4.87952	0
9.705	4.87347	-0.32827	9.705	4.87347	0
10.7522	4.9666	-0.300583	10.7522	4.9666	0
11.8198	5.03315	-0.277081	11.8198	5.03315	0
-10.961	4.92489	-0.313937	-10.961	4.92489	0
-9.97165	4.92678	-0.333398	-9.97165	4.92678	0
-8.91371	4.93049	-0.334145	-8.91371	4.93049	0
-7.8544	4.95233	-0.303766	-7.8544	4.95233	0
-6.77051	4.93809	-0.335127	-6.77051	4.93809	0
-5.76406	4.96986	-0.315272	-5.76406	4.96986	0
-4.73736	4.95606	-0.320826	-4.73736	4.95606	0
-3.71767	4.96166	-0.307966	-3.71767	4.96166	0
-2.64745	4.8967	-0.322828	-2.64745	4.8967	0
-1.6354	5.00039	-0.317698	-1.6354	5.00039	0
-0.586425	5.99382	-0.308879	-0.586425	5.99382	0
0.400512	5.99646	-0.28984	0.400512	5.99646	0
1.49222	5.97664	-0.318802	1.49222	5.97664	0
2.49356	6.02105	-0.321613	2.49356	6.02105	0
3.52129	5.96137	-0.334008	3.52129	5.96137	0
4.5577	5.99246	-0.299933	4.5577	5.99246	0
5.5567	6.0581	-0.310385	5.5567	6.0581	0
6.64584	5.9263	-0.312694	6.64584	5.9263	0
7.66609	5.95463	-0.304854	7.66609	5.95463	0
8.70114	5.96678	-0.334216	8.70114	5.96678	0
9.70774	5.98574	-0.323032	9.70774	5.98574	0
10.7279	5.97301	-0.302785	10.7279	5.97301	0
11.7944	5.9708	-0.312933	11.7944	5.9708	0
-10.9272	6.04269	-0.311704	-10.9272	6.04269	0
-9.90849	5.95359	-0.27998	-9.90849	5.95359	0
-8.9424	5.96237	-0.319651	-8.9424	5.96237	0
-7.87839	5.97888	-0.302052	-7.87839	5.97888	0
-6.85056	5.97055	-0.311307	-6.85056	5.97055	0
-5.79942	5.94619	-0.301418	-5.79942	5.94619	0
-4.83871	6.03532	-0.328282	-4.83871	6.03532	0
-3.72652	6.06155	-0.314052	-3.72652	6.06155	0
-2.75548	6.00679	-0.320517	-2.75548	6.00679	0
-1.65192	5.97251	-0.305295	-1.65192	5.97251	0
-0.601628	7.03002	-0.290571	-0.601628	7.03002	0
0.411428	7.02031	-0.29037	0.411428	7.02031	0
1.45841	7.01508	-0.338611	1.45841	7.01508	0
2.50457	7.05924	-0.276513	2.50457	7.05924	0
3.52642	7.00659	-0.322777	3.52642	7.00659	0
4.53304	7.07141	-0.320091	4.53304	7.07141	0
5.54778	7.10552	-0.33897	5.54778	7.10552	0
6.59203	7.01742	-0.28954	6.59203	7.01742	0
7.66906	7.0035	-0.300352	7.66906	7.0035	0
8.77785	7.00967	-0.310438	8.77785	7.00967	0
9.78494	7.00239	-0.298303	9.78494	7.00239	0
10.8173	6.97532	-0.307766	10.8173	6.97532	0
11.784	7.02048	-0.299693	11.784	7.02048	0
-10.9349	7.01155	-0.294483	-10.9349	7.01155	0
-9.92721	7.03129	-0.308448	-9.92721	7.03129	0
-8.89219	7.05879	-0.333207	-8.89219	7.05879	0
-7.87399	7.07783	-0.307914	-7.87399	7.07783	0
-6.78733	7.00414	-0.365009	-6.78733	7.00414	0
-5.79707	7.03806	-0.310937	-5.79707	7.03806	0
-4.78727	7.02554	-0.342816	-4.78727	7.02554	0
-3.76306	7.02425	-0.301598	-3.76306	7.02425	0
-2.73772	7.02988	-0.312684	-2.73772	7.02988	0
-1.63054	6.96194	-0.324713	-1.63054	6.96194	0
-0.663251	7.99884	-0.313625	-0.663251	7.99884	0
0.374219	8.00939	-0.313967	0.374219	8.00939	0
1.42852	8.07469	-0.319962	1.42852	8.07469	0
2.44312	8.13111	-0.315586	2.44312	8.13111	0
3.52114	8.04745	-0.317075	3.52114	8.04745	0
4.54517	8.10848	-0.318855	4.54517	8.10848	0
5.60186	8.10953	-0.328223	5.60186	8.10953	0
6.58122	8.08656	-0.291817	6.58122	8.08656	0
7.66885	8.05172	-0.319216	7.66885	8.05172	0
8.64196	8.00691	-0.324494	8.64196	8.00691	0
9.71288	8.024	-0.318219	9.71288	8.024	0
10.7657	7.9785	-0.345416	10.7657	7.9785	0
11.8288	8.03853	-0.30448	11.8288	8.03853	0
-10.9638	8.03108	-0.283437	-10.9638	8.03108	0
-9.92997	8.04287	-0.319133	-9.92997	8.04287	0
-8.92246	8.08138	-0.32256	-8.92246	8.08138	0
-7.88178	8.12133	-0.293405	-7.88178	8.12133	0
-6.78934	8.06205	-0.313694	-6.78934	8.06205	0
-5.80392	8.08362	-0.299103	-5.80392	8.08362	0
-4.77526	8.08063	-0.344057	-4.77526	8.08063	0
-3.74017	8.0903	-0.326047	-3.74017	8.0903	0
-2.68581	8.02897	-0.337708	-2.68581	8.02897	0
-1.66389	8.06628	-0.28819	-1.66389	8.06628	0
-0.642112	9.04717	-0.354495	-0.642112	9.04717	0
0.378848	9.04715	-0.301291	0.378848	9.04715	0
1.39566	9.09217	-0.307759	1.39566	9.09217	0
2.4757	9.14697	-0.320529	2.4757	9.14697	0
3.50489	9.03402	-0.312213	3.50489	9.03402	0
4.53695	9.07707	-0.301377	4.53695	9.07707	0
5.58959	9.15096	-0.338487	5.58959	9.15096	0
6.61751	9.11887	-0.35204	6.61751	9.11887	0
7.64424	9.12848	-0.310126	7.64424	9.12848	0
8.67335	9.10407	-0.303584	8.67335	9.10407	0
9.72276	9.1023	-0.339359	9.72276	9.1023	0
10.7759	9.02114	-0.307053	10.7759	9.02114	0
11.7786	9.07157	-0.319941	11.7786	9.07157	0
-10.9904	9.06142	-0.339534	-10.9904	9.06142	0
-9.90562	9.08438	-0.325118	-9.90562	9.08438	0
-8.84596	9.13023	-0.320955	-8.84596	9.13023	0
-7.86059	9.09364	-0.331042	-7.86059	9.09364	0
-6.81983	9.09343	-0.345212	-6.81983	9.09343	0
-5.81395	9.06895	-0.321427	-5.81395	9.06895	0
-4.76289	9.09116	-0.336351	-4.76289	9.09116	0
-3.73719	9.13388	-0.327891	-3.73719	9.13388	0
-2.72817	9.06571	-0.333576	-2.72817	9.06571	0
-1.64034	9.08614	-0.333837	-1.64034	9.08614	0
-0.645028	10.1587	-0.327087	-0.645028	10.1587	0
0.353161	10.0919	-0.309868	0.353161	10.0919	0
1.43571	10.1262	-0.305281	1.43571	10.1262	0
2.49579	10.1114	-0.322644	2.49579	10.1114	0
3.53853	10.0884	-0.301642	3.53853	10.0884	0
4.55461	10.1311	-0.292885	4.55461	10.1311	0
5.58522	10.1824	-0.319854	5.58522	10.1824	0
6.59147	10.1249	-0.338479	6.59147	10.1249	0
7.71681	10.135	-0.320349	7.71681	10.135	0
8.74898	10.1009	-0.318693	8.74898	10.1009	0
9.85314	10.1215	-0.320302	9.85314	10.1215	0
10.8224	10.137	-0.310603	10.8224	10.137	0
11.8599	10.0993	-0.313893	11.8599	10.0993	0
-10.952	10.0835	-0.305938	-10.952	10.0835	0
-9.96254	10.1194	-0.296203	-9.96254	10.1194	0
-8.89309	10.1123	-0.301094	-8.89309	10.1123	0
-7.85707	10.0732	-0.30589	-7.85707	10.0732	0
-6.90592	10.072	-0.331939	-6.90592	10.072	0
-5.88536	10.1347	-0.315129	-5.88536	10.1347	0
-4.76622	10.1442	-0.316542	-4.76622	10.1442	0
-3.69003	10.1214	-0.32324	-3.69003	10.1214	0
-2.66995	10.1218	-0.340562	-2.66995	10.1218	0
-1.63125	10.1427	-0.29255	-1.63125	10.1427	0
-0.611643	11.1848	-0.298874	-0.611643	11.1848	0
0.398884	11.1882	-0.296669	0.398884	11.1882	0
1.42028	11.1381	-0.295854	1.42028	11.1381	0
2.48653	11.1306	-0.307473	2.48653	11.1306	0
3.56762	11.1587	-0.325618	3.56762	11.1587	0
4.55032	11.1996	-0.336406	4.55032	11.1996	0
5.62447	11.208	-0.276113	5.62447	11.208	0
6.70075	11.183	-0.31836	6.70075	11.183	0
7.70218	11.1518	-0.322974	7.70218	11.1518	0
8.72706	11.126	-0.31505	8.72706	11.126	0
9.74118	11.1252	-0.296149	9.74118	11.1252	0
10.7641	11.1722	-0.307527	10.7641	11.1722	0
11.7845	11.1417	-0.327663	11.7845	11.1417	0
-10.9553	11.1612	-0.332876	-10.9553	11.1612	0
-9.94909	11.2342	-0.295923	-9.94909	11.2342	0
-8.86454	11.1136	-0.311429	-8.86454	11.1136	0
-7.8755	11.1465	-0.301497	-7.8755	11.1465	0
-6.83432	11.1209	-0.333023	-6.83432	11.1209	0
-5.78826	11.1649	-0.301389	-5.78826	11.1649	0
-4.74982	11.1455	-0.308796	-4.74982	11.1455	0
-3.76871	11.1495	-0.346805	-3.76871	11.1495	0
-2.70736	11.1567	-0.311568	-2.70736	11.1567	0
-1.69744	11.2015	-0.336522	-1.69744	11.2015	0
-0.662812	-11.5891	-0.285352	-0.662812	-11.5891	0
0.389494	-11.6366	-0.32574	0.389494	-11.6366	0
1.44397	-11.6219	-0.319366	1.44397	-11.6219	0
2.5032	-11.5952	-0.304186	2.5032	-11.5952	0
3.5728	-11.6073	-0.317284	3.5728	-11.6073	0
4.57995	-11.5534	-0.332729	4.57995	-11.5534	0
5.64983	-11.5754	-0.285521	5.64983	-11.5754	0
6.70069	-11.6139	-0.318778	6.70069	-11.6139	0
7.69942	-11.5909	-0.282357	7.69942	-11.5909	0
8.76084	-11.624	-0.341792	8.76084	-11.624	0
9.75129	-11.6096	-0.282762	9.75129	-11.6096	0
10.7644	-11.6089	-0.338147	10.7644	-11.6089	0
11.7682	-11.5966	-0.315819	11.7682	-11.5966	0
-10.9655	-11.5573	-0.276865	-10.9655	-11.5573	0
-9.95853	-11.5783	-0.338216	-9.95853	-11.5783	0
-8.88268	-11.5904	-0.301537	-8.88268	-11.5904	0
-7.89342	-11.6179	-0.323464	-7.89342	-11.6179	0
-6.83779	-11.6027	-0.299819	-6.83779	-11.6027	0
-5.80978	-11.64	-0.330862	-5.80978	-11.64	0
-4.81449	-11.6242	-0.3246	-4.81449	-11.6242	0
-3.7491	-11.6012	-0.319729	-3.7491	-11.6012	0
-2.69436	-11.6108	-0.322105	-2.69436	-11.6108	0
-1.66595	-11.5699	-0.335189	-1.66595	-11.5699	0
-0.619653	-10.5675	-0.320084	-0.619653	-10.5675	0
0.441585	-10.6005	-0.318296	0.441585	-10.6005	0
1.42699	-10.6419	-0.302835	1.42699	-10.6419	0
2.54762	-10.5841	-0.3319	2.54762	-10.5841	0
3.55864	-10.5687	-0.303915	3.55864	-10.5687	0
4.63695	-10.5303	-0.332516	4.63695	-10.5303	0
5.68039	-10.5347	-0.285333	5.68039	-10.5347	0
6.65414	-10.461	-0.327439	6.65414	-10.461	0
7.67617	-10.554	-0.306819	7.67617	-10.554	0
8.70862	-10.5601	-0.333971	8.70862	-10.5601	0
9.72624	-10.6153	-0.322849	9.72624	-10.6153	0
10.7614	-10.5625	-0.349859	10.7614	-10.5625	0
11.7933	-10.579	-0.310222	11.7933	-10.579	0
-10.971	-10.4949	-0.306486	-10.971	-10.4949	0
-9.90875	-10.5393	-0.327792	-9.90875	-10.5393	0
-8.86753	-10.6142	-0.304805	-8.86753	-10.6142	0
-7.81699	-10.5425	-0.339138	-7.81699	-10.5425	0
-6.8436	-10.546	-0.352206	-6.8436	-10.546	0
-5.80726	-10.613	-0.331766	-5.80726	-10.613	0
-4.79872	-10.6269	-0.343483	-4.79872	-10.6269	0
-3.74918	-10.5327	-0.33013	-3.74918	-10.5327	0
-2.69475	-10.5959	-0.317944	-2.69475	-10.5959	0
-1.64795	-10.5683	-0.308256	-1.64795	-10.5683	0
-0.612855	-9.47702	-0.324963	-0.612855	-9.47702	0
0.418301	-9.5873	-0.340079	0.418301	-9.5873	0
1.49059	-9.56815	-0.295695	1.49059	-9.56815	0
2.50783	-9.50874	-0.321331	2.50783	-9.50874	0
3.56166	-9.55284	-0.318026	3.56166	-9.55284	0
4.57761	-9.53084	-0.306765	4.57761	-9.53084	0
5.64402	-9.49424	-0.330448	5.64402	-9.49424	0
6.72885	-9.49936	-0.336475	6.72885	-9.49936	0
7.7349	-9.52595	-0.308428	7.7349	-9.52595	0
8.73884	-9.52248	-0.296257	8.73884	-9.52248	0
9.77267	-9.51349	-0.331526	9.77267	-9.51349	0
10.7361	-9.51114	-0.30372	10.7361	-9.51114	0
11.7825	-9.53914	-0.334856	11.7825	-9.53914	0
-10.8918	-9.54876	-0.331471	-10.8918	-9.54876	0
-9.83265	-9.55225	-0.318671	-9.83265	-9.55225	0
-8.80191	-9.61043	-0.28569	-8.80191	-9.61043	0
-7.85192	-9.46432	-0.313537	-7.85192	-9.46432	0
-6.72723	-9.52152	-0.339312	-6.72723	-9.52152	0
-5.80455	-9.55516	-0.309574	-5.80455	-9.55516	0
-4.74344	-9.51786	-0.319386	-4.74344	-9.51786	0
-3.67949	-9.53573	-0.295435	-3.67949	-9.53573	0
-2.71571	-9.55315	-0.341655	-2.71571	-9.55315	0
-1.66095	-9.50528	-0.320918	-1.66095	-9.50528	0
-0.626147	-8.4537	-0.336636	-0.626147	-8.4537	0
0.444067	-8.55792	-0.324755	0.444067	-8.55792	0
1.46018	-8.54729	-0.316183	1.46018	-8.54729	0
2.49789	-8.51447	-0.327761	2.49789	-8.51447	0
3.56518	-8.52972	-0.307783	3.56518	-8.52972	0
4.61966	-8.46996	-0.303055	4.61966	-8.46996	0
5.66677	-8.48324	-0.315653	5.66677	-8.48324	0
6.67932	-8.51847	-0.312251	6.67932	-8.51847	0
7.71966	-8.52082	-0.317096	7.71966	-8.52082	0
8.73586	-8.52905	-0.340393	8.73586	-8.52905	0
9.71123	-8.51363	-0.314458	9.71123	-8.51363	0
10.7752	-8.47542	-0.312352	10.7752	-8.47542	0
11.7852	-8.48679	-0.32817	11.7852	-8.48679	0
-10.9414	-8.45716	-0.319329	-10.9414	-8.45716	0
-9.93254	-8.5005	-0.321793	-9.93254	-8.5005	0
-8.8229	-8.48832	-0.313458	-8.8229	-8.48832	0
-7.82997	-8.465	-0.33198	-7.82997	-8.465	0
-6.79383	-8.46289	-0.341531	-6.79383	-8.46289	0
-5.75498	-8.55159	-0.317236	-5.75498	-8.55159	0
-4.70427	-8.51244	-0.310882	-4.70427	-8.51244	0
-3.67119	-8.50515	-0.316771	-3.67119	-8.50515	0
-2.6243	-8.53638	-0.340712	-2.6243	-8.53638	0
-1.62045	-8.50607	-0.276162	-1.62045	-8.50607	0
-0.571845	-7.44527	-0.325834	-0.571845	-7.44527	0
0.482148	-7.39412	-0.297208	0.482148	-7.39412	0
1.50654	-7.38688	-0.331505	1.50654	-7.38688	0
2.58526	-7.48991	-0.329082	2.58526	-7.48991	0
3.60924	-7.50443	-0.336376	3.60924	-7.50443	0
4.6556	-7.47014	-0.27472	4.6556	-7.47014	0
5.65508	-7.44619	-0.318267	5.65508	-7.44619	0
6.62542	-7.50189	-0.324276	6.62542	-7.50189	0
7.65664	-7.45433	-0.329128	7.65664	-7.45433	0
8.75643	-7.44124	-0.324431	8.75643	-7.44124	0
9.77054	-7.5075	-0.298255	9.77054	-7.5075	0
10.7675	-7.48413	-0.314929	10.7675	-7.48413	0
11.8048	-7.50243	-0.326113	11.8048	-7.50243	0
-10.9341	-7.45382	-0.328214	-10.9341	-7.45382	0
-9.85275	-7.45795	-0.324387	-9.85275	-7.45795	0
-8.88729	-7.49612	-0.301059	-8.88729	-7.49612	0
-7.82034	-7.48355	-0.294476	-7.82034	-7.48355	0
-6.83907	-7.45101	-0.295513	-6.83907	-7.45101	0
-5.83901	-7.4512	-0.325455	-5.83901	-7.4512	0
-4.79918	-7.52361	-0.291936	-4.79918	-7.52361	0
-3.74271	-7.45109	-0.335993	-3.74271	-7.45109	0
-2.68913	-7.46298	-0.321133	-2.68913	-7.46298	0
-1.62783	-7.47156	-0.341198	-1.62783	-7.47156	0
-0.622465	-6.44246	-0.314586	-0.622465	-6.44246	0
0.448761	-6.45647	-0.310307	0.448761	-6.45647	0
1.5059	-6.40766	-0.302656	1.5059	-6.40766	0
2.58954	-6.40908	-0.325475	2.58954	-6.40908	0
3.60761	-6.45643	-0.327176	3.60761	-6.45643	0
4.59726	-6.42587	-0.300661	4.59726	-6.42587	0
5.64143	-6.4065	-0.345747	5.64143	-6.4065	0
6.69459	-6.42371	-0.34097	6.69459	-6.42371	0
7.69432	-6.46796	-0.312789	7.69432	-6.46796	0
8.71391	-6.46508	-0.320354	8.71391	-6.46508	0
9.77864	-6.46589	-0.305463	9.77864	-6.46589	0
10.7768	-6.4999	-0.316596	10.7768	-6.4999	0
11.8234	-6.45601	-0.319192	11.8234	-6.45601	0
-10.9642	-6.3935	-0.321772	-10.9642	-6.3935	0
-9.91675	-6.40178	-0.319849	-9.91675	-6.40178	0
-8.92235	-6.44998	-0.312744	-8.92235	-6.44998	0
-7.88243	-6.45394	-0.312262	-7.88243	-6.45394	0
-6.87124	-6.40004	-0.300591	-6.87124	-6.40004	0
-5.86584	-6.41271	-0.292537	-5.86584	-6.41271	0
-4.80757	-6.41429	-0.328758	-4.80757	-6.41429	0
-3.74828	-6.4056	-0.326004	-3.74828	-6.4056	0
-2.70556	-6.44942	-0.32637	-2.70556	-6.44942	0
-1.63894	-6.40995	-0.320915	-1.63894	-6.40995	0
-0.65246	-5.42442	-0.31509	-0.65246	-5.42442	0
0.405539	-5.35142	-0.326067	0.405539	-5.35142	0
1.42077	-5.35908	-0.331405	1.42077	-5.35908	0
2.47651	-5.36408	-0.333038	2.47651	-5.36408	0
3.57676	-5.36637	-0.303449	3.57676	-5.36637	0
4.52891	-5.3965	-0.338391	4.52891	-5.3965	0
5.59205	-5.38418	-0.295024	5.59205	-5.38418	0
6.63284	-5.41357	-0.297517	6.63284	-5.41357	0
7.66891	-5.45626	-0.320495	7.66891	-5.45626	0
8.70827	-5.45621	-0.327944	8.70827	-5.45621	0
9.76419	-5.43589	-0.318931	9.76419	-5.43589	0
10.7754	-5.44558	-0.318412	10.7754	-5.44558	0
11.7616	-5.39275	-0.30961	11.7616	-5.39275	0
-11.0323	-5.36603	-0.314787	-11.0323	-5.36603	0
-9.95203	-5.37329	-0.30302	-9.95203	-5.37329	0
-8.89582	-5.37128	-0.339435	-8.89582	-5.37128	0
-7.88329	-5.39541	-0.311553	-7.88329	-5.39541	0
-6.84183	-5.39006	-0.293571	-6.84183	-5.39006	0
-5.78259	-5.36069	-0.296634	-5.78259	-5.36069	0
-4.78832	-5.39775	-0.32558	-4.78832	-5.39775	0
-3.74567	-5.42018	-0.289965	-3.74567	-5.42018	0
-2.72955	-5.41079	-0.313933	-2.72955	-5.41079	0
-1.70133	-5.39525	-0.298202	-1.70133	-5.39525	0
-0.61245	-4.34555	-0.311476	-0.61245	-4.34555	0
0.489749	-4.34939	-0.314909	0.489749	-4.34939	0
1.46369	-4.35619	-0.327481	1.46369	-4.35619	0
2.51545	-4.34456	-0.309468	2.51545	-4.34456	0
3.54953	-4.34455	-0.354832	3.54953	-4.34455	0
4.54448	-4.35386	-0.325001	4.54448	-4.35386	0
5.59335	-4.36434	-0.307104	5.59335	-4.36434	0
6.6525	-4.37511	-0.304475	6.6525	-4.37511	0
7.69308	-4.3612	-0.326673	7.69308	-4.3612	0
8.68423	-4.42332	-0.319968	8.68423	-4.42332	0
9.68566	-4.40819	-0.34384	9.68566	-4.40819	0
10.6803	-4.40897	-0.325756	10.6803	-4.40897	0
11.7848	-4.39661	-0.324618	11.7848	-4.39661	0
-10.9762	-4.31412	-0.324507	-10.9762	-4.31412	0
-9.97627	-4.32088	-0.348264	-9.97627	-4.32088	0
-8.941	-4.32836	-0.281633	-8.941	-4.32836	0
-7.85977	-4.39727	-0.318818	-7.85977	-4.39727	0
-6.80364	-4.37007	-0.344849	-6.80364	-4.37007	0
-5.87189	-4.36465	-0.287059	-5.87189	-4.36465	0
-4.78389	-4.34823	-0.310263	-4.78389	-4.34823	0
-3.71534	-4.39423	-0.323171	-3.71534	-4.39423	0
-2.66737	-4.37805	-0.296028	-2.66737	-4.37805	0
-1.61344	-4.38809	-0.298106	-1.61344	-4.38809	0
-0.586783	-3.34602	-0.329375	-0.586783	-3.34602	0
0.442122	-3.27811	-0.306652	0.442122	-3.27811	0
1.49288	-3.37981	-0.32067	1.49288	-3.37981	0
2.50739	-3.31357	-0.313024	2.50739	-3.31357	0
3.54823	-3.35571	-0.318132	3.54823	-3.35571	0
4.57473	-3.32871	-0.312065	4.57473	-3.32871	0
5.61131	-3.30944	-0.322303	5.61131	-3.30944	0
6.62361	-3.39605	-0.320256	6.62361	-3.39605	0
7.66227	-3.30566	-0.318484	7.66227	-3.30566	0
8.69111	-3.33389	-0.291331	8.69111	-3.33389	0
9.69483	-3.33714	-0.317815	9.69483	-3.33714	0
10.6489	-3.36388	-0.309829	10.6489	-3.36388	0
11.7086	-3.38195	-0.322818	11.7086	-3.38195	0
-11.0403	-3.3027	-0.333837	-11.0403	-3.3027	0
-9.94606	-3.23723	-0.297511	-9.94606	-3.23723	0
-8.91753	-3.30516	-0.337518	-8.91753	-3.30516	0
-7.85737	-3.36251	-0.291355	-7.85737	-3.36251	0
-6.81343	-3.29663	-0.328523	-6.81343	-3.29663	0
-5.70744	-3.33935	-0.355203	-5.70744	-3.33935	0
-4.72579	-3.31582	-0.311768	-4.72579	-3.31582	0
-3.73695	-3.35947	-0.282483	-3.73695	-3.35947	0
-2.67791	-3.37553	-0.316384	-2.67791	-3.37553	0
-1.62168	-3.31598	-0.324734	-1.62168	-3.31598	0
-0.609856	-2.29767	-0.329696	-0.609856	-2.29767	0
0.410824	-2.25982	-0.339217	0.410824	-2.25982	0
1.46345	-2.28069	-0.328981	1.46345	-2.28069	0
2.48596	-2.27496	-0.338174	2.48596	-2.27496	0
3.5678	-2.29614	-0.317331	3.5678	-2.29614	0
4.57201	-2.27451	-0.304364	4.57201	-2.27451	0
5.61414	-2.30645	-0.343183	5.61414	-2.30645	0
6.60312	-2.37749	-0.311295	6.60312	-2.37749	0
7.67596	-2.34318	-0.315547	7.67596	-2.34318	0
8.66261	-2.27098	-0.320645	8.66261	-2.27098	0
9.66436	-2.28501	-0.330829	9.66436	-2.28501	0
10.6975	-2.27591	-0.302563	10.6975	-2.27591	0
11.7412	-2.26481	-0.337298	11.7412	-2.26481	0
-11.0056	-2.32331	-0.31253	-11.0056	-2.32331	0
-10.0151	-2.283	-0.316257	-10.0151	-2.283	0
-8.89472	-2.28064	-0.300852	-8.89472	-2.28064	0
-7.85707	-2.32257	-0.315009	-7.85707	-2.32257	0
-6.82904	-2.27171	-0.32793	-6.82904	-2.27171	0
-5.81063	-2.28605	-0.324736	-5.81063	-2.28605	0
-4.7759	-2.32303	-0.314089	-4.7759	-2.32303	0
-3.72506	-2.28455	-0.300484	-3.72506	-2.28455	0
-2.73898	-2.27928	-0.323382	-2.73898	-2.27928	0
-1.62723	-2.35766	-0.330569	-1.62723	-2.35766	0
-0.637485	-1.25992	-0.309842	-0.637485	-1.25992	0
0.396798	-1.22623	-0.30064	0.396798	-1.22623	0
1.46921	-1.27615	-0.308287	1.46921	-1.27615	0
2.53275	-1.27444	-0.324095	2.53275	-1.27444	0
3.52356	-1.25359	-0.318023	3.52356	-1.25359	0
4.57493	-1.28113	-0.304632	4.57493	-1.28113	0
5.58252	-1.19477	-0.313943	5.58252	-1.19477	0
6.59171	-1.25746	-0.341945	6.59171	-1.25746	0
7.61709	-1.29921	-0.328616	7.61709	-1.29921	0
8.61844	-1.2234	-0.314891	8.61844	-1.2234	0
9.67538	-1.23835	-0.348874	9.67538	-1.23835	0
10.6488	-1.29856	-0.313837	10.6488	-1.29856	0
11.7529	-1.23459	-0.323636	11.7529	-1.23459	0
-10.9969	-1.29237	-0.341967	-10.9969	-1.29237	0
-9.99676	-1.22893	-0.301953	-9.99676	-1.22893	0
-8.93844	-1.29433	-0.342686	-8.93844	-1.29433	0
-7.86003	-1.25212	-0.3363	-7.86003	-1.25212	0
-6.87378	-1.27001	-0.30199	-6.87378	-1.27001	0
-5.83161	-1.25558	-0.295902	-5.83161	-1.25558	0
-4.7615	-1.31894	-0.309726	-4.7615	-1.31894	0
-3.70033	-1.31777	-0.31418	-3.70033	-1.31777	0
-2.69257	-1.27385	-0.321168	-2.69257	-1.27385	0
-1.69059	-1.27762	-0.308796	-1.69059	-1.27762	0
-0.124761	0.35859	0.32665	-0.124761	0.35859	0
0.885471	0.290351	0.30635	0.885471	0.290351	0
1.91962	0.267799	0.32059	1.91962	0.267799	0
2.96493	0.270676	0.321564	2.96493	0.270676	0
3.98803	0.277902	0.307924	3.98803	0.277902	0
5.0289	0.353266	0.316281	5.0289	0.353266	0
6.08093	0.277231	0.331318	6.08093	0.277231	0
7.1332	0.212478	0.304178	7.1332	0.212478	0
8.1548	0.274331	0.311445	8.1548	0.274331	0
9.15856	0.315137	0.318728	9.15856	0.315137	0
10.2057	0.316749	0.283553	10.2057	0.316749	0
11.2392	0.249566	0.314851	11.2392	0.249566	0
-11.5246	0.276081	0.2886	-11.5246	0.276081	0
-10.5511	0.331445	0.312696	-10.5511	0.331445	0
-9.42737	0.278837	0.316539	-9.42737	0.278837	0
-8.41557	0.277111	0.302868	-8.41557	0.277111	0
-7.38306	0.314203	0.311454	-7.38306	0.314203	0
-6.37009	0.25892	0.296498	-6.37009	0.25892	0
-5.26917	0.248081	0.346622	-5.26917	0.248081	0
-4.24227	0.250659	0.335273	-4.24227	0.250659	0
-3.19012	0.229642	0.321528	-3.19012	0.229642	0
-2.18479	0.264239	0.305448	-2.18479	0.264239	0
-1.17184	0.283931	0.330991	-1.17184	0.283931	0
-0.134056	1.38677	0.300288	-0.134056	1.38677	0
0.925713	1.37891	0.323829	0.925713	1.37891	0
1.95671	1.31159	0.3178	1.95671	1.31159	0
2.95729	1.31293	0.276462	2.95729	1.31293	0
4.00584	1.38893	0.323056	4.00584	1.38893	0
5.00621	1.3554	0.305652	5.00621	1.3554	0
6.09865	1.32667	0.356742	6.09865	1.32667	0
7.0997	1.31793	0.320909	7.0997	1.31793	0
8.08621	1.23719	0.308766	8.08621	1.23719	0
9.21409	1.23445	0.296078	9.21409	1.23445	0
10.2455	1.33519	0.312167	10.2455	1.33519	0
11.2593	1.31006	0.329808	11.2593	1.31006	0
-11.5676	1.27307	0.331778	-11.5676	1.27307	0
-10.5105	1.32425	0.316399	-10.5105	1.32425	0
-9.45113	1.36076	0.336121	-9.45113	1.36076	0
-8.3606	1.33738	0.323384	-8.3606	1.33738	0
-7.28238	1.36292	0.325584	-7.28238	1.36292	0
-6.32893	1.27809	0.310128	-6.32893	1.27809	0
-5.26436	1.2743	0.310054	-5.26436	1.2743	0
-4.26966	1.33056	0.282469	-4.26966	1.33056	0
-3.27594	1.29916	0.309107	-3.27594	1.29916	0
-2.25017	1.32163	0.330554	-2.25017	1.32163	0
-1.18558	1.33738	0.318713	-1.18558	1.33738	0
-0.132612	2.38935	0.331672	-0.132612	2.38935	0
0.932144	2.42491	0.310115	0.932144	2.42491	0
1.99047	2.33745	0.316896	1.99047	2.33745	0
2.98184	2.35367	0.309864	2.98184	2.35367	0
4.00425	2.39413	0.335649	4.00425	2.39413	0
5.0537	2.39484	0.323003	5.0537	2.39484	0
6.05032	2.37644	0.348648	6.05032	2.37644	0
7.09406	2.31029	0.324496	7.09406	2.31029	0
8.15472	2.23439	0.31865	8.15472	2.23439	0
9.19892	2.26247	0.313426	9.19892	2.26247	0
10.2381	2.34167	0.325904	10.2381	2.34167	0
11.255	2.33641	0.320233	11.255	2.33641	0
-11.4294	2.3135	0.327191	-11.4294	2.3135	0
-10.425	2.32687	0.291336	-10.425	2.32687	0
-9.40077	2.35261	0.301885	-9.40077	2.35261	0
-8.40065	2.34535	0.324814	-8.40065	2.34535	0
-7.34293	2.3963	0.336041	-7.34293	2.3963	0
-6.32602	2.34383	0.271868	-6.32602	2.34383	0
-5.2799	2.42232	0.312232	-5.2799	2.42232	0
-4.18645	2.3772	0.318158	-4.18645	2.3772	0
-3.21416	2.33544	0.31562	-3.21416	2.33544	0
-2.2056	2.36252	0.296981	-2.2056	2.36252	0
-1.13483	2.32192	0.325006	-1.13483	2.32192	0
-0.103201	3.43591	0.318409	-0.103201	3.43591	0
0.966428	3.40012	0.314486	0.966428	3.40012	0
1.9918	3.39961	0.299467	1.9918	3.39961	0
2.9936	3.41915	0.306803	2.9936	3.41915	0
4.00438	3.41236	0.325372	4.00438	3.41236	0
5.0651	3.40663	0.308	5.0651	3.40663	0
6.11616	3.38749	0.33682	6.11616	3.38749	0
7.1519	3.35498	0.313733	7.1519	3.35498	0
8.16467	3.33035	0.310219	8.16467	3.33035	0
9.17187	3.27283	0.313682	9.17187	3.27283	0
10.2523	3.39091	0.307879	10.2523	3.39091	0
11.283	3.3726	0.26968	11.283	3.3726	0
-11.5313	3.34815	0.334311	-11.5313	3.34815	0
-10.4375	3.38771	0.308801	-10.4375	3.38771	0
-9.44171	3.4152	0.34077	-9.44171	3.4152	0
-8.365	3.40807	0.273425	-8.365	3.40807	0
-7.28557	3.42156	0.293256	-7.28557	3.42156	0
-6.20767	3.40747	0.333232	-6.20767	3.40747	0
-5.22921	3.41933	0.286509	-5.22921	3.41933	0
-4.22097	3.38134	0.325064	-4.22097	3.38134	0
-3.23752	3.39815	0.315782	-3.23752	3.39815	0
-2.1799	3.39613	0.339225	-2.1799	3.39613	0
-1.14735	3.37586	0.314802	-1.14735	3.37586	0
-0.0585401	4.43039	0.293493	-0.0585401	4.43039	0
1.02651	4.44987	0.317174	1.02651	4.44987	0
2.0465	4.42889	0.32325	2.0465	4.42889	0
3.04992	4.46057	0.318374	3.04992	4.46057	0
4.1135	4.38375	0.319461	4.1135	4.38375	0
5.14201	4.46204	0.299963	5.14201	4.46204	0
6.13892	4.4223	0.298873	6.13892	4.4223	0
7.19927	4.36866	0.315889	7.19927	4.36866	0
8.20031	4.3565	0.314097	8.20031	4.3565	0
9.18234	4.40988	0.334377	9.18234	4.40988	0
10.2096	4.43174	0.319711	10.2096	4.43174	0
11.2619	4.4093	0.263568	11.2619	4.4093	0
-11.4946	4.42639	0.302315	-11.4946	4.42639	0
-10.4441	4.39709	0.288165	-10.4441	4.39709	0
-9.42976	4.44437	0.335191	-9.42976	4.44437	0
-8.39931	4.45412	0.312202	-8.39931	4.45412	0
-7.30419	4.41146	0.29971	-7.30419	4.41146	0
-6.28879	4.41766	0.293585	-6.28879	4.41766	0
-5.25936	4.45639	0.335752	-5.25936	4.45639	0
-4.21062	4.42282	0.285402	-4.21062	4.42282	0
-3.21157	4.43221	0.332022	-3.21157	4.43221	0
-2.12639	4.43949	0.330425	-2.12639	4.43949	0
-1.13748	4.43041	0.335264	-1.13748	4.43041	0
-0.0805263	5.45941	0.289865	-0.0805263	5.45941	0
0.977306	5.50046	0.293116	0.977306	5.50046	0
2.02023	5.44813	0.315228	2.02023	5.44813	0
3.04653	5.50399	0.321001	3.04653	5.50399	0
4.05913	5.46217	0.312351	4.05913	5.46217	0
5.05634	5.52922	0.325647	5.05634	5.52922	0
6.07464	5.53904	0.345209	6.07464	5.53904	0
7.17478	5.42532	0.343002	7.17478	5.42532	0
8.13323	5.46177	0.329758	8.13323	5.46177	0
9.17784	5.41116	0.318345	9.17784	5.41116	0
10.1995	5.46874	0.326525	10.1995	5.46874	0
11.27	5.49511	0.332689	11.27	5.49511	0
-11.4156	5.4589	0.32036	-11.4156	5.4589	0
-10.4649	5.45566	0.312082	-10.4649	5.45566	0
-9.36776	5.45397	0.349679	-9.36776	5.45397	0
-8.38292	5.4872	0.352288	-8.38292	5.4872	0
-7.3305	5.47577	0.333462	-7.3305	5.47577	0
-6.30917	5.46367	0.315649	-6.30917	5.46367	0
-5.26691	5.49565	0.315397	-5.26691	5.49565	0
-4.27772	5.47995	0.295823	-4.27772	5.47995	0
-3.18212	5.43638	0.316199	-3.18212	5.43638	0
-2.18283	5.42876	0.293191	-2.18283	5.42876	0
-1.1562	5.45189	0.325712	-1.1562	5.45189	0
-0.0956974	6.47031	0.334385	-0.0956974	6.47031	0
0.951332	6.53142	0.298641	0.951332	6.53142	0
1.98785	6.52478	0.331447	1.98785	6.52478	0
3.02599	6.49972	0.320057	3.02599	6.49972	0
4.04987	6.48213	0.309065	4.04987	6.48213	0
5.05683	6.59473	0.309266	5.05683	6.59473	0
6.08163	6.53415	0.314278	6.08163	6.53415	0
7.14184	6.43752	0.308479	7.14184	6.43752	0
8.22067	6.47982	0.288243	8.22067	6.47982	0
9.23963	6.48373	0.310374	9.23963	6.48373	0
10.2489	6.46138	0.338119	10.2489	6.46138	0
11.3167	6.46721	0.305363	11.3167	6.46721	0
-11.4944	6.49438	0.327965	-11.4944	6.49438	0
-10.4367	6.51562	0.334299	-10.4367	6.51562	0
-9.42605	6.52723	0.314801	-9.42605	6.52723	0
-8.41675	6.53931	0.305592	-8.41675	6.53931	0
-7.35046	6.52116	0.284511	-7.35046	6.52116	0
-6.3247	6.50345	0.297587	-6.3247	6.50345	0
-5.34037	6.52082	0.327173	-5.34037	6.52082	0
-4.2935	6.51912	0.340726	-4.2935	6.51912	0
-3.24876	6.5111	0.339165	-3.24876	6.5111	0
-2.21173	6.48291	0.339781	-2.21173	6.48291	0
-1.18233	6.46328	0.335146	-1.18233	6.46328	0
-0.13486	7.51985	0.338435	-0.13486	7.51985	0
0.920456	7.54904	0.305615	0.920456	7.54904	0
1.92918	7.5691	0.328346	1.92918	7.5691	0
2.96547	7.55243	0.351348	2.96547	7.55243	0
4.01852	7.5588	0.3098	4.01852	7.5588	0
5.04743	7.61816	0.31087	5.04743	7.61816	0
6.11592	7.5563	0.302823	6.11592	7.5563	0
7.15326	7.49243	0.330331	7.15326	7.49243	0
8.18954	7.46553	0.324273	8.18954	7.46553	0
9.24585	7.49044	0.300866	9.24585	7.49044	0
10.2091	7.53167	0.321248	10.2091	7.53167	0
11.2922	7.54598	0.348606	11.2922	7.54598	0
-11.4747	7.4903	0.327153	-11.4747	7.4903	0
-10.4321	7.54634	0.333578	-10.4321	7.54634	0
-9.42785	7.5408	0.319697	-9.42785	7.5408	0
-8.36997	7.58676	0.318261	-8.36997	7.58676	0
-7.34216	7.52943	0.275398	-7.34216	7.52943	0
-6.26982	7.59635	0.337154	-6.26982	7.59635	0
-5.26369	7.55337	0.32516	-5.26369	7.55337	0
-4.25296	7.5913	0.319146	-4.25296	7.5913	0
-3.20394	7.55138	0.315874	-3.20394	7.55138	0
-2.19343	7.50542	0.298649	-2.19343	7.50542	0
-1.17311	7.48908	0.307507	-1.17311	7.48908	0
-0.139856	8.54697	0.328684	-0.139856	8.54697	0
0.911518	8.53404	0.31091	0.911518	8.53404	0
1.93972	8.60118	0.309916	1.93972	8.60118	0
2.96145	8.61476	0.309309	2.96145	8.61476	0
4.00219	8.5333	0.29584	4.00219	8.5333	0
5.08859	8.57649	0.340266	5.08859	8.57649	0
6.08681	8.61724	0.307205	6.08681	8.61724	0
7.0871	8.57868	0.307724	7.0871	8.57868	0
8.10476	8.52529	0.309681	8.10476	8.52529	0
9.13566	8.55552	0.287335	9.13566	8.55552	0
10.2614	8.56223	0.284909	10.2614	8.56223	0
11.2881	8.52324	0.310057	11.2881	8.52324	0
-11.4603	8.54659	0.323129	-11.4603	8.54659	0
-10.404	8.59931	0.326267	-10.404	8.59931	0
-9.40444	8.58915	0.308531	-9.40444	8.58915	0
-8.42669	8.60644	0.306243	-8.42669	8.60644	0
-7.33276	8.57544	0.33816	-7.33276	8.57544	0
-6.38261	8.6046	0.289955	-6.38261	8.6046	0
-5.26046	8.58166	0.294803	-5.26046	8.58166	0
-4.2306	8.62481	0.277822	-4.2306	8.62481	0
-3.21276	8.55912	0.310382	-3.21276	8.55912	0
-2.19694	8.61593	0.308108	-2.19694	8.61593	0
-1.12791	8.5421	0.327972	-1.12791	8.5421	0
-0.183599	9.54976	0.312232	-0.183599	9.54976	0
0.883315	9.61061	0.312292	0.883315	9.61061	0
1.96581	9.63746	0.314185	1.96581	9.63746	0
2.99663	9.61881	0.328619	2.99663	9.61881	0
3.95483	9.54662	0.33325	3.95483	9.54662	0
5.03851	9.59049	0.317344	5.03851	9.59049	0
6.06334	9.63918	0.322974	6.06334	9.63918	0
7.13743	9.62962	0.319152	7.13743	9.62962	0
8.20278	9.61514	0.337135	8.20278	9.61514	0
9.22403	9.60104	0.341085	9.22403	9.60104	0
10.2727	9.55138	0.328928	10.2727	9.55138	0
11.314	9.60889	0.345338	11.314	9.60889	0
-11.4783	9.5647	0.350291	-11.4783	9.5647	0
-10.4011	9.56062	0.325254	-10.4011	9.56062	0
-9.38494	9.62475	0.326491	-9.38494	9.62475	0
-8.34663	9.57777	0.309324	-8.34663	9.57777	0
-7.30822	9.55444	0.328663	-7.30822	9.55444	0
-6.30723	9.60829	0.311832	-6.30723	9.60829	0
-5.26316	9.57832	0.315436	-5.26316	9.57832	0
-4.22761	9.62845	0.305971	-4.22761	9.62845	0
-3.17481	9.60147	0.328946	-3.17481	9.60147	0
-2.16081	9.5966	0.298284	-2.16081	9.5966	0
-1.12568	9.57784	0.293673	-1.12568	9.57784	0
-0.137871	10.6596	0.302549	-0.137871	10.6596	0
0.863247	10.6328	0.301034	0.863247	10.6328	0
1.9133	10.6169	0.321726	1.9133	10.6169	0
2.99737	10.634	0.318113	2.99737	10.634	0
4.02773	10.6076	0.335853	4.02773	10.6076	0
5.07869	10.6882	0.326517	5.07869	10.6882	0
6.12086	10.6491	0.276653	6.12086	10.6491	0
7.12232	10.635	0.315771	7.12232	10.635	0
8.19672	10.6116	0.344314	8.19672	10.6116	0
9.2572	10.5692	0.340358	9.2572	10.5692	0
10.2918	10.6451	0.333316	10.2918	10.6451	0
11.3369	10.6626	0.320262	11.3369	10.6626	0
-11.4573	10.6465	0.321083	-11.4573	10.6465	0
-10.4639	10.6754	0.298086	-10.4639	10.6754	0
-9.39312	10.6454	0.314477	-9.39312	10.6454	0
-8.37133	10.6228	0.329156	-8.37133	10.6228	0
-7.37985	10.6375	0.324195	-7.37985	10.6375	0
-6.36761	10.6175	0.314637	-6.36761	10.6175	0
-5.30468	10.582	0.32143	-5.30468	10.582	0
-4.27226	10.6219	0.327465	-4.27226	10.6219	0
-3.21942	10.5989	0.323423	-3.21942	10.5989	0
-2.18925	10.6245	0.293099	-2.18925	10.6245	0
-1.13342	10.6462	0.320007	-1.13342	10.6462	0
-0.110297	11.7221	0.333322	-0.110297	11.7221	0
0.922536	11.6868	0.332174	0.922536	11.6868	0
1.95109	11.6584	0.306646	1.95109	11.6584	0
2.99342	11.6592	0.306057	2.99342	11.6592	0
4.06183	11.7427	0.321951	4.06183	11.7427	0
5.11929	11.7589	0.303662	5.11929	11.7589	0
6.18008	11.6984	0.312681	6.18008	11.6984	0
7.24063	11.6543	0.353377	7.24063	11.6543	0
8.26776	11.656	0.279607	8.26776	11.656	0
9.24918	11.637	0.312461	9.24918	11.637	0
10.2437	11.6515	0.333627	10.2437	11.6515	0
11.2676	11.7116	0.345147	11.2676	11.7116	0
-11.4736	11.6477	0.326558	-11.4736	11.6477	0
-10.4823	11.7089	0.346309	-10.4823	11.7089	0
-9.38613	11.6445	0.289412	-9.38613	11.6445	0
-8.36978	11.6603	0.309161	-8.36978	11.6603	0
-7.37445	11.6722	0.31417	-7.37445	11.6722	0
-6.34262	11.6575	0.338986	-6.34262	11.6575	0
-5.24818	11.636	0.334853	-5.24818	11.636	0
-4.21631	11.6676	0.328714	-4.21631	11.6676	0
-3.21573	11.6518	0.315061	-3.21573	11.6518	0
-2.18958	11.6941	0.330923	-2.18958	11.6941	0
-1.15413	11.6705	0.338521	-1.15413	11.6705	0
-0.140293	-11.0926	0.309634	-0.140293	-11.0926	0
0.909029	-11.0822	0.316317	0.909029	-11.0822	0
1.97757	-11.112	0.317085	1.97757	-11.112	0
3.04163	-11.085	0.325751	3.04163	-11.085	0
4.09036	-11.0247	0.322724	4.09036	-11.0247	0
5.17289	-11.0201	0.288641	5.17289	-11.0201	0
6.20406	-11.0725	0.333297	6.20406	-11.0725	0
7.11674	-11.0452	0.297692	7.11674	-11.0452	0
8.23199	-11.0812	0.339351	8.23199	-11.0812	0
9.19726	-11.0874	0.319296	9.19726	-11.0874	0
10.2878	-11.0614	0.310484	10.2878	-11.0614	0
11.2309	-11.0672	0.29802	11.2309	-11.0672	0
-11.4947	-11.0699	0.330648	-11.4947	-11.0699	0
-10.4341	-11.0424	0.295387	-10.4341	-11.0424	0
-9.43331	-11.1056	0.300771	-9.43331	-11.1056	0
-8.35239	-11.0723	0.314302	-8.35239	-11.0723	0
-7.33949	-11.0548	0.277473	-7.33949	-11.0548	0
-6.36481	-11.0796	0.345878	-6.36481	-11.0796	0
-5.33636	-11.13	0.320398	-5.33636	-11.13	0
-4.28089	-11.078	0.307761	-4.28089	-11.078	0
-3.22355	-11.0788	0.308069	-3.22355	-11.0788	0
-2.17723	-11.0709	0.333114	-2.17723	-11.0709	0
-1.15377	-11.0367	0.323759	-1.15377	-11.0367	0
-0.151124	-10.077	0.299437	-0.151124	-10.077	0
0.961631	-10.0514	0.298244	0.961631	-10.0514	0
1.95681	-10.1226	0.320929	1.95681	-10.1226	0
3.05263	-10.088	0.306231	3.05263	-10.088	0
4.1342	-10.0563	0.294127	4.1342	-10.0563	0
5.15309	-9.98808	0.293177	5.15309	-9.98808	0
6.18097	-10.0433	0.364356	6.18097	-10.0433	0
7.20088	-10.0261	0.324569	7.20088	-10.0261	0
8.2446	-10.056	0.317857	8.2446	-10.056	0
9.25608	-10.0346	0.328399	9.25608	-10.0346	0
10.2581	-10.0428	0.31308	10.2581	-10.0428	0
11.2532	-10.0683	0.323632	11.2532	-10.0683	0
-11.4789	-10.0577	0.324806	-11.4789	-10.0577	0
-10.3874	-10.0425	0.317769	-10.3874	-10.0425	0
-9.39123	-10.066	0.333249	-9.39123	-10.066	0
-8.32335	-10.1002	0.335281	-8.32335	-10.1002	0
-7.35429	-10.0144	0.276166	-7.35429	-10.0144	0
-6.31829	-10.0627	0.317611	-6.31829	-10.0627	0
-5.26959	-10.079	0.312665	-5.26959	-10.079	0
-4.24902	-10.0712	0.30297	-4.24902	-10.0712	0
-3.2017	-10.0833	0.332137	-3.2017	-10.0833	0
-2.22508	-10.0264	0.320519	-2.22508	-10.0264	0
-1.19392	-10.0025	0.318195	-1.19392	-10.0025	0
-0.0846039	-9.0133	0.294113	-0.0846039	-9.0133	0
0.929504	-9.09534	0.311376	0.929504	-9.09534	0
1.99624	-9.0099	0.310789	1.99624	-9.0099	0
3.00789	-9.05108	0.31866	3.00789	-9.05108	0
4.06396	-9.03498	0.294824	4.06396	-9.03498	0
5.12763	-9.00913	0.29876	5.12763	-9.00913	0
6.10792	-8.98706	0.329684	6.10792	-8.98706	0
7.14192	-9.02736	0.318073	7.14192	-9.02736	0
8.18529	-9.00327	0.326923	8.18529	-9.00327	0
9.26998	-9.03319	0.32343	9.26998	-9.03319	0
10.2674	-8.99796	0.298117	10.2674	-8.99796	0
11.3096	-9.05241	0.315155	11.3096	-9.05241	0
-11.4124	-9.06361	0.297125	-11.4124	-9.06361	0
-10.4305	-8.96352	0.307475	-10.4305	-8.96352	0
-9.32875	-9.04444	0.31048	-9.32875	-9.04444	0
-8.33189	-9.00096	0.329549	-8.33189	-9.00096	0
-7.25155	-8.98786	0.344329	-7.25155	-8.98786	0
-6.26773	-9.06631	0.307873	-6.26773	-9.06631	0
-5.1962	-9.00196	0.294036	-5.1962	-9.00196	0
-4.25889	-9.04406	0.334128	-4.25889	-9.04406	0
-3.16837	-9.0164	0.319409	-3.16837	-9.0164	0
-2.15154	-9.01323	0.32434	-2.15154	-9.01323	0
-1.11655	-8.99666	0.308003	-1.11655	-8.99666	0
-0.00779014	-7.98592	0.298954	-0.00779014	-7.98592	0
0.9816	-7.99094	0.317361	0.9816	-7.99094	0
1.95326	-7.95572	0.308315	1.95326	-7.95572	0
3.02383	-8.02668	0.311658	3.02383	-8.02668	0
4.06354	-7.97902	0.301605	4.06354	-7.97902	0
5.12554	-7.99949	0.322074	5.12554	-7.99949	0
6.12287	-7.93497	0.331359	6.12287	-7.93497	0
7.19783	-8.0303	0.286919	7.19783	-8.0303	0
8.24405	-7.94027	0.317785	8.24405	-7.94027	0
9.22913	-7.95527	0.303224	9.22913	-7.95527	0
10.2377	-8.0112	0.312125	10.2377	-8.0112	0
11.2702	-7.99251	0.321898	11.2702	-7.99251	0
-11.4727	-7.96089	0.326576	-11.4727	-7.96089	0
-10.3763	-7.96949	0.30675	-10.3763	-7.96949	0
-9.37489	-8.06712	0.322054	-9.37489	-8.06712	0
-8.36309	-8.00108	0.334863	-8.36309	-8.00108	0
-7.31944	-7.96168	0.310554	-7.31944	-7.96168	0
-6.28092	-7.9968	0.311748	-6.28092	-7.9968	0
-5.26349	-8.01647	0.337116	-5.26349	-8.01647	0
-4.23019	-7.98168	0.342611	-4.23019	-7.98168	0
-3.22185	-7.98901	0.302078	-3.22185	-7.98901	0
-2.13037	-7.96492	0.300608	-2.13037	-7.96492	0
-1.11926	-7.95831	0.310685	-1.11926	-7.95831	0
-0.0822731	-6.8625	0.312432	-0.0822731	-6.8625	0
0.967284	-6.9263	0.294932	0.967284	-6.9263	0
2.07313	-6.92264	0.300659	2.07313	-6.92264	0
3.10263	-6.94469	0.327916	3.10263	-6.94469	0
4.10792	-6.98482	0.310004	4.10792	-6.98482	0
5.14263	-6.89567	0.331186	5.14263	-6.89567	0
6.18217	-6.90961	0.334404	6.18217	-6.90961	0
7.15151	-7.01356	0.308031	7.15151	-7.01356	0
8.19251	-6.96566	0.314709	8.19251	-6.96566	0
9.24278	-6.94632	0.303928	9.24278	-6.94632	0
10.2705	-6.97482	0.311187	10.2705	-6.97482	0
11.333	-6.96736	0.327686	11.333	-6.96736	0
-11.4542	-6.93149	0.33104	-11.4542	-6.93149	0
-10.3995	-6.93953	0.293462	-10.3995	-6.93953	0
-9.38879	-6.9817	0.321012	-9.38879	-6.9817	0
-8.37993	-6.94335	0.332265	-8.37993	-6.94335	0
-7.37489	-6.93673	0.30866	-7.37489	-6.93673	0
-6.33815	-6.97686	0.33218	-6.33815	-6.97686	0
-5.29262	-6.95091	0.316542	-5.29262	-6.95091	0
-4.25023	-6.92268	0.310166	-4.25023	-6.92268	0
-3.22984	-6.95605	0.304378	-3.22984	-6.95605	0
-2.14431	-6.94459	0.325221	-2.14431	-6.94459	0
-1.10504	-6.95515	0.321158	-1.10504	-6.95515	0
-0.111328	-5.89704	0.289842	-0.111328	-5.89704	0
0.95943	-5.89579	0.298608	0.95943	-5.89579	0
2.02987	-5.89758	0.275342	2.02987	-5.89758	0
3.11217	-5.90011	0.311708	3.11217	-5.90011	0
4.10441	-5.91417	0.32556	4.10441	-5.91417	0
5.09376	-5.87923	0.302833	5.09376	-5.87923	0
6.14679	-5.87979	0.328524	6.14679	-5.87979	0
7.13461	-5.90414	0.299423	7.13461	-5.90414	0
8.17935	-5.91457	0.335355	8.17935	-5.91457	0
9.25652	-5.94816	0.303505	9.25652	-5.94816	0
10.2637	-5.90041	0.326818	10.2637	-5.90041	0
11.2759	-5.97466	0.340904	11.2759	-5.97466	0
-11.52	-5.91616	0.311263	-11.52	-5.91616	0
-10.4434	-5.85975	0.304857	-10.4434	-5.85975	0
-9.39992	-5.88354	0.314305	-9.39992	-5.88354	0
-8.44672	-5.93953	0.310569	-8.44672	-5.93953	0
-7.38678	-5.8756	0.326221	-7.38678	-5.8756	0
-6.37097	-5.91539	0.31506	-6.37097	-5.91539	0
-5.30224	-5.90722	0.352298	-5.30224	-5.90722	0
-4.23383	-5.92548	0.33057	-4.23383	-5.92548	0
-3.19119	-5.94107	0.330408	-3.19119	-5.94107	0
-2.14778	-5.9011	0.328218	-2.14778	-5.9011	0
-1.11922	-5.89902	0.333869	-1.11922	-5.89902	0
-0.0741785	-4.83403	0.323883	-0.0741785	-4.83403	0
0.948701	-4.85694	0.324556	0.948701	-4.85694	0
1.95932	-4.87627	0.310543	1.95932	-4.87627	0
3.01626	-4.85167	0.312557	3.01626	-4.85167	0
4.05842	-4.83781	0.310991	4.05842	-4.83781	0
5.08084	-4.83928	0.324334	5.08084	-4.83928	0
6.1192	-4.89121	0.306772	6.1192	-4.89121	0
7.19183	-4.87457	0.330744	7.19183	-4.87457	0
8.18743	-4.89825	0.303939	8.18743	-4.89825	0
9.23698	-4.95483	0.329577	9.23698	-4.95483	0
10.2173	-4.84331	0.321151	10.2173	-4.84331	0
11.2486	-4.96983	0.326233	11.2486	-4.96983	0
-11.5222	-4.86035	0.335116	-11.5222	-4.86035	0
-10.4693	-4.84864	0.312981	-10.4693	-4.84864	0
-9.45195	-4.89078	0.324885	-9.45195	-4.89078	0
-8.40905	-4.91816	0.321267	-8.40905	-4.91816	0
-7.38225	-4.85848	0.326461	-7.38225	-4.85848	0
-6.34957	-4.85727	0.347569	-6.34957	-4.85727	0
-5.26523	-4.83875	0.324237	-5.26523	-4.83875	0
-4.23084	-4.91955	0.310488	-4.23084	-4.91955	0
-3.18624	-4.91027	0.307434	-3.18624	-4.91027	0
-2.14604	-4.95235	0.343827	-2.14604	-4.95235	0
-1.08359	-4.84626	0.345972	-1.08359	-4.84626	0
-0.0872606	-3.89145	0.32327	-0.0872606	-3.89145	0
0.884666	-3.80186	0.341138	0.884666	-3.80186	0
1.97734	-3.86505	0.309436	1.97734	-3.86505	0
3.00916	-3.81221	0.31067	3.00916	-3.81221	0
4.05984	-3.82984	0.336793	4.05984	-3.82984	0
5.08306	-3.82016	0.323826	5.08306	-3.82016	0
6.10806	-3.88684	0.324037	6.10806	-3.88684	0
7.16317	-3.85742	0.318237	7.16317	-3.85742	0
8.1743	-3.87474	0.29542	8.1743	-3.87474	0
9.16201	-3.90851	0.302689	9.16201	-3.90851	0
10.2159	-3.84761	0.338134	10.2159	-3.84761	0
11.2383	-3.90854	0.315423	11.2383	-3.90854	0
-11.5112	-3.8463	0.316546	-11.5112	-3.8463	0
-10.4428	-3.81504	0.326495	-10.4428	-3.81504	0
-9.40369	-3.8101	0.329889	-9.40369	-3.8101	0
-8.34342	-3.89453	0.324833	-8.34342	-3.89453	0
-7.29724	-3.83179	0.313836	-7.29724	-3.83179	0
-6.32584	-3.80185	0.314036	-6.32584	-3.80185	0
-5.25152	-3.86848	0.334556	-5.25152	-3.86848	0
-4.27733	-3.88264	0.324646	-4.27733	-3.88264	0
-3.23188	-3.8952	0.299594	-3.23188	-3.8952	0
-2.09281	-3.83855	0.311151	-2.09281	-3.83855	0
-1.09734	-3.79162	0.33086	-1.09734	-3.79162	0
-0.0971	-2.78644	0.321523	-0.0971	-2.78644	0
0.884626	-2.76193	0.307696	0.884626	-2.76193	0
1.8915	-2.79778	0.271342	1.8915	-2.79778	0
2.98887	-2.7997	0.310631	2.98887	-2.7997	0
4.03432	-2.7872	0.306951	4.03432	-2.7872	0
5.07772	-2.77317	0.308517	5.07772	-2.77317	0
6.11667	-2.83783	0.29298	6.11667	-2.83783	0
7.1528	-2.78936	0.322069	7.1528	-2.78936	0
8.2009	-2.83958	0.315096	8.2009	-2.83958	0
9.18701	-2.82625	0.33622	9.18701	-2.82625	0
10.2357	-2.81646	0.313341	10.2357	-2.81646	0
11.2438	-2.84335	0.321142	11.2438	-2.84335	0
-11.6148	-2.82445	0.310482	-11.6148	-2.82445	0
-10.5989	-2.83731	0.338804	-10.5989	-2.83731	0
-9.44184	-2.78338	0.312665	-9.44184	-2.78338	0
-8.37992	-2.85378	0.315305	-8.37992	-2.85378	0
-7.33819	-2.78867	0.306495	-7.33819	-2.78867	0
-6.29313	-2.8173	0.300676	-6.29313	-2.8173	0
-5.2511	-2.81793	0.335138	-5.2511	-2.81793	0
-4.1659	-2.8131	0.32793	-4.1659	-2.8131	0
-3.21038	-2.84026	0.312523	-3.21038	-2.84026	0
-2.22125	-2.8353	0.332861	-2.22125	-2.8353	0
-1.08439	-2.77383	0.302445	-1.08439	-2.77383	0
-0.0813962	-1.7304	0.276805	-0.0813962	-1.7304	0
0.931085	-1.74038	0.334508	0.931085	-1.74038	0
2.00363	-1.78831	0.317415	2.00363	-1.78831	0
2.99395	-1.81428	0.324216	2.99395	-1.81428	0
4.03201	-1.79609	0.37056	4.03201	-1.79609	0
5.12369	-1.7592	0.310053	5.12369	-1.7592	0
6.10855	-1.79928	0.282087	6.10855	-1.79928	0
7.10926	-1.81545	0.303347	7.10926	-1.81545	0
8.12997	-1.80359	0.322342	8.12997	-1.80359	0
9.10679	-1.77099	0.303099	9.10679	-1.77099	0
10.1425	-1.76907	0.333137	10.1425	-1.76907	0
11.2516	-1.78507	0.332672	11.2516	-1.78507	0
-11.5295	-1.8126	0.327157	-11.5295	-1.8126	0
-10.5066	-1.8123	0.326066	-10.5066	-1.8123	0
-9.50355	-1.8342	0.299261	-9.50355	-1.8342	0
-8.42673	-1.75266	0.300557	-8.42673	-1.75266	0
-7.39346	-1.80056	0.326052	-7.39346	-1.80056	0
-6.31637	-1.76821	0.32379	-6.31637	-1.76821	0
-5.34541	-1.79093	0.293264	-5.34541	-1.79093	0
-4.27819	-1.87541	0.33173	-4.27819	-1.87541	0
-3.16728	-1.78292	0.320678	-3.16728	-1.78292	0
-2.15617	-1.81614	0.318513	-2.15617	-1.81614	0
-1.14616	-1.73692	0.302029	-1.14616	-1.73692	0
-0.109167	-0.682771	0.315664	-0.109167	-0.682771	0
0.92257	-0.742552	0.323155	0.92257	-0.742552	0
2.01571	-0.766289	0.307885	2.01571	-0.766289	0
2.99683	-0.730237	0.304206	2.99683	-0.730237	0
3.99117	-0.722712	0.304912	3.99117	-0.722712	0
5.00482	-0.708449	0.319406	5.00482	-0.708449	0
6.07561	-0.732488	0.291063	6.07561	-0.732488	0
7.11271	-0.771474	0.325068	7.11271	-0.771474	0
8.09414	-0.781095	0.337823	8.09414	-0.781095	0
9.16259	-0.675534	0.332972	9.16259	-0.675534	0
10.2051	-0.725353	0.317008	10.2051	-0.725353	0
11.2237	-0.770394	0.296245	11.2237	-0.770394	0
-11.488	-0.749647	0.311401	-11.488	-0.749647	0
-10.4985	-0.745638	0.326913	-10.4985	-0.745638	0
-9.46975	-0.744484	0.30968	-9.46975	-0.744484	0
-8.44596	-0.729486	0.326532	-8.44596	-0.729486	0
-7.39042	-0.760235	0.331488	-7.39042	-0.760235	0
-6.34339	-0.786513	0.358688	-6.34339	-0.786513	0
-5.24328	-0.769422	0.307414	-5.24328	-0.769422	0
-4.23547	-0.782727	0.305561	-4.23547	-0.782727	0
-3.21122	-0.783707	0.320445	-3.21122	-0.783707	0
-2.21802	-0.737942	0.302149	-2.21802	-0.737942	0
-1.18125	-0.716393	0.29388	-1.18125	-0.716393	0
