-0.670302	-0.241458	-0.304491	-0.670302	-0.241458	0
0.425081	-0.207295	-0.3161	0.425081	-0.207295	0
1.48376	-0.170411	-0.344886	1.48376	-0.170411	0
2.49977	-0.205166	-0.314835	2.49977	-0.205166	0
3.50582	-0.179822	-0.296657	3.50582	-0.179822	0
4.51454	-0.258482	-0.294033	4.51454	-0.258482	0
5.55176	-0.270722	-0.323134	5.55176	-0.270722	0
6.59948	-0.351226	-0.315505	6.59948	-0.351226	0
7.62677	-0.266677	-0.316225	7.62677	-0.266677	0
8.70739	-0.277222	-0.305648	8.70739	-0.277222	0
9.77071	-0.284981	-0.319989	9.77071	-0.284981	0
10.7417	-0.375529	-0.316741	10.7417	-0.375529	0
11.7638	-0.351343	-0.295465	11.7638	-0.351343	0
-10.974	-0.277994	-0.314552	-10.974	-0.277994	0
-9.96666	-0.317265	-0.28506	-9.96666	-0.317265	0
-8.88882	-0.287322	-0.339574	-8.88882	-0.287322	0
-7.81243	-0.251209	-0.313321	-7.81243	-0.251209	0
-6.74099	-0.198643	-0.328881	-6.74099	-0.198643	0
-5.73507	-0.302418	-0.284665	-5.73507	-0.302418	0
-4.69593	-0.289694	-0.329863	-4.69593	-0.289694	0
-3.69946	-0.216818	-0.300671	-3.69946	-0.216818	0
-2.71382	-0.198971	-0.322838	-2.71382	-0.198971	0
-1.71643	-0.254554	-0.333808	-1.71643	-0.254554	0
-0.633681	0.798634	-0.311875	-0.633681	0.798634	0
0.385661	0.805726	-0.310606	0.385661	0.805726	0
1.43263	0.806656	-0.325525	1.43263	0.806656	0
2.47863	0.854736	-0.282981	2.47863	0.854736	0
3.54395	0.858834	-0.305362	3.54395	0.858834	0
4.55394	0.799136	-0.327975	4.55394	0.799136	0
5.57787	0.787785	-0.30696	5.57787	0.787785	0
6.65428	0.72277	-0.320597	6.65428	0.72277	0
7.67467	0.752057	-0.322022	7.67467	0.752057	0
8.67434	0.761122	-0.324011	8.67434	0.761122	0
9.73564	0.727956	-0.329392	9.73564	0.727956	0
10.7918	0.721223	-0.305412	10.7918	0.721223	0
11.7843	0.689502	-0.319792	11.7843	0.689502	0
-10.901	0.749309	-0.309803	-10.901	0.749309	0
-9.87999	0.721925	-0.300551	-9.87999	0.721925	0
-8.89779	0.78403	-0.310556	-8.89779	0.78403	0
-7.85777	0.77521	-0.310546	-7.85777	0.77521	0
-6.78092	0.790754	-0.31089	-6.78092	0.790754	0
-5.79368	0.787824	-0.334477	-5.79368	0.787824	0
-4.73685	0.813969	-0.313489	-4.73685	0.813969	0
-3.75881	0.817397	-0.330303	-3.75881	0.817397	0
-2.6932	0.750361	-0.310049	-2.6932	0.750361	0
-1.63774	0.784685	-0.293045	-1.63774	0.784685	0
-0.608688	1.8287	-0.333552	-0.608688	1.8287	0
0.379019	1.8375	-0.340992	0.379019	1.8375	0
1.40348	1.89612	-0.314482	1.40348	1.89612	0
2.50782	1.88034	-0.29288	2.50782	1.88034	0
3.46237	1.87098	-0.306807	3.46237	1.87098	0
4.51592	1.84059	-0.332962	4.51592	1.84059	0
5.60718	1.77175	-0.289022	5.60718	1.77175	0
6.63418	1.72104	-0.29389	6.63418	1.72104	0
7.66432	1.77121	-0.309307	7.66432	1.77121	0
8.7056	1.77076	-0.3335	8.7056	1.77076	0
9.71508	1.78715	-0.325628	9.71508	1.78715	0
10.7615	1.73914	-0.310798	10.7615	1.73914	0
11.8324	1.75769	-0.330906	11.8324	1.75769	0
-10.9519	1.77843	-0.286139	-10.9519	1.77843	0
-9.92878	1.8047	-0.307995	-9.92878	1.8047	0
-8.83898	1.74664	-0.29117	-8.83898	1.74664	0
-7.79799	1.82506	-0.323443	-7.79799	1.82506	0
-6.83471	1.80877	-0.319259	-6.83471	1.80877	0
-5.75852	1.76648	-0.309507	-5.75852	1.76648	0
-4.74682	1.8154	-0.310636	-4.74682	1.8154	0
-3.72785	1.87807	-0.329877	-3.72785	1.87807	0
-2.64903	1.79916	-0.323362	-2.64903	1.79916	0
-1.61054	1.83796	-0.30994	-1.61054	1.83796	0
-0.583	2.85097	-0.331701	-0.583	2.85097	0
0.407505	2.94065	-0.322176	0.407505	2.94065	0
1.48708	2.93022	-0.298117	1.48708	2.93022	0
2.52051	2.90381	-0.298079	2.52051	2.90381	0
3.49863	2.88823	-0.309597	3.49863	2.88823	0
4.56421	2.94078	-0.341701	4.56421	2.94078	0
5.55826	2.85493	-0.306284	5.55826	2.85493	0
6.63101	2.84657	-0.337367	6.63101	2.84657	0
7.67334	2.85047	-0.330892	7.67334	2.85047	0
8.69828	2.80228	-0.321852	8.69828	2.80228	0
9.7544	2.83806	-0.310494	9.7544	2.83806	0
10.7735	2.83938	-0.317709	10.7735	2.83938	0
11.7775	2.75774	-0.338995	11.7775	2.75774	0
-10.9751	2.81177	-0.311413	-10.9751	2.81177	0
-9.92518	2.80838	-0.302965	-9.92518	2.80838	0
-8.95112	2.81825	-0.328322	-8.95112	2.81825	0
-7.85064	2.83249	-0.293896	-7.85064	2.83249	0
-6.81408	2.82353	-0.32561	-6.81408	2.82353	0
-5.79074	2.8138	-0.291488	-5.79074	2.8138	0
-4.74364	2.87439	-0.309107	-4.74364	2.87439	0
-3.67639	2.90572	-0.309162	-3.67639	2.90572	0
-2.61124	2.80715	-0.324448	-2.61124	2.80715	0
-1.58019	2.88505	-0.314167	-1.58019	2.88505	0
-0.595776	3.87305	-0.332854	-0.595776	3.87305	0
0.439129	3.97232	-0.328694	0.439129	3.97232	0
1.46393	3.94432	-0.328042	1.46393	3.94432	0
2.51912	3.95921	-0.327565	2.51912	3.95921	0
3.56195	3.97747	-0.303505	3.56195	3.97747	0
4.59081	3.94927	-0.310187	4.59081	3.94927	0
5.64518	3.89134	-0.337723	5.64518	3.89134	0
6.65976	3.90184	-0.3122	6.65976	3.90184	0
7.68133	3.85307	-0.299831	7.68133	3.85307	0
8.72313	3.8463	-0.336515	8.72313	3.8463	0
9.7938	3.86593	-0.325203	9.7938	3.86593	0
10.8004	3.83432	-0.334918	10.8004	3.83432	0
11.7625	3.90235	-0.314059	11.7625	3.90235	0
-10.9738	3.92727	-0.322296	-10.9738	3.92727	0
-9.95331	3.86747	-0.313344	-9.95331	3.86747	0
-8.88134	3.89643	-0.323643	-8.88134	3.89643	0
-7.90458	3.88946	-0.323686	-7.90458	3.88946	0
-6.85016	3.91166	-0.302519	-6.85016	3.91166	0
-5.80854	3.87459	-0.321941	-5.80854	3.87459	0
-4.70453	3.90135	-0.329979	-4.70453	3.90135	0
-3.67555	3.84351	-0.325208	-3.67555	3.84351	0
-2.62302	3.82792	-0.304724	-2.62302	3.82792	0
-1.62984	3.8937	-0.343267	-1.62984	3.8937	0
-0.605957	4.93252	-0.296077	-0.605957	4.93252	0
0.404445	4.91488	-0.297322	0.404445	4.91488	0
1.42087	5.00329	-0.323644	1.42087	5.00329	0
2.48541	4.9818	-0.314948	2.48541	4.9818	0
3.50016	5.00881	-0.326396	3.50016	5.00881	0
4.56186	4.98346	-0.311268	4.56186	4.98346	0
5.57537	4.8821	-0.338411	5.57537	4.8821	0
6.63805	4.93531	-0.321879	6.63805	4.93531	0
7.67022	4.96963	-0.326409	7.67022	4.96963	0
8.69297	4.86269	-0.323744	8.69297	4.86269	0
9.74136	4.87302	-0.319035	9.74136	4.87302	0
10.7333	4.91886	-0.323023	10.7333	4.91886	0
11.762	4.91607	-0.273902	11.762	4.91607	0
-10.9371	4.90849	-0.327505	-10.9371	4.90849	0
-9.9328	4.88848	-0.311888	-9.9328	4.88848	0
-8.94217	4.97529	-0.324709	-8.94217	4.97529	0
-7.93856	4.89727	-0.309906	-7.93856	4.89727	0
-6.86472	4.91783	-0.319355	-6.86472	4.91783	0
-5.79046	4.88821	-0.312686	-5.79046	4.88821	0
-4.73762	4.86947	-0.304537	-4.73762	4.86947	0
-3.71892	4.93139	-0.343589	-3.71892	4.93139	0
-2.67351	4.91969	-0.311695	-2.67351	4.91969	0
-1.58265	4.93597	-0.341151	-1.58265	4.93597	0
-0.598532	5.94318	-0.321502	-0.598532	5.94318	0
0.427363	5.98104	-0.33619	0.427363	5.98104	0
1.45769	5.99175	-0.333909	1.45769	5.99175	0
2.48386	6.01409	-0.309256	2.48386	6.01409	0
3.50671	6.01708	-0.327911	3.50671	6.01708	0
4.64368	6.01357	-0.316021	4.64368	6.01357	0
5.63242	6.02208	-0.313244	5.63242	6.02208	0
6.58835	5.92808	-0.295787	6.58835	5.92808	0
7.6079	5.9486	-0.333263	7.6079	5.9486	0
8.71201	6.01184	-0.326996	8.71201	6.01184	0
9.6847	5.95644	-0.320284	9.6847	5.95644	0
10.7565	5.96234	-0.327787	10.7565	5.96234	0
11.7471	5.92376	-0.317497	11.7471	5.92376	0
-10.9958	5.88891	-0.289863	-10.9958	5.88891	0
-9.94714	5.93934	-0.302744	-9.94714	5.93934	0
-8.93271	5.98515	-0.300388	-8.93271	5.98515	0
-7.88808	5.90505	-0.321962	-7.88808	5.90505	0
-6.85964	5.92886	-0.320531	-6.85964	5.92886	0
-5.75639	5.90903	-0.310698	-5.75639	5.90903	0
-4.68301	5.88473	-0.28815	-4.68301	5.88473	0
-3.70471	5.91197	-0.317705	-3.70471	5.91197	0
-2.70613	5.93984	-0.314684	-2.70613	5.93984	0
-1.67056	5.95834	-0.338549	-1.67056	5.95834	0
-0.607438	6.98084	-0.306291	-0.607438	6.98084	0
0.439894	7.02866	-0.320835	0.439894	7.02866	0
1.47998	6.98987	-0.32317	1.47998	6.98987	0
2.56932	7.03936	-0.359843	2.56932	7.03936	0
3.55071	7.00626	-0.324643	3.55071	7.00626	0
4.55897	7.00599	-0.341533	4.55897	7.00599	0
5.64298	7.02609	-0.309346	5.64298	7.02609	0
6.65334	7.00554	-0.332283	6.65334	7.00554	0
7.64687	6.94153	-0.319355	7.64687	6.94153	0
8.68797	6.9911	-0.312047	8.68797	6.9911	0
9.75186	6.95106	-0.325025	9.75186	6.95106	0
10.7694	7.00373	-0.336714	10.7694	7.00373	0
11.7633	6.90733	-0.299117	11.7633	6.90733	0
-10.9545	6.91407	-0.305754	-10.9545	6.91407	0
-9.91249	6.97969	-0.322873	-9.91249	6.97969	0
-8.87564	7.02848	-0.316332	-8.87564	7.02848	0
-7.84352	6.91973	-0.309239	-7.84352	6.91973	0
-6.79419	6.89248	-0.300604	-6.79419	6.89248	0
-5.79568	6.99716	-0.298572	-5.79568	6.99716	0
-4.75977	6.97864	-0.330978	-4.75977	6.97864	0
-3.68592	6.95643	-0.3174	-3.68592	6.95643	0
-2.68398	6.95023	-0.323894	-2.68398	6.95023	0
-1.65311	7.04004	-0.318291	-1.65311	7.04004	0
-0.538379	8.03459	-0.327663	-0.538379	8.03459	0
0.485391	8.03131	-0.315836	0.485391	8.03131	0
1.50556	7.98144	-0.330794	1.50556	7.98144	0
2.49335	8.06257	-0.31684	2.49335	8.06257	0
3.49	8.03912	-0.283912	3.49	8.03912	0
4.53864	8.08173	-0.306097	4.53864	8.08173	0
5.5798	8.07019	-0.342496	5.5798	8.07019	0
6.65607	8.03336	-0.319019	6.65607	8.03336	0
7.65373	8.015	-0.344631	7.65373	8.015	0
8.69171	8.01115	-0.32478	8.69171	8.01115	0
9.71759	8.05798	-0.345341	9.71759	8.05798	0
10.7489	8.07008	-0.326738	10.7489	8.07008	0
11.7611	8.00819	-0.279515	11.7611	8.00819	0
-11.029	7.97926	-0.310131	-11.029	7.97926	0
-9.88123	7.99639	-0.316682	-9.88123	7.99639	0
-8.88077	8.00165	-0.31582	-8.88077	8.00165	0
-7.79902	7.96604	-0.322443	-7.79902	7.96604	0
-6.76892	8.00843	-0.296338	-6.76892	8.00843	0
-5.82979	8.03923	-0.312608	-5.82979	8.03923	0
-4.73102	7.97167	-0.306206	-4.73102	7.97167	0
-3.7243	8.00371	-0.319635	-3.7243	8.00371	0
-2.66634	7.98729	-0.314914	-2.66634	7.98729	0
-1.64446	8.06095	-0.323155	-1.64446	8.06095	0
-0.51903	9.03738	-0.329128	-0.51903	9.03738	0
0.511529	9.06999	-0.309697	0.511529	9.06999	0
1.49366	9.01476	-0.318173	1.49366	9.01476	0
2.55567	9.06185	-0.332394	2.55567	9.06185	0
3.56463	9.08185	-0.309744	3.56463	9.08185	0
4.60947	9.11274	-0.313419	4.60947	9.11274	0
5.60077	9.08233	-0.311621	5.60077	9.08233	0
6.62439	9.07648	-0.335878	6.62439	9.07648	0
7.66506	9.00927	-0.315423	7.66506	9.00927	0
8.69407	9.0537	-0.300636	8.69407	9.0537	0
9.71159	9.07106	-0.323868	9.71159	9.07106	0
10.76	9.16287	-0.319758	10.76	9.16287	0
11.8596	9.04654	-0.301793	11.8596	9.04654	0
-10.9684	9.02475	-0.301956	-10.9684	9.02475	0
-9.96093	8.97002	-0.301673	-9.96093	8.97002	0
-8.88817	9.03927	-0.296067	-8.88817	9.03927	0
-7.81846	8.95289	-0.309526	-7.81846	8.95289	0
-6.80103	9.06302	-0.305169	-6.80103	9.06302	0
-5.72145	9.09093	-0.3111	-5.72145	9.09093	0
-4.7142	9.05279	-0.296451	-4.7142	9.05279	0
-3.70366	8.99293	-0.310349	-3.70366	8.99293	0
-2.64052	9.00926	-0.353119	-2.64052	9.00926	0
-1.58294	9.034	-0.334811	-1.58294	9.034	0
-0.588788	10.0816	-0.321949	-0.588788	10.0816	0
0.453731	10.1132	-0.311708	0.453731	10.1132	0
1.45618	10.085	-0.338159	1.45618	10.085	0
2.53177	10.1449	-0.311914	2.53177	10.1449	0
3.65687	10.144	-0.31363	3.65687	10.144	0
4.60209	10.114	-0.302404	4.60209	10.114	0
5.63845	10.0964	-0.323346	5.63845	10.0964	0
6.66713	10.0609	-0.310023	6.66713	10.0609	0
7.68404	10.1048	-0.302974	7.68404	10.1048	0
8.74531	10.0946	-0.287733	8.74531	10.0946	0
9.77454	10.1303	-0.315692	9.77454	10.1303	0
10.8165	10.1334	-0.314884	10.8165	10.1334	0
11.8943	10.1055	-0.336019	-11.8917	10.1055	0
-10.912	10.0279	-0.304609	-10.912	10.0279	0
-9.93453	10.0075	-0.316143	-9.93453	10.0075	0
-8.88889	10.0581	-0.321045	-8.88889	10.0581	0
-7.82095	10.0311	-0.326805	-7.82095	10.0311	0
-6.82018	10.1008	-0.28635	-6.82018	10.1008	0
-5.74914	10.1119	-0.307723	-5.74914	10.1119	0
-4.71441	10.08	-0.341404	-4.71441	10.08	0
-3.66939	10.0455	-0.323206	-3.66939	10.0455	0
-2.64765	10.0159	-0.329953	-2.64765	10.0159	0
-1.61193	10.0647	-0.3173	-1.61193	10.0647	0
-0.633318	11.1155	-0.32197	-0.633318	11.1155	0
0.441175	11.1606	-0.278204	0.441175	11.1606	0
1.52277	11.1455	-0.334192	1.52277	11.1455	0
2.53986	11.1811	-0.304645	2.53986	11.1811	0
3.58588	11.1231	-0.298682	3.58588	11.1231	0
4.59206	11.1537	-0.341979	4.59206	11.1537	0
5.68058	11.1855	-0.299436	5.68058	11.1855	0
6.69689	11.1317	-0.343032	6.69689	11.1317	0
7.69486	11.1401	-0.279592	7.69486	11.1401	0
8.80296	11.1274	-0.320945	8.80296	11.1274	0
9.82942	11.1754	-0.286959	9.82942	11.1754	0
10.8121	11.1745	-0.313553	10.8121	11.1745	0
11.8284	11.129	-0.343093	11.8284	11.129	0
-10.9262	11.0942	-0.291558	-10.9262	11.0942	0
-9.91755	11.0148	-0.306276	-9.91755	11.0148	0
-8.90145	11.0586	-0.315758	-8.90145	11.0586	0
-7.83665	11.0927	-0.311045	-7.83665	11.0927	0
-6.86546	11.128	-0.334599	-6.86546	11.128	0
-5.68734	11.1632	-0.320618	-5.68734	11.1632	0
-4.6848	11.0952	-0.335371	-4.6848	11.0952	0
-3.67444	11.0219	-0.32633	-3.67444	11.0219	0
-2.62485	11.085	-0.305917	-2.62485	11.085	0
-1.6519	11.1096	-0.327973	-1.6519	11.1096	0
-0.642668	-11.6369	-0.310592	-0.642668	-11.6369	0
0.423381	-11.6323	-0.302111	0.423381	-11.6323	0
1.50937	-11.5953	-0.309696	1.50937	-11.5953	0
2.50126	-11.6178	-0.309883	2.50126	-11.6178	0
3.59885	-11.6463	-0.319263	3.59885	-11.6463	0
4.58142	-11.5697	-0.319539	4.58142	-11.5697	0
5.6659	-11.5717	-0.320443	5.6659	-11.5717	0
6.69589	-11.5299	-0.314954	6.69589	-11.5299	0
7.69306	-11.6342	-0.33772	7.69306	-11.6342	0
8.73392	-11.6423	-0.315887	8.73392	-11.6423	0
9.81701	-11.5385	-0.330449	9.81701	-11.5385	0
10.8341	-11.6308	-0.321981	10.8341	-11.6308	0
11.8516	-11.6418	-0.317353	11.8516	-11.6418	0
-10.9261	-11.6648	-0.325817	-10.9261	-11.6648	0
-9.83995	-11.6881	-0.319257	-9.83995	-11.6881	0
-8.84564	-11.6461	-0.328982	-8.84564	-11.6461	0
-7.78762	-11.6633	-0.323702	-7.78762	-11.6633	0
-6.78668	-11.6692	-0.307696	-6.78668	-11.6692	0
-5.76547	-11.6266	-0.308071	-5.76547	-11.6266	0
-4.70859	-11.6466	-0.286448	-4.70859	-11.6466	0
-3.70502	-11.6468	-0.319582	-3.70502	-11.6468	0
-2.67139	-11.7098	-0.332428	-2.67139	-11.7098	0
-1.61992	-11.5739	-0.320659	-1.61992	-11.5739	0
-0.573227	-10.6022	-0.322691	-0.573227	-10.6022	0
0.47517	-10.6348	-0.312146	0.47517	-10.6348	0
1.4965	-10.6082	-0.298467	1.4965	-10.6082	0
2.54645	-10.5552	-0.310915	2.54645	-10.5552	0
3.59714	-10.6074	-0.300394	3.59714	-10.6074	0
4.63773	-10.5829	-0.294267	4.63773	-10.5829	0
5.60082	-10.5441	-0.295863	5.60082	-10.5441	0
6.6658	-10.5585	-0.304336	6.6658	-10.5585	0
7.69397	-10.5878	-0.314794	7.69397	-10.5878	0
8.73242	-10.5715	-0.318828	8.73242	-10.5715	0
9.74441	-10.5802	-0.328497	9.74441	-10.5802	0
10.8472	-10.5691	-0.316661	10.8472	-10.5691	0
11.8148	-10.5961	-0.346014	11.8148	-10.5961	0
-10.9389	-10.6244	-0.344538	-10.9389	-10.6244	0
-9.92738	-10.6972	-0.321989	-9.92738	-10.6972	0
-8.86821	-10.6305	-0.327319	-8.86821	-10.6305	0
-7.85506	-10.6654	-0.336691	-7.85506	-10.6654	0
-6.8328	-10.6473	-0.308159	-6.8328	-10.6473	0
-5.81247	-10.6062	-0.298683	-5.81247	-10.6062	0
-4.71164	-10.6136	-0.296269	-4.71164	-10.6136	0
-3.71872	-10.6683	-0.315786	-3.71872	-10.6683	0
-2.70533	-10.6056	-0.306116	-2.70533	-10.6056	0
-1.64166	-10.5269	-0.343995	-1.64166	-10.5269	0
-0.581587	-9.61765	-0.339089	-0.581587	-9.61765	0
0.48769	-9.5515	-0.309714	0.48769	-9.5515	0
1.43805	-9.60865	-0.330558	1.43805	-9.60865	0
2.50194	-9.59838	-0.303675	2.50194	-9.59838	0
3.53816	-9.56467	-0.322374	3.53816	-9.56467	0
4.58989	-9.53329	-0.324832	4.58989	-9.53329	0
5.60044	-9.53536	-0.307646	5.60044	-9.53536	0
6.64619	-9.56111	-0.338326	6.64619	-9.56111	0
7.73641	-9.52833	-0.301266	7.73641	-9.52833	0
8.68855	-9.57689	-0.328115	8.68855	-9.57689	0
9.72059	-9.54249	-0.316969	9.72059	-9.54249	0
10.7243	-9.51346	-0.327081	10.7243	-9.51346	0
11.8107	-9.53949	-0.340741	11.8107	-9.53949	0
-10.9484	-9.57051	-0.31938	-10.9484	-9.57051	0
-9.92635	-9.59888	-0.277243	-9.92635	-9.59888	0
-8.87106	-9.63679	-0.304237	-8.87106	-9.63679	0
-7.79349	-9.60993	-0.306487	-7.79349	-9.60993	0
-6.75061	-9.55974	-0.302384	-6.75061	-9.55974	0
-5.78028	-9.53384	-0.316517	-5.78028	-9.53384	0
-4.70629	-9.58893	-0.308055	-4.70629	-9.58893	0
-3.68485	-9.63366	-0.299403	-3.68485	-9.63366	0
-2.69487	-9.59206	-0.305067	-2.69487	-9.59206	0
-1.60523	-9.55303	-0.303052	-1.60523	-9.55303	0
-0.593167	-8.47725	-0.310806	-0.593167	-8.47725	0
0.388034	-8.5786	-0.3104	0.388034	-8.5786	0
1.46441	-8.55483	-0.341159	1.46441	-8.55483	0
2.49138	-8.55188	-0.335512	2.49138	-8.55188	0
3.52487	-8.58386	-0.31599	3.52487	-8.58386	0
4.54305	-8.52863	-0.313993	4.54305	-8.52863	0
5.57185	-8.51971	-0.270269	5.57185	-8.51971	0
6.56525	-8.56585	-0.294408	6.56525	-8.56585	0
7.74946	-8.55409	-0.330158	7.74946	-8.55409	0
8.71988	-8.50086	-0.31512	8.71988	-8.50086	0
9.76454	-8.52659	-0.28932	9.76454	-8.52659	0
10.7627	-8.47865	-0.30173	10.7627	-8.47865	0
11.8351	-8.60832	-0.322071	11.8351	-8.60832	0
-10.953	-8.5206	-0.327566	-10.953	-8.5206	0
-9.90843	-8.52817	-0.288803	-9.90843	-8.52817	0
-8.86636	-8.5561	-0.309094	-8.86636	-8.5561	0
-7.86642	-8.62214	-0.304569	-7.86642	-8.62214	0
-6.84787	-8.50659	-0.324973	-6.84787	-8.50659	0
-5.79529	-8.52381	-0.333033	-5.79529	-8.52381	0
-4.73953	-8.5159	-0.314434	-4.73953	-8.5159	0
-3.74034	-8.53854	-0.338277	-3.74034	-8.53854	0
-2.69484	-8.57856	-0.315318	-2.69484	-8.57856	0
-1.61024	-8.56455	-0.339567	-1.61024	-8.56455	0
-0.535513	-7.43066	-0.299221	-0.535513	-7.43066	0
0.479932	-7.48483	-0.341696	0.479932	-7.48483	0
1.53899	-7.5087	-0.319345	1.53899	-7.5087	0
2.52673	-7.55519	-0.332472	2.52673	-7.55519	0
3.55808	-7.54107	-0.28939	3.55808	-7.54107	0
4.55743	-7.5459	-0.315081	4.55743	-7.5459	0
5.64482	-7.47834	-0.326637	5.64482	-7.47834	0
6.60618	-7.4868	-0.311764	6.60618	-7.4868	0
7.66058	-7.50856	-0.311886	7.66058	-7.50856	0
8.67888	-7.49887	-0.324204	8.67888	-7.49887	0
9.72513	-7.48011	-0.298932	9.72513	-7.48011	0
10.7524	-7.48725	-0.339014	10.7524	-7.48725	0
11.8007	-7.53056	-0.327539	11.8007	-7.53056	0
-10.958	-7.49618	-0.292105	-10.958	-7.49618	0
-9.89325	-7.53841	-0.30066	-9.89325	-7.53841	0
-8.85636	-7.5145	-0.312392	-8.85636	-7.5145	0
-7.8462	-7.54767	-0.328299	-7.8462	-7.54767	0
-6.7465	-7.50238	-0.312984	-6.7465	-7.50238	0
-5.75667	-7.50237	-0.313741	-5.75667	-7.50237	0
-4.73903	-7.5337	-0.328926	-4.73903	-7.5337	0
-3.69019	-7.51301	-0.326198	-3.69019	-7.51301	0
-2.65785	-7.56613	-0.289979	-2.65785	-7.56613	0
-1.58524	-7.47214	-0.295726	-1.58524	-7.47214	0
-0.543372	-6.42723	-0.312561	-0.543372	-6.42723	0
0.520876	-6.44391	-0.293324	0.520876	-6.44391	0
1.58909	-6.44604	-0.306946	1.58909	-6.44604	0
2.57388	-6.39903	-0.285105	2.57388	-6.39903	0
3.56644	-6.46329	-0.328839	3.56644	-6.46329	0
4.58115	-6.4817	-0.319993	4.58115	-6.4817	0
5.67689	-6.45247	-0.325204	5.67689	-6.45247	0
6.68203	-6.49089	-0.317165	6.68203	-6.49089	0
7.67258	-6.45427	-0.290862	7.67258	-6.45427	0
8.72703	-6.48641	-0.324613	8.72703	-6.48641	0
9.73957	-6.3987	-0.269984	9.73957	-6.3987	0
10.8143	-6.47368	-0.3034	10.8143	-6.47368	0
11.7503	-6.57509	-0.280517	11.7503	-6.57509	0
-10.9647	-6.50599	-0.354805	-10.9647	-6.50599	0
-9.926	-6.49353	-0.315174	-9.926	-6.49353	0
-8.84661	-6.46532	-0.332067	-8.84661	-6.46532	0
-7.82385	-6.48689	-0.311041	-7.82385	-6.48689	0
-6.79872	-6.44742	-0.298946	-6.79872	-6.44742	0
-5.79663	-6.46731	-0.297081	-5.79663	-6.46731	0
-4.68869	-6.51315	-0.318608	-4.68869	-6.51315	0
-3.63525	-6.50383	-0.353356	-3.63525	-6.50383	0
-2.63435	-6.49508	-0.301089	-2.63435	-6.49508	0
-1.59756	-6.4167	-0.311815	-1.59756	-6.4167	0
-0.509887	-5.37427	-0.309932	-0.509887	-5.37427	0
0.495213	-5.40039	-0.323693	0.495213	-5.40039	0
1.56341	-5.38791	-0.316563	1.56341	-5.38791	0
2.56949	-5.40911	-0.303136	2.56949	-5.40911	0
3.57402	-5.44425	-0.314161	3.57402	-5.44425	0
4.61616	-5.42249	-0.3043	4.61616	-5.42249	0
5.62677	-5.45003	-0.332612	5.62677	-5.45003	0
6.65752	-5.43327	-0.319818	6.65752	-5.43327	0
7.72953	-5.41905	-0.308711	7.72953	-5.41905	0
8.71725	-5.44013	-0.308065	8.71725	-5.44013	0
9.75077	-5.43519	-0.319776	9.75077	-5.43519	0
10.7748	-5.43001	-0.334822	10.7748	-5.43001	0
11.8175	-5.47439	-0.320993	11.8175	-5.47439	0
-10.9367	-5.44927	-0.325794	-10.9367	-5.44927	0
-9.83672	-5.47683	-0.297239	-9.83672	-5.47683	0
-8.83224	-5.42773	-0.30834	-8.83224	-5.42773	0
-7.8181	-5.43896	-0.311717	-7.8181	-5.43896	0
-6.75856	-5.3751	-0.333188	-6.75856	-5.3751	0
-5.71696	-5.47289	-0.323629	-5.71696	-5.47289	0
-4.68374	-5.4711	-0.316397	-4.68374	-5.4711	0
-3.64903	-5.39999	-0.300151	-3.64903	-5.39999	0
-2.65036	-5.4878	-0.334049	-2.65036	-5.4878	0
-1.6393	-5.40418	-0.298552	-1.6393	-5.40418	0
-0.553888	-4.33041	-0.308043	-0.553888	-4.33041	0
0.495015	-4.32668	-0.333097	0.495015	-4.32668	0
1.47416	-4.38888	-0.324101	1.47416	-4.38888	0
2.49182	-4.38173	-0.319426	2.49182	-4.38173	0
3.5164	-4.36177	-0.318145	3.5164	-4.36177	0
4.62627	-4.38825	-0.314935	4.62627	-4.38825	0
5.59717	-4.41596	-0.308934	5.59717	-4.41596	0
6.64671	-4.39954	-0.308987	6.64671	-4.39954	0
7.6684	-4.38343	-0.329294	7.6684	-4.38343	0
8.68879	-4.34346	-0.305642	8.68879	-4.34346	0
9.70707	-4.44034	-0.304581	9.70707	-4.44034	0
10.8152	-4.42407	-0.334379	10.8152	-4.42407	0
11.8345	-4.46387	-0.316071	11.8345	-4.46387	0
-10.9202	-4.44813	-0.299612	-10.9202	-4.44813	0
-9.85731	-4.48782	-0.301575	-9.85731	-4.48782	0
-8.83005	-4.4235	-0.307868	-8.83005	-4.4235	0
-7.80208	-4.3801	-0.279138	-7.80208	-4.3801	0
-6.75399	-4.36836	-0.324353	-6.75399	-4.36836	0
-5.70612	-4.39637	-0.304358	-5.70612	-4.39637	0
-4.70653	-4.41214	-0.304915	-4.70653	-4.41214	0
-3.68568	-4.41162	-0.314797	-3.68568	-4.41162	0
-2.69533	-4.37811	-0.316713	-2.69533	-4.37811	0
-1.65738	-4.3954	-0.307442	-1.65738	-4.3954	0
-0.593802	-3.36031	-0.290362	-0.593802	-3.36031	0
0.439986	-3.26444	-0.321019	0.439986	-3.26444	0
1.51443	-3.28799	-0.333085	1.51443	-3.28799	0
2.54179	-3.35377	-0.322716	2.54179	-3.35377	0
3.55001	-3.30802	-0.332086	3.55001	-3.30802	0
4.56956	-3.35994	-0.331944	4.56956	-3.35994	0
5.58662	-3.3757	-0.322644	5.58662	-3.3757	0
6.68932	-3.38281	-0.329352	6.68932	-3.38281	0
7.68136	-3.33274	-0.321452	7.68136	-3.33274	0
8.76364	-3.30958	-0.326813	8.76364	-3.30958	0
9.80741	-3.40696	-0.293019	9.80741	-3.40696	0
10.85	-3.39351	-0.333681	10.85	-3.39351	0
11.8459	-3.43788	-0.310271	11.8459	-3.43788	0
-10.8862	-3.39604	-0.351015	-10.8862	-3.39604	0
-9.90347	-3.42076	-0.306625	-9.90347	-3.42076	0
-8.87984	-3.40718	-0.30551	-8.87984	-3.40718	0
-7.78766	-3.35551	-0.294757	-7.78766	-3.35551	0
-6.78012	-3.31152	-0.312301	-6.78012	-3.31152	0
-5.76229	-3.30058	-0.348118	-5.76229	-3.30058	0
-4.71777	-3.36785	-0.327238	-4.71777	-3.36785	0
-3.67285	-3.3629	-0.310114	-3.67285	-3.3629	0
-2.62164	-3.39586	-0.306893	-2.62164	-3.39586	0
-1.65275	-3.36547	-0.34139	-1.65275	-3.36547	0
-0.609033	-2.30556	-0.296892	-0.609033	-2.30556	0
0.473908	-2.25781	-0.28156	0.473908	-2.25781	0
1.5063	-2.25992	-0.302865	1.5063	-2.25992	0
2.5386	-2.27345	-0.288935	2.5386	-2.27345	0
3.54914	-2.32607	-0.339781	3.54914	-2.32607	0
4.62599	-2.31301	-0.316375	4.62599	-2.31301	0
5.64743	-2.36316	-0.321636	5.64743	-2.36316	0
6.71245	-2.35074	-0.345142	6.71245	-2.35074	0
7.69745	-2.3388	-0.309492	7.69745	-2.3388	0
8.73376	-2.307	-0.292806	8.73376	-2.307	0
9.76673	-2.3625	-0.336698	9.76673	-2.3625	0
10.8008	-2.39229	-0.317793	10.8008	-2.39229	0
11.8369	-2.42972	-0.318597	11.8369	-2.42972	0
-10.9007	-2.32741	-0.323677	-10.9007	-2.32741	0
-9.91768	-2.39544	-0.318686	-9.91768	-2.39544	0
-8.84134	-2.42128	-0.326066	-8.84134	-2.42128	0
-7.84759	-2.31284	-0.316895	-7.84759	-2.31284	0
-6.77493	-2.30384	-0.299332	-6.77493	-2.30384	0
-5.77733	-2.27502	-0.322798	-5.77733	-2.27502	0
-4.68897	-2.37591	-0.294818	-4.68897	-2.37591	0
-3.64264	-2.35553	-0.319804	-3.64264	-2.35553	0
-2.69699	-2.30668	-0.307275	-2.69699	-2.30668	0
-1.6377	-2.31066	-0.315272	-1.6377	-2.31066	0
-0.564724	-1.29361	-0.326267	-0.564724	-1.29361	0
0.452193	-1.18927	-0.337296	0.452193	-1.18927	0
1.47332	-1.23946	-0.321612	1.47332	-1.23946	0
2.48916	-1.27304	-0.317721	2.48916	-1.27304	0
3.55225	-1.23132	-0.322208	3.55225	-1.23132	0
4.54887	-1.31508	-0.311304	4.54887	-1.31508	0
5.60294	-1.35094	-0.294965	5.60294	-1.35094	0
6.62352	-1.32897	-0.335224	6.62352	-1.32897	0
7.69911	-1.29629	-0.322694	7.69911	-1.29629	0
8.75672	-1.31602	-0.297366	8.75672	-1.31602	0
9.8182	-1.33776	-0.3143	9.8182	-1.33776	0
10.8052	-1.3843	-0.288646	10.8052	-1.3843	0
11.8558	-1.39325	-0.341569	11.8558	-1.39325	0
-10.932	-1.31182	-0.322536	-10.932	-1.31182	0
-9.87926	-1.33982	-0.315755	-9.87926	-1.33982	0
-8.8754	-1.39307	-0.338653	-8.8754	-1.39307	0
-7.89829	-1.27315	-0.332875	-7.89829	-1.27315	0
-6.77343	-1.24608	-0.348024	-6.77343	-1.24608	0
-5.73676	-1.29859	-0.30906	-5.73676	-1.29859	0
-4.72569	-1.35145	-0.293129	-4.72569	-1.35145	0
-3.7277	-1.23467	-0.318877	-3.7277	-1.23467	0
-2.61431	-1.28075	-0.33716	-2.61431	-1.28075	0
-1.63264	-1.2549	-0.33602	-1.63264	-1.2549	0
-0.144506	0.324782	0.31694	-0.144506	0.324782	0
0.928309	0.314104	0.31736	0.928309	0.314104	0
1.95248	0.327547	0.322495	1.95248	0.327547	0
3.01238	0.271927	0.314585	3.01238	0.271927	0
4.09173	0.321755	0.324183	4.09173	0.321755	0
5.10963	0.249844	0.319625	5.10963	0.249844	0
6.11199	0.22709	0.303974	6.11199	0.22709	0
7.11784	0.206928	0.318652	7.11784	0.206928	0
8.20665	0.307463	0.337199	8.20665	0.307463	0
9.18074	0.245485	0.300846	9.18074	0.245485	0
10.2444	0.212079	0.296932	10.2444	0.212079	0
11.2602	0.16788	0.313763	11.2602	0.16788	0
-11.484	0.187929	0.336276	-11.484	0.187929	0
-10.4561	0.219166	0.341485	-10.4561	0.219166	0
-9.43189	0.15499	0.331035	-9.43189	0.15499	0
-8.41247	0.241383	0.308171	-8.41247	0.241383	0
-7.31357	0.307747	0.310067	-7.31357	0.307747	0
-6.20025	0.235397	0.331732	-6.20025	0.235397	0
-5.22193	0.241444	0.308765	-5.22193	0.241444	0
-4.22006	0.274693	0.328224	-4.22006	0.274693	0
-3.19702	0.271707	0.332566	-3.19702	0.271707	0
-2.20448	0.236534	0.318221	-2.20448	0.236534	0
-1.16165	0.303871	0.314835	-1.16165	0.303871	0
-0.131471	1.32949	0.323881	-0.131471	1.32949	0
0.924772	1.37587	0.306555	0.924772	1.37587	0
1.92408	1.42091	0.33435	1.92408	1.42091	0
3.03159	1.31131	0.316327	3.03159	1.31131	0
4.05197	1.38682	0.323384	4.05197	1.38682	0
5.02512	1.28391	0.304364	5.02512	1.28391	0
6.13768	1.20576	0.320479	6.13768	1.20576	0
7.17227	1.22776	0.303183	7.17227	1.22776	0
8.22256	1.291	0.32964	8.22256	1.291	0
9.21867	1.28599	0.314037	9.21867	1.28599	0
10.2366	1.24522	0.315294	10.2366	1.24522	0
11.2987	1.25208	0.326172	11.2987	1.25208	0
-11.449	1.25495	0.314982	-11.449	1.25495	0
-10.3723	1.2149	0.308867	-10.3723	1.2149	0
-9.39102	1.2743	0.326237	-9.39102	1.2743	0
-8.3819	1.22874	0.321137	-8.3819	1.22874	0
-7.37981	1.26843	0.311394	-7.37981	1.26843	0
-6.34044	1.29872	0.320964	-6.34044	1.29872	0
-5.22957	1.26665	0.327598	-5.22957	1.26665	0
-4.24228	1.35367	0.317197	-4.24228	1.35367	0
-3.21461	1.30672	0.306228	-3.21461	1.30672	0
-2.13936	1.28791	0.315257	-2.13936	1.28791	0
-1.14226	1.36472	0.334147	-1.14226	1.36472	0
-0.0437426	2.37245	0.328003	-0.0437426	2.37245	0
0.914387	2.45797	0.306307	0.914387	2.45797	0
2.02031	2.4698	0.334298	2.02031	2.4698	0
3.00719	2.41717	0.34762	3.00719	2.41717	0
4.04878	2.40279	0.309339	4.04878	2.40279	0
5.06506	2.35972	0.318001	5.06506	2.35972	0
6.1296	2.32884	0.318972	6.1296	2.32884	0
7.19281	2.31443	0.30417	7.19281	2.31443	0
8.21442	2.30784	0.310401	8.21442	2.30784	0
9.26534	2.3297	0.2925	9.26534	2.3297	0
10.2514	2.27588	0.346183	10.2514	2.27588	0
11.3007	2.28983	0.32904	11.3007	2.28983	0
-11.502	2.29669	0.300863	-11.502	2.29669	0
-10.4501	2.34801	0.348616	-10.4501	2.34801	0
-9.38516	2.3173	0.2997	-9.38516	2.3173	0
-8.33392	2.28954	0.317636	-8.33392	2.28954	0
-7.31169	2.31854	0.342031	-7.31169	2.31854	0
-6.28797	2.32281	0.281576	-6.28797	2.32281	0
-5.26637	2.37054	0.346427	-5.26637	2.37054	0
-4.18126	2.42827	0.306207	-4.18126	2.42827	0
-3.16992	2.36617	0.280665	-3.16992	2.36617	0
-2.10132	2.3213	0.335553	-2.10132	2.3213	0
-1.07091	2.36978	0.335581	-1.07091	2.36978	0
-0.0574539	3.3802	0.330538	-0.0574539	3.3802	0
0.927274	3.49302	0.332147	0.927274	3.49302	0
2.01291	3.44788	0.295433	2.01291	3.44788	0
3.01932	3.49667	0.322725	3.01932	3.49667	0
4.10818	3.39068	0.314352	4.10818	3.39068	0
5.08151	3.41015	0.316596	5.08151	3.41015	0
6.1189	3.34516	0.311855	6.1189	3.34516	0
7.15052	3.37363	0.342126	7.15052	3.37363	0
8.24235	3.31841	0.334811	8.24235	3.31841	0
9.23159	3.32031	0.302221	9.23159	3.32031	0
10.291	3.3489	0.297003	10.291	3.3489	0
11.3218	3.33301	0.29567	11.3218	3.33301	0
-11.4769	3.3527	0.313232	-11.4769	3.3527	0
-10.4858	3.35134	0.320512	-10.4858	3.35134	0
-9.40138	3.35191	0.317823	-9.40138	3.35191	0
-8.44124	3.32758	0.338073	-8.44124	3.32758	0
-7.39471	3.3791	0.306647	-7.39471	3.3791	0
-6.32006	3.35681	0.313748	-6.32006	3.35681	0
-5.27359	3.34006	0.302312	-5.27359	3.34006	0
-4.20592	3.37036	0.322526	-4.20592	3.37036	0
-3.12254	3.35476	0.334445	-3.12254	3.35476	0
-2.11882	3.30221	0.332148	-2.11882	3.30221	0
-1.07968	3.41766	0.346996	-1.07968	3.41766	0
-0.129606	4.38373	0.315201	-0.129606	4.38373	0
1.00768	4.44736	0.318677	1.00768	4.44736	0
1.96082	4.52107	0.302179	1.96082	4.52107	0
3.04241	4.4823	0.333782	3.04241	4.4823	0
4.05932	4.46283	0.333468	4.05932	4.46283	0
5.1185	4.40488	0.316213	5.1185	4.40488	0
6.13227	4.41977	0.309336	6.13227	4.41977	0
7.21724	4.44724	0.307995	7.21724	4.44724	0
8.17202	4.3838	0.335896	8.17202	4.3838	0
9.23535	4.3174	0.321057	9.23535	4.3174	0
10.3075	4.39643	0.320787	10.3075	4.39643	0
11.2839	4.39788	0.339997	11.2839	4.39788	0
-11.4561	4.42757	0.303491	-11.4561	4.42757	0
-10.4228	4.44439	0.33841	-10.4228	4.44439	0
-9.41738	4.40498	0.313074	-9.41738	4.40498	0
-8.44914	4.40901	0.32436	-8.44914	4.40901	0
-7.34683	4.40661	0.331659	-7.34683	4.40661	0
-6.34117	4.40447	0.324821	-6.34117	4.40447	0
-5.2807	4.35811	0.308623	-5.2807	4.35811	0
-4.21964	4.39057	0.328038	-4.21964	4.39057	0
-3.17037	4.37357	0.317236	-3.17037	4.37357	0
-2.14035	4.35749	0.285138	-2.14035	4.35749	0
-1.16925	4.43685	0.330235	-1.16925	4.43685	0
-0.0620108	5.42945	0.340098	-0.0620108	5.42945	0
0.984606	5.49063	0.320952	0.984606	5.49063	0
2.01318	5.51562	0.31032	2.01318	5.51562	0
3.00333	5.48086	0.320165	3.00333	5.48086	0
4.05077	5.47968	0.31238	4.05077	5.47968	0
5.15189	5.45136	0.317288	5.15189	5.45136	0
6.10586	5.40179	0.321001	6.10586	5.40179	0
7.1858	5.47418	0.342729	7.1858	5.47418	0
8.20924	5.40753	0.278149	8.20924	5.40753	0
9.16671	5.44336	0.312489	9.16671	5.44336	0
10.1901	5.40766	0.322021	10.1901	5.40766	0
11.2238	5.42955	0.289576	11.2238	5.42955	0
-11.4998	5.41279	0.343686	-11.4998	5.41279	0
-10.4737	5.4477	0.310882	-10.4737	5.4477	0
-9.41724	5.4529	0.319791	-9.41724	5.4529	0
-8.39397	5.46034	0.342648	-8.39397	5.46034	0
-7.39197	5.3576	0.309711	-7.39197	5.3576	0
-6.29681	5.4052	0.299512	-6.29681	5.4052	0
-5.30856	5.38418	0.320632	-5.30856	5.38418	0
-4.17144	5.40015	0.357143	-4.17144	5.40015	0
-3.20511	5.4133	0.320282	-3.20511	5.4133	0
-2.12599	5.42562	0.3289	-2.12599	5.42562	0
-1.14178	5.48402	0.299078	-1.14178	5.48402	0
-0.0767436	6.49562	0.303909	-0.0767436	6.49562	0
0.94339	6.50731	0.334526	0.94339	6.50731	0
2.00079	6.4853	0.316258	2.00079	6.4853	0
3.00641	6.50529	0.301834	3.00641	6.50529	0
4.09694	6.5138	0.336871	4.09694	6.5138	0
5.06449	6.5941	0.31854	5.06449	6.5941	0
6.12382	6.5238	0.3199	6.12382	6.5238	0
7.14455	6.46464	0.308863	7.14455	6.46464	0
8.15734	6.41264	0.297723	8.15734	6.41264	0
9.22284	6.45388	0.325117	9.22284	6.45388	0
10.258	6.44561	0.332984	10.258	6.44561	0
11.2646	6.45479	0.320689	11.2646	6.45479	0
-11.4955	6.40652	0.329374	-11.4955	6.40652	0
-10.4286	6.46254	0.318253	-10.4286	6.46254	0
-9.43995	6.4909	0.303309	-9.43995	6.4909	0
-8.41486	6.50968	0.320597	-8.41486	6.50968	0
-7.37659	6.3894	0.327025	-7.37659	6.3894	0
-6.27937	6.4006	0.32857	-6.27937	6.4006	0
-5.25601	6.4552	0.275899	-5.25601	6.4552	0
-4.23475	6.43163	0.318173	-4.23475	6.43163	0
-3.21392	6.41882	0.3112	-3.21392	6.41882	0
-2.20191	6.46777	0.290396	-2.20191	6.46777	0
-1.17614	6.50605	0.336098	-1.17614	6.50605	0
-0.0375164	7.50481	0.327692	-0.0375164	7.50481	0
1.00399	7.50496	0.299868	1.00399	7.50496	0
2.04962	7.47453	0.322162	2.04962	7.47453	0
3.01441	7.52345	0.307563	3.01441	7.52345	0
4.06209	7.4949	0.332613	4.06209	7.4949	0
5.11401	7.57518	0.294756	5.11401	7.57518	0
6.11728	7.53025	0.298303	6.11728	7.53025	0
7.11753	7.51396	0.323326	7.11753	7.51396	0
8.17573	7.42325	0.311331	8.17573	7.42325	0
9.21728	7.49205	0.311747	9.21728	7.49205	0
10.2192	7.54216	0.299501	10.2192	7.54216	0
11.2417	7.46548	0.305403	11.2417	7.46548	0
-11.5042	7.40266	0.315316	-11.5042	7.40266	0
-10.4692	7.44906	0.277625	-10.4692	7.44906	0
-9.42707	7.4909	0.32877	-9.42707	7.4909	0
-8.34012	7.53875	0.334619	-8.34012	7.53875	0
-7.28716	7.37799	0.321107	-7.28716	7.37799	0
-6.30075	7.49987	0.330165	-6.30075	7.49987	0
-5.26422	7.51288	0.307162	-5.26422	7.51288	0
-4.23872	7.46777	0.330174	-4.23872	7.46777	0
-3.21592	7.48375	0.312437	-3.21592	7.48375	0
-2.14608	7.51738	0.338883	-2.14608	7.51738	0
-1.1087	7.5192	0.314584	-1.1087	7.5192	0
-0.0911007	8.52935	0.336553	-0.0911007	8.52935	0
0.991546	8.4966	0.300778	0.991546	8.4966	0
2.02352	8.60962	0.332374	2.02352	8.60962	0
3.04252	8.60014	0.30871	3.04252	8.60014	0
4.06577	8.56686	0.329365	4.06577	8.56686	0
5.09202	8.58653	0.317592	5.09202	8.58653	0
6.15986	8.55879	0.294357	6.15986	8.55879	0
7.20006	8.5387	0.315937	7.20006	8.5387	0
8.18322	8.534	0.325543	8.18322	8.534	0
9.26025	8.52337	0.319494	9.26025	8.52337	0
10.2493	8.60984	0.311383	10.2493	8.60984	0
11.2589	8.53495	0.313277	11.2589	8.53495	0
-11.491	8.51243	0.326177	-11.491	8.51243	0
-10.4965	8.4652	0.328488	-10.4965	8.4652	0
-9.39292	8.53443	0.31392	-9.39292	8.53443	0
-8.38035	8.51992	0.30007	-8.38035	8.51992	0
-7.32257	8.51208	0.301766	-7.32257	8.51208	0
-6.28757	8.59392	0.323196	-6.28757	8.59392	0
-5.25507	8.53268	0.28827	-5.25507	8.53268	0
-4.22761	8.50928	0.323852	-4.22761	8.50928	0
-3.1469	8.49487	0.313337	-3.1469	8.49487	0
-2.10097	8.52733	0.310613	-2.10097	8.52733	0
-1.10536	8.5337	0.33287	-1.10536	8.5337	0
-0.0760835	9.5831	0.329712	-0.0760835	9.5831	0
0.959011	9.58712	0.324015	0.959011	9.58712	0
1.98708	9.57762	0.33556	1.98708	9.57762	0
3.00319	9.56784	0.336693	3.00319	9.56784	0
4.06191	9.56903	0.337876	4.06191	9.56903	0
5.10789	9.65465	0.340059	5.10789	9.65465	0
6.09794	9.56414	0.336817	6.09794	9.56414	0
7.16863	9.56488	0.313349	7.16863	9.56488	0
8.18517	9.64553	0.326373	8.18517	9.64553	0
9.23489	9.56173	0.323479	9.23489	9.56173	0
10.2899	9.6043	0.338202	10.2899	9.6043	0
11.3446	9.58308	0.295119	11.3446	9.58308	0
-11.4479	9.56869	0.314959	-11.4479	9.56869	0
-10.4349	9.55902	0.315808	-10.4349	9.55902	0
-9.40458	9.539	0.302862	-9.40458	9.539	0
-8.33097	9.57748	0.317773	-8.33097	9.57748	0
-7.32331	9.58724	0.327249	-7.32331	9.58724	0
-6.29734	9.59053	0.307077	-6.29734	9.59053	0
-5.25468	9.60202	0.312078	-5.25468	9.60202	0
-4.18114	9.60084	0.301997	-4.18114	9.60084	0
-3.18869	9.52306	0.329047	-3.18869	9.52306	0
-2.13231	9.55618	0.312263	-2.13231	9.55618	0
-1.07276	9.50345	0.319648	-1.07276	9.50345	0
-0.0605943	10.5835	0.306171	-0.0605943	10.5835	0
0.997032	10.6038	0.311821	0.997032	10.6038	0
2.03448	10.6432	0.311512	2.03448	10.6432	0
3.06492	10.605	0.309089	3.06492	10.605	0
4.1346	10.662	0.330837	4.1346	10.662	0
5.14243	10.6843	0.299705	5.14243	10.6843	0
6.14966	10.6329	0.339818	6.14966	10.6329	0
7.15834	10.6068	0.339974	7.15834	10.6068	0
8.18612	10.6201	0.338367	8.18612	10.6201	0
9.25283	10.6438	0.329243	9.25283	10.6438	0
10.3082	10.6253	0.318077	10.3082	10.6253	0
11.3392	10.6341	0.296971	11.3392	10.6341	0
-11.4474	10.6346	0.316526	-11.4474	10.6346	0
-10.4368	10.5937	0.348729	-10.4368	10.5937	0
-9.42632	10.5412	0.306407	-9.42632	10.5412	0
-8.3836	10.543	0.285629	-8.3836	10.543	0
-7.37146	10.5924	0.324943	-7.37146	10.5924	0
-6.28127	10.6113	0.303298	-6.28127	10.6113	0
-5.20893	10.6346	0.302084	-5.20893	10.6346	0
-4.16753	10.6263	0.335057	-4.16753	10.6263	0
-3.10937	10.5492	0.344495	-3.10937	10.5492	0
-2.09183	10.5619	0.323726	-2.09183	10.5619	0
-1.10843	10.6032	0.313492	-1.10843	10.6032	0
-0.145018	11.6375	0.330639	-0.145018	11.6375	0
0.910808	11.6637	0.310564	0.910808	11.6637	0
1.95589	11.681	0.329818	1.95589	11.681	0
3.05627	11.6156	0.337335	3.05627	11.6156	0
4.10024	11.6754	0.292799	4.10024	11.6754	0
5.08078	11.6853	0.319323	5.08078	11.6853	0
6.21509	11.6445	0.327102	6.21509	11.6445	0
7.16958	11.6611	0.301254	7.16958	11.6611	0
8.22581	11.6616	0.315895	8.22581	11.6616	0
9.26337	11.6797	0.313235	9.26337	11.6797	0
10.2978	11.7116	0.341232	10.2978	11.7116	0
11.3643	11.6213	0.308107	11.3643	11.6213	0
-11.4065	11.6318	0.322505	-11.4065	11.6318	0
-10.3757	11.6841	0.31467	-10.3757	11.6841	0
-9.34273	11.6003	0.319308	-9.34273	11.6003	0
-8.36337	11.6341	0.302505	-8.36337	11.6341	0
-7.26575	11.6219	0.327131	-7.26575	11.6219	0
-6.26517	11.5608	0.298103	-6.26517	11.5608	0
-5.23852	11.6576	0.316723	-5.23852	11.6576	0
-4.20563	11.6016	0.30326	-4.20563	11.6016	0
-3.24382	11.6408	0.332423	-3.24382	11.6408	0
-2.12222	11.6751	0.320215	-2.12222	11.6751	0
-1.12871	11.6301	0.323634	-1.12871	11.6301	0
-0.105109	-11.1259	0.285176	-0.105109	-11.1259	0
0.934887	-11.1314	0.341936	0.934887	-11.1314	0
2.02287	-11.0853	0.315473	2.02287	-11.0853	0
3.0553	-11.167	0.302366	3.0553	-11.167	0
4.11929	-11.0702	0.357135	4.11929	-11.0702	0
5.15908	-11.1059	0.298633	5.15908	-11.1059	0
6.2013	-11.0909	0.310249	6.2013	-11.0909	0
7.215	-11.0956	0.350997	7.215	-11.0956	0
8.24466	-11.0761	0.301862	8.24466	-11.0761	0
9.26707	-11.161	0.322025	9.26707	-11.161	0
10.272	-11.06	0.313494	10.272	-11.06	0
11.3659	-11.0887	0.290093	11.3659	-11.0887	0
-11.4385	-11.1188	0.321142	-11.4385	-11.1188	0
-10.4538	-11.1194	0.328325	-10.4538	-11.1194	0
-9.36374	-11.1698	0.294108	-9.36374	-11.1698	0
-8.34973	-11.1611	0.365565	-8.34973	-11.1611	0
-7.29338	-11.1483	0.310301	-7.29338	-11.1483	0
-6.2767	-11.1164	0.327015	-6.2767	-11.1164	0
-5.28023	-11.1074	0.299188	-5.28023	-11.1074	0
-4.1963	-11.1142	0.324959	-4.1963	-11.1142	0
-3.13005	-11.147	0.317455	-3.13005	-11.147	0
-2.13893	-11.1248	0.281581	-2.13893	-11.1248	0
-1.1326	-11.0645	0.321936	-1.1326	-11.0645	0
-0.0652779	-10.0511	0.297985	-0.0652779	-10.0511	0
0.944694	-10.1258	0.325364	0.944694	-10.1258	0
2.03175	-10.1014	0.337988	2.03175	-10.1014	0
3.04592	-10.0656	0.3194	3.04592	-10.0656	0
4.07115	-10.0555	0.320056	4.07115	-10.0555	0
5.11945	-10.0557	0.343762	5.11945	-10.0557	0
6.12873	-10.0231	0.334929	6.12873	-10.0231	0
7.20341	-10.0709	0.320094	7.20341	-10.0709	0
8.19101	-10.0695	0.327388	8.19101	-10.0695	0
9.2464	-10.1047	0.333432	9.2464	-10.1047	0
10.2266	-10.0649	0.28843	10.2266	-10.0649	0
11.3202	-10.0265	0.328308	11.3202	-10.0265	0
-11.4705	-10.1141	0.321592	-11.4705	-10.1141	0
-10.481	-10.0852	0.333422	-10.481	-10.0852	0
-9.41185	-10.1555	0.314385	-9.41185	-10.1555	0
-8.31697	-10.1664	0.325437	-8.31697	-10.1664	0
-7.34057	-10.1438	0.30895	-7.34057	-10.1438	0
-6.30092	-10.0668	0.327896	-6.30092	-10.0668	0
-5.28098	-10.0858	0.316785	-5.28098	-10.0858	0
-4.20517	-10.1075	0.344837	-4.20517	-10.1075	0
-3.21619	-10.1559	0.337359	-3.21619	-10.1559	0
-2.18763	-10.0699	0.317761	-2.18763	-10.0699	0
-1.13686	-10.1195	0.33655	-1.13686	-10.1195	0
-0.0956124	-9.07111	0.317319	-0.0956124	-9.07111	0
0.927087	-9.03302	0.319351	0.927087	-9.03302	0
1.95032	-9.08063	0.300665	1.95032	-9.08063	0
3.01021	-9.06359	0.328243	3.01021	-9.06359	0
4.05569	-9.05141	0.299103	4.05569	-9.05141	0
5.09206	-9.029	0.345041	5.09206	-9.029	0
6.12774	-9.06161	0.32532	6.12774	-9.06161	0
7.19719	-8.98221	0.329075	7.19719	-8.98221	0
8.25759	-9.01692	0.323155	8.25759	-9.01692	0
9.19762	-9.10388	0.321066	9.19762	-9.10388	0
10.2045	-9.01329	0.323086	10.2045	-9.01329	0
11.2681	-9.03108	0.332607	11.2681	-9.03108	0
-11.4358	-9.05234	0.312996	-11.4358	-9.05234	0
-10.4431	-9.04093	0.303549	-10.4431	-9.04093	0
-9.37881	-9.0903	0.301875	-9.37881	-9.0903	0
-8.37428	-9.1188	0.302703	-8.37428	-9.1188	0
-7.29763	-9.05407	0.344339	-7.29763	-9.05407	0
-6.27755	-9.04367	0.335027	-6.27755	-9.04367	0
-5.25614	-9.0871	0.30473	-5.25614	-9.0871	0
-4.23488	-8.97421	0.332287	-4.23488	-8.97421	0
-3.22407	-9.05462	0.312354	-3.22407	-9.05462	0
-2.19242	-9.0505	0.324585	-2.19242	-9.0505	0
-1.07211	-9.06949	0.333002	-1.07211	-9.06949	0
-0.0388103	-7.96136	0.313779	-0.0388103	-7.96136	0
0.95215	-8.01884	0.291683	0.95215	-8.01884	0
1.97611	-8.11009	0.313228	1.97611	-8.11009	0
3.01119	-8.05222	0.304572	3.01119	-8.05222	0
4.06903	-8.04637	0.337077	4.06903	-8.04637	0
5.07891	-7.98261	0.321593	5.07891	-7.98261	0
6.12024	-8.00808	0.353296	6.12024	-8.00808	0
7.12197	-8.04401	0.31451	7.12197	-8.04401	0
8.17016	-7.98262	0.330408	8.17016	-7.98262	0
9.20443	-7.98149	0.304037	9.20443	-7.98149	0
10.2494	-7.96137	0.332045	10.2494	-7.96137	0
11.2814	-8.04423	0.304234	11.2814	-8.04423	0
-11.4816	-8.04127	0.320384	-11.4816	-8.04127	0
-10.4438	-8.0045	0.317714	-10.4438	-8.0045	0
-9.38204	-8.06717	0.353086	-9.38204	-8.06717	0
-8.3451	-8.06606	0.345757	-8.3451	-8.06606	0
-7.3889	-8.0501	0.304227	-7.3889	-8.0501	0
-6.34792	-8.03596	0.301088	-6.34792	-8.03596	0
-5.25858	-8.08199	0.341238	-5.25858	-8.08199	0
-4.23347	-7.99165	0.350854	-4.23347	-7.99165	0
-3.24681	-8.05208	0.304443	-3.24681	-8.05208	0
-2.13305	-8.02473	0.314349	-2.13305	-8.02473	0
-1.07622	-7.98717	0.315047	-1.07622	-7.98717	0
0.0349807	-6.92848	0.333609	0.0349807	-6.92848	0
1.01962	-6.95877	0.332624	1.01962	-6.95877	0
2.04158	-6.9986	0.314241	2.04158	-6.9986	0
3.03189	-7.01074	0.319019	3.03189	-7.01074	0
4.05813	-7.02734	0.292946	4.05813	-7.02734	0
5.10791	-6.98377	0.302376	5.10791	-6.98377	0
6.13364	-6.96107	0.310637	6.13364	-6.96107	0
7.18106	-7.04758	0.327472	7.18106	-7.04758	0
8.19457	-7.0035	0.302831	8.19457	-7.0035	0
9.20255	-6.962	0.311255	9.20255	-6.962	0
10.2038	-6.93875	0.330982	10.2038	-6.93875	0
11.2452	-7.09513	0.346517	11.2452	-7.09513	0
-11.5014	-7.04864	0.326943	-11.5014	-7.04864	0
-10.4537	-6.96807	0.309774	-10.4537	-6.96807	0
-9.37606	-6.98524	0.334524	-9.37606	-6.98524	0
-8.32401	-6.9671	0.302433	-8.32401	-6.9671	0
-7.32309	-6.98917	0.33421	-7.32309	-6.98917	0
-6.27345	-6.96954	0.304686	-6.27345	-6.96954	0
-5.19121	-6.99562	0.328549	-5.19121	-6.99562	0
-4.21142	-7.0115	0.324049	-4.21142	-7.0115	0
-3.16354	-7.00384	0.29561	-3.16354	-7.00384	0
-2.15557	-7.02882	0.30594	-2.15557	-7.02882	0
-1.03865	-6.92534	0.360784	-1.03865	-6.92534	0
-0.016168	-5.89455	0.298749	-0.016168	-5.89455	0
1.01526	-5.89308	0.312948	1.01526	-5.89308	0
2.07626	-5.86826	0.329223	2.07626	-5.86826	0
3.06402	-5.85654	0.349597	3.06402	-5.85654	0
4.12514	-6.00471	0.345549	4.12514	-6.00471	0
5.10339	-5.93978	0.326837	5.10339	-5.93978	0
6.1723	-5.96482	0.323337	6.1723	-5.96482	0
7.17548	-5.94442	0.316568	7.17548	-5.94442	0
8.18793	-5.96942	0.340168	8.18793	-5.96942	0
9.18111	-5.98731	0.35713	9.18111	-5.98731	0
10.2494	-5.93339	0.334777	10.2494	-5.93339	0
11.2819	-5.99032	0.327551	11.2819	-5.99032	0
-11.4721	-5.98718	0.312471	-11.4721	-5.98718	0
-10.4098	-5.94946	0.299419	-10.4098	-5.94946	0
-9.37238	-6.00797	0.309457	-9.37238	-6.00797	0
-8.34285	-5.95396	0.321927	-8.34285	-5.95396	0
-7.32965	-5.97728	0.33554	-7.32965	-5.97728	0
-6.2665	-5.94696	0.319856	-6.2665	-5.94696	0
-5.20818	-5.98958	0.319256	-5.20818	-5.98958	0
-4.19607	-5.95365	0.324257	-4.19607	-5.95365	0
-3.15761	-5.96542	0.315288	-3.15761	-5.96542	0
-2.15836	-5.98084	0.304016	-2.15836	-5.98084	0
-1.0941	-5.89342	0.319723	-1.0941	-5.89342	0
0.0188749	-4.89201	0.341874	0.0188749	-4.89201	0
1.00309	-4.86293	0.322037	1.00309	-4.86293	0
2.02505	-4.86648	0.331137	2.02505	-4.86648	0
3.05303	-4.84546	0.317373	3.05303	-4.84546	0
4.09414	-4.90391	0.290592	4.09414	-4.90391	0
5.10406	-4.93549	0.319555	5.10406	-4.93549	0
6.1064	-4.90175	0.290443	6.1064	-4.90175	0
7.16324	-4.97132	0.297649	7.16324	-4.97132	0
8.22866	-4.88251	0.331322	8.22866	-4.88251	0
9.20284	-4.94117	0.332937	9.20284	-4.94117	0
10.3226	-4.90201	0.307682	10.3226	-4.90201	0
11.3451	-4.98692	0.316558	11.3451	-4.98692	0
-11.4212	-4.94153	0.316601	-11.4212	-4.94153	0
-10.3475	-4.90309	0.324366	-10.3475	-4.90309	0
-9.31752	-4.96102	0.349801	-9.31752	-4.96102	0
-8.28956	-4.92389	0.333873	-8.28956	-4.92389	0
-7.23045	-4.90439	0.332975	-7.23045	-4.90439	0
-6.22432	-4.90087	0.297415	-6.22432	-4.90087	0
-5.22522	-4.94159	0.291589	-5.22522	-4.94159	0
-4.18423	-4.92243	0.331869	-4.18423	-4.92243	0
-3.15118	-4.90506	0.304303	-3.15118	-4.90506	0
-2.16489	-4.91862	0.328772	-2.16489	-4.91862	0
-1.07223	-4.83935	0.302736	-1.07223	-4.83935	0
-0.0455636	-3.84101	0.319396	-0.0455636	-3.84101	0
1.02616	-3.83938	0.306798	1.02616	-3.83938	0
1.98415	-3.84572	0.289178	1.98415	-3.84572	0
3.01071	-3.85089	0.303524	3.01071	-3.85089	0
4.00791	-3.83543	0.314947	4.00791	-3.83543	0
5.05991	-3.84273	0.312045	5.05991	-3.84273	0
6.07225	-3.89239	0.310886	6.07225	-3.89239	0
7.12521	-3.86578	0.305235	7.12521	-3.86578	0
8.14643	-3.84841	0.348067	8.14643	-3.84841	0
9.23261	-3.87014	0.311673	9.23261	-3.87014	0
10.3078	-3.91884	0.315993	10.3078	-3.91884	0
11.3235	-3.93412	0.304971	11.3235	-3.93412	0
-11.4284	-3.95144	0.317735	-11.4284	-3.95144	0
-10.3932	-3.92196	0.31792	-10.3932	-3.92196	0
-9.40626	-3.91468	0.31162	-9.40626	-3.91468	0
-8.31725	-3.94078	0.319933	-8.31725	-3.94078	0
-7.26535	-3.88184	0.307376	-7.26535	-3.88184	0
-6.23679	-3.88504	0.285548	-6.23679	-3.88504	0
-5.2281	-3.85333	0.32502	-5.2281	-3.85333	0
-4.20389	-3.84348	0.329798	-4.20389	-3.84348	0
-3.21493	-3.89016	0.3451	-3.21493	-3.89016	0
-2.14395	-3.9072	0.326686	-2.14395	-3.9072	0
-1.13868	-3.85754	0.323727	-1.13868	-3.85754	0
-0.115496	-2.83144	0.336874	-0.115496	-2.83144	0
0.920272	-2.83633	0.324525	0.920272	-2.83633	0
2.02332	-2.76165	0.312498	2.02332	-2.76165	0
3.07802	-2.79298	0.337322	3.07802	-2.79298	0
4.08382	-2.87158	0.317132	4.08382	-2.87158	0
5.12572	-2.86108	0.298624	5.12572	-2.86108	0
6.19233	-2.88492	0.30993	6.19233	-2.88492	0
7.20762	-2.84174	0.318003	7.20762	-2.84174	0
8.22885	-2.87721	0.297067	8.22885	-2.87721	0
9.30283	-2.8419	0.330394	9.30283	-2.8419	0
10.305	-2.91547	0.315162	10.305	-2.91547	0
11.3524	-2.9086	0.340265	11.3524	-2.9086	0
-11.3938	-2.90669	0.301425	-11.3938	-2.90669	0
-10.3947	-2.91135	0.306983	-10.3947	-2.91135	0
-9.36909	-2.88656	0.308909	-9.36909	-2.88656	0
-8.30912	-2.89633	0.31327	-8.30912	-2.89633	0
-7.30592	-2.8564	0.324891	-7.30592	-2.8564	0
-6.25109	-2.84096	0.335784	-6.25109	-2.84096	0
-5.29778	-2.85926	0.319328	-5.29778	-2.85926	0
-4.17344	-2.85448	0.316331	-4.17344	-2.85448	0
-3.12822	-2.8425	0.326579	-3.12822	-2.8425	0
-2.13869	-2.84515	0.327062	-2.13869	-2.84515	0
-1.13977	-2.82398	0.313477	-1.13977	-2.82398	0
-0.0565613	-1.69436	0.323183	-0.0565613	-1.69436	0
0.971079	-1.74577	0.333619	0.971079	-1.74577	0
1.94358	-1.71036	0.323951	1.94358	-1.71036	0
3.03698	-1.73707	0.314535	3.03698	-1.73707	0
4.04648	-1.78001	0.340404	4.04648	-1.78001	0
5.11984	-1.84446	0.325944	5.11984	-1.84446	0
6.19318	-1.83085	0.352865	6.19318	-1.83085	0
7.19591	-1.82984	0.327076	7.19591	-1.82984	0
8.20717	-1.84166	0.313259	8.20717	-1.84166	0
9.26687	-1.81271	0.337786	9.26687	-1.81271	0
10.2505	-1.89285	0.32757	10.2505	-1.89285	0
11.2905	-1.87278	0.296549	11.2905	-1.87278	0
-11.457	-1.85068	0.313687	-11.457	-1.85068	0
-10.3737	-1.85027	0.323234	-10.3737	-1.85027	0
-9.38164	-1.89987	0.302281	-9.38164	-1.89987	0
-8.36529	-1.86789	0.307937	-8.36529	-1.86789	0
-7.34567	-1.74333	0.304464	-7.34567	-1.74333	0
-6.2684	-1.77901	0.324327	-6.2684	-1.77901	0
-5.21142	-1.84675	0.335014	-5.21142	-1.84675	0
-4.1497	-1.86986	0.321371	-4.1497	-1.86986	0
-3.16193	-1.76868	0.300841	-3.16193	-1.76868	0
-2.14768	-1.77387	0.308903	-2.14768	-1.77387	0
-1.14106	-1.82373	0.315255	-1.14106	-1.82373	0
-0.114185	-0.71251	0.342452	-0.114185	-0.71251	0
0.962977	-0.72609	0.303237	0.962977	-0.72609	0
1.99199	-0.686384	0.330832	1.99199	-0.686384	0
2.97138	-0.723999	0.337514	2.97138	-0.723999	0
4.02478	-0.729962	0.332358	4.02478	-0.729962	0
5.05531	-0.815503	0.314702	5.05531	-0.815503	0
6.04541	-0.845893	0.332827	6.04541	-0.845893	0
7.13162	-0.816371	0.308392	7.13162	-0.816371	0
8.18338	-0.768921	0.311266	8.18338	-0.768921	0
9.26667	-0.790985	0.311119	9.26667	-0.790985	0
10.2465	-0.816481	0.35391	10.2465	-0.816481	0
11.3046	-0.899925	0.325408	11.3046	-0.899925	0
-11.4594	-0.844298	0.338587	-11.4594	-0.844298	0
-10.4097	-0.856822	0.33162	-10.4097	-0.856822	0
-9.2967	-0.870797	0.354577	-9.2967	-0.870797	0
-8.33196	-0.782553	0.323847	-8.33196	-0.782553	0
-7.28229	-0.713777	0.289665	-7.28229	-0.713777	0
-6.25635	-0.803882	0.339224	-6.25635	-0.803882	0
-5.24797	-0.788237	0.319421	-5.24797	-0.788237	0
-4.19674	-0.731133	0.349029	-4.19674	-0.731133	0
-3.16783	-0.766563	0.303646	-3.16783	-0.766563	0
-2.18562	-0.740169	0.308562	-2.18562	-0.740169	0
-1.13355	-0.801098	0.334403	-1.13355	-0.801098	0
