-0.806447	-0.146972	-0.332912	-0.806447	-0.146972	0
0.272725	-0.157402	-0.28106	0.272725	-0.157402	0
1.24542	-0.162973	-0.315335	1.24542	-0.162973	0
2.24998	-0.168761	-0.344191	2.24998	-0.168761	0
3.30041	-0.123698	-0.319244	3.30041	-0.123698	0
4.32492	-0.139888	-0.332983	4.32492	-0.139888	0
5.36628	-0.138839	-0.302769	5.36628	-0.138839	0
6.4153	-0.163755	-0.333474	6.4153	-0.163755	0
7.45535	-0.141368	-0.292587	7.45535	-0.141368	0
8.47205	-0.176235	-0.338448	8.47205	-0.176235	0
9.51593	-0.0970698	-0.286134	9.51593	-0.0970698	0
10.5295	-0.166201	-0.329469	10.5295	-0.166201	0
11.5747	-0.15752	-0.313974	11.5747	-0.15752	0
-11.2173	-0.18242	-0.338267	-11.2173	-0.18242	0
-10.1857	-0.156852	-0.319367	-10.1857	-0.156852	0
-9.17713	-0.122397	-0.308965	-9.17713	-0.122397	0
-8.16821	-0.161757	-0.302307	-8.16821	-0.161757	0
-7.11478	-0.0881566	-0.309477	-7.11478	-0.0881566	0
-6.06029	-0.129622	-0.27873	-6.06029	-0.129622	0
-5.03474	-0.1051	-0.306889	-5.03474	-0.1051	0
-3.9546	-0.0546706	-0.327568	-3.9546	-0.0546706	0
-2.93436	-0.168534	-0.298276	-2.93436	-0.168534	0
-1.86575	-0.130842	-0.291314	-1.86575	-0.130842	0
-0.808959	0.885663	-0.327601	-0.808959	0.885663	0
0.201236	0.832955	-0.324934	0.201236	0.832955	0
1.21292	0.844448	-0.325426	1.21292	0.844448	0
2.22714	0.830369	-0.325372	2.22714	0.830369	0
3.30334	0.828211	-0.333507	3.30334	0.828211	0
4.39248	0.876202	-0.339968	4.39248	0.876202	0
5.40484	0.868626	-0.298568	5.40484	0.868626	0
6.39335	0.847469	-0.321103	6.39335	0.847469	0
7.46595	0.833777	-0.301975	7.46595	0.833777	0
8.44261	0.906039	-0.316296	8.44261	0.906039	0
9.50333	0.871837	-0.34107	9.50333	0.871837	0
10.5373	0.988241	-0.320518	10.5373	0.988241	0
11.5464	0.893257	-0.333333	11.5464	0.893257	0
-11.2392	0.91697	-0.328542	-11.2392	0.91697	0
-10.1843	0.866198	-0.303192	-10.1843	0.866198	0
-9.17764	0.869361	-0.327271	-9.17764	0.869361	0
-8.13121	0.883183	-0.310783	-8.13121	0.883183	0
-7.08905	0.866228	-0.324931	-7.08905	0.866228	0
-5.99391	0.845073	-0.316294	-5.99391	0.845073	0
-4.98775	0.865331	-0.346517	-4.98775	0.865331	0
-3.9486	0.972539	-0.310897	-3.9486	0.972539	0
-2.92732	0.893825	-0.324705	-2.92732	0.893825	0
-1.90861	0.840602	-0.323958	-1.90861	0.840602	0
-0.830112	1.86467	-0.30534	-0.830112	1.86467	0
0.190445	1.8902	-0.319793	0.190445	1.8902	0
1.27027	1.86966	-0.32113	1.27027	1.86966	0
2.25179	1.85786	-0.318644	2.25179	1.85786	0
3.33577	1.87833	-0.316509	3.33577	1.87833	0
4.3445	1.88776	-0.280557	4.3445	1.88776	0
5.35911	1.92773	-0.299678	5.35911	1.92773	0
6.40003	1.90797	-0.322217	6.40003	1.90797	0
7.46043	1.91655	-0.306601	7.46043	1.91655	0
8.51501	1.91373	-0.322867	8.51501	1.91373	0
9.50534	1.93638	-0.328096	9.50534	1.93638	0
10.5915	1.98007	-0.321619	10.5915	1.98007	0
11.5937	1.90219	-0.31413	11.5937	1.90219	0
-11.1496	1.95216	-0.335614	-11.1496	1.95216	0
-10.1384	1.92879	-0.302079	-10.1384	1.92879	0
-9.1175	1.92767	-0.34594	-9.1175	1.92767	0
-8.10636	1.92608	-0.31445	-8.10636	1.92608	0
-7.04955	1.93172	-0.319652	-7.04955	1.93172	0
-6.04092	1.91936	-0.323014	-6.04092	1.91936	0
-5.01534	1.91615	-0.311872	-5.01534	1.91615	0
-3.9885	1.97837	-0.314429	-3.9885	1.97837	0
-2.93693	1.94108	-0.300672	-2.93693	1.94108	0
-1.87429	1.89698	-0.32859	-1.87429	1.89698	0
-0.819626	2.95032	-0.323377	-0.819626	2.95032	0
0.223076	2.91168	-0.273722	0.223076	2.91168	0
1.3139	2.92928	-0.331399	1.3139	2.92928	0
2.28352	2.92451	-0.322473	2.28352	2.92451	0
3.275	2.95049	-0.316297	3.275	2.95049	0
4.33765	3.00979	-0.355844	4.33765	3.00979	0
5.39661	3.011	-0.311434	5.39661	3.011	0
6.42255	2.91478	-0.322076	6.42255	2.91478	0
7.41642	2.95879	-0.328986	7.41642	2.95879	0
8.40719	3.0143	-0.339957	8.40719	3.0143	0
9.50641	2.93086	-0.301817	9.50641	2.93086	0
10.5666	2.97578	-0.306734	10.5666	2.97578	0
11.552	2.94532	-0.311303	11.552	2.94532	0
-11.1852	2.99302	-0.328319	-11.1852	2.99302	0
-10.1343	2.93451	-0.324191	-10.1343	2.93451	0
-9.17292	2.98494	-0.306156	-9.17292	2.98494	0
-8.08666	2.92091	-0.305194	-8.08666	2.92091	0
-7.07018	2.96482	-0.34742	-7.07018	2.96482	0
-6.00913	2.93554	-0.31721	-6.00913	2.93554	0
-5.02692	2.92561	-0.283263	-5.02692	2.92561	0
-3.90731	2.95006	-0.298532	-3.90731	2.95006	0
-2.90368	2.9445	-0.346191	-2.90368	2.9445	0
-1.84083	2.91829	-0.307238	-1.84083	2.91829	0
-0.827883	3.95944	-0.311174	-0.827883	3.95944	0
0.211856	3.87011	-0.345163	0.211856	3.87011	0
1.24064	3.95707	-0.315474	1.24064	3.95707	0
2.29506	4.00868	-0.302775	2.29506	4.00868	0
3.31858	3.93046	-0.309106	3.31858	3.93046	0
4.33887	3.9802	-0.318015	4.33887	3.9802	0
5.33601	4.06344	-0.300698	5.33601	4.06344	0
6.40008	3.95767	-0.349895	6.40008	3.95767	0
7.41542	4.00293	-0.319311	7.41542	4.00293	0
8.45599	4.06477	-0.317818	8.45599	4.06477	0
9.53666	3.99251	-0.337676	9.53666	3.99251	0
10.5327	3.97237	-0.310083	10.5327	3.97237	0
11.5566	3.99988	-0.299219	11.5566	3.99988	0
-11.2109	4.00936	-0.323369	-11.2109	4.00936	0
-10.199	3.96633	-0.369498	-10.199	3.96633	0
-9.14757	4.02812	-0.323933	-9.14757	4.02812	0
-8.14336	3.95813	-0.315699	-8.14336	3.95813	0
-7.05961	3.96626	-0.323149	-7.05961	3.96626	0
-6.05463	3.9642	-0.294674	-6.05463	3.9642	0
-5.02843	3.98597	-0.331113	-5.02843	3.98597	0
-3.90718	4.01787	-0.306499	-3.90718	4.01787	0
-2.90166	3.92647	-0.319504	-2.90166	3.92647	0
-1.89778	3.99483	-0.336653	-1.89778	3.99483	0
-0.816955	4.99374	-0.322245	-0.816955	4.99374	0
0.196165	4.95823	-0.300258	0.196165	4.95823	0
1.23054	5.03058	-0.303846	1.23054	5.03058	0
2.21875	4.99487	-0.3352	2.21875	4.99487	0
3.26418	4.99154	-0.32258	3.26418	4.99154	0
4.3439	5.07929	-0.33443	4.3439	5.07929	0
5.3708	5.11945	-0.332988	5.3708	5.11945	0
6.41045	5.02102	-0.314508	6.41045	5.02102	0
7.43902	5.01415	-0.331324	7.43902	5.01415	0
8.47016	5.05128	-0.294553	8.47016	5.05128	0
9.47945	4.99155	-0.338605	9.47945	4.99155	0
10.5524	5.01027	-0.311928	10.5524	5.01027	0
11.5505	5.03861	-0.318432	11.5505	5.03861	0
-11.2114	5.07068	-0.312115	-11.2114	5.07068	0
-10.1265	5.05634	-0.32579	-10.1265	5.05634	0
-9.09894	5.0294	-0.333209	-9.09894	5.0294	0
-8.09405	4.98953	-0.332014	-8.09405	4.98953	0
-7.07371	4.97201	-0.308203	-7.07371	4.97201	0
-6.03788	5.02287	-0.317235	-6.03788	5.02287	0
-4.95721	5.02005	-0.307718	-4.95721	5.02005	0
-3.9507	5.00561	-0.296348	-3.9507	5.00561	0
-2.91425	4.97364	-0.323796	-2.91425	4.97364	0
-1.89952	5.02933	-0.337575	-1.89952	5.02933	0
-0.845726	5.97815	-0.312294	-0.845726	5.97815	0
0.250061	6.01546	-0.319907	0.250061	6.01546	0
1.27051	6.0643	-0.308884	1.27051	6.0643	0
2.27421	5.97976	-0.323374	2.27421	5.97976	0
3.31244	6.06722	-0.308166	3.31244	6.06722	0
4.30848	6.11079	-0.290737	4.30848	6.11079	0
5.34978	6.08221	-0.311003	5.34978	6.08221	0
6.46635	6.01373	-0.334608	6.46635	6.01373	0
7.44596	6.07698	-0.28367	7.44596	6.07698	0
8.47028	6.03133	-0.336246	8.47028	6.03133	0
9.47715	6.07201	-0.288838	9.47715	6.07201	0
10.5506	6.00828	-0.274953	10.5506	6.00828	0
11.6125	6.04676	-0.331873	11.6125	6.04676	0
-11.1678	6.04773	-0.273941	-11.1678	6.04773	0
-10.1186	6.06998	-0.318783	-10.1186	6.06998	0
-9.08479	6.06764	-0.319183	-9.08479	6.06764	0
-8.02773	6.05812	-0.329382	-8.02773	6.05812	0
-6.99963	5.99686	-0.327324	-6.99963	5.99686	0
-5.96671	6.03176	-0.328032	-5.96671	6.03176	0
-4.96851	6.11002	-0.324237	-4.96851	6.11002	0
-3.91952	6.04302	-0.314606	-3.91952	6.04302	0
-2.8998	6.06341	-0.317411	-2.8998	6.06341	0
-1.89379	6.03284	-0.329064	-1.89379	6.03284	0
-0.832095	7.0199	-0.333427	-0.832095	7.0199	0
0.21726	7.08239	-0.31495	0.21726	7.08239	0
1.2722	7.07447	-0.326902	1.2722	7.07447	0
2.23804	7.07937	-0.323081	2.23804	7.07937	0
3.26266	7.09662	-0.318884	3.26266	7.09662	0
4.3238	7.12323	-0.343091	4.3238	7.12323	0
5.41116	7.08542	-0.30166	5.41116	7.08542	0
6.42926	7.06392	-0.342882	6.42926	7.06392	0
7.40073	7.09605	-0.325284	7.40073	7.09605	0
8.44025	7.09726	-0.327329	8.44025	7.09726	0
9.45392	7.09214	-0.321181	9.45392	7.09214	0
10.4849	7.08498	-0.323992	10.4849	7.08498	0
11.5612	7.07959	-0.311521	11.5612	7.07959	0
-11.1698	7.0658	-0.319642	-11.1698	7.0658	0
-10.0979	7.06887	-0.323427	-10.0979	7.06887	0
-9.03591	7.1014	-0.312681	-9.03591	7.1014	0
-8.02481	7.05366	-0.334784	-8.02481	7.05366	0
-7.04068	7.05465	-0.322943	-7.04068	7.05465	0
-6.01746	7.10654	-0.316569	-6.01746	7.10654	0
-4.92505	7.13535	-0.345683	-4.92505	7.13535	0
-3.96467	7.08072	-0.286699	-3.96467	7.08072	0
-2.91074	7.10191	-0.312023	-2.91074	7.10191	0
-1.83655	7.01412	-0.324363	-1.83655	7.01412	0
-0.888896	8.03969	-0.30196	-0.888896	8.03969	0
0.155259	8.12147	-0.292184	0.155259	8.12147	0
1.22094	8.08889	-0.307187	1.22094	8.08889	0
2.19401	8.10743	-0.307963	2.19401	8.10743	0
3.24817	8.15655	-0.338736	3.24817	8.15655	0
4.31911	8.15281	-0.285448	4.31911	8.15281	0
5.38181	8.08628	-0.317608	5.38181	8.08628	0
6.42588	8.12968	-0.311654	6.42588	8.12968	0
7.44694	8.1247	-0.344886	7.44694	8.1247	0
8.40673	8.12541	-0.314922	8.40673	8.12541	0
9.49728	8.1144	-0.300926	9.49728	8.1144	0
10.512	8.10071	-0.311671	10.512	8.10071	0
11.6174	8.06505	-0.31298	11.6174	8.06505	0
-11.1752	8.1829	-0.312815	-11.1752	8.1829	0
-10.0851	8.21582	-0.3135	-10.0851	8.21582	0
-9.07078	8.11742	-0.331768	-9.07078	8.11742	0
-8.0425	8.06908	-0.326262	-8.0425	8.06908	0
-7.06486	8.1235	-0.323821	-7.06486	8.1235	0
-6.08562	8.09727	-0.320444	-6.08562	8.09727	0
-4.98609	8.09758	-0.341864	-4.98609	8.09758	0
-3.94624	8.13717	-0.303388	-3.94624	8.13717	0
-2.89103	8.13177	-0.318617	-2.89103	8.13177	0
-1.82507	8.0048	-0.307224	-1.82507	8.0048	0
-0.830895	9.14633	-0.330505	-0.830895	9.14633	0
0.166076	9.10287	-0.328493	0.166076	9.10287	0
1.22063	9.17032	-0.319073	1.22063	9.17032	0
2.25394	9.16394	-0.322559	2.25394	9.16394	0
3.24341	9.18257	-0.334356	3.24341	9.18257	0
4.2686	9.17544	-0.310468	4.2686	9.17544	0
5.37455	9.154	-0.347594	5.37455	9.154	0
6.3694	9.20894	-0.329294	6.3694	9.20894	0
7.36244	9.18862	-0.331632	7.36244	9.18862	0
8.44977	9.15241	-0.31819	8.44977	9.15241	0
9.47938	9.18023	-0.321891	9.47938	9.18023	0
10.4841	9.13327	-0.295634	10.4841	9.13327	0
11.5568	9.13997	-0.317148	11.5568	9.13997	0
-11.2134	9.18282	-0.295308	-11.2134	9.18282	0
-10.1946	9.20002	-0.292628	-10.1946	9.20002	0
-9.06567	9.16723	-0.32256	-9.06567	9.16723	0
-8.08605	9.15493	-0.298732	-8.08605	9.15493	0
-6.98982	9.19032	-0.321064	-6.98982	9.19032	0
-5.96089	9.13875	-0.346956	-5.96089	9.13875	0
-4.9617	9.16088	-0.301613	-4.9617	9.16088	0
-3.84721	9.12454	-0.32835	-3.84721	9.12454	0
-2.86734	9.0996	-0.326602	-2.86734	9.0996	0
-1.8379	9.04455	-0.333568	-1.8379	9.04455	0
-0.864706	10.161	-0.328668	-0.864706	10.161	0
0.24594	10.1427	-0.331013	0.24594	10.1427	0
1.23174	10.172	-0.32908	1.23174	10.172	0
2.25706	10.234	-0.321401	2.25706	10.234	0
3.29933	10.2294	-0.31781	3.29933	10.2294	0
4.31772	10.2098	-0.322786	4.31772	10.2098	0
5.41756	10.197	-0.32209	5.41756	10.197	0
6.45388	10.229	-0.303148	6.45388	10.229	0
7.43304	10.166	-0.309726	7.43304	10.166	0
8.4426	10.1772	-0.271552	8.4426	10.1772	0
9.50693	10.1836	-0.358471	9.50693	10.1836	0
10.585	10.1908	-0.325498	10.585	10.1908	0
11.5437	10.2082	-0.302212	11.5437	10.2082	0
-11.1434	10.2957	-0.323915	-11.1434	10.2957	0
-10.1667	10.2146	-0.322607	-10.1667	10.2146	0
-9.05641	10.1737	-0.338958	-9.05641	10.1737	0
-7.98084	10.215	-0.330959	-7.98084	10.215	0
-6.96357	10.2246	-0.303909	-6.96357	10.2246	0
-5.92987	10.1916	-0.293856	-5.92987	10.1916	0
-4.92859	10.1557	-0.314719	-4.92859	10.1557	0
-3.97586	10.1769	-0.318315	-3.97586	10.1769	0
-2.94659	10.1136	-0.354793	-2.94659	10.1136	0
-1.88089	10.1027	-0.330582	-1.88089	10.1027	0
-0.769867	11.0685	-0.312784	-0.769867	11.0685	0
0.236517	11.2378	-0.332493	0.236517	11.2378	0
1.26952	11.219	-0.332865	1.26952	11.219	0
2.27213	11.25	-0.339245	2.27213	11.25	0
3.31288	11.2957	-0.33454	3.31288	11.2957	0
4.36316	11.2494	-0.314307	4.36316	11.2494	0
5.3847	11.2814	-0.331584	5.3847	11.2814	0
6.44313	11.2991	-0.314091	6.44313	11.2991	0
7.47925	11.293	-0.295499	7.47925	11.293	0
8.4834	11.2137	-0.32188	8.4834	11.2137	0
9.56903	11.1936	-0.324037	9.56903	11.1936	0
10.5962	11.2974	-0.315125	10.5962	11.2974	0
11.6576	11.3135	-0.325713	11.6576	11.3135	0
-11.1267	11.2737	-0.351547	-11.1267	11.2737	0
-10.056	11.2537	-0.332085	-10.056	11.2537	0
-9.09455	11.2633	-0.320488	-9.09455	11.2633	0
-8.02766	11.2078	-0.317698	-8.02766	11.2078	0
-6.95801	11.2492	-0.334255	-6.95801	11.2492	0
-5.92982	11.2327	-0.331361	-5.92982	11.2327	0
-4.88861	11.1958	-0.34395	-4.88861	11.1958	0
-3.91385	11.1647	-0.317763	-3.91385	11.1647	0
-2.83801	11.1506	-0.324613	-2.83801	11.1506	0
-1.80439	11.2168	-0.342204	-1.80439	11.2168	0
-0.819777	-11.588	-0.308274	-0.819777	-11.588	0
0.203907	-11.5462	-0.313844	0.203907	-11.5462	0
1.23511	-11.5586	-0.300905	1.23511	-11.5586	0
2.27363	-11.5117	-0.317979	2.27363	-11.5117	0
3.26615	-11.4643	-0.295338	3.26615	-11.4643	0
4.35543	-11.5032	-0.31325	4.35543	-11.5032	0
5.42365	-11.5537	-0.303135	5.42365	-11.5537	0
6.47926	-11.4807	-0.308585	6.47926	-11.4807	0
7.48852	-11.5015	-0.324816	7.48852	-11.5015	0
8.51988	-11.5103	-0.328762	8.51988	-11.5103	0
9.61168	-11.4982	-0.321872	9.61168	-11.4982	0
10.569	-11.4933	-0.314581	10.569	-11.4933	0
11.683	-11.4549	-0.337072	11.683	-11.4549	0
-11.1002	-11.4542	-0.304476	-11.1002	-11.4542	0
-10.1015	-11.419	-0.294812	-10.1015	-11.419	0
-9.01322	-11.4802	-0.28501	-9.01322	-11.4802	0
-8.01162	-11.4893	-0.298288	-8.01162	-11.4893	0
-6.98121	-11.4932	-0.322355	-6.98121	-11.4932	0
-5.95342	-11.5584	-0.316164	-5.95342	-11.5584	0
-4.88273	-11.5696	-0.321825	-4.88273	-11.5696	0
-3.8961	-11.5128	-0.319954	-3.8961	-11.5128	0
-2.83765	-11.5411	-0.314246	-2.83765	-11.5411	0
-1.86441	-11.519	-0.313457	-1.86441	-11.519	0
-0.845748	-10.5758	-0.317612	-0.845748	-10.5758	0
0.197632	-10.5452	-0.336807	0.197632	-10.5452	0
1.22523	-10.5289	-0.325351	1.22523	-10.5289	0
2.24405	-10.4946	-0.334838	2.24405	-10.4946	0
3.29603	-10.4449	-0.328019	3.29603	-10.4449	0
4.28628	-10.4944	-0.33316	4.28628	-10.4944	0
5.35942	-10.4939	-0.291304	5.35942	-10.4939	0
6.4259	-10.4062	-0.293448	6.4259	-10.4062	0
7.51128	-10.4049	-0.334945	7.51128	-10.4049	0
8.55742	-10.5027	-0.318482	8.55742	-10.5027	0
9.55591	-10.5122	-0.312857	9.55591	-10.5122	0
10.6681	-10.4788	-0.295169	10.6681	-10.4788	0
11.6345	-10.4943	-0.3428	11.6345	-10.4943	0
-11.0974	-10.4339	-0.347812	-11.0974	-10.4339	0
-10.0913	-10.4446	-0.310961	-10.0913	-10.4446	0
-8.97366	-10.4008	-0.297871	-8.97366	-10.4008	0
-7.99719	-10.4612	-0.332459	-7.99719	-10.4612	0
-6.98419	-10.4456	-0.298255	-6.98419	-10.4456	0
-5.95823	-10.4919	-0.314623	-5.95823	-10.4919	0
-4.96401	-10.5315	-0.301945	-4.96401	-10.5315	0
-3.91261	-10.5009	-0.310387	-3.91261	-10.5009	0
-2.86183	-10.5167	-0.27074	-2.86183	-10.5167	0
-1.83935	-10.4156	-0.343541	-1.83935	-10.4156	0
-0.821824	-9.5185	-0.313241	-0.821824	-9.5185	0
0.193575	-9.44947	-0.309637	0.193575	-9.44947	0
1.26379	-9.47585	-0.298573	1.26379	-9.47585	0
2.24714	-9.47537	-0.292133	2.24714	-9.47537	0
3.26311	-9.46023	-0.340238	3.26311	-9.46023	0
4.32029	-9.50284	-0.339564	4.32029	-9.50284	0
5.29868	-9.47361	-0.294479	5.29868	-9.47361	0
6.43708	-9.41377	-0.304175	6.43708	-9.41377	0
7.43738	-9.41418	-0.322303	7.43738	-9.41418	0
8.50907	-9.39274	-0.320207	8.50907	-9.39274	0
9.49768	-9.4827	-0.301294	9.49768	-9.4827	0
10.5893	-9.49965	-0.324174	10.5893	-9.49965	0
11.6389	-9.39344	-0.340876	11.6389	-9.39344	0
-11.1302	-9.39389	-0.314522	-11.1302	-9.39389	0
-10.0483	-9.45696	-0.313299	-10.0483	-9.45696	0
-9.03893	-9.43537	-0.338202	-9.03893	-9.43537	0
-8.00989	-9.38648	-0.331768	-8.00989	-9.38648	0
-6.94268	-9.38704	-0.325636	-6.94268	-9.38704	0
-5.96341	-9.4683	-0.312599	-5.96341	-9.4683	0
-4.9458	-9.40441	-0.307767	-4.9458	-9.40441	0
-3.9333	-9.4517	-0.32147	-3.9333	-9.4517	0
-2.84328	-9.45454	-0.330269	-2.84328	-9.45454	0
-1.83029	-9.3836	-0.302317	-1.83029	-9.3836	0
-0.809449	-8.42116	-0.337722	-0.809449	-8.42116	0
0.244416	-8.4573	-0.292536	0.244416	-8.4573	0
1.21428	-8.45935	-0.295452	1.21428	-8.45935	0
2.24403	-8.44437	-0.309052	2.24403	-8.44437	0
3.29111	-8.44321	-0.33867	3.29111	-8.44321	0
4.32408	-8.4925	-0.315415	4.32408	-8.4925	0
5.35927	-8.42013	-0.321616	5.35927	-8.42013	0
6.38846	-8.42597	-0.311332	6.38846	-8.42597	0
7.39833	-8.40477	-0.310494	7.39833	-8.40477	0
8.49775	-8.40783	-0.33952	8.49775	-8.40783	0
9.57689	-8.42751	-0.340893	9.57689	-8.42751	0
10.6156	-8.42441	-0.291335	10.6156	-8.42441	0
11.638	-8.38778	-0.305151	11.638	-8.38778	0
-11.1714	-8.37962	-0.316232	-11.1714	-8.37962	0
-10.1168	-8.38254	-0.29912	-10.1168	-8.38254	0
-9.08496	-8.36892	-0.289954	-9.08496	-8.36892	0
-8.10278	-8.32189	-0.321888	-8.10278	-8.32189	0
-7.00465	-8.39699	-0.29572	-7.00465	-8.39699	0
-6.00054	-8.44115	-0.31284	-6.00054	-8.44115	0
-4.94728	-8.34931	-0.33095	-4.94728	-8.34931	0
-3.94122	-8.45401	-0.331499	-3.94122	-8.45401	0
-2.96268	-8.36394	-0.268514	-2.96268	-8.36394	0
-1.85732	-8.37989	-0.283725	-1.85732	-8.37989	0
-0.858305	-7.37522	-0.323316	-0.858305	-7.37522	0
0.162565	-7.4216	-0.308883	0.162565	-7.4216	0
1.23872	-7.40463	-0.331746	1.23872	-7.40463	0
2.28146	-7.41528	-0.317318	2.28146	-7.41528	0
3.2718	-7.41567	-0.30308	3.2718	-7.41567	0
4.25853	-7.40536	-0.323314	4.25853	-7.40536	0
5.32865	-7.40011	-0.326632	5.32865	-7.40011	0
6.36902	-7.38065	-0.313412	6.36902	-7.38065	0
7.39772	-7.33331	-0.305363	7.39772	-7.33331	0
8.44668	-7.34164	-0.3235	8.44668	-7.34164	0
9.54488	-7.44623	-0.299279	9.54488	-7.44623	0
10.5861	-7.37566	-0.305687	10.5861	-7.37566	0
11.5911	-7.35477	-0.341965	11.5911	-7.35477	0
-11.1968	-7.30695	-0.298366	-11.1968	-7.30695	0
-10.1851	-7.34617	-0.319734	-10.1851	-7.34617	0
-9.09827	-7.27831	-0.334965	-9.09827	-7.27831	0
-8.09098	-7.25201	-0.330294	-8.09098	-7.25201	0
-7.02482	-7.32223	-0.330789	-7.02482	-7.32223	0
-5.99826	-7.38288	-0.31581	-5.99826	-7.38288	0
-4.995	-7.33891	-0.348454	-4.995	-7.33891	0
-3.96267	-7.42571	-0.326458	-3.96267	-7.42571	0
-2.90849	-7.39078	-0.348575	-2.90849	-7.39078	0
-1.86534	-7.41027	-0.320058	-1.86534	-7.41027	0
-0.939804	-6.35577	-0.322508	-0.939804	-6.35577	0
0.118195	-6.35416	-0.357672	0.118195	-6.35416	0
1.19744	-6.39425	-0.33682	1.19744	-6.39425	0
2.21046	-6.35611	-0.322364	2.21046	-6.35611	0
3.24162	-6.37705	-0.281499	3.24162	-6.37705	0
4.30316	-6.31288	-0.317181	4.30316	-6.31288	0
5.31821	-6.33357	-0.306573	5.31821	-6.33357	0
6.36929	-6.32519	-0.320593	6.36929	-6.32519	0
7.43705	-6.34331	-0.338553	7.43705	-6.34331	0
8.4826	-6.32235	-0.300112	8.4826	-6.32235	0
9.53504	-6.32065	-0.328847	9.53504	-6.32065	0
10.5287	-6.31041	-0.327601	10.5287	-6.31041	0
11.5516	-6.35506	-0.320217	11.5516	-6.35506	0
-11.211	-6.35116	-0.316321	-11.211	-6.35116	0
-10.1835	-6.28803	-0.334668	-10.1835	-6.28803	0
-9.17709	-6.24969	-0.317109	-9.17709	-6.24969	0
-8.09903	-6.23018	-0.303729	-8.09903	-6.23018	0
-7.07615	-6.34646	-0.327216	-7.07615	-6.34646	0
-5.98623	-6.31622	-0.306481	-5.98623	-6.31622	0
-4.9864	-6.30467	-0.309437	-4.9864	-6.30467	0
-3.91573	-6.35794	-0.331811	-3.91573	-6.35794	0
-2.91783	-6.30474	-0.347998	-2.91783	-6.30474	0
-1.88888	-6.29797	-0.303265	-1.88888	-6.29797	0
-0.858941	-5.29814	-0.301066	-0.858941	-5.29814	0
0.142804	-5.29635	-0.310875	0.142804	-5.29635	0
1.2044	-5.3451	-0.334347	1.2044	-5.3451	0
2.19392	-5.36737	-0.317925	2.19392	-5.36737	0
3.23131	-5.28401	-0.319588	3.23131	-5.28401	0
4.28161	-5.28221	-0.312769	4.28161	-5.28221	0
5.34809	-5.31823	-0.286754	5.34809	-5.31823	0
6.37323	-5.2663	-0.32006	6.37323	-5.2663	0
7.44422	-5.33491	-0.315939	7.44422	-5.33491	0
8.49344	-5.35654	-0.324615	8.49344	-5.35654	0
9.55633	-5.30574	-0.314868	9.55633	-5.30574	0
10.5545	-5.30177	-0.337955	10.5545	-5.30177	0
11.5437	-5.2523	-0.311035	11.5437	-5.2523	0
-11.1691	-5.33535	-0.302286	-11.1691	-5.33535	0
-10.1232	-5.2757	-0.3082	-10.1232	-5.2757	0
-9.14781	-5.22138	-0.28582	-9.14781	-5.22138	0
-8.12007	-5.23365	-0.322727	-8.12007	-5.23365	0
-7.10925	-5.27707	-0.328095	-7.10925	-5.27707	0
-6.05567	-5.28779	-0.316733	-6.05567	-5.28779	0
-5.00291	-5.24338	-0.294072	-5.00291	-5.24338	0
-3.97281	-5.27243	-0.32192	-3.97281	-5.27243	0
-2.93966	-5.2766	-0.315243	-2.93966	-5.2766	0
-1.90546	-5.29143	-0.34443	-1.90546	-5.29143	0
-0.833088	-4.23187	-0.328095	-0.833088	-4.23187	0
0.213768	-4.29368	-0.310081	0.213768	-4.29368	0
1.23858	-4.31185	-0.307049	1.23858	-4.31185	0
2.21434	-4.30052	-0.30635	2.21434	-4.30052	0
3.26128	-4.32961	-0.306833	3.26128	-4.32961	0
4.26401	-4.26434	-0.314988	4.26401	-4.26434	0
5.31469	-4.29796	-0.293914	5.31469	-4.29796	0
6.34167	-4.28892	-0.309579	6.34167	-4.28892	0
7.45328	-4.28851	-0.32267	7.45328	-4.28851	0
8.43338	-4.36146	-0.316938	8.43338	-4.36146	0
9.47589	-4.29998	-0.319138	9.47589	-4.29998	0
10.4708	-4.257	-0.324452	10.4708	-4.257	0
11.5751	-4.22775	-0.306861	11.5751	-4.22775	0
-11.1818	-4.31485	-0.311115	-11.1818	-4.31485	0
-10.2023	-4.31106	-0.305566	-10.2023	-4.31106	0
-9.10055	-4.22611	-0.332308	-9.10055	-4.22611	0
-8.07985	-4.19656	-0.329244	-8.07985	-4.19656	0
-7.05227	-4.20866	-0.297501	-7.05227	-4.20866	0
-6.02825	-4.31705	-0.318297	-6.02825	-4.31705	0
-4.99799	-4.2296	-0.32008	-4.99799	-4.2296	0
-4.01338	-4.25142	-0.310648	-4.01338	-4.25142	0
-2.94284	-4.29816	-0.316752	-2.94284	-4.29816	0
-1.87103	-4.24356	-0.3135	-1.87103	-4.24356	0
-0.83649	-3.19398	-0.32343	-0.83649	-3.19398	0
0.210121	-3.20882	-0.313483	0.210121	-3.20882	0
1.17742	-3.23941	-0.337901	1.17742	-3.23941	0
2.22415	-3.25929	-0.295378	2.22415	-3.25929	0
3.20341	-3.20791	-0.349669	3.20341	-3.20791	0
4.27083	-3.28225	-0.294233	4.27083	-3.28225	0
5.32723	-3.27468	-0.325087	5.32723	-3.27468	0
6.37844	-3.26783	-0.317847	6.37844	-3.26783	0
7.40871	-3.29693	-0.333822	7.40871	-3.29693	0
8.43691	-3.30726	-0.34036	8.43691	-3.30726	0
9.48344	-3.27545	-0.328571	9.48344	-3.27545	0
10.466	-3.2307	-0.338954	10.466	-3.2307	0
11.5644	-3.24901	-0.310022	11.5644	-3.24901	0
-11.1567	-3.19395	-0.314261	-11.1567	-3.19395	0
-10.1534	-3.25995	-0.339723	-10.1534	-3.25995	0
-9.13979	-3.2091	-0.300376	-9.13979	-3.2091	0
-8.11433	-3.17234	-0.34007	-8.11433	-3.17234	0
-7.05443	-3.205	-0.324102	-7.05443	-3.205	0
-6.0132	-3.21047	-0.292146	-6.0132	-3.21047	0
-4.94419	-3.21394	-0.313716	-4.94419	-3.21394	0
-3.92256	-3.23664	-0.327196	-3.92256	-3.23664	0
-2.92256	-3.2409	-0.302086	-2.92256	-3.2409	0
-1.87359	-3.20768	-0.334651	-1.87359	-3.20768	0
-0.881468	-2.17414	-0.311301	-0.881468	-2.17414	0
0.207952	-2.22717	-0.297186	0.207952	-2.22717	0
1.26781	-2.26359	-0.339036	1.26781	-2.26359	0
2.25795	-2.1978	-0.346259	2.25795	-2.1978	0
3.25339	-2.17545	-0.301992	3.25339	-2.17545	0
4.33501	-2.28788	-0.321918	4.33501	-2.28788	0
5.3636	-2.24443	-0.32069	5.3636	-2.24443	0
6.36779	-2.26317	-0.30666	6.36779	-2.26317	0
7.37753	-2.19353	-0.330591	7.37753	-2.19353	0
8.39244	-2.23762	-0.299851	8.39244	-2.23762	0
9.44878	-2.1995	-0.306538	9.44878	-2.1995	0
10.4954	-2.18069	-0.320381	10.4954	-2.18069	0
11.5858	-2.16606	-0.323356	11.5858	-2.16606	0
-11.2178	-2.14963	-0.29574	-11.2178	-2.14963	0
-10.1767	-2.17498	-0.323229	-10.1767	-2.17498	0
-9.11544	-2.22549	-0.320738	-9.11544	-2.22549	0
-8.08123	-2.18023	-0.316255	-8.08123	-2.18023	0
-7.05448	-2.15749	-0.323983	-7.05448	-2.15749	0
-6.01327	-2.20684	-0.303024	-6.01327	-2.20684	0
-4.98425	-2.20105	-0.339119	-4.98425	-2.20105	0
-3.93045	-2.10336	-0.344203	-3.93045	-2.10336	0
-2.88074	-2.24979	-0.297887	-2.88074	-2.24979	0
-1.87033	-2.21249	-0.307363	-1.87033	-2.21249	0
-0.798539	-1.16489	-0.30499	-0.798539	-1.16489	0
0.194978	-1.19699	-0.331551	0.194978	-1.19699	0
1.19778	-1.22597	-0.31459	1.19778	-1.22597	0
2.22332	-1.1461	-0.330848	2.22332	-1.1461	0
3.30271	-1.17443	-0.314452	3.30271	-1.17443	0
4.35698	-1.18524	-0.31803	4.35698	-1.18524	0
5.38645	-1.18762	-0.312138	5.38645	-1.18762	0
6.42792	-1.20779	-0.322676	6.42792	-1.20779	0
7.46505	-1.1573	-0.317553	7.46505	-1.1573	0
8.50524	-1.20994	-0.319183	8.50524	-1.20994	0
9.50442	-1.15671	-0.324496	9.50442	-1.15671	0
10.5147	-1.21763	-0.277088	10.5147	-1.21763	0
11.5354	-1.20782	-0.321838	11.5354	-1.20782	0
-11.2112	-1.12831	-0.332069	-11.2112	-1.12831	0
-10.2304	-1.18486	-0.28909	-10.2304	-1.18486	0
-9.17694	-1.15832	-0.318211	-9.17694	-1.15832	0
-8.13566	-1.17607	-0.33525	-8.13566	-1.17607	0
-7.10094	-1.17906	-0.313961	-7.10094	-1.17906	0
-6.01054	-1.12093	-0.304043	-6.01054	-1.12093	0
-4.95068	-1.14883	-0.318872	-4.95068	-1.14883	0
-3.93654	-1.11762	-0.3244	-3.93654	-1.11762	0
-2.92403	-1.17922	-0.312467	-2.92403	-1.17922	0
-1.86856	-1.14901	-0.302109	-1.86856	-1.14901	0
-0.324189	0.392384	0.310308	-0.324189	0.392384	0
0.71785	0.375083	0.340688	0.71785	0.375083	0
1.75882	0.410419	0.325157	1.75882	0.410419	0
2.74098	0.369134	0.321265	2.74098	0.369134	0
3.84226	0.380062	0.327147	3.84226	0.380062	0
4.82763	0.361368	0.340346	4.82763	0.361368	0
5.90255	0.327749	0.339158	5.90255	0.327749	0
6.91703	0.366699	0.344369	6.91703	0.366699	0
8.00182	0.380432	0.352806	8.00182	0.380432	0
8.98586	0.42724	0.31865	8.98586	0.42724	0
10.0754	0.374562	0.310955	10.0754	0.374562	0
11.0743	0.409987	0.297873	11.0743	0.409987	0
-11.7376	0.362785	0.316291	-11.7376	0.362785	0
-10.7471	0.394075	0.321601	-10.7471	0.394075	0
-9.70252	0.383786	0.324165	-9.70252	0.383786	0
-8.68261	0.373396	0.309163	-8.68261	0.373396	0
-7.64895	0.396066	0.313511	-7.64895	0.396066	0
-6.58991	0.426132	0.305647	-6.58991	0.426132	0
-5.52763	0.388185	0.326597	-5.52763	0.388185	0
-4.46266	0.448706	0.330693	-4.46266	0.448706	0
-3.47554	0.396279	0.326277	-3.47554	0.396279	0
-2.435	0.33943	0.306576	-2.435	0.33943	0
-1.28282	0.373381	0.314965	-1.28282	0.373381	0
-0.30557	1.40034	0.306696	-0.30557	1.40034	0
0.692508	1.38111	0.313593	0.692508	1.38111	0
1.76313	1.36706	0.315373	1.76313	1.36706	0
2.80855	1.38142	0.293365	2.80855	1.38142	0
3.87239	1.35146	0.329447	3.87239	1.35146	0
4.85997	1.38085	0.346617	4.85997	1.38085	0
5.88885	1.40186	0.303848	5.88885	1.40186	0
6.91716	1.34978	0.306583	6.91716	1.34978	0
7.97033	1.46263	0.318859	7.97033	1.46263	0
8.97992	1.43097	0.320275	8.97992	1.43097	0
10.0098	1.4184	0.327665	10.0098	1.4184	0
11.0706	1.42343	0.356753	11.0706	1.42343	0
-11.6533	1.46708	0.312603	-11.6533	1.46708	0
-10.6876	1.41221	0.301298	-10.6876	1.41221	0
-9.65396	1.41112	0.303153	-9.65396	1.41112	0
-8.63058	1.43334	0.299453	-8.63058	1.43334	0
-7.57165	1.35267	0.310786	-7.57165	1.35267	0
-6.5681	1.39837	0.318093	-6.5681	1.39837	0
-5.52141	1.42864	0.300024	-5.52141	1.42864	0
-4.52835	1.45435	0.297424	-4.52835	1.45435	0
-3.4919	1.44058	0.312813	-3.4919	1.44058	0
-2.4172	1.36099	0.324488	-2.4172	1.36099	0
-1.42437	1.36683	0.314328	-1.42437	1.36683	0
-0.304101	2.45338	0.307734	-0.304101	2.45338	0
0.798706	2.35431	0.315604	0.798706	2.35431	0
1.75643	2.40111	0.290531	1.75643	2.40111	0
2.7835	2.36802	0.316012	2.7835	2.36802	0
3.83981	2.41619	0.314797	3.83981	2.41619	0
4.83073	2.48025	0.293126	4.83073	2.48025	0
5.87885	2.43	0.308797	5.87885	2.43	0
6.98177	2.41523	0.326345	6.98177	2.41523	0
7.98499	2.45899	0.33248	7.98499	2.45899	0
8.97003	2.47162	0.33062	8.97003	2.47162	0
10.0678	2.45265	0.306647	10.0678	2.45265	0
11.0937	2.4684	0.338321	11.0937	2.4684	0
-11.688	2.49321	0.323597	-11.688	2.49321	0
-10.704	2.47106	0.32502	-10.704	2.47106	0
-9.61873	2.45663	0.332589	-9.61873	2.45663	0
-8.63585	2.47806	0.318917	-8.63585	2.47806	0
-7.55843	2.41225	0.31373	-7.55843	2.41225	0
-6.55463	2.43173	0.334878	-6.55463	2.43173	0
-5.56174	2.46529	0.331554	-5.56174	2.46529	0
-4.47515	2.46951	0.322825	-4.47515	2.46951	0
-3.4189	2.38845	0.352974	-3.4189	2.38845	0
-2.39098	2.41667	0.30818	-2.39098	2.41667	0
-1.30163	2.39229	0.317637	-1.30163	2.39229	0
-0.296865	3.47951	0.324487	-0.296865	3.47951	0
0.764553	3.41699	0.310876	0.764553	3.41699	0
1.77151	3.48481	0.306011	1.77151	3.48481	0
2.76578	3.43301	0.33177	2.76578	3.43301	0
3.80845	3.44741	0.328398	3.80845	3.44741	0
4.83612	3.47452	0.282819	4.83612	3.47452	0
5.89651	3.51892	0.30014	5.89651	3.51892	0
6.95704	3.42044	0.327362	6.95704	3.42044	0
8.00579	3.53736	0.337453	8.00579	3.53736	0
8.9862	3.52954	0.305102	8.9862	3.52954	0
10.0049	3.49741	0.318834	10.0049	3.49741	0
11.0782	3.47112	0.309204	11.0782	3.47112	0
-11.7146	3.46395	0.330147	-11.7146	3.46395	0
-10.671	3.47093	0.334356	-10.671	3.47093	0
-9.67196	3.49382	0.303735	-9.67196	3.49382	0
-8.65527	3.46613	0.303277	-8.65527	3.46613	0
-7.60442	3.45179	0.32172	-7.60442	3.45179	0
-6.53994	3.42416	0.270802	-6.53994	3.42416	0
-5.49907	3.48319	0.310439	-5.49907	3.48319	0
-4.4383	3.44369	0.296152	-4.4383	3.44369	0
-3.42465	3.44858	0.338396	-3.42465	3.44858	0
-2.39193	3.46849	0.318884	-2.39193	3.46849	0
-1.34418	3.46493	0.305087	-1.34418	3.46493	0
-0.331641	4.44387	0.319387	-0.331641	4.44387	0
0.703206	4.41086	0.296061	0.703206	4.41086	0
1.73937	4.51874	0.318881	1.73937	4.51874	0
2.7972	4.48562	0.320882	2.7972	4.48562	0
3.75559	4.5184	0.296652	3.75559	4.5184	0
4.82287	4.55797	0.314778	4.82287	4.55797	0
5.90947	4.53103	0.294546	5.90947	4.53103	0
6.91843	4.48093	0.320899	6.91843	4.48093	0
7.96479	4.54055	0.318625	7.96479	4.54055	0
8.99748	4.49911	0.312595	8.99748	4.49911	0
10.0246	4.51712	0.333229	10.0246	4.51712	0
11.0065	4.45473	0.317901	11.0065	4.45473	0
-11.7051	4.50791	0.299368	-11.7051	4.50791	0
-10.6718	4.51594	0.289026	-10.6718	4.51594	0
-9.65172	4.53518	0.272778	-9.65172	4.53518	0
-8.61966	4.54146	0.327199	-8.61966	4.54146	0
-7.58907	4.44251	0.336443	-7.58907	4.44251	0
-6.57614	4.43435	0.329731	-6.57614	4.43435	0
-5.55949	4.48682	0.286453	-5.55949	4.48682	0
-4.53295	4.43409	0.304607	-4.53295	4.43409	0
-3.43986	4.49858	0.325478	-3.43986	4.49858	0
-2.40849	4.49836	0.329993	-2.40849	4.49836	0
-1.36109	4.43717	0.31168	-1.36109	4.43717	0
-0.296844	5.50713	0.310325	-0.296844	5.50713	0
0.722495	5.49716	0.338007	0.722495	5.49716	0
1.71958	5.55525	0.323941	1.71958	5.55525	0
2.81087	5.50137	0.308571	2.81087	5.50137	0
3.80211	5.53477	0.296613	3.80211	5.53477	0
4.85361	5.54857	0.329011	4.85361	5.54857	0
5.87509	5.5545	0.329891	5.87509	5.5545	0
6.9175	5.46187	0.322625	6.9175	5.46187	0
7.91951	5.56043	0.304683	7.91951	5.56043	0
8.95578	5.57471	0.316301	8.95578	5.57471	0
9.96312	5.51051	0.341298	9.96312	5.51051	0
11.0687	5.50405	0.317677	11.0687	5.50405	0
-11.711	5.52704	0.329043	-11.711	5.52704	0
-10.6529	5.53774	0.332924	-10.6529	5.53774	0
-9.62275	5.58079	0.324466	-9.62275	5.58079	0
-8.5934	5.58986	0.304934	-8.5934	5.58986	0
-7.57671	5.53906	0.300534	-7.57671	5.53906	0
-6.51529	5.48926	0.32205	-6.51529	5.48926	0
-5.50711	5.56176	0.300556	-5.50711	5.56176	0
-4.45453	5.52658	0.342192	-4.45453	5.52658	0
-3.42567	5.5217	0.286994	-3.42567	5.5217	0
-2.39289	5.5092	0.297029	-2.39289	5.5092	0
-1.36864	5.4517	0.298453	-1.36864	5.4517	0
-0.325773	6.50007	0.305618	-0.325773	6.50007	0
0.772221	6.55203	0.316384	0.772221	6.55203	0
1.7671	6.5756	0.312261	1.7671	6.5756	0
2.78539	6.57805	0.332532	2.78539	6.57805	0
3.82591	6.58625	0.335164	3.82591	6.58625	0
4.88036	6.63159	0.299039	4.88036	6.63159	0
5.94715	6.53784	0.304943	5.94715	6.53784	0
6.96722	6.55179	0.303693	6.96722	6.55179	0
7.98295	6.60764	0.289859	7.98295	6.60764	0
8.98085	6.58987	0.319991	8.98085	6.58987	0
10.019	6.53569	0.327651	10.019	6.53569	0
11.0849	6.55148	0.30979	11.0849	6.55148	0
-11.7214	6.61122	0.330171	-11.7214	6.61122	0
-10.6364	6.59735	0.327358	-10.6364	6.59735	0
-9.56891	6.59526	0.309449	-9.56891	6.59526	0
-8.48871	6.61123	0.326446	-8.48871	6.61123	0
-7.5259	6.56629	0.316189	-7.5259	6.56629	0
-6.49365	6.5063	0.296819	-6.49365	6.5063	0
-5.47236	6.61983	0.318199	-5.47236	6.61983	0
-4.50039	6.56289	0.304467	-4.50039	6.56289	0
-3.44885	6.57317	0.318514	-3.44885	6.57317	0
-2.39743	6.59336	0.329055	-2.39743	6.59336	0
-1.3266	6.4928	0.338875	-1.3266	6.4928	0
-0.317485	7.55563	0.31403	-0.317485	7.55563	0
0.687237	7.56615	0.327192	0.687237	7.56615	0
1.69954	7.59705	0.31152	1.69954	7.59705	0
2.74001	7.57909	0.27998	2.74001	7.57909	0
3.74176	7.6279	0.303306	3.74176	7.6279	0
4.84688	7.6063	0.307024	4.84688	7.6063	0
5.92158	7.60022	0.296253	5.92158	7.60022	0
6.96675	7.62557	0.31045	6.96675	7.62557	0
7.92915	7.6221	0.347949	7.92915	7.6221	0
8.9614	7.61066	0.345453	8.9614	7.61066	0
10.0245	7.55557	0.315657	10.0245	7.55557	0
11.0553	7.56347	0.3044	11.0553	7.56347	0
-11.6554	7.56649	0.301875	-11.6554	7.56649	0
-10.6523	7.6221	0.29616	-10.6523	7.6221	0
-9.65535	7.59656	0.310521	-9.65535	7.59656	0
-8.59129	7.57422	0.309558	-8.59129	7.57422	0
-7.57325	7.5661	0.330123	-7.57325	7.5661	0
-6.57242	7.59823	0.323228	-6.57242	7.59823	0
-5.49054	7.60002	0.316834	-5.49054	7.60002	0
-4.47483	7.58299	0.335586	-4.47483	7.58299	0
-3.4043	7.6286	0.319574	-3.4043	7.6286	0
-2.36974	7.55221	0.316173	-2.36974	7.55221	0
-1.33769	7.49764	0.32502	-1.33769	7.49764	0
-0.357689	8.5637	0.297438	-0.357689	8.5637	0
0.741939	8.58207	0.328643	0.741939	8.58207	0
1.72069	8.63041	0.309847	1.72069	8.63041	0
2.74532	8.65086	0.311557	2.74532	8.65086	0
3.78972	8.65783	0.293692	3.78972	8.65783	0
4.80724	8.64983	0.318722	4.80724	8.64983	0
5.88663	8.69866	0.293989	5.88663	8.69866	0
6.84055	8.67987	0.302348	6.84055	8.67987	0
7.88237	8.62514	0.319176	7.88237	8.62514	0
8.9462	8.60595	0.303801	8.9462	8.60595	0
9.99509	8.63294	0.312772	9.99509	8.63294	0
11.0472	8.6091	0.286258	11.0472	8.6091	0
-11.6615	8.6731	0.335872	-11.6615	8.6731	0
-10.6466	8.67918	0.319521	-10.6466	8.67918	0
-9.53612	8.66395	0.316006	-9.53612	8.66395	0
-8.51535	8.58803	0.314111	-8.51535	8.58803	0
-7.51453	8.64248	0.302973	-7.51453	8.64248	0
-6.45093	8.6794	0.315566	-6.45093	8.6794	0
-5.49173	8.62422	0.308116	-5.49173	8.62422	0
-4.42927	8.63855	0.326875	-4.42927	8.63855	0
-3.39767	8.62131	0.324496	-3.39767	8.62131	0
-2.34782	8.57936	0.318267	-2.34782	8.57936	0
-1.36689	8.58309	0.332327	-1.36689	8.58309	0
-0.307725	9.59307	0.32139	-0.307725	9.59307	0
0.697072	9.64796	0.309769	0.697072	9.64796	0
1.75427	9.68949	0.276388	1.75427	9.68949	0
2.79309	9.68054	0.315299	2.79309	9.68054	0
3.80448	9.72715	0.316583	3.80448	9.72715	0
4.82482	9.66538	0.311061	4.82482	9.66538	0
5.85072	9.70652	0.336083	5.85072	9.70652	0
6.89307	9.69802	0.342716	6.89307	9.69802	0
7.95418	9.66491	0.325946	7.95418	9.66491	0
8.98541	9.70573	0.317266	8.98541	9.70573	0
10.0309	9.72906	0.282631	10.0309	9.72906	0
11.074	9.65051	0.314134	11.074	9.65051	0
-11.6749	9.75337	0.312012	-11.6749	9.75337	0
-10.6917	9.77562	0.325493	-10.6917	9.77562	0
-9.62999	9.69692	0.300063	-9.62999	9.69692	0
-8.53355	9.72153	0.321985	-8.53355	9.72153	0
-7.51002	9.69114	0.30944	-7.51002	9.69114	0
-6.47146	9.7006	0.299334	-6.47146	9.7006	0
-5.44153	9.65929	0.327242	-5.44153	9.65929	0
-4.42997	9.66194	0.307879	-4.42997	9.66194	0
-3.38797	9.61546	0.325988	-3.38797	9.61546	0
-2.40764	9.61609	0.341663	-2.40764	9.61609	0
-1.41165	9.62076	0.311989	-1.41165	9.62076	0
-0.297584	10.591	0.343115	-0.297584	10.591	0
0.727448	10.6819	0.308086	0.727448	10.6819	0
1.77125	10.7316	0.298804	1.77125	10.7316	0
2.78829	10.7671	0.317181	2.78829	10.7671	0
3.82859	10.7456	0.311074	3.82859	10.7456	0
4.88843	10.7767	0.305789	4.88843	10.7767	0
5.92937	10.7542	0.315927	5.92937	10.7542	0
6.98906	10.7844	0.29693	6.98906	10.7844	0
7.94928	10.731	0.302635	7.94928	10.731	0
9.02102	10.7086	0.289889	9.02102	10.7086	0
10.047	10.6776	0.333548	10.047	10.6776	0
11.0823	10.7215	0.315619	11.0823	10.7215	0
-11.6711	10.7621	0.324282	-11.6711	10.7621	0
-10.5719	10.7798	0.316558	-10.5719	10.7798	0
-9.58045	10.7398	0.312478	-9.58045	10.7398	0
-8.57858	10.7017	0.316879	-8.57858	10.7017	0
-7.49185	10.7413	0.303227	-7.49185	10.7413	0
-6.46699	10.742	0.306811	-6.46699	10.742	0
-5.38724	10.7489	0.323414	-5.38724	10.7489	0
-4.44463	10.7056	0.320272	-4.44463	10.7056	0
-3.36694	10.6729	0.301306	-3.36694	10.6729	0
-2.35298	10.6676	0.311406	-2.35298	10.6676	0
-1.36082	10.6446	0.318947	-1.36082	10.6446	0
-0.296454	11.6542	0.347713	-0.296454	11.6542	0
0.712522	11.7202	0.313383	0.712522	11.7202	0
1.7387	11.7487	0.324496	1.7387	11.7487	0
2.7589	11.7929	0.323598	2.7589	11.7929	0
3.82118	11.7472	0.291569	3.82118	11.7472	0
4.8574	11.7966	0.321402	4.8574	11.7966	0
5.9008	11.7706	0.36529	5.9008	11.7706	0
6.97898	11.8368	0.343726	6.97898	11.8368	0
8.02829	11.7407	0.290839	8.02829	11.7407	0
9.05296	11.7388	0.346416	9.05296	11.7388	0
10.0517	11.7475	0.313226	10.0517	11.7475	0
11.149	11.7634	0.309469	11.149	11.7634	0
-11.5763	11.7923	0.321776	-11.5763	11.7923	0
-10.5989	11.7791	0.320352	-10.5989	11.7791	0
-9.58986	11.7961	0.312437	-9.58986	11.7961	0
-8.51515	11.7535	0.302609	-8.51515	11.7535	0
-7.51225	11.7219	0.318424	-7.51225	11.7219	0
-6.5119	11.7966	0.342461	-6.5119	11.7966	0
-5.3957	11.6856	0.314137	-5.3957	11.6856	0
-4.3959	11.7267	0.292776	-4.3959	11.7267	0
-3.37068	11.6891	0.321058	-3.37068	11.6891	0
-2.37873	11.671	0.348925	-2.37873	11.671	0
-1.28975	11.659	0.320466	-1.28975	11.659	0
-0.308137	-11.0756	0.306095	-0.308137	-11.0756	0
0.67201	-11.0566	0.331998	0.67201	-11.0566	0
1.7361	-11.0338	0.292398	1.7361	-11.0338	0
2.7717	-10.9564	0.322061	2.7717	-10.9564	0
3.79222	-11.0029	0.307011	3.79222	-11.0029	0
4.89046	-11.0419	0.329472	4.89046	-11.0419	0
5.91042	-10.991	0.308921	5.91042	-10.991	0
6.961	-10.9633	0.314317	6.961	-10.9633	0
7.99959	-10.9442	0.298484	7.99959	-10.9442	0
9.03065	-11.071	0.323064	9.03065	-11.071	0
10.1128	-10.9932	0.330145	10.1128	-10.9932	0
11.1753	-11.0148	0.330537	11.1753	-11.0148	0
-11.5992	-10.9301	0.356325	-11.5992	-10.9301	0
-10.5951	-10.9168	0.334175	-10.5951	-10.9168	0
-9.55709	-10.9745	0.285907	-9.55709	-10.9745	0
-8.50724	-10.933	0.320405	-8.50724	-10.933	0
-7.46558	-11.0089	0.316578	-7.46558	-11.0089	0
-6.46318	-10.9987	0.301308	-6.46318	-10.9987	0
-5.42886	-11.1191	0.291312	-5.42886	-11.1191	0
-4.45151	-11.0295	0.313491	-4.45151	-11.0295	0
-3.34298	-11.0829	0.332921	-3.34298	-11.0829	0
-2.31103	-10.9545	0.329912	-2.31103	-10.9545	0
-1.32435	-11.0638	0.315416	-1.32435	-11.0638	0
-0.317533	-10.0398	0.316251	-0.317533	-10.0398	0
0.708017	-10.0419	0.285279	0.708017	-10.0419	0
1.74355	-10.0302	0.347353	1.74355	-10.0302	0
2.79912	-9.99956	0.33826	2.79912	-9.99956	0
3.79581	-9.97657	0.319779	3.79581	-9.97657	0
4.80044	-10.0146	0.312664	4.80044	-10.0146	0
5.85791	-9.97843	0.325718	5.85791	-9.97843	0
6.98151	-9.9454	0.311764	6.98151	-9.9454	0
8.02591	-9.91522	0.270554	8.02591	-9.91522	0
9.00971	-9.99819	0.324992	9.00971	-9.99819	0
10.1124	-10.0049	0.321494	10.1124	-10.0049	0
11.1777	-9.96333	0.329246	11.1777	-9.96333	0
-11.6123	-9.9187	0.306818	-11.6123	-9.9187	0
-10.5462	-9.93702	0.32345	-10.5462	-9.93702	0
-9.54878	-9.91963	0.329368	-9.54878	-9.91963	0
-8.41836	-9.87839	0.326025	-8.41836	-9.87839	0
-7.46448	-9.91886	0.304963	-7.46448	-9.91886	0
-6.49004	-9.951	0.325379	-6.49004	-9.951	0
-5.46814	-9.96617	0.314359	-5.46814	-9.96617	0
-4.43229	-9.96518	0.30759	-4.43229	-9.96518	0
-3.37024	-10.005	0.317486	-3.37024	-10.005	0
-2.36168	-9.94584	0.316366	-2.36168	-9.94584	0
-1.36933	-10.0308	0.336375	-1.36933	-10.0308	0
-0.332494	-8.94723	0.323885	-0.332494	-8.94723	0
0.713487	-8.99663	0.348732	0.713487	-8.99663	0
1.76623	-8.93387	0.32561	1.76623	-8.93387	0
2.77219	-9.00546	0.327496	2.77219	-9.00546	0
3.75476	-8.95512	0.307644	3.75476	-8.95512	0
4.77304	-8.96422	0.334029	4.77304	-8.96422	0
5.86414	-8.9467	0.307166	5.86414	-8.9467	0
6.9299	-8.90484	0.318333	6.9299	-8.90484	0
7.97096	-8.91845	0.304647	7.97096	-8.91845	0
9.02418	-8.97629	0.328555	9.02418	-8.97629	0
10.0062	-8.98704	0.305806	10.0062	-8.98704	0
11.0422	-8.98392	0.328458	11.0422	-8.98392	0
-11.6386	-8.89657	0.302671	-11.6386	-8.89657	0
-10.5594	-8.91937	0.317269	-10.5594	-8.91937	0
-9.58322	-8.88188	0.314075	-9.58322	-8.88188	0
-8.56543	-8.91073	0.315466	-8.56543	-8.91073	0
-7.55074	-8.88707	0.296036	-7.55074	-8.88707	0
-6.47131	-8.92871	0.340777	-6.47131	-8.92871	0
-5.43971	-8.90279	0.301415	-5.43971	-8.90279	0
-4.41549	-8.88315	0.338934	-4.41549	-8.88315	0
-3.41883	-8.97413	0.315842	-3.41883	-8.97413	0
-2.43556	-8.90224	0.312406	-2.43556	-8.90224	0
-1.33482	-8.93865	0.316497	-1.33482	-8.93865	0
-0.343187	-7.92161	0.292021	-0.343187	-7.92161	0
0.741212	-7.87291	0.313125	0.741212	-7.87291	0
1.75972	-7.91603	0.312509	1.75972	-7.91603	0
2.76649	-7.92866	0.340545	2.76649	-7.92866	0
3.83701	-7.90935	0.325282	3.83701	-7.90935	0
4.84189	-7.88768	0.31917	4.84189	-7.88768	0
5.89145	-7.95881	0.305999	5.89145	-7.95881	0
6.87564	-7.8874	0.319662	6.87564	-7.8874	0
7.95168	-7.88742	0.313157	7.95168	-7.88742	0
8.96934	-7.88157	0.315688	8.96934	-7.88157	0
10.1027	-7.93123	0.278516	10.1027	-7.93123	0
11.1288	-7.84362	0.326498	11.1288	-7.84362	0
-11.71	-7.85591	0.311718	-11.71	-7.85591	0
-10.6724	-7.89408	0.320123	-10.6724	-7.89408	0
-9.60865	-7.84359	0.316003	-9.60865	-7.84359	0
-8.60884	-7.78546	0.329506	-8.60884	-7.78546	0
-7.58229	-7.84145	0.30132	-7.58229	-7.84145	0
-6.51626	-7.81949	0.3371	-6.51626	-7.81949	0
-5.52469	-7.91345	0.296556	-5.52469	-7.91345	0
-4.50537	-7.84645	0.336161	-4.50537	-7.84645	0
-3.44693	-7.86364	0.333791	-3.44693	-7.86364	0
-2.41454	-7.88497	0.320397	-2.41454	-7.88497	0
-1.37602	-7.91594	0.312914	-1.37602	-7.91594	0
-0.36647	-6.80596	0.334303	-0.36647	-6.80596	0
0.642663	-6.85965	0.308042	0.642663	-6.85965	0
1.7358	-6.93283	0.338306	1.7358	-6.93283	0
2.72017	-6.89911	0.328753	2.72017	-6.89911	0
3.79223	-6.83355	0.314615	3.79223	-6.83355	0
4.83335	-6.90825	0.269421	4.83335	-6.90825	0
5.88853	-6.889	0.314671	5.88853	-6.889	0
6.90585	-6.81507	0.297444	6.90585	-6.81507	0
7.98277	-6.87988	0.345536	7.98277	-6.87988	0
9.02276	-6.89231	0.294761	9.02276	-6.89231	0
10.0326	-6.89562	0.333317	10.0326	-6.89562	0
11.0795	-6.8594	0.30771	11.0795	-6.8594	0
-11.6663	-6.85082	0.338695	-11.6663	-6.85082	0
-10.6723	-6.78251	0.336381	-10.6723	-6.78251	0
-9.65945	-6.81968	0.287957	-9.65945	-6.81968	0
-8.63176	-6.71618	0.318637	-8.63176	-6.71618	0
-7.59192	-6.78952	0.334304	-7.59192	-6.78952	0
-6.51623	-6.78886	0.308517	-6.51623	-6.78886	0
-5.53291	-6.85761	0.318545	-5.53291	-6.85761	0
-4.48358	-6.83122	0.340916	-4.48358	-6.83122	0
-3.45939	-6.87236	0.30786	-3.45939	-6.87236	0
-2.41539	-6.81142	0.285598	-2.41539	-6.81142	0
-1.36978	-6.8812	0.332436	-1.36978	-6.8812	0
-0.400193	-5.8287	0.303997	-0.400193	-5.8287	0
0.633763	-5.82272	0.321149	0.633763	-5.82272	0
1.66885	-5.89631	0.329152	1.66885	-5.89631	0
2.74217	-5.7994	0.326849	2.74217	-5.7994	0
3.74338	-5.82878	0.299222	3.74338	-5.82878	0
4.82917	-5.82787	0.296056	4.82917	-5.82787	0
5.87614	-5.82196	0.299638	5.87614	-5.82196	0
6.93078	-5.79766	0.313774	6.93078	-5.79766	0
7.90865	-5.86209	0.316107	7.90865	-5.86209	0
8.99867	-5.87441	0.331817	8.99867	-5.87441	0
10.0786	-5.81328	0.324647	10.0786	-5.81328	0
11.0898	-5.83549	0.308038	11.0898	-5.83549	0
-11.6891	-5.82483	0.307423	-11.6891	-5.82483	0
-10.6693	-5.80756	0.320861	-10.6693	-5.80756	0
-9.60078	-5.7578	0.35383	-9.60078	-5.7578	0
-8.618	-5.70222	0.3338	-8.618	-5.70222	0
-7.53995	-5.72982	0.33407	-7.53995	-5.72982	0
-6.52414	-5.80851	0.339813	-6.52414	-5.80851	0
-5.51384	-5.77211	0.314875	-5.51384	-5.77211	0
-4.46867	-5.80848	0.329092	-4.46867	-5.80848	0
-3.40825	-5.80232	0.30568	-3.40825	-5.80232	0
-2.37931	-5.7301	0.324701	-2.37931	-5.7301	0
-1.38824	-5.81928	0.331489	-1.38824	-5.81928	0
-0.291773	-4.78717	0.32777	-0.291773	-4.78717	0
0.712643	-4.84946	0.325111	0.712643	-4.84946	0
1.72176	-4.8539	0.326559	1.72176	-4.8539	0
2.72591	-4.81148	0.311206	2.72591	-4.81148	0
3.79162	-4.79329	0.331227	3.79162	-4.79329	0
4.74972	-4.83031	0.30946	4.74972	-4.83031	0
5.8561	-4.80932	0.337527	5.8561	-4.80932	0
6.90438	-4.81122	0.319252	6.90438	-4.81122	0
7.91107	-4.8519	0.33268	7.91107	-4.8519	0
8.95218	-4.79576	0.335471	8.95218	-4.79576	0
9.99159	-4.77488	0.371951	9.99159	-4.77488	0
11.0282	-4.73654	0.31699	11.0282	-4.73654	0
-11.7676	-4.81375	0.32298	-11.7676	-4.81375	0
-10.7198	-4.7961	0.308353	-10.7198	-4.7961	0
-9.65819	-4.72919	0.313916	-9.65819	-4.72919	0
-8.60896	-4.65679	0.321311	-8.60896	-4.65679	0
-7.58378	-4.70401	0.287236	-7.58378	-4.70401	0
-6.58742	-4.79394	0.301039	-6.58742	-4.79394	0
-5.55378	-4.77476	0.344331	-5.55378	-4.77476	0
-4.52682	-4.71238	0.309556	-4.52682	-4.71238	0
-3.46879	-4.80025	0.338208	-3.46879	-4.80025	0
-2.40255	-4.76967	0.310883	-2.40255	-4.76967	0
-1.40699	-4.77591	0.337191	-1.40699	-4.77591	0
-0.328327	-3.74977	0.302738	-0.328327	-3.74977	0
0.671793	-3.78625	0.295978	0.671793	-3.78625	0
1.66618	-3.75642	0.310359	1.66618	-3.75642	0
2.71308	-3.78679	0.308851	2.71308	-3.78679	0
3.71779	-3.73947	0.294321	3.71779	-3.73947	0
4.79629	-3.78573	0.313784	4.79629	-3.78573	0
5.8649	-3.792	0.342172	5.8649	-3.792	0
6.91029	-3.8155	0.334927	6.91029	-3.8155	0
7.91345	-3.80505	0.317491	7.91345	-3.80505	0
8.95016	-3.79375	0.288511	8.95016	-3.79375	0
9.99533	-3.76282	0.320898	9.99533	-3.76282	0
10.9993	-3.73869	0.322393	10.9993	-3.73869	0
-11.6887	-3.74076	0.330477	-11.6887	-3.74076	0
-10.6886	-3.74018	0.304484	-10.6886	-3.74018	0
-9.6362	-3.74599	0.320964	-9.6362	-3.74599	0
-8.62163	-3.68936	0.307142	-8.62163	-3.68936	0
-7.61131	-3.66549	0.324045	-7.61131	-3.66549	0
-6.53535	-3.69948	0.29782	-6.53535	-3.69948	0
-5.48467	-3.77396	0.317315	-5.48467	-3.77396	0
-4.44429	-3.69415	0.346777	-4.44429	-3.69415	0
-3.44816	-3.76456	0.286469	-3.44816	-3.76456	0
-2.43729	-3.75519	0.314265	-2.43729	-3.75519	0
-1.35881	-3.74543	0.30213	-1.35881	-3.74543	0
-0.329972	-2.74642	0.316618	-0.329972	-2.74642	0
0.725987	-2.73355	0.327093	0.725987	-2.73355	0
1.71806	-2.70213	0.313276	1.71806	-2.70213	0
2.75335	-2.70625	0.314521	2.75335	-2.70625	0
3.75941	-2.75415	0.313388	3.75941	-2.75415	0
4.80395	-2.76391	0.316193	4.80395	-2.76391	0
5.84023	-2.77369	0.318395	5.84023	-2.77369	0
6.91612	-2.74402	0.323977	6.91612	-2.74402	0
7.86198	-2.77919	0.321562	7.86198	-2.77919	0
8.90605	-2.78883	0.310097	8.90605	-2.78883	0
9.9345	-2.74844	0.35451	9.9345	-2.74844	0
11.0002	-2.74864	0.292598	11.0002	-2.74864	0
-11.7233	-2.7092	0.308654	-11.7233	-2.7092	0
-10.6532	-2.71249	0.308617	-10.6532	-2.71249	0
-9.68462	-2.76314	0.334312	-9.68462	-2.76314	0
-8.59556	-2.68124	0.303829	-8.59556	-2.68124	0
-7.52167	-2.68166	0.346269	-7.52167	-2.68166	0
-6.55493	-2.65556	0.327472	-6.55493	-2.65556	0
-5.47626	-2.73329	0.310708	-5.47626	-2.73329	0
-4.43672	-2.6357	0.332301	-4.43672	-2.6357	0
-3.4314	-2.70964	0.302164	-3.4314	-2.70964	0
-2.38455	-2.73672	0.31716	-2.38455	-2.73672	0
-1.35091	-2.70409	0.335392	-1.35091	-2.70409	0
-0.279553	-1.70955	0.312065	-0.279553	-1.70955	0
0.777952	-1.76673	0.308403	0.777952	-1.76673	0
1.76234	-1.68674	0.314643	1.76234	-1.68674	0
2.73047	-1.63881	0.317952	2.73047	-1.63881	0
3.84082	-1.69771	0.290013	3.84082	-1.69771	0
4.88237	-1.69704	0.330283	4.88237	-1.69704	0
5.88904	-1.73801	0.310515	5.88904	-1.73801	0
6.89979	-1.68463	0.322633	6.89979	-1.68463	0
7.92679	-1.71703	0.318156	7.92679	-1.71703	0
8.91739	-1.74385	0.32733	8.91739	-1.74385	0
9.96835	-1.68719	0.297376	9.96835	-1.68719	0
11.0952	-1.74661	0.325859	11.0952	-1.74661	0
-11.6797	-1.64223	0.321572	-11.6797	-1.64223	0
-10.7062	-1.70217	0.332613	-10.7062	-1.70217	0
-9.64554	-1.72811	0.309553	-9.64554	-1.72811	0
-8.64257	-1.66662	0.341352	-8.64257	-1.66662	0
-7.6074	-1.66556	0.314346	-7.6074	-1.66556	0
-6.50608	-1.66436	0.2903	-6.50608	-1.66436	0
-5.48006	-1.71432	0.332967	-5.48006	-1.71432	0
-4.46419	-1.64429	0.315506	-4.46419	-1.64429	0
-3.41213	-1.6889	0.310405	-3.41213	-1.6889	0
-2.41045	-1.64951	0.29856	-2.41045	-1.64951	0
-1.41919	-1.66339	0.318634	-1.41919	-1.66339	0
-0.319111	-0.655243	0.321287	-0.319111	-0.655243	0
0.693961	-0.696414	0.318248	0.693961	-0.696414	0
1.73022	-0.656313	0.298236	1.73022	-0.656313	0
2.75103	-0.62757	0.309971	2.75103	-0.62757	0
3.77645	-0.616073	0.301723	3.77645	-0.616073	0
4.84965	-0.626305	0.327462	4.84965	-0.626305	0
5.93219	-0.649466	0.337019	5.93219	-0.649466	0
6.95831	-0.666359	0.317602	6.95831	-0.666359	0
8.01915	-0.69252	0.308705	8.01915	-0.69252	0
9.01985	-0.647275	0.310246	9.01985	-0.647275	0
10.0109	-0.617671	0.337171	10.0109	-0.617671	0
10.9977	-0.668332	0.314542	10.9977	-0.668332	0
-11.6928	-0.639357	0.324712	-11.6928	-0.639357	0
-10.7044	-0.584471	0.328683	-10.7044	-0.584471	0
-9.71655	-0.633085	0.338256	-9.71655	-0.633085	0
-8.6898	-0.680061	0.323201	-8.6898	-0.680061	0
-7.62829	-0.646006	0.31674	-7.62829	-0.646006	0
-6.60623	-0.682956	0.305401	-6.60623	-0.682956	0
-5.47859	-0.685293	0.317835	-5.47859	-0.685293	0
-4.37563	-0.549764	0.308444	-4.37563	-0.549764	0
-3.43176	-0.647761	0.348084	-3.43176	-0.647761	0
-2.37252	-0.624155	0.297232	-2.37252	-0.624155	0
-1.29819	-0.600734	0.315653	-1.29819	-0.600734	0
