-0.634271	-0.246368	-0.313543	-0.634271	-0.246368	0
0.394163	-0.293343	-0.332674	0.394163	-0.293343	0
1.44574	-0.374074	-0.332038	1.44574	-0.374074	0
2.48342	-0.334593	-0.30958	2.48342	-0.334593	0
3.49043	-0.315144	-0.321544	3.49043	-0.315144	0
4.53516	-0.327695	-0.311962	4.53516	-0.327695	0
5.54697	-0.305442	-0.313118	5.54697	-0.305442	0
6.5708	-0.340383	-0.329935	6.5708	-0.340383	0
7.58892	-0.322721	-0.313604	7.58892	-0.322721	0
8.70188	-0.299139	-0.326563	8.70188	-0.299139	0
9.73498	-0.3649	-0.326609	9.73498	-0.3649	0
10.7284	-0.359693	-0.326234	10.7284	-0.359693	0
11.7705	-0.339474	-0.312188	11.7705	-0.339474	0
-10.979	-0.295556	-0.318812	-10.979	-0.295556	0
-9.9666	-0.291627	-0.325418	-9.9666	-0.291627	0
-8.92609	-0.307643	-0.34686	-8.92609	-0.307643	0
-7.89564	-0.32172	-0.333475	-7.89564	-0.32172	0
-6.86332	-0.34691	-0.323624	-6.86332	-0.34691	0
-5.81272	-0.289999	-0.323945	-5.81272	-0.289999	0
-4.74111	-0.310368	-0.338411	-4.74111	-0.310368	0
-3.72	-0.2914	-0.316283	-3.72	-0.2914	0
-2.66943	-0.267792	-0.313351	-2.66943	-0.267792	0
-1.64991	-0.323197	-0.317707	-1.64991	-0.323197	0
-0.648475	0.787456	-0.327451	-0.648475	0.787456	0
0.441109	0.727531	-0.316728	0.441109	0.727531	0
1.43968	0.626977	-0.302848	1.43968	0.626977	0
2.44178	0.719113	-0.317852	2.44178	0.719113	0
3.52759	0.701113	-0.339717	3.52759	0.701113	0
4.54645	0.743237	-0.331745	4.54645	0.743237	0
5.56329	0.712696	-0.341916	5.56329	0.712696	0
6.58832	0.702766	-0.301541	6.58832	0.702766	0
7.58359	0.736004	-0.3327	7.58359	0.736004	0
8.64013	0.700096	-0.332444	8.64013	0.700096	0
9.62454	0.618846	-0.29735	9.62454	0.618846	0
10.7184	0.68194	-0.322945	10.7184	0.68194	0
11.7494	0.72757	-0.333715	11.7494	0.72757	0
-11.0677	0.741678	-0.318	-11.0677	0.741678	0
-10.0496	0.763456	-0.314612	-10.0496	0.763456	0
-8.95191	0.716992	-0.327745	-8.95191	0.716992	0
-7.91505	0.692755	-0.332266	-7.91505	0.692755	0
-6.88765	0.67774	-0.297671	-6.88765	0.67774	0
-5.80003	0.691641	-0.294033	-5.80003	0.691641	0
-4.78001	0.799049	-0.325771	-4.78001	0.799049	0
-3.75196	0.774103	-0.337677	-3.75196	0.774103	0
-2.71812	0.803623	-0.341725	-2.71812	0.803623	0
-1.70457	0.774766	-0.302347	-1.70457	0.774766	0
-0.613703	1.77366	-0.329958	-0.613703	1.77366	0
0.406584	1.75741	-0.294857	0.406584	1.75741	0
1.40606	1.65073	-0.31301	1.40606	1.65073	0
2.43515	1.70672	-0.337274	2.43515	1.70672	0
3.52209	1.74598	-0.308886	3.52209	1.74598	0
4.56583	1.72478	-0.317492	4.56583	1.72478	0
5.59168	1.77605	-0.297534	5.59168	1.77605	0
6.55035	1.73831	-0.352334	6.55035	1.73831	0
7.61824	1.68952	-0.324686	7.61824	1.68952	0
8.60883	1.70054	-0.312049	8.60883	1.70054	0
9.68377	1.79012	-0.30063	9.68377	1.79012	0
10.7185	1.79296	-0.302726	10.7185	1.79296	0
11.75	1.75922	-0.343896	11.75	1.75922	0
-10.9972	1.7923	-0.351586	-10.9972	1.7923	0
-9.91669	1.7959	-0.308946	-9.91669	1.7959	0
-8.87424	1.74137	-0.313948	-8.87424	1.74137	0
-7.86051	1.73375	-0.332428	-7.86051	1.73375	0
-6.87696	1.70994	-0.303563	-6.87696	1.70994	0
-5.86818	1.80734	-0.300782	-5.86818	1.80734	0
-4.74378	1.79655	-0.310274	-4.74378	1.79655	0
-3.689	1.79238	-0.305886	-3.689	1.79238	0
-2.67182	1.77721	-0.304703	-2.67182	1.77721	0
-1.6705	1.77692	-0.296191	-1.6705	1.77692	0
-0.650697	2.80134	-0.321395	-0.650697	2.80134	0
0.397374	2.77561	-0.30042	0.397374	2.77561	0
1.40874	2.71747	-0.356054	1.40874	2.71747	0
2.41826	2.77418	-0.341659	2.41826	2.77418	0
3.41883	2.74791	-0.331744	3.41883	2.74791	0
4.51898	2.69038	-0.321523	4.51898	2.69038	0
5.52507	2.779	-0.328211	5.52507	2.779	0
6.63949	2.74885	-0.291513	6.63949	2.74885	0
7.67809	2.75269	-0.32924	7.67809	2.75269	0
8.69884	2.77058	-0.317307	8.69884	2.77058	0
9.67413	2.7842	-0.297408	9.67413	2.7842	0
10.7097	2.78639	-0.302768	10.7097	2.78639	0
11.7626	2.75406	-0.348676	11.7626	2.75406	0
-11.0169	2.83152	-0.312954	-11.0169	2.83152	0
-9.92646	2.79196	-0.335607	-9.92646	2.79196	0
-8.91136	2.77455	-0.329055	-8.91136	2.77455	0
-7.92471	2.7516	-0.329396	-7.92471	2.7516	0
-6.88552	2.76229	-0.29809	-6.88552	2.76229	0
-5.85697	2.85031	-0.323211	-5.85697	2.85031	0
-4.78009	2.82397	-0.340385	-4.78009	2.82397	0
-3.70079	2.87469	-0.324558	-3.70079	2.87469	0
-2.69473	2.81353	-0.303346	-2.69473	2.81353	0
-1.67797	2.8536	-0.319762	-1.67797	2.8536	0
-0.648436	3.85659	-0.312437	-0.648436	3.85659	0
0.348944	3.79626	-0.319075	0.348944	3.79626	0
1.37756	3.85673	-0.299248	1.37756	3.85673	0
2.49218	3.79174	-0.321503	2.49218	3.79174	0
3.45986	3.77383	-0.297222	3.45986	3.77383	0
4.47595	3.78148	-0.330429	4.47595	3.78148	0
5.57177	3.78974	-0.332639	5.57177	3.78974	0
6.63611	3.80233	-0.334886	6.63611	3.80233	0
7.67581	3.73443	-0.319457	7.67581	3.73443	0
8.67409	3.8502	-0.324755	8.67409	3.8502	0
9.69875	3.81072	-0.306728	9.69875	3.81072	0
10.7639	3.79988	-0.324323	10.7639	3.79988	0
11.7512	3.81758	-0.315971	11.7512	3.81758	0
-10.9977	3.85644	-0.309789	-10.9977	3.85644	0
-10.0139	3.81532	-0.301607	-10.0139	3.81532	0
-8.92141	3.82079	-0.315201	-8.92141	3.82079	0
-7.9447	3.7628	-0.313632	-7.9447	3.7628	0
-6.89225	3.84646	-0.307284	-6.89225	3.84646	0
-5.8946	3.86527	-0.289923	-5.8946	3.86527	0
-4.79629	3.84216	-0.341899	-4.79629	3.84216	0
-3.72539	3.85414	-0.330455	-3.72539	3.85414	0
-2.67751	3.8538	-0.33022	-2.67751	3.8538	0
-1.65195	3.91727	-0.318508	-1.65195	3.91727	0
-0.645533	4.88696	-0.309812	-0.645533	4.88696	0
0.444553	4.94685	-0.304287	0.444553	4.94685	0
1.38919	4.85653	-0.30108	1.38919	4.85653	0
2.42447	4.87596	-0.292788	2.42447	4.87596	0
3.46248	4.83012	-0.319999	3.46248	4.83012	0
4.49203	4.83042	-0.290555	4.49203	4.83042	0
5.46031	4.81127	-0.331239	5.46031	4.81127	0
6.55475	4.85755	-0.305927	6.55475	4.85755	0
7.57571	4.8052	-0.341505	7.57571	4.8052	0
8.57326	4.82058	-0.325232	8.57326	4.82058	0
9.61954	4.83551	-0.340614	9.61954	4.83551	0
10.6922	4.79977	-0.330808	10.6922	4.79977	0
11.8349	4.90024	-0.326329	11.8349	4.90024	0
-10.9679	4.84417	-0.30373	-10.9679	4.84417	0
-10.0123	4.84047	-0.291372	-10.0123	4.84047	0
-8.93258	4.88097	-0.309603	-8.93258	4.88097	0
-7.90532	4.8217	-0.343315	-7.90532	4.8217	0
-6.89405	4.8702	-0.33289	-6.89405	4.8702	0
-5.82519	4.86871	-0.294811	-5.82519	4.86871	0
-4.81048	4.84716	-0.30652	-4.81048	4.84716	0
-3.8021	4.86019	-0.292437	-3.8021	4.86019	0
-2.719	4.85051	-0.334016	-2.719	4.85051	0
-1.66267	4.9723	-0.327159	-1.66267	4.9723	0
-0.661568	5.94	-0.333691	-0.661568	5.94	0
0.389515	5.96483	-0.292874	0.389515	5.96483	0
1.41822	5.92854	-0.316578	1.41822	5.92854	0
2.49551	5.9563	-0.331465	2.49551	5.9563	0
3.48052	5.97181	-0.32099	3.48052	5.97181	0
4.45716	5.83707	-0.344867	4.45716	5.83707	0
5.48349	5.84288	-0.313125	5.48349	5.84288	0
6.51308	5.87141	-0.298814	6.51308	5.87141	0
7.57062	5.86476	-0.298599	7.57062	5.86476	0
8.60893	5.86263	-0.309378	8.60893	5.86263	0
9.67621	5.83222	-0.326042	9.67621	5.83222	0
10.6385	5.83579	-0.337932	10.6385	5.83579	0
11.7346	5.863	-0.306149	11.7346	5.863	0
-11.045	5.89998	-0.322822	-11.045	5.89998	0
-10.0074	5.87716	-0.320228	-10.0074	5.87716	0
-8.9835	5.89958	-0.311978	-8.9835	5.89958	0
-7.93558	5.87375	-0.346978	-7.93558	5.87375	0
-6.87748	5.88024	-0.301223	-6.87748	5.88024	0
-5.79501	5.86742	-0.291457	-5.79501	5.86742	0
-4.85315	5.98617	-0.312807	-4.85315	5.98617	0
-3.80075	5.93078	-0.343474	-3.80075	5.93078	0
-2.72167	5.93101	-0.304706	-2.72167	5.93101	0
-1.66254	5.96813	-0.321679	-1.66254	5.96813	0
-0.659116	6.97849	-0.311728	-0.659116	6.97849	0
0.381082	6.97034	-0.289372	0.381082	6.97034	0
1.41384	6.98392	-0.286301	1.41384	6.98392	0
2.39387	7.01282	-0.311415	2.39387	7.01282	0
3.45341	6.98239	-0.308073	3.45341	6.98239	0
4.50432	6.85088	-0.338624	4.50432	6.85088	0
5.55015	6.9391	-0.294595	5.55015	6.9391	0
6.53303	6.88481	-0.324562	6.53303	6.88481	0
7.62195	6.87664	-0.317778	7.62195	6.87664	0
8.61801	6.87811	-0.312535	8.61801	6.87811	0
9.64631	6.87584	-0.3325	9.64631	6.87584	0
10.6637	6.87192	-0.30253	10.6637	6.87192	0
11.6978	6.88612	-0.297003	11.6978	6.88612	0
-11.053	6.93442	-0.296758	-11.053	6.93442	0
-10.0661	6.90765	-0.310398	-10.0661	6.90765	0
-9.02711	6.93091	-0.332956	-9.02711	6.93091	0
-8.02604	6.92269	-0.352271	-8.02604	6.92269	0
-6.95613	6.87473	-0.276522	-6.95613	6.87473	0
-5.9287	6.97493	-0.303686	-5.9287	6.97493	0
-4.82403	6.95354	-0.316362	-4.82403	6.95354	0
-3.80429	6.91274	-0.296589	-3.80429	6.91274	0
-2.7811	6.9406	-0.3255	-2.7811	6.9406	0
-1.73328	6.95079	-0.309535	-1.73328	6.95079	0
-0.698438	7.98061	-0.3372	-0.698438	7.98061	0
0.345275	7.96837	-0.329215	0.345275	7.96837	0
1.4023	7.9969	-0.324535	1.4023	7.9969	0
2.46391	8.01125	-0.319183	2.46391	8.01125	0
3.46501	8.0462	-0.302417	3.46501	8.0462	0
4.50708	7.98002	-0.304876	4.50708	7.98002	0
5.50193	7.9652	-0.325427	5.50193	7.9652	0
6.56484	7.90638	-0.314187	6.56484	7.90638	0
7.55839	7.87743	-0.317104	7.55839	7.87743	0
8.61297	7.90758	-0.328257	8.61297	7.90758	0
9.68653	7.90889	-0.329104	9.68653	7.90889	0
10.7065	7.89251	-0.305283	10.7065	7.89251	0
11.6867	7.97537	-0.303871	11.6867	7.97537	0
-11.0704	7.97553	-0.323165	-11.0704	7.97553	0
-10.0871	7.91196	-0.341303	-10.0871	7.91196	0
-9.03936	7.95566	-0.308755	-9.03936	7.95566	0
-8.01362	7.90042	-0.340563	-8.01362	7.90042	0
-7.00912	7.91102	-0.324559	-7.00912	7.91102	0
-5.9683	7.93076	-0.312237	-5.9683	7.93076	0
-4.86082	7.97137	-0.326012	-4.86082	7.97137	0
-3.83519	7.88011	-0.324609	-3.83519	7.88011	0
-2.75438	7.94173	-0.32449	-2.75438	7.94173	0
-1.72921	8.01012	-0.326209	-1.72921	8.01012	0
-0.694915	8.99958	-0.331604	-0.694915	8.99958	0
0.432605	8.98569	-0.321534	0.432605	8.98569	0
1.46704	9.01233	-0.29334	1.46704	9.01233	0
2.4028	9.06757	-0.306327	2.4028	9.06757	0
3.43918	9.05835	-0.336931	3.43918	9.05835	0
4.51302	9.07262	-0.313579	4.51302	9.07262	0
5.49959	8.92507	-0.334226	5.49959	8.92507	0
6.53269	8.95561	-0.31446	6.53269	8.95561	0
7.59662	8.90486	-0.321431	7.59662	8.90486	0
8.66634	8.92148	-0.30189	8.66634	8.92148	0
9.64758	8.96249	-0.302217	9.64758	8.96249	0
10.6773	8.97073	-0.31497	10.6773	8.97073	0
11.7255	8.98604	-0.310185	11.7255	8.98604	0
-11.0225	9.02844	-0.318818	-11.0225	9.02844	0
-10.0346	9.00982	-0.327193	-10.0346	9.00982	0
-9.03045	9.01442	-0.292095	-9.03045	9.01442	0
-7.94727	8.91702	-0.31612	-7.94727	8.91702	0
-6.93324	8.90379	-0.322576	-6.93324	8.90379	0
-5.89119	8.91206	-0.341404	-5.89119	8.91206	0
-4.89887	8.97388	-0.309864	-4.89887	8.97388	0
-3.826	8.91233	-0.314224	-3.826	8.91233	0
-2.70265	8.99336	-0.316074	-2.70265	8.99336	0
-1.7195	8.98318	-0.291469	-1.7195	8.98318	0
-0.672106	10.019	-0.319385	-0.672106	10.019	0
0.385719	9.98317	-0.314002	0.385719	9.98317	0
1.40765	10.0336	-0.300895	1.40765	10.0336	0
2.44771	10.1127	-0.315786	2.44771	10.1127	0
3.44995	10.0751	-0.306138	3.44995	10.0751	0
4.50503	10.0664	-0.280183	4.50503	10.0664	0
5.55071	10.0786	-0.322009	5.55071	10.0786	0
6.53353	10.0069	-0.332318	6.53353	10.0069	0
7.53822	9.98609	-0.303902	7.53822	9.98609	0
8.60306	10.0291	-0.319303	8.60306	10.0291	0
9.68324	9.97157	-0.349924	9.68324	9.97157	0
10.695	10.0356	-0.313102	10.695	10.0356	0
11.7073	10.0011	-0.336717	11.7073	10.0011	0
-11.1141	10.0571	-0.322703	-11.1141	10.0571	0
-10.0345	10.0162	-0.330248	-10.0345	10.0162	0
-9.00434	10.0181	-0.316692	-9.00434	10.0181	0
-7.92296	9.9514	-0.316536	-7.92296	9.9514	0
-6.9545	10.0074	-0.324652	-6.9545	10.0074	0
-5.91532	9.95416	-0.326799	-5.91532	9.95416	0
-4.86563	9.99095	-0.316929	-4.86563	9.99095	0
-3.82271	9.99699	-0.323113	-3.82271	9.99699	0
-2.74675	9.99407	-0.315997	-2.74675	9.99407	0
-1.70121	10.0056	-0.349374	-1.70121	10.0056	0
-0.710935	11.0821	-0.299887	-0.710935	11.0821	0
0.362553	10.9768	-0.314873	0.362553	10.9768	0
1.36485	11.0474	-0.33281	1.36485	11.0474	0
2.42501	11.0803	-0.341651	2.42501	11.0803	0
3.43119	11.1436	-0.312675	3.43119	11.1436	0
4.49163	11.1352	-0.303781	4.49163	11.1352	0
5.54	11.1048	-0.274925	5.54	11.1048	0
6.56626	11.0593	-0.323089	6.56626	11.0593	0
7.57643	10.9985	-0.295765	7.57643	10.9985	0
8.65225	11.0434	-0.327163	8.65225	11.0434	0
9.64527	11.0159	-0.317576	9.64527	11.0159	0
10.7424	11.053	-0.280095	10.7424	11.053	0
11.7158	11.0923	-0.314472	11.7158	11.0923	0
-10.9867	11.0657	-0.321051	-10.9867	11.0657	0
-9.96611	11.0052	-0.346314	-9.96611	11.0052	0
-8.94049	11.0375	-0.30707	-8.94049	11.0375	0
-7.97214	11.0537	-0.301696	-7.97214	11.0537	0
-6.95092	11.0124	-0.338973	-6.95092	11.0124	0
-5.90326	11.038	-0.313505	-5.90326	11.038	0
-4.82455	10.9801	-0.325665	-4.82455	10.9801	0
-3.81587	11.0667	-0.288248	-3.81587	11.0667	0
-2.81039	11.0038	-0.302326	-2.81039	11.0038	0
-1.73665	11.0631	-0.347494	-1.73665	11.0631	0
-0.687835	-11.7035	-0.324626	-0.687835	-11.7035	0
0.317822	-11.7562	-0.304309	0.317822	-11.7562	0
1.34519	-11.6879	-0.329095	1.34519	-11.6879	0
2.35961	-11.6384	-0.334511	2.35961	-11.6384	0
3.42357	-11.6106	-0.320417	3.42357	-11.6106	0
4.49202	-11.6623	-0.321256	4.49202	-11.6623	0
5.53986	-11.6868	-0.312316	5.53986	-11.6868	0
6.62118	-11.6749	-0.302404	6.62118	-11.6749	0
7.64475	-11.705	-0.294549	7.64475	-11.705	0
8.64493	-11.7679	-0.291112	8.64493	-11.7679	0
9.67421	-11.7292	-0.325885	9.67421	-11.7292	0
10.7045	-11.7282	-0.329152	10.7045	-11.7282	0
11.7701	-11.6828	-0.300904	11.7701	-11.6828	0
-11.0272	-11.6649	-0.315619	-11.0272	-11.6649	0
-9.98067	-11.6346	-0.323945	-9.98067	-11.6346	0
-8.93664	-11.675	-0.305123	-8.93664	-11.675	0
-7.93727	-11.701	-0.305437	-7.93727	-11.701	0
-6.87125	-11.6717	-0.340259	-6.87125	-11.6717	0
-5.85655	-11.7759	-0.316584	-5.85655	-11.7759	0
-4.83843	-11.7909	-0.328296	-4.83843	-11.7909	0
-3.79003	-11.7398	-0.296091	-3.79003	-11.7398	0
-2.77472	-11.7244	-0.318206	-2.77472	-11.7244	0
-1.72015	-11.6975	-0.334316	-1.72015	-11.6975	0
-0.686389	-10.592	-0.309933	-0.686389	-10.592	0
0.367876	-10.6895	-0.313748	0.367876	-10.6895	0
1.30844	-10.6404	-0.313328	1.30844	-10.6404	0
2.41512	-10.6176	-0.337128	2.41512	-10.6176	0
3.42753	-10.6321	-0.309385	3.42753	-10.6321	0
4.44292	-10.6508	-0.34587	4.44292	-10.6508	0
5.5576	-10.6599	-0.298134	5.5576	-10.6599	0
6.60189	-10.6035	-0.289861	6.60189	-10.6035	0
7.64413	-10.6608	-0.325387	7.64413	-10.6608	0
8.68384	-10.6768	-0.329695	8.68384	-10.6768	0
9.69587	-10.6924	-0.300868	9.69587	-10.6924	0
10.7281	-10.6832	-0.303058	10.7281	-10.6832	0
11.7561	-10.5439	-0.301945	11.7561	-10.5439	0
-11.0098	-10.6028	-0.320641	-11.0098	-10.6028	0
-9.99778	-10.6435	-0.313688	-9.99778	-10.6435	0
-8.93618	-10.6569	-0.324754	-8.93618	-10.6569	0
-7.98654	-10.6727	-0.368825	-7.98654	-10.6727	0
-6.88682	-10.6463	-0.315887	-6.88682	-10.6463	0
-5.8125	-10.74	-0.306353	-5.8125	-10.74	0
-4.78697	-10.74	-0.299294	-4.78697	-10.74	0
-3.73476	-10.6598	-0.29063	-3.73476	-10.6598	0
-2.76239	-10.7428	-0.32899	-2.76239	-10.7428	0
-1.78706	-10.6655	-0.31966	-1.78706	-10.6655	0
-0.702873	-9.57945	-0.32158	-0.702873	-9.57945	0
0.344901	-9.59871	-0.332862	0.344901	-9.59871	0
1.40959	-9.67036	-0.318142	1.40959	-9.67036	0
2.39455	-9.64546	-0.313207	2.39455	-9.64546	0
3.5175	-9.60699	-0.335304	3.5175	-9.60699	0
4.53529	-9.59144	-0.298348	4.53529	-9.59144	0
5.53343	-9.63047	-0.327021	5.53343	-9.63047	0
6.57176	-9.61531	-0.298374	6.57176	-9.61531	0
7.63093	-9.595	-0.323406	7.63093	-9.595	0
8.63136	-9.5942	-0.295453	8.63136	-9.5942	0
9.64806	-9.64531	-0.312459	9.64806	-9.64531	0
10.697	-9.61136	-0.327764	10.697	-9.61136	0
11.7417	-9.57079	-0.336512	11.7417	-9.57079	0
-10.982	-9.61945	-0.330961	-10.982	-9.61945	0
-9.99616	-9.65891	-0.31658	-9.99616	-9.65891	0
-8.90527	-9.63676	-0.321489	-8.90527	-9.63676	0
-7.91655	-9.59702	-0.318039	-7.91655	-9.59702	0
-6.92619	-9.67297	-0.323469	-6.92619	-9.67297	0
-5.85325	-9.72869	-0.335622	-5.85325	-9.72869	0
-4.84282	-9.68944	-0.310356	-4.84282	-9.68944	0
-3.75653	-9.65884	-0.311235	-3.75653	-9.65884	0
-2.76997	-9.63156	-0.324071	-2.76997	-9.63156	0
-1.75583	-9.59346	-0.324807	-1.75583	-9.59346	0
-0.71545	-8.59817	-0.287222	-0.71545	-8.59817	0
0.292281	-8.57725	-0.294213	0.292281	-8.57725	0
1.39598	-8.61364	-0.296279	1.39598	-8.61364	0
2.41297	-8.58654	-0.320366	2.41297	-8.58654	0
3.47819	-8.57491	-0.311095	3.47819	-8.57491	0
4.53556	-8.54512	-0.323819	4.53556	-8.54512	0
5.57263	-8.50322	-0.331474	5.57263	-8.50322	0
6.57739	-8.57599	-0.323181	6.57739	-8.57599	0
7.64943	-8.54808	-0.31872	7.64943	-8.54808	0
8.67863	-8.53223	-0.321446	8.67863	-8.53223	0
9.62261	-8.59296	-0.307639	9.62261	-8.59296	0
10.7217	-8.58577	-0.339927	10.7217	-8.58577	0
11.735	-8.55352	-0.338119	11.735	-8.55352	0
-11.0032	-8.57196	-0.322299	-11.0032	-8.57196	0
-9.98759	-8.57536	-0.336466	-9.98759	-8.57536	0
-8.99835	-8.65076	-0.338515	-8.99835	-8.65076	0
-7.90836	-8.59709	-0.341221	-7.90836	-8.59709	0
-6.84737	-8.64871	-0.299173	-6.84737	-8.64871	0
-5.87196	-8.64551	-0.327768	-5.87196	-8.64551	0
-4.79741	-8.65346	-0.298276	-4.79741	-8.65346	0
-3.7795	-8.63429	-0.323961	-3.7795	-8.63429	0
-2.78178	-8.61341	-0.33596	-2.78178	-8.61341	0
-1.78293	-8.62997	-0.328369	-1.78293	-8.62997	0
-0.702847	-7.56668	-0.330213	-0.702847	-7.56668	0
0.312514	-7.50109	-0.321008	0.312514	-7.50109	0
1.33162	-7.58376	-0.326195	1.33162	-7.58376	0
2.44241	-7.57837	-0.284418	2.44241	-7.57837	0
3.46714	-7.55889	-0.330769	3.46714	-7.55889	0
4.49528	-7.47743	-0.278367	4.49528	-7.47743	0
5.54795	-7.50226	-0.31292	5.54795	-7.50226	0
6.61145	-7.52029	-0.274757	6.61145	-7.52029	0
7.62528	-7.53543	-0.339406	7.62528	-7.53543	0
8.59837	-7.50962	-0.327271	8.59837	-7.50962	0
9.66758	-7.55731	-0.322188	9.66758	-7.55731	0
10.6591	-7.54025	-0.331162	10.6591	-7.54025	0
11.7344	-7.49104	-0.318884	11.7344	-7.49104	0
-11.0688	-7.55164	-0.292327	-11.0688	-7.55164	0
-10.0331	-7.50401	-0.313105	-10.0331	-7.50401	0
-9.0012	-7.57167	-0.319556	-9.0012	-7.57167	0
-7.92091	-7.59172	-0.316038	-7.92091	-7.59172	0
-6.86539	-7.58094	-0.333845	-6.86539	-7.58094	0
-5.81795	-7.59576	-0.297511	-5.81795	-7.59576	0
-4.82081	-7.61738	-0.333543	-4.82081	-7.61738	0
-3.77317	-7.59831	-0.292034	-3.77317	-7.59831	0
-2.69718	-7.59139	-0.304707	-2.69718	-7.59139	0
-1.73097	-7.56666	-0.32527	-1.73097	-7.56666	0
-0.674701	-6.48446	-0.324676	-0.674701	-6.48446	0
0.310471	-6.49927	-0.287781	0.310471	-6.49927	0
1.4306	-6.54274	-0.321122	1.4306	-6.54274	0
2.43077	-6.48781	-0.314692	2.43077	-6.48781	0
3.48856	-6.51028	-0.328489	3.48856	-6.51028	0
4.50984	-6.48306	-0.310605	4.50984	-6.48306	0
5.5619	-6.51203	-0.31845	5.5619	-6.51203	0
6.58144	-6.47395	-0.33285	6.58144	-6.47395	0
7.65243	-6.45343	-0.337018	7.65243	-6.45343	0
8.6433	-6.56452	-0.307986	8.6433	-6.56452	0
9.70189	-6.51595	-0.317479	9.70189	-6.51595	0
10.7367	-6.46414	-0.34754	10.7367	-6.46414	0
11.7287	-6.49475	-0.334352	11.7287	-6.49475	0
-11.0088	-6.51134	-0.312049	-11.0088	-6.51134	0
-9.98509	-6.5029	-0.320876	-9.98509	-6.5029	0
-8.90314	-6.50708	-0.336002	-8.90314	-6.50708	0
-7.92703	-6.53777	-0.323683	-7.92703	-6.53777	0
-6.82069	-6.56111	-0.323055	-6.82069	-6.56111	0
-5.83885	-6.61234	-0.316816	-5.83885	-6.61234	0
-4.82016	-6.54811	-0.316713	-4.82016	-6.54811	0
-3.67437	-6.57519	-0.333581	-3.67437	-6.57519	0
-2.6885	-6.50291	-0.31072	-2.6885	-6.50291	0
-1.68381	-6.51095	-0.317915	-1.68381	-6.51095	0
-0.616028	-5.44169	-0.317607	-0.616028	-5.44169	0
0.385032	-5.48314	-0.291274	0.385032	-5.48314	0
1.45551	-5.49516	-0.303813	1.45551	-5.49516	0
2.49118	-5.46277	-0.330107	2.49118	-5.46277	0
3.48498	-5.49334	-0.284661	3.48498	-5.49334	0
4.54834	-5.46867	-0.330836	4.54834	-5.46867	0
5.62585	-5.50567	-0.311497	5.62585	-5.50567	0
6.59285	-5.51223	-0.316487	6.59285	-5.51223	0
7.69687	-5.42084	-0.32558	7.69687	-5.42084	0
8.68386	-5.5007	-0.312564	8.68386	-5.5007	0
9.67584	-5.51173	-0.305395	9.67584	-5.51173	0
10.706	-5.46339	-0.323037	10.706	-5.46339	0
11.8092	-5.46453	-0.326562	11.8092	-5.46453	0
-10.9757	-5.5509	-0.329686	-10.9757	-5.5509	0
-9.90239	-5.41758	-0.30843	-9.90239	-5.41758	0
-8.90616	-5.47636	-0.283093	-8.90616	-5.47636	0
-7.88599	-5.57092	-0.325563	-7.88599	-5.57092	0
-6.85181	-5.59958	-0.29682	-6.85181	-5.59958	0
-5.81331	-5.48511	-0.315928	-5.81331	-5.48511	0
-4.78659	-5.52498	-0.32818	-4.78659	-5.52498	0
-3.71572	-5.50846	-0.306162	-3.71572	-5.50846	0
-2.64533	-5.44826	-0.282796	-2.64533	-5.44826	0
-1.66929	-5.4703	-0.321215	-1.66929	-5.4703	0
-0.63474	-4.43045	-0.316498	-0.63474	-4.43045	0
0.419366	-4.455	-0.317673	0.419366	-4.455	0
1.4464	-4.43711	-0.329009	1.4464	-4.43711	0
2.42551	-4.41984	-0.310801	2.42551	-4.41984	0
3.49414	-4.42833	-0.306884	3.49414	-4.42833	0
4.47923	-4.42873	-0.3263	4.47923	-4.42873	0
5.58983	-4.45185	-0.329532	5.58983	-4.45185	0
6.58352	-4.5164	-0.318006	6.58352	-4.5164	0
7.6437	-4.42057	-0.310487	7.6437	-4.42057	0
8.65463	-4.3993	-0.336096	8.65463	-4.3993	0
9.71338	-4.48315	-0.340456	9.71338	-4.48315	0
10.7617	-4.49189	-0.32215	10.7617	-4.49189	0
11.8215	-4.47525	-0.33796	11.8215	-4.47525	0
-10.9579	-4.41097	-0.323348	-10.9579	-4.41097	0
-9.95095	-4.42179	-0.288606	-9.95095	-4.42179	0
-8.86587	-4.45691	-0.298179	-8.86587	-4.45691	0
-7.8769	-4.54667	-0.313969	-7.8769	-4.54667	0
-6.8236	-4.51118	-0.305942	-6.8236	-4.51118	0
-5.80538	-4.46372	-0.32045	-5.80538	-4.46372	0
-4.73822	-4.44514	-0.302014	-4.73822	-4.44514	0
-3.76145	-4.44529	-0.318293	-3.76145	-4.44529	0
-2.72126	-4.44392	-0.322022	-2.72126	-4.44392	0
-1.63624	-4.48723	-0.333512	-1.63624	-4.48723	0
-0.628705	-3.40656	-0.32982	-0.628705	-3.40656	0
0.409053	-3.35787	-0.313697	0.409053	-3.35787	0
1.43458	-3.36666	-0.303642	1.43458	-3.36666	0
2.43748	-3.39605	-0.287203	2.43748	-3.39605	0
3.44064	-3.43466	-0.305483	3.44064	-3.43466	0
4.4906	-3.43071	-0.30422	4.4906	-3.43071	0
5.51909	-3.38277	-0.295639	5.51909	-3.38277	0
6.55174	-3.44378	-0.317248	6.55174	-3.44378	0
7.62165	-3.38474	-0.316247	7.62165	-3.38474	0
8.63871	-3.43228	-0.317321	8.63871	-3.43228	0
9.68945	-3.50176	-0.325493	9.68945	-3.50176	0
10.7563	-3.43672	-0.314307	10.7563	-3.43672	0
11.7499	-3.39257	-0.333369	11.7499	-3.39257	0
-10.9709	-3.40161	-0.326254	-10.9709	-3.40161	0
-9.95919	-3.403	-0.319306	-9.95919	-3.403	0
-8.90259	-3.44614	-0.328781	-8.90259	-3.44614	0
-7.8675	-3.43433	-0.31117	-7.8675	-3.43433	0
-6.84492	-3.42528	-0.305943	-6.84492	-3.42528	0
-5.76797	-3.43902	-0.300284	-5.76797	-3.43902	0
-4.72012	-3.35553	-0.323786	-4.72012	-3.35553	0
-3.65448	-3.41911	-0.292786	-3.65448	-3.41911	0
-2.6706	-3.37577	-0.334465	-2.6706	-3.37577	0
-1.63663	-3.37474	-0.291622	-1.63663	-3.37474	0
-0.598948	-2.31163	-0.309726	-0.598948	-2.31163	0
0.441304	-2.36324	-0.30866	0.441304	-2.36324	0
1.48201	-2.33635	-0.339289	1.48201	-2.33635	0
2.46331	-2.32682	-0.32706	2.46331	-2.32682	0
3.51675	-2.38087	-0.317394	3.51675	-2.38087	0
4.53983	-2.45398	-0.327601	4.53983	-2.45398	0
5.53201	-2.35399	-0.330027	5.53201	-2.35399	0
6.58907	-2.4494	-0.356537	6.58907	-2.4494	0
7.68782	-2.40857	-0.334226	7.68782	-2.40857	0
8.67563	-2.38756	-0.321328	8.67563	-2.38756	0
9.65487	-2.41964	-0.322979	9.65487	-2.41964	0
10.7115	-2.35323	-0.322898	10.7115	-2.35323	0
11.7659	-2.3151	-0.313071	11.7659	-2.3151	0
-10.9663	-2.37576	-0.311207	-10.9663	-2.37576	0
-9.95748	-2.40235	-0.313208	-9.95748	-2.40235	0
-8.90891	-2.37171	-0.311405	-8.90891	-2.37171	0
-7.81911	-2.3832	-0.307822	-7.81911	-2.3832	0
-6.82345	-2.4164	-0.319067	-6.82345	-2.4164	0
-5.77924	-2.42936	-0.308899	-5.77924	-2.42936	0
-4.68008	-2.35916	-0.299807	-4.68008	-2.35916	0
-3.66541	-2.40852	-0.306104	-3.66541	-2.40852	0
-2.67583	-2.32274	-0.262362	-2.67583	-2.32274	0
-1.62969	-2.26719	-0.305015	-1.62969	-2.26719	0
-0.655457	-1.24868	-0.301046	-0.655457	-1.24868	0
0.369359	-1.3189	-0.311751	0.369359	-1.3189	0
1.48672	-1.33734	-0.311893	1.48672	-1.33734	0
2.50243	-1.33815	-0.327941	2.50243	-1.33815	0
3.54649	-1.31395	-0.31928	3.54649	-1.31395	0
4.51786	-1.40008	-0.308093	4.51786	-1.40008	0
5.51462	-1.35581	-0.343062	5.51462	-1.35581	0
6.57494	-1.3973	-0.344268	6.57494	-1.3973	0
7.60979	-1.37536	-0.329524	7.60979	-1.37536	0
8.69052	-1.35095	-0.331707	8.69052	-1.35095	0
9.70552	-1.40081	-0.331562	9.70552	-1.40081	0
10.7018	-1.40463	-0.305755	10.7018	-1.40463	0
11.7567	-1.33619	-0.337501	11.7567	-1.33619	0
-10.9929	-1.37087	-0.279273	-10.9929	-1.37087	0
-9.95509	-1.3502	-0.31474	-9.95509	-1.3502	0
-8.92741	-1.3467	-0.287463	-8.92741	-1.3467	0
-7.8635	-1.34281	-0.28772	-7.8635	-1.34281	0
-6.84573	-1.35722	-0.317577	-6.84573	-1.35722	0
-5.82705	-1.37946	-0.32022	-5.82705	-1.37946	0
-4.77963	-1.28155	-0.335684	-4.77963	-1.28155	0
-3.69791	-1.29669	-0.307949	-3.69791	-1.29669	0
-2.66729	-1.21457	-0.308323	-2.66729	-1.21457	0
-1.64536	-1.2792	-0.28639	-1.64536	-1.2792	0
-0.129986	0.261651	0.273403	-0.129986	0.261651	0
0.889514	0.152048	0.303169	0.889514	0.152048	0
1.97048	0.132106	0.341678	1.97048	0.132106	0
2.989	0.211254	0.316174	2.989	0.211254	0
4.03149	0.225679	0.327471	4.03149	0.225679	0
5.02743	0.234658	0.308171	5.02743	0.234658	0
6.0626	0.188015	0.338669	6.0626	0.188015	0
7.10554	0.145433	0.325654	7.10554	0.145433	0
8.09653	0.183419	0.272503	8.09653	0.183419	0
9.16098	0.141387	0.333903	9.16098	0.141387	0
10.2044	0.165486	0.312213	10.2044	0.165486	0
11.3048	0.187927	0.325984	11.3048	0.187927	0
-11.5234	0.187829	0.347302	-11.5234	0.187829	0
-10.5082	0.229056	0.334818	-10.5082	0.229056	0
-9.46629	0.226761	0.270929	-9.46629	0.226761	0
-8.42767	0.179047	0.341929	-8.42767	0.179047	0
-7.37375	0.161202	0.338678	-7.37375	0.161202	0
-6.30291	0.143055	0.337609	-6.30291	0.143055	0
-5.25408	0.221384	0.323103	-5.25408	0.221384	0
-4.28313	0.245933	0.307083	-4.28313	0.245933	0
-3.24108	0.232531	0.292391	-3.24108	0.232531	0
-2.1904	0.274768	0.308679	-2.1904	0.274768	0
-1.13694	0.329196	0.316427	-1.13694	0.329196	0
-0.0977465	1.20394	0.315437	-0.0977465	1.20394	0
0.912543	1.20463	0.329864	0.912543	1.20463	0
1.95132	1.19004	0.31242	1.95132	1.19004	0
3.0078	1.15101	0.314258	3.0078	1.15101	0
4.03679	1.21271	0.327357	4.03679	1.21271	0
5.02976	1.29237	0.3128	5.02976	1.29237	0
6.10615	1.22747	0.345289	6.10615	1.22747	0
7.087	1.22906	0.338848	7.087	1.22906	0
8.07964	1.15547	0.324327	8.07964	1.15547	0
9.18659	1.23198	0.302514	9.18659	1.23198	0
10.1857	1.22576	0.319238	10.1857	1.22576	0
11.2364	1.25947	0.282916	11.2364	1.25947	0
-11.5176	1.26543	0.349833	-11.5176	1.26543	0
-10.5112	1.29383	0.30918	-10.5112	1.29383	0
-9.43715	1.22191	0.296039	-9.43715	1.22191	0
-8.3612	1.21412	0.318285	-8.3612	1.21412	0
-7.37236	1.2403	0.308221	-7.37236	1.2403	0
-6.36619	1.17823	0.322059	-6.36619	1.17823	0
-5.35283	1.31716	0.297715	-5.35283	1.31716	0
-4.24365	1.23605	0.332597	-4.24365	1.23605	0
-3.17438	1.25716	0.316549	-3.17438	1.25716	0
-2.1921	1.29274	0.317157	-2.1921	1.29274	0
-1.16039	1.32068	0.306875	-1.16039	1.32068	0
-0.114187	2.28399	0.328029	-0.114187	2.28399	0
0.859262	2.2614	0.355615	0.859262	2.2614	0
1.95092	2.25383	0.315167	1.95092	2.25383	0
2.92892	2.24154	0.312335	2.92892	2.24154	0
4.01255	2.2864	0.313431	4.01255	2.2864	0
5.12184	2.27597	0.30834	5.12184	2.27597	0
6.09929	2.27617	0.330196	6.09929	2.27617	0
7.10152	2.22065	0.311159	7.10152	2.22065	0
8.09112	2.1899	0.341505	8.09112	2.1899	0
9.13237	2.19895	0.311292	9.13237	2.19895	0
10.1675	2.28364	0.338667	10.1675	2.28364	0
11.2699	2.31057	0.334672	11.2699	2.31057	0
-11.4693	2.24729	0.322446	-11.4693	2.24729	0
-10.4684	2.27045	0.31539	-10.4684	2.27045	0
-9.37977	2.25323	0.312628	-9.37977	2.25323	0
-8.37186	2.22657	0.325977	-8.37186	2.22657	0
-7.35846	2.21236	0.316008	-7.35846	2.21236	0
-6.32391	2.29024	0.333526	-6.32391	2.29024	0
-5.29239	2.31739	0.313836	-5.29239	2.31739	0
-4.25929	2.2934	0.315548	-4.25929	2.2934	0
-3.21484	2.32142	0.326624	-3.21484	2.32142	0
-2.18235	2.29096	0.330421	-2.18235	2.29096	0
-1.20399	2.33776	0.288225	-1.20399	2.33776	0
-0.181918	3.28288	0.32869	-0.181918	3.28288	0
0.942253	3.25959	0.30161	0.942253	3.25959	0
1.92089	3.30509	0.303123	1.92089	3.30509	0
2.95414	3.2505	0.309936	2.95414	3.2505	0
4.00699	3.26563	0.324962	4.00699	3.26563	0
4.95663	3.26226	0.312976	4.95663	3.26226	0
6.0809	3.27989	0.331222	6.0809	3.27989	0
7.09869	3.28809	0.319741	7.09869	3.28809	0
8.16933	3.26442	0.32816	8.16933	3.26442	0
9.18085	3.29527	0.30778	9.18085	3.29527	0
10.2413	3.29349	0.306992	10.2413	3.29349	0
11.2512	3.32363	0.342644	11.2512	3.32363	0
-11.5042	3.29238	0.324647	-11.5042	3.29238	0
-10.4587	3.29784	0.337362	-10.4587	3.29784	0
-9.45658	3.30968	0.291778	-9.45658	3.30968	0
-8.45181	3.22463	0.340252	-8.45181	3.22463	0
-7.41934	3.27072	0.292644	-7.41934	3.27072	0
-6.39231	3.32951	0.319398	-6.39231	3.32951	0
-5.32136	3.31189	0.32499	-5.32136	3.31189	0
-4.23528	3.3303	0.274499	-4.23528	3.3303	0
-3.22818	3.39352	0.339257	-3.22818	3.39352	0
-2.17313	3.36701	0.296445	-2.17313	3.36701	0
-1.16145	3.32171	0.317623	-1.16145	3.32171	0
-0.109161	4.37294	0.288212	-0.109161	4.37294	0
0.860756	4.29295	0.298036	0.860756	4.29295	0
1.92817	4.35441	0.31047	1.92817	4.35441	0
2.93496	4.32167	0.321303	2.93496	4.32167	0
4.01343	4.32003	0.319214	4.01343	4.32003	0
5.02648	4.29128	0.330875	5.02648	4.29128	0
6.05653	4.30784	0.333248	6.05653	4.30784	0
7.0719	4.31915	0.309069	7.0719	4.31915	0
8.09594	4.32774	0.336092	8.09594	4.32774	0
9.15513	4.32914	0.311968	9.15513	4.32914	0
10.1907	4.30214	0.313752	10.1907	4.30214	0
11.253	4.38761	0.30736	11.253	4.38761	0
-11.4813	4.33901	0.314148	-11.4813	4.33901	0
-10.4929	4.31021	0.356797	-10.4929	4.31021	0
-9.46304	4.29363	0.295295	-9.46304	4.29363	0
-8.40268	4.30992	0.29062	-8.40268	4.30992	0
-7.39219	4.27404	0.317629	-7.39219	4.27404	0
-6.36949	4.40896	0.31145	-6.36949	4.40896	0
-5.34256	4.3429	0.338489	-5.34256	4.3429	0
-4.29791	4.30683	0.342946	-4.29791	4.30683	0
-3.21591	4.36537	0.317085	-3.21591	4.36537	0
-2.21135	4.37295	0.303658	-2.21135	4.37295	0
-1.17872	4.41583	0.334999	-1.17872	4.41583	0
-0.116077	5.40187	0.29467	-0.116077	5.40187	0
0.911848	5.42348	0.337878	0.911848	5.42348	0
1.97039	5.45151	0.333428	1.97039	5.45151	0
2.99594	5.38451	0.329993	2.99594	5.38451	0
3.95587	5.3991	0.307131	3.95587	5.3991	0
4.98301	5.32931	0.322826	4.98301	5.32931	0
5.9878	5.34438	0.313995	5.9878	5.34438	0
7.03799	5.36136	0.34071	7.03799	5.36136	0
8.07178	5.32042	0.329959	8.07178	5.32042	0
9.13772	5.35886	0.30339	9.13772	5.35886	0
10.138	5.31183	0.306541	10.138	5.31183	0
11.187	5.35368	0.306286	11.187	5.35368	0
-11.5428	5.39899	0.312998	-11.5428	5.39899	0
-10.4985	5.42668	0.342807	-10.4985	5.42668	0
-9.45592	5.36237	0.324541	-9.45592	5.36237	0
-8.36009	5.34158	0.343799	-8.36009	5.34158	0
-7.41074	5.36401	0.320499	-7.41074	5.36401	0
-6.36187	5.38268	0.32301	-6.36187	5.38268	0
-5.27737	5.37906	0.300976	-5.27737	5.37906	0
-4.26429	5.40753	0.323127	-4.26429	5.40753	0
-3.22212	5.3975	0.310151	-3.22212	5.3975	0
-2.16916	5.41256	0.314012	-2.16916	5.41256	0
-1.12167	5.45722	0.338914	-1.12167	5.45722	0
-0.15305	6.42514	0.317739	-0.15305	6.42514	0
0.853009	6.46731	0.358227	0.853009	6.46731	0
1.89725	6.42033	0.309859	1.89725	6.42033	0
3.00979	6.42746	0.320249	3.00979	6.42746	0
4.00644	6.41425	0.309783	4.00644	6.41425	0
4.99765	6.36026	0.323207	4.99765	6.36026	0
6.04103	6.39869	0.320355	6.04103	6.39869	0
7.07072	6.39817	0.325383	7.07072	6.39817	0
8.10905	6.36319	0.319706	8.10905	6.36319	0
9.1405	6.3777	0.287231	9.1405	6.3777	0
10.151	6.36122	0.316287	10.151	6.36122	0
11.1904	6.35001	0.311127	11.1904	6.35001	0
-11.5506	6.40463	0.345384	-11.5506	6.40463	0
-10.5441	6.44891	0.329666	-10.5441	6.44891	0
-9.49751	6.37303	0.32612	-9.49751	6.37303	0
-8.47937	6.42748	0.320623	-8.47937	6.42748	0
-7.52161	6.42508	0.302332	-7.52161	6.42508	0
-6.38941	6.39093	0.332125	-6.38941	6.39093	0
-5.43684	6.49401	0.319358	-5.43684	6.49401	0
-4.32593	6.43186	0.318287	-4.32593	6.43186	0
-3.28263	6.39187	0.315387	-3.28263	6.39187	0
-2.26136	6.44531	0.325351	-2.26136	6.44531	0
-1.19404	6.46656	0.31392	-1.19404	6.46656	0
-0.175672	7.50928	0.31757	-0.175672	7.50928	0
0.868092	7.50768	0.32049	0.868092	7.50768	0
1.90641	7.49731	0.330283	1.90641	7.49731	0
2.98167	7.55141	0.301126	2.98167	7.55141	0
4.01603	7.40516	0.279797	4.01603	7.40516	0
4.98672	7.44297	0.315599	4.98672	7.44297	0
6.04298	7.45753	0.320077	6.04298	7.45753	0
7.07783	7.40189	0.304774	7.07783	7.40189	0
8.11158	7.44363	0.334377	8.11158	7.44363	0
9.20879	7.4138	0.335081	9.20879	7.4138	0
10.2247	7.36883	0.340252	10.2247	7.36883	0
11.1931	7.35599	0.316605	11.1931	7.35599	0
-11.5801	7.41895	0.288098	-11.5801	7.41895	0
-10.5427	7.48625	0.331296	-10.5427	7.48625	0
-9.54367	7.4256	0.279322	-9.54367	7.4256	0
-8.49773	7.4486	0.29278	-8.49773	7.4486	0
-7.47214	7.40677	0.329911	-7.47214	7.40677	0
-6.48998	7.37908	0.321596	-6.48998	7.37908	0
-5.41761	7.44501	0.307606	-5.41761	7.44501	0
-4.32248	7.46115	0.334877	-4.32248	7.46115	0
-3.26527	7.42991	0.314469	-3.26527	7.42991	0
-2.22312	7.44833	0.323621	-2.22312	7.44833	0
-1.19384	7.49668	0.309463	-1.19384	7.49668	0
-0.131094	8.48421	0.327077	-0.131094	8.48421	0
0.892271	8.45172	0.344834	0.892271	8.45172	0
1.94687	8.47905	0.304854	1.94687	8.47905	0
2.91742	8.58734	0.331335	2.91742	8.58734	0
3.99881	8.4451	0.324547	3.99881	8.4451	0
4.99972	8.49072	0.332505	4.99972	8.49072	0
6.02582	8.4716	0.332248	6.02582	8.4716	0
7.07023	8.42909	0.334044	7.07023	8.42909	0
8.13209	8.43571	0.30699	8.13209	8.43571	0
9.14826	8.40757	0.299673	9.14826	8.40757	0
10.1812	8.43416	0.358661	10.1812	8.43416	0
11.1905	8.46064	0.316649	11.1905	8.46064	0
-11.5912	8.48103	0.355696	-11.5912	8.48103	0
-10.5367	8.49129	0.321644	-10.5367	8.49129	0
-9.5436	8.43788	0.306463	-9.5436	8.43788	0
-8.54305	8.45585	0.316143	-8.54305	8.45585	0
-7.46247	8.38736	0.335054	-7.46247	8.38736	0
-6.42453	8.39446	0.330112	-6.42453	8.39446	0
-5.40778	8.44987	0.318203	-5.40778	8.44987	0
-4.3394	8.47428	0.306168	-4.3394	8.47428	0
-3.29214	8.42517	0.345285	-3.29214	8.42517	0
-2.28649	8.4535	0.330297	-2.28649	8.4535	0
-1.19012	8.5218	0.314604	-1.19012	8.5218	0
-0.15729	9.45436	0.327527	-0.15729	9.45436	0
0.903171	9.51855	0.325275	0.903171	9.51855	0
1.92443	9.57756	0.33166	1.92443	9.57756	0
2.94409	9.58713	0.328934	2.94409	9.58713	0
3.97832	9.56512	0.324855	3.97832	9.56512	0
5.05895	9.55102	0.313955	5.05895	9.55102	0
6.05798	9.53028	0.314345	6.05798	9.53028	0
7.05509	9.47087	0.300762	7.05509	9.47087	0
8.12242	9.47999	0.291147	8.12242	9.47999	0
9.12075	9.48485	0.314083	9.12075	9.48485	0
10.1902	9.50344	0.313707	10.1902	9.50344	0
11.2057	9.46372	0.27774	11.2057	9.46372	0
-11.5488	9.47539	0.336981	-11.5488	9.47539	0
-10.5642	9.54348	0.32381	-10.5642	9.54348	0
-9.53131	9.52467	0.335523	-9.53131	9.52467	0
-8.46059	9.45163	0.30697	-8.46059	9.45163	0
-7.41713	9.48969	0.30605	-7.41713	9.48969	0
-6.40446	9.40182	0.322889	-6.40446	9.40182	0
-5.40405	9.46201	0.321441	-5.40405	9.46201	0
-4.35143	9.49322	0.332863	-4.35143	9.49322	0
-3.32264	9.44413	0.265491	-3.32264	9.44413	0
-2.22332	9.52276	0.321686	-2.22332	9.52276	0
-1.21323	9.51599	0.292345	-1.21323	9.51599	0
-0.122241	10.4767	0.313824	-0.122241	10.4767	0
0.860918	10.5331	0.328483	0.860918	10.5331	0
1.88094	10.5974	0.296658	1.88094	10.5974	0
2.94634	10.6063	0.350282	2.94634	10.6063	0
3.96615	10.587	0.303291	3.96615	10.587	0
4.99487	10.583	0.306249	4.99487	10.583	0
6.0412	10.5859	0.313552	6.0412	10.5859	0
7.03131	10.4863	0.323325	7.03131	10.4863	0
8.10608	10.511	0.317323	8.10608	10.511	0
9.13898	10.5087	0.311612	9.13898	10.5087	0
10.1925	10.5643	0.295205	10.1925	10.5643	0
11.2023	10.5054	0.330818	11.2023	10.5054	0
-11.5639	10.5855	0.310087	-11.5639	10.5855	0
-10.5564	10.5116	0.305696	-10.5564	10.5116	0
-9.49164	10.5001	0.323975	-9.49164	10.5001	0
-8.44621	10.48	0.328516	-8.44621	10.48	0
-7.44158	10.5327	0.299109	-7.44158	10.5327	0
-6.42105	10.4757	0.32584	-6.42105	10.4757	0
-5.35306	10.5	0.327906	-5.35306	10.5	0
-4.33772	10.4943	0.29042	-4.33772	10.4943	0
-3.3042	10.4568	0.31979	-3.3042	10.4568	0
-2.23839	10.5278	0.350055	-2.23839	10.5278	0
-1.24804	10.5312	0.303883	-1.24804	10.5312	0
-0.145676	11.5442	0.305239	-0.145676	11.5442	0
0.870074	11.5351	0.309898	0.870074	11.5351	0
1.8645	11.5969	0.323167	1.8645	11.5969	0
2.92396	11.6117	0.315182	2.92396	11.6117	0
3.95576	11.6606	0.32095	3.95576	11.6606	0
5.01647	11.6241	0.301719	5.01647	11.6241	0
6.05656	11.6432	0.334135	6.05656	11.6432	0
7.07676	11.6239	0.298874	7.07676	11.6239	0
8.06073	11.5649	0.339608	8.06073	11.5649	0
9.18095	11.4917	0.327328	9.18095	11.4917	0
10.1776	11.5718	0.310513	10.1776	11.5718	0
11.2661	11.5978	0.346558	11.2661	11.5978	0
-11.4883	11.6061	0.341449	-11.4883	11.6061	0
-10.4738	11.6062	0.318733	-10.4738	11.6062	0
-9.45815	11.5719	0.311806	-9.45815	11.5719	0
-8.43537	11.5662	0.324277	-8.43537	11.5662	0
-7.41253	11.5951	0.29299	-7.41253	11.5951	0
-6.44926	11.5543	0.290528	-6.44926	11.5543	0
-5.29682	11.4866	0.325736	-5.29682	11.4866	0
-4.30034	11.579	0.338656	-4.30034	11.579	0
-3.26914	11.5073	0.320653	-3.26914	11.5073	0
-2.2107	11.5347	0.311268	-2.2107	11.5347	0
-1.22378	11.6068	0.300132	-1.22378	11.6068	0
-0.205894	-11.1819	0.306019	-0.205894	-11.1819	0
0.811523	-11.1923	0.316501	0.811523	-11.1923	0
1.84935	-11.1687	0.30206	1.84935	-11.1687	0
2.88972	-11.1588	0.285467	2.88972	-11.1588	0
3.95597	-11.1285	0.329405	3.95597	-11.1285	0
5.00157	-11.1711	0.309093	5.00157	-11.1711	0
6.0538	-11.1509	0.310364	6.0538	-11.1509	0
7.14218	-11.1883	0.307623	7.14218	-11.1883	0
8.17401	-11.1914	0.312538	8.17401	-11.1914	0
9.20426	-11.2557	0.317951	9.20426	-11.2557	0
10.2387	-11.2406	0.335981	10.2387	-11.2406	0
11.2141	-11.1729	0.309822	11.2141	-11.1729	0
-11.5331	-11.0884	0.31153	-11.5331	-11.0884	0
-10.4994	-11.1208	0.318343	-10.4994	-11.1208	0
-9.47629	-11.1439	0.297949	-9.47629	-11.1439	0
-8.46	-11.1589	0.330503	-8.46	-11.1589	0
-7.42075	-11.1432	0.289214	-7.42075	-11.1432	0
-6.36011	-11.1884	0.314286	-6.36011	-11.1884	0
-5.29645	-11.2609	0.338149	-5.29645	-11.2609	0
-4.29639	-11.2066	0.320741	-4.29639	-11.2066	0
-3.28508	-11.2298	0.319314	-3.28508	-11.2298	0
-2.2159	-11.1768	0.330587	-2.2159	-11.1768	0
-1.20523	-11.0912	0.305423	-1.20523	-11.0912	0
-0.134852	-10.1224	0.313539	-0.134852	-10.1224	0
0.850504	-10.0833	0.333891	0.850504	-10.0833	0
1.89421	-10.1879	0.343563	1.89421	-10.1879	0
2.96126	-10.0747	0.334594	2.96126	-10.0747	0
4.03631	-10.1234	0.306438	4.03631	-10.1234	0
4.99993	-10.1401	0.311509	4.99993	-10.1401	0
6.02911	-10.109	0.301019	6.02911	-10.109	0
7.15219	-10.108	0.323851	7.15219	-10.108	0
8.12154	-10.16	0.33267	8.12154	-10.16	0
9.15166	-10.1861	0.324703	9.15166	-10.1861	0
10.2004	-10.1775	0.307432	10.2004	-10.1775	0
11.1891	-10.13	0.333495	11.1891	-10.13	0
-11.5403	-10.0459	0.331339	-11.5403	-10.0459	0
-10.5122	-10.1399	0.318962	-10.5122	-10.1399	0
-9.47928	-10.1706	0.295931	-9.47928	-10.1706	0
-8.43781	-10.1676	0.296015	-8.43781	-10.1676	0
-7.4549	-10.1463	0.332211	-7.4549	-10.1463	0
-6.38145	-10.1916	0.315896	-6.38145	-10.1916	0
-5.36642	-10.177	0.312179	-5.36642	-10.177	0
-4.24038	-10.1704	0.336854	-4.24038	-10.1704	0
-3.23563	-10.1668	0.315581	-3.23563	-10.1668	0
-2.25387	-10.1109	0.326705	-2.25387	-10.1109	0
-1.25935	-10.0987	0.267656	-1.25935	-10.0987	0
-0.235822	-9.14877	0.337653	-0.235822	-9.14877	0
0.88448	-9.12296	0.293213	0.88448	-9.12296	0
1.90386	-9.15058	0.333238	1.90386	-9.15058	0
2.9375	-9.11002	0.286935	2.9375	-9.11002	0
4.01261	-9.07807	0.34112	4.01261	-9.07807	0
5.05806	-9.05477	0.298943	5.05806	-9.05477	0
6.02314	-9.03854	0.312726	6.02314	-9.03854	0
7.1298	-9.06865	0.308838	7.1298	-9.06865	0
8.11933	-9.05637	0.333686	8.11933	-9.05637	0
9.15803	-9.10986	0.347148	9.15803	-9.10986	0
10.2078	-9.14132	0.31214	10.2078	-9.14132	0
11.2157	-9.07177	0.310315	11.2157	-9.07177	0
-11.4818	-9.03649	0.283155	-11.4818	-9.03649	0
-10.4825	-9.11973	0.290256	-10.4825	-9.11973	0
-9.46112	-9.1478	0.310362	-9.46112	-9.1478	0
-8.45973	-9.07635	0.307386	-8.45973	-9.07635	0
-7.40413	-9.10044	0.32429	-7.40413	-9.10044	0
-6.36947	-9.19014	0.32358	-6.36947	-9.19014	0
-5.29857	-9.1429	0.319854	-5.29857	-9.1429	0
-4.30508	-9.18529	0.32824	-4.30508	-9.18529	0
-3.29774	-9.11791	0.292667	-3.29774	-9.11791	0
-2.24569	-9.11907	0.323586	-2.24569	-9.11907	0
-1.26367	-9.11816	0.337383	-1.26367	-9.11816	0
-0.218343	-8.06784	0.307966	-0.218343	-8.06784	0
0.805208	-8.09632	0.321431	0.805208	-8.09632	0
1.8594	-8.05097	0.328225	1.8594	-8.05097	0
2.98273	-8.11808	0.313043	2.98273	-8.11808	0
3.96886	-8.07068	0.29164	3.96886	-8.07068	0
5.02349	-8.00493	0.308159	5.02349	-8.00493	0
6.0367	-8.00417	0.319545	6.0367	-8.00417	0
7.08806	-8.08096	0.3336	7.08806	-8.08096	0
8.16505	-8.0055	0.321925	8.16505	-8.0055	0
9.1477	-8.03496	0.328785	9.1477	-8.03496	0
10.154	-8.07125	0.303309	10.154	-8.07125	0
11.1912	-8.07251	0.275814	11.1912	-8.07251	0
-11.5629	-8.05478	0.317375	-11.5629	-8.05478	0
-10.5103	-8.05208	0.333703	-10.5103	-8.05208	0
-9.53253	-8.12062	0.313264	-9.53253	-8.12062	0
-8.44796	-8.10806	0.306632	-8.44796	-8.10806	0
-7.37811	-8.06082	0.30646	-7.37811	-8.06082	0
-6.38081	-8.14326	0.316975	-6.38081	-8.14326	0
-5.33873	-8.13513	0.341108	-5.33873	-8.13513	0
-4.33337	-8.09186	0.328647	-4.33337	-8.09186	0
-3.25586	-8.09485	0.326682	-3.25586	-8.09485	0
-2.2505	-8.12178	0.317683	-2.2505	-8.12178	0
-1.20571	-8.09639	0.339174	-1.20571	-8.09639	0
-0.196336	-7.04145	0.314452	-0.196336	-7.04145	0
0.832044	-7.03676	0.310263	0.832044	-7.03676	0
1.86551	-7.06598	0.293623	1.86551	-7.06598	0
2.9761	-7.01675	0.316643	2.9761	-7.01675	0
4.00313	-7.03251	0.325171	4.00313	-7.03251	0
5.05702	-6.97253	0.340483	5.05702	-6.97253	0
6.07345	-7.03268	0.306683	6.07345	-7.03268	0
7.13688	-7.035	0.306659	7.13688	-7.035	0
8.11744	-6.977	0.355502	8.11744	-6.977	0
9.19973	-7.06076	0.317825	9.19973	-7.06076	0
10.1927	-7.07338	0.329905	10.1927	-7.07338	0
11.1879	-7.01095	0.295312	11.1879	-7.01095	0
-11.5589	-7.04429	0.31652	-11.5589	-7.04429	0
-10.5012	-6.97552	0.339744	-10.5012	-6.97552	0
-9.48088	-7.05209	0.320771	-9.48088	-7.05209	0
-8.43242	-7.06384	0.297244	-8.43242	-7.06384	0
-7.35409	-7.0462	0.297624	-7.35409	-7.0462	0
-6.33717	-7.11772	0.325653	-6.33717	-7.11772	0
-5.28148	-7.09635	0.312194	-5.28148	-7.09635	0
-4.28598	-7.04969	0.265539	-4.28598	-7.04969	0
-3.20178	-7.04289	0.321099	-3.20178	-7.04289	0
-2.21294	-7.0586	0.321255	-2.21294	-7.0586	0
-1.19727	-7.0485	0.307693	-1.19727	-7.0485	0
-0.128861	-5.93	0.318408	-0.128861	-5.93	0
0.925271	-6.03926	0.296499	0.925271	-6.03926	0
1.91888	-5.98926	0.294827	1.91888	-5.98926	0
2.93774	-6.00655	0.2951	2.93774	-6.00655	0
4.01583	-5.9729	0.323391	4.01583	-5.9729	0
5.08126	-5.955	0.315458	5.08126	-5.955	0
6.06507	-6.00963	0.332362	6.06507	-6.00963	0
7.10394	-5.95992	0.322959	7.10394	-5.95992	0
8.18702	-5.98839	0.319743	8.18702	-5.98839	0
9.16917	-6.04681	0.351689	9.16917	-6.04681	0
10.1939	-6.02926	0.335235	10.1939	-6.02926	0
11.2508	-5.9694	0.291108	11.2508	-5.9694	0
-11.5501	-6.01919	0.303762	-11.5501	-6.01919	0
-10.4272	-6.00477	0.294827	-10.4272	-6.00477	0
-9.4432	-6.04415	0.306094	-9.4432	-6.04415	0
-8.40876	-6.01004	0.31912	-8.40876	-6.01004	0
-7.36458	-6.05873	0.296016	-7.36458	-6.05873	0
-6.31576	-6.03603	0.321323	-6.31576	-6.03603	0
-5.32398	-6.06754	0.322867	-5.32398	-6.06754	0
-4.25184	-6.06347	0.303802	-4.25184	-6.06347	0
-3.15934	-5.98595	0.31747	-3.15934	-5.98595	0
-2.15753	-5.98979	0.326185	-2.15753	-5.98979	0
-1.16015	-6.02162	0.329055	-1.16015	-6.02162	0
-0.123004	-4.90049	0.316077	-0.123004	-4.90049	0
0.914102	-4.95591	0.310762	0.914102	-4.95591	0
1.96536	-4.96762	0.317344	1.96536	-4.96762	0
3.01746	-4.98805	0.327892	3.01746	-4.98805	0
4.08303	-4.95482	0.341865	4.08303	-4.95482	0
5.07362	-4.98375	0.290029	5.07362	-4.98375	0
6.0734	-4.97618	0.327182	6.0734	-4.97618	0
7.1728	-4.93236	0.308585	7.1728	-4.93236	0
8.17788	-4.93834	0.314912	8.17788	-4.93834	0
9.26452	-4.96212	0.318132	9.26452	-4.96212	0
10.2241	-4.98859	0.310357	10.2241	-4.98859	0
11.2663	-4.94339	0.318612	11.2663	-4.94339	0
-11.476	-4.97706	0.314259	-11.476	-4.97706	0
-10.438	-4.95774	0.311662	-10.438	-4.95774	0
-9.38017	-4.92278	0.312055	-9.38017	-4.92278	0
-8.39063	-5.00249	0.310844	-8.39063	-5.00249	0
-7.34551	-5.03378	0.326642	-7.34551	-5.03378	0
-6.3654	-5.02499	0.308466	-6.3654	-5.02499	0
-5.25988	-4.96193	0.304117	-5.25988	-4.96193	0
-4.23191	-4.98747	0.289513	-4.23191	-4.98747	0
-3.20639	-4.96503	0.330714	-3.20639	-4.96503	0
-2.15784	-4.92659	0.324723	-2.15784	-4.92659	0
-1.13161	-4.99815	0.321539	-1.13161	-4.99815	0
-0.113988	-3.84014	0.289298	-0.113988	-3.84014	0
0.895313	-3.93322	0.283105	0.895313	-3.93322	0
1.92484	-3.89251	0.32694	1.92484	-3.89251	0
2.93431	-3.92922	0.332568	2.93431	-3.92922	0
4.00137	-3.97548	0.346453	4.00137	-3.97548	0
5.02011	-3.88786	0.3415	5.02011	-3.88786	0
6.04325	-3.93388	0.34493	6.04325	-3.93388	0
7.04128	-3.89245	0.30146	7.04128	-3.89245	0
8.1394	-3.90976	0.318098	8.1394	-3.90976	0
9.17436	-3.93422	0.304154	9.17436	-3.93422	0
10.2687	-3.96257	0.319265	10.2687	-3.96257	0
11.2933	-3.91466	0.315238	11.2933	-3.91466	0
-11.5048	-3.89685	0.298348	-11.5048	-3.89685	0
-10.4829	-3.90406	0.322594	-10.4829	-3.90406	0
-9.42751	-3.92719	0.311867	-9.42751	-3.92719	0
-8.39025	-3.9249	0.321047	-8.39025	-3.9249	0
-7.33898	-4.01886	0.324827	-7.33898	-4.01886	0
-6.33899	-3.99198	0.316774	-6.33899	-3.99198	0
-5.22009	-3.92387	0.319202	-5.22009	-3.92387	0
-4.21735	-3.91108	0.312053	-4.21735	-3.91108	0
-3.13175	-3.91913	0.331614	-3.13175	-3.91913	0
-2.14725	-3.89495	0.29584	-2.14725	-3.89495	0
-1.17029	-3.96236	0.340054	-1.17029	-3.96236	0
-0.102077	-2.87452	0.310949	-0.102077	-2.87452	0
0.912398	-2.88225	0.302035	0.912398	-2.88225	0
1.93272	-2.84559	0.317784	1.93272	-2.84559	0
2.9844	-2.82987	0.320291	2.9844	-2.82987	0
4.00094	-2.93497	0.292443	4.00094	-2.93497	0
5.01237	-2.92842	0.327376	5.01237	-2.92842	0
6.06834	-2.87532	0.2973	6.06834	-2.87532	0
7.07483	-2.94625	0.323026	7.07483	-2.94625	0
8.20521	-2.89918	0.333646	8.20521	-2.89918	0
9.2	-2.92078	0.313653	9.2	-2.92078	0
10.202	-2.98023	0.328629	10.202	-2.98023	0
11.2284	-2.85539	0.298325	11.2284	-2.85539	0
-11.5108	-2.91202	0.30077	-11.5108	-2.91202	0
-10.4674	-2.90247	0.322985	-10.4674	-2.90247	0
-9.42507	-2.92358	0.305731	-9.42507	-2.92358	0
-8.37598	-2.8784	0.310915	-8.37598	-2.8784	0
-7.33569	-2.92614	0.323306	-7.33569	-2.92614	0
-6.324	-2.925	0.316932	-6.324	-2.925	0
-5.28682	-2.88647	0.3511	-5.28682	-2.88647	0
-4.16185	-2.8569	0.332914	-4.16185	-2.8569	0
-3.15658	-2.90335	0.351121	-3.15658	-2.90335	0
-2.12303	-2.82892	0.332158	-2.12303	-2.82892	0
-1.11464	-2.84975	0.314124	-1.11464	-2.84975	0
-0.0792881	-1.83808	0.323289	-0.0792881	-1.83808	0
0.943572	-1.79992	0.287986	0.943572	-1.79992	0
2.00396	-1.85248	0.304241	2.00396	-1.85248	0
3.0089	-1.85774	0.337482	3.0089	-1.85774	0
4.05197	-1.9028	0.34195	4.05197	-1.9028	0
5.03819	-1.82652	0.317259	5.03819	-1.82652	0
6.11215	-1.88514	0.310619	6.11215	-1.88514	0
7.13424	-1.88003	0.335294	7.13424	-1.88003	0
8.13713	-1.82298	0.30737	8.13713	-1.82298	0
9.16812	-1.91938	0.340312	9.16812	-1.91938	0
10.1804	-1.94285	0.347734	10.1804	-1.94285	0
11.225	-1.85684	0.314929	11.225	-1.85684	0
-11.51	-1.83676	0.29109	-11.51	-1.83676	0
-10.4517	-1.86689	0.3303	-10.4517	-1.86689	0
-9.40082	-1.86399	0.303588	-9.40082	-1.86399	0
-8.32468	-1.8339	0.313015	-8.32468	-1.8339	0
-7.31943	-1.88922	0.324265	-7.31943	-1.88922	0
-6.31964	-1.95193	0.277487	-6.31964	-1.95193	0
-5.21511	-1.86564	0.313692	-5.21511	-1.86564	0
-4.21081	-1.85445	0.312643	-4.21081	-1.85445	0
-3.20829	-1.82371	0.317024	-3.20829	-1.82371	0
-2.17876	-1.80927	0.304726	-2.17876	-1.80927	0
-1.0912	-1.81025	0.350084	-1.0912	-1.81025	0
-0.127964	-0.796378	0.327553	-0.127964	-0.796378	0
0.919906	-0.85455	0.318906	0.919906	-0.85455	0
1.97	-0.846929	0.326186	1.97	-0.846929	0
3.05031	-0.814653	0.327302	3.05031	-0.814653	0
4.04808	-0.806448	0.310059	4.04808	-0.806448	0
5.0872	-0.832737	0.33939	5.0872	-0.832737	0
6.1159	-0.885334	0.314741	6.1159	-0.885334	0
7.08803	-0.889652	0.282895	7.08803	-0.889652	0
8.17877	-0.854957	0.322875	8.17877	-0.854957	0
9.20599	-0.873413	0.327329	9.20599	-0.873413	0
10.207	-0.858872	0.344321	10.207	-0.858872	0
11.2308	-0.851924	0.315235	11.2308	-0.851924	0
-11.5048	-0.842074	0.333619	-11.5048	-0.842074	0
-10.4809	-0.840526	0.3503	-10.4809	-0.840526	0
-9.48542	-0.804058	0.310206	-9.48542	-0.804058	0
-8.44461	-0.827039	0.322888	-8.44461	-0.827039	0
-7.34739	-0.855224	0.328593	-7.34739	-0.855224	0
-6.33053	-0.882522	0.326398	-6.33053	-0.882522	0
-5.29216	-0.758806	0.336544	-5.29216	-0.758806	0
-4.27228	-0.81426	0.302294	-4.27228	-0.81426	0
-3.24401	-0.794985	0.356065	-3.24401	-0.794985	0
-2.14928	-0.795168	0.331443	-2.14928	-0.795168	0
-1.13202	-0.790746	0.329066	-1.13202	-0.790746	0
