-0.652634	-0.47223	-0.324007	-0.652634	-0.47223	0
0.3255	-0.477292	-0.315477	0.3255	-0.477292	0
1.34102	-0.533039	-0.326367	1.34102	-0.533039	0
2.41818	-0.501506	-0.351965	2.41818	-0.501506	0
3.48651	-0.597096	-0.297978	3.48651	-0.597096	0
4.52241	-0.533297	-0.320391	4.52241	-0.533297	0
5.48945	-0.531141	-0.356573	5.48945	-0.531141	0
6.54432	-0.54413	-0.31598	6.54432	-0.54413	0
7.58869	-0.535665	-0.30983	7.58869	-0.535665	0
8.58408	-0.561508	-0.350126	8.58408	-0.561508	0
9.62219	-0.505433	-0.344403	9.62219	-0.505433	0
10.6972	-0.576241	-0.339602	10.6972	-0.576241	0
11.7696	-0.591236	-0.311496	11.7696	-0.591236	0
-11.0383	-0.540126	-0.331538	-11.0383	-0.540126	0
-10.0477	-0.513782	-0.280666	-10.0477	-0.513782	0
-8.93321	-0.504428	-0.300215	-8.93321	-0.504428	0
-7.9281	-0.515032	-0.315295	-7.9281	-0.515032	0
-6.94641	-0.533859	-0.315295	-6.94641	-0.533859	0
-5.85271	-0.515923	-0.303925	-5.85271	-0.515923	0
-4.82229	-0.44664	-0.323684	-4.82229	-0.44664	0
-3.78052	-0.466215	-0.333306	-3.78052	-0.466215	0
-2.73858	-0.48711	-0.317711	-2.73858	-0.48711	0
-1.66936	-0.545835	-0.329353	-1.66936	-0.545835	0
-0.758007	0.549596	-0.344274	-0.758007	0.549596	0
0.340122	0.501271	-0.326221	0.340122	0.501271	0
1.3734	0.487483	-0.333396	1.3734	0.487483	0
2.40873	0.513311	-0.315645	2.40873	0.513311	0
3.45089	0.492312	-0.321327	3.45089	0.492312	0
4.47694	0.473006	-0.332187	4.47694	0.473006	0
5.50078	0.509999	-0.348069	5.50078	0.509999	0
6.47161	0.541543	-0.34661	6.47161	0.541543	0
7.53834	0.513918	-0.308488	7.53834	0.513918	0
8.62025	0.453759	-0.330674	8.62025	0.453759	0
9.64757	0.558406	-0.304183	9.64757	0.558406	0
10.635	0.496893	-0.294952	10.635	0.496893	0
11.687	0.501192	-0.324878	11.687	0.501192	0
-11.0608	0.463335	-0.317302	-11.0608	0.463335	0
-10.0769	0.537883	-0.306089	-10.0769	0.537883	0
-9.02741	0.516711	-0.321793	-9.02741	0.516711	0
-7.95193	0.510163	-0.318931	-7.95193	0.510163	0
-6.89361	0.519444	-0.29924	-6.89361	0.519444	0
-5.87527	0.549165	-0.261105	-5.87527	0.549165	0
-4.83507	0.587954	-0.32118	-4.83507	0.587954	0
-3.80012	0.546742	-0.309674	-3.80012	0.546742	0
-2.79544	0.55578	-0.31944	-2.79544	0.55578	0
-1.77511	0.566336	-0.318072	-1.77511	0.566336	0
-0.731889	1.54241	-0.302089	-0.731889	1.54241	0
0.377345	1.57929	-0.315705	0.377345	1.57929	0
1.35486	1.54222	-0.313373	1.35486	1.54222	0
2.3969	1.48482	-0.34244	2.3969	1.48482	0
3.44601	1.4874	-0.337417	3.44601	1.4874	0
4.48064	1.55007	-0.308094	4.48064	1.55007	0
5.4885	1.53576	-0.314396	5.4885	1.53576	0
6.52985	1.52426	-0.281138	6.52985	1.52426	0
7.51657	1.51776	-0.290463	7.51657	1.51776	0
8.55579	1.5369	-0.307317	8.55579	1.5369	0
9.69191	1.5341	-0.302592	9.69191	1.5341	0
10.6699	1.55911	-0.330617	10.6699	1.55911	0
11.6741	1.55656	-0.310966	11.6741	1.55656	0
-11.0739	1.50268	-0.297218	-11.0739	1.50268	0
-10.051	1.57841	-0.336021	-10.051	1.57841	0
-9.05378	1.50357	-0.325033	-9.05378	1.50357	0
-7.98323	1.55013	-0.32703	-7.98323	1.55013	0
-6.9288	1.51319	-0.317714	-6.9288	1.51319	0
-5.84989	1.55528	-0.32118	-5.84989	1.55528	0
-4.82308	1.60703	-0.314141	-4.82308	1.60703	0
-3.82658	1.59736	-0.331899	-3.82658	1.59736	0
-2.80178	1.62795	-0.324141	-2.80178	1.62795	0
-1.74836	1.58674	-0.309217	-1.74836	1.58674	0
-0.730124	2.64676	-0.331445	-0.730124	2.64676	0
0.286434	2.64079	-0.272585	0.286434	2.64079	0
1.38763	2.63028	-0.321821	1.38763	2.63028	0
2.36706	2.5391	-0.305044	2.36706	2.5391	0
3.36533	2.58583	-0.314763	3.36533	2.58583	0
4.42144	2.54382	-0.317796	4.42144	2.54382	0
5.46173	2.64264	-0.358153	5.46173	2.64264	0
6.45703	2.54583	-0.313679	6.45703	2.54583	0
7.5689	2.59578	-0.327838	7.5689	2.59578	0
8.57672	2.56788	-0.297297	8.57672	2.56788	0
9.63373	2.57596	-0.303702	9.63373	2.57596	0
10.6524	2.56838	-0.315231	10.6524	2.56838	0
11.7286	2.52431	-0.332719	11.7286	2.52431	0
-11.0331	2.55602	-0.307671	-11.0331	2.55602	0
-10.0395	2.585	-0.322144	-10.0395	2.585	0
-9.01608	2.55713	-0.328252	-9.01608	2.55713	0
-8.02637	2.59887	-0.304592	-8.02637	2.59887	0
-6.94981	2.52177	-0.324952	-6.94981	2.52177	0
-5.86186	2.59092	-0.328971	-5.86186	2.59092	0
-4.84663	2.61423	-0.321218	-4.84663	2.61423	0
-3.80063	2.63486	-0.311606	-3.80063	2.63486	0
-2.78956	2.66775	-0.301598	-2.78956	2.66775	0
-1.69021	2.66658	-0.303593	-1.69021	2.66658	0
-0.682112	3.62316	-0.329942	-0.682112	3.62316	0
0.273373	3.63426	-0.313179	0.273373	3.63426	0
1.3282	3.67226	-0.337298	1.3282	3.67226	0
2.34548	3.62103	-0.327703	2.34548	3.62103	0
3.39264	3.66952	-0.303511	3.39264	3.66952	0
4.43707	3.66869	-0.332413	4.43707	3.66869	0
5.48767	3.66044	-0.308163	5.48767	3.66044	0
6.54754	3.57515	-0.307419	6.54754	3.57515	0
7.53807	3.56802	-0.31895	7.53807	3.56802	0
8.59762	3.63188	-0.322439	8.59762	3.63188	0
9.66541	3.67844	-0.31972	9.66541	3.67844	0
10.6902	3.63352	-0.326781	10.6902	3.63352	0
11.7006	3.56908	-0.309315	11.7006	3.56908	0
-11.0597	3.64413	-0.347819	-11.0597	3.64413	0
-10.0634	3.58873	-0.322631	-10.0634	3.58873	0
-9.02514	3.62332	-0.308308	-9.02514	3.62332	0
-7.99573	3.63187	-0.325227	-7.99573	3.63187	0
-6.91413	3.6399	-0.310253	-6.91413	3.6399	0
-5.89399	3.60689	-0.313274	-5.89399	3.60689	0
-4.85603	3.64072	-0.327923	-4.85603	3.64072	0
-3.86771	3.65145	-0.315732	-3.86771	3.65145	0
-2.75555	3.64482	-0.329761	-2.75555	3.64482	0
-1.70074	3.68495	-0.321318	-1.70074	3.68495	0
-0.714544	4.63245	-0.328196	-0.714544	4.63245	0
0.338083	4.67853	-0.308017	0.338083	4.67853	0
1.36001	4.7182	-0.327124	1.36001	4.7182	0
2.38792	4.64156	-0.296075	2.38792	4.64156	0
3.43274	4.69018	-0.324641	3.43274	4.69018	0
4.42396	4.62818	-0.289002	4.42396	4.62818	0
5.47346	4.64573	-0.322474	5.47346	4.64573	0
6.51778	4.60428	-0.303022	6.51778	4.60428	0
7.59824	4.58785	-0.331632	7.59824	4.58785	0
8.62521	4.65813	-0.287514	8.62521	4.65813	0
9.67143	4.66176	-0.306872	9.67143	4.66176	0
10.7203	4.65936	-0.294449	10.7203	4.65936	0
11.7184	4.65933	-0.296698	11.7184	4.65933	0
-11.0531	4.6671	-0.354081	-11.0531	4.6671	0
-10.0302	4.66769	-0.300308	-10.0302	4.66769	0
-9.02746	4.65344	-0.324355	-9.02746	4.65344	0
-7.97689	4.65836	-0.305928	-7.97689	4.65836	0
-6.88941	4.66362	-0.313984	-6.88941	4.66362	0
-5.84484	4.63324	-0.337426	-5.84484	4.63324	0
-4.85707	4.65167	-0.328815	-4.85707	4.65167	0
-3.79268	4.7035	-0.320631	-3.79268	4.7035	0
-2.78126	4.69953	-0.317297	-2.78126	4.69953	0
-1.76218	4.69016	-0.324061	-1.76218	4.69016	0
-0.668644	5.71638	-0.327197	-0.668644	5.71638	0
0.330835	5.69122	-0.318146	0.330835	5.69122	0
1.36603	5.6766	-0.341804	1.36603	5.6766	0
2.40692	5.65561	-0.29975	2.40692	5.65561	0
3.45117	5.69021	-0.347707	3.45117	5.69021	0
4.45348	5.61823	-0.305444	4.45348	5.61823	0
5.49188	5.66258	-0.308938	5.49188	5.66258	0
6.55691	5.63992	-0.327007	6.55691	5.63992	0
7.55732	5.65692	-0.309237	7.55732	5.65692	0
8.64321	5.66034	-0.344344	8.64321	5.66034	0
9.68893	5.67781	-0.322248	9.68893	5.67781	0
10.7128	5.68785	-0.315587	10.7128	5.68785	0
11.7286	5.68832	-0.297518	11.7286	5.68832	0
-11.082	5.64942	-0.317028	-11.082	5.64942	0
-9.99133	5.66322	-0.331589	-9.99133	5.66322	0
-8.98753	5.68818	-0.332536	-8.98753	5.68818	0
-7.97605	5.64034	-0.304058	-7.97605	5.64034	0
-6.90047	5.64355	-0.29745	-6.90047	5.64355	0
-5.86611	5.66095	-0.305021	-5.86611	5.66095	0
-4.82198	5.67637	-0.292105	-4.82198	5.67637	0
-3.75546	5.71372	-0.326234	-3.75546	5.71372	0
-2.6947	5.72537	-0.330107	-2.6947	5.72537	0
-1.67202	5.71079	-0.304717	-1.67202	5.71079	0
-0.681239	6.71418	-0.303404	-0.681239	6.71418	0
0.371631	6.78606	-0.306142	0.371631	6.78606	0
1.43238	6.65563	-0.325393	1.43238	6.65563	0
2.42176	6.64409	-0.316461	2.42176	6.64409	0
3.46774	6.70801	-0.323262	3.46774	6.70801	0
4.55396	6.72216	-0.33692	4.55396	6.72216	0
5.58708	6.69007	-0.323303	5.58708	6.69007	0
6.54127	6.70691	-0.334504	6.54127	6.70691	0
7.64452	6.73582	-0.285744	7.64452	6.73582	0
8.68004	6.70705	-0.306382	8.68004	6.70705	0
9.65973	6.70845	-0.316506	9.65973	6.70845	0
10.6873	6.68705	-0.323297	10.6873	6.68705	0
11.7456	6.68168	-0.302736	11.7456	6.68168	0
-11.0024	6.70308	-0.308482	-11.0024	6.70308	0
-9.99528	6.71732	-0.320196	-9.99528	6.71732	0
-8.96354	6.66616	-0.317991	-8.96354	6.66616	0
-7.92706	6.6656	-0.278994	-7.92706	6.6656	0
-6.92371	6.71	-0.307502	-6.92371	6.71	0
-5.86141	6.74264	-0.326226	-5.86141	6.74264	0
-4.7995	6.73301	-0.325377	-4.7995	6.73301	0
-3.7965	6.71034	-0.312703	-3.7965	6.71034	0
-2.76781	6.69308	-0.327445	-2.76781	6.69308	0
-1.74224	6.72692	-0.313753	-1.74224	6.72692	0
-0.781659	7.78151	-0.295742	-0.781659	7.78151	0
0.278882	7.79376	-0.318492	0.278882	7.79376	0
1.36792	7.70906	-0.333658	1.36792	7.70906	0
2.40548	7.7421	-0.319428	2.40548	7.7421	0
3.44088	7.70499	-0.311418	3.44088	7.70499	0
4.47031	7.70805	-0.285296	4.47031	7.70805	0
5.56716	7.71146	-0.328885	5.56716	7.71146	0
6.58847	7.73714	-0.310254	6.58847	7.73714	0
7.57541	7.77691	-0.317517	7.57541	7.77691	0
8.55625	7.77248	-0.321512	8.55625	7.77248	0
9.60387	7.75612	-0.324003	9.60387	7.75612	0
10.6307	7.70942	-0.311522	10.6307	7.70942	0
11.713	7.72451	-0.335455	11.713	7.72451	0
-11.0873	7.72697	-0.300497	-11.0873	7.72697	0
-10.0589	7.75376	-0.309554	-10.0589	7.75376	0
-8.99593	7.78378	-0.351498	-8.99593	7.78378	0
-7.97886	7.79986	-0.326549	-7.97886	7.79986	0
-6.96425	7.77179	-0.311734	-6.96425	7.77179	0
-5.91725	7.71534	-0.312097	-5.91725	7.71534	0
-4.89092	7.757	-0.343154	-4.89092	7.757	0
-3.84059	7.73119	-0.307451	-3.84059	7.73119	0
-2.78917	7.73527	-0.31903	-2.78917	7.73527	0
-1.76868	7.75082	-0.313786	-1.76868	7.75082	0
-0.678103	8.78141	-0.322052	-0.678103	8.78141	0
0.405419	8.78168	-0.302756	0.405419	8.78168	0
1.36812	8.74845	-0.317093	1.36812	8.74845	0
2.42739	8.76814	-0.305102	2.42739	8.76814	0
3.45415	8.76649	-0.326726	3.45415	8.76649	0
4.5239	8.74856	-0.333734	4.5239	8.74856	0
5.55695	8.74637	-0.308371	5.55695	8.74637	0
6.52304	8.79897	-0.323117	6.52304	8.79897	0
7.6047	8.82643	-0.312221	7.6047	8.82643	0
8.6736	8.82862	-0.323668	8.6736	8.82862	0
9.66375	8.81104	-0.3328	9.66375	8.81104	0
10.6525	8.75536	-0.321461	10.6525	8.75536	0
11.6953	8.796	-0.312589	11.6953	8.796	0
-11.0331	8.7577	-0.332453	-11.0331	8.7577	0
-9.98467	8.85091	-0.326008	-9.98467	8.85091	0
-8.99054	8.82194	-0.290919	-8.99054	8.82194	0
-7.9833	8.81057	-0.340362	-7.9833	8.81057	0
-6.99638	8.76719	-0.32963	-6.99638	8.76719	0
-5.89281	8.76649	-0.299297	-5.89281	8.76649	0
-4.8867	8.82613	-0.319259	-4.8867	8.82613	0
-3.79603	8.80662	-0.327241	-3.79603	8.80662	0
-2.77849	8.78459	-0.345171	-2.77849	8.78459	0
-1.68863	8.79653	-0.292883	-1.68863	8.79653	0
-0.715192	9.81176	-0.302992	-0.715192	9.81176	0
0.3166	9.84761	-0.303837	0.3166	9.84761	0
1.37913	9.84515	-0.287993	1.37913	9.84515	0
2.44498	9.7605	-0.366041	2.44498	9.7605	0
3.51283	9.7972	-0.307674	3.51283	9.7972	0
4.52921	9.80672	-0.288783	4.52921	9.80672	0
5.55388	9.74571	-0.324449	5.55388	9.74571	0
6.52654	9.84657	-0.292106	6.52654	9.84657	0
7.57339	9.86953	-0.311085	7.57339	9.86953	0
8.60361	9.84444	-0.287052	8.60361	9.84444	0
9.68313	9.85815	-0.304872	9.68313	9.85815	0
10.6654	9.79833	-0.320181	10.6654	9.79833	0
11.7295	9.8245	-0.338761	11.7295	9.8245	0
-11.0434	9.8394	-0.318016	-11.0434	9.8394	0
-9.98837	9.84966	-0.294559	-9.98837	9.84966	0
-8.99383	9.88626	-0.347974	-8.99383	9.88626	0
-7.92694	9.86097	-0.305583	-7.92694	9.86097	0
-6.92536	9.84985	-0.316681	-6.92536	9.84985	0
-5.81872	9.81989	-0.295474	-5.81872	9.81989	0
-4.8268	9.88175	-0.331133	-4.8268	9.88175	0
-3.7487	9.8151	-0.332009	-3.7487	9.8151	0
-2.70703	9.81885	-0.335065	-2.70703	9.81885	0
-1.68944	9.80877	-0.317299	-1.68944	9.80877	0
-0.700058	10.856	-0.334719	-0.700058	10.856	0
0.357827	10.8564	-0.310915	0.357827	10.8564	0
1.39801	10.8745	-0.322495	1.39801	10.8745	0
2.44498	10.7987	-0.306839	2.44498	10.7987	0
3.45965	10.8176	-0.297955	3.45965	10.8176	0
4.50924	10.8511	-0.319971	4.50924	10.8511	0
5.46756	10.8461	-0.329141	5.46756	10.8461	0
6.53445	10.8424	-0.354369	6.53445	10.8424	0
7.59229	10.884	-0.325545	7.59229	10.884	0
8.66132	10.823	-0.33659	8.66132	10.823	0
9.72478	10.8857	-0.308657	9.72478	10.8857	0
10.763	10.8433	-0.351924	10.763	10.8433	0
11.7596	10.8245	-0.297977	11.7596	10.8245	0
-11.011	10.874	-0.314541	-11.011	10.874	0
-9.99949	10.8713	-0.299383	-9.99949	10.8713	0
-8.97934	10.8504	-0.304814	-8.97934	10.8504	0
-7.89681	10.9065	-0.325718	-7.89681	10.9065	0
-6.887	10.9205	-0.353653	-6.887	10.9205	0
-5.84614	10.8334	-0.335019	-5.84614	10.8334	0
-4.80937	10.8703	-0.296787	-4.80937	10.8703	0
-3.77409	10.8919	-0.347275	-3.77409	10.8919	0
-2.73435	10.8245	-0.306088	-2.73435	10.8245	0
-1.74171	10.8488	-0.311829	-1.74171	10.8488	0
-0.667852	-11.8801	-0.307843	-0.667852	-11.8801	0
0.367102	-11.881	-0.310498	0.367102	-11.881	0
1.34545	-11.8868	-0.305908	1.34545	-11.8868	0
2.4638	-11.9261	-0.297727	2.4638	11.8599	0
3.42182	-11.9619	-0.33262	3.42182	11.8241	0
4.45873	11.8691	-0.325332	4.45873	11.8691	0
5.52208	-11.9057	-0.308882	5.52208	11.8804	0
6.65573	11.8796	-0.317014	6.65573	11.8796	0
7.63457	-11.8541	-0.349315	7.63457	-11.8541	0
8.678	11.9031	-0.328688	8.678	-11.883	0
9.69687	11.8812	-0.296632	9.69687	11.8812	0
10.7203	-11.9049	-0.309614	10.7203	11.8811	0
11.7224	-11.8837	-0.335403	11.7224	-11.8837	0
-11.019	11.9136	-0.344689	-11.019	-11.8724	0
-9.97402	-11.9088	-0.312734	-9.97402	11.8773	0
-8.93085	-11.884	-0.334586	-8.93085	-11.884	0
-7.90934	11.9918	-0.338465	-7.90934	-11.7943	0
-6.91216	-11.8024	-0.332585	-6.91216	-11.8024	0
-5.84079	-11.878	-0.320394	-5.84079	-11.878	0
-4.83172	11.9281	-0.334969	-4.83172	-11.8579	0
-3.79208	11.8957	-0.333645	-3.79208	-11.8903	0
-2.76465	-11.9336	-0.322826	-2.76465	11.8525	0
-1.72639	-11.8638	-0.326056	-1.72639	-11.8638	0
-0.653515	-10.8971	-0.342638	-0.653515	-10.8971	0
0.352603	-10.8287	-0.322124	0.352603	-10.8287	0
1.38643	-10.9089	-0.31371	1.38643	-10.9089	0
2.49035	-10.903	-0.324298	2.49035	-10.903	0
3.53282	-10.8853	-0.339439	3.53282	-10.8853	0
4.52706	-10.9236	-0.319189	4.52706	-10.9236	0
5.51196	-10.8959	-0.315065	5.51196	-10.8959	0
6.57895	-10.9081	-0.330437	6.57895	-10.9081	0
7.5993	-10.9142	-0.329732	7.5993	-10.9142	0
8.64518	-10.8213	-0.315975	8.64518	-10.8213	0
9.65263	-10.8661	-0.318975	9.65263	-10.8661	0
10.6879	-10.9027	-0.319942	10.6879	-10.9027	0
11.7555	-10.8831	-0.334703	11.7555	-10.8831	0
-10.994	-10.8483	-0.321931	-10.994	-10.8483	0
-9.95861	-10.8532	-0.337089	-9.95861	-10.8532	0
-8.9281	-10.8539	-0.317174	-8.9281	-10.8539	0
-7.94538	-10.795	-0.31197	-7.94538	-10.795	0
-6.95971	-10.7769	-0.32036	-6.95971	-10.7769	0
-5.85272	-10.8857	-0.320312	-5.85272	-10.8857	0
-4.81434	-10.7638	-0.332804	-4.81434	-10.7638	0
-3.78753	-10.8873	-0.300602	-3.78753	-10.8873	0
-2.78036	-10.9191	-0.3376	-2.78036	-10.9191	0
-1.74052	-10.8757	-0.308957	-1.74052	-10.8757	0
-0.670996	-9.80226	-0.300375	-0.670996	-9.80226	0
0.325548	-9.85483	-0.313705	0.325548	-9.85483	0
1.42092	-9.84001	-0.322245	1.42092	-9.84001	0
2.48914	-9.87404	-0.276419	2.48914	-9.87404	0
3.52453	-9.84011	-0.322685	3.52453	-9.84011	0
4.52086	-9.91327	-0.313241	4.52086	-9.91327	0
5.55463	-9.88696	-0.313293	5.55463	-9.88696	0
6.56922	-9.90036	-0.328757	6.56922	-9.90036	0
7.58479	-9.86582	-0.333198	7.58479	-9.86582	0
8.56393	-9.82707	-0.304017	8.56393	-9.82707	0
9.67762	-9.8443	-0.320304	9.67762	-9.8443	0
10.6832	-9.80308	-0.337847	10.6832	-9.80308	0
11.7482	-9.85455	-0.301176	11.7482	-9.85455	0
-11.0136	-9.89759	-0.317397	-11.0136	-9.89759	0
-9.98342	-9.82543	-0.311987	-9.98342	-9.82543	0
-8.97381	-9.81246	-0.308618	-8.97381	-9.81246	0
-7.88333	-9.7495	-0.31223	-7.88333	-9.7495	0
-6.88429	-9.77223	-0.326673	-6.88429	-9.77223	0
-5.87718	-9.75319	-0.294907	-5.87718	-9.75319	0
-4.80533	-9.75724	-0.303298	-4.80533	-9.75724	0
-3.77273	-9.89644	-0.344908	-3.77273	-9.89644	0
-2.74837	-9.87332	-0.316364	-2.74837	-9.87332	0
-1.68106	-9.88601	-0.329797	-1.68106	-9.88601	0
-0.657074	-8.78444	-0.317709	-0.657074	-8.78444	0
0.40199	-8.83501	-0.338461	0.40199	-8.83501	0
1.37414	-8.84057	-0.327735	1.37414	-8.84057	0
2.38572	-8.88503	-0.337969	2.38572	-8.88503	0
3.40345	-8.84939	-0.337409	3.40345	-8.84939	0
4.48413	-8.85402	-0.310624	4.48413	-8.85402	0
5.505	-8.80848	-0.301146	5.505	-8.80848	0
6.58019	-8.83804	-0.341374	6.58019	-8.83804	0
7.59873	-8.85614	-0.327321	7.59873	-8.85614	0
8.63058	-8.76235	-0.335305	8.63058	-8.76235	0
9.6707	-8.7794	-0.340331	9.6707	-8.7794	0
10.7036	-8.76783	-0.318362	10.7036	-8.76783	0
11.7591	-8.83682	-0.305593	11.7591	-8.83682	0
-11.0286	-8.78971	-0.317098	-11.0286	-8.78971	0
-9.96303	-8.82143	-0.338088	-9.96303	-8.82143	0
-8.93371	-8.79415	-0.324312	-8.93371	-8.79415	0
-7.86846	-8.73842	-0.342645	-7.86846	-8.73842	0
-6.8707	-8.71582	-0.335566	-6.8707	-8.71582	0
-5.84962	-8.69794	-0.326816	-5.84962	-8.69794	0
-4.80866	-8.7433	-0.345226	-4.80866	-8.7433	0
-3.75457	-8.78765	-0.323332	-3.75457	-8.78765	0
-2.77456	-8.86368	-0.323512	-2.77456	-8.86368	0
-1.74714	-8.87154	-0.329116	-1.74714	-8.87154	0
-0.704048	-7.8424	-0.335155	-0.704048	-7.8424	0
0.317992	-7.79862	-0.287964	0.317992	-7.79862	0
1.39268	-7.76531	-0.287005	1.39268	-7.76531	0
2.40963	-7.77051	-0.326278	2.40963	-7.77051	0
3.45269	-7.82007	-0.31773	3.45269	-7.82007	0
4.53921	-7.80961	-0.316819	4.53921	-7.80961	0
5.47214	-7.7436	-0.320122	5.47214	-7.7436	0
6.49404	-7.78184	-0.333965	6.49404	-7.78184	0
7.57116	-7.78619	-0.311831	7.57116	-7.78619	0
8.60901	-7.78066	-0.311315	8.60901	-7.78066	0
9.63754	-7.79656	-0.333056	9.63754	-7.79656	0
10.6543	-7.80876	-0.300891	10.6543	-7.80876	0
11.7173	-7.76772	-0.313365	11.7173	-7.76772	0
-11.0518	-7.76017	-0.321021	-11.0518	-7.76017	0
-10.0039	-7.79973	-0.331317	-10.0039	-7.79973	0
-8.93849	-7.73586	-0.3181	-8.93849	-7.73586	0
-7.8865	-7.75191	-0.330001	-7.8865	-7.75191	0
-6.85581	-7.75419	-0.312165	-6.85581	-7.75419	0
-5.80895	-7.70543	-0.336104	-5.80895	-7.70543	0
-4.8098	-7.73266	-0.32406	-4.8098	-7.73266	0
-3.73367	-7.76495	-0.319138	-3.73367	-7.76495	0
-2.75641	-7.84313	-0.308406	-2.75641	-7.84313	0
-1.73871	-7.83256	-0.329708	-1.73871	-7.83256	0
-0.710865	-6.79625	-0.304879	-0.710865	-6.79625	0
0.360497	-6.72798	-0.326183	0.360497	-6.72798	0
1.44575	-6.75106	-0.325655	1.44575	-6.75106	0
2.44745	-6.7445	-0.318387	2.44745	-6.7445	0
3.46764	-6.8233	-0.294356	3.46764	-6.8233	0
4.46775	-6.80113	-0.292529	4.46775	-6.80113	0
5.48813	-6.70242	-0.310449	5.48813	-6.70242	0
6.50622	-6.72039	-0.319208	6.50622	-6.72039	0
7.55513	-6.76872	-0.335933	7.55513	-6.76872	0
8.6591	-6.72307	-0.319887	8.6591	-6.72307	0
9.65665	-6.76613	-0.326131	9.65665	-6.76613	0
10.7004	-6.78622	-0.330934	10.7004	-6.78622	0
11.7166	-6.70112	-0.338221	11.7166	-6.70112	0
-11.0176	-6.69472	-0.331317	-11.0176	-6.69472	0
-10.0132	-6.74087	-0.282571	-10.0132	-6.74087	0
-8.98163	-6.76564	-0.334099	-8.98163	-6.76564	0
-7.92507	-6.77762	-0.330607	-7.92507	-6.77762	0
-6.8592	-6.7258	-0.33711	-6.8592	-6.7258	0
-5.8659	-6.67044	-0.309531	-5.8659	-6.67044	0
-4.75096	-6.72263	-0.315387	-4.75096	-6.72263	0
-3.73596	-6.64536	-0.304721	-3.73596	-6.64536	0
-2.75905	-6.80145	-0.338571	-2.75905	-6.80145	0
-1.69584	-6.7521	-0.340013	-1.69584	-6.7521	0
-0.689923	-5.73429	-0.290005	-0.689923	-5.73429	0
0.341103	-5.71578	-0.327424	0.341103	-5.71578	0
1.37457	-5.68851	-0.341946	1.37457	-5.68851	0
2.43317	-5.70897	-0.281377	2.43317	-5.70897	0
3.42985	-5.78655	-0.316489	3.42985	-5.78655	0
4.44611	-5.72769	-0.34534	4.44611	-5.72769	0
5.50294	-5.71111	-0.346015	5.50294	-5.71111	0
6.51509	-5.69928	-0.31236	6.51509	-5.69928	0
7.56644	-5.73284	-0.30999	7.56644	-5.73284	0
8.57604	-5.70218	-0.341382	8.57604	-5.70218	0
9.62338	-5.7299	-0.313296	9.62338	-5.7299	0
10.6197	-5.77674	-0.331503	10.6197	-5.77674	0
11.6826	-5.66013	-0.298958	11.6826	-5.66013	0
-11.0574	-5.66154	-0.292227	-11.0574	-5.66154	0
-10.0168	-5.65937	-0.34278	-10.0168	-5.65937	0
-8.95896	-5.7029	-0.312849	-8.95896	-5.7029	0
-7.94038	-5.69287	-0.321082	-7.94038	-5.69287	0
-6.92525	-5.6524	-0.320579	-6.92525	-5.6524	0
-5.88272	-5.66972	-0.304067	-5.88272	-5.66972	0
-4.87513	-5.74399	-0.321048	-4.87513	-5.74399	0
-3.76655	-5.67058	-0.312681	-3.76655	-5.67058	0
-2.80792	-5.69609	-0.313615	-2.80792	-5.69609	0
-1.73553	-5.70345	-0.311881	-1.73553	-5.70345	0
-0.6886	-4.65678	-0.31049	-0.6886	-4.65678	0
0.263607	-4.68054	-0.312396	0.263607	-4.68054	0
1.37059	-4.63628	-0.314089	1.37059	-4.63628	0
2.41656	-4.63982	-0.302514	2.41656	-4.63982	0
3.4766	-4.72789	-0.335171	3.4766	-4.72789	0
4.52162	-4.649	-0.305965	4.52162	-4.649	0
5.52864	-4.67322	-0.321068	5.52864	-4.67322	0
6.55756	-4.67929	-0.311077	6.55756	-4.67929	0
7.52251	-4.67916	-0.312702	7.52251	-4.67916	0
8.58878	-4.66661	-0.334131	8.58878	-4.66661	0
9.64061	-4.73461	-0.314299	9.64061	-4.73461	0
10.6716	-4.72814	-0.309156	10.6716	-4.72814	0
11.6306	-4.66624	-0.306375	11.6306	-4.66624	0
-11.0533	-4.67781	-0.337049	-11.0533	-4.67781	0
-10.0035	-4.61581	-0.326681	-10.0035	-4.61581	0
-8.93349	-4.6816	-0.309946	-8.93349	-4.6816	0
-7.9156	-4.66954	-0.317111	-7.9156	-4.66954	0
-6.89782	-4.68962	-0.285218	-6.89782	-4.68962	0
-5.88534	-4.64575	-0.289633	-5.88534	-4.64575	0
-4.85212	-4.7016	-0.310391	-4.85212	-4.7016	0
-3.80148	-4.68451	-0.318291	-3.80148	-4.68451	0
-2.75149	-4.60108	-0.343454	-2.75149	-4.60108	0
-1.75681	-4.62863	-0.301751	-1.75681	-4.62863	0
-0.700015	-3.6016	-0.312759	-0.700015	-3.6016	0
0.289616	-3.58729	-0.304927	0.289616	-3.58729	0
1.39262	-3.60899	-0.308108	1.39262	-3.60899	0
2.4486	-3.64662	-0.321148	2.4486	-3.64662	0
3.45688	-3.6893	-0.303938	3.45688	-3.6893	0
4.43603	-3.63598	-0.301192	4.43603	-3.63598	0
5.51973	-3.61176	-0.320504	5.51973	-3.61176	0
6.55466	-3.65492	-0.314313	6.55466	-3.65492	0
7.5721	-3.57547	-0.304987	7.5721	-3.57547	0
8.6117	-3.65758	-0.312885	8.6117	-3.65758	0
9.63982	-3.64245	-0.311335	9.63982	-3.64245	0
10.6582	-3.68222	-0.322074	10.6582	-3.68222	0
11.6425	-3.67775	-0.314895	11.6425	-3.67775	0
-11.1112	-3.62388	-0.304369	-11.1112	-3.62388	0
-10.0298	-3.64721	-0.24597	-10.0298	-3.64721	0
-9.00256	-3.61806	-0.341721	-9.00256	-3.61806	0
-7.95029	-3.62518	-0.321958	-7.95029	-3.62518	0
-6.91809	-3.64976	-0.31565	-6.91809	-3.64976	0
-5.90936	-3.62238	-0.324628	-5.90936	-3.62238	0
-4.81624	-3.66599	-0.315392	-4.81624	-3.66599	0
-3.75188	-3.60947	-0.29157	-3.75188	-3.60947	0
-2.76076	-3.62592	-0.313645	-2.76076	-3.62592	0
-1.72928	-3.59662	-0.300018	-1.72928	-3.59662	0
-0.661176	-2.52509	-0.315291	-0.661176	-2.52509	0
0.379576	-2.55873	-0.318957	0.379576	-2.55873	0
1.36337	-2.56298	-0.319812	1.36337	-2.56298	0
2.47784	-2.59362	-0.303541	2.47784	-2.59362	0
3.51138	-2.59263	-0.352422	3.51138	-2.59263	0
4.52392	-2.56331	-0.320044	4.52392	-2.56331	0
5.52853	-2.55955	-0.342545	5.52853	-2.55955	0
6.58326	-2.58111	-0.325469	6.58326	-2.58111	0
7.59022	-2.57024	-0.339733	7.59022	-2.57024	0
8.60571	-2.63397	-0.293322	8.60571	-2.63397	0
9.6426	-2.62445	-0.327903	9.6426	-2.62445	0
10.6214	-2.58596	-0.320926	10.6214	-2.58596	0
11.6665	-2.70884	-0.297278	11.6665	-2.70884	0
-11.0583	-2.59081	-0.33535	-11.0583	-2.59081	0
-10.0351	-2.59119	-0.300184	-10.0351	-2.59119	0
-8.99953	-2.60921	-0.312601	-8.99953	-2.60921	0
-7.91146	-2.55146	-0.330532	-7.91146	-2.55146	0
-6.91072	-2.61116	-0.325827	-6.91072	-2.61116	0
-5.89764	-2.57706	-0.313633	-5.89764	-2.57706	0
-4.85069	-2.58773	-0.330075	-4.85069	-2.58773	0
-3.79995	-2.53045	-0.33096	-3.79995	-2.53045	0
-2.79596	-2.54451	-0.323659	-2.79596	-2.54451	0
-1.70131	-2.61714	-0.323686	-1.70131	-2.61714	0
-0.680504	-1.4748	-0.294289	-0.680504	-1.4748	0
0.338872	-1.49481	-0.351305	0.338872	-1.49481	0
1.41172	-1.52287	-0.284818	1.41172	-1.52287	0
2.4289	-1.53346	-0.311976	2.4289	-1.53346	0
3.55722	-1.56097	-0.30205	3.55722	-1.56097	0
4.51121	-1.53293	-0.30101	4.51121	-1.53293	0
5.54414	-1.54097	-0.334065	5.54414	-1.54097	0
6.51557	-1.54128	-0.320672	6.51557	-1.54128	0
7.52065	-1.5369	-0.309362	7.52065	-1.5369	0
8.63065	-1.59781	-0.314914	8.63065	-1.59781	0
9.66203	-1.5403	-0.304385	9.66203	-1.5403	0
10.7285	-1.56855	-0.322114	10.7285	-1.56855	0
11.742	-1.60672	-0.297956	11.742	-1.60672	0
-11.0416	-1.53722	-0.32842	-11.0416	-1.53722	0
-9.95017	-1.54687	-0.324421	-9.95017	-1.54687	0
-8.97277	-1.54233	-0.285396	-8.97277	-1.54233	0
-7.93348	-1.54771	-0.292619	-7.93348	-1.54771	0
-6.85086	-1.56413	-0.322976	-6.85086	-1.56413	0
-5.81387	-1.5367	-0.284535	-5.81387	-1.5367	0
-4.82376	-1.50702	-0.317221	-4.82376	-1.50702	0
-3.78665	-1.4875	-0.317139	-3.78665	-1.4875	0
-2.7494	-1.51962	-0.323277	-2.7494	-1.51962	0
-1.72424	-1.54605	-0.301691	-1.72424	-1.54605	0
-0.184242	0.0548175	0.313693	-0.184242	0.0548175	0
0.873437	-0.0206437	0.340249	0.873437	-0.0206437	0
1.89261	-0.0214245	0.3362	1.89261	-0.0214245	0
2.9311	0.0103702	0.327842	2.9311	0.0103702	0
3.95853	-0.00137929	0.314369	3.95853	-0.00137929	0
5.03141	-0.0128667	0.323413	5.03141	-0.0128667	0
6.0085	-0.0255085	0.289126	6.0085	-0.0255085	0
7.01025	-0.0260675	0.306314	7.01025	-0.0260675	0
8.06587	0.0117738	0.303606	8.06587	0.0117738	0
9.10042	-0.051563	0.301263	9.10042	-0.051563	0
10.1271	-0.0459938	0.309188	10.1271	-0.0459938	0
11.2048	-0.0995438	0.319486	11.2048	-0.0995438	0
-11.563	-0.0164103	0.288447	-11.563	-0.0164103	0
-10.5384	-0.0215153	0.333866	-10.5384	-0.0215153	0
-9.49269	-0.0243061	0.297121	-9.49269	-0.0243061	0
-8.44847	0.0129026	0.304495	-8.44847	0.0129026	0
-7.44643	0.0243894	0.325961	-7.44643	0.0243894	0
-6.38029	-0.00827482	0.30121	-6.38029	-0.00827482	0
-5.33849	-0.0289534	0.321008	-5.33849	-0.0289534	0
-4.29402	0.0718905	0.330096	-4.29402	0.0718905	0
-3.27279	0.0466465	0.293938	-3.27279	0.0466465	0
-2.26702	0.0410335	0.312639	-2.26702	0.0410335	0
-1.18454	0.0622182	0.318103	-1.18454	0.0622182	0
-0.173499	1.03558	0.309109	-0.173499	1.03558	0
0.869898	1.02788	0.303131	0.869898	1.02788	0
1.88385	1.02478	0.336564	1.88385	1.02478	0
2.94662	1.01217	0.334132	2.94662	1.01217	0
4.01022	1.02543	0.302592	4.01022	1.02543	0
4.99421	0.967446	0.300246	4.99421	0.967446	0
6.01485	1.01699	0.328552	6.01485	1.01699	0
7.02268	1.00057	0.333064	7.02268	1.00057	0
8.06654	1.028	0.287194	8.06654	1.028	0
9.07428	1.03907	0.304539	9.07428	1.03907	0
10.1563	1.02	0.320929	10.1563	1.02	0
11.1754	0.973251	0.325061	11.1754	0.973251	0
-11.61	0.966937	0.308614	-11.61	0.966937	0
-10.5657	1.00943	0.342164	-10.5657	1.00943	0
-9.51135	1.02996	0.313187	-9.51135	1.02996	0
-8.48319	0.997959	0.321373	-8.48319	0.997959	0
-7.45553	1.02059	0.322424	-7.45553	1.02059	0
-6.42772	1.04705	0.323748	-6.42772	1.04705	0
-5.32289	1.04566	0.332403	-5.32289	1.04566	0
-4.3178	1.12463	0.299673	-4.3178	1.12463	0
-3.26426	1.11819	0.312365	-3.26426	1.11819	0
-2.26807	1.12313	0.312585	-2.26807	1.12313	0
-1.22144	1.07565	0.324295	-1.22144	1.07565	0
-0.227036	2.11825	0.319606	-0.227036	2.11825	0
0.820095	2.09388	0.301719	0.820095	2.09388	0
1.85644	2.04764	0.316028	1.85644	2.04764	0
2.92205	2.00715	0.306747	2.92205	2.00715	0
3.95857	2.01236	0.338598	3.95857	2.01236	0
4.96253	2.08425	0.335083	4.96253	2.08425	0
5.9098	2.09528	0.321967	5.9098	2.09528	0
7.01581	2.08253	0.335576	7.01581	2.08253	0
8.05805	2.09213	0.30862	8.05805	2.09213	0
9.12316	2.07982	0.306133	9.12316	2.07982	0
10.1155	2.10012	0.328578	10.1155	2.10012	0
11.1297	2.0319	0.310313	11.1297	2.0319	0
-11.6036	2.03	0.352661	-11.6036	2.03	0
-10.5516	2.04613	0.302418	-10.5516	2.04613	0
-9.54137	2.09016	0.344427	-9.54137	2.09016	0
-8.53397	2.0193	0.302828	-8.53397	2.0193	0
-7.46257	2.07085	0.318096	-7.46257	2.07085	0
-6.35142	2.02266	0.314736	-6.35142	2.02266	0
-5.31403	2.08783	0.315598	-5.31403	2.08783	0
-4.31176	2.13696	0.301412	-4.31176	2.13696	0
-3.27848	2.16822	0.320014	-3.27848	2.16822	0
-2.23978	2.16031	0.311431	-2.23978	2.16031	0
-1.20767	2.05261	0.31211	-1.20767	2.05261	0
-0.187405	3.16252	0.359242	-0.187405	3.16252	0
0.842306	3.13277	0.314696	0.842306	3.13277	0
1.8835	3.07977	0.298309	1.8835	3.07977	0
2.86482	3.10505	0.299504	2.86482	3.10505	0
3.90886	3.11602	0.303292	3.90886	3.11602	0
4.95643	3.14968	0.31503	4.95643	3.14968	0
5.96789	3.11678	0.310847	5.96789	3.11678	0
7.05343	3.09684	0.354161	7.05343	3.09684	0
8.08939	3.13021	0.319812	8.08939	3.13021	0
9.12871	3.1136	0.312919	9.12871	3.1136	0
10.1951	3.10426	0.321177	10.1951	3.10426	0
11.1653	3.03748	0.311427	11.1653	3.03748	0
-11.5654	3.06869	0.307483	-11.5654	3.06869	0
-10.5855	3.14669	0.338889	-10.5855	3.14669	0
-9.54996	3.11429	0.310515	-9.54996	3.11429	0
-8.51175	3.09774	0.311573	-8.51175	3.09774	0
-7.43973	3.11825	0.298318	-7.43973	3.11825	0
-6.38606	3.01524	0.308778	-6.38606	3.01524	0
-5.38089	3.10659	0.328672	-5.38089	3.10659	0
-4.33531	3.13069	0.337808	-4.33531	3.13069	0
-3.33373	3.18394	0.328877	-3.33373	3.18394	0
-2.26002	3.13004	0.336501	-2.26002	3.13004	0
-1.20848	3.10887	0.318177	-1.20848	3.10887	0
-0.209722	4.17029	0.333228	-0.209722	4.17029	0
0.828205	4.18782	0.344331	0.828205	4.18782	0
1.8555	4.17084	0.317559	1.8555	4.17084	0
2.85074	4.08483	0.337667	2.85074	4.08483	0
3.93711	4.14621	0.302101	3.93711	4.14621	0
4.93561	4.17183	0.318483	4.93561	4.17183	0
5.99477	4.11475	0.324776	5.99477	4.11475	0
7.09218	4.13546	0.327349	7.09218	4.13546	0
8.08798	4.10517	0.353066	8.08798	4.10517	0
9.11331	4.16845	0.325268	9.11331	4.16845	0
10.1679	4.16291	0.316444	10.1679	4.16291	0
11.2023	4.11438	0.318257	11.2023	4.11438	0
-11.5576	4.13824	0.314989	-11.5576	4.13824	0
-10.5299	4.18552	0.29659	-10.5299	4.18552	0
-9.52486	4.1505	0.30375	-9.52486	4.1505	0
-8.4888	4.11536	0.338363	-8.4888	4.11536	0
-7.44299	4.11271	0.304726	-7.44299	4.11271	0
-6.37251	4.16842	0.303568	-6.37251	4.16842	0
-5.38113	4.1186	0.327808	-5.38113	4.1186	0
-4.30905	4.20088	0.329821	-4.30905	4.20088	0
-3.22376	4.18027	0.306418	-3.22376	4.18027	0
-2.23476	4.13094	0.317041	-2.23476	4.13094	0
-1.23213	4.12262	0.343654	-1.23213	4.12262	0
-0.171834	5.16818	0.325169	-0.171834	5.16818	0
0.846388	5.23327	0.324496	0.846388	5.23327	0
1.86857	5.17438	0.336247	1.86857	5.17438	0
2.91205	5.14144	0.331974	2.91205	5.14144	0
3.89457	5.15159	0.323222	3.89457	5.15159	0
4.99655	5.17447	0.327646	4.99655	5.17447	0
6.05987	5.17051	0.301845	6.05987	5.17051	0
7.10181	5.15213	0.301757	7.10181	5.15213	0
8.09228	5.12932	0.329318	8.09228	5.12932	0
9.12984	5.17579	0.326081	9.12984	5.17579	0
10.1699	5.16522	0.334882	10.1699	5.16522	0
11.1876	5.18002	0.331248	11.1876	5.18002	0
-11.5456	5.11569	0.331859	-11.5456	5.11569	0
-10.5517	5.21181	0.290396	-10.5517	5.21181	0
-9.47159	5.15044	0.321744	-9.47159	5.15044	0
-8.47572	5.15765	0.337574	-8.47572	5.15765	0
-7.4344	5.16239	0.326265	-7.4344	5.16239	0
-6.35051	5.13978	0.320737	-6.35051	5.13978	0
-5.33709	5.17791	0.312214	-5.33709	5.17791	0
-4.2591	5.22632	0.318163	-4.2591	5.22632	0
-3.27951	5.20791	0.327026	-3.27951	5.20791	0
-2.23648	5.14855	0.325071	-2.23648	5.14855	0
-1.22461	5.11814	0.316726	-1.22461	5.11814	0
-0.175757	6.24665	0.329576	-0.175757	6.24665	0
0.852054	6.19214	0.304351	0.852054	6.19214	0
1.90717	6.1809	0.340528	1.90717	6.1809	0
2.94967	6.17749	0.320058	2.94967	6.17749	0
3.95943	6.16646	0.328711	3.95943	6.16646	0
5.00631	6.16716	0.315721	5.00631	6.16716	0
6.06845	6.19863	0.308847	6.06845	6.19863	0
7.09786	6.23709	0.301821	7.09786	6.23709	0
8.14162	6.20907	0.322374	8.14162	6.20907	0
9.12572	6.21362	0.341615	9.12572	6.21362	0
10.1731	6.16999	0.323267	10.1731	6.16999	0
11.2471	6.20553	0.320439	11.2471	6.20553	0
-11.5013	6.16548	0.312323	-11.5013	6.16548	0
-10.5049	6.20373	0.323052	-10.5049	6.20373	0
-9.49755	6.20472	0.304854	-9.49755	6.20472	0
-8.4475	6.1741	0.340756	-8.4475	6.1741	0
-7.39517	6.19419	0.32599	-7.39517	6.19419	0
-6.35256	6.19388	0.297281	-6.35256	6.19388	0
-5.34023	6.19348	0.300109	-5.34023	6.19348	0
-4.33632	6.2012	0.331752	-4.33632	6.2012	0
-3.26133	6.19354	0.337172	-3.26133	6.19354	0
-2.25086	6.23549	0.337974	-2.25086	6.23549	0
-1.23068	6.2509	0.340706	-1.23068	6.2509	0
-0.246969	7.27217	0.306013	-0.246969	7.27217	0
0.842121	7.25248	0.332868	0.842121	7.25248	0
1.85898	7.23763	0.33865	1.85898	7.23763	0
2.93571	7.18888	0.318096	2.93571	7.18888	0
3.97086	7.20478	0.301612	3.97086	7.20478	0
5.01842	7.20136	0.321245	5.01842	7.20136	0
6.03622	7.23864	0.328449	6.03622	7.23864	0
7.08238	7.2526	0.330111	7.08238	7.2526	0
8.14201	7.23382	0.325238	8.14201	7.23382	0
9.09803	7.24747	0.304326	9.09803	7.24747	0
10.1111	7.23725	0.336102	10.1111	7.23725	0
11.163	7.19444	0.283054	11.163	7.19444	0
-11.6034	7.27303	0.315651	-11.6034	7.27303	0
-10.5507	7.22694	0.333557	-10.5507	7.22694	0
-9.4859	7.2336	0.318698	-9.4859	7.2336	0
-8.43612	7.2304	0.314185	-8.43612	7.2304	0
-7.46492	7.27085	0.333173	-7.46492	7.27085	0
-6.45721	7.19589	0.304646	-6.45721	7.19589	0
-5.37663	7.19745	0.316104	-5.37663	7.19745	0
-4.38052	7.29053	0.299111	-4.38052	7.29053	0
-3.34177	7.21412	0.313198	-3.34177	7.21412	0
-2.27289	7.25806	0.314083	-2.27289	7.25806	0
-1.23184	7.26487	0.319454	-1.23184	7.26487	0
-0.191643	8.26912	0.306227	-0.191643	8.26912	0
0.871184	8.24971	0.314687	0.871184	8.24971	0
1.91632	8.24677	0.322827	1.91632	8.24677	0
2.91313	8.24651	0.30657	2.91313	8.24651	0
3.94149	8.21885	0.282344	3.94149	8.21885	0
5.00942	8.2206	0.335255	5.00942	8.2206	0
6.05859	8.25835	0.316173	6.05859	8.25835	0
7.09182	8.30448	0.313667	7.09182	8.30448	0
8.10085	8.28707	0.331128	8.10085	8.28707	0
9.14324	8.26742	0.326087	9.14324	8.26742	0
10.1554	8.27423	0.314343	10.1554	8.27423	0
11.2418	8.18993	0.286245	11.2418	8.18993	0
-11.5561	8.29474	0.313781	-11.5561	8.29474	0
-10.5251	8.27585	0.300453	-10.5251	8.27585	0
-9.49076	8.27083	0.308187	-9.49076	8.27083	0
-8.47853	8.23775	0.335746	-8.47853	8.23775	0
-7.46171	8.29532	0.325045	-7.46171	8.29532	0
-6.40569	8.29125	0.315847	-6.40569	8.29125	0
-5.40387	8.24137	0.328241	-5.40387	8.24137	0
-4.34692	8.3059	0.295161	-4.34692	8.3059	0
-3.36398	8.26474	0.319004	-3.36398	8.26474	0
-2.26926	8.29347	0.33287	-2.26926	8.29347	0
-1.22322	8.31039	0.34775	-1.22322	8.31039	0
-0.152459	9.29196	0.31766	-0.152459	9.29196	0
0.842499	9.31559	0.323872	0.842499	9.31559	0
1.88276	9.28153	0.30678	1.88276	9.28153	0
2.94956	9.28093	0.350318	2.94956	9.28093	0
3.99442	9.2361	0.300395	3.99442	9.2361	0
5.0438	9.25545	0.33692	5.0438	9.25545	0
6.09084	9.30655	0.3558	6.09084	9.30655	0
7.04234	9.32452	0.315912	7.04234	9.32452	0
8.08391	9.33344	0.327159	8.08391	9.33344	0
9.13493	9.32948	0.324779	9.13493	9.32948	0
10.1802	9.31541	0.313846	10.1802	9.31541	0
11.1896	9.33584	0.305136	11.1896	9.33584	0
-11.5071	9.32895	0.310306	-11.5071	9.32895	0
-10.5065	9.29227	0.298971	-10.5065	9.29227	0
-9.51533	9.356	0.303817	-9.51533	9.356	0
-8.47467	9.3534	0.320995	-8.47467	9.3534	0
-7.42753	9.36591	0.344955	-7.42753	9.36591	0
-6.43502	9.3147	0.336461	-6.43502	9.3147	0
-5.3934	9.2916	0.305646	-5.3934	9.2916	0
-4.32787	9.36353	0.313484	-4.32787	9.36353	0
-3.27972	9.32386	0.31672	-3.27972	9.32386	0
-2.25485	9.28742	0.310726	-2.25485	9.28742	0
-1.16132	9.32289	0.347847	-1.16132	9.32289	0
-0.148015	10.3681	0.317148	-0.148015	10.3681	0
0.863587	10.3404	0.302766	0.863587	10.3404	0
1.93373	10.3385	0.286126	1.93373	10.3385	0
2.93471	10.2691	0.336707	2.93471	10.2691	0
4.05328	10.2863	0.281352	4.05328	10.2863	0
5.03636	10.3202	0.34028	5.03636	10.3202	0
5.99321	10.4038	0.300127	5.99321	10.4038	0
7.02118	10.3458	0.326164	7.02118	10.3458	0
8.09135	10.3714	0.310733	8.09135	10.3714	0
9.16769	10.3441	0.338492	9.16769	10.3441	0
10.2206	10.3286	0.315012	10.2206	10.3286	0
11.2308	10.3707	0.323214	11.2308	10.3707	0
-11.5336	10.3149	0.333878	-11.5336	10.3149	0
-10.4939	10.3506	0.340085	-10.4939	10.3506	0
-9.46783	10.3728	0.333901	-9.46783	10.3728	0
-8.39631	10.3675	0.311486	-8.39631	10.3675	0
-7.37682	10.3981	0.323431	-7.37682	10.3981	0
-6.36685	10.3975	0.298384	-6.36685	10.3975	0
-5.30061	10.3411	0.337654	-5.30061	10.3411	0
-4.26483	10.385	0.308502	-4.26483	10.385	0
-3.30025	10.3344	0.32429	-3.30025	10.3344	0
-2.24041	10.3467	0.326741	-2.24041	10.3467	0
-1.1913	10.3959	0.292129	-1.1913	10.3959	0
-0.116169	11.3868	0.309476	-0.116169	11.3868	0
0.867922	11.3438	0.306578	0.867922	11.3438	0
1.92569	11.3786	0.278931	1.92569	11.3786	0
2.92077	11.3	0.3168	2.92077	11.3	0
3.93747	11.3408	0.298587	3.93747	11.3408	0
5.02269	11.3433	0.348958	5.02269	11.3433	0
6.09619	11.4252	0.319596	6.09619	11.4252	0
7.12567	11.3885	0.300371	7.12567	11.3885	0
8.14751	11.3835	0.324849	8.14751	11.3835	0
9.17222	11.3702	0.334958	9.17222	11.3702	0
10.2706	11.3365	0.313291	10.2706	11.3365	0
11.2184	11.36	0.289944	11.2184	11.36	0
-11.5567	11.3454	0.287539	-11.5567	11.3454	0
-10.508	11.4014	0.299371	-10.508	11.4014	0
-9.43261	11.4801	0.328821	-9.43261	11.4801	0
-8.35863	11.4076	0.306264	-8.35863	11.4076	0
-7.42351	11.4482	0.341535	-7.42351	11.4482	0
-6.41653	11.3914	0.32319	-6.41653	11.3914	0
-5.32558	11.3967	0.318307	-5.32558	11.3967	0
-4.29583	11.4154	0.325762	-4.29583	11.4154	0
-3.24615	11.3454	0.330467	-3.24615	11.3454	0
-2.17819	11.3997	0.306129	-2.17819	11.3997	0
-1.17555	11.3788	0.296799	-1.17555	11.3788	0
-0.120321	-11.3803	0.32232	-0.120321	-11.3803	0
0.87793	-11.4039	0.314733	0.87793	-11.4039	0
1.95121	-11.3848	0.300085	1.95121	-11.3848	0
3.01221	-11.3712	0.307781	3.01221	-11.3712	0
3.97165	-11.4199	0.330509	3.97165	-11.4199	0
5.0195	-11.4106	0.349744	5.0195	-11.4106	0
6.07881	-11.3949	0.331061	6.07881	-11.3949	0
7.12697	-11.4007	0.360749	7.12697	-11.4007	0
8.14061	-11.4052	0.317038	8.14061	-11.4052	0
9.20668	-11.3833	0.323973	9.20668	-11.3833	0
10.1993	-11.3961	0.319018	10.1993	-11.3961	0
11.2923	-11.3522	0.333274	11.2923	-11.3522	0
-11.5073	-11.4057	0.313158	-11.5073	-11.4057	0
-10.5029	-11.3962	0.316768	-10.5029	-11.3962	0
-9.45031	-11.3398	0.298699	-9.45031	-11.3398	0
-8.45153	-11.3716	0.320826	-8.45153	-11.3716	0
-7.45067	-11.3031	0.309591	-7.45067	-11.3031	0
-6.40034	-11.3565	0.315597	-6.40034	-11.3565	0
-5.29603	-11.3382	0.311666	-5.29603	-11.3382	0
-4.3214	-11.3707	0.297579	-4.3214	-11.3707	0
-3.29181	-11.3804	0.318813	-3.29181	-11.3804	0
-2.27324	-11.3764	0.306346	-2.27324	-11.3764	0
-1.19039	-11.409	0.340524	-1.19039	-11.409	0
-0.133668	-10.3588	0.320212	-0.133668	-10.3588	0
0.884485	-10.3459	0.317406	0.884485	-10.3459	0
1.93819	-10.3971	0.272372	1.93819	-10.3971	0
3.00989	-10.3678	0.312775	3.00989	-10.3678	0
4.01911	-10.3563	0.336305	4.01911	-10.3563	0
5.03469	-10.3636	0.331893	5.03469	-10.3636	0
6.07779	-10.3997	0.322114	6.07779	-10.3997	0
7.07795	-10.3277	0.340793	7.07795	-10.3277	0
8.10864	-10.4098	0.3273	8.10864	-10.4098	0
9.14556	-10.3343	0.333639	9.14556	-10.3343	0
10.211	-10.3515	0.309411	10.211	-10.3515	0
11.2391	-10.3816	0.301201	11.2391	-10.3816	0
-11.5059	-10.3648	0.343386	-11.5059	-10.3648	0
-10.4674	-10.3606	0.324913	-10.4674	-10.3606	0
-9.46931	-10.3404	0.316522	-9.46931	-10.3404	0
-8.42053	-10.2885	0.297088	-8.42053	-10.2885	0
-7.41015	-10.2778	0.344769	-7.41015	-10.2778	0
-6.38775	-10.3126	0.315994	-6.38775	-10.3126	0
-5.37304	-10.2851	0.303947	-5.37304	-10.2851	0
-4.29179	-10.3312	0.329809	-4.29179	-10.3312	0
-3.26056	-10.3564	0.319062	-3.26056	-10.3564	0
-2.22437	-10.3966	0.323683	-2.22437	-10.3966	0
-1.13259	-10.3789	0.316033	-1.13259	-10.3789	0
-0.113151	-9.31037	0.336715	-0.113151	-9.31037	0
0.892951	-9.31128	0.315674	0.892951	-9.31128	0
1.87999	-9.3353	0.34037	1.87999	-9.3353	0
2.93042	-9.29219	0.330199	2.93042	-9.29219	0
4.03683	-9.35658	0.325137	4.03683	-9.35658	0
5.02422	-9.36191	0.28536	5.02422	-9.36191	0
6.10359	-9.35014	0.296853	6.10359	-9.35014	0
7.08703	-9.33914	0.304054	7.08703	-9.33914	0
8.08809	-9.2868	0.323081	8.08809	-9.2868	0
9.15979	-9.28335	0.274844	9.15979	-9.28335	0
10.211	-9.3237	0.340692	10.211	-9.3237	0
11.1998	-9.31355	0.327034	11.1998	-9.31355	0
-11.5338	-9.3464	0.32258	-11.5338	-9.3464	0
-10.5156	-9.32715	0.325452	-10.5156	-9.32715	0
-9.42634	-9.29588	0.319805	-9.42634	-9.29588	0
-8.40578	-9.25979	0.324042	-8.40578	-9.25979	0
-7.37425	-9.22258	0.304472	-7.37425	-9.22258	0
-6.39585	-9.24838	0.309169	-6.39585	-9.24838	0
-5.29853	-9.22413	0.294409	-5.29853	-9.22413	0
-4.27009	-9.29851	0.321754	-4.27009	-9.29851	0
-3.2584	-9.33586	0.31601	-3.2584	-9.33586	0
-2.22731	-9.34794	0.323123	-2.22731	-9.34794	0
-1.17962	-9.30617	0.270725	-1.17962	-9.30617	0
-0.174219	-8.36173	0.34129	-0.174219	-8.36173	0
0.886298	-8.3306	0.318787	0.886298	-8.3306	0
1.91623	-8.30621	0.310697	1.91623	-8.30621	0
2.9225	-8.30426	0.324284	2.9225	-8.30426	0
3.97937	-8.35647	0.314451	3.97937	-8.35647	0
5.02566	-8.32154	0.321215	5.02566	-8.32154	0
6.05637	-8.3352	0.319946	6.05637	-8.3352	0
7.02021	-8.35978	0.313342	7.02021	-8.35978	0
8.04383	-8.32128	0.308754	8.04383	-8.32128	0
9.11975	-8.27601	0.297161	9.11975	-8.27601	0
10.1369	-8.30179	0.335533	10.1369	-8.30179	0
11.1973	-8.30508	0.321931	11.1973	-8.30508	0
-11.5607	-8.28739	0.3053	-11.5607	-8.28739	0
-10.499	-8.32171	0.341264	-10.499	-8.32171	0
-9.47554	-8.30066	0.277521	-9.47554	-8.30066	0
-8.43065	-8.26252	0.322642	-8.43065	-8.26252	0
-7.3877	-8.20841	0.324628	-7.3877	-8.20841	0
-6.33394	-8.24139	0.333255	-6.33394	-8.24139	0
-5.32962	-8.23836	0.318238	-5.32962	-8.23836	0
-4.31855	-8.26966	0.306252	-4.31855	-8.26966	0
-3.28148	-8.31218	0.348662	-3.28148	-8.31218	0
-2.26256	-8.36584	0.314939	-2.26256	-8.36584	0
-1.23764	-8.28323	0.294063	-1.23764	-8.28323	0
-0.222885	-7.33845	0.320788	-0.222885	-7.33845	0
0.859697	-7.27964	0.303919	0.859697	-7.27964	0
1.89552	-7.22682	0.318455	1.89552	-7.22682	0
2.93523	-7.27495	0.328967	2.93523	-7.27495	0
3.94828	-7.3391	0.327448	3.94828	-7.3391	0
5.01542	-7.27368	0.341033	5.01542	-7.27368	0
6.03934	-7.27591	0.316502	6.03934	-7.27591	0
7.03408	-7.31891	0.299705	7.03408	-7.31891	0
8.06221	-7.25949	0.29035	8.06221	-7.25949	0
9.05632	-7.29491	0.316065	9.05632	-7.29491	0
10.1476	-7.28304	0.340163	10.1476	-7.28304	0
11.1772	-7.24633	0.310922	11.1772	-7.24633	0
-11.588	-7.2322	0.325338	-11.588	-7.2322	0
-10.558	-7.19254	0.317505	-10.558	-7.19254	0
-9.53389	-7.28629	0.318169	-9.53389	-7.28629	0
-8.41705	-7.25308	0.314537	-8.41705	-7.25308	0
-7.37272	-7.20764	0.345649	-7.37272	-7.20764	0
-6.32153	-7.24127	0.302707	-6.32153	-7.24127	0
-5.3084	-7.19322	0.311249	-5.3084	-7.19322	0
-4.24166	-7.26025	0.30119	-4.24166	-7.26025	0
-3.262	-7.25214	0.339577	-3.262	-7.25214	0
-2.20891	-7.33194	0.302378	-2.20891	-7.33194	0
-1.22925	-7.31083	0.305444	-1.22925	-7.31083	0
-0.166705	-6.25179	0.306719	-0.166705	-6.25179	0
0.878223	-6.22499	0.318473	0.878223	-6.22499	0
1.91091	-6.20601	0.313601	1.91091	-6.20601	0
2.9368	-6.26714	0.320999	2.9368	-6.26714	0
3.96723	-6.26905	0.320138	3.96723	-6.26905	0
4.95473	-6.22653	0.333617	4.95473	-6.22653	0
5.97585	-6.2379	0.328617	5.97585	-6.2379	0
7.04978	-6.2901	0.320254	7.04978	-6.2901	0
8.10512	-6.2223	0.312961	8.10512	-6.2223	0
9.14132	-6.21599	0.291164	9.14132	-6.21599	0
10.1669	-6.28273	0.327775	10.1669	-6.28273	0
11.2172	-6.23118	0.30997	11.2172	-6.23118	0
-11.5529	-6.21072	0.331961	-11.5529	-6.21072	0
-10.5305	-6.12535	0.308624	-10.5305	-6.12535	0
-9.48437	-6.22957	0.318375	-9.48437	-6.22957	0
-8.45481	-6.23635	0.287627	-8.45481	-6.23635	0
-7.43079	-6.2142	0.310742	-7.43079	-6.2142	0
-6.43256	-6.15718	0.303531	-6.43256	-6.15718	0
-5.36235	-6.19299	0.322066	-5.36235	-6.19299	0
-4.29548	-6.16283	0.310582	-4.29548	-6.16283	0
-3.19607	-6.1981	0.334335	-3.19607	-6.1981	0
-2.21282	-6.25588	0.336339	-2.21282	-6.25588	0
-1.21515	-6.22248	0.322538	-1.21515	-6.22248	0
-0.226557	-5.20265	0.316154	-0.226557	-5.20265	0
0.840719	-5.15147	0.302372	0.840719	-5.15147	0
1.85439	-5.1895	0.301015	1.85439	-5.1895	0
2.94945	-5.21745	0.316354	2.94945	-5.21745	0
4.01768	-5.22197	0.33704	4.01768	-5.22197	0
5.03936	-5.21058	0.29621	5.03936	-5.21058	0
6.02145	-5.15878	0.329604	6.02145	-5.15878	0
7.04514	-5.21554	0.325305	7.04514	-5.21554	0
8.09618	-5.19339	0.302712	8.09618	-5.19339	0
9.05585	-5.1808	0.301946	9.05585	-5.1808	0
10.171	-5.2576	0.351388	10.171	-5.2576	0
11.1443	-5.25463	0.319805	11.1443	-5.25463	0
-11.6443	-5.16992	0.328762	-11.6443	-5.16992	0
-10.5029	-5.13263	0.347944	-10.5029	-5.13263	0
-9.47327	-5.23311	0.321326	-9.47327	-5.23311	0
-8.425	-5.16772	0.307404	-8.425	-5.16772	0
-7.4505	-5.20341	0.340707	-7.4505	-5.20341	0
-6.42257	-5.18614	0.347231	-6.42257	-5.18614	0
-5.35922	-5.19569	0.310735	-5.35922	-5.19569	0
-4.33279	-5.16455	0.316276	-4.33279	-5.16455	0
-3.19963	-5.19939	0.33513	-3.19963	-5.19939	0
-2.2322	-5.21891	0.295738	-2.2322	-5.21891	0
-1.24347	-5.21689	0.3229	-1.24347	-5.21689	0
-0.160727	-4.10264	0.339962	-0.160727	-4.10264	0
0.873296	-4.06438	0.321124	0.873296	-4.06438	0
1.90499	-4.15529	0.303615	1.90499	-4.15529	0
2.92806	-4.16868	0.322822	2.92806	-4.16868	0
3.94766	-4.19741	0.318878	3.94766	-4.19741	0
5.01131	-4.1378	0.319509	5.01131	-4.1378	0
6.05521	-4.17043	0.298863	6.05521	-4.17043	0
7.01142	-4.16936	0.315331	7.01142	-4.16936	0
8.0845	-4.19249	0.302547	8.0845	-4.19249	0
9.13243	-4.16635	0.314155	9.13243	-4.16635	0
10.1233	-4.24041	0.315746	10.1233	-4.24041	0
11.1562	-4.19036	0.3417	11.1562	-4.19036	0
-11.5906	-4.19903	0.304787	-11.5906	-4.19903	0
-10.5899	-4.11004	0.323873	-10.5899	-4.11004	0
-9.42663	-4.15472	0.333699	-9.42663	-4.15472	0
-8.45093	-4.15501	0.325984	-8.45093	-4.15501	0
-7.42113	-4.12863	0.33455	-7.42113	-4.12863	0
-6.40678	-4.14267	0.342433	-6.40678	-4.14267	0
-5.34582	-4.16698	0.323819	-5.34582	-4.16698	0
-4.32338	-4.1558	0.311975	-4.32338	-4.1558	0
-3.24026	-4.13681	0.306321	-3.24026	-4.13681	0
-2.24484	-4.10418	0.349868	-2.24484	-4.10418	0
-1.17557	-4.12012	0.28036	-1.17557	-4.12012	0
-0.122971	-3.05307	0.329628	-0.122971	-3.05307	0
0.927279	-3.08939	0.327618	0.927279	-3.08939	0
1.95566	-3.12044	0.292083	1.95566	-3.12044	0
2.94582	-3.11993	0.307451	2.94582	-3.11993	0
3.96479	-3.1215	0.308768	3.96479	-3.1215	0
4.99689	-3.08927	0.295927	4.99689	-3.08927	0
6.03842	-3.11718	0.298134	6.03842	-3.11718	0
7.03491	-3.08655	0.339815	7.03491	-3.08655	0
8.07678	-3.0688	0.324615	8.07678	-3.0688	0
9.15913	-3.12045	0.298516	9.15913	-3.12045	0
10.1672	-3.11361	0.330251	10.1672	-3.11361	0
11.1549	-3.17081	0.321706	11.1549	-3.17081	0
-11.5429	-3.10332	0.325528	-11.5429	-3.10332	0
-10.5524	-3.06253	0.322082	-10.5524	-3.06253	0
-9.51564	-3.1089	0.331541	-9.51564	-3.1089	0
-8.45508	-3.10577	0.296529	-8.45508	-3.10577	0
-7.43866	-3.12798	0.308402	-7.43866	-3.12798	0
-6.41572	-3.13844	0.322376	-6.41572	-3.13844	0
-5.36718	-3.10422	0.328799	-5.36718	-3.10422	0
-4.31934	-3.13614	0.29076	-4.31934	-3.13614	0
-3.28438	-3.08861	0.342691	-3.28438	-3.08861	0
-2.25956	-3.07782	0.296147	-2.25956	-3.07782	0
-1.19195	-3.08464	0.306766	-1.19195	-3.08464	0
-0.169015	-2.05848	0.322752	-0.169015	-2.05848	0
0.868847	-2.04983	0.310313	0.868847	-2.04983	0
1.97514	-2.11515	0.331359	1.97514	-2.11515	0
2.97901	-2.05885	0.291722	2.97901	-2.05885	0
4.01533	-2.10663	0.330167	4.01533	-2.10663	0
5.02895	-2.09449	0.294734	5.02895	-2.09449	0
6.05181	-2.07079	0.291324	6.05181	-2.07079	0
7.05588	-2.0803	0.315979	7.05588	-2.0803	0
8.05468	-2.04758	0.301726	8.05468	-2.04758	0
9.11613	-2.10052	0.347869	9.11613	-2.10052	0
10.1582	-2.0589	0.314474	10.1582	-2.0589	0
11.1996	-2.11664	0.306322	11.1996	-2.11664	0
-11.5431	-2.08871	0.313808	-11.5431	-2.08871	0
-10.5189	-2.04509	0.301468	-10.5189	-2.04509	0
-9.50366	-2.08075	0.322548	-9.50366	-2.08075	0
-8.42111	-2.11627	0.328077	-8.42111	-2.11627	0
-7.42926	-2.06827	0.33078	-7.42926	-2.06827	0
-6.40255	-2.05522	0.342318	-6.40255	-2.05522	0
-5.34834	-2.08085	0.283019	-5.34834	-2.08085	0
-4.30191	-2.04529	0.281717	-4.30191	-2.04529	0
-3.26733	-2.02147	0.295135	-3.26733	-2.02147	0
-2.23927	-2.08121	0.334266	-2.23927	-2.08121	0
-1.19489	-2.05145	0.307604	-1.19489	-2.05145	0
-0.123246	-1.04073	0.353758	-0.123246	-1.04073	0
0.902248	-1.04374	0.326729	0.902248	-1.04374	0
1.93442	-1.05443	0.310752	1.93442	-1.05443	0
2.96558	-1.10596	0.30805	2.96558	-1.10596	0
4.00851	-1.00761	0.342472	4.00851	-1.00761	0
5.04194	-1.06083	0.305474	5.04194	-1.06083	0
6.00885	-0.98437	0.332333	6.00885	-0.98437	0
7.07159	-1.02745	0.324724	7.07159	-1.02745	0
8.12141	-1.00151	0.301354	8.12141	-1.00151	0
9.20476	-1.05012	0.330348	9.20476	-1.05012	0
10.1863	-1.00599	0.322535	10.1863	-1.00599	0
11.235	-1.11397	0.345014	11.235	-1.11397	0
-11.5634	-1.05055	0.328462	-11.5634	-1.05055	0
-10.4925	-1.0827	0.32831	-10.4925	-1.0827	0
-9.49856	-0.976277	0.3253	-9.49856	-0.976277	0
-8.45173	-1.08036	0.335903	-8.45173	-1.08036	0
-7.40047	-1.06993	0.308564	-7.40047	-1.06993	0
-6.38978	-1.04622	0.30534	-6.38978	-1.04622	0
-5.3593	-1.0058	0.321417	-5.3593	-1.0058	0
-4.31221	-0.951567	0.307574	-4.31221	-0.951567	0
-3.2528	-1.00952	0.307312	-3.2528	-1.00952	0
-2.25788	-0.986279	0.332106	-2.25788	-0.986279	0
-1.18643	-1.04355	0.341375	-1.18643	-1.04355	0
