-0.493865	-0.240672	-0.341458	-0.493865	-0.240672	0
0.527786	-0.314837	-0.314446	0.527786	-0.314837	0
1.59858	-0.27253	-0.306505	1.59858	-0.27253	0
2.62302	-0.265018	-0.334494	2.62302	-0.265018	0
3.62834	-0.30848	-0.316205	3.62834	-0.30848	0
4.62861	-0.223068	-0.289077	4.62861	-0.223068	0
5.72557	-0.242758	-0.303335	5.72557	-0.242758	0
6.7249	-0.276308	-0.307821	6.7249	-0.276308	0
7.79145	-0.297447	-0.315407	7.79145	-0.297447	0
8.86003	-0.273935	-0.344053	8.86003	-0.273935	0
9.90601	-0.31781	-0.302168	9.90601	-0.31781	0
10.9227	-0.285143	-0.327325	10.9227	-0.285143	0
-11.842	-0.318883	-0.318091	-11.842	-0.318883	0
-10.7777	-0.232392	-0.326391	-10.7777	-0.232392	0
-9.78046	-0.21827	-0.310217	-9.78046	-0.21827	0
-8.72551	-0.215104	-0.317123	-8.72551	-0.215104	0
-7.71909	-0.24159	-0.323468	-7.71909	-0.24159	0
-6.65832	-0.2249	-0.313521	-6.65832	-0.2249	0
-5.661	-0.255798	-0.29365	-5.661	-0.255798	0
-4.63178	-0.27364	-0.294667	-4.63178	-0.27364	0
-3.59291	-0.270093	-0.321079	-3.59291	-0.270093	0
-2.60083	-0.232079	-0.306511	-2.60083	-0.232079	0
-1.51313	-0.249335	-0.296014	-1.51313	-0.249335	0
-0.494883	0.737506	-0.327451	-0.494883	0.737506	0
0.571164	0.737143	-0.331829	0.571164	0.737143	0
1.58431	0.778886	-0.341348	1.58431	0.778886	0
2.6374	0.763259	-0.302958	2.6374	0.763259	0
3.6589	0.717925	-0.332163	3.6589	0.717925	0
4.66967	0.763702	-0.304144	4.66967	0.763702	0
5.66718	0.787897	-0.315274	5.66718	0.787897	0
6.77203	0.751785	-0.319611	6.77203	0.751785	0
7.80342	0.71669	-0.319488	7.80342	0.71669	0
8.83924	0.732738	-0.342342	8.83924	0.732738	0
9.92345	0.731654	-0.32911	9.92345	0.731654	0
10.9522	0.767388	-0.291555	10.9522	0.767388	0
-11.8783	0.813848	-0.335207	-11.8783	0.813848	0
-10.8486	0.796952	-0.320793	-10.8486	0.796952	0
-9.81319	0.739216	-0.324358	-9.81319	0.739216	0
-8.71555	0.812445	-0.315641	-8.71555	0.812445	0
-7.72998	0.827009	-0.33677	-7.72998	0.827009	0
-6.77145	0.810247	-0.301258	-6.77145	0.810247	0
-5.62836	0.777783	-0.325927	-5.62836	0.777783	0
-4.61804	0.795329	-0.3037	-4.61804	0.795329	0
-3.55724	0.820384	-0.320205	-3.55724	0.820384	0
-2.52188	0.805492	-0.327638	-2.52188	0.805492	0
-1.5186	0.811678	-0.339151	-1.5186	0.811678	0
-0.481165	1.78471	-0.324811	-0.481165	1.78471	0
0.564219	1.75912	-0.341335	0.564219	1.75912	0
1.61752	1.83201	-0.302049	1.61752	1.83201	0
2.64438	1.80865	-0.305213	2.64438	1.80865	0
3.67248	1.80468	-0.330482	3.67248	1.80468	0
4.69275	1.75789	-0.311187	4.69275	1.75789	0
5.76395	1.81839	-0.329889	5.76395	1.81839	0
6.76122	1.78047	-0.325215	6.76122	1.78047	0
7.80745	1.75087	-0.319669	7.80745	1.75087	0
8.88166	1.74507	-0.341718	8.88166	1.74507	0
9.89104	1.76374	-0.329016	9.89104	1.76374	0
10.8365	1.80624	-0.319575	10.8365	1.80624	0
11.8584	1.84924	-0.350136	11.8584	1.84924	0
-10.8846	1.80035	-0.330761	-10.8846	1.80035	0
-9.83863	1.78654	-0.346422	-9.83863	1.78654	0
-8.8112	1.86601	-0.303228	-8.8112	1.86601	0
-7.79185	1.85115	-0.321806	-7.79185	1.85115	0
-6.76108	1.80016	-0.311302	-6.76108	1.80016	0
-5.70152	1.76827	-0.333283	-5.70152	1.76827	0
-4.60827	1.78426	-0.351553	-4.60827	1.78426	0
-3.56451	1.80526	-0.316839	-3.56451	1.80526	0
-2.56659	1.87034	-0.331793	-2.56659	1.87034	0
-1.53289	1.8347	-0.306441	-1.53289	1.8347	0
-0.430702	2.85458	-0.315748	-0.430702	2.85458	0
0.512656	2.81659	-0.326539	0.512656	2.81659	0
1.54684	2.86179	-0.307132	1.54684	2.86179	0
2.64752	2.81927	-0.297239	2.64752	2.81927	0
3.6679	2.81413	-0.32786	3.6679	2.81413	0
4.67143	2.88274	-0.322544	4.67143	2.88274	0
5.80872	2.79999	-0.317053	5.80872	2.79999	0
6.78504	2.83728	-0.320581	6.78504	2.83728	0
7.79389	2.74757	-0.317954	7.79389	2.74757	0
8.82189	2.78641	-0.308816	8.82189	2.78641	0
9.81636	2.83381	-0.31936	9.81636	2.83381	0
10.8268	2.82659	-0.329131	10.8268	2.82659	0
11.8645	2.87772	-0.326394	11.8645	2.87772	0
-10.8886	2.82775	-0.326106	-10.8886	2.82775	0
-9.91016	2.81946	-0.352826	-9.91016	2.81946	0
-8.83549	2.91085	-0.325707	-8.83549	2.91085	0
-7.80674	2.91574	-0.346975	-7.80674	2.91574	0
-6.75386	2.84458	-0.318695	-6.75386	2.84458	0
-5.74628	2.82978	-0.306859	-5.74628	2.82978	0
-4.66625	2.84698	-0.31677	-4.66625	2.84698	0
-3.62873	2.82809	-0.334321	-3.62873	2.82809	0
-2.52919	2.86887	-0.30073	-2.52919	2.86887	0
-1.54545	2.82715	-0.286383	-1.54545	2.82715	0
-0.494644	3.87139	-0.309288	-0.494644	3.87139	0
0.559841	3.83687	-0.316931	0.559841	3.83687	0
1.55615	3.8531	-0.335262	1.55615	3.8531	0
2.6111	3.85797	-0.325124	2.6111	3.85797	0
3.62897	3.8408	-0.330849	3.62897	3.8408	0
4.68953	3.85008	-0.303842	4.68953	3.85008	0
5.72647	3.79819	-0.286502	5.72647	3.79819	0
6.77582	3.82401	-0.307211	6.77582	3.82401	0
7.82384	3.75819	-0.338459	7.82384	3.75819	0
8.78467	3.81341	-0.320187	8.78467	3.81341	0
9.80867	3.82372	-0.322652	9.80867	3.82372	0
10.8823	3.89604	-0.309449	10.8823	3.89604	0
11.9331	3.8874	-0.342137	-11.8529	3.8874	0
-10.8483	3.80963	-0.338449	-10.8483	3.80963	0
-9.83074	3.88342	-0.312343	-9.83074	3.88342	0
-8.80205	3.93597	-0.323659	-8.80205	3.93597	0
-7.7659	3.9123	-0.339961	-7.7659	3.9123	0
-6.73059	3.89503	-0.348386	-6.73059	3.89503	0
-5.71286	3.83334	-0.298277	-5.71286	3.83334	0
-4.64978	3.88882	-0.322733	-4.64978	3.88882	0
-3.61371	3.87463	-0.297329	-3.61371	3.87463	0
-2.60349	3.87191	-0.319804	-2.60349	3.87191	0
-1.537	3.88535	-0.324221	-1.537	3.88535	0
-0.483177	4.86744	-0.309861	-0.483177	4.86744	0
0.579288	4.86352	-0.325633	0.579288	4.86352	0
1.58094	4.85415	-0.325121	1.58094	4.85415	0
2.67769	4.86881	-0.338605	2.67769	4.86881	0
3.68849	4.90135	-0.328824	3.68849	4.90135	0
4.72153	4.86108	-0.332868	4.72153	4.86108	0
5.76195	4.87609	-0.318694	5.76195	4.87609	0
6.7879	4.87515	-0.309841	6.7879	4.87515	0
7.82552	4.89514	-0.306742	7.82552	4.89514	0
8.85858	4.90162	-0.316496	8.85858	4.90162	0
9.83653	4.83984	-0.296802	9.83653	4.83984	0
10.8538	4.90516	-0.308393	10.8538	4.90516	0
11.9175	4.97478	-0.283037	-11.8685	4.97478	0
-10.8667	4.90564	-0.300573	-10.8667	4.90564	0
-9.80134	4.94167	-0.321363	-9.80134	4.94167	0
-8.8033	4.90813	-0.290646	-8.8033	4.90813	0
-7.7841	4.97064	-0.31623	-7.7841	4.97064	0
-6.71012	4.90053	-0.313196	-6.71012	4.90053	0
-5.73893	4.91642	-0.304773	-5.73893	4.91642	0
-4.6348	4.88834	-0.323504	-4.6348	4.88834	0
-3.59801	4.93086	-0.308184	-3.59801	4.93086	0
-2.54984	4.90787	-0.300885	-2.54984	4.90787	0
-1.51269	4.87598	-0.303167	-1.51269	4.87598	0
-0.478467	5.91688	-0.309898	-0.478467	5.91688	0
0.592203	5.8884	-0.326554	0.592203	5.8884	0
1.5711	5.88498	-0.302815	1.5711	5.88498	0
2.60955	5.929	-0.312524	2.60955	5.929	0
3.68366	5.97685	-0.299606	3.68366	5.97685	0
4.72026	5.91109	-0.333028	4.72026	5.91109	0
5.75527	5.92254	-0.319229	5.75527	5.92254	0
6.75274	5.90358	-0.325247	6.75274	5.90358	0
7.75569	5.93035	-0.316833	7.75569	5.93035	0
8.78094	5.96422	-0.324212	8.78094	5.96422	0
9.83404	5.93454	-0.337619	9.83404	5.93454	0
10.8784	5.99706	-0.324479	10.8784	5.99706	0
-11.9149	6.00018	-0.301204	11.8711	6.00018	0
-10.8662	6.00167	-0.325155	-10.8662	6.00167	0
-9.82384	5.9991	-0.310174	-9.82384	5.9991	0
-8.79856	5.9206	-0.311378	-8.79856	5.9206	0
-7.81952	5.92381	-0.289887	-7.81952	5.92381	0
-6.8034	5.91695	-0.299023	-6.8034	5.91695	0
-5.6984	5.91796	-0.328603	-5.6984	5.91796	0
-4.66504	5.94261	-0.32085	-4.66504	5.94261	0
-3.63781	5.95923	-0.317608	-3.63781	5.95923	0
-2.53436	5.93398	-0.311187	-2.53436	5.93398	0
-1.4992	5.96501	-0.316644	-1.4992	5.96501	0
-0.506022	7.00177	-0.333342	-0.506022	7.00177	0
0.479796	6.99381	-0.27886	0.479796	6.99381	0
1.56139	6.92581	-0.32806	1.56139	6.92581	0
2.64221	7.01581	-0.321009	2.64221	7.01581	0
3.68683	6.94466	-0.324348	3.68683	6.94466	0
4.6666	6.98136	-0.2963	4.6666	6.98136	0
5.70326	6.97071	-0.313232	5.70326	6.97071	0
6.81149	6.95248	-0.32824	6.81149	6.95248	0
7.8188	6.97664	-0.307703	7.8188	6.97664	0
8.81367	6.9951	-0.312359	8.81367	6.9951	0
9.83602	6.99891	-0.315871	9.83602	6.99891	0
10.8554	7.00894	-0.32451	10.8554	7.00894	0
-11.8923	7.03103	-0.327198	-11.8923	7.03103	0
-10.8474	6.99971	-0.313294	-10.8474	6.99971	0
-9.88261	7.02957	-0.318653	-9.88261	7.02957	0
-8.8122	7.04315	-0.323408	-8.8122	7.04315	0
-7.78645	6.96416	-0.317859	-7.78645	6.96416	0
-6.75326	6.96942	-0.34049	-6.75326	6.96942	0
-5.66972	6.98355	-0.313697	-5.66972	6.98355	0
-4.68735	6.99815	-0.314794	-4.68735	6.99815	0
-3.61447	6.92921	-0.301936	-3.61447	6.92921	0
-2.56859	6.93366	-0.318517	-2.56859	6.93366	0
-1.53524	7.00734	-0.289809	-1.53524	7.00734	0
-0.516925	7.97028	-0.308698	-0.516925	7.97028	0
0.536198	8.01512	-0.317908	0.536198	8.01512	0
1.53542	7.97024	-0.312192	1.53542	7.97024	0
2.57525	8.06558	-0.343677	2.57525	8.06558	0
3.67924	7.99134	-0.338834	3.67924	7.99134	0
4.69916	7.99568	-0.299465	4.69916	7.99568	0
5.74633	8.03798	-0.319704	5.74633	8.03798	0
6.75134	7.96545	-0.331106	6.75134	7.96545	0
7.79122	8.04311	-0.291286	7.79122	8.04311	0
8.85915	8.01291	-0.302642	8.85915	8.01291	0
9.88887	8.01124	-0.330368	9.88887	8.01124	0
10.8743	8.00303	-0.31574	10.8743	8.00303	0
-11.8702	8.01676	-0.316198	-11.8702	8.01676	0
-10.8247	8.08124	-0.329845	-10.8247	8.08124	0
-9.83884	8.06721	-0.301409	-9.83884	8.06721	0
-8.80399	8.08118	-0.314335	-8.80399	8.08118	0
-7.75515	8.02544	-0.311127	-7.75515	8.02544	0
-6.70402	8.02323	-0.315861	-6.70402	8.02323	0
-5.6723	8.05589	-0.311283	-5.6723	8.05589	0
-4.62283	7.99131	-0.334397	-4.62283	7.99131	0
-3.64287	7.92618	-0.331917	-3.64287	7.92618	0
-2.61666	8.00792	-0.324552	-2.61666	8.00792	0
-1.5457	7.99438	-0.295588	-1.5457	7.99438	0
-0.480717	8.99918	-0.313913	-0.480717	8.99918	0
0.542224	9.00851	-0.305134	0.542224	9.00851	0
1.51745	8.99991	-0.343222	1.51745	8.99991	0
2.58142	9.04115	-0.287748	2.58142	9.04115	0
3.63226	9.0335	-0.346124	3.63226	9.0335	0
4.68153	9.00704	-0.303353	4.68153	9.00704	0
5.75308	9.03902	-0.324185	5.75308	9.03902	0
6.73823	9.02013	-0.338581	6.73823	9.02013	0
7.80185	9.02408	-0.305978	7.80185	9.02408	0
8.79735	9.06469	-0.320038	8.79735	9.06469	0
9.81998	9.01556	-0.327612	9.81998	9.01556	0
10.8521	9.00006	-0.313709	10.8521	9.00006	0
11.92	9.08354	-0.298044	-11.866	9.08354	0
-10.8593	9.18294	-0.316568	-10.8593	9.18294	0
-9.7507	9.08825	-0.328644	-9.7507	9.08825	0
-8.75139	9.13143	-0.289999	-8.75139	9.13143	0
-7.76004	9.08134	-0.301685	-7.76004	9.08134	0
-6.64491	9.0913	-0.307581	-6.64491	9.0913	0
-5.6673	9.09157	-0.287356	-5.6673	9.09157	0
-4.61034	9.03171	-0.31532	-4.61034	9.03171	0
-3.59768	9.03995	-0.327065	-3.59768	9.03995	0
-2.58552	9.01364	-0.32056	-2.58552	9.01364	0
-1.55728	9.03651	-0.317163	-1.55728	9.03651	0
-0.515156	10.0435	-0.314611	-0.515156	10.0435	0
0.568063	10.0539	-0.302951	0.568063	10.0539	0
1.56546	10.0354	-0.336048	1.56546	10.0354	0
2.61531	10.0469	-0.330694	2.61531	10.0469	0
3.62612	10.0926	-0.285765	3.62612	10.0926	0
4.60771	10.0622	-0.306206	4.60771	10.0622	0
5.60832	10.0262	-0.341149	5.60832	10.0262	0
6.72376	10.0315	-0.315547	6.72376	10.0315	0
7.6982	10.0675	-0.337221	7.6982	10.0675	0
8.77619	10.1139	-0.313218	8.77619	10.1139	0
9.85462	10.1055	-0.311645	9.85462	10.1055	0
10.8362	10.0961	-0.28997	10.8362	10.0961	0
11.88	10.1049	-0.310518	11.88	10.1049	0
-10.8353	10.1876	-0.328062	-10.8353	10.1876	0
-9.80673	10.2115	-0.316272	-9.80673	10.2115	0
-8.75197	10.1458	-0.308848	-8.75197	10.1458	0
-7.74661	10.1423	-0.309305	-7.74661	10.1423	0
-6.68149	10.169	-0.313415	-6.68149	10.169	0
-5.63739	10.1216	-0.308069	-5.63739	10.1216	0
-4.56966	10.09	-0.315735	-4.56966	10.09	0
-3.59851	10.055	-0.32311	-3.59851	10.055	0
-2.62047	10.0622	-0.319954	-2.62047	10.0622	0
-1.5685	9.9932	-0.32631	-1.5685	9.9932	0
-0.516742	11.086	-0.304348	-0.516742	11.086	0
0.508054	11.0438	-0.32456	0.508054	11.0438	0
1.54783	11.0268	-0.292412	1.54783	11.0268	0
2.56754	11.1642	-0.334058	2.56754	11.1642	0
3.59765	11.1173	-0.336413	3.59765	11.1173	0
4.6063	11.0781	-0.318253	4.6063	11.0781	0
5.61273	11.02	-0.312309	5.61273	11.02	0
6.6924	11.0947	-0.32468	6.6924	11.0947	0
7.70597	11.1077	-0.293928	7.70597	11.1077	0
8.76426	11.1214	-0.343409	8.76426	11.1214	0
9.8443	11.0715	-0.321786	9.8443	11.0715	0
10.8311	11.1258	-0.288759	10.8311	11.1258	0
11.9167	11.1391	-0.324816	-11.8694	11.1391	0
-10.8293	11.1897	-0.317842	-10.8293	11.1897	0
-9.82333	11.2215	-0.312007	-9.82333	11.2215	0
-8.8171	11.1801	-0.308516	-8.8171	11.1801	0
-7.84593	11.1596	-0.305524	-7.84593	11.1596	0
-6.7859	11.253	-0.319795	-6.7859	11.253	0
-5.66452	11.1296	-0.332878	-5.66452	11.1296	0
-4.64368	11.1054	-0.330816	-4.64368	11.1054	0
-3.63277	11.1016	-0.309901	-3.63277	11.1016	0
-2.57445	11.0667	-0.314334	-2.57445	11.0667	0
-1.56433	10.9972	-0.308146	-1.56433	10.9972	0
-0.526718	-11.6663	-0.321402	-0.526718	-11.6663	0
0.502833	-11.665	-0.319962	0.502833	-11.665	0
1.50238	-11.662	-0.328235	1.50238	-11.662	0
2.53906	-11.5593	-0.345484	2.53906	-11.5593	0
3.59426	-11.6145	-0.309594	3.59426	-11.6145	0
4.64557	-11.693	-0.318304	4.64557	-11.693	0
5.70668	-11.7082	-0.323177	5.70668	-11.7082	0
6.7167	-11.6532	-0.324695	6.7167	-11.6532	0
7.76645	-11.6876	-0.338342	7.76645	-11.6876	0
8.76797	-11.6368	-0.328148	8.76797	-11.6368	0
9.76193	-11.6583	-0.333212	9.76193	-11.6583	0
10.8192	-11.5672	-0.322059	10.8192	-11.5672	0
11.8784	-11.6066	-0.306008	11.8784	-11.6066	0
-10.9311	-11.5826	-0.343502	-10.9311	-11.5826	0
-9.90957	-11.5244	-0.320564	-9.90957	-11.5244	0
-8.87208	-11.5508	-0.312894	-8.87208	-11.5508	0
-7.80729	-11.5864	-0.347668	-7.80729	-11.5864	0
-6.79364	-11.522	-0.29651	-6.79364	-11.522	0
-5.70094	-11.6108	-0.317229	-5.70094	-11.6108	0
-4.70011	-11.5985	-0.318384	-4.70011	-11.5985	0
-3.60896	-11.6372	-0.328816	-3.60896	-11.6372	0
-2.60268	-11.6377	-0.311521	-2.60268	-11.6377	0
-1.6035	-11.7765	-0.304679	-1.6035	-11.7765	0
-0.564601	-10.6603	-0.327552	-0.564601	-10.6603	0
0.460443	-10.6528	-0.315888	0.460443	-10.6528	0
1.55368	-10.5884	-0.349742	1.55368	-10.5884	0
2.56821	-10.5704	-0.31171	2.56821	-10.5704	0
3.55774	-10.6162	-0.325392	3.55774	-10.6162	0
4.64098	-10.6235	-0.330835	4.64098	-10.6235	0
5.6725	-10.7021	-0.312782	5.6725	-10.7021	0
6.69291	-10.6339	-0.318592	6.69291	-10.6339	0
7.75801	-10.6558	-0.329753	7.75801	-10.6558	0
8.74796	-10.5863	-0.311906	8.74796	-10.5863	0
9.77999	-10.6003	-0.334485	9.77999	-10.6003	0
10.8081	-10.5376	-0.307197	10.8081	-10.5376	0
11.8189	-10.5646	-0.319581	11.8189	-10.5646	0
-10.9589	-10.5581	-0.297957	-10.9589	-10.5581	0
-9.87274	-10.5176	-0.307294	-9.87274	-10.5176	0
-8.91133	-10.5678	-0.280552	-8.91133	-10.5678	0
-7.93233	-10.5385	-0.318961	-7.93233	-10.5385	0
-6.78698	-10.576	-0.310792	-6.78698	-10.576	0
-5.69695	-10.6008	-0.33584	-5.69695	-10.6008	0
-4.66683	-10.6238	-0.312091	-4.66683	-10.6238	0
-3.61633	-10.6024	-0.296897	-3.61633	-10.6024	0
-2.55317	-10.6193	-0.327741	-2.55317	-10.6193	0
-1.53203	-10.6294	-0.344203	-1.53203	-10.6294	0
-0.505618	-9.64734	-0.319901	-0.505618	-9.64734	0
0.468184	-9.65012	-0.33546	0.468184	-9.65012	0
1.54759	-9.59043	-0.294174	1.54759	-9.59043	0
2.55403	-9.59131	-0.319903	2.55403	-9.59131	0
3.64796	-9.57636	-0.284794	3.64796	-9.57636	0
4.66229	-9.60885	-0.330567	4.66229	-9.60885	0
5.71657	-9.64345	-0.296902	5.71657	-9.64345	0
6.80763	-9.59955	-0.307631	6.80763	-9.59955	0
7.78635	-9.58636	-0.313952	7.78635	-9.58636	0
8.80788	-9.5762	-0.296088	8.80788	-9.5762	0
9.8194	-9.53209	-0.326915	9.8194	-9.53209	0
10.8378	-9.49165	-0.329908	10.8378	-9.49165	0
11.8035	-9.52886	-0.332056	11.8035	-9.52886	0
-10.9321	-9.50684	-0.319733	-10.9321	-9.50684	0
-9.88488	-9.48236	-0.299366	-9.88488	-9.48236	0
-8.8472	-9.5109	-0.33385	-8.8472	-9.5109	0
-7.85897	-9.4825	-0.333066	-7.85897	-9.4825	0
-6.81768	-9.55637	-0.344006	-6.81768	-9.55637	0
-5.76167	-9.503	-0.300411	-5.76167	-9.503	0
-4.67979	-9.57759	-0.321924	-4.67979	-9.57759	0
-3.62808	-9.55933	-0.301849	-3.62808	-9.55933	0
-2.64011	-9.67027	-0.324951	-2.64011	-9.67027	0
-1.55958	-9.58504	-0.323226	-1.55958	-9.58504	0
-0.455815	-8.5533	-0.321906	-0.455815	-8.5533	0
0.522653	-8.54397	-0.323018	0.522653	-8.54397	0
1.58467	-8.60152	-0.312674	1.58467	-8.60152	0
2.6173	-8.54753	-0.31033	2.6173	-8.54753	0
3.64014	-8.56863	-0.33855	3.64014	-8.56863	0
4.77374	-8.60585	-0.323415	4.77374	-8.60585	0
5.69936	-8.60315	-0.316385	5.69936	-8.60315	0
6.77207	-8.57507	-0.327555	6.77207	-8.57507	0
7.78413	-8.5724	-0.317771	7.78413	-8.5724	0
8.78124	-8.55241	-0.328767	8.78124	-8.55241	0
9.76602	-8.49375	-0.317375	9.76602	-8.49375	0
10.8166	-8.50409	-0.325219	10.8166	-8.50409	0
-11.914	-8.48497	-0.312863	11.872	-8.48497	0
-10.8595	-8.49775	-0.304717	-10.8595	-8.49775	0
-9.87921	-8.51037	-0.343541	-9.87921	-8.51037	0
-8.85827	-8.50138	-0.334028	-8.85827	-8.50138	0
-7.81475	-8.47761	-0.312417	-7.81475	-8.47761	0
-6.72729	-8.5104	-0.340195	-6.72729	-8.5104	0
-5.69675	-8.47417	-0.298014	-5.69675	-8.47417	0
-4.63083	-8.54106	-0.319755	-4.63083	-8.54106	0
-3.60245	-8.58333	-0.286803	-3.60245	-8.58333	0
-2.58758	-8.54903	-0.338371	-2.58758	-8.54903	0
-1.52885	-8.5597	-0.310845	-1.52885	-8.5597	0
-0.438764	-7.50496	-0.327454	-0.438764	-7.50496	0
0.593425	-7.54456	-0.324783	0.593425	-7.54456	0
1.63215	-7.52351	-0.328196	1.63215	-7.52351	0
2.67241	-7.56653	-0.320242	2.67241	-7.56653	0
3.60707	-7.51482	-0.358545	3.60707	-7.51482	0
4.70208	-7.55825	-0.330548	4.70208	-7.55825	0
5.70958	-7.58496	-0.325944	5.70958	-7.58496	0
6.73869	-7.57253	-0.331309	6.73869	-7.57253	0
7.79529	-7.53903	-0.316883	7.79529	-7.53903	0
8.79061	-7.51519	-0.328914	8.79061	-7.51519	0
9.81397	-7.45179	-0.305292	9.81397	-7.45179	0
10.835	-7.40167	-0.338255	10.835	-7.40167	0
-11.917	-7.45293	-0.359575	11.869	-7.45293	0
-10.8729	-7.47494	-0.320215	-10.8729	-7.47494	0
-9.79942	-7.46321	-0.342067	-9.79942	-7.46321	0
-8.78233	-7.47442	-0.293827	-8.78233	-7.47442	0
-7.72157	-7.50498	-0.300295	-7.72157	-7.50498	0
-6.67482	-7.45493	-0.322548	-6.67482	-7.45493	0
-5.67761	-7.46346	-0.328678	-5.67761	-7.46346	0
-4.63666	-7.46051	-0.29834	-4.63666	-7.46051	0
-3.62373	-7.5304	-0.312582	-3.62373	-7.5304	0
-2.57233	-7.53286	-0.334615	-2.57233	-7.53286	0
-1.50612	-7.54376	-0.330756	-1.50612	-7.54376	0
-0.448477	-6.48174	-0.309327	-0.448477	-6.48174	0
0.583401	-6.49977	-0.318389	0.583401	-6.49977	0
1.6562	-6.49953	-0.35601	1.6562	-6.49953	0
2.63671	-6.46786	-0.34498	2.63671	-6.46786	0
3.63398	-6.51809	-0.319024	3.63398	-6.51809	0
4.70037	-6.5473	-0.318157	4.70037	-6.5473	0
5.69038	-6.49896	-0.302258	5.69038	-6.49896	0
6.71507	-6.48535	-0.319396	6.71507	-6.48535	0
7.77189	-6.48446	-0.319434	7.77189	-6.48446	0
8.78981	-6.41911	-0.303733	8.78981	-6.41911	0
9.85062	-6.41058	-0.305015	9.85062	-6.41058	0
10.9097	-6.44256	-0.326928	10.9097	-6.44256	0
-11.9258	-6.45227	-0.319634	11.8602	-6.45227	0
-10.8111	-6.44449	-0.310196	-10.8111	-6.44449	0
-9.7826	-6.51205	-0.31927	-9.7826	-6.51205	0
-8.75682	-6.45636	-0.329758	-8.75682	-6.45636	0
-7.73398	-6.47949	-0.333939	-7.73398	-6.47949	0
-6.71037	-6.42981	-0.305256	-6.71037	-6.42981	0
-5.74299	-6.47538	-0.326092	-5.74299	-6.47538	0
-4.66246	-6.47872	-0.336914	-4.66246	-6.47872	0
-3.61893	-6.46679	-0.336369	-3.61893	-6.46679	0
-2.56462	-6.552	-0.29929	-2.56462	-6.552	0
-1.56754	-6.4819	-0.316961	-1.56754	-6.4819	0
-0.479612	-5.39967	-0.318996	-0.479612	-5.39967	0
0.544495	-5.49918	-0.310954	0.544495	-5.49918	0
1.55596	-5.51162	-0.339718	1.55596	-5.51162	0
2.68366	-5.47989	-0.314	2.68366	-5.47989	0
3.68588	-5.4673	-0.309739	3.68588	-5.4673	0
4.70789	-5.45122	-0.318516	4.70789	-5.45122	0
5.7162	-5.45664	-0.301611	5.7162	-5.45664	0
6.73435	-5.46243	-0.310074	6.73435	-5.46243	0
7.81498	-5.44592	-0.304636	7.81498	-5.44592	0
8.80632	-5.44857	-0.332159	8.80632	-5.44857	0
9.89208	-5.39988	-0.307375	9.89208	-5.39988	0
10.8829	-5.40604	-0.308006	10.8829	-5.40604	0
-11.8555	-5.46383	-0.314961	-11.8555	-5.46383	0
-10.8441	-5.43922	-0.331167	-10.8441	-5.43922	0
-9.85034	-5.45736	-0.31065	-9.85034	-5.45736	0
-8.79252	-5.39475	-0.325027	-8.79252	-5.39475	0
-7.76349	-5.46874	-0.316278	-7.76349	-5.46874	0
-6.67029	-5.39676	-0.317135	-6.67029	-5.39676	0
-5.69752	-5.45129	-0.298081	-5.69752	-5.45129	0
-4.62978	-5.48534	-0.310286	-4.62978	-5.48534	0
-3.56154	-5.40658	-0.315575	-3.56154	-5.40658	0
-2.54871	-5.39179	-0.322201	-2.54871	-5.39179	0
-1.52595	-5.49823	-0.290075	-1.52595	-5.49823	0
-0.456745	-4.42613	-0.298203	-0.456745	-4.42613	0
0.567088	-4.4645	-0.329028	0.567088	-4.4645	0
1.62562	-4.42097	-0.33911	1.62562	-4.42097	0
2.63517	-4.4179	-0.352165	2.63517	-4.4179	0
3.69377	-4.4344	-0.316521	3.69377	-4.4344	0
4.73654	-4.4125	-0.326126	4.73654	-4.4125	0
5.74839	-4.41704	-0.306385	5.74839	-4.41704	0
6.73614	-4.43123	-0.317522	6.73614	-4.43123	0
7.77489	-4.46019	-0.334615	7.77489	-4.46019	0
8.80765	-4.41372	-0.296575	8.80765	-4.41372	0
9.87092	-4.37658	-0.297594	9.87092	-4.37658	0
10.9238	-4.36612	-0.326001	10.9238	-4.36612	0
-11.8529	-4.38904	-0.321621	-11.8529	-4.38904	0
-10.8065	-4.34139	-0.320769	-10.8065	-4.34139	0
-9.81311	-4.31008	-0.336334	-9.81311	-4.31008	0
-8.76624	-4.40771	-0.330939	-8.76624	-4.40771	0
-7.76093	-4.41412	-0.321586	-7.76093	-4.41412	0
-6.68706	-4.39162	-0.30839	-6.68706	-4.39162	0
-5.67749	-4.45973	-0.33946	-5.67749	-4.45973	0
-4.65438	-4.34449	-0.350349	-4.65438	-4.34449	0
-3.58237	-4.37227	-0.304796	-3.58237	-4.37227	0
-2.54969	-4.43469	-0.328712	-2.54969	-4.43469	0
-1.49881	-4.4167	-0.304618	-1.49881	-4.4167	0
-0.425106	-3.43905	-0.307734	-0.425106	-3.43905	0
0.645237	-3.43382	-0.338686	0.645237	-3.43382	0
1.63837	-3.39253	-0.319828	1.63837	-3.39253	0
2.65438	-3.4641	-0.307853	2.65438	-3.4641	0
3.65458	-3.40423	-0.312225	3.65458	-3.40423	0
4.70098	-3.38185	-0.330499	4.70098	-3.38185	0
5.75546	-3.32437	-0.300486	5.75546	-3.32437	0
6.79128	-3.27491	-0.311267	6.79128	-3.27491	0
7.80265	-3.35877	-0.327157	7.80265	-3.35877	0
8.84212	-3.3914	-0.329647	8.84212	-3.3914	0
9.83542	-3.35354	-0.26506	9.83542	-3.35354	0
10.8356	-3.30083	-0.348517	10.8356	-3.30083	0
-11.8194	-3.34126	-0.313024	-11.8194	-3.34126	0
-10.8578	-3.32515	-0.291568	-10.8578	-3.32515	0
-9.75694	-3.30244	-0.340768	-9.75694	-3.30244	0
-8.75654	-3.32803	-0.317995	-8.75654	-3.32803	0
-7.72902	-3.33567	-0.322954	-7.72902	-3.33567	0
-6.69704	-3.35014	-0.321762	-6.69704	-3.35014	0
-5.63888	-3.35791	-0.338074	-5.63888	-3.35791	0
-4.63465	-3.30675	-0.285298	-4.63465	-3.30675	0
-3.62394	-3.33918	-0.324264	-3.62394	-3.33918	0
-2.54081	-3.37755	-0.327595	-2.54081	-3.37755	0
-1.50594	-3.38973	-0.315026	-1.50594	-3.38973	0
-0.451719	-2.41434	-0.310353	-0.451719	-2.41434	0
0.547483	-2.32533	-0.324605	0.547483	-2.32533	0
1.65673	-2.30426	-0.321744	1.65673	-2.30426	0
2.61461	-2.38178	-0.319271	2.61461	-2.38178	0
3.68117	-2.35471	-0.321914	3.68117	-2.35471	0
4.69001	-2.40975	-0.304441	4.69001	-2.40975	0
5.6797	-2.29634	-0.318831	5.6797	-2.29634	0
6.67421	-2.31978	-0.301257	6.67421	-2.31978	0
7.76621	-2.3581	-0.324807	7.76621	-2.3581	0
8.808	-2.39519	-0.321897	8.808	-2.39519	0
9.82714	-2.30093	-0.309702	9.82714	-2.30093	0
10.8589	-2.27866	-0.340927	10.8589	-2.27866	0
-11.8818	-2.31873	-0.313374	-11.8818	-2.31873	0
-10.8301	-2.25302	-0.304248	-10.8301	-2.25302	0
-9.79319	-2.25966	-0.333329	-9.79319	-2.25966	0
-8.73603	-2.30829	-0.319296	-8.73603	-2.30829	0
-7.74953	-2.30798	-0.297438	-7.74953	-2.30798	0
-6.6501	-2.35774	-0.343148	-6.6501	-2.35774	0
-5.62002	-2.31653	-0.337838	-5.62002	-2.31653	0
-4.51649	-2.30822	-0.311426	-4.51649	-2.30822	0
-3.50487	-2.27563	-0.349466	-3.50487	-2.27563	0
-2.48735	-2.38016	-0.330406	-2.48735	-2.38016	0
-1.50936	-2.37173	-0.326904	-1.50936	-2.37173	0
-0.495304	-1.32836	-0.29889	-0.495304	-1.32836	0
0.59328	-1.3179	-0.309485	0.59328	-1.3179	0
1.57656	-1.27663	-0.31972	1.57656	-1.27663	0
2.6031	-1.30639	-0.331748	2.6031	-1.30639	0
3.64055	-1.30937	-0.332631	3.64055	-1.30937	0
4.671	-1.31796	-0.308134	4.671	-1.31796	0
5.73912	-1.22244	-0.317194	5.73912	-1.22244	0
6.75175	-1.33957	-0.340502	6.75175	-1.33957	0
7.79094	-1.29213	-0.3263	7.79094	-1.29213	0
8.82268	-1.27044	-0.291424	8.82268	-1.27044	0
9.83109	-1.33554	-0.299376	9.83109	-1.33554	0
10.8922	-1.27839	-0.342398	10.8922	-1.27839	0
-11.9113	-1.31504	-0.313049	11.8748	-1.31504	0
-10.8037	-1.23062	-0.317067	-10.8037	-1.23062	0
-9.76796	-1.2527	-0.308842	-9.76796	-1.2527	0
-8.7099	-1.20708	-0.30952	-8.7099	-1.20708	0
-7.75146	-1.33878	-0.315963	-7.75146	-1.33878	0
-6.71294	-1.30959	-0.338555	-6.71294	-1.30959	0
-5.67133	-1.26231	-0.303263	-5.67133	-1.26231	0
-4.59732	-1.29659	-0.324262	-4.59732	-1.29659	0
-3.60262	-1.31413	-0.34081	-3.60262	-1.31413	0
-2.53919	-1.35462	-0.335514	-2.53919	-1.35462	0
-1.50372	-1.32975	-0.311208	-1.50372	-1.32975	0
0.0223481	0.222492	0.342591	0.0223481	0.222492	0
1.02294	0.231582	0.308956	1.02294	0.231582	0
2.0651	0.247932	0.335309	2.0651	0.247932	0
3.19487	0.225725	0.330834	3.19487	0.225725	0
4.13317	0.249343	0.326494	4.13317	0.249343	0
5.17713	0.294417	0.318169	5.17713	0.294417	0
6.20585	0.289609	0.31759	6.20585	0.289609	0
7.3018	0.226519	0.331531	7.3018	0.226519	0
8.32589	0.246891	0.295048	8.32589	0.246891	0
9.35182	0.269244	0.315533	9.35182	0.269244	0
10.3873	0.238129	0.299333	10.3873	0.238129	0
11.443	0.234676	0.285698	11.443	0.234676	0
-11.3605	0.310563	0.306182	-11.3605	0.310563	0
-10.3564	0.273264	0.301978	-10.3564	0.273264	0
-9.2424	0.31174	0.298182	-9.2424	0.31174	0
-8.21891	0.324702	0.324333	-8.21891	0.324702	0
-7.18459	0.304646	0.32177	-7.18459	0.304646	0
-6.17225	0.277773	0.327102	-6.17225	0.277773	0
-5.10609	0.298638	0.31073	-5.10609	0.298638	0
-4.10165	0.292102	0.302528	-4.10165	0.292102	0
-3.09824	0.294741	0.322496	-3.09824	0.294741	0
-2.04714	0.223867	0.330534	-2.04714	0.223867	0
-1.03046	0.236174	0.31056	-1.03046	0.236174	0
0.0184817	1.24879	0.312499	0.0184817	1.24879	0
1.08393	1.19298	0.318552	1.08393	1.19298	0
2.12	1.26208	0.326635	2.12	1.26208	0
3.17153	1.30045	0.316758	3.17153	1.30045	0
4.15128	1.26029	0.28743	4.15128	1.26029	0
5.21841	1.30883	0.325776	5.21841	1.30883	0
6.24925	1.26578	0.317707	6.24925	1.26578	0
7.25172	1.23737	0.309201	7.25172	1.23737	0
8.29859	1.21074	0.305313	8.29859	1.21074	0
9.32204	1.26022	0.31449	9.32204	1.26022	0
10.3832	1.25653	0.30689	10.3832	1.25653	0
11.3926	1.34479	0.304689	11.3926	1.34479	0
-11.3977	1.30664	0.33103	-11.3977	1.30664	0
-10.3643	1.25963	0.329817	-10.3643	1.25963	0
-9.36734	1.28192	0.340972	-9.36734	1.28192	0
-8.31213	1.39765	0.337952	-8.31213	1.39765	0
-7.26619	1.32167	0.323168	-7.26619	1.32167	0
-6.18691	1.28932	0.306414	-6.18691	1.28932	0
-5.11361	1.37954	0.325676	-5.11361	1.37954	0
-4.0784	1.286	0.312862	-4.0784	1.286	0
-3.0377	1.2985	0.339827	-3.0377	1.2985	0
-2.02854	1.30088	0.311855	-2.02854	1.30088	0
-0.985328	1.26678	0.297725	-0.985328	1.26678	0
0.0694315	2.26294	0.299584	0.0694315	2.26294	0
1.03501	2.26992	0.320954	1.03501	2.26992	0
2.1181	2.34486	0.323765	2.1181	2.34486	0
3.1622	2.3298	0.318263	3.1622	2.3298	0
4.18488	2.28439	0.330149	4.18488	2.28439	0
5.1674	2.33044	0.301905	5.1674	2.33044	0
6.27089	2.28694	0.326373	6.27089	2.28694	0
7.25708	2.27952	0.315287	7.25708	2.27952	0
8.30108	2.24816	0.30997	8.30108	2.24816	0
9.32461	2.28266	0.32059	9.32461	2.28266	0
10.3435	2.34615	0.31846	10.3435	2.34615	0
11.3533	2.34047	0.333449	11.3533	2.34047	0
-11.3537	2.3348	0.301004	-11.3537	2.3348	0
-10.3214	2.32813	0.3183	-10.3214	2.32813	0
-9.32959	2.3254	0.333097	-9.32959	2.3254	0
-8.28772	2.38873	0.31718	-8.28772	2.38873	0
-7.24038	2.35552	0.299883	-7.24038	2.35552	0
-6.21128	2.29401	0.325557	-6.21128	2.29401	0
-5.17739	2.36098	0.298693	-5.17739	2.36098	0
-4.17612	2.31428	0.288261	-4.17612	2.31428	0
-3.11438	2.37381	0.30746	-3.11438	2.37381	0
-2.0235	2.30893	0.347669	-2.0235	2.30893	0
-0.926265	2.3583	0.2944	-0.926265	2.3583	0
-0.00169334	3.34931	0.342945	-0.00169334	3.34931	0
1.06037	3.32292	0.334111	1.06037	3.32292	0
2.10067	3.31143	0.310449	2.10067	3.31143	0
3.18245	3.33785	0.32024	3.18245	3.33785	0
4.16246	3.34013	0.297745	4.16246	3.34013	0
5.24596	3.32181	0.336122	5.24596	3.32181	0
6.2935	3.33649	0.334926	6.2935	3.33649	0
7.32035	3.31288	0.318879	7.32035	3.31288	0
8.30101	3.26297	0.333459	8.30101	3.26297	0
9.29517	3.34169	0.314475	9.29517	3.34169	0
10.356	3.34885	0.306382	10.356	3.34885	0
11.3769	3.38711	0.313419	11.3769	3.38711	0
-11.3849	3.3718	0.324242	-11.3849	3.3718	0
-10.38	3.36801	0.329993	-10.38	3.36801	0
-9.32691	3.36332	0.296001	-9.32691	3.36332	0
-8.32962	3.46603	0.325042	-8.32962	3.46603	0
-7.2961	3.37319	0.322066	-7.2961	3.37319	0
-6.26564	3.37531	0.32722	-6.26564	3.37531	0
-5.19415	3.32306	0.339744	-5.19415	3.32306	0
-4.13493	3.33106	0.321386	-4.13493	3.33106	0
-3.08618	3.32425	0.35014	-3.08618	3.32425	0
-2.03209	3.40083	0.344277	-2.03209	3.40083	0
-1.0317	3.30293	0.347584	-1.0317	3.30293	0
0.0486796	4.33842	0.319399	0.0486796	4.33842	0
1.08996	4.33223	0.305297	1.08996	4.33223	0
2.09603	4.36751	0.3251	2.09603	4.36751	0
3.13131	4.37062	0.301965	3.13131	4.37062	0
4.16166	4.36698	0.300117	4.16166	4.36698	0
5.21883	4.3894	0.30562	5.21883	4.3894	0
6.28578	4.3392	0.324493	6.28578	4.3392	0
7.30156	4.32534	0.297902	7.30156	4.32534	0
8.31702	4.35631	0.295295	8.31702	4.35631	0
9.33571	4.35197	0.32008	9.33571	4.35197	0
10.3491	4.38355	0.331505	10.3491	4.38355	0
11.4513	4.41129	0.293782	11.4513	4.41129	0
-11.3424	4.38218	0.31847	-11.3424	4.38218	0
-10.3224	4.38709	0.324818	-10.3224	4.38709	0
-9.34354	4.40163	0.30441	-9.34354	4.40163	0
-8.2823	4.42873	0.294274	-8.2823	4.42873	0
-7.28209	4.41428	0.318394	-7.28209	4.41428	0
-6.27327	4.33559	0.315802	-6.27327	4.33559	0
-5.19286	4.33038	0.312944	-5.19286	4.33038	0
-4.1546	4.39388	0.330214	-4.1546	4.39388	0
-3.07278	4.4054	0.3285	-3.07278	4.4054	0
-2.09815	4.35743	0.307316	-2.09815	4.35743	0
-1.0006	4.32239	0.323197	-1.0006	4.32239	0
0.0460242	5.3663	0.317221	0.0460242	5.3663	0
1.09353	5.35199	0.330967	1.09353	5.35199	0
2.13246	5.31916	0.293386	2.13246	5.31916	0
3.21693	5.37476	0.310725	3.21693	5.37476	0
4.2071	5.40633	0.308317	4.2071	5.40633	0
5.26765	5.39427	0.316577	5.26765	5.39427	0
6.28855	5.36791	0.309697	6.28855	5.36791	0
7.2715	5.43679	0.307401	7.2715	5.43679	0
8.32414	5.37735	0.343335	8.32414	5.37735	0
9.34742	5.42752	0.280498	9.34742	5.42752	0
10.3411	5.39606	0.279155	10.3411	5.39606	0
11.364	5.4857	0.324457	11.364	5.4857	0
-11.3944	5.48543	0.299144	-11.3944	5.48543	0
-10.3533	5.44926	0.326455	-10.3533	5.44926	0
-9.3508	5.50719	0.328813	-9.3508	5.50719	0
-8.3406	5.44115	0.349043	-8.3406	5.44115	0
-7.26964	5.40538	0.293144	-7.26964	5.40538	0
-6.19759	5.44362	0.338728	-6.19759	5.44362	0
-5.1711	5.35425	0.308229	-5.1711	5.35425	0
-4.15865	5.4242	0.306247	-4.15865	5.4242	0
-3.12076	5.47602	0.316499	-3.12076	5.47602	0
-2.05748	5.38394	0.318806	-2.05748	5.38394	0
-0.999311	5.40993	0.312585	-0.999311	5.40993	0
-0.0282378	6.45394	0.313652	-0.0282378	6.45394	0
1.07188	6.4757	0.337779	1.07188	6.4757	0
2.09978	6.42076	0.297954	2.09978	6.42076	0
3.12215	6.47993	0.325059	3.12215	6.47993	0
4.27264	6.40641	0.294521	4.27264	6.40641	0
5.2456	6.50193	0.302771	5.2456	6.50193	0
6.27643	6.45948	0.313564	6.27643	6.45948	0
7.29356	6.42336	0.333501	7.29356	6.42336	0
8.27128	6.45502	0.314755	8.27128	6.45502	0
9.30476	6.42449	0.297028	9.30476	6.42449	0
10.3502	6.51075	0.350908	10.3502	6.51075	0
11.3432	6.52985	0.340718	11.3432	6.52985	0
-11.3488	6.49687	0.302699	-11.3488	6.49687	0
-10.3901	6.44651	0.320224	-10.3901	6.44651	0
-9.33106	6.53274	0.329493	-9.33106	6.53274	0
-8.36882	6.48125	0.322435	-8.36882	6.48125	0
-7.30614	6.48759	0.330297	-7.30614	6.48759	0
-6.24628	6.48082	0.289663	-6.24628	6.48082	0
-5.19392	6.45293	0.326545	-5.19392	6.45293	0
-4.20604	6.3899	0.349602	-4.20604	6.3899	0
-3.05204	6.42515	0.325579	-3.05204	6.42515	0
-2.06361	6.46031	0.307695	-2.06361	6.46031	0
-1.01848	6.44762	0.310335	-1.01848	6.44762	0
0.0159609	7.48189	0.318018	0.0159609	7.48189	0
1.00559	7.52752	0.353136	1.00559	7.52752	0
2.15595	7.46498	0.331173	2.15595	7.46498	0
3.14484	7.5715	0.287026	3.14484	7.5715	0
4.15632	7.43369	0.338033	4.15632	7.43369	0
5.21582	7.48068	0.326617	5.21582	7.48068	0
6.26252	7.43141	0.29297	6.26252	7.43141	0
7.33216	7.53816	0.340262	7.33216	7.53816	0
8.32018	7.46515	0.302687	8.32018	7.46515	0
9.36252	7.5082	0.30348	9.36252	7.5082	0
10.3724	7.50828	0.299	10.3724	7.50828	0
11.3927	7.50983	0.322357	11.3927	7.50983	0
-11.307	7.58553	0.322142	-11.307	7.58553	0
-10.3248	7.55228	0.32705	-10.3248	7.55228	0
-9.31737	7.54875	0.287859	-9.31737	7.54875	0
-8.30074	7.5351	0.318563	-8.30074	7.5351	0
-7.22231	7.48318	0.31418	-7.22231	7.48318	0
-6.23291	7.48069	0.294537	-6.23291	7.48069	0
-5.19534	7.54633	0.285406	-5.19534	7.54633	0
-4.13711	7.41148	0.300834	-4.13711	7.41148	0
-3.11161	7.46644	0.297872	-3.11161	7.46644	0
-2.06581	7.47429	0.301024	-2.06581	7.47429	0
-1.03585	7.53378	0.348489	-1.03585	7.53378	0
0.00130244	8.51421	0.320108	0.00130244	8.51421	0
1.07232	8.50351	0.31703	1.07232	8.50351	0
2.00244	8.52257	0.312038	2.00244	8.52257	0
3.14252	8.55123	0.308321	3.14252	8.55123	0
4.15924	8.46673	0.334218	4.15924	8.46673	0
5.22486	8.50513	0.293428	5.22486	8.50513	0
6.23359	8.5084	0.324731	6.23359	8.5084	0
7.29635	8.52095	0.320432	7.29635	8.52095	0
8.30862	8.50862	0.302175	8.30862	8.50862	0
9.32868	8.53852	0.306252	9.32868	8.53852	0
10.3721	8.55186	0.329482	10.3721	8.55186	0
11.376	8.5238	0.309878	11.376	8.5238	0
-11.3072	8.6205	0.292061	-11.3072	8.6205	0
-10.345	8.6544	0.325201	-10.345	8.6544	0
-9.27462	8.57178	0.321576	-9.27462	8.57178	0
-8.21358	8.5234	0.299523	-8.21358	8.5234	0
-7.22679	8.53991	0.320334	-7.22679	8.53991	0
-6.20736	8.55743	0.337024	-6.20736	8.55743	0
-5.13479	8.57192	0.326726	-5.13479	8.57192	0
-4.07664	8.49339	0.332583	-4.07664	8.49339	0
-3.09902	8.52077	0.316794	-3.09902	8.52077	0
-2.10012	8.52901	0.312944	-2.10012	8.52901	0
-1.06714	8.51137	0.311108	-1.06714	8.51137	0
0.000806987	9.51434	0.326354	0.000806987	9.51434	0
1.03226	9.49366	0.360437	1.03226	9.49366	0
2.07693	9.57391	0.330154	2.07693	9.57391	0
3.09702	9.56761	0.322096	3.09702	9.56761	0
4.15692	9.47036	0.301981	4.15692	9.47036	0
5.18087	9.46588	0.326846	5.18087	9.46588	0
6.24617	9.58247	0.328148	6.24617	9.58247	0
7.29194	9.59444	0.301008	7.29194	9.59444	0
8.27998	9.51897	0.310705	8.27998	9.51897	0
9.32109	9.61581	0.296085	9.32109	9.61581	0
10.3662	9.52589	0.312275	10.3662	9.52589	0
11.3369	9.55542	0.2807	11.3369	9.55542	0
-11.3429	9.7158	0.304468	-11.3429	9.7158	0
-10.2826	9.65344	0.291773	-10.2826	9.65344	0
-9.29295	9.66017	0.312103	-9.29295	9.66017	0
-8.26015	9.63149	0.326328	-8.26015	9.63149	0
-7.21643	9.60943	0.31042	-7.21643	9.60943	0
-6.17347	9.63659	0.301905	-6.17347	9.63659	0
-5.16133	9.5627	0.317472	-5.16133	9.5627	0
-4.12298	9.54493	0.339869	-4.12298	9.54493	0
-3.14374	9.55114	0.348402	-3.14374	9.55114	0
-2.09961	9.5153	0.304941	-2.09961	9.5153	0
-1.01756	9.51162	0.308673	-1.01756	9.51162	0
0.00447517	10.5236	0.342069	0.00447517	10.5236	0
1.04523	10.5176	0.340987	1.04523	10.5176	0
2.10148	10.5815	0.335126	2.10148	10.5815	0
3.0535	10.6167	0.296243	3.0535	10.6167	0
4.05879	10.5661	0.340012	4.05879	10.5661	0
5.10186	10.5471	0.320594	5.10186	10.5471	0
6.1599	10.5254	0.304849	6.1599	10.5254	0
7.24153	10.5924	0.329883	7.24153	10.5924	0
8.26543	10.5841	0.302854	8.26543	10.5841	0
9.28407	10.6011	0.290474	9.28407	10.6011	0
10.3403	10.6321	0.319656	10.3403	10.6321	0
11.37	10.6492	0.298803	11.37	10.6492	0
-11.3888	10.7044	0.317217	-11.3888	10.7044	0
-10.3418	10.6897	0.311188	-10.3418	10.6897	0
-9.28786	10.7052	0.338721	-9.28786	10.7052	0
-8.27203	10.6582	0.321893	-8.27203	10.6582	0
-7.22786	10.6619	0.310866	-7.22786	10.6619	0
-6.20898	10.6977	0.311065	-6.20898	10.6977	0
-5.11022	10.6556	0.306566	-5.11022	10.6556	0
-4.12629	10.6497	0.330724	-4.12629	10.6497	0
-3.09417	10.5555	0.319631	-3.09417	10.5555	0
-2.0607	10.5279	0.290168	-2.0607	10.5279	0
-0.99992	10.5246	0.361132	-0.99992	10.5246	0
-0.0391647	11.6323	0.313729	-0.0391647	11.6323	0
1.03866	11.5478	0.319857	1.03866	11.5478	0
2.06348	11.6046	0.314016	2.06348	11.6046	0
3.07688	11.6834	0.319574	3.07688	11.6834	0
4.11623	11.6471	0.31752	4.11623	11.6471	0
5.13991	11.5864	0.319996	5.13991	11.5864	0
6.15539	11.5184	0.310297	6.15539	11.5184	0
7.18026	11.619	0.348648	7.18026	11.619	0
8.28764	11.637	0.318588	8.28764	11.637	0
9.28736	11.6177	0.321902	9.28736	11.6177	0
10.2995	11.6518	0.300406	10.2995	11.6518	0
11.2917	11.6633	0.316636	11.2917	11.6633	0
-11.415	11.7082	0.291934	-11.415	11.7082	0
-10.3664	11.6959	0.301012	-10.3664	11.6959	0
-9.3399	11.7052	0.308472	-9.3399	11.7052	0
-8.31637	11.6959	0.299425	-8.31637	11.6959	0
-7.32098	11.6846	0.328786	-7.32098	11.6846	0
-6.24562	11.7026	0.32634	-6.24562	11.7026	0
-5.16238	11.6463	0.301684	-5.16238	11.6463	0
-4.12202	11.6655	0.302781	-4.12202	11.6655	0
-3.08669	11.5801	0.300483	-3.08669	11.5801	0
-2.06878	11.5242	0.354441	-2.06878	11.5242	0
-1.03262	11.5889	0.322999	-1.03262	11.5889	0
-0.00143016	-11.1679	0.327923	-0.00143016	-11.1679	0
1.00968	-11.1184	0.321901	1.00968	-11.1184	0
2.04128	-11.1491	0.325906	2.04128	-11.1491	0
3.05062	-11.1135	0.318481	3.05062	-11.1135	0
4.20081	-11.1502	0.315437	4.20081	-11.1502	0
5.17093	-11.1639	0.295489	5.17093	-11.1639	0
6.20208	-11.2191	0.330879	6.20208	-11.2191	0
7.2314	-11.1195	0.319717	7.2314	-11.1195	0
8.26157	-11.1406	0.316482	8.26157	-11.1406	0
9.26844	-11.1381	0.323312	9.26844	-11.1381	0
10.3035	-11.1165	0.330625	10.3035	-11.1165	0
11.2993	-11.0606	0.296094	11.2993	-11.0606	0
-11.486	-11.0905	0.334305	-11.486	-11.0905	0
-10.4497	-11.0594	0.3205	-10.4497	-11.0594	0
-9.45414	-11.0999	0.326831	-9.45414	-11.0999	0
-8.35775	-11.101	0.334442	-8.35775	-11.101	0
-7.34401	-11.0592	0.318644	-7.34401	-11.0592	0
-6.21713	-11.0398	0.298794	-6.21713	-11.0398	0
-5.22841	-11.0931	0.309147	-5.22841	-11.0931	0
-4.16405	-11.1246	0.308941	-4.16405	-11.1246	0
-3.1168	-11.1084	0.333664	-3.1168	-11.1084	0
-2.09015	-11.1539	0.318417	-2.09015	-11.1539	0
-1.06287	-11.1572	0.317078	-1.06287	-11.1572	0
-0.0428176	-10.1771	0.330909	-0.0428176	-10.1771	0
0.965308	-10.1114	0.330075	0.965308	-10.1114	0
2.04397	-10.1053	0.328759	2.04397	-10.1053	0
3.12025	-10.0294	0.3027	3.12025	-10.0294	0
4.15323	-10.1194	0.326335	4.15323	-10.1194	0
5.17592	-10.1154	0.308764	5.17592	-10.1154	0
6.19975	-10.1572	0.315884	6.19975	-10.1572	0
7.25213	-10.1272	0.304963	7.25213	-10.1272	0
8.23128	-10.1291	0.316936	8.23128	-10.1291	0
9.27997	-10.0921	0.324581	9.27997	-10.0921	0
10.2817	-10.068	0.305668	10.2817	-10.068	0
11.3035	-10.0201	0.334699	11.3035	-10.0201	0
-11.4621	-10.0533	0.334546	-11.4621	-10.0533	0
-10.4436	-10.0335	0.30265	-10.4436	-10.0335	0
-9.42092	-9.97256	0.332537	-9.42092	-9.97256	0
-8.36231	-10.0254	0.33065	-8.36231	-10.0254	0
-7.36441	-10.0648	0.292467	-7.36441	-10.0648	0
-6.24443	-10.0313	0.302605	-6.24443	-10.0313	0
-5.24948	-10.0611	0.292723	-5.24948	-10.0611	0
-4.16779	-10.0672	0.292651	-4.16779	-10.0672	0
-3.12308	-10.0733	0.332907	-3.12308	-10.0733	0
-2.04394	-10.1449	0.334306	-2.04394	-10.1449	0
-1.0661	-10.1076	0.304875	-1.0661	-10.1076	0
-0.0194675	-9.10383	0.298967	-0.0194675	-9.10383	0
0.999038	-9.06807	0.334439	0.999038	-9.06807	0
2.09791	-9.06963	0.325387	2.09791	-9.06963	0
3.14772	-9.07004	0.318068	3.14772	-9.07004	0
4.19516	-9.03217	0.306378	4.19516	-9.03217	0
5.1653	-9.10197	0.321993	5.1653	-9.10197	0
6.19505	-9.0781	0.320036	6.19505	-9.0781	0
7.27684	-9.0436	0.313568	7.27684	-9.0436	0
8.26413	-9.06952	0.303176	8.26413	-9.06952	0
9.31097	-9.04784	0.303814	9.31097	-9.04784	0
10.2945	-9.03715	0.319704	10.2945	-9.03715	0
11.3854	-8.95798	0.330452	11.3854	-8.95798	0
-11.3891	-9.05598	0.318138	-11.3891	-9.05598	0
-10.3624	-9.01915	0.324502	-10.3624	-9.01915	0
-9.34301	-8.97339	0.348908	-9.34301	-8.97339	0
-8.30216	-9.02406	0.313306	-8.30216	-9.02406	0
-7.3023	-8.9498	0.311713	-7.3023	-8.9498	0
-6.28498	-9.04151	0.314122	-6.28498	-9.04151	0
-5.1932	-9.05051	0.307433	-5.1932	-9.05051	0
-4.15329	-9.05427	0.327765	-4.15329	-9.05427	0
-3.03654	-9.08865	0.273304	-3.03654	-9.08865	0
-2.0442	-9.05819	0.27826	-2.0442	-9.05819	0
-1.01817	-9.10731	0.320387	-1.01817	-9.10731	0
0.0581244	-8.03891	0.31911	0.0581244	-8.03891	0
1.09243	-8.05523	0.298418	1.09243	-8.05523	0
2.115	-8.05252	0.30476	2.115	-8.05252	0
3.18225	-8.03012	0.303453	3.18225	-8.03012	0
4.18428	-8.04752	0.30861	4.18428	-8.04752	0
5.19908	-8.06194	0.330267	5.19908	-8.06194	0
6.23425	-8.04825	0.303536	6.23425	-8.04825	0
7.25605	-8.03448	0.313191	7.25605	-8.03448	0
8.23853	-8.01174	0.330235	8.23853	-8.01174	0
9.27204	-7.97766	0.3249	9.27204	-7.97766	0
10.2933	-8.01354	0.300399	10.2933	-8.01354	0
11.3166	-7.96511	0.299272	11.3166	-7.96511	0
-11.4332	-7.9679	0.334273	-11.4332	-7.9679	0
-10.3392	-7.97538	0.334833	-10.3392	-7.97538	0
-9.33516	-7.9885	0.306331	-9.33516	-7.9885	0
-8.3277	-7.95346	0.332059	-8.3277	-7.95346	0
-7.19138	-7.99446	0.311476	-7.19138	-7.99446	0
-6.26479	-7.99702	0.321229	-6.26479	-7.99702	0
-5.1364	-8.01528	0.309522	-5.1364	-8.01528	0
-4.14994	-8.02414	0.303831	-4.14994	-8.02414	0
-3.0613	-8.01323	0.33056	-3.0613	-8.01323	0
-2.0378	-7.99615	0.300136	-2.0378	-7.99615	0
-0.996618	-8.046	0.326735	-0.996618	-8.046	0
0.0636177	-7.03792	0.335379	0.0636177	-7.03792	0
1.08791	-6.99805	0.315594	1.08791	-6.99805	0
2.105	-6.9777	0.305643	2.105	-6.9777	0
3.07231	-6.9906	0.331056	3.07231	-6.9906	0
4.14198	-7.03838	0.290814	4.14198	-7.03838	0
5.18597	-7.04104	0.308907	5.18597	-7.04104	0
6.20845	-7.03067	0.285305	6.20845	-7.03067	0
7.27269	-7.04368	0.288308	7.27269	-7.04368	0
8.28967	-7.01706	0.309825	8.28967	-7.01706	0
9.31387	-6.93917	0.332361	9.31387	-6.93917	0
10.3262	-6.92753	0.348585	10.3262	-6.92753	0
11.3854	-6.95625	0.333799	11.3854	-6.95625	0
-11.3459	-6.95964	0.296689	-11.3459	-6.95964	0
-10.3224	-6.99026	0.325728	-10.3224	-6.99026	0
-9.2918	-7.00106	0.315319	-9.2918	-7.00106	0
-8.25331	-6.9434	0.307043	-8.25331	-6.9434	0
-7.22714	-6.98954	0.327385	-7.22714	-6.98954	0
-6.17809	-6.98988	0.336114	-6.17809	-6.98988	0
-5.17881	-6.97443	0.309734	-5.17881	-6.97443	0
-4.09191	-6.96746	0.302824	-4.09191	-6.96746	0
-3.12207	-6.99916	0.308923	-3.12207	-6.99916	0
-2.03496	-7.01045	0.315412	-2.03496	-7.01045	0
-1.03198	-6.98597	0.309303	-1.03198	-6.98597	0
0.0520032	-5.97634	0.341826	0.0520032	-5.97634	0
1.09639	-6.02056	0.313618	1.09639	-6.02056	0
2.12266	-5.96989	0.304353	2.12266	-5.96989	0
3.12104	-6.00332	0.323795	3.12104	-6.00332	0
4.18942	-5.96955	0.30111	4.18942	-5.96955	0
5.17646	-5.97727	0.3386	5.17646	-5.97727	0
6.21574	-6.00007	0.314303	6.21574	-6.00007	0
7.24175	-5.98846	0.332668	7.24175	-5.98846	0
8.27148	-5.97124	0.314844	8.27148	-5.97124	0
9.31785	-5.9018	0.317248	9.31785	-5.9018	0
10.4269	-5.92413	0.338111	10.4269	-5.92413	0
11.4076	-5.90653	0.333703	11.4076	-5.90653	0
-11.3356	-5.94427	0.308878	-11.3356	-5.94427	0
-10.2876	-5.94347	0.316537	-10.2876	-5.94347	0
-9.24056	-5.96744	0.276577	-9.24056	-5.96744	0
-8.28337	-5.93813	0.307186	-8.28337	-5.93813	0
-7.19059	-5.97259	0.321979	-7.19059	-5.97259	0
-6.23504	-5.95559	0.355225	-6.23504	-5.95559	0
-5.15878	-6.00335	0.323392	-5.15878	-6.00335	0
-4.05685	-5.94408	0.32246	-4.05685	-5.94408	0
-3.00233	-5.93995	0.313189	-3.00233	-5.93995	0
-2.06067	-5.9856	0.315714	-2.06067	-5.9856	0
-0.960199	-5.99474	0.302129	-0.960199	-5.99474	0
0.0291125	-4.95922	0.344554	0.0291125	-4.95922	0
1.07557	-4.94109	0.326302	1.07557	-4.94109	0
2.05327	-4.98741	0.290507	2.05327	-4.98741	0
3.12753	-4.93585	0.332805	3.12753	-4.93585	0
4.18023	-4.92873	0.344711	4.18023	-4.92873	0
5.15539	-4.89551	0.332892	5.15539	-4.89551	0
6.2226	-4.95032	0.341729	6.2226	-4.95032	0
7.21559	-4.919	0.305439	7.21559	-4.919	0
8.31644	-4.95057	0.325571	8.31644	-4.95057	0
9.32447	-4.94718	0.313349	9.32447	-4.94718	0
10.3506	-4.86216	0.344876	10.3506	-4.86216	0
11.4482	-4.88141	0.322318	11.4482	-4.88141	0
-11.3316	-4.90733	0.30292	-11.3316	-4.90733	0
-10.3329	-4.85711	0.309494	-10.3329	-4.85711	0
-9.32572	-4.85952	0.295993	-9.32572	-4.85952	0
-8.23224	-4.93354	0.327542	-8.23224	-4.93354	0
-7.2254	-4.93167	0.314445	-7.2254	-4.93167	0
-6.15624	-4.8982	0.345417	-6.15624	-4.8982	0
-5.16794	-4.91798	0.317469	-5.16794	-4.91798	0
-4.16546	-4.9144	0.265133	-4.16546	-4.9144	0
-3.03074	-4.924	0.320408	-3.03074	-4.924	0
-2.02328	-4.92706	0.316792	-2.02328	-4.92706	0
-1.03118	-4.956	0.311405	-1.03118	-4.956	0
0.108337	-3.95876	0.339456	0.108337	-3.95876	0
1.11383	-3.95707	0.32297	1.11383	-3.95707	0
2.12477	-3.96087	0.302383	2.12477	-3.96087	0
3.15706	-3.94266	0.30911	3.15706	-3.94266	0
4.2282	-3.90622	0.316663	4.2282	-3.90622	0
5.22291	-3.86987	0.262539	5.22291	-3.86987	0
6.2793	-3.84904	0.302407	6.2793	-3.84904	0
7.27731	-3.89209	0.307855	7.27731	-3.89209	0
8.31791	-3.91047	0.319122	8.31791	-3.91047	0
9.31687	-3.9265	0.330539	9.31687	-3.9265	0
10.4654	-3.86767	0.32555	10.4654	-3.86767	0
11.4333	-3.82826	0.272487	11.4333	-3.82826	0
-11.3368	-3.896	0.322894	-11.3368	-3.896	0
-10.3001	-3.8582	0.3021	-10.3001	-3.8582	0
-9.26223	-3.82787	0.317	-9.26223	-3.82787	0
-8.24011	-3.89907	0.313397	-8.24011	-3.89907	0
-7.21634	-3.88534	0.304473	-7.21634	-3.88534	0
-6.16236	-3.88926	0.327387	-6.16236	-3.88926	0
-5.17063	-3.89763	0.304878	-5.17063	-3.89763	0
-4.10761	-3.84466	0.330846	-4.10761	-3.84466	0
-3.08305	-3.88401	0.303632	-3.08305	-3.88401	0
-2.02673	-3.89713	0.311777	-2.02673	-3.89713	0
-0.942822	-3.91814	0.291277	-0.942822	-3.91814	0
0.0649687	-2.93102	0.291395	0.0649687	-2.93102	0
1.08968	-2.81707	0.310627	1.08968	-2.81707	0
2.15312	-2.89305	0.328973	2.15312	-2.89305	0
3.1663	-2.84872	0.330296	3.1663	-2.84872	0
4.17244	-2.88978	0.317265	4.17244	-2.88978	0
5.21369	-2.83356	0.329248	5.21369	-2.83356	0
6.22725	-2.79603	0.324971	6.22725	-2.79603	0
7.28741	-2.79908	0.30355	7.28741	-2.79908	0
8.32836	-2.85727	0.317015	8.32836	-2.85727	0
9.33362	-2.88498	0.322479	9.33362	-2.88498	0
10.3962	-2.76753	0.330412	10.3962	-2.76753	0
11.395	-2.82572	0.262289	11.395	-2.82572	0
-11.3516	-2.79766	0.304127	-11.3516	-2.79766	0
-10.3049	-2.78367	0.279462	-10.3049	-2.78367	0
-9.26317	-2.80278	0.318695	-9.26317	-2.80278	0
-8.22848	-2.85435	0.313382	-8.22848	-2.85435	0
-7.19303	-2.88863	0.316675	-7.19303	-2.88863	0
-6.17351	-2.83414	0.323311	-6.17351	-2.83414	0
-5.15787	-2.83669	0.304272	-5.15787	-2.83669	0
-4.0636	-2.79905	0.326782	-4.0636	-2.79905	0
-3.07148	-2.8525	0.296218	-3.07148	-2.8525	0
-2.04792	-2.88372	0.33245	-2.04792	-2.88372	0
-1.00474	-2.90653	0.299636	-1.00474	-2.90653	0
0.0563554	-1.85483	0.320533	0.0563554	-1.85483	0
1.05656	-1.84879	0.322957	1.05656	-1.84879	0
2.13267	-1.83861	0.304406	2.13267	-1.83861	0
3.12814	-1.80987	0.298269	3.12814	-1.80987	0
4.13177	-1.78377	0.316138	4.13177	-1.78377	0
5.17593	-1.75651	0.34909	5.17593	-1.75651	0
6.17984	-1.74648	0.331781	6.17984	-1.74648	0
7.25874	-1.83053	0.343038	7.25874	-1.83053	0
8.25794	-1.842	0.303772	8.25794	-1.842	0
9.27423	-1.86612	0.332278	9.27423	-1.86612	0
10.3426	-1.76826	0.307466	10.3426	-1.76826	0
11.369	-1.80267	0.323062	11.369	-1.80267	0
-11.345	-1.78946	0.318663	-11.345	-1.78946	0
-10.3153	-1.74379	0.338489	-10.3153	-1.74379	0
-9.27011	-1.80131	0.295241	-9.27011	-1.80131	0
-8.30183	-1.81355	0.337677	-8.30183	-1.81355	0
-7.22008	-1.78904	0.28899	-7.22008	-1.78904	0
-6.20893	-1.78193	0.315243	-6.20893	-1.78193	0
-5.11964	-1.78344	0.281957	-5.11964	-1.78344	0
-4.11073	-1.77227	0.333395	-4.11073	-1.77227	0
-3.01696	-1.80968	0.30676	-3.01696	-1.80968	0
-1.99449	-1.84813	0.308441	-1.99449	-1.84813	0
-1.00261	-1.85789	0.329277	-1.00261	-1.85789	0
0.00166384	-0.85498	0.308938	0.00166384	-0.85498	0
1.03025	-0.793445	0.337447	1.03025	-0.793445	0
2.13811	-0.783647	0.330201	2.13811	-0.783647	0
3.10629	-0.775442	0.317674	3.10629	-0.775442	0
4.09627	-0.779309	0.31369	4.09627	-0.779309	0
5.14646	-0.734074	0.322295	5.14646	-0.734074	0
6.22387	-0.767133	0.314222	6.22387	-0.767133	0
7.26063	-0.780201	0.327625	7.26063	-0.780201	0
8.28085	-0.804638	0.348468	8.28085	-0.804638	0
9.33195	-0.740468	0.329848	9.33195	-0.740468	0
10.4202	-0.792635	0.299979	10.4202	-0.792635	0
11.437	-0.784644	0.333599	11.437	-0.784644	0
-11.301	-0.7248	0.329279	-11.301	-0.7248	0
-10.2439	-0.737971	0.321905	-10.2439	-0.737971	0
-9.2447	-0.733705	0.307693	-9.2447	-0.733705	0
-8.19798	-0.753876	0.326748	-8.19798	-0.753876	0
-7.21463	-0.817571	0.286608	-7.21463	-0.817571	0
-6.18362	-0.776762	0.324353	-6.18362	-0.776762	0
-5.14228	-0.75576	0.303838	-5.14228	-0.75576	0
-4.06658	-0.774411	0.307188	-4.06658	-0.774411	0
-3.0285	-0.795049	0.314781	-3.0285	-0.795049	0
-2.00671	-0.782826	0.312219	-2.00671	-0.782826	0
-0.968335	-0.7993	0.317253	-0.968335	-0.7993	0
