-0.408656	-0.163813	-0.316214	-0.408656	-0.163813	0
0.692364	-0.165497	-0.32225	0.692364	-0.165497	0
1.67238	-0.20649	-0.289103	1.67238	-0.20649	0
2.71428	-0.13624	-0.322882	2.71428	-0.13624	0
3.76197	-0.166522	-0.322956	3.76197	-0.166522	0
4.74477	-0.16602	-0.32424	4.74477	-0.16602	0
5.76431	-0.119733	-0.290753	5.76431	-0.119733	0
6.78508	-0.0904411	-0.340288	6.78508	-0.0904411	0
7.8546	-0.120576	-0.334256	7.8546	-0.120576	0
8.90343	-0.066267	-0.318815	8.90343	-0.066267	0
10.0126	-0.1221	-0.335602	10.0126	-0.1221	0
10.9827	-0.0289872	-0.283984	10.9827	-0.0289872	0
-11.75	-0.0978526	-0.295812	-11.75	-0.0978526	0
-10.7104	-0.0715039	-0.300742	-10.7104	-0.0715039	0
-9.726	-0.169698	-0.301804	-9.726	-0.169698	0
-8.7232	-0.136833	-0.321461	-8.7232	-0.136833	0
-7.67684	-0.0615805	-0.321983	-7.67684	-0.0615805	0
-6.53824	-0.114446	-0.332131	-6.53824	-0.114446	0
-5.53281	-0.180216	-0.329783	-5.53281	-0.180216	0
-4.54073	-0.193041	-0.316529	-4.54073	-0.193041	0
-3.52091	-0.141389	-0.326318	-3.52091	-0.141389	0
-2.55203	-0.113057	-0.325863	-2.55203	-0.113057	0
-1.46878	-0.155471	-0.309194	-1.46878	-0.155471	0
-0.380941	0.869456	-0.31454	-0.380941	0.869456	0
0.616737	0.912189	-0.316443	0.616737	0.912189	0
1.68696	0.777086	-0.298413	1.68696	0.777086	0
2.67884	0.839473	-0.348453	2.67884	0.839473	0
3.79454	0.876888	-0.334269	3.79454	0.876888	0
4.79805	0.915225	-0.315108	4.79805	0.915225	0
5.80216	0.895734	-0.33249	5.80216	0.895734	0
6.83254	0.93437	-0.326327	6.83254	0.93437	0
7.87442	0.987472	-0.325927	7.87442	0.987472	0
8.92435	0.904042	-0.317518	8.92435	0.904042	0
9.91582	0.907569	-0.317736	9.91582	0.907569	0
10.9491	0.960648	-0.314478	10.9491	0.960648	0
-11.7993	0.995379	-0.286319	-11.7993	0.995379	0
-10.7334	0.987716	-0.300156	-10.7334	0.987716	0
-9.67102	0.880705	-0.304705	-9.67102	0.880705	0
-8.65915	0.864285	-0.354878	-8.65915	0.864285	0
-7.63778	0.906595	-0.343996	-7.63778	0.906595	0
-6.61327	0.874413	-0.334255	-6.61327	0.874413	0
-5.56722	0.880271	-0.334029	-5.56722	0.880271	0
-4.54282	0.924678	-0.31882	-4.54282	0.924678	0
-3.49336	0.906682	-0.281209	-3.49336	0.906682	0
-2.47008	0.893982	-0.301984	-2.47008	0.893982	0
-1.44044	0.925243	-0.316256	-1.44044	0.925243	0
-0.38472	1.90046	-0.291791	-0.38472	1.90046	0
0.599139	1.96238	-0.33719	0.599139	1.96238	0
1.70491	1.86806	-0.317122	1.70491	1.86806	0
2.75395	1.90754	-0.316223	2.75395	1.90754	0
3.78375	1.8518	-0.300067	3.78375	1.8518	0
4.80964	1.91988	-0.308555	4.80964	1.91988	0
5.85553	1.94934	-0.345538	5.85553	1.94934	0
6.84285	2.00247	-0.32462	6.84285	2.00247	0
7.82422	1.99532	-0.348299	7.82422	1.99532	0
8.8673	1.93005	-0.308451	8.8673	1.93005	0
9.90196	1.96311	-0.350987	9.90196	1.96311	0
10.9643	2.00371	-0.309103	10.9643	2.00371	0
-11.8117	2.01481	-0.327004	-11.8117	2.01481	0
-10.7632	2.09035	-0.334728	-10.7632	2.09035	0
-9.71249	1.94644	-0.329873	-9.71249	1.94644	0
-8.64183	1.95085	-0.289851	-8.64183	1.95085	0
-7.59271	1.96157	-0.335279	-7.59271	1.96157	0
-6.59879	1.87786	-0.337356	-6.59879	1.87786	0
-5.58765	1.98446	-0.323504	-5.58765	1.98446	0
-4.52478	1.93513	-0.331862	-4.52478	1.93513	0
-3.49586	1.86458	-0.324557	-3.49586	1.86458	0
-2.44783	1.93403	-0.321083	-2.44783	1.93403	0
-1.41574	1.91174	-0.329829	-1.41574	1.91174	0
-0.357248	2.92236	-0.343316	-0.357248	2.92236	0
0.698223	2.98672	-0.300987	0.698223	2.98672	0
1.66557	2.9629	-0.341218	1.66557	2.9629	0
2.73573	2.93094	-0.297261	2.73573	2.93094	0
3.73685	2.92351	-0.310248	3.73685	2.92351	0
4.76306	2.92059	-0.322494	4.76306	2.92059	0
5.86132	2.9842	-0.318785	5.86132	2.9842	0
6.8267	2.99525	-0.299655	6.8267	2.99525	0
7.84239	3.04496	-0.340664	7.84239	3.04496	0
8.91869	2.96946	-0.328578	8.91869	2.96946	0
9.92158	3.01023	-0.335526	9.92158	3.01023	0
10.952	3.05358	-0.320318	10.952	3.05358	0
-11.8228	3.04174	-0.304736	-11.8228	3.04174	0
-10.7894	3.06008	-0.322424	-10.7894	3.06008	0
-9.67057	2.98752	-0.302833	-9.67057	2.98752	0
-8.6846	2.94146	-0.286748	-8.6846	2.94146	0
-7.6278	2.96849	-0.313266	-7.6278	2.96849	0
-6.63138	2.94264	-0.292838	-6.63138	2.94264	0
-5.56652	3.01304	-0.306628	-5.56652	3.01304	0
-4.55495	2.94282	-0.347563	-4.55495	2.94282	0
-3.48114	2.96998	-0.327377	-3.48114	2.96998	0
-2.40159	2.98421	-0.336645	-2.40159	2.98421	0
-1.40619	2.96649	-0.298899	-1.40619	2.96649	0
-0.391654	3.97799	-0.294499	-0.391654	3.97799	0
0.649022	4.04646	-0.287706	0.649022	4.04646	0
1.70017	4.01854	-0.322961	1.70017	4.01854	0
2.72585	3.96861	-0.324701	2.72585	3.96861	0
3.7159	3.97303	-0.30941	3.7159	3.97303	0
4.76838	3.99196	-0.324513	4.76838	3.99196	0
5.81233	4.00657	-0.291227	5.81233	4.00657	0
6.8183	4.00468	-0.320425	6.8183	4.00468	0
7.8895	4.07148	-0.350545	7.8895	4.07148	0
8.9341	4.05859	-0.305217	8.9341	4.05859	0
9.92694	4.06452	-0.316177	9.92694	4.06452	0
10.9496	4.08506	-0.334704	10.9496	4.08506	0
-11.8411	4.14648	-0.330306	-11.8411	4.14648	0
-10.8152	4.09786	-0.291643	-10.8152	4.09786	0
-9.79608	4.0272	-0.303249	-9.79608	4.0272	0
-8.71735	3.93858	-0.314529	-8.71735	3.93858	0
-7.67107	4.00431	-0.296935	-7.67107	4.00431	0
-6.57068	4.02602	-0.326218	-6.57068	4.02602	0
-5.55976	4.03234	-0.304928	-5.55976	4.03234	0
-4.59278	3.97474	-0.314561	-4.59278	3.97474	0
-3.50877	3.9775	-0.297985	-3.50877	3.9775	0
-2.51389	4.06197	-0.316456	-2.51389	4.06197	0
-1.42369	3.95354	-0.32649	-1.42369	3.95354	0
-0.376745	5.06373	-0.283484	-0.376745	5.06373	0
0.668517	5.06738	-0.320294	0.668517	5.06738	0
1.6916	5.03501	-0.320202	1.6916	5.03501	0
2.67821	5.03096	-0.32832	2.67821	5.03096	0
3.72778	5.03307	-0.315665	3.72778	5.03307	0
4.7459	5.00663	-0.345201	4.7459	5.00663	0
5.75135	5.06572	-0.291611	5.75135	5.06572	0
6.73376	5.01735	-0.328163	6.73376	5.01735	0
7.81143	5.06727	-0.337139	7.81143	5.06727	0
8.8531	5.03038	-0.334949	8.8531	5.03038	0
9.90488	5.10163	-0.317441	9.90488	5.10163	0
10.9135	5.16851	-0.320799	10.9135	5.16851	0
-11.7879	5.20992	-0.338723	-11.7879	5.20992	0
-10.7733	5.09866	-0.312571	-10.7733	5.09866	0
-9.73923	5.11885	-0.320531	-9.73923	5.11885	0
-8.71214	5.02656	-0.345806	-8.71214	5.02656	0
-7.63089	5.04093	-0.304664	-7.63089	5.04093	0
-6.5637	5.0037	-0.332105	-6.5637	5.0037	0
-5.54685	5.04855	-0.329132	-5.54685	5.04855	0
-4.51314	5.00105	-0.320225	-4.51314	5.00105	0
-3.46782	5.04576	-0.31325	-3.46782	5.04576	0
-2.48098	5.09583	-0.310843	-2.48098	5.09583	0
-1.42335	5.06887	-0.294359	-1.42335	5.06887	0
-0.431803	6.08589	-0.306528	-0.431803	6.08589	0
0.58862	6.13769	-0.292333	0.58862	6.13769	0
1.63049	6.08462	-0.317303	1.63049	6.08462	0
2.68962	6.06685	-0.310608	2.68962	6.06685	0
3.75779	6.05578	-0.345117	3.75779	6.05578	0
4.78237	6.134	-0.331099	4.78237	6.134	0
5.77359	6.081	-0.303291	5.77359	6.081	0
6.79786	6.04232	-0.312045	6.79786	6.04232	0
7.8036	6.07455	-0.32333	7.8036	6.07455	0
8.84404	6.10558	-0.316054	8.84404	6.10558	0
9.85413	6.16496	-0.297855	9.85413	6.16496	0
10.973	6.18977	-0.299178	10.973	6.18977	0
-11.7321	6.2083	-0.331098	-11.7321	6.2083	0
-10.7147	6.09574	-0.321597	-10.7147	6.09574	0
-9.67659	6.14411	-0.307359	-9.67659	6.14411	0
-8.64294	6.13144	-0.297941	-8.64294	6.13144	0
-7.60497	6.0656	-0.334735	-7.60497	6.0656	0
-6.57786	6.05573	-0.310027	-6.57786	6.05573	0
-5.52819	6.11969	-0.319486	-5.52819	6.11969	0
-4.56888	6.0447	-0.321771	-4.56888	6.0447	0
-3.45506	6.06753	-0.309894	-3.45506	6.06753	0
-2.43157	6.12587	-0.312352	-2.43157	6.12587	0
-1.47754	6.0878	-0.310219	-1.47754	6.0878	0
-0.458793	7.14171	-0.315327	-0.458793	7.14171	0
0.646452	7.19284	-0.294082	0.646452	7.19284	0
1.67001	7.15006	-0.331667	1.67001	7.15006	0
2.69263	7.10712	-0.294584	2.69263	7.10712	0
3.73477	7.0914	-0.345231	3.73477	7.0914	0
4.74136	7.06984	-0.337645	4.74136	7.06984	0
5.72596	7.09386	-0.318337	5.72596	7.09386	0
6.83133	7.16783	-0.341651	6.83133	7.16783	0
7.87463	7.12715	-0.299304	7.87463	7.12715	0
8.90291	7.1575	-0.318288	8.90291	7.1575	0
9.86105	7.18814	-0.345508	9.86105	7.18814	0
10.9933	7.22344	-0.308928	10.9933	7.22344	0
-11.7895	7.20032	-0.309544	-11.7895	7.20032	0
-10.703	7.21056	-0.321082	-10.703	7.21056	0
-9.69367	7.11493	-0.31696	-9.69367	7.11493	0
-8.59121	7.17708	-0.306872	-8.59121	7.17708	0
-7.6413	7.07832	-0.308649	-7.6413	7.07832	0
-6.56138	7.07032	-0.315511	-6.56138	7.07032	0
-5.58917	7.15657	-0.330246	-5.58917	7.15657	0
-4.5459	7.14517	-0.319017	-4.5459	7.14517	0
-3.52734	7.06697	-0.334213	-3.52734	7.06697	0
-2.54662	7.21854	-0.332347	-2.54662	7.21854	0
-1.44309	7.18258	-0.30551	-1.44309	7.18258	0
-0.499132	8.19531	-0.321119	-0.499132	8.19531	0
0.659635	8.19408	-0.321789	0.659635	8.19408	0
1.69617	8.23511	-0.320674	1.69617	8.23511	0
2.68034	8.096	-0.324969	2.68034	8.096	0
3.70543	8.12854	-0.320632	3.70543	8.12854	0
4.6846	8.12948	-0.309804	4.6846	8.12948	0
5.75193	8.13437	-0.332712	5.75193	8.13437	0
6.77987	8.18041	-0.31538	6.77987	8.18041	0
7.78795	8.14543	-0.297209	7.78795	8.14543	0
8.80381	8.19397	-0.316315	8.80381	8.19397	0
9.88993	8.23669	-0.318712	9.88993	8.23669	0
10.9184	8.30547	-0.312045	10.9184	8.30547	0
-11.7954	8.23941	-0.321097	-11.7954	8.23941	0
-10.7476	8.24885	-0.309955	-10.7476	8.24885	0
-9.6987	8.13378	-0.321653	-9.6987	8.13378	0
-8.57793	8.17342	-0.328778	-8.57793	8.17342	0
-7.61096	8.17694	-0.324078	-7.61096	8.17694	0
-6.60254	8.12827	-0.31459	-6.60254	8.12827	0
-5.61697	8.22058	-0.31789	-5.61697	8.22058	0
-4.55246	8.21067	-0.330852	-4.55246	8.21067	0
-3.51462	8.18969	-0.316209	-3.51462	8.18969	0
-2.50261	8.21457	-0.316937	-2.50261	8.21457	0
-1.5166	8.15371	-0.298818	-1.5166	8.15371	0
-0.466104	9.27314	-0.31397	-0.466104	9.27314	0
0.636305	9.22932	-0.335247	0.636305	9.22932	0
1.71335	9.24463	-0.316279	1.71335	9.24463	0
2.74016	9.18361	-0.321667	2.74016	9.18361	0
3.70918	9.13743	-0.322364	3.70918	9.13743	0
4.75614	9.13178	-0.339253	4.75614	9.13178	0
5.75461	9.18956	-0.30942	5.75461	9.18956	0
6.81934	9.16964	-0.269501	6.81934	9.16964	0
7.90099	9.20777	-0.312069	7.90099	9.20777	0
8.91169	9.1762	-0.291992	8.91169	9.1762	0
9.95096	9.2497	-0.336028	9.95096	9.2497	0
10.9295	9.29357	-0.277542	10.9295	9.29357	0
-11.7748	9.21403	-0.338108	-11.7748	9.21403	0
-10.7291	9.24207	-0.30386	-10.7291	9.24207	0
-9.6702	9.26899	-0.30696	-9.6702	9.26899	0
-8.65165	9.23608	-0.325913	-8.65165	9.23608	0
-7.6626	9.20434	-0.32947	-7.6626	9.20434	0
-6.62629	9.17237	-0.317751	-6.62629	9.17237	0
-5.56866	9.18154	-0.310593	-5.56866	9.18154	0
-4.58865	9.22156	-0.31762	-4.58865	9.22156	0
-3.5365	9.21673	-0.298516	-3.5365	9.21673	0
-2.53162	9.19278	-0.326361	-2.53162	9.19278	0
-1.48292	9.25679	-0.310602	-1.48292	9.25679	0
-0.471567	10.2741	-0.322958	-0.471567	10.2741	0
0.568772	10.2159	-0.309979	0.568772	10.2159	0
1.67197	10.2213	-0.323855	1.67197	10.2213	0
2.69897	10.2366	-0.344887	2.69897	10.2366	0
3.76142	10.2134	-0.331392	3.76142	10.2134	0
4.80396	10.2411	-0.287861	4.80396	10.2411	0
5.82064	10.1932	-0.327951	5.82064	10.1932	0
6.91217	10.2038	-0.312599	6.91217	10.2038	0
7.89247	10.216	-0.31541	7.89247	10.216	0
8.93582	10.2021	-0.329594	8.93582	10.2021	0
9.94355	10.2473	-0.345516	9.94355	10.2473	0
10.9752	10.2742	-0.260121	10.9752	10.2742	0
-11.7401	10.3144	-0.310442	-11.7401	10.3144	0
-10.74	10.2499	-0.323929	-10.74	10.2499	0
-9.71004	10.254	-0.356761	-9.71004	10.254	0
-8.66441	10.3064	-0.323101	-8.66441	10.3064	0
-7.65306	10.2093	-0.3033	-7.65306	10.2093	0
-6.62377	10.197	-0.309141	-6.62377	10.197	0
-5.65039	10.2416	-0.351239	-5.65039	10.2416	0
-4.59138	10.2118	-0.349702	-4.59138	10.2118	0
-3.57513	10.228	-0.326949	-3.57513	10.228	0
-2.52802	10.2402	-0.308948	-2.52802	10.2402	0
-1.5033	10.2679	-0.325346	-1.5033	10.2679	0
-0.377023	11.2987	-0.306149	-0.377023	11.2987	0
0.624994	11.3256	-0.305636	0.624994	11.3256	0
1.6756	11.2101	-0.315124	1.6756	11.2101	0
2.74027	11.261	-0.317992	2.74027	11.261	0
3.74652	11.2123	-0.327516	3.74652	11.2123	0
4.74566	11.1941	-0.296892	4.74566	11.1941	0
5.84757	11.249	-0.31403	5.84757	11.249	0
6.86452	11.2517	-0.312632	6.86452	11.2517	0
7.89315	11.2433	-0.284351	7.89315	11.2433	0
8.95132	11.1995	-0.292226	8.95132	11.1995	0
9.9572	11.2771	-0.30334	9.9572	11.2771	0
10.9902	11.2616	-0.321032	10.9902	11.2616	0
-11.7017	11.3445	-0.309364	-11.7017	11.3445	0
-10.7029	11.3222	-0.3339	-10.7029	11.3222	0
-9.68491	11.2853	-0.338615	-9.68491	11.2853	0
-8.6757	11.2902	-0.299471	-8.6757	11.2902	0
-7.62159	11.2558	-0.315772	-7.62159	11.2558	0
-6.58477	11.2923	-0.301554	-6.58477	11.2923	0
-5.60628	11.2907	-0.297598	-5.60628	11.2907	0
-4.54336	11.2126	-0.315716	-4.54336	11.2126	0
-3.50755	11.2599	-0.310503	-3.50755	11.2599	0
-2.45708	11.2739	-0.305772	-2.45708	11.2739	0
-1.3713	11.3154	-0.338377	-1.3713	11.3154	0
-0.357241	-11.4125	-0.305099	-0.357241	-11.4125	0
0.617111	-11.4678	-0.345487	0.617111	-11.4678	0
1.6855	-11.4893	-0.334187	1.6855	-11.4893	0
2.75685	-11.5195	-0.310933	2.75685	-11.5195	0
3.81195	-11.5249	-0.346421	3.81195	-11.5249	0
4.75829	-11.5629	-0.31407	4.75829	-11.5629	0
5.80425	-11.4467	-0.32231	5.80425	-11.4467	0
6.84372	-11.501	-0.333452	6.84372	-11.501	0
7.89919	-11.5164	-0.300262	7.89919	-11.5164	0
8.96222	-11.5403	-0.323401	8.96222	-11.5403	0
9.98954	-11.4893	-0.298981	9.98954	-11.4893	0
11.0397	-11.4312	-0.343476	11.0397	-11.4312	0
-11.7255	-11.4175	-0.287199	-11.7255	-11.4175	0
-10.6905	-11.4476	-0.302031	-10.6905	-11.4476	0
-9.64356	-11.4627	-0.314826	-9.64356	-11.4627	0
-8.68909	-11.4574	-0.33704	-8.68909	-11.4574	0
-7.6848	-11.4548	-0.340068	-7.6848	-11.4548	0
-6.61787	-11.4805	-0.316059	-6.61787	-11.4805	0
-5.59995	-11.4836	-0.322542	-5.59995	-11.4836	0
-4.45773	-11.5398	-0.328343	-4.45773	-11.5398	0
-3.42964	-11.549	-0.314967	-3.42964	-11.549	0
-2.44681	-11.5222	-0.330512	-2.44681	-11.5222	0
-1.35144	-11.4402	-0.352371	-1.35144	-11.4402	0
-0.401152	-10.4164	-0.329228	-0.401152	-10.4164	0
0.69463	-10.4694	-0.302394	0.69463	-10.4694	0
1.7609	-10.4309	-0.304241	1.7609	-10.4309	0
2.79234	-10.4823	-0.333634	2.79234	-10.4823	0
3.7961	-10.4799	-0.334427	3.7961	-10.4799	0
4.81739	-10.437	-0.298382	4.81739	-10.437	0
5.80226	-10.4515	-0.323411	5.80226	-10.4515	0
6.79807	-10.4693	-0.287002	6.79807	-10.4693	0
7.90971	-10.4878	-0.294554	7.90971	-10.4878	0
8.95804	-10.5199	-0.299512	8.95804	-10.5199	0
9.98947	-10.5185	-0.341947	9.98947	-10.5185	0
11.0132	-10.4504	-0.313786	11.0132	-10.4504	0
-11.773	-10.3709	-0.313389	-11.773	-10.3709	0
-10.7209	-10.3792	-0.318354	-10.7209	-10.3792	0
-9.62194	-10.3521	-0.322611	-9.62194	-10.3521	0
-8.63114	-10.3707	-0.322593	-8.63114	-10.3707	0
-7.57774	-10.4333	-0.295576	-7.57774	-10.4333	0
-6.57784	-10.4717	-0.305967	-6.57784	-10.4717	0
-5.47956	-10.4505	-0.321095	-5.47956	-10.4505	0
-4.50137	-10.5082	-0.337782	-4.50137	-10.5082	0
-3.48012	-10.5352	-0.28871	-3.48012	-10.5352	0
-2.45967	-10.4892	-0.339549	-2.45967	-10.4892	0
-1.41628	-10.4502	-0.340061	-1.41628	-10.4502	0
-0.407739	-9.47745	-0.30448	-0.407739	-9.47745	0
0.650332	-9.46146	-0.32318	0.650332	-9.46146	0
1.68471	-9.45028	-0.29146	1.68471	-9.45028	0
2.69871	-9.47656	-0.288203	2.69871	-9.47656	0
3.72978	-9.40871	-0.310966	3.72978	-9.40871	0
4.79294	-9.44732	-0.31864	4.79294	-9.44732	0
5.82767	-9.40528	-0.343698	5.82767	-9.40528	0
6.85349	-9.50282	-0.309408	6.85349	-9.50282	0
7.8471	-9.46868	-0.333827	7.8471	-9.46868	0
8.85679	-9.48595	-0.296192	8.85679	-9.48595	0
9.95284	-9.35345	-0.303641	9.95284	-9.35345	0
10.9796	-9.37431	-0.307238	10.9796	-9.37431	0
-11.7423	-9.32004	-0.307658	-11.7423	-9.32004	0
-10.7277	-9.34616	-0.307499	-10.7277	-9.34616	0
-9.64289	-9.2824	-0.331939	-9.64289	-9.2824	0
-8.58699	-9.37643	-0.302516	-8.58699	-9.37643	0
-7.57806	-9.40413	-0.3137	-7.57806	-9.40413	0
-6.60077	-9.44672	-0.316662	-6.60077	-9.44672	0
-5.63159	-9.44856	-0.322709	-5.63159	-9.44856	0
-4.54706	-9.43197	-0.328222	-4.54706	-9.43197	0
-3.43049	-9.51446	-0.304989	-3.43049	-9.51446	0
-2.45277	-9.45465	-0.314395	-2.45277	-9.45465	0
-1.40967	-9.41786	-0.280979	-1.40967	-9.41786	0
-0.365667	-8.41177	-0.336229	-0.365667	-8.41177	0
0.635079	-8.42919	-0.332034	0.635079	-8.42919	0
1.67628	-8.40875	-0.294079	1.67628	-8.40875	0
2.71808	-8.39677	-0.296124	2.71808	-8.39677	0
3.75884	-8.43473	-0.333724	3.75884	-8.43473	0
4.8106	-8.37165	-0.31939	4.8106	-8.37165	0
5.83225	-8.39577	-0.326751	5.83225	-8.39577	0
6.87344	-8.36598	-0.29399	6.87344	-8.36598	0
7.8868	-8.47008	-0.332332	7.8868	-8.47008	0
8.86025	-8.41547	-0.316753	8.86025	-8.41547	0
9.96742	-8.39611	-0.317735	9.96742	-8.39611	0
10.9656	-8.31991	-0.331264	10.9656	-8.31991	0
-11.7649	-8.31769	-0.296686	-11.7649	-8.31769	0
-10.6962	-8.28451	-0.316748	-10.6962	-8.28451	0
-9.65137	-8.28522	-0.338132	-9.65137	-8.28522	0
-8.67504	-8.40356	-0.302686	-8.67504	-8.40356	0
-7.58496	-8.39748	-0.327522	-7.58496	-8.39748	0
-6.51619	-8.38061	-0.324201	-6.51619	-8.38061	0
-5.5639	-8.43935	-0.293252	-5.5639	-8.43935	0
-4.56716	-8.4171	-0.313147	-4.56716	-8.4171	0
-3.50148	-8.46561	-0.338386	-3.50148	-8.46561	0
-2.4428	-8.42657	-0.332307	-2.4428	-8.42657	0
-1.3837	-8.42139	-0.295494	-1.3837	-8.42139	0
-0.410638	-7.35879	-0.332227	-0.410638	-7.35879	0
0.616871	-7.41688	-0.303378	0.616871	-7.41688	0
1.71969	-7.36453	-0.314712	1.71969	-7.36453	0
2.73213	-7.40743	-0.3223	2.73213	-7.40743	0
3.73914	-7.34241	-0.323555	3.73914	-7.34241	0
4.7834	-7.33417	-0.312741	4.7834	-7.33417	0
5.83304	-7.35504	-0.315403	5.83304	-7.35504	0
6.90524	-7.33774	-0.325336	6.90524	-7.33774	0
7.93485	-7.40923	-0.305301	7.93485	-7.40923	0
8.92317	-7.39854	-0.32354	8.92317	-7.39854	0
9.93017	-7.32443	-0.306074	9.93017	-7.32443	0
10.9692	-7.24501	-0.286701	10.9692	-7.24501	0
-11.7759	-7.28287	-0.313345	-11.7759	-7.28287	0
-10.7146	-7.28969	-0.287633	-10.7146	-7.28969	0
-9.71032	-7.26639	-0.336316	-9.71032	-7.26639	0
-8.67272	-7.31756	-0.309435	-8.67272	-7.31756	0
-7.684	-7.37947	-0.28425	-7.684	-7.37947	0
-6.61984	-7.31008	-0.329894	-6.61984	-7.31008	0
-5.57482	-7.36986	-0.320267	-5.57482	-7.36986	0
-4.56918	-7.43088	-0.324976	-4.56918	-7.43088	0
-3.52971	-7.42916	-0.329771	-3.52971	-7.42916	0
-2.4654	-7.43187	-0.349422	-2.4654	-7.43187	0
-1.45823	-7.44227	-0.325594	-1.45823	-7.44227	0
-0.432367	-6.35412	-0.320952	-0.432367	-6.35412	0
0.610752	-6.36832	-0.301054	0.610752	-6.36832	0
1.64737	-6.36149	-0.317477	1.64737	-6.36149	0
2.74879	-6.39702	-0.295382	2.74879	-6.39702	0
3.80531	-6.30707	-0.322405	3.80531	-6.30707	0
4.81222	-6.29723	-0.321046	4.81222	-6.29723	0
5.87103	-6.32188	-0.321445	5.87103	-6.32188	0
6.84011	-6.35826	-0.33182	6.84011	-6.35826	0
7.90527	-6.34581	-0.299666	7.90527	-6.34581	0
8.92412	-6.30933	-0.300272	8.92412	-6.30933	0
9.94429	-6.26374	-0.3167	9.94429	-6.26374	0
10.9303	-6.23863	-0.315064	10.9303	-6.23863	0
-11.7683	-6.26138	-0.320248	-11.7683	-6.26138	0
-10.7107	-6.2316	-0.278066	-10.7107	-6.2316	0
-9.70469	-6.2026	-0.346239	-9.70469	-6.2026	0
-8.70455	-6.25357	-0.326136	-8.70455	-6.25357	0
-7.66258	-6.32894	-0.326563	-7.66258	-6.32894	0
-6.71287	-6.34316	-0.29894	-6.71287	-6.34316	0
-5.56855	-6.32716	-0.31357	-5.56855	-6.32716	0
-4.56702	-6.36087	-0.309893	-4.56702	-6.36087	0
-3.498	-6.36934	-0.309066	-3.498	-6.36934	0
-2.50478	-6.39562	-0.298018	-2.50478	-6.39562	0
-1.42446	-6.41682	-0.321657	-1.42446	-6.41682	0
-0.357613	-5.36895	-0.338217	-0.357613	-5.36895	0
0.640371	-5.36628	-0.310654	0.640371	-5.36628	0
1.68134	-5.31664	-0.330066	1.68134	-5.31664	0
2.72129	-5.31041	-0.291034	2.72129	-5.31041	0
3.7435	-5.346	-0.314873	3.7435	-5.346	0
4.80764	-5.32922	-0.306657	4.80764	-5.32922	0
5.86004	-5.26665	-0.315826	5.86004	-5.26665	0
6.88194	-5.26539	-0.300213	6.88194	-5.26539	0
7.8526	-5.2538	-0.309165	7.8526	-5.2538	0
8.8978	-5.25482	-0.299308	8.8978	-5.25482	0
9.94588	-5.21071	-0.322851	9.94588	-5.21071	0
11.0031	-5.27544	-0.338623	11.0031	-5.27544	0
-11.8003	-5.25372	-0.325155	-11.8003	-5.25372	0
-10.7179	-5.1699	-0.336537	-10.7179	-5.1699	0
-9.70442	-5.1357	-0.323554	-9.70442	-5.1357	0
-8.68782	-5.22524	-0.302728	-8.68782	-5.22524	0
-7.70426	-5.25237	-0.330261	-7.70426	-5.25237	0
-6.60903	-5.3503	-0.350887	-6.60903	-5.3503	0
-5.62003	-5.27881	-0.310388	-5.62003	-5.27881	0
-4.54548	-5.34198	-0.330253	-4.54548	-5.34198	0
-3.50577	-5.34993	-0.305273	-3.50577	-5.34993	0
-2.4773	-5.34224	-0.305221	-2.4773	-5.34224	0
-1.42608	-5.3693	-0.323288	-1.42608	-5.3693	0
-0.385743	-4.38592	-0.328259	-0.385743	-4.38592	0
0.639445	-4.3471	-0.293715	0.639445	-4.3471	0
1.62932	-4.31419	-0.319073	1.62932	-4.31419	0
2.70076	-4.27474	-0.302298	2.70076	-4.27474	0
3.73308	-4.2989	-0.30947	3.73308	-4.2989	0
4.77702	-4.24849	-0.334196	4.77702	-4.24849	0
5.75371	-4.22352	-0.358326	5.75371	-4.22352	0
6.76671	-4.18935	-0.345425	6.76671	-4.18935	0
7.79628	-4.24874	-0.309741	7.79628	-4.24874	0
8.82594	-4.24412	-0.321038	8.82594	-4.24412	0
9.88002	-4.18337	-0.305198	9.88002	-4.18337	0
10.9347	-4.14326	-0.313192	10.9347	-4.14326	0
-11.8286	-4.18187	-0.294231	-11.8286	-4.18187	0
-10.769	-4.18879	-0.317326	-10.769	-4.18879	0
-9.73866	-4.13851	-0.297606	-9.73866	-4.13851	0
-8.73695	-4.23117	-0.323398	-8.73695	-4.23117	0
-7.717	-4.21385	-0.317016	-7.717	-4.21385	0
-6.65933	-4.30134	-0.310933	-6.65933	-4.30134	0
-5.61833	-4.23773	-0.303063	-5.61833	-4.23773	0
-4.55079	-4.26407	-0.275112	-4.55079	-4.26407	0
-3.52424	-4.28964	-0.336838	-3.52424	-4.28964	0
-2.45275	-4.25125	-0.3346	-2.45275	-4.25125	0
-1.42891	-4.26937	-0.328821	-1.42891	-4.26937	0
-0.370406	-3.27409	-0.306717	-0.370406	-3.27409	0
0.615507	-3.2751	-0.317791	0.615507	-3.2751	0
1.65566	-3.27218	-0.330067	1.65566	-3.27218	0
2.70389	-3.28687	-0.307103	2.70389	-3.28687	0
3.78802	-3.27728	-0.350446	3.78802	-3.27728	0
4.77078	-3.22222	-0.341678	4.77078	-3.22222	0
5.84951	-3.18919	-0.322614	5.84951	-3.18919	0
6.85175	-3.20094	-0.306535	6.85175	-3.20094	0
7.84543	-3.23729	-0.345849	7.84543	-3.23729	0
8.88365	-3.2004	-0.347833	8.88365	-3.2004	0
9.90706	-3.22959	-0.314042	9.90706	-3.22959	0
10.9404	-3.18442	-0.332267	10.9404	-3.18442	0
-11.766	-3.19371	-0.276807	-11.766	-3.19371	0
-10.7322	-3.13589	-0.317393	-10.7322	-3.13589	0
-9.72595	-3.15851	-0.31456	-9.72595	-3.15851	0
-8.70403	-3.19846	-0.33382	-8.70403	-3.19846	0
-7.7111	-3.20456	-0.326193	-7.7111	-3.20456	0
-6.66756	-3.21593	-0.338126	-6.66756	-3.21593	0
-5.63274	-3.20218	-0.294651	-5.63274	-3.20218	0
-4.48293	-3.22574	-0.333139	-4.48293	-3.22574	0
-3.45231	-3.18751	-0.326362	-3.45231	-3.18751	0
-2.40547	-3.24688	-0.314072	-2.40547	-3.24688	0
-1.42569	-3.23632	-0.322533	-1.42569	-3.23632	0
-0.488917	-2.27463	-0.312895	-0.488917	-2.27463	0
0.59145	-2.21091	-0.324193	0.59145	-2.21091	0
1.63718	-2.19581	-0.333817	1.63718	-2.19581	0
2.70379	-2.25593	-0.329379	2.70379	-2.25593	0
3.72938	-2.2083	-0.323138	3.72938	-2.2083	0
4.78524	-2.17888	-0.314607	4.78524	-2.17888	0
5.81514	-2.19134	-0.33576	5.81514	-2.19134	0
6.8041	-2.09516	-0.31082	6.8041	-2.09516	0
7.82875	-2.11665	-0.336784	7.82875	-2.11665	0
8.90651	-2.17132	-0.326055	8.90651	-2.17132	0
9.9419	-2.19809	-0.309794	9.9419	-2.19809	0
10.9491	-2.14489	-0.331341	10.9491	-2.14489	0
-11.851	-2.16992	-0.311457	-11.851	-2.16992	0
-10.8373	-2.1388	-0.333478	-10.8373	-2.1388	0
-9.72916	-2.22494	-0.313821	-9.72916	-2.22494	0
-8.70322	-2.14625	-0.320671	-8.70322	-2.14625	0
-7.66752	-2.15726	-0.321731	-7.66752	-2.15726	0
-6.63932	-2.17428	-0.308276	-6.63932	-2.17428	0
-5.57008	-2.22332	-0.33403	-5.57008	-2.22332	0
-4.53007	-2.22632	-0.34147	-4.53007	-2.22632	0
-3.472	-2.18882	-0.33148	-3.472	-2.18882	0
-2.4795	-2.2159	-0.300468	-2.4795	-2.2159	0
-1.43652	-2.25003	-0.330253	-1.43652	-2.25003	0
-0.459338	-1.22014	-0.307066	-0.459338	-1.22014	0
0.601465	-1.17151	-0.33247	0.601465	-1.17151	0
1.68329	-1.21473	-0.333181	1.68329	-1.21473	0
2.67437	-1.19252	-0.325667	2.67437	-1.19252	0
3.76012	-1.12998	-0.346764	3.76012	-1.12998	0
4.79212	-1.19536	-0.321674	4.79212	-1.19536	0
5.83271	-1.14589	-0.304795	5.83271	-1.14589	0
6.81986	-1.06259	-0.314397	6.81986	-1.06259	0
7.82177	-1.10542	-0.338587	7.82177	-1.10542	0
8.93596	-1.04617	-0.312986	8.93596	-1.04617	0
9.91976	-1.12173	-0.305786	9.91976	-1.12173	0
10.9308	-1.13713	-0.325153	10.9308	-1.13713	0
-11.8153	-1.08717	-0.302538	-11.8153	-1.08717	0
-10.7637	-1.10194	-0.325481	-10.7637	-1.10194	0
-9.70555	-1.18428	-0.295116	-9.70555	-1.18428	0
-8.67076	-1.09593	-0.31468	-8.67076	-1.09593	0
-7.66368	-1.12548	-0.280056	-7.66368	-1.12548	0
-6.66818	-1.23265	-0.328216	-6.66818	-1.23265	0
-5.5912	-1.19105	-0.320624	-5.5912	-1.19105	0
-4.57989	-1.19914	-0.335919	-4.57989	-1.19914	0
-3.53922	-1.15519	-0.316177	-3.53922	-1.15519	0
-2.5278	-1.16985	-0.332066	-2.5278	-1.16985	0
-1.48045	-1.16805	-0.301367	-1.48045	-1.16805	0
0.163961	0.351382	0.294499	0.163961	0.351382	0
1.12092	0.364745	0.342884	1.12092	0.364745	0
2.24122	0.270297	0.351386	2.24122	0.270297	0
3.2507	0.391965	0.307124	3.2507	0.391965	0
4.2784	0.390983	0.30905	4.2784	0.390983	0
5.27656	0.38588	0.307902	5.27656	0.38588	0
6.29406	0.409549	0.354653	6.29406	0.409549	0
7.31499	0.443363	0.309696	7.31499	0.443363	0
8.36264	0.41343	0.301309	8.36264	0.41343	0
9.4225	0.42348	0.330623	9.4225	0.42348	0
10.4292	0.458512	0.311586	10.4292	0.458512	0
11.4701	0.410756	0.330934	11.4701	0.410756	0
-11.2591	0.467713	0.32953	-11.2591	0.467713	0
-10.2129	0.411567	0.328832	-10.2129	0.411567	0
-9.19263	0.387713	0.309291	-9.19263	0.387713	0
-8.16752	0.413339	0.337034	-8.16752	0.413339	0
-7.10298	0.404926	0.295452	-7.10298	0.404926	0
-6.04798	0.375968	0.312629	-6.04798	0.375968	0
-5.05889	0.396971	0.309201	-5.05889	0.396971	0
-4.03688	0.386317	0.322082	-4.03688	0.386317	0
-3.0577	0.346569	0.335854	-3.0577	0.346569	0
-1.97366	0.360772	0.307375	-1.97366	0.360772	0
-0.874511	0.346195	0.306147	-0.874511	0.346195	0
0.118421	1.38186	0.329932	0.118421	1.38186	0
1.1289	1.3929	0.313177	1.1289	1.3929	0
2.18815	1.29588	0.306632	2.18815	1.29588	0
3.23861	1.42312	0.297373	3.23861	1.42312	0
4.32563	1.38673	0.336634	4.32563	1.38673	0
5.34022	1.45353	0.327262	5.34022	1.45353	0
6.30822	1.40591	0.309979	6.30822	1.40591	0
7.39246	1.46241	0.300543	7.39246	1.46241	0
8.36445	1.46599	0.324917	8.36445	1.46599	0
9.3979	1.43709	0.315683	9.3979	1.43709	0
10.4523	1.49286	0.32432	10.4523	1.49286	0
11.4818	1.45399	0.321831	11.4818	1.45399	0
-11.2462	1.53816	0.28461	-11.2462	1.53816	0
-10.2047	1.41267	0.305468	-10.2047	1.41267	0
-9.1875	1.40964	0.319254	-9.1875	1.40964	0
-8.10005	1.4205	0.301351	-8.10005	1.4205	0
-7.11079	1.41476	0.320699	-7.11079	1.41476	0
-6.02684	1.37466	0.336852	-6.02684	1.37466	0
-5.04213	1.47216	0.306659	-5.04213	1.47216	0
-4.03172	1.40185	0.311744	-4.03172	1.40185	0
-2.97572	1.39524	0.323045	-2.97572	1.39524	0
-1.9515	1.43277	0.329232	-1.9515	1.43277	0
-0.909311	1.40531	0.322289	-0.909311	1.40531	0
0.0805912	2.41811	0.342231	0.0805912	2.41811	0
1.108	2.41994	0.307312	1.108	2.41994	0
2.1445	2.42335	0.298592	2.1445	2.42335	0
3.22941	2.4234	0.326991	3.22941	2.4234	0
4.27242	2.4147	0.319591	4.27242	2.4147	0
5.29887	2.41373	0.325282	5.29887	2.41373	0
6.31203	2.4464	0.309861	6.31203	2.4464	0
7.34514	2.49767	0.316011	7.34514	2.49767	0
8.34776	2.53755	0.297552	8.34776	2.53755	0
9.42646	2.5065	0.323501	9.42646	2.5065	0
10.4436	2.47774	0.310441	10.4436	2.47774	0
11.4398	2.54624	0.322295	11.4398	2.54624	0
-11.2943	2.52164	0.293608	-11.2943	2.52164	0
-10.2033	2.5498	0.284702	-10.2033	2.5498	0
-9.18498	2.47374	0.316421	-9.18498	2.47374	0
-8.14602	2.40649	0.3289	-8.14602	2.40649	0
-7.07203	2.45799	0.340179	-7.07203	2.45799	0
-6.05321	2.42101	0.335604	-6.05321	2.42101	0
-5.05417	2.51952	0.319337	-5.05417	2.51952	0
-3.98213	2.43495	0.319473	-3.98213	2.43495	0
-2.97461	2.45873	0.305352	-2.97461	2.45873	0
-1.93919	2.49226	0.309735	-1.93919	2.49226	0
-0.95389	2.44803	0.328923	-0.95389	2.44803	0
0.160343	3.46424	0.301179	0.160343	3.46424	0
1.18616	3.48587	0.315072	1.18616	3.48587	0
2.21569	3.44043	0.326109	2.21569	3.44043	0
3.22299	3.43686	0.339072	3.22299	3.43686	0
4.2924	3.44437	0.313467	4.2924	3.44437	0
5.28284	3.45872	0.315365	5.28284	3.45872	0
6.32937	3.51353	0.349116	6.32937	3.51353	0
7.37795	3.5408	0.309247	7.37795	3.5408	0
8.37249	3.54693	0.331624	8.37249	3.54693	0
9.39291	3.50928	0.316704	9.39291	3.50928	0
10.4474	3.55608	0.316756	10.4474	3.55608	0
11.4305	3.56336	0.303005	11.4305	3.56336	0
-11.3341	3.57178	0.325326	-11.3341	3.57178	0
-10.3053	3.53288	0.323581	-10.3053	3.53288	0
-9.26711	3.55555	0.323118	-9.26711	3.55555	0
-8.16878	3.46933	0.304093	-8.16878	3.46933	0
-7.15715	3.51598	0.308977	-7.15715	3.51598	0
-6.08363	3.50828	0.317998	-6.08363	3.50828	0
-5.05998	3.51811	0.341111	-5.05998	3.51811	0
-4.03744	3.41828	0.271327	-4.03744	3.41828	0
-2.94318	3.47411	0.305093	-2.94318	3.47411	0
-1.95356	3.54996	0.352215	-1.95356	3.54996	0
-0.906249	3.44912	0.307006	-0.906249	3.44912	0
0.153724	4.57592	0.315718	0.153724	4.57592	0
1.21024	4.53178	0.335164	1.21024	4.53178	0
2.19373	4.47617	0.350588	2.19373	4.47617	0
3.23981	4.54964	0.326905	3.23981	4.54964	0
4.27538	4.46544	0.337326	4.27538	4.46544	0
5.29488	4.49255	0.315148	5.29488	4.49255	0
6.28365	4.58052	0.316171	6.28365	4.58052	0
7.34285	4.52525	0.321466	7.34285	4.52525	0
8.35923	4.56803	0.350158	8.35923	4.56803	0
9.45226	4.52994	0.330343	9.45226	4.52994	0
10.4048	4.59735	0.305082	10.4048	4.59735	0
11.4148	4.65692	0.31986	11.4148	4.65692	0
-11.3437	4.6049	0.301618	-11.3437	4.6049	0
-10.2304	4.57384	0.326122	-10.2304	4.57384	0
-9.2029	4.53623	0.313076	-9.2029	4.53623	0
-8.20523	4.56169	0.311376	-8.20523	4.56169	0
-7.0679	4.5436	0.292233	-7.0679	4.5436	0
-6.06309	4.54669	0.324772	-6.06309	4.54669	0
-5.0422	4.59158	0.32199	-5.0422	4.59158	0
-4.01047	4.54376	0.299743	-4.01047	4.54376	0
-2.97259	4.55483	0.336569	-2.97259	4.55483	0
-1.93392	4.48658	0.284101	-1.93392	4.48658	0
-0.911493	4.49644	0.333424	-0.911493	4.49644	0
0.0668163	5.58226	0.340382	0.0668163	5.58226	0
1.10622	5.57904	0.330084	1.10622	5.57904	0
2.11302	5.58309	0.312276	2.11302	5.58309	0
3.16339	5.55921	0.306642	3.16339	5.55921	0
4.18136	5.54004	0.302617	4.18136	5.54004	0
5.19606	5.58592	0.275009	5.19606	5.58592	0
6.27471	5.6056	0.330304	6.27471	5.6056	0
7.28883	5.52252	0.308653	7.28883	5.52252	0
8.38079	5.58369	0.300207	8.38079	5.58369	0
9.39566	5.59096	0.314483	9.39566	5.59096	0
10.4568	5.70298	0.30388	10.4568	5.70298	0
11.5509	5.71928	0.307139	11.5509	5.71928	0
-11.2276	5.67944	0.329167	-11.2276	5.67944	0
-10.1417	5.58686	0.349807	-10.1417	5.58686	0
-9.16868	5.59658	0.338916	-9.16868	5.59658	0
-8.14241	5.55478	0.280441	-8.14241	5.55478	0
-7.09954	5.53686	0.327165	-7.09954	5.53686	0
-6.06578	5.57058	0.296764	-6.06578	5.57058	0
-5.0798	5.56605	0.313142	-5.0798	5.56605	0
-4.01456	5.59291	0.300604	-4.01456	5.59291	0
-2.98718	5.5928	0.321151	-2.98718	5.5928	0
-1.96439	5.57793	0.310723	-1.96439	5.57793	0
-0.964465	5.55558	0.318987	-0.964465	5.55558	0
0.0807343	6.64974	0.31972	0.0807343	6.64974	0
1.18201	6.62872	0.330963	1.18201	6.62872	0
2.15397	6.60715	0.313187	2.15397	6.60715	0
3.20536	6.58362	0.306953	3.20536	6.58362	0
4.21071	6.56928	0.312822	4.21071	6.56928	0
5.28362	6.6103	0.332549	5.28362	6.6103	0
6.33931	6.61178	0.331084	6.33931	6.61178	0
7.28987	6.55787	0.298704	7.28987	6.55787	0
8.33507	6.61672	0.331899	8.33507	6.61672	0
9.38768	6.64595	0.329004	9.38768	6.64595	0
10.4597	6.69124	0.283194	10.4597	6.69124	0
11.4755	6.68156	0.329805	11.4755	6.68156	0
-11.2348	6.67287	0.312778	-11.2348	6.67287	0
-10.2587	6.61734	0.313605	-10.2587	6.61734	0
-9.1683	6.6482	0.308539	-9.1683	6.6482	0
-8.17175	6.59446	0.330325	-8.17175	6.59446	0
-7.15478	6.55071	0.29342	-7.15478	6.55071	0
-6.05504	6.6031	0.312087	-6.05504	6.6031	0
-5.02403	6.63586	0.344315	-5.02403	6.63586	0
-3.99973	6.58161	0.300971	-3.99973	6.58161	0
-2.96168	6.64815	0.326461	-2.96168	6.64815	0
-1.97803	6.61971	0.316464	-1.97803	6.61971	0
-0.93146	6.65987	0.302095	-0.93146	6.65987	0
0.116592	7.71872	0.30172	0.116592	7.71872	0
1.17582	7.71653	0.351245	1.17582	7.71653	0
2.15447	7.62257	0.329138	2.15447	7.62257	0
3.16824	7.6286	0.326081	3.16824	7.6286	0
4.18707	7.63287	0.333958	4.18707	7.63287	0
5.24567	7.66217	0.31224	5.24567	7.66217	0
6.28213	7.60048	0.324734	6.28213	7.60048	0
7.26233	7.67509	0.336085	7.26233	7.67509	0
8.3764	7.6278	0.287459	8.3764	7.6278	0
9.41438	7.66287	0.31688	9.41438	7.66287	0
10.4198	7.72377	0.287802	10.4198	7.72377	0
11.4229	7.78325	0.316738	11.4229	7.78325	0
-11.2755	7.70263	0.347298	-11.2755	7.70263	0
-10.2316	7.68751	0.327327	-10.2316	7.68751	0
-9.1413	7.6768	0.317459	-9.1413	7.6768	0
-8.0746	7.60958	0.33002	-8.0746	7.60958	0
-7.09305	7.53668	0.33776	-7.09305	7.53668	0
-6.09302	7.59336	0.316093	-6.09302	7.59336	0
-5.09261	7.67249	0.308892	-5.09261	7.67249	0
-4.01438	7.61776	0.307719	-4.01438	7.61776	0
-3.04324	7.64604	0.324412	-3.04324	7.64604	0
-2.03731	7.64933	0.309672	-2.03731	7.64933	0
-0.96235	7.69344	0.34268	-0.96235	7.69344	0
0.0670195	8.70767	0.323271	0.0670195	8.70767	0
1.19563	8.72268	0.300784	1.19563	8.72268	0
2.20638	8.76323	0.299614	2.20638	8.76323	0
3.19299	8.63456	0.323649	3.19299	8.63456	0
4.18721	8.64805	0.333349	4.18721	8.64805	0
5.243	8.70876	0.33096	5.243	8.70876	0
6.24372	8.68167	0.287581	6.24372	8.68167	0
7.33296	8.69108	0.311849	7.33296	8.69108	0
8.39373	8.66463	0.310816	8.39373	8.66463	0
9.37119	8.66142	0.316442	9.37119	8.66142	0
10.3856	8.72082	0.332549	10.3856	8.72082	0
11.4945	8.79735	0.311919	11.4945	8.79735	0
-11.2905	8.75801	0.291954	-11.2905	8.75801	0
-10.1782	8.68791	0.303307	-10.1782	8.68791	0
-9.15668	8.70737	0.312274	-9.15668	8.70737	0
-8.13312	8.65296	0.341564	-8.13312	8.65296	0
-7.11675	8.68079	0.335343	-7.11675	8.68079	0
-6.09342	8.66694	0.294243	-6.09342	8.66694	0
-5.12267	8.64369	0.325719	-5.12267	8.64369	0
-4.04436	8.70405	0.330076	-4.04436	8.70405	0
-3.04495	8.71085	0.311659	-3.04495	8.71085	0
-1.99745	8.75534	0.318043	-1.99745	8.75534	0
-0.956741	8.71849	0.313105	-0.956741	8.71849	0
0.0820399	9.67901	0.302569	0.0820399	9.67901	0
1.12842	9.66358	0.31943	1.12842	9.66358	0
2.24562	9.75244	0.325436	2.24562	9.75244	0
3.24544	9.73258	0.30806	3.24544	9.73258	0
4.30577	9.64682	0.303711	4.30577	9.64682	0
5.30347	9.68939	0.315495	5.30347	9.68939	0
6.32901	9.71021	0.282753	6.32901	9.71021	0
7.32611	9.69368	0.32937	7.32611	9.69368	0
8.37522	9.72876	0.303609	8.37522	9.72876	0
9.40132	9.65691	0.349125	9.40132	9.65691	0
10.3964	9.73391	0.298574	10.3964	9.73391	0
11.5587	9.74044	0.337485	11.5587	9.74044	0
-11.2549	9.74993	0.31265	-11.2549	9.74993	0
-10.1886	9.76729	0.303221	-10.1886	9.76729	0
-9.16993	9.78351	0.304644	-9.16993	9.78351	0
-8.175	9.73489	0.32092	-8.175	9.73489	0
-7.14145	9.7365	0.320912	-7.14145	9.7365	0
-6.12606	9.66205	0.343046	-6.12606	9.66205	0
-5.09967	9.74677	0.309687	-5.09967	9.74677	0
-4.11322	9.7169	0.311191	-4.11322	9.7169	0
-3.06284	9.73236	0.306703	-3.06284	9.73236	0
-2.04194	9.74593	0.335601	-2.04194	9.74593	0
-1.00003	9.76875	0.321846	-1.00003	9.76875	0
0.0811259	10.7045	0.305042	0.0811259	10.7045	0
1.11573	10.7152	0.31679	1.11573	10.7152	0
2.22739	10.737	0.316083	2.22739	10.737	0
3.19684	10.733	0.294179	3.19684	10.733	0
4.25967	10.6779	0.320745	4.25967	10.6779	0
5.32865	10.7687	0.317216	5.32865	10.7687	0
6.3494	10.7349	0.285162	6.3494	10.7349	0
7.34963	10.7245	0.303408	7.34963	10.7245	0
8.39178	10.7051	0.321412	8.39178	10.7051	0
9.42777	10.6542	0.313859	9.42777	10.6542	0
10.4846	10.7816	0.334753	10.4846	10.7816	0
11.5404	10.791	0.327071	11.5404	10.791	0
-11.1977	10.811	0.318555	-11.1977	10.811	0
-10.1622	10.787	0.315435	-10.1622	10.787	0
-9.19879	10.8329	0.331865	-9.19879	10.8329	0
-8.20001	10.7814	0.300064	-8.20001	10.7814	0
-7.2164	10.7256	0.323924	-7.2164	10.7256	0
-6.11578	10.7106	0.314774	-6.11578	10.7106	0
-5.0608	10.7535	0.303507	-5.0608	10.7535	0
-4.06005	10.6246	0.309247	-4.06005	10.6246	0
-2.99064	10.7761	0.298545	-2.99064	10.7761	0
-1.95012	10.8109	0.316348	-1.95012	10.8109	0
-0.892987	10.8192	0.300867	-0.892987	10.8192	0
0.149261	11.8288	0.313777	0.149261	11.8288	0
1.18096	11.7582	0.314892	1.18096	11.7582	0
2.21334	11.7409	0.312796	2.21334	11.7409	0
3.21796	11.7793	0.305175	3.21796	11.7793	0
4.25918	11.7256	0.31576	4.25918	11.7256	0
5.362	11.7766	0.306869	5.362	11.7766	0
6.37214	11.7783	0.310345	6.37214	11.7783	0
7.3898	11.7648	0.326041	7.3898	11.7648	0
8.43228	11.7818	0.309069	8.43228	11.7818	0
9.46449	11.7789	0.311798	9.46449	11.7789	0
10.5129	11.7943	0.333427	10.5129	11.7943	0
11.4985	11.8255	0.280138	11.4985	11.8255	0
-11.255	11.8495	0.306686	-11.255	11.8495	0
-10.1481	11.7921	0.315872	-10.1481	11.7921	0
-9.1201	11.837	0.336917	-9.1201	11.837	0
-8.13733	11.8151	0.309391	-8.13733	11.8151	0
-7.14407	11.7821	0.316744	-7.14407	11.7821	0
-6.10674	11.8198	0.321647	-6.10674	11.8198	0
-5.05409	11.8007	0.299898	-5.05409	11.8007	0
-4.01708	11.7513	0.324419	-4.01708	11.7513	0
-2.94344	11.7691	0.36173	-2.94344	11.7691	0
-1.92886	11.8575	0.324986	-1.92886	11.8575	0
-0.867052	11.843	0.292881	-0.867052	11.843	0
0.140135	-10.959	0.328874	0.140135	-10.959	0
1.18876	-11.011	0.34379	1.18876	-11.011	0
2.23107	-11.0332	0.305213	2.23107	-11.0332	0
3.27934	-11.0422	0.332699	3.27934	-11.0422	0
4.24368	-11.0145	0.319844	4.24368	-11.0145	0
5.24286	-11.025	0.298786	5.24286	-11.025	0
6.26661	-10.9701	0.348892	6.26661	-10.9701	0
7.35446	-11.0332	0.326237	7.35446	-11.0332	0
8.42524	-10.9891	0.33513	8.42524	-10.9891	0
9.50052	-11.0163	0.318655	9.50052	-11.0163	0
10.504	-10.9349	0.321286	10.504	-10.9349	0
11.5503	-10.9132	0.33276	11.5503	-10.9132	0
-11.2292	-10.9167	0.325743	-11.2292	-10.9167	0
-10.122	-10.8901	0.308165	-10.122	-10.8901	0
-9.14742	-10.9283	0.312076	-9.14742	-10.9283	0
-8.13948	-10.9388	0.32602	-8.13948	-10.9388	0
-7.10888	-10.9891	0.320246	-7.10888	-10.9891	0
-6.11779	-10.9843	0.334569	-6.11779	-10.9843	0
-5.04013	-11.0079	0.318866	-5.04013	-11.0079	0
-4.02811	-11.051	0.317048	-4.02811	-11.051	0
-2.94612	-11.003	0.344407	-2.94612	-11.003	0
-1.90194	-10.9297	0.301129	-1.90194	-10.9297	0
-0.892078	-10.957	0.326895	-0.892078	-10.957	0
0.135564	-9.94416	0.322097	0.135564	-9.94416	0
1.1878	-9.96344	0.305958	1.1878	-9.96344	0
2.26844	-10.022	0.343142	2.26844	-10.022	0
3.25189	-9.9931	0.30779	3.25189	-9.9931	0
4.26126	-9.9538	0.307827	4.26126	-9.9538	0
5.33577	-9.95695	0.334567	5.33577	-9.95695	0
6.3293	-9.88767	0.334555	6.3293	-9.88767	0
7.3813	-9.9799	0.3508	7.3813	-9.9799	0
8.38681	-9.98792	0.336053	8.38681	-9.98792	0
9.44385	-9.93248	0.305945	9.44385	-9.93248	0
10.4988	-9.9189	0.296263	10.4988	-9.9189	0
11.5306	-9.80876	0.331031	11.5306	-9.80876	0
-11.2294	-9.83585	0.310571	-11.2294	-9.83585	0
-10.1545	-9.86036	0.291498	-10.1545	-9.86036	0
-9.15636	-9.82597	0.314182	-9.15636	-9.82597	0
-8.10478	-9.90697	0.335618	-8.10478	-9.90697	0
-7.09765	-9.91418	0.322295	-7.09765	-9.91418	0
-6.01751	-10.0004	0.329868	-6.01751	-10.0004	0
-5.0251	-9.94746	0.309467	-5.0251	-9.94746	0
-4.03801	-10.0032	0.284709	-4.03801	-10.0032	0
-2.98723	-10.0264	0.322836	-2.98723	-10.0264	0
-1.96659	-9.95242	0.304908	-1.96659	-9.95242	0
-0.904382	-9.98586	0.343529	-0.904382	-9.98586	0
0.122679	-8.93765	0.287044	0.122679	-8.93765	0
1.17218	-8.9646	0.331738	1.17218	-8.9646	0
2.1681	-8.91776	0.330231	2.1681	-8.91776	0
3.18253	-8.93069	0.313144	3.18253	-8.93069	0
4.30484	-8.91071	0.307745	4.30484	-8.91071	0
5.27916	-8.93766	0.297113	5.27916	-8.93766	0
6.31221	-8.90642	0.312082	6.31221	-8.90642	0
7.35192	-8.94965	0.326462	7.35192	-8.94965	0
8.34438	-8.99014	0.321238	8.34438	-8.99014	0
9.40644	-8.89034	0.328138	9.40644	-8.89034	0
10.4822	-8.90659	0.368569	10.4822	-8.90659	0
11.4757	-8.80277	0.286842	11.4757	-8.80277	0
-11.2214	-8.83274	0.312962	-11.2214	-8.83274	0
-10.2142	-8.8236	0.301692	-10.2142	-8.8236	0
-9.14987	-8.84793	0.345021	-9.14987	-8.84793	0
-8.07719	-8.8877	0.338426	-8.07719	-8.8877	0
-7.07987	-8.8519	0.291963	-7.07987	-8.8519	0
-6.06548	-8.91482	0.32948	-6.06548	-8.91482	0
-5.07172	-8.99455	0.297154	-5.07172	-8.99455	0
-4.0302	-8.95718	0.323564	-4.0302	-8.95718	0
-3.03131	-8.92653	0.329469	-3.03131	-8.92653	0
-1.98928	-8.94694	0.30449	-1.98928	-8.94694	0
-0.846327	-8.91414	0.336746	-0.846327	-8.91414	0
0.124913	-7.89687	0.333383	0.124913	-7.89687	0
1.12862	-7.88509	0.323251	1.12862	-7.88509	0
2.23678	-7.89186	0.306696	2.23678	-7.89186	0
3.25314	-7.89774	0.304499	3.25314	-7.89774	0
4.22544	-7.9334	0.317185	4.22544	-7.9334	0
5.32688	-7.85284	0.317053	5.32688	-7.85284	0
6.36762	-7.88822	0.346678	6.36762	-7.88822	0
7.39709	-7.91356	0.323914	7.39709	-7.91356	0
8.4056	-7.90822	0.332817	8.4056	-7.90822	0
9.45709	-7.92155	0.314278	9.45709	-7.92155	0
10.448	-7.80763	0.296049	10.448	-7.80763	0
11.4936	-7.82158	0.33327	11.4936	-7.82158	0
-11.2403	-7.85411	0.321394	-11.2403	-7.85411	0
-10.1593	-7.83374	0.326497	-10.1593	-7.83374	0
-9.1527	-7.81437	0.297725	-9.1527	-7.81437	0
-8.14795	-7.87509	0.298078	-8.14795	-7.87509	0
-7.08959	-7.85588	0.278619	-7.08959	-7.85588	0
-6.0936	-7.81515	0.306662	-6.0936	-7.81515	0
-5.08889	-7.87533	0.325361	-5.08889	-7.87533	0
-4.01269	-7.99248	0.294294	-4.01269	-7.99248	0
-3.02487	-7.90042	0.328243	-3.02487	-7.90042	0
-1.93938	-7.92787	0.319889	-1.93938	-7.92787	0
-0.868139	-7.85697	0.305607	-0.868139	-7.85697	0
0.0943749	-6.90274	0.314274	0.0943749	-6.90274	0
1.15799	-6.88301	0.321364	1.15799	-6.88301	0
2.21159	-6.88161	0.33798	2.21159	-6.88161	0
3.26024	-6.88239	0.326817	3.26024	-6.88239	0
4.31017	-6.79554	0.310136	4.31017	-6.79554	0
5.33962	-6.82958	0.295776	5.33962	-6.82958	0
6.33806	-6.84906	0.331983	6.33806	-6.84906	0
7.42471	-6.88072	0.317306	7.42471	-6.88072	0
8.4287	-6.83648	0.304684	8.4287	-6.83648	0
9.41759	-6.87145	0.320463	9.41759	-6.87145	0
10.4219	-6.7898	0.34475	10.4219	-6.7898	0
11.4862	-6.76472	0.333185	11.4862	-6.76472	0
-11.226	-6.77307	0.330746	-11.226	-6.77307	0
-10.1852	-6.70439	0.312341	-10.1852	-6.70439	0
-9.20326	-6.76403	0.306144	-9.20326	-6.76403	0
-8.2387	-6.79786	0.333667	-8.2387	-6.79786	0
-7.19634	-6.83372	0.312725	-7.19634	-6.83372	0
-6.13388	-6.79799	0.323344	-6.13388	-6.79799	0
-5.06453	-6.88049	0.34061	-5.06453	-6.88049	0
-4.04478	-6.89829	0.309176	-4.04478	-6.89829	0
-3.01232	-6.95317	0.323594	-3.01232	-6.95317	0
-1.96991	-6.88777	0.302905	-1.96991	-6.88777	0
-0.939525	-6.83175	0.338367	-0.939525	-6.83175	0
0.128751	-5.88733	0.326174	0.128751	-5.88733	0
1.14135	-5.89502	0.324836	1.14135	-5.89502	0
2.2051	-5.8569	0.298754	2.2051	-5.8569	0
3.25333	-5.87805	0.306629	3.25333	-5.87805	0
4.31062	-5.79079	0.324659	4.31062	-5.79079	0
5.3422	-5.80947	0.2962	5.3422	-5.80947	0
6.36511	-5.82691	0.306039	6.36511	-5.82691	0
7.37701	-5.80898	0.30114	7.37701	-5.80898	0
8.43235	-5.80203	0.309465	8.43235	-5.80203	0
9.46033	-5.76819	0.30446	9.46033	-5.76819	0
10.4497	-5.74608	0.311282	10.4497	-5.74608	0
11.5102	-5.78908	0.326064	11.5102	-5.78908	0
-11.1907	-5.70429	0.326836	-11.1907	-5.70429	0
-10.1911	-5.66067	0.330137	-10.1911	-5.66067	0
-9.22875	-5.65826	0.306222	-9.22875	-5.65826	0
-8.15079	-5.78405	0.28845	-8.15079	-5.78405	0
-7.1643	-5.75187	0.312188	-7.1643	-5.75187	0
-6.12981	-5.84268	0.317735	-6.12981	-5.84268	0
-5.09425	-5.8025	0.302227	-5.09425	-5.8025	0
-4.04278	-5.89299	0.314559	-4.04278	-5.89299	0
-3.0392	-5.84581	0.327774	-3.0392	-5.84581	0
-1.9507	-5.89084	0.300169	-1.9507	-5.89084	0
-0.924111	-5.80941	0.335982	-0.924111	-5.80941	0
0.0405061	-4.83964	0.343581	0.0405061	-4.83964	0
1.14309	-4.86385	0.315578	1.14309	-4.86385	0
2.12352	-4.78899	0.313587	2.12352	-4.78899	0
3.23468	-4.79986	0.323009	3.23468	-4.79986	0
4.29576	-4.76215	0.309008	4.29576	-4.76215	0
5.28789	-4.75357	0.290496	5.28789	-4.75357	0
6.35621	-4.72179	0.327809	6.35621	-4.72179	0
7.33382	-4.74906	0.347033	7.33382	-4.74906	0
8.394	-4.73339	0.310894	8.394	-4.73339	0
9.35	-4.70774	0.31648	9.35	-4.70774	0
10.4183	-4.69038	0.3138	10.4183	-4.69038	0
11.4293	-4.74146	0.314228	11.4293	-4.74146	0
-11.3093	-4.7688	0.293976	-11.3093	-4.7688	0
-10.2074	-4.64745	0.304349	-10.2074	-4.64745	0
-9.19837	-4.7152	0.336355	-9.19837	-4.7152	0
-8.19655	-4.69579	0.327393	-8.19655	-4.69579	0
-7.14078	-4.75899	0.312937	-7.14078	-4.75899	0
-6.15996	-4.80172	0.30946	-6.15996	-4.80172	0
-5.09463	-4.79106	0.320467	-5.09463	-4.79106	0
-4.03915	-4.83309	0.317979	-4.03915	-4.83309	0
-2.94876	-4.78484	0.32048	-2.94876	-4.78484	0
-1.93676	-4.85002	0.312917	-1.93676	-4.85002	0
-0.936217	-4.83309	0.29136	-0.936217	-4.83309	0
0.113961	-3.788	0.303577	0.113961	-3.788	0
1.11898	-3.77037	0.322265	1.11898	-3.77037	0
2.16573	-3.74916	0.33736	2.16573	-3.74916	0
3.22109	-3.76618	0.312563	3.22109	-3.76618	0
4.24348	-3.75772	0.330533	4.24348	-3.75772	0
5.29296	-3.66523	0.278421	5.29296	-3.66523	0
6.3059	-3.72224	0.352658	6.3059	-3.72224	0
7.33545	-3.7137	0.318083	7.33545	-3.7137	0
8.3064	-3.70239	0.297533	8.3064	-3.70239	0
9.30119	-3.73906	0.321069	9.30119	-3.73906	0
10.3821	-3.67324	0.329147	10.3821	-3.67324	0
11.442	-3.67383	0.327984	11.442	-3.67383	0
-11.2475	-3.68736	0.318748	-11.2475	-3.68736	0
-10.2702	-3.68038	0.328839	-10.2702	-3.68038	0
-9.18782	-3.67256	0.326175	-9.18782	-3.67256	0
-8.20107	-3.67848	0.307132	-8.20107	-3.67848	0
-7.14338	-3.6882	0.302094	-7.14338	-3.6882	0
-6.14845	-3.72538	0.304134	-6.14845	-3.72538	0
-5.08053	-3.72506	0.302217	-5.08053	-3.72506	0
-4.00153	-3.69393	0.306143	-4.00153	-3.69393	0
-3	-3.75422	0.305602	-3	-3.75422	0
-1.95979	-3.7633	0.305375	-1.95979	-3.7633	0
-0.923609	-3.80013	0.294772	-0.923609	-3.80013	0
0.0937987	-2.76893	0.33577	0.0937987	-2.76893	0
1.14807	-2.71903	0.334661	1.14807	-2.71903	0
2.15492	-2.77512	0.292729	2.15492	-2.77512	0
3.21958	-2.75258	0.325998	3.21958	-2.75258	0
4.24756	-2.67869	0.294409	4.24756	-2.67869	0
5.29202	-2.70909	0.343908	5.29202	-2.70909	0
6.35282	-2.66055	0.323618	6.35282	-2.66055	0
7.38024	-2.62543	0.307106	7.38024	-2.62543	0
8.3642	-2.66736	0.307295	8.3642	-2.66736	0
9.41472	-2.67948	0.340275	9.41472	-2.67948	0
10.4384	-2.68096	0.318278	10.4384	-2.68096	0
11.4317	-2.67604	0.301891	11.4317	-2.67604	0
-11.2775	-2.65829	0.309503	-11.2775	-2.65829	0
-10.2614	-2.6382	0.332199	-10.2614	-2.6382	0
-9.21148	-2.68774	0.338164	-9.21148	-2.68774	0
-8.21763	-2.68372	0.307385	-8.21763	-2.68372	0
-7.1723	-2.65201	0.303256	-7.1723	-2.65201	0
-6.09366	-2.68727	0.329161	-6.09366	-2.68727	0
-5.06969	-2.72532	0.299567	-5.06969	-2.72532	0
-4.02606	-2.68433	0.320374	-4.02606	-2.68433	0
-2.97434	-2.72675	0.295014	-2.97434	-2.72675	0
-1.91641	-2.78921	0.324105	-1.91641	-2.78921	0
-0.92773	-2.77684	0.317439	-0.92773	-2.77684	0
0.0619899	-1.78507	0.298325	0.0619899	-1.78507	0
1.10633	-1.68681	0.305192	1.10633	-1.68681	0
2.22023	-1.76344	0.317181	2.22023	-1.76344	0
3.19323	-1.67409	0.293135	3.19323	-1.67409	0
4.23606	-1.63813	0.329324	4.23606	-1.63813	0
5.29168	-1.70034	0.319735	5.29168	-1.70034	0
6.29043	-1.62383	0.309937	6.29043	-1.62383	0
7.30956	-1.62153	0.309634	7.30956	-1.62153	0
8.36309	-1.66114	0.294378	8.36309	-1.66114	0
9.39167	-1.63099	0.28372	9.39167	-1.63099	0
10.435	-1.65894	0.324458	10.435	-1.65894	0
11.4516	-1.58551	0.322272	11.4516	-1.58551	0
-11.3228	-1.59301	0.302195	-11.3228	-1.59301	0
-10.2538	-1.65942	0.305027	-10.2538	-1.65942	0
-9.17035	-1.65062	0.331744	-9.17035	-1.65062	0
-8.17045	-1.65422	0.320889	-8.17045	-1.65422	0
-7.14233	-1.61376	0.34164	-7.14233	-1.61376	0
-6.0525	-1.65693	0.318638	-6.0525	-1.65693	0
-5.04524	-1.73205	0.312198	-5.04524	-1.73205	0
-4.08731	-1.67701	0.301968	-4.08731	-1.67701	0
-3.06546	-1.6447	0.333592	-3.06546	-1.6447	0
-1.94536	-1.70889	0.304379	-1.94536	-1.70889	0
-0.982734	-1.7265	0.316611	-0.982734	-1.7265	0
0.0714093	-0.697912	0.313593	0.0714093	-0.697912	0
1.16728	-0.712878	0.3131	1.16728	-0.712878	0
2.18922	-0.745896	0.337385	2.18922	-0.745896	0
3.21747	-0.635307	0.306474	3.21747	-0.635307	0
4.25145	-0.646148	0.30737	4.25145	-0.646148	0
5.26393	-0.657659	0.300326	5.26393	-0.657659	0
6.31496	-0.57545	0.325652	6.31496	-0.57545	0
7.35271	-0.553944	0.316425	7.35271	-0.553944	0
8.36376	-0.613804	0.322221	8.36376	-0.613804	0
9.40586	-0.606962	0.333511	9.40586	-0.606962	0
10.4757	-0.609452	0.330743	10.4757	-0.609452	0
11.4624	-0.598792	0.318636	11.4624	-0.598792	0
-11.2189	-0.582288	0.310092	-11.2189	-0.582288	0
-10.2282	-0.616965	0.333239	-10.2282	-0.616965	0
-9.16533	-0.668589	0.327843	-9.16533	-0.668589	0
-8.16332	-0.576307	0.308489	-8.16332	-0.576307	0
-7.09113	-0.590218	0.30487	-7.09113	-0.590218	0
-6.0965	-0.671733	0.288993	-6.0965	-0.671733	0
-5.05804	-0.646887	0.313916	-5.05804	-0.646887	0
-4.05016	-0.674231	0.333626	-4.05016	-0.674231	0
-3.03355	-0.639682	0.318329	-3.03355	-0.639682	0
-2.05301	-0.647527	0.315496	-2.05301	-0.647527	0
-0.961737	-0.631372	0.324497	-0.961737	-0.631372	0
