-0.464053	-0.358891	-0.325546	-0.464053	-0.358891	0
0.664446	-0.338178	-0.329314	0.664446	-0.338178	0
1.67505	-0.406165	-0.319049	1.67505	-0.406165	0
2.69695	-0.338836	-0.309363	2.69695	-0.338836	0
3.70374	-0.379275	-0.318832	3.70374	-0.379275	0
4.72954	-0.363642	-0.352768	4.72954	-0.363642	0
5.74536	-0.366089	-0.305323	5.74536	-0.366089	0
6.79706	-0.297478	-0.329573	6.79706	-0.297478	0
7.8717	-0.307359	-0.323589	7.8717	-0.307359	0
8.97974	-0.399549	-0.332546	8.97974	-0.399549	0
9.96397	-0.357443	-0.323281	9.96397	-0.357443	0
10.946	-0.373199	-0.311009	10.946	-0.373199	0
-11.7922	-0.342233	-0.325231	-11.7922	-0.342233	0
-10.7523	-0.326169	-0.321158	-10.7523	-0.326169	0
-9.71076	-0.306767	-0.329309	-9.71076	-0.306767	0
-8.71579	-0.410186	-0.343612	-8.71579	-0.410186	0
-7.71383	-0.417052	-0.307109	-7.71383	-0.417052	0
-6.63608	-0.379818	-0.330671	-6.63608	-0.379818	0
-5.58791	-0.428331	-0.323202	-5.58791	-0.428331	0
-4.57518	-0.372272	-0.311201	-4.57518	-0.372272	0
-3.5184	-0.378322	-0.291902	-3.5184	-0.378322	0
-2.50697	-0.430857	-0.300753	-2.50697	-0.430857	0
-1.5218	-0.39914	-0.338304	-1.5218	-0.39914	0
-0.431559	0.637327	-0.309795	-0.431559	0.637327	0
0.61461	0.692641	-0.341059	0.61461	0.692641	0
1.72841	0.689863	-0.297343	1.72841	0.689863	0
2.72875	0.667884	-0.329488	2.72875	0.667884	0
3.74494	0.626786	-0.312276	3.74494	0.626786	0
4.70599	0.67479	-0.324839	4.70599	0.67479	0
5.69053	0.679378	-0.357015	5.69053	0.679378	0
6.80004	0.674965	-0.301153	6.80004	0.674965	0
7.86187	0.67453	-0.336135	7.86187	0.67453	0
8.89314	0.650087	-0.313792	8.89314	0.650087	0
9.90146	0.677071	-0.332367	9.90146	0.677071	0
10.9218	0.638732	-0.335064	10.9218	0.638732	0
-11.7803	0.688046	-0.307143	-11.7803	0.688046	0
-10.8224	0.697758	-0.30238	-10.8224	0.697758	0
-9.74498	0.767286	-0.329363	-9.74498	0.767286	0
-8.75136	0.633228	-0.323839	-8.75136	0.633228	0
-7.6622	0.606554	-0.315521	-7.6622	0.606554	0
-6.72195	0.638185	-0.326091	-6.72195	0.638185	0
-5.70406	0.682616	-0.29211	-5.70406	0.682616	0
-4.59803	0.648945	-0.296539	-4.59803	0.648945	0
-3.54401	0.662043	-0.335412	-3.54401	0.662043	0
-2.54573	0.636751	-0.335831	-2.54573	0.636751	0
-1.45024	0.637555	-0.310691	-1.45024	0.637555	0
-0.42904	1.66508	-0.330397	-0.42904	1.66508	0
0.625262	1.65361	-0.312287	0.625262	1.65361	0
1.64352	1.68833	-0.328772	1.64352	1.68833	0
2.70582	1.67643	-0.31574	2.70582	1.67643	0
3.71547	1.66208	-0.318544	3.71547	1.66208	0
4.75166	1.73479	-0.319948	4.75166	1.73479	0
5.70595	1.70722	-0.351776	5.70595	1.70722	0
6.76694	1.73264	-0.281325	6.76694	1.73264	0
7.90843	1.69097	-0.323506	7.90843	1.69097	0
8.89586	1.71468	-0.296569	8.89586	1.71468	0
9.86204	1.73834	-0.316323	9.86204	1.73834	0
10.8973	1.63072	-0.319961	10.8973	1.63072	0
-11.8374	1.68992	-0.306997	-11.8374	1.68992	0
-10.7994	1.73124	-0.32341	-10.7994	1.73124	0
-9.77308	1.74308	-0.298808	-9.77308	1.74308	0
-8.7479	1.72507	-0.2977	-8.7479	1.72507	0
-7.69648	1.58655	-0.310453	-7.69648	1.58655	0
-6.69001	1.64119	-0.337493	-6.69001	1.64119	0
-5.6327	1.65082	-0.326065	-5.6327	1.65082	0
-4.60617	1.71096	-0.307864	-4.60617	1.71096	0
-3.57657	1.72951	-0.287255	-3.57657	1.72951	0
-2.54884	1.71827	-0.31408	-2.54884	1.71827	0
-1.48315	1.65557	-0.309468	-1.48315	1.65557	0
-0.465899	2.67461	-0.310491	-0.465899	2.67461	0
0.599085	2.67637	-0.29852	0.599085	2.67637	0
1.63328	2.74476	-0.32022	1.63328	2.74476	0
2.68445	2.74823	-0.325089	2.68445	2.74823	0
3.73737	2.78234	-0.310732	3.73737	2.78234	0
4.77963	2.73276	-0.339645	4.77963	2.73276	0
5.75553	2.74257	-0.338582	5.75553	2.74257	0
6.81916	2.74553	-0.337695	6.81916	2.74553	0
7.79519	2.70094	-0.333282	7.79519	2.70094	0
8.84927	2.79026	-0.312157	8.84927	2.79026	0
9.89884	2.77352	-0.318161	9.89884	2.77352	0
10.9164	2.75938	-0.288314	10.9164	2.75938	0
-11.8428	2.76259	-0.301033	-11.8428	2.76259	0
-10.7715	2.73776	-0.317367	-10.7715	2.73776	0
-9.73471	2.772	-0.321654	-9.73471	2.772	0
-8.75302	2.74124	-0.289368	-8.75302	2.74124	0
-7.76615	2.67232	-0.305713	-7.76615	2.67232	0
-6.72682	2.65952	-0.326268	-6.72682	2.65952	0
-5.69041	2.71622	-0.298323	-5.69041	2.71622	0
-4.61406	2.73995	-0.331481	-4.61406	2.73995	0
-3.59105	2.74436	-0.345582	-3.59105	2.74436	0
-2.55113	2.73404	-0.318946	-2.55113	2.73404	0
-1.4782	2.69776	-0.324125	-1.4782	2.69776	0
-0.402163	3.72281	-0.325593	-0.402163	3.72281	0
0.643949	3.74447	-0.321222	0.643949	3.74447	0
1.62705	3.7118	-0.333278	1.62705	3.7118	0
2.67329	3.79624	-0.327964	2.67329	3.79624	0
3.71728	3.78724	-0.315609	3.71728	3.78724	0
4.7704	3.82043	-0.317306	4.7704	3.82043	0
5.79531	3.73549	-0.300857	5.79531	3.73549	0
6.82792	3.7131	-0.321604	6.82792	3.7131	0
7.87563	3.78362	-0.329758	7.87563	3.78362	0
8.93417	3.81327	-0.289618	8.93417	3.81327	0
9.86759	3.86881	-0.332833	9.86759	3.86881	0
10.8995	3.83106	-0.326434	10.8995	3.83106	0
-11.8333	3.8049	-0.310382	-11.8333	3.8049	0
-10.8234	3.77588	-0.300086	-10.8234	3.77588	0
-9.76393	3.79689	-0.329031	-9.76393	3.79689	0
-8.6971	3.80883	-0.306971	-8.6971	3.80883	0
-7.69147	3.76305	-0.30785	-7.69147	3.76305	0
-6.63193	3.74873	-0.319808	-6.63193	3.74873	0
-5.62067	3.77858	-0.303456	-5.62067	3.77858	0
-4.59541	3.75795	-0.341002	-4.59541	3.75795	0
-3.56099	3.7923	-0.316287	-3.56099	3.7923	0
-2.52549	3.73968	-0.326475	-2.52549	3.73968	0
-1.48299	3.72034	-0.305331	-1.48299	3.72034	0
-0.433737	4.74915	-0.305522	-0.433737	4.74915	0
0.575154	4.72372	-0.295362	0.575154	4.72372	0
1.66616	4.7492	-0.313792	1.66616	4.7492	0
2.67157	4.79098	-0.289448	2.67157	4.79098	0
3.69854	4.84485	-0.324204	3.69854	4.84485	0
4.70231	4.86603	-0.294583	4.70231	4.86603	0
5.78944	4.83107	-0.339932	5.78944	4.83107	0
6.77377	4.72647	-0.341534	6.77377	4.72647	0
7.85568	4.77451	-0.328447	7.85568	4.77451	0
8.8558	4.85359	-0.342298	8.8558	4.85359	0
9.85737	4.88178	-0.301441	9.85737	4.88178	0
10.8508	4.92574	-0.288843	10.8508	4.92574	0
-11.9119	4.79377	-0.351831	11.8742	4.79377	0
-10.7783	4.7884	-0.306994	-10.7783	4.7884	0
-9.73633	4.86423	-0.297828	-9.73633	4.86423	0
-8.71594	4.84878	-0.334327	-8.71594	4.84878	0
-7.72743	4.82183	-0.306317	-7.72743	4.82183	0
-6.73446	4.78791	-0.350407	-6.73446	4.78791	0
-5.64282	4.80941	-0.317738	-5.64282	4.80941	0
-4.63929	4.84552	-0.325043	-4.63929	4.84552	0
-3.60562	4.82099	-0.310081	-3.60562	4.82099	0
-2.5033	4.76011	-0.340903	-2.5033	4.76011	0
-1.38285	4.72628	-0.312474	-1.38285	4.72628	0
-0.454045	5.72344	-0.307856	-0.454045	5.72344	0
0.549349	5.79272	-0.306255	0.549349	5.79272	0
1.61479	5.7527	-0.314305	1.61479	5.7527	0
2.66152	5.83354	-0.31306	2.66152	5.83354	0
3.71448	5.8587	-0.305714	3.71448	5.8587	0
4.72308	5.87399	-0.324873	4.72308	5.87399	0
5.76771	5.89675	-0.315064	5.76771	5.89675	0
6.81524	5.82086	-0.308416	6.81524	5.82086	0
7.84897	5.81726	-0.307103	7.84897	5.81726	0
8.88638	5.92723	-0.313559	8.88638	5.92723	0
9.85523	5.8846	-0.322632	9.85523	5.8846	0
11.0018	5.93195	-0.323405	11.0018	5.93195	0
-11.8425	5.83829	-0.291107	-11.8425	5.83829	0
-10.8339	5.87004	-0.317338	-10.8339	5.87004	0
-9.767	5.86531	-0.320464	-9.767	5.86531	0
-8.7079	5.89631	-0.309134	-8.7079	5.89631	0
-7.66493	5.85927	-0.316029	-7.66493	5.85927	0
-6.62391	5.83387	-0.31116	-6.62391	5.83387	0
-5.64316	5.81501	-0.316533	-5.64316	5.81501	0
-4.57998	5.88295	-0.286901	-4.57998	5.88295	0
-3.56747	5.8428	-0.315144	-3.56747	5.8428	0
-2.4942	5.84592	-0.30784	-2.4942	5.84592	0
-1.5491	5.71696	-0.301219	-1.5491	5.71696	0
-0.53103	6.79685	-0.300953	-0.53103	6.79685	0
0.539533	6.85956	-0.331912	0.539533	6.85956	0
1.59451	6.80624	-0.318846	1.59451	6.80624	0
2.62129	6.78795	-0.294951	2.62129	6.78795	0
3.62455	6.87336	-0.310364	3.62455	6.87336	0
4.76427	6.88454	-0.299952	4.76427	6.88454	0
5.81143	6.88392	-0.27572	5.81143	6.88392	0
6.81704	6.91589	-0.33246	6.81704	6.91589	0
7.84431	6.91312	-0.32573	7.84431	6.91312	0
8.89861	6.9443	-0.330815	8.89861	6.9443	0
9.93435	6.91616	-0.330662	9.93435	6.91616	0
10.9646	6.93625	-0.310815	10.9646	6.93625	0
-11.8156	6.89877	-0.320977	-11.8156	6.89877	0
-10.8028	6.90395	-0.288328	-10.8028	6.90395	0
-9.72784	6.89875	-0.325978	-9.72784	6.89875	0
-8.70026	6.92518	-0.312732	-8.70026	6.92518	0
-7.67943	6.89498	-0.284895	-7.67943	6.89498	0
-6.61629	6.9233	-0.323059	-6.61629	6.9233	0
-5.61862	6.89769	-0.320784	-5.61862	6.89769	0
-4.57679	6.90414	-0.306933	-4.57679	6.90414	0
-3.54781	6.91852	-0.361365	-3.54781	6.91852	0
-2.49047	6.89758	-0.30726	-2.49047	6.89758	0
-1.54094	6.85489	-0.314468	-1.54094	6.85489	0
-0.510853	7.84484	-0.305543	-0.510853	7.84484	0
0.561279	7.8836	-0.304112	0.561279	7.8836	0
1.61622	7.84886	-0.3293	1.61622	7.84886	0
2.63686	7.82884	-0.330389	2.63686	7.82884	0
3.71392	7.86548	-0.331671	3.71392	7.86548	0
4.75239	7.9091	-0.326176	4.75239	7.9091	0
5.80929	7.96155	-0.327955	5.80929	7.96155	0
6.86636	7.97763	-0.307536	6.86636	7.97763	0
7.84899	7.91753	-0.325001	7.84899	7.91753	0
8.88711	7.99015	-0.304517	8.88711	7.99015	0
9.97985	7.98149	-0.34526	9.97985	7.98149	0
10.9569	7.97526	-0.329825	10.9569	7.97526	0
-11.7841	7.93796	-0.348192	-11.7841	7.93796	0
-10.7745	7.95516	-0.322761	-10.7745	7.95516	0
-9.77421	7.93341	-0.314535	-9.77421	7.93341	0
-8.69776	7.91446	-0.318561	-8.69776	7.91446	0
-7.69209	7.9716	-0.286821	-7.69209	7.9716	0
-6.64617	7.95783	-0.318671	-6.64617	7.95783	0
-5.66351	7.93344	-0.320416	-5.66351	7.93344	0
-4.59551	7.92727	-0.315042	-4.59551	7.92727	0
-3.55661	7.96283	-0.319768	-3.55661	7.96283	0
-2.53823	7.93886	-0.299191	-2.53823	7.93886	0
-1.55714	7.85747	-0.320424	-1.55714	7.85747	0
-0.467384	8.91913	-0.320453	-0.467384	8.91913	0
0.624578	8.87435	-0.336286	0.624578	8.87435	0
1.60562	8.88529	-0.340651	1.60562	8.88529	0
2.64367	8.84774	-0.331924	2.64367	8.84774	0
3.69651	8.88779	-0.327811	3.69651	8.88779	0
4.77801	8.91753	-0.316474	4.77801	8.91753	0
5.83482	9.00381	-0.324255	5.83482	9.00381	0
6.847	9.0303	-0.346419	6.847	9.0303	0
7.87856	9.0002	-0.319659	7.87856	9.0002	0
8.9115	8.99443	-0.311294	8.9115	8.99443	0
9.92294	9.01786	-0.351085	9.92294	9.01786	0
10.9871	8.97886	-0.32887	10.9871	8.97886	0
-11.8121	8.94965	-0.319552	-11.8121	8.94965	0
-10.7855	9.00081	-0.2999	-10.7855	9.00081	0
-9.75557	8.99117	-0.320979	-9.75557	8.99117	0
-8.66807	8.94249	-0.29901	-8.66807	8.94249	0
-7.63936	8.99042	-0.323724	-7.63936	8.99042	0
-6.59833	8.91231	-0.308138	-6.59833	8.91231	0
-5.58301	8.98576	-0.338193	-5.58301	8.98576	0
-4.59678	9.05915	-0.322432	-4.59678	9.05915	0
-3.58739	8.95206	-0.319784	-3.58739	8.95206	0
-2.49396	8.97172	-0.301945	-2.49396	8.97172	0
-1.48582	8.9196	-0.315337	-1.48582	8.9196	0
-0.389248	9.90954	-0.307319	-0.389248	9.90954	0
0.634787	9.89975	-0.306263	0.634787	9.89975	0
1.6199	9.90202	-0.29862	1.6199	9.90202	0
2.70594	9.92225	-0.312337	2.70594	9.92225	0
3.74251	9.92103	-0.299305	3.74251	9.92103	0
4.73856	9.98465	-0.327038	4.73856	9.98465	0
5.80421	10.0094	-0.308564	5.80421	10.0094	0
6.84404	10.0272	-0.326195	6.84404	10.0272	0
7.89773	10.0336	-0.300862	7.89773	10.0336	0
8.90166	10.0225	-0.339954	8.90166	10.0225	0
9.9512	10.0593	-0.288975	9.9512	10.0593	0
10.9966	10.0409	-0.318245	10.9966	10.0409	0
-11.8071	9.99812	-0.28745	-11.8071	9.99812	0
-10.801	10.0669	-0.328435	-10.801	10.0669	0
-9.74173	10.0299	-0.299642	-9.74173	10.0299	0
-8.70849	9.95691	-0.321653	-8.70849	9.95691	0
-7.66897	10.0119	-0.344088	-7.66897	10.0119	0
-6.61324	9.9878	-0.310348	-6.61324	9.9878	0
-5.61007	10.0216	-0.32631	-5.61007	10.0216	0
-4.49825	10.033	-0.35224	-4.49825	10.033	0
-3.51672	9.96112	-0.334123	-3.51672	9.96112	0
-2.55862	9.97971	-0.313034	-2.55862	9.97971	0
-1.44234	9.9979	-0.324601	-1.44234	9.9979	0
-0.441356	11.0038	-0.323173	-0.441356	11.0038	0
0.618173	10.9571	-0.305713	0.618173	10.9571	0
1.65934	10.982	-0.31714	1.65934	10.982	0
2.64501	11.0002	-0.296612	2.64501	11.0002	0
3.71375	11.0385	-0.311776	3.71375	11.0385	0
4.72876	11.039	-0.335541	4.72876	11.039	0
5.79044	11.043	-0.339345	5.79044	11.043	0
6.76132	11.0363	-0.325857	6.76132	11.0363	0
7.84051	11.0754	-0.310228	7.84051	11.0754	0
8.84441	11.0249	-0.308172	8.84441	11.0249	0
9.92182	11.0465	-0.335994	9.92182	11.0465	0
10.9321	11.0667	-0.327893	10.9321	11.0667	0
-11.8005	11.0248	-0.337442	-11.8005	11.0248	0
-10.7726	11.0817	-0.301067	-10.7726	11.0817	0
-9.71307	11.0597	-0.319389	-9.71307	11.0597	0
-8.69385	10.9856	-0.311316	-8.69385	10.9856	0
-7.67681	11.0309	-0.317249	-7.67681	11.0309	0
-6.62081	11.0312	-0.313131	-6.62081	11.0312	0
-5.66571	11.0095	-0.328435	-5.66571	11.0095	0
-4.61733	11.0416	-0.340254	-4.61733	11.0416	0
-3.54659	11.0483	-0.329123	-3.54659	11.0483	0
-2.52641	11.0449	-0.308642	-2.52641	11.0449	0
-1.4521	11.0205	-0.330763	-1.4521	11.0205	0
-0.462909	-11.7766	-0.317905	-0.462909	-11.7766	0
0.570964	-11.7826	-0.299089	0.570964	-11.7826	0
1.61891	-11.8098	-0.330863	1.61891	-11.8098	0
2.63549	-11.7476	-0.328425	2.63549	-11.7476	0
3.65496	-11.7261	-0.33483	3.65496	-11.7261	0
4.6436	-11.7365	-0.31112	4.6436	-11.7365	0
5.71003	-11.7425	-0.317869	5.71003	-11.7425	0
6.7309	-11.734	-0.297383	6.7309	-11.734	0
7.75825	-11.7479	-0.314038	7.75825	-11.7479	0
8.81667	-11.7587	-0.324894	8.81667	-11.7587	0
9.93173	-11.7012	-0.293383	9.93173	-11.7012	0
10.9714	-11.7156	-0.309704	10.9714	-11.7156	0
-11.7731	-11.7207	-0.309051	-11.7731	-11.7207	0
-10.7275	-11.6943	-0.30162	-10.7275	-11.6943	0
-9.72795	-11.7062	-0.306931	-9.72795	-11.7062	0
-8.67022	-11.7449	-0.317658	-8.67022	-11.7449	0
-7.64511	-11.7289	-0.314839	-7.64511	-11.7289	0
-6.63023	-11.7664	-0.31199	-6.63023	-11.7664	0
-5.52044	-11.6768	-0.314618	-5.52044	-11.6768	0
-4.55496	-11.7309	-0.314417	-4.55496	-11.7309	0
-3.51813	-11.7365	-0.316749	-3.51813	-11.7365	0
-2.47781	-11.7339	-0.320538	-2.47781	-11.7339	0
-1.44196	-11.7581	-0.317074	-1.44196	-11.7581	0
-0.43691	-10.7479	-0.335194	-0.43691	-10.7479	0
0.640014	-10.7634	-0.335514	0.640014	-10.7634	0
1.65235	-10.7357	-0.301213	1.65235	-10.7357	0
2.65622	-10.7058	-0.33358	2.65622	-10.7058	0
3.71112	-10.6617	-0.320867	3.71112	-10.6617	0
4.70974	-10.7002	-0.316587	4.70974	-10.7002	0
5.77532	-10.6831	-0.299571	5.77532	-10.6831	0
6.78134	-10.7691	-0.318022	6.78134	-10.7691	0
7.82291	-10.7936	-0.307162	7.82291	-10.7936	0
8.87716	-10.7534	-0.331684	8.87716	-10.7534	0
9.86814	-10.6688	-0.290127	9.86814	-10.6688	0
10.8904	-10.7137	-0.31376	10.8904	-10.7137	0
-11.8327	-10.6641	-0.267444	-11.8327	-10.6641	0
-10.7514	-10.6427	-0.330372	-10.7514	-10.6427	0
-9.73329	-10.6673	-0.306711	-9.73329	-10.6673	0
-8.69935	-10.7217	-0.308394	-8.69935	-10.7217	0
-7.69816	-10.7274	-0.321233	-7.69816	-10.7274	0
-6.69609	-10.7035	-0.330935	-6.69609	-10.7035	0
-5.59555	-10.6993	-0.338814	-5.59555	-10.6993	0
-4.53308	-10.7051	-0.305138	-4.53308	-10.7051	0
-3.51151	-10.7267	-0.32971	-3.51151	-10.7267	0
-2.50663	-10.7023	-0.299952	-2.50663	-10.7023	0
-1.50302	-10.754	-0.334611	-1.50302	-10.754	0
-0.417805	-9.65718	-0.31354	-0.417805	-9.65718	0
0.630951	-9.77125	-0.328404	0.630951	-9.77125	0
1.66466	-9.69099	-0.308805	1.66466	-9.69099	0
2.66802	-9.69023	-0.319588	2.66802	-9.69023	0
3.7047	-9.66312	-0.315471	3.7047	-9.66312	0
4.75205	-9.634	-0.326845	4.75205	-9.634	0
5.79861	-9.6382	-0.305786	5.79861	-9.6382	0
6.80864	-9.65606	-0.315497	6.80864	-9.65606	0
7.78147	-9.69838	-0.313026	7.78147	-9.69838	0
8.85129	-9.68942	-0.360318	8.85129	-9.68942	0
9.88763	-9.65097	-0.299851	9.88763	-9.65097	0
10.8852	-9.65524	-0.318561	10.8852	-9.65524	0
-11.8704	-9.66293	-0.306584	-11.8704	-9.66293	0
-10.7925	-9.60597	-0.306109	-10.7925	-9.60597	0
-9.71529	-9.66854	-0.300523	-9.71529	-9.66854	0
-8.71756	-9.70629	-0.317438	-8.71756	-9.70629	0
-7.70083	-9.70304	-0.308447	-7.70083	-9.70304	0
-6.61341	-9.6706	-0.317904	-6.61341	-9.6706	0
-5.6245	-9.63079	-0.337643	-5.6245	-9.63079	0
-4.52777	-9.66978	-0.326389	-4.52777	-9.66978	0
-3.48722	-9.68872	-0.32281	-3.48722	-9.68872	0
-2.48643	-9.72034	-0.317031	-2.48643	-9.72034	0
-1.43786	-9.68988	-0.311925	-1.43786	-9.68988	0
-0.441262	-8.61944	-0.322172	-0.441262	-8.61944	0
0.613668	-8.6662	-0.336201	0.613668	-8.6662	0
1.64295	-8.64352	-0.286682	1.64295	-8.64352	0
2.67233	-8.67094	-0.311529	2.67233	-8.67094	0
3.72828	-8.61952	-0.347652	3.72828	-8.61952	0
4.75481	-8.61793	-0.320939	4.75481	-8.61793	0
5.81779	-8.61691	-0.306933	5.81779	-8.61691	0
6.83512	-8.59603	-0.325279	6.83512	-8.59603	0
7.87445	-8.64662	-0.329776	7.87445	-8.64662	0
8.90117	-8.62969	-0.298673	8.90117	-8.62969	0
9.93011	-8.59204	-0.297382	9.93011	-8.59204	0
10.949	-8.58369	-0.323882	10.949	-8.58369	0
-11.726	-8.5556	-0.354483	-11.726	-8.5556	0
-10.7204	-8.59624	-0.307032	-10.7204	-8.59624	0
-9.63681	-8.58373	-0.314023	-9.63681	-8.58373	0
-8.6796	-8.61053	-0.316262	-8.6796	-8.61053	0
-7.64549	-8.63674	-0.321603	-7.64549	-8.63674	0
-6.56178	-8.62147	-0.316497	-6.56178	-8.62147	0
-5.56303	-8.65162	-0.3125	-5.56303	-8.65162	0
-4.59024	-8.6048	-0.338781	-4.59024	-8.6048	0
-3.52178	-8.70758	-0.334817	-3.52178	-8.70758	0
-2.49865	-8.71477	-0.336668	-2.49865	-8.71477	0
-1.46268	-8.68258	-0.317305	-1.46268	-8.68258	0
-0.432223	-7.59518	-0.321732	-0.432223	-7.59518	0
0.593555	-7.57111	-0.327768	0.593555	-7.57111	0
1.67532	-7.56568	-0.3207	1.67532	-7.56568	0
2.76487	-7.65568	-0.325917	2.76487	-7.65568	0
3.74757	-7.5995	-0.30603	3.74757	-7.5995	0
4.72163	-7.64875	-0.305512	4.72163	-7.64875	0
5.77467	-7.65082	-0.306555	5.77467	-7.65082	0
6.80657	-7.59457	-0.316408	6.80657	-7.59457	0
7.80748	-7.59771	-0.315343	7.80748	-7.59771	0
8.88481	-7.61925	-0.310188	8.88481	-7.61925	0
9.89068	-7.60227	-0.324437	9.89068	-7.60227	0
10.9415	-7.60648	-0.328275	10.9415	-7.60648	0
-11.7214	-7.47542	-0.297054	-11.7214	-7.47542	0
-10.6388	-7.56022	-0.319281	-10.6388	-7.56022	0
-9.69817	-7.56947	-0.344492	-9.69817	-7.56947	0
-8.70179	-7.52849	-0.326759	-8.70179	-7.52849	0
-7.65397	-7.62842	-0.335968	-7.65397	-7.62842	0
-6.5944	-7.65119	-0.313627	-6.5944	-7.65119	0
-5.56214	-7.61043	-0.321588	-5.56214	-7.61043	0
-4.50152	-7.5655	-0.310845	-4.50152	-7.5655	0
-3.54711	-7.66237	-0.305866	-3.54711	-7.66237	0
-2.48041	-7.6034	-0.307349	-2.48041	-7.6034	0
-1.48635	-7.65916	-0.299436	-1.48635	-7.65916	0
-0.459631	-6.58015	-0.294682	-0.459631	-6.58015	0
0.608978	-6.56366	-0.320603	0.608978	-6.56366	0
1.66361	-6.59451	-0.319739	1.66361	-6.59451	0
2.67299	-6.58705	-0.320376	2.67299	-6.58705	0
3.73111	-6.54892	-0.328028	3.73111	-6.54892	0
4.7258	-6.60036	-0.325251	4.7258	-6.60036	0
5.7211	-6.58332	-0.307907	5.7211	-6.58332	0
6.83329	-6.61621	-0.311904	6.83329	-6.61621	0
7.88904	-6.61305	-0.287371	7.88904	-6.61305	0
8.89774	-6.61391	-0.333777	8.89774	-6.61391	0
9.93104	-6.59244	-0.32588	9.93104	-6.59244	0
10.9835	-6.55826	-0.306767	10.9835	-6.55826	0
-11.7563	-6.50019	-0.323753	-11.7563	-6.50019	0
-10.7162	-6.55047	-0.326509	-10.7162	-6.55047	0
-9.67084	-6.54436	-0.309026	-9.67084	-6.54436	0
-8.65293	-6.52147	-0.314875	-8.65293	-6.52147	0
-7.61047	-6.59704	-0.337215	-7.61047	-6.59704	0
-6.6178	-6.60117	-0.293739	-6.6178	-6.60117	0
-5.59741	-6.60575	-0.308002	-5.59741	-6.60575	0
-4.57951	-6.56627	-0.334206	-4.57951	-6.56627	0
-3.46874	-6.61973	-0.29084	-3.46874	-6.61973	0
-2.4838	-6.58586	-0.319499	-2.4838	-6.58586	0
-1.48232	-6.57861	-0.315548	-1.48232	-6.57861	0
-0.444174	-5.53476	-0.326655	-0.444174	-5.53476	0
0.59358	-5.52248	-0.300091	0.59358	-5.52248	0
1.6374	-5.52154	-0.272211	1.6374	-5.52154	0
2.70176	-5.51166	-0.306069	2.70176	-5.51166	0
3.70986	-5.5229	-0.331264	3.70986	-5.5229	0
4.82125	-5.57387	-0.297353	4.82125	-5.57387	0
5.77657	-5.52484	-0.317396	5.77657	-5.52484	0
6.79406	-5.55404	-0.336623	6.79406	-5.55404	0
7.84453	-5.56612	-0.320754	7.84453	-5.56612	0
8.88004	-5.55943	-0.339603	8.88004	-5.55943	0
9.91651	-5.54679	-0.311658	9.91651	-5.54679	0
11	-5.52806	-0.320619	11	-5.52806	0
-11.8107	-5.56086	-0.300316	-11.8107	-5.56086	0
-10.8327	-5.5136	-0.32914	-10.8327	-5.5136	0
-9.74159	-5.50036	-0.294233	-9.74159	-5.50036	0
-8.71689	-5.51224	-0.300689	-8.71689	-5.51224	0
-7.69868	-5.55278	-0.332855	-7.69868	-5.55278	0
-6.60198	-5.52302	-0.327347	-6.60198	-5.52302	0
-5.55345	-5.51603	-0.316688	-5.55345	-5.51603	0
-4.58833	-5.53966	-0.329934	-4.58833	-5.53966	0
-3.44991	-5.56003	-0.334342	-3.44991	-5.56003	0
-2.47273	-5.52227	-0.299749	-2.47273	-5.52227	0
-1.4809	-5.52907	-0.336011	-1.4809	-5.52907	0
-0.41953	-4.52842	-0.315185	-0.41953	-4.52842	0
0.623274	-4.48923	-0.300694	0.623274	-4.48923	0
1.71523	-4.48287	-0.31415	1.71523	-4.48287	0
2.70857	-4.4977	-0.323841	2.70857	-4.4977	0
3.76172	-4.52187	-0.301394	3.76172	-4.52187	0
4.77518	-4.56269	-0.309828	4.77518	-4.56269	0
5.76203	-4.5146	-0.333683	5.76203	-4.5146	0
6.84965	-4.49311	-0.321526	6.84965	-4.49311	0
7.83079	-4.54947	-0.334473	7.83079	-4.54947	0
8.89398	-4.53553	-0.338688	8.89398	-4.53553	0
9.96912	-4.57918	-0.316717	9.96912	-4.57918	0
10.99	-4.47407	-0.334218	10.99	-4.47407	0
-11.8338	-4.53553	-0.320984	-11.8338	-4.53553	0
-10.7879	-4.43754	-0.296103	-10.7879	-4.43754	0
-9.73963	-4.44501	-0.337059	-9.73963	-4.44501	0
-8.66085	-4.5083	-0.303853	-8.66085	-4.5083	0
-7.66422	-4.46536	-0.318101	-7.66422	-4.46536	0
-6.57489	-4.51735	-0.322526	-6.57489	-4.51735	0
-5.5632	-4.46846	-0.335613	-5.5632	-4.46846	0
-4.5364	-4.50751	-0.345295	-4.5364	-4.50751	0
-3.48155	-4.55836	-0.308836	-3.48155	-4.55836	0
-2.49788	-4.53308	-0.33704	-2.49788	-4.53308	0
-1.47596	-4.49371	-0.334809	-1.47596	-4.49371	0
-0.393956	-3.44241	-0.316	-0.393956	-3.44241	0
0.647114	-3.41671	-0.332006	0.647114	-3.41671	0
1.66163	-3.47033	-0.344626	1.66163	-3.47033	0
2.69158	-3.45048	-0.308398	2.69158	-3.45048	0
3.7355	-3.49917	-0.308583	3.7355	-3.49917	0
4.76888	-3.49969	-0.307905	4.76888	-3.49969	0
5.82117	-3.45297	-0.30695	5.82117	-3.45297	0
6.81343	-3.49795	-0.350776	6.81343	-3.49795	0
7.81347	-3.51231	-0.336645	7.81347	-3.51231	0
8.8864	-3.50233	-0.285848	8.8864	-3.50233	0
9.94663	-3.5039	-0.336956	9.94663	-3.5039	0
10.9898	-3.43377	-0.304407	10.9898	-3.43377	0
-11.7851	-3.39727	-0.299739	-11.7851	-3.39727	0
-10.7636	-3.46244	-0.296108	-10.7636	-3.46244	0
-9.71101	-3.41837	-0.323649	-9.71101	-3.41837	0
-8.70426	-3.43728	-0.303679	-8.70426	-3.43728	0
-7.68876	-3.48284	-0.328126	-7.68876	-3.48284	0
-6.62842	-3.46857	-0.284335	-6.62842	-3.46857	0
-5.58149	-3.46516	-0.32285	-5.58149	-3.46516	0
-4.50816	-3.47677	-0.318051	-4.50816	-3.47677	0
-3.4565	-3.52198	-0.274318	-3.4565	-3.52198	0
-2.46251	-3.51035	-0.32677	-2.46251	-3.51035	0
-1.4191	-3.47751	-0.327766	-1.4191	-3.47751	0
-0.336358	-2.42753	-0.336217	-0.336358	-2.42753	0
0.601292	-2.39064	-0.329341	0.601292	-2.39064	0
1.66654	-2.42489	-0.317836	1.66654	-2.42489	0
2.69322	-2.4252	-0.317942	2.69322	-2.4252	0
3.76363	-2.48469	-0.313773	3.76363	-2.48469	0
4.80874	-2.43558	-0.324297	4.80874	-2.43558	0
5.80534	-2.42893	-0.316517	5.80534	-2.42893	0
6.80947	-2.43322	-0.302429	6.80947	-2.43322	0
7.80302	-2.46023	-0.308229	7.80302	-2.46023	0
8.9265	-2.47831	-0.321305	8.9265	-2.47831	0
9.92149	-2.4726	-0.337269	9.92149	-2.4726	0
10.9089	-2.42081	-0.338642	10.9089	-2.42081	0
-11.8318	-2.39752	-0.323476	-11.8318	-2.39752	0
-10.7232	-2.35324	-0.335346	-10.7232	-2.35324	0
-9.7207	-2.36556	-0.355576	-9.7207	-2.36556	0
-8.70529	-2.39714	-0.299523	-8.70529	-2.39714	0
-7.65004	-2.40932	-0.332784	-7.65004	-2.40932	0
-6.63153	-2.46896	-0.293423	-6.63153	-2.46896	0
-5.63931	-2.39385	-0.330085	-5.63931	-2.39385	0
-4.59476	-2.42203	-0.3462	-4.59476	-2.42203	0
-3.56138	-2.40786	-0.325728	-3.56138	-2.40786	0
-2.48072	-2.45437	-0.325228	-2.48072	-2.45437	0
-1.45395	-2.48187	-0.330506	-1.45395	-2.48187	0
-0.4013	-1.39227	-0.336468	-0.4013	-1.39227	0
0.603891	-1.3505	-0.320634	0.603891	-1.3505	0
1.65023	-1.41015	-0.336256	1.65023	-1.41015	0
2.69736	-1.42107	-0.330197	2.69736	-1.42107	0
3.7324	-1.37365	-0.30281	3.7324	-1.37365	0
4.7389	-1.40664	-0.333336	4.7389	-1.40664	0
5.78914	-1.38471	-0.327278	5.78914	-1.38471	0
6.8521	-1.33459	-0.337275	6.8521	-1.33459	0
7.86126	-1.40525	-0.317099	7.86126	-1.40525	0
8.93656	-1.38617	-0.3298	8.93656	-1.38617	0
9.97238	-1.33647	-0.316731	9.97238	-1.33647	0
10.9656	-1.42681	-0.274879	10.9656	-1.42681	0
-11.8025	-1.30406	-0.327861	-11.8025	-1.30406	0
-10.7603	-1.33125	-0.316569	-10.7603	-1.33125	0
-9.73595	-1.35129	-0.302893	-9.73595	-1.35129	0
-8.70976	-1.43108	-0.324039	-8.70976	-1.43108	0
-7.67417	-1.40622	-0.312333	-7.67417	-1.40622	0
-6.63179	-1.40874	-0.306909	-6.63179	-1.40874	0
-5.55633	-1.38503	-0.316033	-5.55633	-1.38503	0
-4.56221	-1.41702	-0.313545	-4.56221	-1.41702	0
-3.58264	-1.43566	-0.318127	-3.58264	-1.43566	0
-2.48475	-1.43989	-0.314462	-2.48475	-1.43989	0
-1.40045	-1.45371	-0.322538	-1.40045	-1.45371	0
0.10059	0.127363	0.302203	0.10059	0.127363	0
1.1676	0.146107	0.328467	1.1676	0.146107	0
2.16041	0.1074	0.325619	2.16041	0.1074	0
3.19087	0.158931	0.315172	3.19087	0.158931	0
4.21786	0.121958	0.327751	4.21786	0.121958	0
5.22489	0.173551	0.316186	5.22489	0.173551	0
6.2047	0.167735	0.307806	6.2047	0.167735	0
7.3157	0.216484	0.337775	7.3157	0.216484	0
8.39347	0.15314	0.29277	8.39347	0.15314	0
9.39712	0.170918	0.319282	9.39712	0.170918	0
10.3789	0.127703	0.326035	10.3789	0.127703	0
11.4159	0.15582	0.329169	11.4159	0.15582	0
-11.2845	0.161334	0.313254	-11.2845	0.161334	0
-10.2379	0.228695	0.2878	-10.2379	0.228695	0
-9.23296	0.169345	0.348448	-9.23296	0.169345	0
-8.19795	0.115947	0.318199	-8.19795	0.115947	0
-7.18115	0.0820923	0.293968	-7.18115	0.0820923	0
-6.18224	0.11046	0.314277	-6.18224	0.11046	0
-5.11757	0.138699	0.306589	-5.11757	0.138699	0
-4.07027	0.118246	0.318679	-4.07027	0.118246	0
-3.01724	0.122218	0.328841	-3.01724	0.122218	0
-1.98272	0.121461	0.314383	-1.98272	0.121461	0
-0.950349	0.079232	0.322471	-0.950349	0.079232	0
0.0648047	1.17019	0.328238	0.0648047	1.17019	0
1.14146	1.14293	0.319404	1.14146	1.14293	0
2.17921	1.22606	0.312522	2.17921	1.22606	0
3.20545	1.18066	0.327612	3.20545	1.18066	0
4.19035	1.19135	0.327048	4.19035	1.19135	0
5.19229	1.16665	0.312136	5.19229	1.16665	0
6.27333	1.20107	0.323923	6.27333	1.20107	0
7.33662	1.20776	0.318314	7.33662	1.20776	0
8.4043	1.14438	0.324877	8.4043	1.14438	0
9.42285	1.16708	0.322817	9.42285	1.16708	0
10.3966	1.14145	0.324859	10.3966	1.14145	0
11.3852	1.15309	0.301171	11.3852	1.15309	0
-11.3203	1.18981	0.319566	-11.3203	1.18981	0
-10.2944	1.21568	0.313403	-10.2944	1.21568	0
-9.23386	1.2077	0.330834	-9.23386	1.2077	0
-8.24063	1.14746	0.297796	-8.24063	1.14746	0
-7.20574	1.12384	0.34083	-7.20574	1.12384	0
-6.22598	1.17356	0.343554	-6.22598	1.17356	0
-5.10732	1.14776	0.319065	-5.10732	1.14776	0
-4.07471	1.161	0.326753	-4.07471	1.161	0
-3.02268	1.19659	0.338141	-3.02268	1.19659	0
-2.01178	1.195	0.283612	-2.01178	1.195	0
-0.971103	1.10342	0.31457	-0.971103	1.10342	0
0.0824403	2.18229	0.329685	0.0824403	2.18229	0
1.1122	2.17916	0.333476	1.1122	2.17916	0
2.19593	2.24497	0.330036	2.19593	2.24497	0
3.22006	2.2625	0.307173	3.22006	2.2625	0
4.24273	2.18856	0.298238	4.24273	2.18856	0
5.28796	2.1565	0.33164	5.28796	2.1565	0
6.2741	2.26866	0.294928	6.2741	2.26866	0
7.33196	2.21902	0.324306	7.33196	2.21902	0
8.36558	2.28092	0.309182	8.36558	2.28092	0
9.38122	2.22091	0.312341	9.38122	2.22091	0
10.4173	2.17959	0.340188	10.4173	2.17959	0
11.4306	2.2059	0.320837	11.4306	2.2059	0
-11.3643	2.23561	0.308118	-11.3643	2.23561	0
-10.2775	2.29505	0.340581	-10.2775	2.29505	0
-9.26686	2.28438	0.359356	-9.26686	2.28438	0
-8.21773	2.10358	0.34285	-8.21773	2.10358	0
-7.22872	2.18667	0.306623	-7.22872	2.18667	0
-6.21188	2.13516	0.28956	-6.21188	2.13516	0
-5.1457	2.21062	0.316631	-5.1457	2.21062	0
-4.11771	2.21051	0.321906	-4.11771	2.21051	0
-3.08245	2.27248	0.310956	-3.08245	2.27248	0
-2.04373	2.19329	0.313366	-2.04373	2.19329	0
-0.928243	2.11907	0.314583	-0.928243	2.11907	0
0.0910969	3.22539	0.301506	0.0910969	3.22539	0
1.1201	3.20827	0.329254	1.1201	3.20827	0
2.19722	3.23716	0.307215	2.19722	3.23716	0
3.2351	3.30583	0.318717	3.2351	3.30583	0
4.28696	3.28657	0.300479	4.28696	3.28657	0
5.26836	3.2794	0.311094	5.26836	3.2794	0
6.31337	3.20836	0.313513	6.31337	3.20836	0
7.36122	3.25404	0.303791	7.36122	3.25404	0
8.35678	3.24338	0.332481	8.35678	3.24338	0
9.41575	3.28532	0.324628	9.41575	3.28532	0
10.3925	3.33897	0.288108	10.3925	3.33897	0
11.4096	3.24962	0.306855	11.4096	3.24962	0
-11.3252	3.27393	0.310502	-11.3252	3.27393	0
-10.2723	3.25726	0.326692	-10.2723	3.25726	0
-9.26725	3.31545	0.325422	-9.26725	3.31545	0
-8.1954	3.27221	0.315329	-8.1954	3.27221	0
-7.15506	3.23631	0.292593	-7.15506	3.23631	0
-6.15321	3.18145	0.3113	-6.15321	3.18145	0
-5.12601	3.27222	0.275157	-5.12601	3.27222	0
-4.13926	3.22239	0.321421	-4.13926	3.22239	0
-3.02113	3.30154	0.323069	-3.02113	3.30154	0
-1.98558	3.1977	0.353161	-1.98558	3.1977	0
-0.961769	3.2171	0.29078	-0.961769	3.2171	0
0.118917	4.21078	0.343748	0.118917	4.21078	0
1.10412	4.24941	0.334224	1.10412	4.24941	0
2.1596	4.26716	0.335242	2.1596	4.26716	0
3.20615	4.31303	0.314048	3.20615	4.31303	0
4.24342	4.29083	0.323729	4.24342	4.29083	0
5.27471	4.3245	0.334436	5.27471	4.3245	0
6.24862	4.25908	0.332202	6.24862	4.25908	0
7.32302	4.26021	0.294277	7.32302	4.26021	0
8.36586	4.29466	0.30387	8.36586	4.29466	0
9.41374	4.31368	0.335091	9.41374	4.31368	0
10.3664	4.36637	0.299972	10.3664	4.36637	0
11.3708	4.34606	0.293288	11.3708	4.34606	0
-11.322	4.29975	0.324049	-11.322	4.29975	0
-10.2511	4.30258	0.33582	-10.2511	4.30258	0
-9.23832	4.36713	0.319131	-9.23832	4.36713	0
-8.22643	4.27227	0.315615	-8.22643	4.27227	0
-7.21761	4.29165	0.335145	-7.21761	4.29165	0
-6.17023	4.27894	0.319156	-6.17023	4.27894	0
-5.09089	4.30337	0.300194	-5.09089	4.30337	0
-4.07853	4.25317	0.311452	-4.07853	4.25317	0
-3.01907	4.342	0.309629	-3.01907	4.342	0
-2.00543	4.23444	0.30938	-2.00543	4.23444	0
-0.910358	4.21043	0.315952	-0.910358	4.21043	0
0.104759	5.29642	0.302851	0.104759	5.29642	0
1.04793	5.32139	0.30825	1.04793	5.32139	0
2.09796	5.2722	0.315874	2.09796	5.2722	0
3.16758	5.33319	0.308073	3.16758	5.33319	0
4.19102	5.37966	0.331062	4.19102	5.37966	0
5.2902	5.38841	0.316183	5.2902	5.38841	0
6.30595	5.28829	0.316669	6.30595	5.28829	0
7.34693	5.32754	0.31167	7.34693	5.32754	0
8.36299	5.35675	0.319425	8.36299	5.35675	0
9.3348	5.37505	0.307127	9.3348	5.37505	0
10.3441	5.42836	0.306706	10.3441	5.42836	0
11.4014	5.37452	0.320119	11.4014	5.37452	0
-11.3501	5.30624	0.304426	-11.3501	5.30624	0
-10.3412	5.32236	0.312896	-10.3412	5.32236	0
-9.23629	5.39217	0.325547	-9.23629	5.39217	0
-8.26186	5.3027	0.327462	-8.26186	5.3027	0
-7.22489	5.32521	0.349846	-7.22489	5.32521	0
-6.21799	5.29558	0.296893	-6.21799	5.29558	0
-5.18731	5.32435	0.330258	-5.18731	5.32435	0
-4.10469	5.34273	0.358546	-4.10469	5.34273	0
-3.10661	5.34755	0.322313	-3.10661	5.34755	0
-2.03498	5.20957	0.308779	-2.03498	5.20957	0
-0.999901	5.24457	0.35122	-0.999901	5.24457	0
-0.00548604	6.32092	0.295868	-0.00548604	6.32092	0
1.00874	6.35476	0.327515	1.00874	6.35476	0
2.11825	6.32078	0.336046	2.11825	6.32078	0
3.14545	6.34715	0.340024	3.14545	6.34715	0
4.17453	6.39388	0.318322	4.17453	6.39388	0
5.26445	6.41055	0.318171	5.26445	6.41055	0
6.34203	6.29855	0.331052	6.34203	6.29855	0
7.36509	6.38826	0.298267	7.36509	6.38826	0
8.35626	6.43653	0.290188	8.35626	6.43653	0
9.39878	6.43211	0.328908	9.39878	6.43211	0
10.3958	6.41867	0.304818	10.3958	6.41867	0
11.4263	6.38879	0.3283	11.4263	6.38879	0
-11.3296	6.33514	0.351136	-11.3296	6.33514	0
-10.2694	6.40402	0.316675	-10.2694	6.40402	0
-9.21945	6.38091	0.32774	-9.21945	6.38091	0
-8.21891	6.39189	0.320222	-8.21891	6.39189	0
-7.16451	6.40962	0.313742	-7.16451	6.40962	0
-6.15695	6.37814	0.294265	-6.15695	6.37814	0
-5.15919	6.38146	0.30373	-5.15919	6.38146	0
-4.11271	6.40423	0.313836	-4.11271	6.40423	0
-3.04656	6.38036	0.306396	-3.04656	6.38036	0
-1.99919	6.30526	0.318886	-1.99919	6.30526	0
-1.02525	6.23472	0.305708	-1.02525	6.23472	0
-0.00977717	7.37026	0.310756	-0.00977717	7.37026	0
1.09617	7.36904	0.304521	1.09617	7.36904	0
2.12917	7.30721	0.302338	2.12917	7.30721	0
3.18299	7.40578	0.323387	3.18299	7.40578	0
4.25833	7.41511	0.320167	4.25833	7.41511	0
5.30989	7.43615	0.315492	5.30989	7.43615	0
6.36081	7.37199	0.333625	6.36081	7.37199	0
7.32135	7.42955	0.32061	7.32135	7.42955	0
8.41561	7.44661	0.342372	8.41561	7.44661	0
9.39145	7.47777	0.318123	9.39145	7.47777	0
10.4471	7.46012	0.298163	10.4471	7.46012	0
11.4707	7.4338	0.305346	11.4707	7.4338	0
-11.3474	7.38486	0.330959	-11.3474	7.38486	0
-10.3092	7.44662	0.322332	-10.3092	7.44662	0
-9.2675	7.38959	0.321672	-9.2675	7.38959	0
-8.21933	7.46765	0.329648	-8.21933	7.46765	0
-7.16204	7.40393	0.29317	-7.16204	7.40393	0
-6.17077	7.42745	0.297027	-6.17077	7.42745	0
-5.08607	7.42693	0.305211	-5.08607	7.42693	0
-4.02989	7.47216	0.30984	-4.02989	7.47216	0
-3.00802	7.4071	0.30394	-3.00802	7.4071	0
-1.98363	7.3878	0.324585	-1.98363	7.3878	0
-1.01466	7.34782	0.32514	-1.01466	7.34782	0
-0.00191155	8.39694	0.315545	-0.00191155	8.39694	0
1.11695	8.39888	0.304955	1.11695	8.39888	0
2.15383	8.306	0.307771	2.15383	8.306	0
3.23275	8.37486	0.306145	3.23275	8.37486	0
4.24403	8.41743	0.323347	4.24403	8.41743	0
5.2953	8.45317	0.282066	5.2953	8.45317	0
6.30391	8.45538	0.320505	6.30391	8.45538	0
7.27658	8.50568	0.326996	7.27658	8.50568	0
8.38963	8.48843	0.314495	8.38963	8.48843	0
9.45272	8.49575	0.290113	9.45272	8.49575	0
10.4516	8.52767	0.30008	10.4516	8.52767	0
11.497	8.42397	0.320422	11.497	8.42397	0
-11.2596	8.46253	0.321316	-11.2596	8.46253	0
-10.2107	8.46103	0.332562	-10.2107	8.46103	0
-9.21286	8.40301	0.330552	-9.21286	8.40301	0
-8.19852	8.48346	0.313532	-8.19852	8.48346	0
-7.16936	8.47225	0.322565	-7.16936	8.47225	0
-6.10988	8.45891	0.326468	-6.10988	8.45891	0
-5.09203	8.47827	0.296606	-5.09203	8.47827	0
-4.12359	8.49235	0.331988	-4.12359	8.49235	0
-3.05006	8.46811	0.338279	-3.05006	8.46811	0
-2.01958	8.43261	0.322819	-2.01958	8.43261	0
-1.02226	8.39831	0.302579	-1.02226	8.39831	0
0.0865746	9.38243	0.318897	0.0865746	9.38243	0
1.12784	9.37659	0.325728	1.12784	9.37659	0
2.18921	9.39981	0.307248	2.18921	9.39981	0
3.17953	9.39828	0.327418	3.17953	9.39828	0
4.21993	9.46212	0.318727	4.21993	9.46212	0
5.27749	9.52152	0.30324	5.27749	9.52152	0
6.36033	9.48789	0.310149	6.36033	9.48789	0
7.3841	9.48203	0.29935	7.3841	9.48203	0
8.41246	9.54822	0.334408	8.41246	9.54822	0
9.41244	9.50135	0.314407	9.41244	9.50135	0
10.4917	9.52971	0.288456	10.4917	9.52971	0
11.4718	9.47328	0.339275	11.4718	9.47328	0
-11.2721	9.53963	0.31184	-11.2721	9.53963	0
-10.2749	9.51644	0.318216	-10.2749	9.51644	0
-9.24711	9.48865	0.32825	-9.24711	9.48865	0
-8.19686	9.50215	0.278951	-8.19686	9.50215	0
-7.13789	9.48536	0.338538	-7.13789	9.48536	0
-6.06834	9.49028	0.314149	-6.06834	9.49028	0
-5.09709	9.52338	0.292284	-5.09709	9.52338	0
-4.04971	9.49113	0.312556	-4.04971	9.49113	0
-3.04072	9.4692	0.317401	-3.04072	9.4692	0
-1.95341	9.50414	0.33177	-1.95341	9.50414	0
-0.91538	9.43716	0.309466	-0.91538	9.43716	0
0.0934385	10.4514	0.301618	0.0934385	10.4514	0
1.12322	10.4288	0.310885	1.12322	10.4288	0
2.14859	10.427	0.318924	2.14859	10.427	0
3.20685	10.4585	0.301495	3.20685	10.4585	0
4.20837	10.5153	0.298679	4.20837	10.5153	0
5.26524	10.5044	0.310174	5.26524	10.5044	0
6.28358	10.4925	0.317768	6.28358	10.4925	0
7.30332	10.5435	0.320373	7.30332	10.5435	0
8.31783	10.556	0.336477	8.31783	10.556	0
9.37875	10.5329	0.328092	9.37875	10.5329	0
10.5055	10.5546	0.322553	10.5055	10.5546	0
11.536	10.5401	0.323831	11.536	10.5401	0
-11.272	10.5416	0.328487	-11.272	10.5416	0
-10.2591	10.5575	0.297366	-10.2591	10.5575	0
-9.21059	10.5056	0.329583	-9.21059	10.5056	0
-8.16374	10.5154	0.318225	-8.16374	10.5154	0
-7.12391	10.5001	0.284362	-7.12391	10.5001	0
-6.1541	10.5433	0.325147	-6.1541	10.5433	0
-5.09839	10.5063	0.315263	-5.09839	10.5063	0
-4.03007	10.533	0.354186	-4.03007	10.533	0
-3.0059	10.5526	0.341716	-3.0059	10.5526	0
-1.98242	10.494	0.300745	-1.98242	10.494	0
-0.947531	10.5069	0.304128	-0.947531	10.5069	0
0.0773598	11.4764	0.307573	0.0773598	11.4764	0
1.1089	11.4937	0.328481	1.1089	11.4937	0
2.13064	11.4862	0.328275	2.13064	11.4862	0
3.19004	11.5619	0.333531	3.19004	11.5619	0
4.21879	11.5068	0.34663	4.21879	11.5068	0
5.22443	11.5505	0.294336	5.22443	11.5505	0
6.23904	11.5656	0.337169	6.23904	11.5656	0
7.27703	11.5272	0.304065	7.27703	11.5272	0
8.29849	11.5191	0.332328	8.29849	11.5191	0
9.3871	11.5298	0.308758	9.3871	11.5298	0
10.4559	11.5423	0.306801	10.4559	11.5423	0
11.535	11.5348	0.325584	11.535	11.5348	0
-11.2632	11.61	0.298205	-11.2632	11.61	0
-10.2431	11.5676	0.341392	-10.2431	11.5676	0
-9.17616	11.5554	0.321631	-9.17616	11.5554	0
-8.18326	11.5548	0.324114	-8.18326	11.5548	0
-7.15999	11.5088	0.344449	-7.15999	11.5088	0
-6.10602	11.5703	0.321655	-6.10602	11.5703	0
-5.13876	11.5024	0.34573	-5.13876	11.5024	0
-4.05527	11.5969	0.302553	-4.05527	11.5969	0
-3.07641	11.5226	0.322955	-3.07641	11.5226	0
-1.97985	11.5247	0.322852	-1.97985	11.5247	0
-0.940687	11.5346	0.324652	-0.940687	11.5346	0
0.0586309	-11.2406	0.319518	0.0586309	-11.2406	0
1.11741	-11.2833	0.323945	1.11741	-11.2833	0
2.09534	-11.2705	0.299165	2.09534	-11.2705	0
3.14787	-11.2329	0.282261	3.14787	-11.2329	0
4.14641	-11.1962	0.320263	4.14641	-11.1962	0
5.19273	-11.2504	0.308024	5.19273	-11.2504	0
6.24686	-11.213	0.324972	6.24686	-11.213	0
7.27989	-11.2362	0.356604	7.27989	-11.2362	0
8.33234	-11.2594	0.32375	8.33234	-11.2594	0
9.38241	-11.2476	0.305609	9.38241	-11.2476	0
10.4503	-11.2358	0.323409	10.4503	-11.2358	0
11.5022	-11.203	0.31169	11.5022	-11.203	0
-11.2553	-11.1657	0.299127	-11.2553	-11.1657	0
-10.2642	-11.1869	0.342036	-10.2642	-11.1869	0
-9.20401	-11.23	0.328586	-9.20401	-11.23	0
-8.17633	-11.2628	0.329054	-8.17633	-11.2628	0
-7.12996	-11.2008	0.302606	-7.12996	-11.2008	0
-6.10703	-11.2158	0.282628	-6.10703	-11.2158	0
-5.08425	-11.1688	0.313739	-5.08425	-11.1688	0
-4.03832	-11.159	0.320043	-4.03832	-11.159	0
-2.99058	-11.2129	0.300551	-2.99058	-11.2129	0
-1.96062	-11.2522	0.315887	-1.96062	-11.2522	0
-0.986998	-11.237	0.300931	-0.986998	-11.237	0
0.0594674	-10.2344	0.313542	0.0594674	-10.2344	0
1.08019	-10.243	0.331071	1.08019	-10.243	0
2.12292	-10.2215	0.332755	2.12292	-10.2215	0
3.15839	-10.1633	0.30691	3.15839	-10.1633	0
4.28235	-10.1566	0.303683	4.28235	-10.1566	0
5.26616	-10.1963	0.287638	5.26616	-10.1963	0
6.29587	-10.1614	0.348354	6.29587	-10.1614	0
7.28721	-10.2307	0.302578	7.28721	-10.2307	0
8.31552	-10.1966	0.280848	8.31552	-10.1966	0
9.34394	-10.1978	0.327915	9.34394	-10.1978	0
10.3875	-10.2024	0.318575	10.3875	-10.2024	0
11.4369	-10.1698	0.315141	11.4369	-10.1698	0
-11.2722	-10.132	0.309223	-11.2722	-10.132	0
-10.2575	-10.1474	0.314469	-10.2575	-10.1474	0
-9.20872	-10.1993	0.327789	-9.20872	-10.1993	0
-8.19054	-10.2114	0.354124	-8.19054	-10.2114	0
-7.17776	-10.1642	0.327487	-7.17776	-10.1642	0
-6.16815	-10.2091	0.329019	-6.16815	-10.2091	0
-5.09431	-10.1651	0.320116	-5.09431	-10.1651	0
-4.02158	-10.2075	0.327733	-4.02158	-10.2075	0
-2.97535	-10.2094	0.340344	-2.97535	-10.2094	0
-1.92672	-10.1654	0.307958	-1.92672	-10.1654	0
-0.950297	-10.2571	0.338967	-0.950297	-10.2571	0
0.10584	-9.17037	0.311427	0.10584	-9.17037	0
1.09472	-9.21077	0.319205	1.09472	-9.21077	0
2.14516	-9.18985	0.317721	2.14516	-9.18985	0
3.18239	-9.1029	0.330769	3.18239	-9.1029	0
4.24281	-9.16486	0.310963	4.24281	-9.16486	0
5.20906	-9.11062	0.330715	5.20906	-9.11062	0
6.34714	-9.10819	0.314724	6.34714	-9.10819	0
7.34977	-9.17353	0.323073	7.34977	-9.17353	0
8.35128	-9.14832	0.317449	8.35128	-9.14832	0
9.33952	-9.17701	0.31336	9.33952	-9.17701	0
10.4149	-9.11219	0.314653	10.4149	-9.11219	0
11.4601	-9.11053	0.323317	11.4601	-9.11053	0
-11.2901	-9.07472	0.283564	-11.2901	-9.07472	0
-10.2212	-9.09416	0.327489	-10.2212	-9.09416	0
-9.18937	-9.13953	0.304372	-9.18937	-9.13953	0
-8.18747	-9.17961	0.299156	-8.18747	-9.17961	0
-7.16775	-9.16825	0.282965	-7.16775	-9.16825	0
-6.13398	-9.15824	0.302242	-6.13398	-9.15824	0
-5.07376	-9.15885	0.333164	-5.07376	-9.15885	0
-4.05642	-9.2035	0.311959	-4.05642	-9.2035	0
-3.02991	-9.17007	0.328845	-3.02991	-9.17007	0
-2.00098	-9.20719	0.329847	-2.00098	-9.20719	0
-0.933721	-9.1636	0.337275	-0.933721	-9.1636	0
0.118076	-8.13342	0.281628	0.118076	-8.13342	0
1.13414	-8.15961	0.310435	1.13414	-8.15961	0
2.18447	-8.11745	0.300621	2.18447	-8.11745	0
3.2134	-8.16694	0.332038	3.2134	-8.16694	0
4.21822	-8.17355	0.325675	4.21822	-8.17355	0
5.25046	-8.1368	0.305879	5.25046	-8.1368	0
6.35558	-8.13699	0.324812	6.35558	-8.13699	0
7.38778	-8.17677	0.331863	7.38778	-8.17677	0
8.36529	-8.12968	0.346047	8.36529	-8.12968	0
9.44017	-8.12416	0.323144	9.44017	-8.12416	0
10.5	-8.06721	0.348009	10.5	-8.06721	0
11.5063	-8.10682	0.292418	11.5063	-8.10682	0
-11.195	-8.0164	0.30314	-11.195	-8.0164	0
-10.1864	-8.09827	0.320936	-10.1864	-8.09827	0
-9.17914	-8.07788	0.341676	-9.17914	-8.07788	0
-8.17999	-8.09778	0.297252	-8.17999	-8.09778	0
-7.10166	-8.16389	0.317474	-7.10166	-8.16389	0
-6.08856	-8.15236	0.32384	-6.08856	-8.15236	0
-5.05937	-8.10241	0.320357	-5.05937	-8.10241	0
-4.05073	-8.15463	0.331918	-4.05073	-8.15463	0
-3.0281	-8.13246	0.293856	-3.0281	-8.13246	0
-2.02297	-8.17503	0.337914	-2.02297	-8.17503	0
-0.96756	-8.1575	0.33424	-0.96756	-8.1575	0
0.146724	-7.04413	0.314924	0.146724	-7.04413	0
1.15614	-7.08071	0.333538	1.15614	-7.08071	0
2.19199	-7.10059	0.308813	2.19199	-7.10059	0
3.19822	-7.08042	0.329178	3.19822	-7.08042	0
4.22718	-7.11309	0.324163	4.22718	-7.11309	0
5.21536	-7.12795	0.31759	5.21536	-7.12795	0
6.25334	-7.11686	0.289427	6.25334	-7.11686	0
7.34554	-7.12068	0.341654	7.34554	-7.12068	0
8.38913	-7.11589	0.345288	8.38913	-7.11589	0
9.45361	-7.07902	0.357483	9.45361	-7.07902	0
10.4691	-7.06311	0.328647	10.4691	-7.06311	0
11.5188	-7.04671	0.300712	11.5188	-7.04671	0
-11.1684	-7.03264	0.334793	-11.1684	-7.03264	0
-10.1858	-6.99371	0.334957	-10.1858	-6.99371	0
-9.11308	-7.02074	0.330168	-9.11308	-7.02074	0
-8.10683	-7.06134	0.308297	-8.10683	-7.06134	0
-7.12285	-7.18274	0.316295	-7.12285	-7.18274	0
-6.09361	-7.08864	0.333487	-6.09361	-7.08864	0
-5.09727	-7.10157	0.323216	-5.09727	-7.10157	0
-4.04086	-7.03914	0.320422	-4.04086	-7.03914	0
-3.01328	-7.14954	0.319763	-3.01328	-7.14954	0
-2.00167	-7.09122	0.327525	-2.00167	-7.09122	0
-0.983609	-7.14301	0.319161	-0.983609	-7.14301	0
0.0626467	-6.06119	0.317602	0.0626467	-6.06119	0
1.12077	-6.03096	0.326333	1.12077	-6.03096	0
2.15372	-6.06546	0.314824	2.15372	-6.06546	0
3.20564	-6.07964	0.332904	3.20564	-6.07964	0
4.25449	-6.09206	0.311913	4.25449	-6.09206	0
5.22495	-6.09176	0.330248	5.22495	-6.09176	0
6.27382	-6.07128	0.31061	6.27382	-6.07128	0
7.29831	-6.09269	0.289758	7.29831	-6.09269	0
8.39819	-6.06852	0.299123	8.39819	-6.06852	0
9.44516	-6.07144	0.315931	9.44516	-6.07144	0
10.458	-6.0644	0.323336	10.458	-6.0644	0
11.5211	-6.02346	0.310851	11.5211	-6.02346	0
-11.2146	-6.06181	0.336185	-11.2146	-6.06181	0
-10.2447	-5.98917	0.315538	-10.2447	-5.98917	0
-9.20873	-6.01867	0.317987	-9.20873	-6.01867	0
-8.17144	-6.0392	0.30596	-8.17144	-6.0392	0
-7.16272	-6.05504	0.311068	-7.16272	-6.05504	0
-6.12581	-6.0594	0.321838	-6.12581	-6.0594	0
-5.07184	-6.08839	0.319989	-5.07184	-6.08839	0
-4.02743	-6.05393	0.290678	-4.02743	-6.05393	0
-2.97773	-6.08462	0.316169	-2.97773	-6.08462	0
-1.99661	-6.06256	0.312306	-1.99661	-6.06256	0
-0.9421	-6.05687	0.300886	-0.9421	-6.05687	0
0.10644	-5.0463	0.315555	0.10644	-5.0463	0
1.16487	-4.95925	0.324169	1.16487	-4.95925	0
2.13755	-5.04025	0.309244	2.13755	-5.04025	0
3.2639	-5.00605	0.315058	3.2639	-5.00605	0
4.28327	-5.03412	0.283211	4.28327	-5.03412	0
5.31366	-5.01011	0.333033	5.31366	-5.01011	0
6.30018	-4.98911	0.308067	6.30018	-4.98911	0
7.27992	-5.08047	0.302319	7.27992	-5.08047	0
8.33693	-5.04684	0.309204	8.33693	-5.04684	0
9.31628	-5.05857	0.338719	9.31628	-5.05857	0
10.4487	-5.01848	0.328837	10.4487	-5.01848	0
11.4458	-4.99667	0.33363	11.4458	-4.99667	0
-11.3143	-5.03151	0.311969	-11.3143	-5.03151	0
-10.2736	-4.98772	0.285635	-10.2736	-4.98772	0
-9.24725	-4.95354	0.321117	-9.24725	-4.95354	0
-8.14519	-5.03751	0.32595	-8.14519	-5.03751	0
-7.13783	-5.07279	0.318407	-7.13783	-5.07279	0
-6.0869	-5.02928	0.33022	-6.0869	-5.02928	0
-5.052	-4.98425	0.316213	-5.052	-4.98425	0
-4.03427	-5.04228	0.314551	-4.03427	-5.04228	0
-2.99134	-5.06826	0.32976	-2.99134	-5.06826	0
-1.90965	-4.9843	0.311574	-1.90965	-4.9843	0
-0.932534	-5.01927	0.306153	-0.932534	-5.01927	0
0.0931172	-4.0035	0.327367	0.0931172	-4.0035	0
1.14551	-3.9412	0.319101	1.14551	-3.9412	0
2.18277	-3.93746	0.33743	2.18277	-3.93746	0
3.19719	-4.00706	0.325559	3.19719	-4.00706	0
4.25569	-4.04082	0.340382	4.25569	-4.04082	0
5.25864	-4.00675	0.338553	5.25864	-4.00675	0
6.29304	-3.99225	0.313838	6.29304	-3.99225	0
7.35328	-3.98148	0.32538	7.35328	-3.98148	0
8.36746	-4.04469	0.340027	8.36746	-4.04469	0
9.40533	-4.03168	0.317114	9.40533	-4.03168	0
10.4192	-3.9797	0.318537	10.4192	-3.9797	0
11.4999	-3.97825	0.314417	11.4999	-3.97825	0
-11.286	-3.97478	0.324376	-11.286	-3.97478	0
-10.2203	-3.94352	0.32682	-10.2203	-3.94352	0
-9.21663	-3.91738	0.28954	-9.21663	-3.91738	0
-8.16078	-3.9764	0.337446	-8.16078	-3.9764	0
-7.09268	-4.02795	0.324511	-7.09268	-4.02795	0
-6.08619	-3.98218	0.345442	-6.08619	-3.98218	0
-5.03631	-3.97517	0.326186	-5.03631	-3.97517	0
-3.9505	-4.07526	0.312348	-3.9505	-4.07526	0
-2.9588	-4.01753	0.325088	-2.9588	-4.01753	0
-1.94319	-3.97815	0.328382	-1.94319	-3.97815	0
-0.935845	-4.00733	0.291523	-0.935845	-4.00733	0
0.137987	-2.91987	0.312895	0.137987	-2.91987	0
1.14373	-2.87476	0.298872	1.14373	-2.87476	0
2.14769	-2.93979	0.287571	2.14769	-2.93979	0
3.26139	-2.9423	0.316013	3.26139	-2.9423	0
4.26192	-2.97157	0.305257	4.26192	-2.97157	0
5.29302	-2.95962	0.30458	5.29302	-2.95962	0
6.30958	-2.93423	0.306799	6.30958	-2.93423	0
7.34361	-2.99314	0.329571	7.34361	-2.99314	0
8.35677	-2.95042	0.315168	8.35677	-2.95042	0
9.41912	-2.99755	0.31014	9.41912	-2.99755	0
10.3971	-2.96606	0.319731	10.3971	-2.96606	0
11.4294	-2.89217	0.320779	11.4294	-2.89217	0
-11.2766	-2.87506	0.290511	-11.2766	-2.87506	0
-10.2799	-2.91896	0.322677	-10.2799	-2.91896	0
-9.27969	-2.89548	0.315001	-9.27969	-2.89548	0
-8.15787	-2.96376	0.321922	-8.15787	-2.96376	0
-7.18247	-3.01399	0.313459	-7.18247	-3.01399	0
-6.08501	-2.98139	0.331764	-6.08501	-2.98139	0
-5.09929	-2.95136	0.311748	-5.09929	-2.95136	0
-4.01252	-2.95308	0.283604	-4.01252	-2.95308	0
-3.04144	-2.90746	0.325355	-3.04144	-2.90746	0
-2.02214	-2.9822	0.301844	-2.02214	-2.9822	0
-0.916565	-3.00158	0.329099	-0.916565	-3.00158	0
0.096546	-1.88219	0.323432	0.096546	-1.88219	0
1.13016	-1.88378	0.32339	1.13016	-1.88378	0
2.14044	-1.89494	0.319324	2.14044	-1.89494	0
3.2334	-1.90283	0.326523	3.2334	-1.90283	0
4.32355	-1.94654	0.337076	4.32355	-1.94654	0
5.2897	-1.94603	0.314441	5.2897	-1.94603	0
6.31894	-1.83094	0.305614	6.31894	-1.83094	0
7.3486	-1.85585	0.288516	7.3486	-1.85585	0
8.40507	-1.91112	0.321103	8.40507	-1.91112	0
9.40834	-1.94797	0.32329	9.40834	-1.94797	0
10.4275	-1.97023	0.321192	10.4275	-1.97023	0
11.5249	-1.84505	0.341418	11.5249	-1.84505	0
-11.2775	-1.85595	0.293494	-11.2775	-1.85595	0
-10.2467	-1.86866	0.328393	-10.2467	-1.86866	0
-9.16937	-1.89674	0.341762	-9.16937	-1.89674	0
-8.16376	-1.9257	0.325525	-8.16376	-1.9257	0
-7.16872	-1.94688	0.340425	-7.16872	-1.94688	0
-6.14944	-1.93547	0.349543	-6.14944	-1.93547	0
-5.12685	-1.96177	0.320681	-5.12685	-1.96177	0
-4.13578	-1.927	0.324861	-4.13578	-1.927	0
-3.05777	-1.94542	0.317903	-3.05777	-1.94542	0
-2.02567	-1.95146	0.301176	-2.02567	-1.95146	0
-0.874179	-1.93651	0.31646	-0.874179	-1.93651	0
0.0768513	-0.841378	0.323921	0.0768513	-0.841378	0
1.11857	-0.87698	0.323862	1.11857	-0.87698	0
2.21509	-0.934276	0.344925	2.21509	-0.934276	0
3.21296	-0.900486	0.329041	3.21296	-0.900486	0
4.27933	-0.915023	0.313335	4.27933	-0.915023	0
5.262	-0.843129	0.310067	5.262	-0.843129	0
6.35703	-0.826228	0.281352	6.35703	-0.826228	0
7.35118	-0.814868	0.306343	7.35118	-0.814868	0
8.38609	-0.898814	0.294224	8.38609	-0.898814	0
9.45861	-0.864183	0.326134	9.45861	-0.864183	0
10.5036	-0.892675	0.336683	10.5036	-0.892675	0
11.4961	-0.846982	0.345025	11.4961	-0.846982	0
-11.2376	-0.852348	0.314873	-11.2376	-0.852348	0
-10.2542	-0.822664	0.323229	-10.2542	-0.822664	0
-9.21468	-0.879773	0.32241	-9.21468	-0.879773	0
-8.18736	-0.873731	0.322181	-8.18736	-0.873731	0
-7.13945	-0.86818	0.312423	-7.13945	-0.86818	0
-6.06821	-0.874467	0.334546	-6.06821	-0.874467	0
-5.05977	-0.837397	0.322472	-5.05977	-0.837397	0
-4.02813	-0.905531	0.317994	-4.02813	-0.905531	0
-3.04799	-0.939128	0.312252	-3.04799	-0.939128	0
-2.00658	-0.917653	0.301282	-2.00658	-0.917653	0
-0.991982	-0.940269	0.352139	-0.991982	-0.940269	0
