-0.826814	 	-0.130922	 	-0.325236	 	-0.826814	 	-0.130922 	 0
0.17099	 	-0.140635	 	-0.325525	 	0.17099	 	-0.140635 	 0
1.23337	 	-0.203968	 	-0.314515	 	1.23337	 	-0.203968 	 0
2.22341	 	-0.161558	 	-0.28633	 	2.22341	 	-0.161558 	 0
3.26508	 	-0.176671	 	-0.318864	 	3.26508	 	-0.176671 	 0
4.27989	 	-0.140885	 	-0.317496	 	4.27989	 	-0.140885 	 0
5.32973	 	-0.137571	 	-0.316804	 	5.32973	 	-0.137571 	 0
6.42101	 	-0.111667	 	-0.303588	 	6.42101	 	-0.111667 	 0
7.4514	 	-0.111818	 	-0.314902	 	7.4514	 	-0.111818 	 0
8.48676	 	-0.11075	 	-0.304037	 	8.48676	 	-0.11075 	 0
9.53352	 	-0.0882077	 	-0.328931	 	9.53352	 	-0.0882077 	 0
10.5285	 	-0.147608	 	-0.298553	 	10.5285	 	-0.147608 	 0
-12.2105	 	-0.125548	 	-0.333385	 	11.5756	 	-0.125548 	 0
-11.2407	 	-0.146945	 	-0.311725	 	-11.2407	 	-0.146945 	 0
-10.132	 	-0.112028	 	-0.334323	 	-10.132	 	-0.112028 	 0
-9.12235	 	-0.112578	 	-0.325748	 	-9.12235	 	-0.112578 	 0
-8.0402	 	-0.0690882	 	-0.334678	 	-8.0402	 	-0.0690882 	 0
-7.0417	 	-0.158298	 	-0.327608	 	-7.0417	 	-0.158298 	 0
-5.96851	 	-0.132722	 	-0.335374	 	-5.96851	 	-0.132722 	 0
-4.95337	 	-0.101604	 	-0.302956	 	-4.95337	 	-0.101604 	 0
-3.95068	 	-0.185518	 	-0.317387	 	-3.95068	 	-0.185518 	 0
-2.92464	 	-0.194336	 	-0.31531	 	-2.92464	 	-0.194336 	 0
-1.85604	 	-0.112383	 	-0.339967	 	-1.85604	 	-0.112383 	 0
-0.894492	 	0.922697	 	-0.319077	 	-0.894492	 	0.922697 	 0
0.163539	 	0.92703	 	-0.338344	 	0.163539	 	0.92703 	 0
1.15185	 	0.900505	 	-0.327212	 	1.15185	 	0.900505 	 0
2.19182	 	0.882457	 	-0.33092	 	2.19182	 	0.882457 	 0
3.25682	 	0.857015	 	-0.3054	 	3.25682	 	0.857015 	 0
4.28305	 	0.872029	 	-0.334566	 	4.28305	 	0.872029 	 0
5.30073	 	0.972384	 	-0.323669	 	5.30073	 	0.972384 	 0
6.32687	 	0.94591	 	-0.296066	 	6.32687	 	0.94591 	 0
7.37656	 	0.858506	 	-0.313951	 	7.37656	 	0.858506 	 0
8.48604	 	0.907854	 	-0.310118	 	8.48604	 	0.907854 	 0
9.49777	 	0.902409	 	-0.29426	 	9.49777	 	0.902409 	 0
10.6107	 	0.954168	 	-0.343643	 	10.6107	 	0.954168 	 0
-12.1837	 	0.902045	 	-0.316036	 	11.6023	 	0.902045 	 0
-11.1625	 	0.950918	 	-0.325317	 	-11.1625	 	0.950918 	 0
-10.1431	 	0.948448	 	-0.313002	 	-10.1431	 	0.948448 	 0
-9.10793	 	0.920821	 	-0.298653	 	-9.10793	 	0.920821 	 0
-8.08227	 	0.913004	 	-0.309844	 	-8.08227	 	0.913004 	 0
-7.05335	 	0.915615	 	-0.325446	 	-7.05335	 	0.915615 	 0
-6.05645	 	0.909484	 	-0.307411	 	-6.05645	 	0.909484 	 0
-4.92683	 	0.863836	 	-0.325367	 	-4.92683	 	0.863836 	 0
-3.91023	 	0.880183	 	-0.34013	 	-3.91023	 	0.880183 	 0
-2.87357	 	0.839246	 	-0.305609	 	-2.87357	 	0.839246 	 0
-1.89565	 	0.858722	 	-0.323853	 	-1.89565	 	0.858722 	 0
-0.910061	 	1.93296	 	-0.293621	 	-0.910061	 	1.93296 	 0
0.112295	 	1.98418	 	-0.31797	 	0.112295	 	1.98418 	 0
1.18184	 	1.9219	 	-0.310377	 	1.18184	 	1.9219 	 0
2.23554	 	1.91057	 	-0.304887	 	2.23554	 	1.91057 	 0
3.2426	 	1.92022	 	-0.322546	 	3.2426	 	1.92022 	 0
4.26284	 	1.94346	 	-0.338187	 	4.26284	 	1.94346 	 0
5.27314	 	1.97932	 	-0.302281	 	5.27314	 	1.97932 	 0
6.36685	 	2.00324	 	-0.318623	 	6.36685	 	2.00324 	 0
7.40088	 	1.97066	 	-0.330971	 	7.40088	 	1.97066 	 0
8.44088	 	1.94392	 	-0.332703	 	8.44088	 	1.94392 	 0
9.49561	 	1.92726	 	-0.324942	 	9.49561	 	1.92726 	 0
10.5759	 	2.00237	 	-0.310443	 	10.5759	 	2.00237 	 0
-12.178	 	1.94426	 	-0.318897	 	11.608	 	1.94426 	 0
-11.2338	 	1.95207	 	-0.330628	 	-11.2338	 	1.95207 	 0
-10.1378	 	2.00228	 	-0.324089	 	-10.1378	 	2.00228 	 0
-9.10911	 	2.00886	 	-0.351611	 	-9.10911	 	2.00886 	 0
-8.10482	 	1.9457	 	-0.32448	 	-8.10482	 	1.9457 	 0
-7.02943	 	1.96116	 	-0.32323	 	-7.02943	 	1.96116 	 0
-6.02677	 	1.95349	 	-0.312066	 	-6.02677	 	1.95349 	 0
-5.03783	 	1.87024	 	-0.309845	 	-5.03783	 	1.87024 	 0
-3.98833	 	1.86792	 	-0.318583	 	-3.98833	 	1.86792 	 0
-2.9357	 	1.92554	 	-0.33665	 	-2.9357	 	1.92554 	 0
-1.88243	 	1.87262	 	-0.366741	 	-1.88243	 	1.87262 	 0
-0.979525	 	2.94014	 	-0.309486	 	-0.979525	 	2.94014 	 0
0.0729249	 	3.00445	 	-0.33382	 	0.0729249	 	3.00445 	 0
1.21179	 	2.9411	 	-0.334277	 	1.21179	 	2.9411 	 0
2.21403	 	2.93886	 	-0.342766	 	2.21403	 	2.93886 	 0
3.23593	 	2.95879	 	-0.308539	 	3.23593	 	2.95879 	 0
4.26476	 	2.96653	 	-0.307815	 	4.26476	 	2.96653 	 0
5.23504	 	2.94404	 	-0.337767	 	5.23504	 	2.94404 	 0
6.30946	 	3.01008	 	-0.317853	 	6.30946	 	3.01008 	 0
7.39835	 	2.9978	 	-0.308702	 	7.39835	 	2.9978 	 0
8.47008	 	2.96483	 	-0.314716	 	8.47008	 	2.96483 	 0
9.51235	 	3.00007	 	-0.316844	 	9.51235	 	3.00007 	 0
10.5048	 	3.0109	 	-0.337749	 	10.5048	 	3.0109 	 0
-12.2586	 	3.0098	 	-0.328156	 	11.5275	 	3.0098 	 0
-11.2195	 	3.00805	 	-0.314008	 	-11.2195	 	3.00805 	 0
-10.1771	 	2.99219	 	-0.293532	 	-10.1771	 	2.99219 	 0
-9.04085	 	3.00613	 	-0.328125	 	-9.04085	 	3.00613 	 0
-8.04505	 	2.98581	 	-0.304724	 	-8.04505	 	2.98581 	 0
-7.03187	 	2.98908	 	-0.33736	 	-7.03187	 	2.98908 	 0
-5.98996	 	2.9503	 	-0.300993	 	-5.98996	 	2.9503 	 0
-5.01699	 	2.92195	 	-0.331425	 	-5.01699	 	2.92195 	 0
-3.97777	 	2.93575	 	-0.345292	 	-3.97777	 	2.93575 	 0
-2.96494	 	2.91955	 	-0.295121	 	-2.96494	 	2.91955 	 0
-1.96822	 	2.95889	 	-0.30682	 	-1.96822	 	2.95889 	 0
-0.833969	 	4.00293	 	-0.299097	 	-0.833969	 	4.00293 	 0
0.154212	 	4.06425	 	-0.303387	 	0.154212	 	4.06425 	 0
1.22648	 	4.01608	 	-0.293376	 	1.22648	 	4.01608 	 0
2.23384	 	3.96947	 	-0.297652	 	2.23384	 	3.96947 	 0
3.25386	 	4.05302	 	-0.30979	 	3.25386	 	4.05302 	 0
4.3041	 	4.00486	 	-0.316001	 	4.3041	 	4.00486 	 0
5.33853	 	4.01821	 	-0.334	 	5.33853	 	4.01821 	 0
6.3621	 	4.01822	 	-0.310052	 	6.3621	 	4.01822 	 0
7.39478	 	3.99728	 	-0.322403	 	7.39478	 	3.99728 	 0
8.43943	 	4.00362	 	-0.313269	 	8.43943	 	4.00362 	 0
9.54928	 	4.00966	 	-0.274102	 	9.54928	 	4.00966 	 0
10.5727	 	3.957	 	-0.329217	 	10.5727	 	3.957 	 0
-12.194	 	4.00233	 	-0.311981	 	11.5921	 	4.00233 	 0
-11.2176	 	4.02261	 	-0.312297	 	-11.2176	 	4.02261 	 0
-10.1897	 	4.02938	 	-0.319646	 	-10.1897	 	4.02938 	 0
-9.12879	 	3.99601	 	-0.332996	 	-9.12879	 	3.99601 	 0
-8.1089	 	4.08196	 	-0.333243	 	-8.1089	 	4.08196 	 0
-7.08763	 	4.05451	 	-0.313645	 	-7.08763	 	4.05451 	 0
-6.0165	 	3.97739	 	-0.290596	 	-6.0165	 	3.97739 	 0
-4.99651	 	3.99571	 	-0.312719	 	-4.99651	 	3.99571 	 0
-3.97039	 	3.98102	 	-0.299252	 	-3.97039	 	3.98102 	 0
-2.95908	 	3.95833	 	-0.298026	 	-2.95908	 	3.95833 	 0
-1.93923	 	3.96606	 	-0.306645	 	-1.93923	 	3.96606 	 0
-0.854992	 	5.06263	 	-0.287639	 	-0.854992	 	5.06263 	 0
0.180067	 	5.08044	 	-0.318988	 	0.180067	 	5.08044 	 0
1.2078	 	5.049	 	-0.318028	 	1.2078	 	5.049 	 0
2.23809	 	5.06393	 	-0.302447	 	2.23809	 	5.06393 	 0
3.29316	 	5.02782	 	-0.341158	 	3.29316	 	5.02782 	 0
4.33054	 	5.00937	 	-0.345692	 	4.33054	 	5.00937 	 0
5.33493	 	5.05418	 	-0.319946	 	5.33493	 	5.05418 	 0
6.38116	 	5.0398	 	-0.346579	 	6.38116	 	5.0398 	 0
7.44954	 	5.0337	 	-0.294929	 	7.44954	 	5.0337 	 0
8.44297	 	5.05414	 	-0.329947	 	8.44297	 	5.05414 	 0
9.56527	 	5.04313	 	-0.308899	 	9.56527	 	5.04313 	 0
10.5439	 	5.00307	 	-0.311105	 	10.5439	 	5.00307 	 0
-12.1993	 	5.03905	 	-0.333814	 	11.5867	 	5.03905 	 0
-11.1174	 	5.09087	 	-0.314272	 	-11.1174	 	5.09087 	 0
-10.1168	 	5.05483	 	-0.324397	 	-10.1168	 	5.05483 	 0
-9.11608	 	5.06046	 	-0.299558	 	-9.11608	 	5.06046 	 0
-8.10175	 	5.07767	 	-0.332978	 	-8.10175	 	5.07767 	 0
-7.07011	 	5.11162	 	-0.319876	 	-7.07011	 	5.11162 	 0
-6.03528	 	4.95514	 	-0.335955	 	-6.03528	 	4.95514 	 0
-5.02547	 	5.03501	 	-0.348806	 	-5.02547	 	5.03501 	 0
-3.93007	 	5.00769	 	-0.341864	 	-3.93007	 	5.00769 	 0
-2.89843	 	4.97351	 	-0.327887	 	-2.89843	 	4.97351 	 0
-1.8723	 	5.01369	 	-0.307406	 	-1.8723	 	5.01369 	 0
-0.834941	 	6.07034	 	-0.309341	 	-0.834941	 	6.07034 	 0
0.241947	 	6.13055	 	-0.312653	 	0.241947	 	6.13055 	 0
1.2301	 	6.06429	 	-0.318128	 	1.2301	 	6.06429 	 0
2.26121	 	6.1027	 	-0.304036	 	2.26121	 	6.1027 	 0
3.3035	 	6.09687	 	-0.315641	 	3.3035	 	6.09687 	 0
4.34405	 	6.05777	 	-0.313584	 	4.34405	 	6.05777 	 0
5.39786	 	6.1112	 	-0.330926	 	5.39786	 	6.1112 	 0
6.38042	 	6.07242	 	-0.306943	 	6.38042	 	6.07242 	 0
7.41404	 	6.1045	 	-0.272137	 	7.41404	 	6.1045 	 0
8.4384	 	6.06813	 	-0.314823	 	8.4384	 	6.06813 	 0
9.47134	 	6.05464	 	-0.331378	 	9.47134	 	6.05464 	 0
10.5521	 	6.03477	 	-0.31266	 	10.5521	 	6.03477 	 0
-12.2265	 	6.09979	 	-0.323606	 	11.5596	 	6.09979 	 0
-11.1491	 	6.11667	 	-0.326255	 	-11.1491	 	6.11667 	 0
-10.1499	 	6.02158	 	-0.332859	 	-10.1499	 	6.02158 	 0
-9.09837	 	6.08884	 	-0.329906	 	-9.09837	 	6.08884 	 0
-8.07156	 	6.08951	 	-0.30518	 	-8.07156	 	6.08951 	 0
-7.01366	 	6.11229	 	-0.31202	 	-7.01366	 	6.11229 	 0
-5.95102	 	6.07666	 	-0.334172	 	-5.95102	 	6.07666 	 0
-4.96013	 	6.04631	 	-0.336523	 	-4.96013	 	6.04631 	 0
-3.97109	 	5.99337	 	-0.293998	 	-3.97109	 	5.99337 	 0
-2.91841	 	6.05157	 	-0.341052	 	-2.91841	 	6.05157 	 0
-1.882	 	6.06053	 	-0.321513	 	-1.882	 	6.06053 	 0
-0.835202	 	7.14962	 	-0.286349	 	-0.835202	 	7.14962 	 0
0.262612	 	7.11955	 	-0.310822	 	0.262612	 	7.11955 	 0
1.28558	 	7.10037	 	-0.312186	 	1.28558	 	7.10037 	 0
2.27544	 	7.12891	 	-0.326301	 	2.27544	 	7.12891 	 0
3.26498	 	7.1028	 	-0.313395	 	3.26498	 	7.1028 	 0
4.26759	 	7.14246	 	-0.347601	 	4.26759	 	7.14246 	 0
5.33093	 	7.13984	 	-0.332399	 	5.33093	 	7.13984 	 0
6.408	 	7.13032	 	-0.295678	 	6.408	 	7.13032 	 0
7.4047	 	7.12995	 	-0.334703	 	7.4047	 	7.12995 	 0
8.49722	 	7.06897	 	-0.322801	 	8.49722	 	7.06897 	 0
9.50472	 	7.10251	 	-0.285531	 	9.50472	 	7.10251 	 0
10.5549	 	7.12031	 	-0.324025	 	10.5549	 	7.12031 	 0
-12.2639	 	7.12124	 	-0.305394	 	11.5221	 	7.12124 	 0
-11.2308	 	7.15529	 	-0.318131	 	-11.2308	 	7.15529 	 0
-10.1502	 	7.07182	 	-0.335455	 	-10.1502	 	7.07182 	 0
-9.09261	 	7.13048	 	-0.311088	 	-9.09261	 	7.13048 	 0
-8.03019	 	7.17744	 	-0.314219	 	-8.03019	 	7.17744 	 0
-7.05015	 	7.09859	 	-0.307559	 	-7.05015	 	7.09859 	 0
-5.97839	 	7.10615	 	-0.333867	 	-5.97839	 	7.10615 	 0
-4.95308	 	7.11084	 	-0.34178	 	-4.95308	 	7.11084 	 0
-3.96899	 	7.04153	 	-0.322589	 	-3.96899	 	7.04153 	 0
-2.90465	 	7.06379	 	-0.309593	 	-2.90465	 	7.06379 	 0
-1.81186	 	7.09691	 	-0.313226	 	-1.81186	 	7.09691 	 0
-0.797979	 	8.14231	 	-0.329471	 	-0.797979	 	8.14231 	 0
0.227749	 	8.17166	 	-0.320174	 	0.227749	 	8.17166 	 0
1.24352	 	8.1657	 	-0.309885	 	1.24352	 	8.1657 	 0
2.2391	 	8.14304	 	-0.318172	 	2.2391	 	8.14304 	 0
3.28671	 	8.16341	 	-0.33582	 	3.28671	 	8.16341 	 0
4.34271	 	8.20775	 	-0.349789	 	4.34271	 	8.20775 	 0
5.33121	 	8.1612	 	-0.322457	 	5.33121	 	8.1612 	 0
6.38647	 	8.12753	 	-0.325597	 	6.38647	 	8.12753 	 0
7.36732	 	8.13359	 	-0.30935	 	7.36732	 	8.13359 	 0
8.42964	 	8.13648	 	-0.348301	 	8.42964	 	8.13648 	 0
9.496	 	8.11617	 	-0.319753	 	9.496	 	8.11617 	 0
10.5307	 	8.113	 	-0.302864	 	10.5307	 	8.113 	 0
-12.2339	 	8.13354	 	-0.321574	 	11.5521	 	8.13354 	 0
-11.1498	 	8.13109	 	-0.305964	 	-11.1498	 	8.13109 	 0
-10.1598	 	8.15571	 	-0.309849	 	-10.1598	 	8.15571 	 0
-9.11031	 	8.17247	 	-0.313659	 	-9.11031	 	8.17247 	 0
-8.05959	 	8.13583	 	-0.312661	 	-8.05959	 	8.13583 	 0
-6.99276	 	8.16466	 	-0.32305	 	-6.99276	 	8.16466 	 0
-5.95603	 	8.1286	 	-0.300152	 	-5.95603	 	8.1286 	 0
-4.95583	 	8.13498	 	-0.3105	 	-4.95583	 	8.13498 	 0
-3.95514	 	8.09252	 	-0.335028	 	-3.95514	 	8.09252 	 0
-2.84812	 	8.071	 	-0.296901	 	-2.84812	 	8.071 	 0
-1.82601	 	8.18384	 	-0.319946	 	-1.82601	 	8.18384 	 0
-0.807883	 	9.22921	 	-0.317827	 	-0.807883	 	9.22921 	 0
0.235217	 	9.19203	 	-0.317858	 	0.235217	 	9.19203 	 0
1.23479	 	9.18032	 	-0.320302	 	1.23479	 	9.18032 	 0
2.24281	 	9.17439	 	-0.321969	 	2.24281	 	9.17439 	 0
3.36536	 	9.17808	 	-0.308771	 	3.36536	 	9.17808 	 0
4.32159	 	9.20674	 	-0.306806	 	4.32159	 	9.20674 	 0
5.35478	 	9.16946	 	-0.302621	 	5.35478	 	9.16946 	 0
6.42054	 	9.15525	 	-0.317366	 	6.42054	 	9.15525 	 0
7.43998	 	9.14789	 	-0.331271	 	7.43998	 	9.14789 	 0
8.43798	 	9.19513	 	-0.306977	 	8.43798	 	9.19513 	 0
9.4661	 	9.16211	 	-0.297009	 	9.4661	 	9.16211 	 0
10.5602	 	9.14576	 	-0.30331	 	10.5602	 	9.14576 	 0
-12.2697	 	9.20621	 	-0.315734	 	11.5163	 	9.20621 	 0
-11.2186	 	9.19202	 	-0.300258	 	-11.2186	 	9.19202 	 0
-10.1265	 	9.21395	 	-0.314275	 	-10.1265	 	9.21395 	 0
-9.05143	 	9.20386	 	-0.310776	 	-9.05143	 	9.20386 	 0
-8.00745	 	9.18597	 	-0.332214	 	-8.00745	 	9.18597 	 0
-6.98085	 	9.22976	 	-0.321412	 	-6.98085	 	9.22976 	 0
-5.91942	 	9.21438	 	-0.326479	 	-5.91942	 	9.21438 	 0
-4.94441	 	9.16543	 	-0.339607	 	-4.94441	 	9.16543 	 0
-3.90197	 	9.16105	 	-0.342073	 	-3.90197	 	9.16105 	 0
-2.91601	 	9.12938	 	-0.320342	 	-2.91601	 	9.12938 	 0
-1.80584	 	9.19856	 	-0.295168	 	-1.80584	 	9.19856 	 0
-0.847476	 	10.2239	 	-0.313987	 	-0.847476	 	10.2239 	 0
0.169652	 	10.1819	 	-0.316372	 	0.169652	 	10.1819 	 0
1.20992	 	10.25	 	-0.324126	 	1.20992	 	10.25 	 0
2.24958	 	10.2292	 	-0.314924	 	2.24958	 	10.2292 	 0
3.33481	 	10.1973	 	-0.306536	 	3.33481	 	10.1973 	 0
4.42479	 	10.2135	 	-0.312192	 	4.42479	 	10.2135 	 0
5.42319	 	10.1403	 	-0.308027	 	5.42319	 	10.1403 	 0
6.42531	 	10.2628	 	-0.309626	 	6.42531	 	10.2628 	 0
7.45858	 	10.1852	 	-0.309542	 	7.45858	 	10.1852 	 0
8.53143	 	10.2202	 	-0.328607	 	8.53143	 	10.2202 	 0
9.50312	 	10.172	 	-0.331971	 	9.50312	 	10.172 	 0
10.4854	 	10.1801	 	-0.347791	 	10.4854	 	10.1801 	 0
-12.2142	 	10.1974	 	-0.315858	 	11.5718	 	10.1974 	 0
-11.1311	 	10.2061	 	-0.325001	 	-11.1311	 	10.2061 	 0
-10.1013	 	10.1698	 	-0.297852	 	-10.1013	 	10.1698 	 0
-9.06643	 	10.2196	 	-0.307195	 	-9.06643	 	10.2196 	 0
-8.07336	 	10.2324	 	-0.294575	 	-8.07336	 	10.2324 	 0
-6.99218	 	10.2354	 	-0.306287	 	-6.99218	 	10.2354 	 0
-5.9806	 	10.2416	 	-0.338931	 	-5.9806	 	10.2416 	 0
-4.91453	 	10.2141	 	-0.305161	 	-4.91453	 	10.2141 	 0
-3.94332	 	10.2387	 	-0.275029	 	-3.94332	 	10.2387 	 0
-2.91988	 	10.193	 	-0.304066	 	-2.91988	 	10.193 	 0
-1.92537	 	10.2222	 	-0.323041	 	-1.92537	 	10.2222 	 0
-0.856629	 	11.2522	 	-0.320961	 	-0.856629	 	11.2522 	 0
0.150192	 	11.2395	 	-0.310198	 	0.150192	 	11.2395 	 0
1.25406	 	11.2577	 	-0.307235	 	1.25406	 	11.2577 	 0
2.24351	 	11.2599	 	-0.307662	 	2.24351	 	11.2599 	 0
3.28647	 	11.229	 	-0.31232	 	3.28647	 	11.229 	 0
4.37825	 	11.2115	 	-0.327709	 	4.37825	 	11.2115 	 0
5.36907	 	11.2141	 	-0.343914	 	5.36907	 	11.2141 	 0
6.40594	 	11.3382	 	-0.302815	 	6.40594	 	11.3382 	 0
7.47597	 	11.222	 	-0.320091	 	7.47597	 	11.222 	 0
8.53179	 	11.2358	 	-0.315762	 	8.53179	 	11.2358 	 0
9.54798	 	11.2285	 	-0.330919	 	9.54798	 	11.2285 	 0
10.5692	 	11.292	 	-0.327382	 	10.5692	 	11.292 	 0
-12.1919	 	11.2361	 	-0.314232	 	11.5942	 	11.2361 	 0
-11.1363	 	11.275	 	-0.331692	 	-11.1363	 	11.275 	 0
-10.1392	 	11.2497	 	-0.310256	 	-10.1392	 	11.2497 	 0
-9.10286	 	11.2462	 	-0.319482	 	-9.10286	 	11.2462 	 0
-8.02659	 	11.2611	 	-0.308952	 	-8.02659	 	11.2611 	 0
-7.04994	 	11.2557	 	-0.291317	 	-7.04994	 	11.2557 	 0
-6.03877	 	11.2971	 	-0.313434	 	-6.03877	 	11.2971 	 0
-4.96109	 	11.2371	 	-0.332802	 	-4.96109	 	11.2371 	 0
-3.92116	 	11.2396	 	-0.332922	 	-3.92116	 	11.2396 	 0
-2.89321	 	11.206	 	-0.315814	 	-2.89321	 	11.206 	 0
-1.89064	 	11.2685	 	-0.316682	 	-1.89064	 	11.2685 	 0
-0.856379	 	-11.5027	 	-0.327608	 	-0.856379	 	-11.5027 	 0
0.181425	 	-11.5117	 	-0.315041	 	0.181425	 	-11.5117 	 0
1.21101	 	-11.5542	 	-0.333578	 	1.21101	 	-11.5542 	 0
2.28205	 	-11.5574	 	-0.294325	 	2.28205	 	-11.5574 	 0
3.28891	 	-11.5903	 	-0.329022	 	3.28891	 	-11.5903 	 0
4.323	 	-11.4946	 	-0.314388	 	4.323	 	-11.4946 	 0
5.41791	 	-11.4986	 	-0.319129	 	5.41791	 	-11.4986 	 0
6.36862	 	-11.4226	 	-0.320235	 	6.36862	 	-11.4226 	 0
7.40454	 	-11.4407	 	-0.296537	 	7.40454	 	-11.4407 	 0
8.44664	 	-11.5267	 	-0.294383	 	8.44664	 	-11.5267 	 0
9.42651	 	-11.4763	 	-0.321548	 	9.42651	 	-11.4763 	 0
10.5373	 	-11.4843	 	-0.316516	 	10.5373	 	-11.4843 	 0
-12.2263	 	-11.4913	 	-0.319041	 	11.5598	 	-11.4913 	 0
-11.1131	 	-11.4976	 	-0.323751	 	-11.1131	 	-11.4976 	 0
-10.071	 	-11.4822	 	-0.323821	 	-10.071	 	-11.4822 	 0
-9.13164	 	-11.4606	 	-0.301288	 	-9.13164	 	-11.4606 	 0
-8.06176	 	-11.5366	 	-0.324322	 	-8.06176	 	-11.5366 	 0
-7.02749	 	-11.4871	 	-0.333309	 	-7.02749	 	-11.4871 	 0
-5.99117	 	-11.5146	 	-0.308085	 	-5.99117	 	-11.5146 	 0
-4.92608	 	-11.5117	 	-0.284175	 	-4.92608	 	-11.5117 	 0
-3.86825	 	-11.5357	 	-0.295856	 	-3.86825	 	-11.5357 	 0
-2.81437	 	-11.5204	 	-0.337621	 	-2.81437	 	-11.5204 	 0
-1.8161	 	-11.5347	 	-0.269408	 	-1.8161	 	-11.5347 	 0
-0.870591	 	-10.4746	 	-0.332805	 	-0.870591	 	-10.4746 	 0
0.209216	 	-10.4795	 	-0.307468	 	0.209216	 	-10.4795 	 0
1.21549	 	-10.4989	 	-0.312779	 	1.21549	 	-10.4989 	 0
2.23949	 	-10.5386	 	-0.336484	 	2.23949	 	-10.5386 	 0
3.28032	 	-10.5426	 	-0.318736	 	3.28032	 	-10.5426 	 0
4.3287	 	-10.5194	 	-0.331132	 	4.3287	 	-10.5194 	 0
5.3139	 	-10.463	 	-0.315162	 	5.3139	 	-10.463 	 0
6.34022	 	-10.4546	 	-0.300666	 	6.34022	 	-10.4546 	 0
7.40741	 	-10.4079	 	-0.334512	 	7.40741	 	-10.4079 	 0
8.43493	 	-10.3917	 	-0.324977	 	8.43493	 	-10.3917 	 0
9.48127	 	-10.4269	 	-0.296092	 	9.48127	 	-10.4269 	 0
10.5119	 	-10.499	 	-0.322341	 	10.5119	 	-10.499 	 0
-12.2211	 	-10.4066	 	-0.327045	 	11.565	 	-10.4066 	 0
-11.2336	 	-10.4433	 	-0.322767	 	-11.2336	 	-10.4433 	 0
-10.1557	 	-10.4532	 	-0.300231	 	-10.1557	 	-10.4532 	 0
-9.14538	 	-10.4954	 	-0.308882	 	-9.14538	 	-10.4954 	 0
-8.03481	 	-10.4378	 	-0.322081	 	-8.03481	 	-10.4378 	 0
-7.02523	 	-10.4234	 	-0.324069	 	-7.02523	 	-10.4234 	 0
-5.9664	 	-10.5074	 	-0.331127	 	-5.9664	 	-10.5074 	 0
-4.85532	 	-10.518	 	-0.298586	 	-4.85532	 	-10.518 	 0
-3.86254	 	-10.4562	 	-0.319482	 	-3.86254	 	-10.4562 	 0
-2.86863	 	-10.5321	 	-0.290697	 	-2.86863	 	-10.5321 	 0
-1.88697	 	-10.4811	 	-0.319548	 	-1.88697	 	-10.4811 	 0
-0.784492	 	-9.47663	 	-0.298161	 	-0.784492	 	-9.47663 	 0
0.212826	 	-9.43907	 	-0.347127	 	0.212826	 	-9.43907 	 0
1.25088	 	-9.40901	 	-0.315111	 	1.25088	 	-9.40901 	 0
2.29987	 	-9.4367	 	-0.315621	 	2.29987	 	-9.4367 	 0
3.30872	 	-9.51687	 	-0.297021	 	3.30872	 	-9.51687 	 0
4.33988	 	-9.47601	 	-0.326692	 	4.33988	 	-9.47601 	 0
5.33585	 	-9.47407	 	-0.319752	 	5.33585	 	-9.47407 	 0
6.432	 	-9.46396	 	-0.342164	 	6.432	 	-9.46396 	 0
7.44694	 	-9.45988	 	-0.343161	 	7.44694	 	-9.45988 	 0
8.43426	 	-9.38031	 	-0.341354	 	8.43426	 	-9.38031 	 0
9.47601	 	-9.40783	 	-0.292021	 	9.47601	 	-9.40783 	 0
10.4862	 	-9.44037	 	-0.318202	 	10.4862	 	-9.44037 	 0
-12.1696	 	-9.441	 	-0.303557	 	11.6164	 	-9.441 	 0
-11.1869	 	-9.45036	 	-0.320848	 	-11.1869	 	-9.45036 	 0
-10.174	 	-9.42106	 	-0.296983	 	-10.174	 	-9.42106 	 0
-9.17897	 	-9.391	 	-0.34567	 	-9.17897	 	-9.391 	 0
-8.07578	 	-9.43227	 	-0.322133	 	-8.07578	 	-9.43227 	 0
-7.03001	 	-9.41456	 	-0.313596	 	-7.03001	 	-9.41456 	 0
-5.94581	 	-9.48896	 	-0.316184	 	-5.94581	 	-9.48896 	 0
-4.91648	 	-9.43779	 	-0.319663	 	-4.91648	 	-9.43779 	 0
-3.91049	 	-9.43336	 	-0.310955	 	-3.91049	 	-9.43336 	 0
-2.85372	 	-9.45158	 	-0.322537	 	-2.85372	 	-9.45158 	 0
-1.84823	 	-9.47343	 	-0.310105	 	-1.84823	 	-9.47343 	 0
-0.789663	 	-8.37205	 	-0.326183	 	-0.789663	 	-8.37205 	 0
0.234208	 	-8.40743	 	-0.306758	 	0.234208	 	-8.40743 	 0
1.33662	 	-8.41718	 	-0.315606	 	1.33662	 	-8.41718 	 0
2.31368	 	-8.38596	 	-0.306069	 	2.31368	 	-8.38596 	 0
3.30629	 	-8.46293	 	-0.303916	 	3.30629	 	-8.46293 	 0
4.32832	 	-8.47206	 	-0.300866	 	4.32832	 	-8.47206 	 0
5.38741	 	-8.45191	 	-0.324873	 	5.38741	 	-8.45191 	 0
6.39546	 	-8.41782	 	-0.296786	 	6.39546	 	-8.41782 	 0
7.45855	 	-8.41697	 	-0.301233	 	7.45855	 	-8.41697 	 0
8.4595	 	-8.38517	 	-0.309369	 	8.4595	 	-8.38517 	 0
9.55403	 	-8.36932	 	-0.33901	 	9.55403	 	-8.36932 	 0
10.5703	 	-8.39989	 	-0.291541	 	10.5703	 	-8.39989 	 0
-12.1628	 	-8.40044	 	-0.343302	 	11.6232	 	-8.40044 	 0
-11.1756	 	-8.42455	 	-0.289762	 	-11.1756	 	-8.42455 	 0
-10.1604	 	-8.37179	 	-0.328029	 	-10.1604	 	-8.37179 	 0
-9.0639	 	-8.388	 	-0.321007	 	-9.0639	 	-8.388 	 0
-8.02975	 	-8.41192	 	-0.307402	 	-8.02975	 	-8.41192 	 0
-7.01973	 	-8.39471	 	-0.329289	 	-7.01973	 	-8.39471 	 0
-5.95078	 	-8.43111	 	-0.314115	 	-5.95078	 	-8.43111 	 0
-4.97545	 	-8.43038	 	-0.302935	 	-4.97545	 	-8.43038 	 0
-3.937	 	-8.46025	 	-0.34828	 	-3.937	 	-8.46025 	 0
-2.87537	 	-8.41185	 	-0.32689	 	-2.87537	 	-8.41185 	 0
-1.86444	 	-8.48436	 	-0.311777	 	-1.86444	 	-8.48436 	 0
-0.849649	 	-7.35688	 	-0.306626	 	-0.849649	 	-7.35688 	 0
0.150281	 	-7.32957	 	-0.322003	 	0.150281	 	-7.32957 	 0
1.24419	 	-7.3705	 	-0.313234	 	1.24419	 	-7.3705 	 0
2.29785	 	-7.36812	 	-0.327401	 	2.29785	 	-7.36812 	 0
3.3128	 	-7.37949	 	-0.340579	 	3.3128	 	-7.37949 	 0
4.36371	 	-7.42777	 	-0.319112	 	4.36371	 	-7.42777 	 0
5.40381	 	-7.423	 	-0.320586	 	5.40381	 	-7.423 	 0
6.41853	 	-7.40802	 	-0.308528	 	6.41853	 	-7.40802 	 0
7.42736	 	-7.39646	 	-0.29629	 	7.42736	 	-7.39646 	 0
8.54179	 	-7.37354	 	-0.302728	 	8.54179	 	-7.37354 	 0
9.55154	 	-7.33753	 	-0.3005	 	9.55154	 	-7.33753 	 0
10.534	 	-7.42439	 	-0.343908	 	10.534	 	-7.42439 	 0
-12.2389	 	-7.32067	 	-0.326023	 	11.5471	 	-7.32067 	 0
-11.1973	 	-7.33317	 	-0.309124	 	-11.1973	 	-7.33317 	 0
-10.1179	 	-7.28968	 	-0.339783	 	-10.1179	 	-7.28968 	 0
-9.10581	 	-7.31661	 	-0.315728	 	-9.10581	 	-7.31661 	 0
-8.06487	 	-7.34118	 	-0.30677	 	-8.06487	 	-7.34118 	 0
-7.0254	 	-7.40322	 	-0.317302	 	-7.0254	 	-7.40322 	 0
-5.9897	 	-7.3578	 	-0.323752	 	-5.9897	 	-7.3578 	 0
-4.96472	 	-7.36919	 	-0.356243	 	-4.96472	 	-7.36919 	 0
-3.92374	 	-7.44945	 	-0.324046	 	-3.92374	 	-7.44945 	 0
-2.97825	 	-7.39465	 	-0.322548	 	-2.97825	 	-7.39465 	 0
-1.87292	 	-7.42212	 	-0.313359	 	-1.87292	 	-7.42212 	 0
-0.803986	 	-6.34977	 	-0.33029	 	-0.803986	 	-6.34977 	 0
0.214172	 	-6.34669	 	-0.33024	 	0.214172	 	-6.34669 	 0
1.227	 	-6.3631	 	-0.336317	 	1.227	 	-6.3631 	 0
2.23892	 	-6.3428	 	-0.330916	 	2.23892	 	-6.3428 	 0
3.28683	 	-6.37746	 	-0.291124	 	3.28683	 	-6.37746 	 0
4.29138	 	-6.38013	 	-0.30714	 	4.29138	 	-6.38013 	 0
5.3912	 	-6.36572	 	-0.321389	 	5.3912	 	-6.36572 	 0
6.37305	 	-6.36502	 	-0.319862	 	6.37305	 	-6.36502 	 0
7.50326	 	-6.38199	 	-0.319779	 	7.50326	 	-6.38199 	 0
8.52694	 	-6.30777	 	-0.324614	 	8.52694	 	-6.30777 	 0
9.53079	 	-6.34338	 	-0.326759	 	9.53079	 	-6.34338 	 0
10.5473	 	-6.28394	 	-0.325914	 	10.5473	 	-6.28394 	 0
-12.208	 	-6.29251	 	-0.309281	 	11.578	 	-6.29251 	 0
-11.2124	 	-6.29367	 	-0.322849	 	-11.2124	 	-6.29367 	 0
-10.1736	 	-6.2722	 	-0.312707	 	-10.1736	 	-6.2722 	 0
-9.15547	 	-6.30692	 	-0.322147	 	-9.15547	 	-6.30692 	 0
-8.00739	 	-6.34016	 	-0.328134	 	-8.00739	 	-6.34016 	 0
-7.00488	 	-6.35334	 	-0.295654	 	-7.00488	 	-6.35334 	 0
-5.97539	 	-6.37251	 	-0.323101	 	-5.97539	 	-6.37251 	 0
-4.93955	 	-6.36991	 	-0.344896	 	-4.93955	 	-6.36991 	 0
-3.88199	 	-6.37416	 	-0.296671	 	-3.88199	 	-6.37416 	 0
-2.86109	 	-6.40226	 	-0.320095	 	-2.86109	 	-6.40226 	 0
-1.82217	 	-6.37115	 	-0.314657	 	-1.82217	 	-6.37115 	 0
-0.80028	 	-5.35639	 	-0.301068	 	-0.80028	 	-5.35639 	 0
0.225417	 	-5.30773	 	-0.314071	 	0.225417	 	-5.30773 	 0
1.20048	 	-5.32131	 	-0.294991	 	1.20048	 	-5.32131 	 0
2.20873	 	-5.28932	 	-0.333368	 	2.20873	 	-5.28932 	 0
3.33153	 	-5.30232	 	-0.313427	 	3.33153	 	-5.30232 	 0
4.32114	 	-5.33548	 	-0.325099	 	4.32114	 	-5.33548 	 0
5.33638	 	-5.29762	 	-0.329013	 	5.33638	 	-5.29762 	 0
6.41961	 	-5.30904	 	-0.32341	 	6.41961	 	-5.30904 	 0
7.44917	 	-5.33986	 	-0.30869	 	7.44917	 	-5.33986 	 0
8.42301	 	-5.29355	 	-0.285985	 	8.42301	 	-5.29355 	 0
9.43124	 	-5.32121	 	-0.311427	 	9.43124	 	-5.32121 	 0
10.536	 	-5.26709	 	-0.305852	 	10.536	 	-5.26709 	 0
-12.253	 	-5.25894	 	-0.311582	 	11.533	 	-5.25894 	 0
-11.1155	 	-5.27259	 	-0.317844	 	-11.1155	 	-5.27259 	 0
-10.1391	 	-5.2563	 	-0.280479	 	-10.1391	 	-5.2563 	 0
-9.05722	 	-5.32832	 	-0.315595	 	-9.05722	 	-5.32832 	 0
-7.97962	 	-5.33549	 	-0.334669	 	-7.97962	 	-5.33549 	 0
-6.95464	 	-5.1939	 	-0.296012	 	-6.95464	 	-5.1939 	 0
-5.92755	 	-5.22264	 	-0.3332	 	-5.92755	 	-5.22264 	 0
-4.8983	 	-5.30047	 	-0.334003	 	-4.8983	 	-5.30047 	 0
-3.85593	 	-5.35317	 	-0.339071	 	-3.85593	 	-5.35317 	 0
-2.80563	 	-5.32036	 	-0.333338	 	-2.80563	 	-5.32036 	 0
-1.81759	 	-5.38137	 	-0.318671	 	-1.81759	 	-5.38137 	 0
-0.815513	 	-4.30113	 	-0.303286	 	-0.815513	 	-4.30113 	 0
0.187711	 	-4.25672	 	-0.301109	 	0.187711	 	-4.25672 	 0
1.24564	 	-4.27063	 	-0.339534	 	1.24564	 	-4.27063 	 0
2.2713	 	-4.28858	 	-0.292921	 	2.2713	 	-4.28858 	 0
3.28524	 	-4.26624	 	-0.341342	 	3.28524	 	-4.26624 	 0
4.34384	 	-4.27156	 	-0.349975	 	4.34384	 	-4.27156 	 0
5.34599	 	-4.30296	 	-0.326219	 	5.34599	 	-4.30296 	 0
6.40419	 	-4.27187	 	-0.326129	 	6.40419	 	-4.27187 	 0
7.43218	 	-4.28127	 	-0.3076	 	7.43218	 	-4.28127 	 0
8.39682	 	-4.25414	 	-0.308226	 	8.39682	 	-4.25414 	 0
9.53879	 	-4.21764	 	-0.346144	 	9.53879	 	-4.21764 	 0
10.5241	 	-4.20283	 	-0.309705	 	10.5241	 	-4.20283 	 0
-12.2373	 	-4.25963	 	-0.308957	 	11.5487	 	-4.25963 	 0
-11.1691	 	-4.21067	 	-0.298643	 	-11.1691	 	-4.21067 	 0
-10.2081	 	-4.26817	 	-0.316026	 	-10.2081	 	-4.26817 	 0
-9.16115	 	-4.265	 	-0.326591	 	-9.16115	 	-4.265 	 0
-8.02678	 	-4.24874	 	-0.315963	 	-8.02678	 	-4.24874 	 0
-7.00449	 	-4.19571	 	-0.28486	 	-7.00449	 	-4.19571 	 0
-5.99225	 	-4.19698	 	-0.329621	 	-5.99225	 	-4.19698 	 0
-4.88033	 	-4.27538	 	-0.326191	 	-4.88033	 	-4.27538 	 0
-3.87595	 	-4.35515	 	-0.309108	 	-3.87595	 	-4.35515 	 0
-2.85773	 	-4.28335	 	-0.307128	 	-2.85773	 	-4.28335 	 0
-1.84037	 	-4.31743	 	-0.316646	 	-1.84037	 	-4.31743 	 0
-0.749554	 	-3.28189	 	-0.320615	 	-0.749554	 	-3.28189 	 0
0.233187	 	-3.27455	 	-0.342927	 	0.233187	 	-3.27455 	 0
1.23447	 	-3.24512	 	-0.331308	 	1.23447	 	-3.24512 	 0
2.30887	 	-3.26566	 	-0.303627	 	2.30887	 	-3.26566 	 0
3.33472	 	-3.28402	 	-0.317886	 	3.33472	 	-3.28402 	 0
4.34047	 	-3.2168	 	-0.346478	 	4.34047	 	-3.2168 	 0
5.38637	 	-3.26863	 	-0.314575	 	5.38637	 	-3.26863 	 0
6.40622	 	-3.24201	 	-0.30418	 	6.40622	 	-3.24201 	 0
7.41951	 	-3.21739	 	-0.316479	 	7.41951	 	-3.21739 	 0
8.46452	 	-3.17104	 	-0.293711	 	8.46452	 	-3.17104 	 0
9.48565	 	-3.22824	 	-0.332149	 	9.48565	 	-3.22824 	 0
10.5772	 	-3.19351	 	-0.29865	 	10.5772	 	-3.19351 	 0
-12.1527	 	-3.20874	 	-0.305488	 	11.6333	 	-3.20874 	 0
-11.202	 	-3.2209	 	-0.312518	 	-11.202	 	-3.2209 	 0
-10.1056	 	-3.20212	 	-0.329755	 	-10.1056	 	-3.20212 	 0
-9.09353	 	-3.16872	 	-0.308056	 	-9.09353	 	-3.16872 	 0
-8.12748	 	-3.15418	 	-0.323021	 	-8.12748	 	-3.15418 	 0
-7.05254	 	-3.19466	 	-0.325874	 	-7.05254	 	-3.19466 	 0
-6.00038	 	-3.22259	 	-0.304809	 	-6.00038	 	-3.22259 	 0
-4.97651	 	-3.229	 	-0.313194	 	-4.97651	 	-3.229 	 0
-3.93998	 	-3.26994	 	-0.291915	 	-3.93998	 	-3.26994 	 0
-2.83768	 	-3.23083	 	-0.332293	 	-2.83768	 	-3.23083 	 0
-1.80072	 	-3.2598	 	-0.329849	 	-1.80072	 	-3.2598 	 0
-0.804455	 	-2.20513	 	-0.327333	 	-0.804455	 	-2.20513 	 0
0.225836	 	-2.16144	 	-0.325492	 	0.225836	 	-2.16144 	 0
1.29219	 	-2.2419	 	-0.331408	 	1.29219	 	-2.2419 	 0
2.32151	 	-2.20858	 	-0.320567	 	2.32151	 	-2.20858 	 0
3.31799	 	-2.18902	 	-0.353915	 	3.31799	 	-2.18902 	 0
4.31168	 	-2.19478	 	-0.324806	 	4.31168	 	-2.19478 	 0
5.34105	 	-2.23783	 	-0.280644	 	5.34105	 	-2.23783 	 0
6.39099	 	-2.25546	 	-0.313152	 	6.39099	 	-2.25546 	 0
7.42425	 	-2.18702	 	-0.319083	 	7.42425	 	-2.18702 	 0
8.42137	 	-2.17748	 	-0.338638	 	8.42137	 	-2.17748 	 0
9.50512	 	-2.18594	 	-0.328741	 	9.50512	 	-2.18594 	 0
10.5514	 	-2.20224	 	-0.318553	 	10.5514	 	-2.20224 	 0
-12.1714	 	-2.20691	 	-0.326833	 	11.6146	 	-2.20691 	 0
-11.1328	 	-2.17973	 	-0.296111	 	-11.1328	 	-2.17973 	 0
-10.1213	 	-2.2051	 	-0.315702	 	-10.1213	 	-2.2051 	 0
-9.13507	 	-2.14161	 	-0.31348	 	-9.13507	 	-2.14161 	 0
-8.1136	 	-2.10052	 	-0.308419	 	-8.1136	 	-2.10052 	 0
-7.0587	 	-2.23858	 	-0.311034	 	-7.0587	 	-2.23858 	 0
-5.9925	 	-2.18025	 	-0.322478	 	-5.9925	 	-2.18025 	 0
-4.94221	 	-2.17025	 	-0.30177	 	-4.94221	 	-2.17025 	 0
-3.84208	 	-2.28312	 	-0.312935	 	-3.84208	 	-2.28312 	 0
-2.82373	 	-2.21738	 	-0.292405	 	-2.82373	 	-2.21738 	 0
-1.78393	 	-2.22899	 	-0.314954	 	-1.78393	 	-2.22899 	 0
-0.832187	 	-1.12581	 	-0.322776	 	-0.832187	 	-1.12581 	 0
0.175867	 	-1.15704	 	-0.310271	 	0.175867	 	-1.15704 	 0
1.21855	 	-1.17477	 	-0.321643	 	1.21855	 	-1.17477 	 0
2.26559	 	-1.20073	 	-0.333801	 	2.26559	 	-1.20073 	 0
3.28725	 	-1.17393	 	-0.303535	 	3.28725	 	-1.17393 	 0
4.34285	 	-1.16459	 	-0.321306	 	4.34285	 	-1.16459 	 0
5.39086	 	-1.16042	 	-0.313208	 	5.39086	 	-1.16042 	 0
6.39	 	-1.19257	 	-0.306519	 	6.39	 	-1.19257 	 0
7.36672	 	-1.17756	 	-0.332795	 	7.36672	 	-1.17756 	 0
8.41102	 	-1.14851	 	-0.3472	 	8.41102	 	-1.14851 	 0
9.47122	 	-1.1323	 	-0.284333	 	9.47122	 	-1.1323 	 0
10.5553	 	-1.17275	 	-0.333263	 	10.5553	 	-1.17275 	 0
-12.2157	 	-1.15235	 	-0.304584	 	11.5704	 	-1.15235 	 0
-11.1044	 	-1.16794	 	-0.318341	 	-11.1044	 	-1.16794 	 0
-10.0567	 	-1.18054	 	-0.322438	 	-10.0567	 	-1.18054 	 0
-9.03535	 	-1.11451	 	-0.318225	 	-9.03535	 	-1.11451 	 0
-8.01633	 	-1.11848	 	-0.327181	 	-8.01633	 	-1.11848 	 0
-7.00241	 	-1.13809	 	-0.327582	 	-7.00241	 	-1.13809 	 0
-5.98486	 	-1.16854	 	-0.314632	 	-5.98486	 	-1.16854 	 0
-4.92586	 	-1.18351	 	-0.327941	 	-4.92586	 	-1.18351 	 0
-3.9152	 	-1.24158	 	-0.294497	 	-3.9152	 	-1.24158 	 0
-2.79209	 	-1.19494	 	-0.275171	 	-2.79209	 	-1.19494 	 0
-1.79398	 	-1.13087	 	-0.309503	 	-1.79398	 	-1.13087 	 0
-0.36733	 	0.407702	 	0.311096	 	-0.36733	 	0.407702 	 0
0.685499	 	0.397617	 	0.324724	 	0.685499	 	0.397617 	 0
1.67727	 	0.345681	 	0.317472	 	1.67727	 	0.345681 	 0
2.75922	 	0.380309	 	0.312149	 	2.75922	 	0.380309 	 0
3.80824	 	0.372687	 	0.312667	 	3.80824	 	0.372687 	 0
4.78989	 	0.35877	 	0.314269	 	4.78989	 	0.35877 	 0
5.80735	 	0.415045	 	0.322006	 	5.80735	 	0.415045 	 0
6.88446	 	0.389831	 	0.296795	 	6.88446	 	0.389831 	 0
7.96289	 	0.418708	 	0.32684	 	7.96289	 	0.418708 	 0
8.9817	 	0.387372	 	0.343524	 	8.9817	 	0.387372 	 0
10.0453	 	0.443209	 	0.297439	 	10.0453	 	0.443209 	 0
-12.685	 	0.351968	 	0.341413	 	11.101	 	0.351968 	 0
-11.6876	 	0.377179	 	0.317094	 	-11.6876	 	0.377179 	 0
-10.6315	 	0.370426	 	0.30136	 	-10.6315	 	0.370426 	 0
-9.64898	 	0.380451	 	0.313471	 	-9.64898	 	0.380451 	 0
-8.62832	 	0.398722	 	0.3264	 	-8.62832	 	0.398722 	 0
-7.56168	 	0.439221	 	0.345862	 	-7.56168	 	0.439221 	 0
-6.54317	 	0.37741	 	0.297615	 	-6.54317	 	0.37741 	 0
-5.50509	 	0.374971	 	0.314698	 	-5.50509	 	0.374971 	 0
-4.43308	 	0.367902	 	0.33898	 	-4.43308	 	0.367902 	 0
-3.43595	 	0.378837	 	0.301485	 	-3.43595	 	0.378837 	 0
-2.39006	 	0.326525	 	0.319752	 	-2.39006	 	0.326525 	 0
-1.32929	 	0.381478	 	0.316254	 	-1.32929	 	0.381478 	 0
-0.410974	 	1.41525	 	0.321246	 	-0.410974	 	1.41525 	 0
0.623491	 	1.46957	 	0.326298	 	0.623491	 	1.46957 	 0
1.7249	 	1.37346	 	0.328775	 	1.7249	 	1.37346 	 0
2.74251	 	1.38192	 	0.306631	 	2.74251	 	1.38192 	 0
3.71989	 	1.45536	 	0.334415	 	3.71989	 	1.45536 	 0
4.77381	 	1.41636	 	0.295861	 	4.77381	 	1.41636 	 0
5.80815	 	1.4355	 	0.332107	 	5.80815	 	1.4355 	 0
6.86625	 	1.42236	 	0.324203	 	6.86625	 	1.42236 	 0
7.87034	 	1.46048	 	0.310658	 	7.87034	 	1.46048 	 0
8.98418	 	1.4105	 	0.305747	 	8.98418	 	1.4105 	 0
10.0676	 	1.43293	 	0.315029	 	10.0676	 	1.43293 	 0
-12.7222	 	1.44246	 	0.334597	 	11.0639	 	1.44246 	 0
-11.6856	 	1.41256	 	0.332274	 	-11.6856	 	1.41256 	 0
-10.6663	 	1.44517	 	0.349905	 	-10.6663	 	1.44517 	 0
-9.63566	 	1.44559	 	0.31711	 	-9.63566	 	1.44559 	 0
-8.59321	 	1.43559	 	0.316538	 	-8.59321	 	1.43559 	 0
-7.59367	 	1.46138	 	0.315764	 	-7.59367	 	1.46138 	 0
-6.57446	 	1.45274	 	0.341267	 	-6.57446	 	1.45274 	 0
-5.54439	 	1.37834	 	0.314614	 	-5.54439	 	1.37834 	 0
-4.48961	 	1.40162	 	0.323993	 	-4.48961	 	1.40162 	 0
-3.43098	 	1.38222	 	0.294497	 	-3.43098	 	1.38222 	 0
-2.45294	 	1.40972	 	0.312654	 	-2.45294	 	1.40972 	 0
-1.47084	 	1.40092	 	0.339489	 	-1.47084	 	1.40092 	 0
-0.437127	 	2.47868	 	0.333136	 	-0.437127	 	2.47868 	 0
0.660382	 	2.50912	 	0.328229	 	0.660382	 	2.50912 	 0
1.69902	 	2.4239	 	0.315582	 	1.69902	 	2.4239 	 0
2.75716	 	2.42028	 	0.328562	 	2.75716	 	2.42028 	 0
3.74005	 	2.44519	 	0.32298	 	3.74005	 	2.44519 	 0
4.72613	 	2.44458	 	0.323261	 	4.72613	 	2.44458 	 0
5.8236	 	2.47446	 	0.295103	 	5.8236	 	2.47446 	 0
6.90539	 	2.50824	 	0.326531	 	6.90539	 	2.50824 	 0
7.96083	 	2.49733	 	0.310454	 	7.96083	 	2.49733 	 0
8.99697	 	2.47034	 	0.31211	 	8.99697	 	2.47034 	 0
10.0522	 	2.48765	 	0.34397	 	10.0522	 	2.48765 	 0
-12.7078	 	2.43491	 	0.318526	 	11.0782	 	2.43491 	 0
-11.7041	 	2.46079	 	0.333964	 	-11.7041	 	2.46079 	 0
-10.6752	 	2.47619	 	0.313332	 	-10.6752	 	2.47619 	 0
-9.63814	 	2.52035	 	0.297141	 	-9.63814	 	2.52035 	 0
-8.58342	 	2.49223	 	0.320602	 	-8.58342	 	2.49223 	 0
-7.60465	 	2.4637	 	0.335376	 	-7.60465	 	2.4637 	 0
-6.55561	 	2.47553	 	0.343611	 	-6.55561	 	2.47553 	 0
-5.49963	 	2.40897	 	0.321952	 	-5.49963	 	2.40897 	 0
-4.53506	 	2.39029	 	0.315588	 	-4.53506	 	2.39029 	 0
-3.54524	 	2.42572	 	0.365688	 	-3.54524	 	2.42572 	 0
-2.48374	 	2.40682	 	0.334139	 	-2.48374	 	2.40682 	 0
-1.48846	 	2.44725	 	0.336978	 	-1.48846	 	2.44725 	 0
-0.352013	 	3.51625	 	0.336503	 	-0.352013	 	3.51625 	 0
0.695113	 	3.49207	 	0.285554	 	0.695113	 	3.49207 	 0
1.72438	 	3.43568	 	0.333249	 	1.72438	 	3.43568 	 0
2.74503	 	3.45663	 	0.303969	 	2.74503	 	3.45663 	 0
3.76024	 	3.51989	 	0.298111	 	3.76024	 	3.51989 	 0
4.78872	 	3.53764	 	0.317377	 	4.78872	 	3.53764 	 0
5.78491	 	3.49981	 	0.316825	 	5.78491	 	3.49981 	 0
6.87888	 	3.51519	 	0.32779	 	6.87888	 	3.51519 	 0
7.9277	 	3.52169	 	0.313194	 	7.9277	 	3.52169 	 0
8.92846	 	3.49157	 	0.323951	 	8.92846	 	3.49157 	 0
10.0155	 	3.47443	 	0.334372	 	10.0155	 	3.47443 	 0
-12.734	 	3.46633	 	0.322974	 	11.052	 	3.46633 	 0
-11.6679	 	3.49207	 	0.305988	 	-11.6679	 	3.49207 	 0
-10.6727	 	3.47231	 	0.321864	 	-10.6727	 	3.47231 	 0
-9.6082	 	3.50043	 	0.301159	 	-9.6082	 	3.50043 	 0
-8.54284	 	3.54456	 	0.296051	 	-8.54284	 	3.54456 	 0
-7.56015	 	3.50549	 	0.303519	 	-7.56015	 	3.50549 	 0
-6.54773	 	3.47511	 	0.305676	 	-6.54773	 	3.47511 	 0
-5.5096	 	3.5061	 	0.323272	 	-5.5096	 	3.5061 	 0
-4.48654	 	3.43912	 	0.325915	 	-4.48654	 	3.43912 	 0
-3.48913	 	3.41357	 	0.311104	 	-3.48913	 	3.41357 	 0
-2.4195	 	3.44672	 	0.315187	 	-2.4195	 	3.44672 	 0
-1.38758	 	3.50735	 	0.325823	 	-1.38758	 	3.50735 	 0
-0.349246	 	4.53354	 	0.313871	 	-0.349246	 	4.53354 	 0
0.692646	 	4.5421	 	0.297011	 	0.692646	 	4.5421 	 0
1.69696	 	4.57411	 	0.317743	 	1.69696	 	4.57411 	 0
2.74778	 	4.49856	 	0.299548	 	2.74778	 	4.49856 	 0
3.79413	 	4.51565	 	0.332121	 	3.79413	 	4.51565 	 0
4.80842	 	4.55448	 	0.325585	 	4.80842	 	4.55448 	 0
5.83897	 	4.52369	 	0.29231	 	5.83897	 	4.52369 	 0
6.88586	 	4.51949	 	0.25734	 	6.88586	 	4.51949 	 0
7.94937	 	4.52961	 	0.308482	 	7.94937	 	4.52961 	 0
9.01549	 	4.48973	 	0.308158	 	9.01549	 	4.48973 	 0
10.0524	 	4.5354	 	0.314132	 	10.0524	 	4.5354 	 0
-12.7297	 	4.48422	 	0.318223	 	11.0563	 	4.48422 	 0
-11.7316	 	4.57411	 	0.311183	 	-11.7316	 	4.57411 	 0
-10.6835	 	4.59096	 	0.290038	 	-10.6835	 	4.59096 	 0
-9.65808	 	4.58237	 	0.30405	 	-9.65808	 	4.58237 	 0
-8.63314	 	4.56055	 	0.302325	 	-8.63314	 	4.56055 	 0
-7.55465	 	4.51967	 	0.350189	 	-7.55465	 	4.51967 	 0
-6.56888	 	4.53007	 	0.306148	 	-6.56888	 	4.53007 	 0
-5.51429	 	4.51296	 	0.310605	 	-5.51429	 	4.51296 	 0
-4.47512	 	4.52204	 	0.333663	 	-4.47512	 	4.52204 	 0
-3.48125	 	4.45613	 	0.313143	 	-3.48125	 	4.45613 	 0
-2.4114	 	4.46637	 	0.333682	 	-2.4114	 	4.46637 	 0
-1.38197	 	4.51319	 	0.318951	 	-1.38197	 	4.51319 	 0
-0.333208	 	5.54605	 	0.324752	 	-0.333208	 	5.54605 	 0
0.696207	 	5.58043	 	0.313012	 	0.696207	 	5.58043 	 0
1.72669	 	5.58545	 	0.31983	 	1.72669	 	5.58545 	 0
2.772	 	5.56312	 	0.309959	 	2.772	 	5.56312 	 0
3.79922	 	5.54059	 	0.315264	 	3.79922	 	5.54059 	 0
4.82566	 	5.57153	 	0.301957	 	4.82566	 	5.57153 	 0
5.84052	 	5.5399	 	0.308562	 	5.84052	 	5.5399 	 0
6.85847	 	5.54086	 	0.295551	 	6.85847	 	5.54086 	 0
7.95938	 	5.60984	 	0.333496	 	7.95938	 	5.60984 	 0
8.98819	 	5.55553	 	0.323948	 	8.98819	 	5.55553 	 0
10.0063	 	5.57776	 	0.314701	 	10.0063	 	5.57776 	 0
-12.7117	 	5.50452	 	0.299415	 	11.0744	 	5.50452 	 0
-11.6638	 	5.56913	 	0.316331	 	-11.6638	 	5.56913 	 0
-10.632	 	5.59281	 	0.30022	 	-10.632	 	5.59281 	 0
-9.64125	 	5.57471	 	0.338494	 	-9.64125	 	5.57471 	 0
-8.60094	 	5.56819	 	0.320458	 	-8.60094	 	5.56819 	 0
-7.58271	 	5.56127	 	0.307716	 	-7.58271	 	5.56127 	 0
-6.48718	 	5.58225	 	0.306122	 	-6.48718	 	5.58225 	 0
-5.52073	 	5.52021	 	0.30154	 	-5.52073	 	5.52021 	 0
-4.50683	 	5.56539	 	0.316756	 	-4.50683	 	5.56539 	 0
-3.40764	 	5.53573	 	0.303278	 	-3.40764	 	5.53573 	 0
-2.3856	 	5.52026	 	0.339248	 	-2.3856	 	5.52026 	 0
-1.40717	 	5.56734	 	0.325864	 	-1.40717	 	5.56734 	 0
-0.304853	 	6.6313	 	0.312359	 	-0.304853	 	6.6313 	 0
0.75453	 	6.65491	 	0.313346	 	0.75453	 	6.65491 	 0
1.78014	 	6.64086	 	0.338397	 	1.78014	 	6.64086 	 0
2.75786	 	6.61739	 	0.334769	 	2.75786	 	6.61739 	 0
3.81429	 	6.60407	 	0.311772	 	3.81429	 	6.60407 	 0
4.79656	 	6.61426	 	0.32037	 	4.79656	 	6.61426 	 0
5.84614	 	6.58364	 	0.301427	 	5.84614	 	6.58364 	 0
6.88349	 	6.59578	 	0.328765	 	6.88349	 	6.59578 	 0
7.91431	 	6.63378	 	0.339879	 	7.91431	 	6.63378 	 0
9.00953	 	6.56791	 	0.323096	 	9.00953	 	6.56791 	 0
10.0478	 	6.56833	 	0.297661	 	10.0478	 	6.56833 	 0
-12.7613	 	6.58747	 	0.319429	 	11.0247	 	6.58747 	 0
-11.7128	 	6.59457	 	0.323536	 	-11.7128	 	6.59457 	 0
-10.6994	 	6.6227	 	0.314166	 	-10.6994	 	6.6227 	 0
-9.61483	 	6.59059	 	0.331754	 	-9.61483	 	6.59059 	 0
-8.59319	 	6.59314	 	0.333292	 	-8.59319	 	6.59314 	 0
-7.53655	 	6.61483	 	0.351592	 	-7.53655	 	6.61483 	 0
-6.4672	 	6.59702	 	0.321231	 	-6.4672	 	6.59702 	 0
-5.48076	 	6.58722	 	0.312982	 	-5.48076	 	6.58722 	 0
-4.45607	 	6.53748	 	0.316284	 	-4.45607	 	6.53748 	 0
-3.41864	 	6.54484	 	0.295593	 	-3.41864	 	6.54484 	 0
-2.40869	 	6.57001	 	0.310599	 	-2.40869	 	6.57001 	 0
-1.35224	 	6.57687	 	0.326501	 	-1.35224	 	6.57687 	 0
-0.280141	 	7.61796	 	0.31609	 	-0.280141	 	7.61796 	 0
0.755365	 	7.67546	 	0.291279	 	0.755365	 	7.67546 	 0
1.7871	 	7.59438	 	0.323146	 	1.7871	 	7.59438 	 0
2.76838	 	7.6261	 	0.280395	 	2.76838	 	7.6261 	 0
3.77861	 	7.6818	 	0.309236	 	3.77861	 	7.6818 	 0
4.77004	 	7.59693	 	0.33785	 	4.77004	 	7.59693 	 0
5.80241	 	7.58997	 	0.303975	 	5.80241	 	7.58997 	 0
6.87525	 	7.67274	 	0.350166	 	6.87525	 	7.67274 	 0
7.92387	 	7.61721	 	0.310111	 	7.92387	 	7.61721 	 0
8.942	 	7.60895	 	0.306765	 	8.942	 	7.60895 	 0
10.0166	 	7.63248	 	0.327269	 	10.0166	 	7.63248 	 0
-12.7501	 	7.63641	 	0.333336	 	11.0359	 	7.63641 	 0
-11.7119	 	7.61503	 	0.285343	 	-11.7119	 	7.61503 	 0
-10.6155	 	7.5786	 	0.315024	 	-10.6155	 	7.5786 	 0
-9.63268	 	7.64496	 	0.31333	 	-9.63268	 	7.64496 	 0
-8.57883	 	7.61318	 	0.32237	 	-8.57883	 	7.61318 	 0
-7.52374	 	7.66317	 	0.298181	 	-7.52374	 	7.66317 	 0
-6.50029	 	7.62364	 	0.322375	 	-6.50029	 	7.62364 	 0
-5.50666	 	7.61516	 	0.297086	 	-5.50666	 	7.61516 	 0
-4.45952	 	7.59756	 	0.303122	 	-4.45952	 	7.59756 	 0
-3.43662	 	7.56406	 	0.32264	 	-3.43662	 	7.56406 	 0
-2.37408	 	7.59918	 	0.300416	 	-2.37408	 	7.59918 	 0
-1.33925	 	7.62897	 	0.311363	 	-1.33925	 	7.62897 	 0
-0.324931	 	8.65864	 	0.290277	 	-0.324931	 	8.65864 	 0
0.728546	 	8.72272	 	0.347414	 	0.728546	 	8.72272 	 0
1.76827	 	8.61756	 	0.318609	 	1.76827	 	8.61756 	 0
2.80058	 	8.66292	 	0.308438	 	2.80058	 	8.66292 	 0
3.83949	 	8.67477	 	0.338913	 	3.83949	 	8.67477 	 0
4.80967	 	8.61643	 	0.324619	 	4.80967	 	8.61643 	 0
5.92647	 	8.61494	 	0.315176	 	5.92647	 	8.61494 	 0
6.92955	 	8.68791	 	0.329438	 	6.92955	 	8.68791 	 0
7.90802	 	8.61416	 	0.313755	 	7.90802	 	8.61416 	 0
8.96069	 	8.67127	 	0.279029	 	8.96069	 	8.67127 	 0
9.98632	 	8.682	 	0.286677	 	9.98632	 	8.682 	 0
-12.719	 	8.66673	 	0.333196	 	11.0671	 	8.66673 	 0
-11.7007	 	8.62823	 	0.292177	 	-11.7007	 	8.62823 	 0
-10.654	 	8.62659	 	0.295182	 	-10.654	 	8.62659 	 0
-9.59359	 	8.69714	 	0.318187	 	-9.59359	 	8.69714 	 0
-8.59399	 	8.66345	 	0.331192	 	-8.59399	 	8.66345 	 0
-7.54748	 	8.68084	 	0.298872	 	-7.54748	 	8.68084 	 0
-6.49223	 	8.71707	 	0.298242	 	-6.49223	 	8.71707 	 0
-5.46381	 	8.67408	 	0.304817	 	-5.46381	 	8.67408 	 0
-4.42807	 	8.67471	 	0.329711	 	-4.42807	 	8.67471 	 0
-3.39261	 	8.6265	 	0.336243	 	-3.39261	 	8.6265 	 0
-2.34307	 	8.64337	 	0.324187	 	-2.34307	 	8.64337 	 0
-1.31477	 	8.69349	 	0.329273	 	-1.31477	 	8.69349 	 0
-0.290841	 	9.6842	 	0.333774	 	-0.290841	 	9.6842 	 0
0.766059	 	9.7164	 	0.328896	 	0.766059	 	9.7164 	 0
1.75608	 	9.65176	 	0.337141	 	1.75608	 	9.65176 	 0
2.80228	 	9.68606	 	0.304007	 	2.80228	 	9.68606 	 0
3.86464	 	9.72241	 	0.321939	 	3.86464	 	9.72241 	 0
4.85733	 	9.65722	 	0.311031	 	4.85733	 	9.65722 	 0
5.90068	 	9.69748	 	0.353482	 	5.90068	 	9.69748 	 0
6.92027	 	9.69786	 	0.321601	 	6.92027	 	9.69786 	 0
7.96205	 	9.67254	 	0.340038	 	7.96205	 	9.67254 	 0
8.98358	 	9.73368	 	0.312689	 	8.98358	 	9.73368 	 0
9.98452	 	9.71576	 	0.344547	 	9.98452	 	9.71576 	 0
-12.7724	 	9.66638	 	0.330295	 	11.0137	 	9.66638 	 0
-11.7102	 	9.67343	 	0.321151	 	-11.7102	 	9.67343 	 0
-10.6576	 	9.65455	 	0.32027	 	-10.6576	 	9.65455 	 0
-9.54014	 	9.67592	 	0.324086	 	-9.54014	 	9.67592 	 0
-8.50427	 	9.6967	 	0.310568	 	-8.50427	 	9.6967 	 0
-7.55226	 	9.70091	 	0.323324	 	-7.55226	 	9.70091 	 0
-6.46974	 	9.73335	 	0.313464	 	-6.46974	 	9.73335 	 0
-5.41897	 	9.66717	 	0.322028	 	-5.41897	 	9.66717 	 0
-4.41574	 	9.66644	 	0.336355	 	-4.41574	 	9.66644 	 0
-3.41113	 	9.62525	 	0.306198	 	-3.41113	 	9.62525 	 0
-2.40126	 	9.64754	 	0.298126	 	-2.40126	 	9.64754 	 0
-1.33215	 	9.73975	 	0.31963	 	-1.33215	 	9.73975 	 0
-0.320163	 	10.714	 	0.309959	 	-0.320163	 	10.714 	 0
0.690842	 	10.7484	 	0.313533	 	0.690842	 	10.7484 	 0
1.74141	 	10.7022	 	0.321666	 	1.74141	 	10.7022 	 0
2.79812	 	10.7206	 	0.324303	 	2.79812	 	10.7206 	 0
3.81417	 	10.6916	 	0.28723	 	3.81417	 	10.6916 	 0
4.92184	 	10.6848	 	0.339507	 	4.92184	 	10.6848 	 0
5.89382	 	10.7663	 	0.318404	 	5.89382	 	10.7663 	 0
6.95695	 	10.7424	 	0.285114	 	6.95695	 	10.7424 	 0
7.9819	 	10.7242	 	0.312194	 	7.9819	 	10.7242 	 0
9.00133	 	10.7151	 	0.317559	 	9.00133	 	10.7151 	 0
10.0311	 	10.7316	 	0.34142	 	10.0311	 	10.7316 	 0
-12.7535	 	10.7123	 	0.303578	 	11.0326	 	10.7123 	 0
-11.6868	 	10.6862	 	0.297029	 	-11.6868	 	10.6862 	 0
-10.6633	 	10.7679	 	0.309263	 	-10.6633	 	10.7679 	 0
-9.61502	 	10.7434	 	0.299511	 	-9.61502	 	10.7434 	 0
-8.58251	 	10.7751	 	0.312496	 	-8.58251	 	10.7751 	 0
-7.56861	 	10.7488	 	0.336852	 	-7.56861	 	10.7488 	 0
-6.50747	 	10.7688	 	0.285942	 	-6.50747	 	10.7688 	 0
-5.47466	 	10.7692	 	0.343289	 	-5.47466	 	10.7692 	 0
-4.46431	 	10.7627	 	0.343694	 	-4.46431	 	10.7627 	 0
-3.42525	 	10.7378	 	0.339978	 	-3.42525	 	10.7378 	 0
-2.39503	 	10.7332	 	0.353919	 	-2.39503	 	10.7332 	 0
-1.35845	 	10.7357	 	0.328055	 	-1.35845	 	10.7357 	 0
-0.322107	 	-11.9808	 	0.327086	 	-0.322107	 	11.8052 	 0
0.67862	 	-12.0364	 	0.322691	 	0.67862	 	11.7496 	 0
1.744	 	-12.0681	 	0.320307	 	1.744	 	11.7179 	 0
2.79333	 	-12.0777	 	0.355646	 	2.79333	 	11.7083 	 0
3.8305	 	-12.134	 	0.304674	 	3.8305	 	11.6521 	 0
4.84043	 	-11.9976	 	0.260978	 	4.84043	 	11.7884 	 0
5.89984	 	-12.0006	 	0.313238	 	5.89984	 	11.7854 	 0
6.97391	 	-12.0643	 	0.304106	 	6.97391	 	11.7217 	 0
7.95033	 	-12.0467	 	0.331525	 	7.95033	 	11.7393 	 0
9.02869	 	-12.0369	 	0.325786	 	9.02869	 	11.7491 	 0
10.021	 	-12.0032	 	0.311575	 	10.021	 	11.7829 	 0
-12.7397	 	-12.0049	 	0.332536	 	11.0463	 	11.7811 	 0
-11.6901	 	-12.0143	 	0.287801	 	-11.6901	 	11.7717 	 0
-10.6678	 	-12.001	 	0.336016	 	-10.6678	 	11.785 	 0
-9.6501	 	-12.0413	 	0.333815	 	-9.6501	 	11.7448 	 0
-8.67786	 	-11.9842	 	0.335391	 	-8.67786	 	11.8018 	 0
-7.57988	 	-11.9542	 	0.313329	 	-7.57988	 	11.8318 	 0
-6.55896	 	-11.9533	 	0.310173	 	-6.55896	 	11.8327 	 0
-5.43996	 	-12.0202	 	0.306657	 	-5.43996	 	11.7658 	 0
-4.34924	 	-12.0325	 	0.314298	 	-4.34924	 	11.7535 	 0
-3.3671	 	-12.0519	 	0.303724	 	-3.3671	 	11.7341 	 0
-2.35615	 	-12.0522	 	0.327725	 	-2.35615	 	11.7339 	 0
-1.25951	 	-12.0303	 	0.344499	 	-1.25951	 	11.7557 	 0
-0.305419	 	-11.0019	 	0.308457	 	-0.305419	 	-11.0019 	 0
0.767037	 	-11.0338	 	0.33635	 	0.767037	 	-11.0338 	 0
1.7745	 	-11.045	 	0.325615	 	1.7745	 	-11.045 	 0
2.79721	 	-11.0282	 	0.29932	 	2.79721	 	-11.0282 	 0
3.79494	 	-11.0312	 	0.335918	 	3.79494	 	-11.0312 	 0
4.89751	 	-11.02	 	0.318199	 	4.89751	 	-11.02 	 0
5.89345	 	-10.9699	 	0.336566	 	5.89345	 	-10.9699 	 0
6.89661	 	-10.9079	 	0.301718	 	6.89661	 	-10.9079 	 0
7.95028	 	-10.981	 	0.326033	 	7.95028	 	-10.981 	 0
8.90984	 	-10.8996	 	0.299198	 	8.90984	 	-10.8996 	 0
9.93436	 	-10.9664	 	0.310984	 	9.93436	 	-10.9664 	 0
-12.767	 	-10.9588	 	0.323715	 	11.019	 	-10.9588 	 0
-11.6596	 	-10.991	 	0.299411	 	-11.6596	 	-10.991 	 0
-10.6339	 	-10.9396	 	0.311987	 	-10.6339	 	-10.9396 	 0
-9.62617	 	-10.9432	 	0.340286	 	-9.62617	 	-10.9432 	 0
-8.55833	 	-10.918	 	0.308878	 	-8.55833	 	-10.918 	 0
-7.53676	 	-10.9464	 	0.301376	 	-7.53676	 	-10.9464 	 0
-6.52801	 	-10.9534	 	0.317567	 	-6.52801	 	-10.9534 	 0
-5.48053	 	-11.0044	 	0.327341	 	-5.48053	 	-11.0044 	 0
-4.35577	 	-11.0101	 	0.321755	 	-4.35577	 	-11.0101 	 0
-3.38932	 	-11.0124	 	0.31962	 	-3.38932	 	-11.0124 	 0
-2.36339	 	-11.0086	 	0.350541	 	-2.36339	 	-11.0086 	 0
-1.32085	 	-10.9907	 	0.320681	 	-1.32085	 	-10.9907 	 0
-0.271613	 	-9.98703	 	0.308132	 	-0.271613	 	-9.98703 	 0
0.775723	 	-9.94794	 	0.337411	 	0.775723	 	-9.94794 	 0
1.77462	 	-9.99764	 	0.326805	 	1.77462	 	-9.99764 	 0
2.7716	 	-10.032	 	0.340171	 	2.7716	 	-10.032 	 0
3.82424	 	-10.0232	 	0.343843	 	3.82424	 	-10.0232 	 0
4.83327	 	-9.94658	 	0.320276	 	4.83327	 	-9.94658 	 0
5.85204	 	-9.95727	 	0.346736	 	5.85204	 	-9.95727 	 0
6.87847	 	-9.96192	 	0.32817	 	6.87847	 	-9.96192 	 0
7.92758	 	-9.94335	 	0.341524	 	7.92758	 	-9.94335 	 0
8.94163	 	-9.87758	 	0.317468	 	8.94163	 	-9.87758 	 0
9.99775	 	-9.92912	 	0.308151	 	9.99775	 	-9.92912 	 0
-12.7684	 	-9.94089	 	0.303168	 	11.0176	 	-9.94089 	 0
-11.7243	 	-9.9683	 	0.340443	 	-11.7243	 	-9.9683 	 0
-10.7188	 	-9.95969	 	0.320013	 	-10.7188	 	-9.95969 	 0
-9.65041	 	-9.94049	 	0.343762	 	-9.65041	 	-9.94049 	 0
-8.61989	 	-9.907	 	0.28749	 	-8.61989	 	-9.907 	 0
-7.56232	 	-9.89748	 	0.28188	 	-7.56232	 	-9.89748 	 0
-6.50354	 	-9.95643	 	0.326792	 	-6.50354	 	-9.95643 	 0
-5.46616	 	-9.97773	 	0.333849	 	-5.46616	 	-9.97773 	 0
-4.38259	 	-9.98003	 	0.31687	 	-4.38259	 	-9.98003 	 0
-3.34574	 	-9.9818	 	0.327434	 	-3.34574	 	-9.9818 	 0
-2.37458	 	-9.98277	 	0.299272	 	-2.37458	 	-9.98277 	 0
-1.31651	 	-9.97839	 	0.348937	 	-1.31651	 	-9.97839 	 0
-0.274036	 	-8.96649	 	0.339936	 	-0.274036	 	-8.96649 	 0
0.758622	 	-8.89172	 	0.321992	 	0.758622	 	-8.89172 	 0
1.80324	 	-8.96215	 	0.327265	 	1.80324	 	-8.96215 	 0
2.80431	 	-8.97784	 	0.311833	 	2.80431	 	-8.97784 	 0
3.80223	 	-8.91685	 	0.33306	 	3.80223	 	-8.91685 	 0
4.8645	 	-8.96399	 	0.333616	 	4.8645	 	-8.96399 	 0
5.88456	 	-8.94704	 	0.312499	 	5.88456	 	-8.94704 	 0
6.92639	 	-8.93137	 	0.309068	 	6.92639	 	-8.93137 	 0
7.92649	 	-8.92218	 	0.330523	 	7.92649	 	-8.92218 	 0
8.95785	 	-8.84756	 	0.346671	 	8.95785	 	-8.84756 	 0
10.0675	 	-8.91802	 	0.315962	 	10.0675	 	-8.91802 	 0
-12.71	 	-8.9403	 	0.275805	 	11.076	 	-8.9403 	 0
-11.6702	 	-8.92037	 	0.33771	 	-11.6702	 	-8.92037 	 0
-10.625	 	-8.86805	 	0.324522	 	-10.625	 	-8.86805 	 0
-9.58543	 	-8.92439	 	0.325933	 	-9.58543	 	-8.92439 	 0
-8.54062	 	-8.91966	 	0.300419	 	-8.54062	 	-8.91966 	 0
-7.53344	 	-8.92225	 	0.309605	 	-7.53344	 	-8.92225 	 0
-6.51905	 	-8.98268	 	0.296687	 	-6.51905	 	-8.98268 	 0
-5.47241	 	-8.94594	 	0.31466	 	-5.47241	 	-8.94594 	 0
-4.45163	 	-8.97453	 	0.321607	 	-4.45163	 	-8.97453 	 0
-3.43142	 	-8.96616	 	0.308706	 	-3.43142	 	-8.96616 	 0
-2.33348	 	-8.96584	 	0.323553	 	-2.33348	 	-8.96584 	 0
-1.28376	 	-8.95162	 	0.320166	 	-1.28376	 	-8.95162 	 0
-0.316483	 	-7.88214	 	0.317584	 	-0.316483	 	-7.88214 	 0
0.697522	 	-7.8556	 	0.311742	 	0.697522	 	-7.8556 	 0
1.77386	 	-7.88981	 	0.295526	 	1.77386	 	-7.88981 	 0
2.84733	 	-7.86542	 	0.303548	 	2.84733	 	-7.86542 	 0
3.83725	 	-7.92524	 	0.313492	 	3.83725	 	-7.92524 	 0
4.90909	 	-7.9576	 	0.33502	 	4.90909	 	-7.9576 	 0
5.92571	 	-7.89632	 	0.318003	 	5.92571	 	-7.89632 	 0
6.91545	 	-7.92518	 	0.322449	 	6.91545	 	-7.92518 	 0
8.00906	 	-7.86611	 	0.291151	 	8.00906	 	-7.86611 	 0
9.00576	 	-7.86836	 	0.307924	 	9.00576	 	-7.86836 	 0
10.0166	 	-7.90128	 	0.305258	 	10.0166	 	-7.90128 	 0
-12.6713	 	-7.90376	 	0.296728	 	11.1147	 	-7.90376 	 0
-11.6072	 	-7.88296	 	0.321381	 	-11.6072	 	-7.88296 	 0
-10.6177	 	-7.76369	 	0.296268	 	-10.6177	 	-7.76369 	 0
-9.5855	 	-7.85623	 	0.310365	 	-9.5855	 	-7.85623 	 0
-8.57206	 	-7.84197	 	0.312168	 	-8.57206	 	-7.84197 	 0
-7.55718	 	-7.86378	 	0.333274	 	-7.55718	 	-7.86378 	 0
-6.50359	 	-7.91618	 	0.304374	 	-6.50359	 	-7.91618 	 0
-5.47595	 	-7.84838	 	0.304065	 	-5.47595	 	-7.84838 	 0
-4.42285	 	-7.90959	 	0.305304	 	-4.42285	 	-7.90959 	 0
-3.43955	 	-7.96812	 	0.361749	 	-3.43955	 	-7.96812 	 0
-2.37647	 	-7.91897	 	0.330004	 	-2.37647	 	-7.91897 	 0
-1.3541	 	-7.93584	 	0.32371	 	-1.3541	 	-7.93584 	 0
-0.335266	 	-6.82677	 	0.306328	 	-0.335266	 	-6.82677 	 0
0.681851	 	-6.84967	 	0.336388	 	0.681851	 	-6.84967 	 0
1.77258	 	-6.89436	 	0.308919	 	1.77258	 	-6.89436 	 0
2.79491	 	-6.84229	 	0.325885	 	2.79491	 	-6.84229 	 0
3.79826	 	-6.89479	 	0.315268	 	3.79826	 	-6.89479 	 0
4.82427	 	-6.89579	 	0.315298	 	4.82427	 	-6.89579 	 0
5.88551	 	-6.89249	 	0.325126	 	5.88551	 	-6.89249 	 0
6.93609	 	-6.82361	 	0.31077	 	6.93609	 	-6.82361 	 0
7.99595	 	-6.84126	 	0.319257	 	7.99595	 	-6.84126 	 0
9.02289	 	-6.81876	 	0.318314	 	9.02289	 	-6.81876 	 0
10.0524	 	-6.81047	 	0.335962	 	10.0524	 	-6.81047 	 0
-12.73	 	-6.78359	 	0.310167	 	11.0561	 	-6.78359 	 0
-11.7023	 	-6.80866	 	0.291811	 	-11.7023	 	-6.80866 	 0
-10.6513	 	-6.80098	 	0.31839	 	-10.6513	 	-6.80098 	 0
-9.63453	 	-6.79015	 	0.319144	 	-9.63453	 	-6.79015 	 0
-8.54137	 	-6.77311	 	0.317061	 	-8.54137	 	-6.77311 	 0
-7.54431	 	-6.84709	 	0.332501	 	-7.54431	 	-6.84709 	 0
-6.48362	 	-6.85867	 	0.337243	 	-6.48362	 	-6.85867 	 0
-5.45915	 	-6.83715	 	0.286473	 	-5.45915	 	-6.83715 	 0
-4.49075	 	-6.91756	 	0.332677	 	-4.49075	 	-6.91756 	 0
-3.46133	 	-6.86021	 	0.339153	 	-3.46133	 	-6.86021 	 0
-2.37744	 	-6.9117	 	0.308384	 	-2.37744	 	-6.9117 	 0
-1.36846	 	-6.91549	 	0.335257	 	-1.36846	 	-6.91549 	 0
-0.297638	 	-5.79749	 	0.325951	 	-0.297638	 	-5.79749 	 0
0.691146	 	-5.84535	 	0.323972	 	0.691146	 	-5.84535 	 0
1.69677	 	-5.82845	 	0.344857	 	1.69677	 	-5.82845 	 0
2.74212	 	-5.80096	 	0.300768	 	2.74212	 	-5.80096 	 0
3.82553	 	-5.78182	 	0.331393	 	3.82553	 	-5.78182 	 0
4.87856	 	-5.82972	 	0.269813	 	4.87856	 	-5.82972 	 0
5.8276	 	-5.7724	 	0.303888	 	5.8276	 	-5.7724 	 0
6.90558	 	-5.85612	 	0.334285	 	6.90558	 	-5.85612 	 0
7.96173	 	-5.87366	 	0.345229	 	7.96173	 	-5.87366 	 0
8.98694	 	-5.80981	 	0.318965	 	8.98694	 	-5.80981 	 0
10.0038	 	-5.77437	 	0.310745	 	10.0038	 	-5.77437 	 0
-12.7328	 	-5.75214	 	0.331191	 	11.0532	 	-5.75214 	 0
-11.7086	 	-5.77545	 	0.323989	 	-11.7086	 	-5.77545 	 0
-10.6554	 	-5.80999	 	0.306572	 	-10.6554	 	-5.80999 	 0
-9.58844	 	-5.7903	 	0.340459	 	-9.58844	 	-5.7903 	 0
-8.5555	 	-5.81277	 	0.337615	 	-8.5555	 	-5.81277 	 0
-7.481	 	-5.7899	 	0.305149	 	-7.481	 	-5.7899 	 0
-6.48517	 	-5.73476	 	0.305179	 	-6.48517	 	-5.73476 	 0
-5.43179	 	-5.79997	 	0.298282	 	-5.43179	 	-5.79997 	 0
-4.40476	 	-5.87345	 	0.337461	 	-4.40476	 	-5.87345 	 0
-3.34398	 	-5.83039	 	0.275293	 	-3.34398	 	-5.83039 	 0
-2.37488	 	-5.88176	 	0.335511	 	-2.37488	 	-5.88176 	 0
-1.32666	 	-5.8448	 	0.330891	 	-1.32666	 	-5.8448 	 0
-0.262013	 	-4.77489	 	0.340842	 	-0.262013	 	-4.77489 	 0
0.762942	 	-4.75554	 	0.331233	 	0.762942	 	-4.75554 	 0
1.73575	 	-4.75267	 	0.32839	 	1.73575	 	-4.75267 	 0
2.7544	 	-4.79964	 	0.34066	 	2.7544	 	-4.79964 	 0
3.82774	 	-4.7538	 	0.316293	 	3.82774	 	-4.7538 	 0
4.80229	 	-4.82901	 	0.318073	 	4.80229	 	-4.82901 	 0
5.89496	 	-4.817	 	0.277893	 	5.89496	 	-4.817 	 0
6.93818	 	-4.77052	 	0.315408	 	6.93818	 	-4.77052 	 0
7.91788	 	-4.79786	 	0.315925	 	7.91788	 	-4.79786 	 0
9.02729	 	-4.779	 	0.30251	 	9.02729	 	-4.779 	 0
10.0128	 	-4.77498	 	0.324972	 	10.0128	 	-4.77498 	 0
-12.7638	 	-4.72741	 	0.294529	 	11.0223	 	-4.72741 	 0
-11.6756	 	-4.74084	 	0.285622	 	-11.6756	 	-4.74084 	 0
-10.6418	 	-4.75051	 	0.315168	 	-10.6418	 	-4.75051 	 0
-9.61224	 	-4.82346	 	0.320306	 	-9.61224	 	-4.82346 	 0
-8.58159	 	-4.79836	 	0.292477	 	-8.58159	 	-4.79836 	 0
-7.55052	 	-4.7728	 	0.337588	 	-7.55052	 	-4.7728 	 0
-6.49584	 	-4.67398	 	0.332025	 	-6.49584	 	-4.67398 	 0
-5.36932	 	-4.71355	 	0.300159	 	-5.36932	 	-4.71355 	 0
-4.38593	 	-4.85182	 	0.314755	 	-4.38593	 	-4.85182 	 0
-3.34377	 	-4.84884	 	0.324579	 	-3.34377	 	-4.84884 	 0
-2.33622	 	-4.82827	 	0.326051	 	-2.33622	 	-4.82827 	 0
-1.32606	 	-4.79117	 	0.320794	 	-1.32606	 	-4.79117 	 0
-0.290937	 	-3.73473	 	0.325921	 	-0.290937	 	-3.73473 	 0
0.719114	 	-3.69699	 	0.336874	 	0.719114	 	-3.69699 	 0
1.7659	 	-3.73826	 	0.339663	 	1.7659	 	-3.73826 	 0
2.82897	 	-3.76889	 	0.308468	 	2.82897	 	-3.76889 	 0
3.80669	 	-3.74131	 	0.322314	 	3.80669	 	-3.74131 	 0
4.79538	 	-3.77893	 	0.314747	 	4.79538	 	-3.77893 	 0
5.82851	 	-3.78949	 	0.298665	 	5.82851	 	-3.78949 	 0
6.97745	 	-3.75716	 	0.296455	 	6.97745	 	-3.75716 	 0
7.95946	 	-3.71635	 	0.320058	 	7.95946	 	-3.71635 	 0
8.9852	 	-3.72258	 	0.320172	 	8.9852	 	-3.72258 	 0
10.0371	 	-3.7179	 	0.303237	 	10.0371	 	-3.7179 	 0
-12.7509	 	-3.73101	 	0.299986	 	11.0351	 	-3.73101 	 0
-11.7327	 	-3.76643	 	0.332895	 	-11.7327	 	-3.76643 	 0
-10.636	 	-3.72274	 	0.296873	 	-10.636	 	-3.72274 	 0
-9.64253	 	-3.78543	 	0.316754	 	-9.64253	 	-3.78543 	 0
-8.57075	 	-3.7312	 	0.292816	 	-8.57075	 	-3.7312 	 0
-7.55555	 	-3.71434	 	0.333634	 	-7.55555	 	-3.71434 	 0
-6.50304	 	-3.6596	 	0.334507	 	-6.50304	 	-3.6596 	 0
-5.43894	 	-3.72504	 	0.312629	 	-5.43894	 	-3.72504 	 0
-4.44314	 	-3.75653	 	0.315333	 	-4.44314	 	-3.75653 	 0
-3.37002	 	-3.77167	 	0.291777	 	-3.37002	 	-3.77167 	 0
-2.35032	 	-3.73935	 	0.293119	 	-2.35032	 	-3.73935 	 0
-1.32819	 	-3.80582	 	0.320187	 	-1.32819	 	-3.80582 	 0
-0.300111	 	-2.72329	 	0.307405	 	-0.300111	 	-2.72329 	 0
0.744152	 	-2.72907	 	0.305887	 	0.744152	 	-2.72907 	 0
1.79792	 	-2.74296	 	0.326472	 	1.79792	 	-2.74296 	 0
2.79668	 	-2.76431	 	0.293665	 	2.79668	 	-2.76431 	 0
3.84219	 	-2.70577	 	0.327143	 	3.84219	 	-2.70577 	 0
4.80738	 	-2.78565	 	0.329543	 	4.80738	 	-2.78565 	 0
5.8758	 	-2.7649	 	0.31984	 	5.8758	 	-2.7649 	 0
6.9586	 	-2.771	 	0.333955	 	6.9586	 	-2.771 	 0
7.90134	 	-2.7041	 	0.313449	 	7.90134	 	-2.7041 	 0
8.99449	 	-2.64829	 	0.282778	 	8.99449	 	-2.64829 	 0
10.0356	 	-2.71878	 	0.326869	 	10.0356	 	-2.71878 	 0
-12.6943	 	-2.72948	 	0.335681	 	11.0917	 	-2.72948 	 0
-11.6566	 	-2.70726	 	0.340918	 	-11.6566	 	-2.70726 	 0
-10.6045	 	-2.71283	 	0.309853	 	-10.6045	 	-2.71283 	 0
-9.60459	 	-2.6983	 	0.306636	 	-9.60459	 	-2.6983 	 0
-8.62616	 	-2.61423	 	0.307606	 	-8.62616	 	-2.61423 	 0
-7.62091	 	-2.64706	 	0.298244	 	-7.62091	 	-2.64706 	 0
-6.50156	 	-2.67483	 	0.317486	 	-6.50156	 	-2.67483 	 0
-5.42935	 	-2.67794	 	0.307101	 	-5.42935	 	-2.67794 	 0
-4.4561	 	-2.76476	 	0.310416	 	-4.4561	 	-2.76476 	 0
-3.35426	 	-2.79237	 	0.313632	 	-3.35426	 	-2.79237 	 0
-2.30903	 	-2.71624	 	0.307936	 	-2.30903	 	-2.71624 	 0
-1.27758	 	-2.78919	 	0.304003	 	-1.27758	 	-2.78919 	 0
-0.291379	 	-1.69933	 	0.332877	 	-0.291379	 	-1.69933 	 0
0.758669	 	-1.66474	 	0.30684	 	0.758669	 	-1.66474 	 0
1.75465	 	-1.7398	 	0.285892	 	1.75465	 	-1.7398 	 0
2.83352	 	-1.67139	 	0.289548	 	2.83352	 	-1.67139 	 0
3.81165	 	-1.67364	 	0.282931	 	3.81165	 	-1.67364 	 0
4.85797	 	-1.68114	 	0.293321	 	4.85797	 	-1.68114 	 0
5.85546	 	-1.70851	 	0.317553	 	5.85546	 	-1.70851 	 0
6.92497	 	-1.7251	 	0.307749	 	6.92497	 	-1.7251 	 0
7.93497	 	-1.64023	 	0.321576	 	7.93497	 	-1.64023 	 0
8.93798	 	-1.64284	 	0.307405	 	8.93798	 	-1.64284 	 0
10.0348	 	-1.67294	 	0.315136	 	10.0348	 	-1.67294 	 0
-12.7019	 	-1.68604	 	0.311805	 	11.0841	 	-1.68604 	 0
-11.685	 	-1.69193	 	0.287302	 	-11.685	 	-1.69193 	 0
-10.6374	 	-1.67826	 	0.314405	 	-10.6374	 	-1.67826 	 0
-9.61072	 	-1.66443	 	0.30513	 	-9.61072	 	-1.66443 	 0
-8.554	 	-1.62316	 	0.348188	 	-8.554	 	-1.62316 	 0
-7.54072	 	-1.6607	 	0.351501	 	-7.54072	 	-1.6607 	 0
-6.54291	 	-1.70891	 	0.291884	 	-6.54291	 	-1.70891 	 0
-5.50414	 	-1.69435	 	0.315943	 	-5.50414	 	-1.69435 	 0
-4.38682	 	-1.74864	 	0.312231	 	-4.38682	 	-1.74864 	 0
-3.34473	 	-1.75594	 	0.288438	 	-3.34473	 	-1.75594 	 0
-2.26565	 	-1.72774	 	0.310167	 	-2.26565	 	-1.72774 	 0
-1.30758	 	-1.67374	 	0.300731	 	-1.30758	 	-1.67374 	 0
-0.32249	 	-0.668805	 	0.34256	 	-0.32249	 	-0.668805 	 0
0.717082	 	-0.607057	 	0.293421	 	0.717082	 	-0.607057 	 0
1.75699	 	-0.729129	 	0.348946	 	1.75699	 	-0.729129 	 0
2.73222	 	-0.696389	 	0.287638	 	2.73222	 	-0.696389 	 0
3.78098	 	-0.658538	 	0.320178	 	3.78098	 	-0.658538 	 0
4.82395	 	-0.697951	 	0.304448	 	4.82395	 	-0.697951 	 0
5.91	 	-0.598826	 	0.324485	 	5.91	 	-0.598826 	 0
6.89161	 	-0.666975	 	0.325539	 	6.89161	 	-0.666975 	 0
7.94862	 	-0.618538	 	0.311503	 	7.94862	 	-0.618538 	 0
8.9427	 	-0.649209	 	0.301477	 	8.9427	 	-0.649209 	 0
10.0288	 	-0.647119	 	0.324151	 	10.0288	 	-0.647119 	 0
-12.7206	 	-0.602139	 	0.325881	 	11.0654	 	-0.602139 	 0
-11.7004	 	-0.699989	 	0.31785	 	-11.7004	 	-0.699989 	 0
-10.6517	 	-0.655615	 	0.299502	 	-10.6517	 	-0.655615 	 0
-9.62739	 	-0.630356	 	0.328948	 	-9.62739	 	-0.630356 	 0
-8.53156	 	-0.585939	 	0.30879	 	-8.53156	 	-0.585939 	 0
-7.55261	 	-0.628979	 	0.299124	 	-7.55261	 	-0.628979 	 0
-6.49548	 	-0.575683	 	0.306138	 	-6.49548	 	-0.575683 	 0
-5.48847	 	-0.647356	 	0.303387	 	-5.48847	 	-0.647356 	 0
-4.45192	 	-0.663294	 	0.334554	 	-4.45192	 	-0.663294 	 0
-3.43488	 	-0.714229	 	0.313996	 	-3.43488	 	-0.714229 	 0
-2.32866	 	-0.627349	 	0.324985	 	-2.32866	 	-0.627349 	 0
-1.31194	 	-0.621665	 	0.319735	 	-1.31194	 	-0.621665 	 0
