-0.688808	-0.508817	-0.290542	-0.688808	-0.508817	0
0.344267	-0.520991	-0.314853	0.344267	-0.520991	0
1.35371	-0.466013	-0.32175	1.35371	-0.466013	0
2.42642	-0.509901	-0.34691	2.42642	-0.509901	0
3.41483	-0.442786	-0.319872	3.41483	-0.442786	0
4.45051	-0.520447	-0.324809	4.45051	-0.520447	0
5.46196	-0.497806	-0.303751	5.46196	-0.497806	0
6.48828	-0.405765	-0.299614	6.48828	-0.405765	0
7.51925	-0.444591	-0.308318	7.51925	-0.444591	0
8.56685	-0.403093	-0.31635	8.56685	-0.403093	0
9.59923	-0.443346	-0.314728	9.59923	-0.443346	0
10.661	-0.425845	-0.31516	10.661	-0.425845	0
11.6919	-0.409377	-0.304691	11.6919	-0.409377	0
-11.0346	-0.342552	-0.302617	-11.0346	-0.342552	0
-9.99321	-0.439873	-0.304739	-9.99321	-0.439873	0
-9.0122	-0.46499	-0.31218	-9.0122	-0.46499	0
-7.93215	-0.457809	-0.306129	-7.93215	-0.457809	0
-6.96061	-0.454714	-0.308909	-6.96061	-0.454714	0
-5.88699	-0.43278	-0.306366	-5.88699	-0.43278	0
-4.79578	-0.472255	-0.326473	-4.79578	-0.472255	0
-3.74877	-0.471966	-0.310306	-3.74877	-0.471966	0
-2.66379	-0.496138	-0.309516	-2.66379	-0.496138	0
-1.67567	-0.5015	-0.345835	-1.67567	-0.5015	0
-0.711798	0.53353	-0.324115	-0.711798	0.53353	0
0.311935	0.516499	-0.304213	0.311935	0.516499	0
1.39145	0.499382	-0.311566	1.39145	0.499382	0
2.41025	0.5494	-0.321127	2.41025	0.5494	0
3.44141	0.564433	-0.308524	3.44141	0.564433	0
4.42092	0.53483	-0.335992	4.42092	0.53483	0
5.47006	0.606762	-0.326444	5.47006	0.606762	0
6.51144	0.589344	-0.33149	6.51144	0.589344	0
7.57979	0.564934	-0.305013	7.57979	0.564934	0
8.56057	0.627881	-0.303238	8.56057	0.627881	0
9.59181	0.580292	-0.284101	9.59181	0.580292	0
10.6425	0.628876	-0.315101	10.6425	0.628876	0
11.6776	0.653823	-0.306439	11.6776	0.653823	0
-11.0431	0.670869	-0.298571	-11.0431	0.670869	0
-10.0066	0.617808	-0.330856	-10.0066	0.617808	0
-8.88694	0.627553	-0.349103	-8.88694	0.627553	0
-7.89705	0.660844	-0.299067	-7.89705	0.660844	0
-6.94968	0.565394	-0.322578	-6.94968	0.565394	0
-5.84939	0.551249	-0.300479	-5.84939	0.551249	0
-4.80915	0.549879	-0.308843	-4.80915	0.549879	0
-3.72956	0.563464	-0.34117	-3.72956	0.563464	0
-2.71337	0.52434	-0.302597	-2.71337	0.52434	0
-1.71597	0.564845	-0.323789	-1.71597	0.564845	0
-0.758258	1.53293	-0.312839	-0.758258	1.53293	0
0.277755	1.5503	-0.325151	0.277755	1.5503	0
1.33091	1.50522	-0.329128	1.33091	1.50522	0
2.42329	1.54714	-0.333876	2.42329	1.54714	0
3.47105	1.57661	-0.318362	3.47105	1.57661	0
4.44482	1.60403	-0.323581	4.44482	1.60403	0
5.45439	1.61831	-0.293542	5.45439	1.61831	0
6.53263	1.59497	-0.342663	6.53263	1.59497	0
7.59088	1.59464	-0.324757	7.59088	1.59464	0
8.61754	1.62341	-0.323804	8.61754	1.62341	0
9.59975	1.6342	-0.320236	9.59975	1.6342	0
10.7421	1.61404	-0.278966	10.7421	1.61404	0
11.8062	1.64005	-0.322176	11.8062	1.64005	0
-10.9739	1.70843	-0.302414	-10.9739	1.70843	0
-9.96316	1.60224	-0.316301	-9.96316	1.60224	0
-8.95013	1.66632	-0.322087	-8.95013	1.66632	0
-7.94274	1.67264	-0.281791	-7.94274	1.67264	0
-6.91679	1.60295	-0.341737	-6.91679	1.60295	0
-5.84411	1.57795	-0.296464	-5.84411	1.57795	0
-4.82482	1.5936	-0.314484	-4.82482	1.5936	0
-3.78958	1.58167	-0.339557	-3.78958	1.58167	0
-2.77404	1.59912	-0.339204	-2.77404	1.59912	0
-1.76621	1.58269	-0.32034	-1.76621	1.58269	0
-0.720354	2.54001	-0.310772	-0.720354	2.54001	0
0.322096	2.55732	-0.299889	0.322096	2.55732	0
1.31898	2.57352	-0.29323	1.31898	2.57352	0
2.41393	2.59789	-0.293218	2.41393	2.59789	0
3.46982	2.65174	-0.322327	3.46982	2.65174	0
4.48677	2.60673	-0.317622	4.48677	2.60673	0
5.49682	2.6462	-0.329217	5.49682	2.6462	0
6.56418	2.64698	-0.332463	6.56418	2.64698	0
7.57239	2.61618	-0.319019	7.57239	2.61618	0
8.62264	2.67464	-0.333091	8.62264	2.67464	0
9.61402	2.64704	-0.293877	9.61402	2.64704	0
10.6803	2.62414	-0.325118	10.6803	2.62414	0
11.7053	2.7127	-0.32666	11.7053	2.7127	0
-11.0546	2.69215	-0.336281	-11.0546	2.69215	0
-9.99501	2.66093	-0.296118	-9.99501	2.66093	0
-8.96756	2.708	-0.308014	-8.96756	2.708	0
-7.93334	2.69385	-0.303522	-7.93334	2.69385	0
-6.90403	2.75199	-0.311199	-6.90403	2.75199	0
-5.80875	2.58568	-0.295847	-5.80875	2.58568	0
-4.80695	2.63661	-0.336342	-4.80695	2.63661	0
-3.75187	2.62659	-0.299755	-3.75187	2.62659	0
-2.79236	2.64826	-0.298434	-2.79236	2.64826	0
-1.76634	2.60496	-0.354233	-1.76634	2.60496	0
-0.665854	3.62953	-0.32665	-0.665854	3.62953	0
0.369641	3.62154	-0.341325	0.369641	3.62154	0
1.39821	3.6315	-0.338653	1.39821	3.6315	0
2.42483	3.63568	-0.301081	2.42483	3.63568	0
3.45673	3.66854	-0.336731	3.45673	3.66854	0
4.50262	3.7098	-0.28383	4.50262	3.7098	0
5.51141	3.64579	-0.293638	5.51141	3.64579	0
6.52587	3.62812	-0.292959	6.52587	3.62812	0
7.58412	3.63005	-0.326404	7.58412	3.63005	0
8.64421	3.74456	-0.311878	8.64421	3.74456	0
9.65515	3.68854	-0.293069	9.65515	3.68854	0
10.6458	3.68919	-0.310599	10.6458	3.68919	0
11.6723	3.73853	-0.333566	11.6723	3.73853	0
-11.087	3.77095	-0.321291	-11.087	3.77095	0
-10.0346	3.77175	-0.341998	-10.0346	3.77175	0
-8.99311	3.7221	-0.297406	-8.99311	3.7221	0
-7.94962	3.72172	-0.322677	-7.94962	3.72172	0
-6.90187	3.72224	-0.324338	-6.90187	3.72224	0
-5.8361	3.66586	-0.33818	-5.8361	3.66586	0
-4.74592	3.64904	-0.324305	-4.74592	3.64904	0
-3.75763	3.65057	-0.341126	-3.75763	3.65057	0
-2.77072	3.6674	-0.329654	-2.77072	3.6674	0
-1.68082	3.70434	-0.311444	-1.68082	3.70434	0
-0.630563	4.71884	-0.303618	-0.630563	4.71884	0
0.379028	4.68191	-0.291304	0.379028	4.68191	0
1.35137	4.68012	-0.272258	1.35137	4.68012	0
2.44019	4.67113	-0.311027	2.44019	4.67113	0
3.44112	4.72009	-0.315427	3.44112	4.72009	0
4.51532	4.72054	-0.328089	4.51532	4.72054	0
5.51374	4.73497	-0.316896	5.51374	4.73497	0
6.54267	4.63259	-0.332224	6.54267	4.63259	0
7.6033	4.72829	-0.306641	7.6033	4.72829	0
8.66603	4.75753	-0.33459	8.66603	4.75753	0
9.65714	4.75394	-0.298381	9.65714	4.75394	0
10.6935	4.77043	-0.32469	10.6935	4.77043	0
11.6656	4.79343	-0.333482	11.6656	4.79343	0
-11.0547	4.86244	-0.328223	-11.0547	4.86244	0
-9.98926	4.80474	-0.336148	-9.98926	4.80474	0
-8.95484	4.73059	-0.300926	-8.95484	4.73059	0
-7.93863	4.71301	-0.299752	-7.93863	4.71301	0
-6.86611	4.723	-0.308608	-6.86611	4.723	0
-5.80394	4.75197	-0.284585	-5.80394	4.75197	0
-4.82772	4.70574	-0.325332	-4.82772	4.70574	0
-3.83777	4.6861	-0.318441	-3.83777	4.6861	0
-2.7744	4.70713	-0.308646	-2.7744	4.70713	0
-1.66009	4.69447	-0.334776	-1.66009	4.69447	0
-0.666565	5.69045	-0.310462	-0.666565	5.69045	0
0.361875	5.69727	-0.328464	0.361875	5.69727	0
1.3952	5.69316	-0.314122	1.3952	5.69316	0
2.45295	5.77125	-0.320666	2.45295	5.77125	0
3.51084	5.70818	-0.329433	3.51084	5.70818	0
4.5788	5.75655	-0.325311	4.5788	5.75655	0
5.63266	5.73727	-0.306178	5.63266	5.73727	0
6.59623	5.7407	-0.324523	6.59623	5.7407	0
7.59263	5.74153	-0.343285	7.59263	5.74153	0
8.65873	5.76412	-0.322562	8.65873	5.76412	0
9.647	5.78207	-0.295444	9.647	5.78207	0
10.6725	5.77019	-0.314726	10.6725	5.77019	0
11.7147	5.82215	-0.325962	11.7147	5.82215	0
-11.0344	5.87109	-0.325524	-11.0344	5.87109	0
-10.0193	5.7901	-0.324219	-10.0193	5.7901	0
-8.97856	5.80627	-0.316649	-8.97856	5.80627	0
-7.924	5.76018	-0.300253	-7.924	5.76018	0
-6.86804	5.78219	-0.310175	-6.86804	5.78219	0
-5.84899	5.81399	-0.338914	-5.84899	5.81399	0
-4.78647	5.72572	-0.311322	-4.78647	5.72572	0
-3.7965	5.72738	-0.328631	-3.7965	5.72738	0
-2.77025	5.69154	-0.31509	-2.77025	5.69154	0
-1.70088	5.72838	-0.342759	-1.70088	5.72838	0
-0.678042	6.71944	-0.323824	-0.678042	6.71944	0
0.341253	6.71616	-0.337304	0.341253	6.71616	0
1.4185	6.75459	-0.347813	1.4185	6.75459	0
2.45206	6.77103	-0.300377	2.45206	6.77103	0
3.51726	6.72963	-0.304604	3.51726	6.72963	0
4.51364	6.84738	-0.35287	4.51364	6.84738	0
5.57855	6.73616	-0.307733	5.57855	6.73616	0
6.61233	6.76217	-0.321413	6.61233	6.76217	0
7.64213	6.77833	-0.322606	7.64213	6.77833	0
8.66051	6.77471	-0.335696	8.66051	6.77471	0
9.69983	6.85824	-0.306282	9.69983	6.85824	0
10.685	6.82764	-0.303398	10.685	6.82764	0
11.7253	6.84206	-0.307568	11.7253	6.84206	0
-11.03	6.88208	-0.321607	-11.03	6.88208	0
-9.97748	6.89252	-0.318685	-9.97748	6.89252	0
-8.93051	6.91772	-0.319058	-8.93051	6.91772	0
-7.86279	6.81306	-0.303412	-7.86279	6.81306	0
-6.90473	6.7846	-0.319101	-6.90473	6.7846	0
-5.82631	6.78536	-0.326982	-5.82631	6.78536	0
-4.77049	6.81917	-0.287977	-4.77049	6.81917	0
-3.7753	6.76351	-0.330442	-3.7753	6.76351	0
-2.74496	6.7549	-0.310243	-2.74496	6.7549	0
-1.70586	6.72903	-0.319021	-1.70586	6.72903	0
-0.662821	7.73164	-0.321758	-0.662821	7.73164	0
0.353824	7.78096	-0.320052	0.353824	7.78096	0
1.37345	7.82879	-0.315351	1.37345	7.82879	0
2.48403	7.77186	-0.313283	2.48403	7.77186	0
3.42654	7.83879	-0.291385	3.42654	7.83879	0
4.5304	7.8807	-0.282073	4.5304	7.8807	0
5.56551	7.78726	-0.32229	5.56551	7.78726	0
6.5469	7.81611	-0.330611	6.5469	7.81611	0
7.57551	7.80542	-0.300733	7.57551	7.80542	0
8.60603	7.82005	-0.321571	8.60603	7.82005	0
9.66665	7.86444	-0.303408	9.66665	7.86444	0
10.6872	7.89861	-0.308947	10.6872	7.89861	0
11.6888	7.8648	-0.329245	11.6888	7.8648	0
-11.0155	7.86605	-0.322359	-11.0155	7.86605	0
-9.97965	7.89753	-0.291994	-9.97965	7.89753	0
-8.93118	7.95736	-0.294402	-8.93118	7.95736	0
-7.90203	7.82058	-0.328606	-7.90203	7.82058	0
-6.86209	7.81193	-0.325341	-6.86209	7.81193	0
-5.85873	7.75615	-0.32668	-5.85873	7.75615	0
-4.79779	7.81674	-0.335005	-4.79779	7.81674	0
-3.7896	7.73619	-0.334688	-3.7896	7.73619	0
-2.78014	7.78307	-0.30597	-2.78014	7.78307	0
-1.73843	7.7305	-0.32907	-1.73843	7.7305	0
-0.646339	8.80458	-0.315304	-0.646339	8.80458	0
0.316112	8.77719	-0.318185	0.316112	8.77719	0
1.39886	8.83162	-0.299354	1.39886	8.83162	0
2.44183	8.85293	-0.305563	2.44183	8.85293	0
3.41082	8.86776	-0.292474	3.41082	8.86776	0
4.4892	8.84009	-0.323438	4.4892	8.84009	0
5.52641	8.90157	-0.283688	5.52641	8.90157	0
6.59762	8.7906	-0.316478	6.59762	8.7906	0
7.62367	8.84408	-0.337284	7.62367	8.84408	0
8.71694	8.85692	-0.294102	8.71694	8.85692	0
9.74105	8.95253	-0.313798	9.74105	8.95253	0
10.7408	8.90367	-0.335316	10.7408	8.90367	0
11.7412	8.87424	-0.311127	11.7412	8.87424	0
-11.0152	8.86675	-0.321759	-11.0152	8.86675	0
-9.95047	8.93926	-0.334344	-9.95047	8.93926	0
-8.9353	8.93973	-0.327551	-8.9353	8.93973	0
-7.95141	8.92139	-0.336566	-7.95141	8.92139	0
-6.92944	8.87062	-0.327962	-6.92944	8.87062	0
-5.89777	8.8168	-0.354056	-5.89777	8.8168	0
-4.83908	8.82916	-0.294938	-4.83908	8.82916	0
-3.81603	8.80148	-0.299196	-3.81603	8.80148	0
-2.80076	8.80321	-0.3071	-2.80076	8.80321	0
-1.67989	8.7487	-0.317728	-1.67989	8.7487	0
-0.67402	9.89795	-0.344527	-0.67402	9.89795	0
0.300139	9.8874	-0.276966	0.300139	9.8874	0
1.32126	9.85717	-0.299979	1.32126	9.85717	0
2.37798	9.90387	-0.328524	2.37798	9.90387	0
3.47918	9.86173	-0.298091	3.47918	9.86173	0
4.52816	9.87634	-0.30588	4.52816	9.87634	0
5.49384	9.88947	-0.285698	5.49384	9.88947	0
6.58577	9.83361	-0.314841	6.58577	9.83361	0
7.60705	9.84599	-0.303264	7.60705	9.84599	0
8.66951	9.89969	-0.332791	8.66951	9.89969	0
9.68788	9.91738	-0.307466	9.68788	9.91738	0
10.7432	9.93823	-0.322086	10.7432	9.93823	0
11.7288	9.87907	-0.324448	11.7288	9.87907	0
-11.035	9.9469	-0.302907	-11.035	9.9469	0
-9.98823	10.0039	-0.277512	-9.98823	10.0039	0
-8.93743	9.97413	-0.301643	-8.93743	9.97413	0
-7.95997	9.93317	-0.317845	-7.95997	9.93317	0
-6.85617	9.8805	-0.299035	-6.85617	9.8805	0
-5.91258	9.88386	-0.313315	-5.91258	9.88386	0
-4.83689	9.85443	-0.343095	-4.83689	9.85443	0
-3.80789	9.84941	-0.294506	-3.80789	9.84941	0
-2.79334	9.77625	-0.297792	-2.79334	9.77625	0
-1.78666	9.86447	-0.321321	-1.78666	9.86447	0
-0.734711	10.9306	-0.313698	-0.734711	10.9306	0
0.284582	10.9337	-0.328323	0.284582	10.9337	0
1.38982	10.8901	-0.312817	1.38982	10.8901	0
2.43619	10.9331	-0.290029	2.43619	10.9331	0
3.47631	10.919	-0.299279	3.47631	10.919	0
4.50356	10.9684	-0.317	4.50356	10.9684	0
5.57132	10.967	-0.298349	5.57132	10.967	0
6.59387	10.9146	-0.327698	6.59387	10.9146	0
7.58838	10.9047	-0.319955	7.58838	10.9047	0
8.62319	10.9389	-0.299925	8.62319	10.9389	0
9.62863	10.9375	-0.29645	9.62863	10.9375	0
10.6545	10.9359	-0.286338	10.6545	10.9359	0
11.6812	10.9944	-0.323439	11.6812	10.9944	0
-11.0471	10.982	-0.301802	-11.0471	10.982	0
-9.97765	11.0043	-0.343201	-9.97765	11.0043	0
-8.91722	10.9872	-0.332182	-8.91722	10.9872	0
-7.9225	10.9987	-0.318539	-7.9225	10.9987	0
-6.92199	10.9051	-0.278746	-6.92199	10.9051	0
-5.89703	10.8653	-0.318032	-5.89703	10.8653	0
-4.86783	10.908	-0.300011	-4.86783	10.908	0
-3.86073	10.8529	-0.330243	-3.86073	10.8529	0
-2.8157	10.8066	-0.342145	-2.8157	10.8066	0
-1.78772	10.8846	-0.297641	-1.78772	10.8846	0
-0.667458	11.8964	-0.335795	-0.667458	-11.8897	0
0.34335	-11.8556	-0.30879	0.34335	-11.8556	0
1.3567	-11.8713	-0.308315	1.3567	-11.8713	0
2.36839	-11.8072	-0.312594	2.36839	-11.8072	0
3.45746	-11.8167	-0.294533	3.45746	-11.8167	0
4.48314	-11.8094	-0.327077	4.48314	-11.8094	0
5.57341	-11.8241	-0.300844	5.57341	-11.8241	0
6.55881	-11.8698	-0.320792	6.55881	-11.8698	0
7.60944	-11.7974	-0.317418	7.60944	-11.7974	0
8.63219	-11.8455	-0.312202	8.63219	-11.8455	0
9.69636	-11.874	-0.317801	9.69636	-11.874	0
10.6595	-11.8249	-0.323242	10.6595	-11.8249	0
11.7587	-11.7704	-0.299204	11.7587	-11.7704	0
-10.9946	-11.7931	-0.337165	-10.9946	-11.7931	0
-10.0157	-11.7441	-0.346959	-10.0157	-11.7441	0
-8.95641	-11.7642	-0.321437	-8.95641	-11.7642	0
-7.97603	-11.7262	-0.31155	-7.97603	-11.7262	0
-6.9685	-11.7782	-0.331667	-6.9685	-11.7782	0
-5.98573	-11.8744	-0.32154	-5.98573	-11.8744	0
-4.90051	-11.7846	-0.331051	-4.90051	-11.7846	0
-3.85091	-11.8675	-0.27718	-3.85091	-11.8675	0
-2.85988	-11.8593	-0.318471	-2.85988	-11.8593	0
-1.83128	-11.8582	-0.310541	-1.83128	-11.8582	0
-0.721557	-10.8676	-0.315903	-0.721557	-10.8676	0
0.309581	-10.8802	-0.335686	0.309581	-10.8802	0
1.32789	-10.8587	-0.318943	1.32789	-10.8587	0
2.36118	-10.8483	-0.290174	2.36118	-10.8483	0
3.41497	-10.8195	-0.330347	3.41497	-10.8195	0
4.44692	-10.8417	-0.295735	4.44692	-10.8417	0
5.49398	-10.8163	-0.325888	5.49398	-10.8163	0
6.51636	-10.775	-0.321536	6.51636	-10.775	0
7.54691	-10.7941	-0.32507	7.54691	-10.7941	0
8.57008	-10.7509	-0.3126	8.57008	-10.7509	0
9.63492	-10.8195	-0.30012	9.63492	-10.8195	0
10.6482	-10.7674	-0.329248	10.6482	-10.7674	0
11.662	-10.6931	-0.313187	11.662	-10.6931	0
-11.0256	-10.7762	-0.318147	-11.0256	-10.7762	0
-10.0325	-10.7598	-0.310989	-10.0325	-10.7598	0
-9.00753	-10.713	-0.30974	-9.00753	-10.713	0
-8.01209	-10.6995	-0.303392	-8.01209	-10.6995	0
-6.93822	-10.678	-0.339217	-6.93822	-10.678	0
-5.9456	-10.7595	-0.285308	-5.9456	-10.7595	0
-4.88668	-10.7441	-0.338704	-4.88668	-10.7441	0
-3.76029	-10.8422	-0.312491	-3.76029	-10.8422	0
-2.78512	-10.8293	-0.319275	-2.78512	-10.8293	0
-1.76614	-10.8572	-0.311592	-1.76614	-10.8572	0
-0.782615	-9.84558	-0.318466	-0.782615	-9.84558	0
0.278709	-9.82467	-0.321808	0.278709	-9.82467	0
1.3498	-9.85339	-0.320641	1.3498	-9.85339	0
2.39001	-9.81298	-0.334241	2.39001	-9.81298	0
3.33882	-9.75476	-0.299517	3.33882	-9.75476	0
4.39828	-9.81574	-0.330591	4.39828	-9.81574	0
5.48799	-9.80187	-0.318618	5.48799	-9.80187	0
6.4737	-9.68325	-0.326506	6.4737	-9.68325	0
7.51974	-9.69812	-0.30323	7.51974	-9.69812	0
8.54695	-9.75053	-0.30845	8.54695	-9.75053	0
9.64919	-9.73221	-0.312435	9.64919	-9.73221	0
10.5895	-9.74147	-0.30434	10.5895	-9.74147	0
11.6139	-9.69245	-0.331739	11.6139	-9.69245	0
-11.1177	-9.75638	-0.355846	-11.1177	-9.75638	0
-10.1013	-9.73945	-0.304288	-10.1013	-9.73945	0
-9.11386	-9.68509	-0.320508	-9.11386	-9.68509	0
-8.00257	-9.74156	-0.295057	-8.00257	-9.74156	0
-6.96641	-9.67861	-0.321598	-6.96641	-9.67861	0
-5.90483	-9.73089	-0.324194	-5.90483	-9.73089	0
-4.81213	-9.68579	-0.275153	-4.81213	-9.68579	0
-3.81177	-9.74619	-0.32434	-3.81177	-9.74619	0
-2.75587	-9.79124	-0.324578	-2.75587	-9.79124	0
-1.73034	-9.76651	-0.336061	-1.73034	-9.76651	0
-0.722849	-8.74855	-0.340457	-0.722849	-8.74855	0
0.333974	-8.74548	-0.33283	0.333974	-8.74548	0
1.31307	-8.78763	-0.335356	1.31307	-8.78763	0
2.41262	-8.74161	-0.336609	2.41262	-8.74161	0
3.46034	-8.74291	-0.300585	3.46034	-8.74291	0
4.47911	-8.78076	-0.332432	4.47911	-8.78076	0
5.50103	-8.80298	-0.328467	5.50103	-8.80298	0
6.53825	-8.73914	-0.305415	6.53825	-8.73914	0
7.51679	-8.70621	-0.319424	7.51679	-8.70621	0
8.59108	-8.70677	-0.335147	8.59108	-8.70677	0
9.56287	-8.73382	-0.330003	9.56287	-8.73382	0
10.6136	-8.74211	-0.319653	10.6136	-8.74211	0
11.6585	-8.68002	-0.313771	11.6585	-8.68002	0
-11.0795	-8.6899	-0.309045	-11.0795	-8.6899	0
-10.0445	-8.65922	-0.318984	-10.0445	-8.65922	0
-9.02894	-8.70459	-0.344711	-9.02894	-8.70459	0
-7.92794	-8.72533	-0.332564	-7.92794	-8.72533	0
-6.93301	-8.67455	-0.335059	-6.93301	-8.67455	0
-5.88219	-8.73864	-0.303562	-5.88219	-8.73864	0
-4.86237	-8.66824	-0.318646	-4.86237	-8.66824	0
-3.8109	-8.73638	-0.346426	-3.8109	-8.73638	0
-2.83381	-8.72728	-0.328667	-2.83381	-8.72728	0
-1.79154	-8.76521	-0.323717	-1.79154	-8.76521	0
-0.677875	-7.68572	-0.324328	-0.677875	-7.68572	0
0.335308	-7.7447	-0.333772	0.335308	-7.7447	0
1.30346	-7.73289	-0.323516	1.30346	-7.73289	0
2.36823	-7.75341	-0.348731	2.36823	-7.75341	0
3.39639	-7.73579	-0.33903	3.39639	-7.73579	0
4.42126	-7.73311	-0.323945	4.42126	-7.73311	0
5.46949	-7.75968	-0.339933	5.46949	-7.75968	0
6.47662	-7.6738	-0.31068	6.47662	-7.6738	0
7.55381	-7.64744	-0.315212	7.55381	-7.64744	0
8.58818	-7.68961	-0.322284	8.58818	-7.68961	0
9.6444	-7.70948	-0.326775	9.6444	-7.70948	0
10.6657	-7.67433	-0.323452	10.6657	-7.67433	0
11.7298	-7.72351	-0.320542	11.7298	-7.72351	0
-11.0093	-7.64165	-0.307218	-11.0093	-7.64165	0
-9.98552	-7.66201	-0.320914	-9.98552	-7.66201	0
-8.94478	-7.68076	-0.3242	-8.94478	-7.68076	0
-7.92884	-7.74333	-0.315946	-7.92884	-7.74333	0
-6.93611	-7.6563	-0.309672	-6.93611	-7.6563	0
-5.94759	-7.71291	-0.322254	-5.94759	-7.71291	0
-4.94387	-7.70862	-0.321932	-4.94387	-7.70862	0
-3.78732	-7.73962	-0.340184	-3.78732	-7.73962	0
-2.75189	-7.75373	-0.32941	-2.75189	-7.75373	0
-1.69047	-7.73356	-0.333108	-1.69047	-7.73356	0
-0.689262	-6.66093	-0.314817	-0.689262	-6.66093	0
0.359318	-6.70291	-0.319934	0.359318	-6.70291	0
1.3604	-6.70991	-0.310771	1.3604	-6.70991	0
2.40754	-6.72222	-0.327283	2.40754	-6.72222	0
3.41679	-6.68722	-0.307102	3.41679	-6.68722	0
4.42209	-6.74422	-0.281553	4.42209	-6.74422	0
5.504	-6.7344	-0.322252	5.504	-6.7344	0
6.50443	-6.64273	-0.317401	6.50443	-6.64273	0
7.55481	-6.66685	-0.325248	7.55481	-6.66685	0
8.5971	-6.72742	-0.296929	8.5971	-6.72742	0
9.5808	-6.68132	-0.322751	9.5808	-6.68132	0
10.6511	-6.64192	-0.312945	10.6511	-6.64192	0
11.7101	-6.64979	-0.311164	11.7101	-6.64979	0
-11.0196	-6.60855	-0.319995	-11.0196	-6.60855	0
-9.98533	-6.61307	-0.308405	-9.98533	-6.61307	0
-8.98879	-6.62733	-0.331483	-8.98879	-6.62733	0
-7.93593	-6.64599	-0.31515	-7.93593	-6.64599	0
-6.8879	-6.67058	-0.336574	-6.8879	-6.67058	0
-5.87577	-6.68631	-0.324187	-5.87577	-6.68631	0
-4.79851	-6.72006	-0.302353	-4.79851	-6.72006	0
-3.77229	-6.75541	-0.304814	-3.77229	-6.75541	0
-2.73072	-6.71195	-0.318953	-2.73072	-6.71195	0
-1.76335	-6.67596	-0.328332	-1.76335	-6.67596	0
-0.680902	-5.65361	-0.319408	-0.680902	-5.65361	0
0.295277	-5.69668	-0.306567	0.295277	-5.69668	0
1.38406	-5.68184	-0.318089	1.38406	-5.68184	0
2.39876	-5.70945	-0.303619	2.39876	-5.70945	0
3.32778	-5.64905	-0.291666	3.32778	-5.64905	0
4.38982	-5.70517	-0.325758	4.38982	-5.70517	0
5.42262	-5.69067	-0.366711	5.42262	-5.69067	0
6.50161	-5.60651	-0.317158	6.50161	-5.60651	0
7.54307	-5.68397	-0.323283	7.54307	-5.68397	0
8.52934	-5.69445	-0.326309	8.52934	-5.69445	0
9.58963	-5.63618	-0.346452	9.58963	-5.63618	0
10.5857	-5.64086	-0.306007	10.5857	-5.64086	0
11.7515	-5.62689	-0.328966	11.7515	-5.62689	0
-11.0157	-5.59557	-0.335139	-11.0157	-5.59557	0
-9.96003	-5.62424	-0.319521	-9.96003	-5.62424	0
-8.91582	-5.63699	-0.335298	-8.91582	-5.63699	0
-7.86209	-5.64354	-0.344665	-7.86209	-5.64354	0
-6.86318	-5.64453	-0.345891	-6.86318	-5.64453	0
-5.82492	-5.62186	-0.318473	-5.82492	-5.62186	0
-4.80752	-5.67941	-0.329192	-4.80752	-5.67941	0
-3.73479	-5.70945	-0.32107	-3.73479	-5.70945	0
-2.72123	-5.68034	-0.329539	-2.72123	-5.68034	0
-1.71747	-5.67221	-0.304053	-1.71747	-5.67221	0
-0.707801	-4.61738	-0.311894	-0.707801	-4.61738	0
0.326927	-4.59504	-0.324718	0.326927	-4.59504	0
1.39684	-4.62133	-0.345327	1.39684	-4.62133	0
2.37137	-4.61581	-0.341973	2.37137	-4.61581	0
3.44087	-4.68423	-0.320692	3.44087	-4.68423	0
4.44211	-4.68992	-0.317157	4.44211	-4.68992	0
5.45283	-4.62216	-0.323383	5.45283	-4.62216	0
6.49892	-4.61066	-0.319288	6.49892	-4.61066	0
7.58457	-4.58883	-0.322386	7.58457	-4.58883	0
8.61652	-4.59685	-0.301043	8.61652	-4.59685	0
9.63176	-4.58022	-0.318649	9.63176	-4.58022	0
10.6588	-4.61798	-0.30141	10.6588	-4.61798	0
11.7051	-4.6083	-0.296638	11.7051	-4.6083	0
-11.0634	-4.5468	-0.324149	-11.0634	-4.5468	0
-9.98519	-4.60218	-0.330791	-9.98519	-4.60218	0
-8.88728	-4.61436	-0.32323	-8.88728	-4.61436	0
-7.90356	-4.55759	-0.278038	-7.90356	-4.55759	0
-6.87596	-4.5785	-0.336025	-6.87596	-4.5785	0
-5.85688	-4.6145	-0.310444	-5.85688	-4.6145	0
-4.83863	-4.57924	-0.328896	-4.83863	-4.57924	0
-3.75794	-4.61588	-0.337541	-3.75794	-4.61588	0
-2.74258	-4.64727	-0.297582	-2.74258	-4.64727	0
-1.68004	-4.66358	-0.316781	-1.68004	-4.66358	0
-0.698809	-3.55956	-0.303201	-0.698809	-3.55956	0
0.296991	-3.5775	-0.314077	0.296991	-3.5775	0
1.38171	-3.70408	-0.312329	1.38171	-3.70408	0
2.41483	-3.6567	-0.320571	2.41483	-3.6567	0
3.4473	-3.58224	-0.325433	3.4473	-3.58224	0
4.46284	-3.61949	-0.319253	4.46284	-3.61949	0
5.52509	-3.5636	-0.321448	5.52509	-3.5636	0
6.57499	-3.57416	-0.311684	6.57499	-3.57416	0
7.62044	-3.56431	-0.314599	7.62044	-3.56431	0
8.64314	-3.57614	-0.272492	8.64314	-3.57614	0
9.67801	-3.56229	-0.326327	9.67801	-3.56229	0
10.6406	-3.54763	-0.324788	10.6406	-3.54763	0
11.7276	-3.5389	-0.292902	11.7276	-3.5389	0
-11.003	-3.49669	-0.314468	-11.003	-3.49669	0
-10.0383	-3.54269	-0.32935	-10.0383	-3.54269	0
-8.98426	-3.54768	-0.324761	-8.98426	-3.54768	0
-7.92692	-3.49725	-0.351505	-7.92692	-3.49725	0
-6.92858	-3.52225	-0.340809	-6.92858	-3.52225	0
-5.85898	-3.59132	-0.322278	-5.85898	-3.59132	0
-4.77216	-3.61886	-0.308935	-4.77216	-3.61886	0
-3.80869	-3.54843	-0.317925	-3.80869	-3.54843	0
-2.75141	-3.56016	-0.31887	-2.75141	-3.56016	0
-1.68582	-3.64689	-0.337035	-1.68582	-3.64689	0
-0.653598	-2.55612	-0.319988	-0.653598	-2.55612	0
0.374903	-2.54984	-0.341234	0.374903	-2.54984	0
1.35068	-2.66028	-0.342666	1.35068	-2.66028	0
2.39052	-2.56403	-0.316558	2.39052	-2.56403	0
3.41306	-2.61479	-0.307927	3.41306	-2.61479	0
4.41778	-2.56434	-0.336655	4.41778	-2.56434	0
5.44081	-2.53494	-0.314294	5.44081	-2.53494	0
6.49862	-2.48294	-0.319335	6.49862	-2.48294	0
7.49274	-2.58332	-0.344399	7.49274	-2.58332	0
8.66239	-2.58603	-0.342859	8.66239	-2.58603	0
9.72333	-2.52075	-0.341552	9.72333	-2.52075	0
10.6753	-2.4783	-0.319218	10.6753	-2.4783	0
11.6779	-2.42652	-0.327465	11.6779	-2.42652	0
-11.0952	-2.48812	-0.293672	-11.0952	-2.48812	0
-10.0552	-2.51219	-0.302026	-10.0552	-2.51219	0
-9.07104	-2.59284	-0.320382	-9.07104	-2.59284	0
-7.97337	-2.43826	-0.328519	-7.97337	-2.43826	0
-6.8999	-2.49801	-0.316988	-6.8999	-2.49801	0
-5.85335	-2.47022	-0.338734	-5.85335	-2.47022	0
-4.8095	-2.50956	-0.303773	-4.8095	-2.50956	0
-3.81528	-2.58258	-0.308856	-3.81528	-2.58258	0
-2.78911	-2.52807	-0.328968	-2.78911	-2.52807	0
-1.69865	-2.58885	-0.306605	-1.69865	-2.58885	0
-0.622256	-1.53382	-0.27907	-0.622256	-1.53382	0
0.319736	-1.52788	-0.291771	0.319736	-1.52788	0
1.37186	-1.61814	-0.328	1.37186	-1.61814	0
2.34786	-1.55081	-0.32125	2.34786	-1.55081	0
3.42684	-1.57741	-0.318081	3.42684	-1.57741	0
4.44591	-1.55414	-0.325616	4.44591	-1.55414	0
5.52705	-1.52734	-0.337039	5.52705	-1.52734	0
6.4962	-1.45685	-0.327657	6.4962	-1.45685	0
7.51346	-1.5059	-0.314687	7.51346	-1.5059	0
8.52847	-1.52438	-0.335721	8.52847	-1.52438	0
9.59852	-1.44671	-0.306774	9.59852	-1.44671	0
10.7087	-1.42528	-0.321326	10.7087	-1.42528	0
11.7566	-1.43376	-0.301833	11.7566	-1.43376	0
-11.0522	-1.41626	-0.321542	-11.0522	-1.41626	0
-10.009	-1.45923	-0.306819	-10.009	-1.45923	0
-8.99787	-1.45655	-0.303099	-8.99787	-1.45655	0
-7.94929	-1.44843	-0.300378	-7.94929	-1.44843	0
-6.87153	-1.50708	-0.325929	-6.87153	-1.50708	0
-5.8261	-1.49354	-0.31417	-5.8261	-1.49354	0
-4.82769	-1.46733	-0.327305	-4.82769	-1.46733	0
-3.79767	-1.48855	-0.337314	-3.79767	-1.48855	0
-2.77258	-1.46134	-0.320798	-2.77258	-1.46134	0
-1.77773	-1.63525	-0.314596	-1.77773	-1.63525	0
-0.191076	0.0145075	0.314643	-0.191076	0.0145075	0
0.839546	-0.0192089	0.332823	0.839546	-0.0192089	0
1.89852	0.0439202	0.312387	1.89852	0.0439202	0
2.92379	0.0433275	0.312511	2.92379	0.0433275	0
3.96268	-0.00296805	0.324731	3.96268	-0.00296805	0
4.9981	0.0669745	0.318365	4.9981	0.0669745	0
6.01537	0.112522	0.324215	6.01537	0.112522	0
7.06062	0.0874855	0.283978	7.06062	0.0874855	0
8.06285	0.00572869	0.315525	8.06285	0.00572869	0
9.11571	0.0834182	0.341639	9.11571	0.0834182	0
10.1302	0.0446251	0.311762	10.1302	0.0446251	0
11.156	0.120197	0.331941	11.156	0.120197	0
-11.6013	0.152666	0.320037	-11.6013	0.152666	0
-10.5833	0.128096	0.318285	-10.5833	0.128096	0
-9.46097	0.0759038	0.319553	-9.46097	0.0759038	0
-8.45563	0.0608024	0.288582	-8.45563	0.0608024	0
-7.42729	0.116276	0.342067	-7.42729	0.116276	0
-6.42121	0.0450059	0.321624	-6.42121	0.0450059	0
-5.33418	0.0340283	0.333572	-5.33418	0.0340283	0
-4.27493	0.0244963	0.308863	-4.27493	0.0244963	0
-3.21947	0.067459	0.303722	-3.21947	0.067459	0
-2.22202	0.0114377	0.32846	-2.22202	0.0114377	0
-1.20107	0.013311	0.299517	-1.20107	0.013311	0
-0.153852	1.03028	0.329472	-0.153852	1.03028	0
0.850004	1.01731	0.308347	0.850004	1.01731	0
1.88163	1.03809	0.30808	1.88163	1.03809	0
2.9087	1.06186	0.326993	2.9087	1.06186	0
3.91637	1.05984	0.303828	3.91637	1.05984	0
4.9451	1.07689	0.31215	4.9451	1.07689	0
5.98952	1.1105	0.317159	5.98952	1.1105	0
7.00767	1.08919	0.306974	7.00767	1.08919	0
8.04341	1.11124	0.333492	8.04341	1.11124	0
9.11271	1.12846	0.332466	9.11271	1.12846	0
10.1449	1.1509	0.323917	10.1449	1.1509	0
11.2778	1.12871	0.34775	11.2778	1.12871	0
-11.5154	1.17869	0.329335	-11.5154	1.17869	0
-10.5153	1.1398	0.317847	-10.5153	1.1398	0
-9.42648	1.09104	0.315452	-9.42648	1.09104	0
-8.44569	1.11005	0.31874	-8.44569	1.11005	0
-7.40525	1.17354	0.332121	-7.40525	1.17354	0
-6.43387	1.03788	0.320605	-6.43387	1.03788	0
-5.35613	1.08396	0.327923	-5.35613	1.08396	0
-4.25921	1.03914	0.32558	-4.25921	1.03914	0
-3.23137	1.05159	0.301151	-3.23137	1.05159	0
-2.27807	1.04717	0.360885	-2.27807	1.04717	0
-1.23732	1.01457	0.34029	-1.23732	1.01457	0
-0.209523	2.04503	0.351025	-0.209523	2.04503	0
0.841284	2.01851	0.299454	0.841284	2.01851	0
1.89599	2.05181	0.302655	1.89599	2.05181	0
2.95816	2.05924	0.296966	2.95816	2.05924	0
3.99034	2.15889	0.326248	3.99034	2.15889	0
4.96519	2.12281	0.352962	4.96519	2.12281	0
5.99288	2.08279	0.317513	5.99288	2.08279	0
7.00749	2.06686	0.329098	7.00749	2.06686	0
8.08225	2.15261	0.347716	8.08225	2.15261	0
9.10433	2.13535	0.353144	9.10433	2.13535	0
10.1139	2.14336	0.298071	10.1139	2.14336	0
11.2897	2.16348	0.331461	11.2897	2.16348	0
-11.4863	2.22878	0.289644	-11.4863	2.22878	0
-10.4909	2.18754	0.331962	-10.4909	2.18754	0
-9.48088	2.13445	0.313091	-9.48088	2.13445	0
-8.44431	2.20932	0.33137	-8.44431	2.20932	0
-7.37516	2.18714	0.295794	-7.37516	2.18714	0
-6.36765	2.14715	0.288643	-6.36765	2.14715	0
-5.30163	2.13598	0.341493	-5.30163	2.13598	0
-4.31514	2.11678	0.333133	-4.31514	2.11678	0
-3.28387	2.06828	0.329192	-3.28387	2.06828	0
-2.26942	2.13792	0.294866	-2.26942	2.13792	0
-1.27835	2.03324	0.326366	-1.27835	2.03324	0
-0.179986	3.09748	0.323368	-0.179986	3.09748	0
0.841464	3.05875	0.332662	0.841464	3.05875	0
1.83683	3.126	0.339535	1.83683	3.126	0
2.92882	3.11719	0.313031	2.92882	3.11719	0
3.95744	3.18813	0.276296	3.95744	3.18813	0
4.98204	3.15001	0.366538	4.98204	3.15001	0
6.03221	3.17568	0.335703	6.03221	3.17568	0
6.99649	3.07897	0.345359	6.99649	3.07897	0
8.0967	3.17862	0.279749	8.0967	3.17862	0
9.10789	3.18816	0.317153	9.10789	3.18816	0
10.143	3.16453	0.338458	10.143	3.16453	0
11.151	3.16315	0.328332	11.151	3.16315	0
-11.6003	3.23286	0.299266	-11.6003	3.23286	0
-10.5879	3.22811	0.253018	-10.5879	3.22811	0
-9.50965	3.1929	0.293897	-9.50965	3.1929	0
-8.43286	3.21763	0.335545	-8.43286	3.21763	0
-7.41862	3.20664	0.313217	-7.41862	3.20664	0
-6.33801	3.22718	0.323952	-6.33801	3.22718	0
-5.30737	3.19585	0.293966	-5.30737	3.19585	0
-4.305	3.13896	0.325041	-4.305	3.13896	0
-3.26602	3.1766	0.327541	-3.26602	3.1766	0
-2.24078	3.1873	0.288663	-2.24078	3.1873	0
-1.25343	3.08109	0.293841	-1.25343	3.08109	0
-0.125763	4.1608	0.278165	-0.125763	4.1608	0
0.82626	4.08399	0.324711	0.82626	4.08399	0
1.89636	4.16909	0.314748	1.89636	4.16909	0
2.97565	4.18082	0.31341	2.97565	4.18082	0
3.94253	4.19988	0.313985	3.94253	4.19988	0
5.00196	4.24514	0.301245	5.00196	4.24514	0
5.98969	4.2356	0.350741	5.98969	4.2356	0
7.09661	4.16024	0.282189	7.09661	4.16024	0
8.0905	4.23297	0.290888	8.0905	4.23297	0
9.09853	4.18049	0.311188	9.09853	4.18049	0
10.1945	4.26989	0.316405	10.1945	4.26989	0
11.2507	4.21913	0.313579	11.2507	4.21913	0
-11.5497	4.27247	0.30259	-11.5497	4.27247	0
-10.5337	4.28296	0.28915	-10.5337	4.28296	0
-9.52003	4.21146	0.33126	-9.52003	4.21146	0
-8.45121	4.19999	0.342639	-8.45121	4.19999	0
-7.3782	4.22798	0.300648	-7.3782	4.22798	0
-6.33964	4.2332	0.293512	-6.33964	4.2332	0
-5.33631	4.18587	0.341288	-5.33631	4.18587	0
-4.32863	4.15162	0.323489	-4.32863	4.15162	0
-3.27487	4.23181	0.304889	-3.27487	4.23181	0
-2.24452	4.20456	0.313624	-2.24452	4.20456	0
-1.13423	4.18386	0.296146	-1.13423	4.18386	0
-0.151675	5.19427	0.317867	-0.151675	5.19427	0
0.877024	5.21802	0.316681	0.877024	5.21802	0
1.94301	5.15852	0.309335	1.94301	5.15852	0
2.96109	5.24218	0.319061	2.96109	5.24218	0
4.00184	5.23764	0.306326	4.00184	5.23764	0
5.07341	5.24968	0.324936	5.07341	5.24968	0
6.11242	5.19371	0.315185	6.11242	5.19371	0
7.07039	5.18479	0.311109	7.07039	5.18479	0
8.09508	5.26965	0.328446	8.09508	5.26965	0
9.15568	5.227	0.349721	9.15568	5.227	0
10.1571	5.27411	0.350439	10.1571	5.27411	0
11.2142	5.26634	0.310101	11.2142	5.26634	0
-11.5937	5.31615	0.304278	-11.5937	5.31615	0
-10.4982	5.28692	0.321081	-10.4982	5.28692	0
-9.4443	5.28164	0.306392	-9.4443	5.28164	0
-8.44447	5.31864	0.324467	-8.44447	5.31864	0
-7.39081	5.21443	0.287501	-7.39081	5.21443	0
-6.36106	5.26752	0.293367	-6.36106	5.26752	0
-5.29506	5.2806	0.329709	-5.29506	5.2806	0
-4.28702	5.2506	0.336482	-4.28702	5.2506	0
-3.27339	5.20378	0.348192	-3.27339	5.20378	0
-2.20487	5.21472	0.322674	-2.20487	5.21472	0
-1.19884	5.21593	0.334043	-1.19884	5.21593	0
-0.159203	6.23119	0.323153	-0.159203	6.23119	0
0.93466	6.22676	0.305767	0.93466	6.22676	0
1.93366	6.22043	0.314218	1.93366	6.22043	0
3.00016	6.24112	0.308652	3.00016	6.24112	0
4.06533	6.25978	0.3017	4.06533	6.25978	0
5.04975	6.27662	0.319968	5.04975	6.27662	0
6.08783	6.21929	0.315451	6.08783	6.21929	0
7.06205	6.27241	0.326577	7.06205	6.27241	0
8.05271	6.23241	0.307277	8.05271	6.23241	0
9.14128	6.26837	0.342145	9.14128	6.26837	0
10.1564	6.3091	0.31436	10.1564	6.3091	0
11.2084	6.30387	0.316088	11.2084	6.30387	0
-11.5153	6.36392	0.317494	-11.5153	6.36392	0
-10.502	6.36229	0.33773	-10.502	6.36229	0
-9.47605	6.35409	0.336652	-9.47605	6.35409	0
-8.46264	6.35625	0.322822	-8.46264	6.35625	0
-7.40817	6.26515	0.326397	-7.40817	6.26515	0
-6.3719	6.25846	0.328731	-6.3719	6.25846	0
-5.26845	6.28829	0.318514	-5.26845	6.28829	0
-4.29959	6.29379	0.312284	-4.29959	6.29379	0
-3.25273	6.21439	0.326842	-3.25273	6.21439	0
-2.23676	6.1952	0.319264	-2.23676	6.1952	0
-1.16805	6.20289	0.294647	-1.16805	6.20289	0
-0.0988166	7.20985	0.317233	-0.0988166	7.20985	0
0.875672	7.28362	0.298425	0.875672	7.28362	0
1.9031	7.2704	0.317555	1.9031	7.2704	0
2.99458	7.28521	0.324293	2.99458	7.28521	0
4.00234	7.32095	0.313069	4.00234	7.32095	0
5.0716	7.29731	0.310192	5.0716	7.29731	0
6.08293	7.28448	0.338843	6.08293	7.28448	0
7.06731	7.32363	0.318006	7.06731	7.32363	0
8.15539	7.30558	0.322776	8.15539	7.30558	0
9.14784	7.3396	0.343769	9.14784	7.3396	0
10.2079	7.3682	0.338554	10.2079	7.3682	0
11.2094	7.34996	0.313056	11.2094	7.34996	0
-11.516	7.40311	0.316575	-11.516	7.40311	0
-10.5067	7.3222	0.346393	-10.5067	7.3222	0
-9.4661	7.39384	0.316278	-9.4661	7.39384	0
-8.42741	7.38649	0.323653	-8.42741	7.38649	0
-7.35651	7.34427	0.321115	-7.35651	7.34427	0
-6.32537	7.28041	0.326777	-6.32537	7.28041	0
-5.32947	7.31489	0.316245	-5.32947	7.31489	0
-4.29073	7.33848	0.337639	-4.29073	7.33848	0
-3.23	7.24182	0.331171	-3.23	7.24182	0
-2.21574	7.20315	0.316247	-2.21574	7.20315	0
-1.17131	7.25541	0.322671	-1.17131	7.25541	0
-0.162857	8.25994	0.320663	-0.162857	8.25994	0
0.871427	8.26146	0.310101	0.871427	8.26146	0
1.92304	8.33863	0.298233	1.92304	8.33863	0
2.94211	8.34906	0.33419	2.94211	8.34906	0
3.9846	8.33621	0.310792	3.9846	8.33621	0
5.06158	8.33643	0.320753	5.06158	8.33643	0
6.08827	8.34284	0.335619	6.08827	8.34284	0
7.10852	8.31928	0.341628	7.10852	8.31928	0
8.11543	8.38128	0.328155	8.11543	8.38128	0
9.10372	8.30405	0.319249	9.10372	8.30405	0
10.1485	8.4422	0.339155	10.1485	8.4422	0
11.1926	8.38023	0.32412	11.1926	8.38023	0
-11.5248	8.38507	0.294756	-11.5248	8.38507	0
-10.4611	8.40319	0.314818	-10.4611	8.40319	0
-9.45376	8.43475	0.309261	-9.45376	8.43475	0
-8.36823	8.40931	0.30713	-8.36823	8.40931	0
-7.41239	8.40074	0.309106	-7.41239	8.40074	0
-6.32427	8.31395	0.306265	-6.32427	8.31395	0
-5.33222	8.31694	0.325101	-5.33222	8.31694	0
-4.29829	8.33158	0.316991	-4.29829	8.33158	0
-3.27843	8.2469	0.332574	-3.27843	8.2469	0
-2.26579	8.25057	0.303175	-2.26579	8.25057	0
-1.22463	8.22915	0.313958	-1.22463	8.22915	0
-0.188687	9.3332	0.318246	-0.188687	9.3332	0
0.820533	9.27744	0.313627	0.820533	9.27744	0
1.91539	9.39135	0.315679	1.91539	9.39135	0
2.93611	9.39297	0.333011	2.93611	9.39297	0
3.97987	9.33679	0.313572	3.97987	9.33679	0
4.96817	9.40799	0.320323	4.96817	9.40799	0
6.122	9.35829	0.330936	6.122	9.35829	0
7.13111	9.3203	0.316572	7.13111	9.3203	0
8.14693	9.36573	0.316682	8.14693	9.36573	0
9.20827	9.36354	0.33407	9.20827	9.36354	0
10.2278	9.40844	0.297026	10.2278	9.40844	0
11.2075	9.38671	0.34872	11.2075	9.38671	0
-11.5247	9.37925	0.338307	-11.5247	9.37925	0
-10.509	9.42114	0.293631	-10.509	9.42114	0
-9.44239	9.45902	0.293002	-9.44239	9.45902	0
-8.43826	9.42557	0.299447	-8.43826	9.42557	0
-7.44917	9.36453	0.306407	-7.44917	9.36453	0
-6.40524	9.30675	0.313784	-6.40524	9.30675	0
-5.40525	9.34494	0.282066	-5.40525	9.34494	0
-4.38135	9.33111	0.299117	-4.38135	9.33111	0
-3.28828	9.30198	0.327298	-3.28828	9.30198	0
-2.21865	9.26498	0.296827	-2.21865	9.26498	0
-1.20128	9.33951	0.300764	-1.20128	9.33951	0
-0.234052	10.3962	0.275191	-0.234052	10.3962	0
0.765094	10.403	0.319434	0.765094	10.403	0
1.88747	10.3761	0.335402	1.88747	10.3761	0
2.951	10.3743	0.308325	2.951	10.3743	0
4.02085	10.3961	0.296623	4.02085	10.3961	0
5.01938	10.4227	0.325524	5.01938	10.4227	0
6.06647	10.3913	0.278623	6.06647	10.3913	0
7.11307	10.3951	0.306828	7.11307	10.3951	0
8.09497	10.3664	0.328322	8.09497	10.3664	0
9.13122	10.3863	0.324208	9.13122	10.3863	0
10.1625	10.4281	0.331117	10.1625	10.4281	0
11.2459	10.4633	0.313559	11.2459	10.4633	0
-11.5767	10.4508	0.324511	-11.5767	10.4508	0
-10.5787	10.5012	0.309347	-10.5787	10.5012	0
-9.51424	10.5436	0.324179	-9.51424	10.5436	0
-8.35652	10.4817	0.331376	-8.35652	10.4817	0
-7.42058	10.4087	0.321182	-7.42058	10.4087	0
-6.37694	10.3806	0.32255	-6.37694	10.3806	0
-5.38432	10.3617	0.299979	-5.38432	10.3617	0
-4.36369	10.3959	0.285377	-4.36369	10.3959	0
-3.29826	10.2916	0.33108	-3.29826	10.2916	0
-2.29312	10.3235	0.324675	-2.29312	10.3235	0
-1.27073	10.3451	0.3113	-1.27073	10.3451	0
-0.212025	11.4077	0.311606	-0.212025	11.4077	0
0.857187	11.4104	0.309548	0.857187	11.4104	0
1.89543	11.4321	0.328289	1.89543	11.4321	0
2.94912	11.4514	0.315226	2.94912	11.4514	0
4.00601	11.4242	0.35067	4.00601	11.4242	0
5.0444	11.4878	0.325286	5.0444	11.4878	0
6.06639	11.4712	0.314752	6.06639	11.4712	0
7.08624	11.427	0.326596	7.08624	11.427	0
8.09763	11.4705	0.320659	8.09763	11.4705	0
9.12472	11.4248	0.339271	9.12472	11.4248	0
10.1894	11.4509	0.319968	10.1894	11.4509	0
11.2108	11.4805	0.296485	11.2108	11.4805	0
-11.5924	11.526	0.328694	-11.5924	11.526	0
-10.4843	11.488	0.334846	-10.4843	11.488	0
-9.46428	11.5133	0.304415	-9.46428	11.5133	0
-8.45476	11.5187	0.349217	-8.45476	11.5187	0
-7.43244	11.501	0.299572	-7.43244	11.501	0
-6.43484	11.3958	0.306588	-6.43484	11.3958	0
-5.37414	11.482	0.27557	-5.37414	11.482	0
-4.34331	11.431	0.342471	-4.34331	11.431	0
-3.32752	11.3498	0.321072	-3.32752	11.3498	0
-2.30373	11.4165	0.302314	-2.30373	11.4165	0
-1.23934	11.4266	0.29315	-1.23934	11.4266	0
-0.201821	-11.3501	0.331344	-0.201821	-11.3501	0
0.821951	-11.3612	0.322489	0.821951	-11.3612	0
1.83407	-11.3352	0.350554	1.83407	-11.3352	0
2.94831	-11.3747	0.343639	2.94831	-11.3747	0
3.97407	-11.3188	0.324494	3.97407	-11.3188	0
5.03322	-11.2744	0.337825	5.03322	-11.2744	0
6.03036	-11.2326	0.32624	6.03036	-11.2326	0
6.99303	-11.3396	0.314856	6.99303	-11.3396	0
8.06694	-11.311	0.3207	8.06694	-11.311	0
9.09684	-11.2985	0.333798	9.09684	-11.2985	0
10.1663	-11.3118	0.320496	10.1663	-11.3118	0
11.1838	-11.274	0.320789	11.1838	-11.274	0
-11.5765	-11.2203	0.326543	-11.5765	-11.2203	0
-10.5328	-11.3056	0.33328	-10.5328	-11.3056	0
-9.54356	-11.248	0.312492	-9.54356	-11.248	0
-8.49464	-11.2255	0.306818	-8.49464	-11.2255	0
-7.43938	-11.2292	0.299053	-7.43938	-11.2292	0
-6.4272	-11.3236	0.349135	-6.4272	-11.3236	0
-5.3967	-11.2679	0.31207	-5.3967	-11.2679	0
-4.37499	-11.2733	0.294012	-4.37499	-11.2733	0
-3.33121	-11.3435	0.350666	-3.33121	-11.3435	0
-2.30988	-11.3271	0.321579	-2.30988	-11.3271	0
-1.23368	-11.3036	0.323313	-1.23368	-11.3036	0
-0.187696	-10.311	0.325643	-0.187696	-10.311	0
0.830207	-10.3528	0.314959	0.830207	-10.3528	0
1.87163	-10.294	0.303208	1.87163	-10.294	0
2.90955	-10.2779	0.329024	2.90955	-10.2779	0
3.89622	-10.3002	0.336122	3.89622	-10.3002	0
4.96338	-10.2862	0.328001	4.96338	-10.2862	0
6.02881	-10.2404	0.334838	6.02881	-10.2404	0
6.99468	-10.2935	0.275618	6.99468	-10.2935	0
8.03211	-10.2262	0.339913	8.03211	-10.2262	0
9.13593	-10.2283	0.310746	9.13593	-10.2283	0
10.1281	-10.2774	0.3061	10.1281	-10.2774	0
11.1758	-10.2492	0.331456	11.1758	-10.2492	0
-11.5703	-10.2158	0.305706	-11.5703	-10.2158	0
-10.5835	-10.2474	0.340967	-10.5835	-10.2474	0
-9.57292	-10.2661	0.311287	-9.57292	-10.2661	0
-8.54774	-10.1909	0.34883	-8.54774	-10.1909	0
-7.44705	-10.222	0.327146	-7.44705	-10.222	0
-6.41732	-10.2117	0.326408	-6.41732	-10.2117	0
-5.3998	-10.2544	0.310944	-5.3998	-10.2544	0
-4.37373	-10.2775	0.340292	-4.37373	-10.2775	0
-3.27004	-10.2917	0.309774	-3.27004	-10.2917	0
-2.25251	-10.2729	0.296655	-2.25251	-10.2729	0
-1.26852	-10.2974	0.314608	-1.26852	-10.2974	0
-0.236219	-9.24696	0.290081	-0.236219	-9.24696	0
0.835297	-9.33785	0.34818	0.835297	-9.33785	0
1.82254	-9.30411	0.296406	1.82254	-9.30411	0
2.85537	-9.22593	0.314892	2.85537	-9.22593	0
3.93778	-9.29171	0.299822	3.93778	-9.29171	0
4.93986	-9.32677	0.338021	4.93986	-9.32677	0
5.98455	-9.19987	0.329481	5.98455	-9.19987	0
7.0073	-9.2681	0.347365	7.0073	-9.2681	0
8.04433	-9.14744	0.297609	8.04433	-9.14744	0
9.05644	-9.2371	0.303737	9.05644	-9.2371	0
10.0817	-9.17514	0.321059	10.0817	-9.17514	0
11.1357	-9.22086	0.312744	11.1357	-9.22086	0
-11.648	-9.23479	0.29709	-11.648	-9.23479	0
-10.604	-9.21496	0.301458	-10.604	-9.21496	0
-9.55556	-9.21474	0.343704	-9.55556	-9.21474	0
-8.48953	-9.19063	0.321956	-8.48953	-9.19063	0
-7.4961	-9.18822	0.32607	-7.4961	-9.18822	0
-6.44484	-9.18667	0.343025	-6.44484	-9.18667	0
-5.40585	-9.22954	0.341723	-5.40585	-9.22954	0
-4.33056	-9.17493	0.310709	-4.33056	-9.17493	0
-3.32875	-9.26472	0.305988	-3.32875	-9.26472	0
-2.24087	-9.25179	0.316148	-2.24087	-9.25179	0
-1.2804	-9.23152	0.309685	-1.2804	-9.23152	0
-0.15346	-8.24239	0.320335	-0.15346	-8.24239	0
0.882558	-8.23169	0.329863	0.882558	-8.23169	0
1.87679	-8.27118	0.306904	1.87679	-8.27118	0
2.88526	-8.20713	0.315508	2.88526	-8.20713	0
3.99575	-8.27694	0.31242	3.99575	-8.27694	0
4.9812	-8.28332	0.295382	4.9812	-8.28332	0
6.01189	-8.22843	0.333852	6.01189	-8.22843	0
7.01575	-8.21208	0.304627	7.01575	-8.21208	0
8.04417	-8.17581	0.298136	8.04417	-8.17581	0
9.09063	-8.21673	0.326076	9.09063	-8.21673	0
10.1578	-8.19979	0.29553	10.1578	-8.19979	0
11.1542	-8.22594	0.295567	11.1542	-8.22594	0
-11.5857	-8.20272	0.300008	-11.5857	-8.20272	0
-10.5408	-8.17003	0.340649	-10.5408	-8.17003	0
-9.47185	-8.22646	0.320237	-9.47185	-8.22646	0
-8.48672	-8.20957	0.296678	-8.48672	-8.20957	0
-7.4189	-8.17828	0.320739	-7.4189	-8.17828	0
-6.43494	-8.22063	0.315298	-6.43494	-8.22063	0
-5.41713	-8.21245	0.325178	-5.41713	-8.21245	0
-4.38388	-8.16363	0.308457	-4.38388	-8.16363	0
-3.33848	-8.23456	0.328145	-3.33848	-8.23456	0
-2.20338	-8.2418	0.300698	-2.20338	-8.2418	0
-1.21868	-8.23073	0.295405	-1.21868	-8.23073	0
-0.158635	-7.26049	0.30414	-0.158635	-7.26049	0
0.846858	-7.22176	0.330676	0.846858	-7.22176	0
1.88125	-7.25706	0.285631	1.88125	-7.25706	0
2.83945	-7.21607	0.309223	2.83945	-7.21607	0
3.83447	-7.21327	0.310618	3.83447	-7.21327	0
4.98162	-7.24085	0.318667	4.98162	-7.24085	0
5.98823	-7.1603	0.326926	5.98823	-7.1603	0
7.00105	-7.17057	0.319492	7.00105	-7.17057	0
8.05476	-7.19618	0.345435	8.05476	-7.19618	0
9.13169	-7.2181	0.332574	9.13169	-7.2181	0
10.163	-7.17166	0.298699	10.163	-7.17166	0
11.1887	-7.17694	0.318783	11.1887	-7.17694	0
-11.5535	-7.08757	0.314638	-11.5535	-7.08757	0
-10.5319	-7.13517	0.284236	-10.5319	-7.13517	0
-9.4669	-7.19807	0.310905	-9.4669	-7.19807	0
-8.46932	-7.14983	0.322063	-8.46932	-7.14983	0
-7.44926	-7.14534	0.313711	-7.44926	-7.14534	0
-6.43469	-7.20305	0.323438	-6.43469	-7.20305	0
-5.39556	-7.18812	0.309576	-5.39556	-7.18812	0
-4.32044	-7.21743	0.305988	-4.32044	-7.21743	0
-3.19211	-7.25269	0.307964	-3.19211	-7.25269	0
-2.22248	-7.25925	0.323173	-2.22248	-7.25925	0
-1.1964	-7.21102	0.316939	-1.1964	-7.21102	0
-0.175434	-6.20933	0.313303	-0.175434	-6.20933	0
0.861106	-6.20289	0.335029	0.861106	-6.20289	0
1.86978	-6.23581	0.300965	1.86978	-6.23581	0
2.87523	-6.22494	0.320942	2.87523	-6.22494	0
3.91151	-6.18117	0.324155	3.91151	-6.18117	0
4.97309	-6.23872	0.330121	4.97309	-6.23872	0
5.9655	-6.16012	0.322691	5.9655	-6.16012	0
7.01857	-6.16896	0.323019	7.01857	-6.16896	0
8.01474	-6.18732	0.311385	8.01474	-6.18732	0
9.08926	-6.15009	0.312088	9.08926	-6.15009	0
10.0793	-6.17404	0.298659	10.0793	-6.17404	0
11.1771	-6.1943	0.292615	11.1771	-6.1943	0
-11.5547	-6.07457	0.324986	-11.5547	-6.07457	0
-10.4716	-6.11733	0.342583	-10.4716	-6.11733	0
-9.46406	-6.15275	0.323662	-9.46406	-6.15275	0
-8.40308	-6.11203	0.326111	-8.40308	-6.11203	0
-7.37506	-6.15488	0.306763	-7.37506	-6.15488	0
-6.39451	-6.13306	0.314066	-6.39451	-6.13306	0
-5.36974	-6.22074	0.319739	-5.36974	-6.22074	0
-4.24143	-6.21479	0.337066	-4.24143	-6.21479	0
-3.215	-6.19452	0.32542	-3.215	-6.19452	0
-2.20648	-6.18978	0.356245	-2.20648	-6.18978	0
-1.17992	-6.16005	0.339308	-1.17992	-6.16005	0
-0.138262	-5.10231	0.315182	-0.138262	-5.10231	0
0.850228	-5.1247	0.305418	0.850228	-5.1247	0
1.87941	-5.13421	0.323018	1.87941	-5.13421	0
2.88479	-5.09215	0.327766	2.88479	-5.09215	0
3.87215	-5.19118	0.328279	3.87215	-5.19118	0
4.95253	-5.22779	0.31162	4.95253	-5.22779	0
5.9497	-5.12045	0.308996	5.9497	-5.12045	0
6.99657	-5.1258	0.307292	6.99657	-5.1258	0
8.05041	-5.1378	0.3183	8.05041	-5.1378	0
9.07577	-5.14685	0.295938	9.07577	-5.14685	0
10.0553	-5.10179	0.317121	10.0553	-5.10179	0
11.1331	-5.09612	0.315641	11.1331	-5.09612	0
-11.5471	-5.05353	0.303471	-11.5471	-5.05353	0
-10.4713	-5.10691	0.326439	-10.4713	-5.10691	0
-9.3961	-5.09496	0.304857	-9.3961	-5.09496	0
-8.40046	-5.09449	0.315295	-8.40046	-5.09449	0
-7.39063	-5.15163	0.337869	-7.39063	-5.15163	0
-6.40674	-5.1068	0.319103	-6.40674	-5.1068	0
-5.30703	-5.16329	0.318314	-5.30703	-5.16329	0
-4.30859	-5.17157	0.283781	-4.30859	-5.17157	0
-3.26929	-5.143	0.300311	-3.26929	-5.143	0
-2.25385	-5.13888	0.337774	-2.25385	-5.13888	0
-1.19508	-5.18612	0.308261	-1.19508	-5.18612	0
-0.168775	-4.0738	0.333124	-0.168775	-4.0738	0
0.823714	-4.14097	0.315786	0.823714	-4.14097	0
1.85555	-4.16242	0.331175	1.85555	-4.16242	0
2.89466	-4.1246	0.316135	2.89466	-4.1246	0
3.91908	-4.12581	0.348305	3.91908	-4.12581	0
4.93782	-4.13016	0.335029	4.93782	-4.13016	0
5.97294	-4.10517	0.309589	5.97294	-4.10517	0
7.05502	-4.10671	0.295884	7.05502	-4.10671	0
8.08992	-4.13522	0.34089	8.08992	-4.13522	0
9.14829	-4.10065	0.323209	9.14829	-4.10065	0
10.1515	-4.08181	0.320065	10.1515	-4.08181	0
11.1709	-4.02928	0.314799	11.1709	-4.02928	0
-11.5372	-4.00964	0.324762	-11.5372	-4.00964	0
-10.5274	-4.02488	0.323324	-10.5274	-4.02488	0
-9.4856	-4.09345	0.269173	-9.4856	-4.09345	0
-8.47259	-4.03112	0.335278	-8.47259	-4.03112	0
-7.35893	-4.05814	0.29261	-7.35893	-4.05814	0
-6.33679	-4.09959	0.351198	-6.33679	-4.09959	0
-5.2559	-4.07293	0.340758	-5.2559	-4.07293	0
-4.2859	-4.12514	0.326002	-4.2859	-4.12514	0
-3.31264	-4.10141	0.339358	-3.31264	-4.10141	0
-2.24415	-4.11005	0.319927	-2.24415	-4.11005	0
-1.20832	-4.13205	0.326201	-1.20832	-4.13205	0
-0.188629	-3.05971	0.318016	-0.188629	-3.05971	0
0.84922	-3.13052	0.332817	0.84922	-3.13052	0
1.86333	-3.13033	0.29098	1.86333	-3.13033	0
2.878	-3.12067	0.331191	2.878	-3.12067	0
3.95306	-3.10293	0.331978	3.95306	-3.10293	0
4.94213	-3.05843	0.323004	4.94213	-3.05843	0
5.98077	-3.04349	0.316209	5.98077	-3.04349	0
6.98848	-3.00298	0.317144	6.98848	-3.00298	0
8.0376	-3.07131	0.313628	8.0376	-3.07131	0
9.10414	-3.03553	0.339918	9.10414	-3.03553	0
10.1306	-3.0202	0.313515	10.1306	-3.0202	0
11.1641	-2.97193	0.31148	11.1641	-2.97193	0
-11.5667	-2.99834	0.321944	-11.5667	-2.99834	0
-10.5147	-3.00474	0.344909	-10.5147	-3.00474	0
-9.52208	-3.07958	0.309881	-9.52208	-3.07958	0
-8.44252	-3.01124	0.292322	-8.44252	-3.01124	0
-7.41632	-2.9568	0.289987	-7.41632	-2.9568	0
-6.37514	-3.02333	0.294652	-6.37514	-3.02333	0
-5.39641	-3.02311	0.290469	-5.39641	-3.02311	0
-4.34397	-3.05231	0.339246	-4.34397	-3.05231	0
-3.28306	-3.11487	0.322068	-3.28306	-3.11487	0
-2.23099	-3.12211	0.281543	-2.23099	-3.12211	0
-1.21017	-3.10385	0.346746	-1.21017	-3.10385	0
-0.141491	-2.06095	0.321172	-0.141491	-2.06095	0
0.836139	-2.08222	0.329074	0.836139	-2.08222	0
1.88506	-2.11139	0.302668	1.88506	-2.11139	0
2.93153	-2.07612	0.324836	2.93153	-2.07612	0
3.92117	-2.05918	0.303828	3.92117	-2.05918	0
4.99384	-2.03371	0.315265	4.99384	-2.03371	0
5.99942	-2.0113	0.334072	5.99942	-2.0113	0
7.04231	-1.99187	0.332808	7.04231	-1.99187	0
8.0618	-2.09861	0.275364	8.0618	-2.09861	0
9.11323	-1.93663	0.314141	9.11323	-1.93663	0
10.1265	-1.99626	0.323146	10.1265	-1.99626	0
11.1589	-1.92877	0.346073	11.1589	-1.92877	0
-11.5597	-1.97765	0.328668	-11.5597	-1.97765	0
-10.5231	-1.956	0.319824	-10.5231	-1.956	0
-9.51942	-2.01813	0.321477	-9.51942	-2.01813	0
-8.52992	-1.98118	0.315454	-8.52992	-1.98118	0
-7.40052	-1.93451	0.30442	-7.40052	-1.93451	0
-6.34899	-1.98707	0.325426	-6.34899	-1.98707	0
-5.30548	-1.97675	0.300759	-5.30548	-1.97675	0
-4.3225	-2.04756	0.309749	-4.3225	-2.04756	0
-3.32691	-2.05037	0.311023	-3.32691	-2.05037	0
-2.29865	-2.08185	0.310146	-2.29865	-2.08185	0
-1.17107	-2.0196	0.321741	-1.17107	-2.0196	0
-0.170388	-0.984604	0.314934	-0.170388	-0.984604	0
0.876459	-1.05694	0.313063	0.876459	-1.05694	0
1.84881	-1.00827	0.307272	1.84881	-1.00827	0
2.91607	-1.07157	0.296207	2.91607	-1.07157	0
3.91473	-0.996875	0.3096	3.91473	-0.996875	0
4.96749	-1.07408	0.329995	4.96749	-1.07408	0
5.977	-0.971135	0.323152	5.977	-0.971135	0
6.98944	-0.988189	0.314723	6.98944	-0.988189	0
8.03751	-1.02258	0.343543	8.03751	-1.02258	0
9.08559	-0.94812	0.339764	9.08559	-0.94812	0
10.1596	-0.975573	0.295686	10.1596	-0.975573	0
11.2386	-0.957914	0.342325	11.2386	-0.957914	0
-11.5665	-0.932202	0.3249	-11.5665	-0.932202	0
-10.5399	-0.854154	0.30555	-10.5399	-0.854154	0
-9.54852	-0.958414	0.34641	-9.54852	-0.958414	0
-8.48976	-0.973918	0.300506	-8.48976	-0.973918	0
-7.4452	-0.976596	0.333075	-7.4452	-0.976596	0
-6.36676	-0.956225	0.289365	-6.36676	-0.956225	0
-5.28976	-0.970171	0.333996	-5.28976	-0.970171	0
-4.28786	-1.00072	0.313954	-4.28786	-1.00072	0
-3.24368	-0.984223	0.322032	-3.24368	-0.984223	0
-2.18914	-1.04485	0.305564	-2.18914	-1.04485	0
-1.25925	-1.01833	0.298894	-1.25925	-1.01833	0
