-0.52441	-0.285992	-0.302395	-0.52441	-0.285992	0
0.50364	-0.298375	-0.327705	0.50364	-0.298375	0
1.57719	-0.303523	-0.347415	1.57719	-0.303523	0
2.61709	-0.288608	-0.28771	2.61709	-0.288608	0
3.65204	-0.278135	-0.295722	3.65204	-0.278135	0
4.64747	-0.325283	-0.286641	4.64747	-0.325283	0
5.69068	-0.272077	-0.335959	5.69068	-0.272077	0
6.69613	-0.289254	-0.296317	6.69613	-0.289254	0
7.79006	-0.226835	-0.328825	7.79006	-0.226835	0
8.78612	-0.269237	-0.308219	8.78612	-0.269237	0
9.8078	-0.253747	-0.308617	9.8078	-0.253747	0
10.8178	-0.317675	-0.310358	10.8178	-0.317675	0
-11.9057	-0.334922	-0.319751	11.8804	-0.334922	0
-10.8444	-0.298794	-0.310864	-10.8444	-0.298794	0
-9.85307	-0.301382	-0.319283	-9.85307	-0.301382	0
-8.79892	-0.268201	-0.324735	-8.79892	-0.268201	0
-7.74393	-0.308882	-0.317003	-7.74393	-0.308882	0
-6.70901	-0.327574	-0.308331	-6.70901	-0.327574	0
-5.68384	-0.32887	-0.300507	-5.68384	-0.32887	0
-4.67928	-0.346412	-0.310658	-4.67928	-0.346412	0
-3.67692	-0.368159	-0.34169	-3.67692	-0.368159	0
-2.62316	-0.388561	-0.341096	-2.62316	-0.388561	0
-1.58267	-0.301272	-0.342412	-1.58267	-0.301272	0
-0.505715	0.658767	-0.289874	-0.505715	0.658767	0
0.50553	0.752069	-0.32872	0.50553	0.752069	0
1.5171	0.798659	-0.310463	1.5171	0.798659	0
2.54324	0.713715	-0.313209	2.54324	0.713715	0
3.54823	0.729389	-0.310957	3.54823	0.729389	0
4.59515	0.761357	-0.305961	4.59515	0.761357	0
5.71031	0.787939	-0.297505	5.71031	0.787939	0
6.73299	0.78585	-0.333761	6.73299	0.78585	0
7.75943	0.83737	-0.283223	7.75943	0.83737	0
8.79194	0.72965	-0.341682	8.79194	0.72965	0
9.83652	0.850177	-0.319806	9.83652	0.850177	0
10.8523	0.735203	-0.346167	10.8523	0.735203	0
-11.9139	0.723967	-0.288281	11.8721	0.723967	0
-10.8366	0.721119	-0.343112	-10.8366	0.721119	0
-9.84526	0.758973	-0.285482	-9.84526	0.758973	0
-8.79955	0.762944	-0.307983	-8.79955	0.762944	0
-7.78392	0.71107	-0.301674	-7.78392	0.71107	0
-6.7251	0.742955	-0.308881	-6.7251	0.742955	0
-5.73797	0.683514	-0.316874	-5.73797	0.683514	0
-4.64116	0.706534	-0.342551	-4.64116	0.706534	0
-3.6204	0.658982	-0.323703	-3.6204	0.658982	0
-2.55949	0.68645	-0.317331	-2.55949	0.68645	0
-1.61593	0.730282	-0.297308	-1.61593	0.730282	0
-0.531573	1.76148	-0.37182	-0.531573	1.76148	0
0.482913	1.75603	-0.329889	0.482913	1.75603	0
1.54482	1.79562	-0.334805	1.54482	1.79562	0
2.54871	1.74971	-0.307371	2.54871	1.74971	0
3.57374	1.74355	-0.337999	3.57374	1.74355	0
4.56695	1.73804	-0.306975	4.56695	1.73804	0
5.68788	1.80378	-0.304908	5.68788	1.80378	0
6.76985	1.79427	-0.314763	6.76985	1.79427	0
7.8513	1.8095	-0.349198	7.8513	1.8095	0
8.83754	1.81351	-0.318159	8.83754	1.81351	0
9.83514	1.83178	-0.308381	9.83514	1.83178	0
10.908	1.76772	-0.341742	10.908	1.76772	0
-11.8771	1.77023	-0.301951	-11.8771	1.77023	0
-10.8117	1.75579	-0.336311	-10.8117	1.75579	0
-9.81864	1.77808	-0.319432	-9.81864	1.77808	0
-8.78283	1.77125	-0.305421	-8.78283	1.77125	0
-7.71566	1.82926	-0.295414	-7.71566	1.82926	0
-6.75371	1.7492	-0.277079	-6.75371	1.7492	0
-5.66955	1.80576	-0.320646	-5.66955	1.80576	0
-4.65058	1.80063	-0.297607	-4.65058	1.80063	0
-3.59388	1.65719	-0.322885	-3.59388	1.65719	0
-2.56554	1.71447	-0.304719	-2.56554	1.71447	0
-1.55918	1.78001	-0.324706	-1.55918	1.78001	0
-0.527868	2.81513	-0.304008	-0.527868	2.81513	0
0.519102	2.80387	-0.333848	0.519102	2.80387	0
1.52281	2.83509	-0.295554	1.52281	2.83509	0
2.56289	2.78995	-0.288098	2.56289	2.78995	0
3.59282	2.80555	-0.335273	3.59282	2.80555	0
4.63794	2.78731	-0.310293	4.63794	2.78731	0
5.66866	2.8533	-0.304789	5.66866	2.8533	0
6.68612	2.84807	-0.286013	6.68612	2.84807	0
7.75854	2.81988	-0.339149	7.75854	2.81988	0
8.81275	2.83663	-0.324569	8.81275	2.83663	0
9.77342	2.82847	-0.318895	9.77342	2.82847	0
10.8591	2.83696	-0.32703	10.8591	2.83696	0
-11.8839	2.80513	-0.313693	-11.8839	2.80513	0
-10.8336	2.75221	-0.340287	-10.8336	2.75221	0
-9.86314	2.81901	-0.327569	-9.86314	2.81901	0
-8.88625	2.81152	-0.331917	-8.88625	2.81152	0
-7.78805	2.84288	-0.323339	-7.78805	2.84288	0
-6.7243	2.78055	-0.332256	-6.7243	2.78055	0
-5.6359	2.79389	-0.341687	-5.6359	2.79389	0
-4.63792	2.72561	-0.332465	-4.63792	2.72561	0
-3.58294	2.79185	-0.294911	-3.58294	2.79185	0
-2.5714	2.76035	-0.307521	-2.5714	2.76035	0
-1.53923	2.79139	-0.320616	-1.53923	2.79139	0
-0.626354	3.83004	-0.313384	-0.626354	3.83004	0
0.492256	3.85478	-0.335875	0.492256	3.85478	0
1.49547	3.83348	-0.288924	1.49547	3.83348	0
2.55402	3.8178	-0.32483	2.55402	3.8178	0
3.61096	3.83344	-0.295873	3.61096	3.83344	0
4.6007	3.77855	-0.335476	4.6007	3.77855	0
5.68221	3.85622	-0.291493	5.68221	3.85622	0
6.71059	3.92918	-0.313146	6.71059	3.92918	0
7.74103	3.92048	-0.31681	7.74103	3.92048	0
8.78219	3.86104	-0.330922	8.78219	3.86104	0
9.77231	3.8455	-0.305236	9.77231	3.8455	0
10.8417	3.87022	-0.320976	10.8417	3.87022	0
11.8582	3.80296	-0.303178	11.8582	3.80296	0
-10.8357	3.81525	-0.322232	-10.8357	3.81525	0
-9.8278	3.87157	-0.332496	-9.8278	3.87157	0
-8.85152	3.87976	-0.314629	-8.85152	3.87976	0
-7.82693	3.90862	-0.331629	-7.82693	3.90862	0
-6.73705	3.80379	-0.335682	-6.73705	3.80379	0
-5.71146	3.84531	-0.306093	-5.71146	3.84531	0
-4.66353	3.8004	-0.321536	-4.66353	3.8004	0
-3.61624	3.84686	-0.333573	-3.61624	3.84686	0
-2.62169	3.7971	-0.338656	-2.62169	3.7971	0
-1.63408	3.83836	-0.312508	-1.63408	3.83836	0
-0.594669	4.86144	-0.330387	-0.594669	4.86144	0
0.432744	4.89226	-0.322039	0.432744	4.89226	0
1.50289	4.85816	-0.331924	1.50289	4.85816	0
2.58268	4.87604	-0.33116	2.58268	4.87604	0
3.58983	4.817	-0.308186	3.58983	4.817	0
4.60774	4.83041	-0.304574	4.60774	4.83041	0
5.60449	4.8501	-0.328002	5.60449	4.8501	0
6.7054	4.92241	-0.308689	6.7054	4.92241	0
7.72355	4.91796	-0.33247	7.72355	4.91796	0
8.69864	4.875	-0.315273	8.69864	4.875	0
9.73557	4.86278	-0.349207	9.73557	4.86278	0
10.8075	4.909	-0.308024	10.8075	4.909	0
11.8705	4.80928	-0.318194	11.8705	4.80928	0
-10.8306	4.79022	-0.29807	-10.8306	4.79022	0
-9.82773	4.88505	-0.296924	-9.82773	4.88505	0
-8.79268	4.93409	-0.321416	-8.79268	4.93409	0
-7.76219	4.88166	-0.305066	-7.76219	4.88166	0
-6.7412	4.82296	-0.30603	-6.7412	4.82296	0
-5.65906	4.80985	-0.333839	-5.65906	4.80985	0
-4.64492	4.87217	-0.304199	-4.64492	4.87217	0
-3.6536	4.8376	-0.307133	-3.6536	4.8376	0
-2.63535	4.79808	-0.313928	-2.63535	4.79808	0
-1.61502	4.82353	-0.305368	-1.61502	4.82353	0
-0.529136	5.97395	-0.302715	-0.529136	5.97395	0
0.492337	5.9113	-0.319771	0.492337	5.9113	0
1.57015	5.92237	-0.329625	1.57015	5.92237	0
2.57981	5.90028	-0.270607	2.57981	5.90028	0
3.59492	5.86327	-0.300019	3.59492	5.86327	0
4.65573	5.8917	-0.326262	4.65573	5.8917	0
5.70352	5.85423	-0.351664	5.70352	5.85423	0
6.76294	5.93379	-0.324615	6.76294	5.93379	0
7.7385	5.97438	-0.317334	7.7385	5.97438	0
8.70687	5.93962	-0.328342	8.70687	5.93962	0
9.78648	5.93	-0.310808	9.78648	5.93	0
10.8373	5.90096	-0.314676	10.8373	5.90096	0
11.8687	5.89256	-0.322958	11.8687	5.89256	0
-10.8121	5.83344	-0.312638	-10.8121	5.83344	0
-9.84332	5.92171	-0.296405	-9.84332	5.92171	0
-8.79933	5.88853	-0.301022	-8.79933	5.88853	0
-7.6803	5.92522	-0.326038	-7.6803	5.92522	0
-6.64651	5.84907	-0.303997	-6.64651	5.84907	0
-5.6432	5.83185	-0.343092	-5.6432	5.83185	0
-4.59757	5.87942	-0.332898	-4.59757	5.87942	0
-3.58496	5.86308	-0.329493	-3.58496	5.86308	0
-2.53096	5.85985	-0.318199	-2.53096	5.85985	0
-1.51872	5.84933	-0.315474	-1.51872	5.84933	0
-0.532987	6.96541	-0.298546	-0.532987	6.96541	0
0.503778	6.94669	-0.347742	0.503778	6.94669	0
1.61966	6.96114	-0.314513	1.61966	6.96114	0
2.5859	6.95567	-0.288502	2.5859	6.95567	0
3.63698	6.89391	-0.31397	3.63698	6.89391	0
4.61353	6.90472	-0.263575	4.61353	6.90472	0
5.62043	6.91836	-0.330167	5.62043	6.91836	0
6.65675	7.0122	-0.33644	6.65675	7.0122	0
7.70573	7.04129	-0.328169	7.70573	7.04129	0
8.78452	6.97238	-0.312147	8.78452	6.97238	0
9.86058	6.95777	-0.313728	9.86058	6.95777	0
10.8753	6.92734	-0.314842	10.8753	6.92734	0
-11.8386	6.96071	-0.332991	-11.8386	6.96071	0
-10.8079	6.87561	-0.296142	-10.8079	6.87561	0
-9.81723	6.89244	-0.330285	-9.81723	6.89244	0
-8.78514	6.91354	-0.312392	-8.78514	6.91354	0
-7.76993	6.94711	-0.34199	-7.76993	6.94711	0
-6.68174	6.8908	-0.334984	-6.68174	6.8908	0
-5.65484	6.82909	-0.31699	-5.65484	6.82909	0
-4.62979	6.89622	-0.340535	-4.62979	6.89622	0
-3.52511	6.91571	-0.315541	-3.52511	6.91571	0
-2.55127	6.89626	-0.30933	-2.55127	6.89626	0
-1.5638	6.96354	-0.300031	-1.5638	6.96354	0
-0.537981	7.9794	-0.303866	-0.537981	7.9794	0
0.496607	7.9603	-0.321047	0.496607	7.9603	0
1.54887	8.04855	-0.315	1.54887	8.04855	0
2.59865	7.99166	-0.311955	2.59865	7.99166	0
3.64635	7.94694	-0.308765	3.64635	7.94694	0
4.67321	7.97159	-0.296162	4.67321	7.97159	0
5.66311	7.91858	-0.333123	5.66311	7.91858	0
6.69493	7.99741	-0.339371	6.69493	7.99741	0
7.75688	8.04228	-0.315877	7.75688	8.04228	0
8.8163	7.99333	-0.321507	8.8163	7.99333	0
9.85866	8.0368	-0.312533	9.85866	8.0368	0
10.8787	7.96226	-0.340164	10.8787	7.96226	0
11.9092	7.964	-0.308351	-11.8768	7.964	0
-10.8242	7.9257	-0.329452	-10.8242	7.9257	0
-9.81662	7.97044	-0.308307	-9.81662	7.97044	0
-8.79537	7.90254	-0.304132	-8.79537	7.90254	0
-7.74798	7.95503	-0.329296	-7.74798	7.95503	0
-6.74782	7.9212	-0.310253	-6.74782	7.9212	0
-5.75616	7.89222	-0.329172	-5.75616	7.89222	0
-4.6448	7.89797	-0.36476	-4.6448	7.89797	0
-3.64575	7.96264	-0.311636	-3.64575	7.96264	0
-2.59305	7.92576	-0.311611	-2.59305	7.92576	0
-1.50881	7.95681	-0.333111	-1.50881	7.95681	0
-0.504292	8.97104	-0.299635	-0.504292	8.97104	0
0.513779	9.01881	-0.306872	0.513779	9.01881	0
1.5306	9.04319	-0.313267	1.5306	9.04319	0
2.57789	9.03975	-0.343442	2.57789	9.03975	0
3.6402	8.9837	-0.342838	3.6402	8.9837	0
4.63445	8.99281	-0.328171	4.63445	8.99281	0
5.67783	8.97915	-0.319691	5.67783	8.97915	0
6.64938	9.06462	-0.300388	6.64938	9.06462	0
7.73967	9.04967	-0.313977	7.73967	9.04967	0
8.79306	9.04878	-0.340988	8.79306	9.04878	0
9.86477	9.04172	-0.311675	9.86477	9.04172	0
10.8758	8.99275	-0.324379	10.8758	8.99275	0
11.9245	9.01859	-0.302047	-11.8615	9.01859	0
-10.89	8.9974	-0.311921	-10.89	8.9974	0
-9.82377	8.95852	-0.299792	-9.82377	8.95852	0
-8.7787	8.99539	-0.3207	-8.7787	8.99539	0
-7.75266	9.00045	-0.331803	-7.75266	9.00045	0
-6.69587	8.95312	-0.323792	-6.69587	8.95312	0
-5.61958	8.95032	-0.315412	-5.61958	8.95032	0
-4.60746	8.93452	-0.327512	-4.60746	8.93452	0
-3.62149	8.97062	-0.302913	-3.62149	8.97062	0
-2.56076	8.9097	-0.348903	-2.56076	8.9097	0
-1.57548	9.0332	-0.32123	-1.57548	9.0332	0
-0.57821	10.0435	-0.327614	-0.57821	10.0435	0
0.457061	10.0434	-0.320994	0.457061	10.0434	0
1.5194	10.0772	-0.333949	1.5194	10.0772	0
2.49137	10.0612	-0.291714	2.49137	10.0612	0
3.59258	10.0427	-0.345109	3.59258	10.0427	0
4.67368	10.0548	-0.329484	4.67368	10.0548	0
5.67089	10.0532	-0.325462	5.67089	10.0532	0
6.70885	10.1041	-0.312841	6.70885	10.1041	0
7.69586	10.045	-0.345472	7.69586	10.045	0
8.79274	10.0777	-0.334996	8.79274	10.0777	0
9.80143	10.0183	-0.301494	9.80143	10.0183	0
10.8757	10.0431	-0.322761	10.8757	10.0431	0
11.8786	10.0614	-0.323911	11.8786	10.0614	0
-10.8951	10.0537	-0.322626	-10.8951	10.0537	0
-9.86267	10.0212	-0.300288	-9.86267	10.0212	0
-8.81677	10.0074	-0.288217	-8.81677	10.0074	0
-7.75892	9.9963	-0.319101	-7.75892	9.9963	0
-6.60608	9.99809	-0.317525	-6.60608	9.99809	0
-5.63763	9.9542	-0.310771	-5.63763	9.9542	0
-4.60966	9.97122	-0.317364	-4.60966	9.97122	0
-3.64304	9.9818	-0.325785	-3.64304	9.9818	0
-2.69305	9.98341	-0.293893	-2.69305	9.98341	0
-1.65216	10.0806	-0.308812	-1.65216	10.0806	0
-0.566081	11.0241	-0.301357	-0.566081	11.0241	0
0.45462	11.0808	-0.313207	0.45462	11.0808	0
1.5612	11.1185	-0.319875	1.5612	11.1185	0
2.52698	11.0677	-0.304405	2.52698	11.0677	0
3.61534	11.1064	-0.302581	3.61534	11.1064	0
4.64206	11.0468	-0.300068	4.64206	11.0468	0
5.67456	11.1048	-0.30506	5.67456	11.1048	0
6.69568	11.1614	-0.322061	6.69568	11.1614	0
7.71601	11.1147	-0.301126	7.71601	11.1147	0
8.77145	11.0613	-0.309869	8.77145	11.0613	0
9.8471	11.1234	-0.337455	9.8471	11.1234	0
10.8607	11.1216	-0.297828	10.8607	11.1216	0
11.9138	11.1329	-0.320517	-11.8722	11.1329	0
-10.8527	11.0825	-0.310996	-10.8527	11.0825	0
-9.89321	11.0144	-0.288223	-9.89321	11.0144	0
-8.72912	11.0175	-0.311704	-8.72912	11.0175	0
-7.68573	11.0132	-0.327006	-7.68573	11.0132	0
-6.66036	11.0279	-0.318867	-6.66036	11.0279	0
-5.62144	11.0174	-0.302685	-5.62144	11.0174	0
-4.62422	11.0359	-0.364289	-4.62422	11.0359	0
-3.64573	11.0312	-0.329118	-3.64573	11.0312	0
-2.61042	11.0401	-0.323149	-2.61042	11.0401	0
-1.60656	11.0316	-0.339276	-1.60656	11.0316	0
-0.574882	-11.7101	-0.32093	-0.574882	-11.7101	0
0.474278	-11.7355	-0.293964	0.474278	-11.7355	0
1.53941	-11.6427	-0.306023	1.53941	-11.6427	0
2.58968	-11.7127	-0.319604	2.58968	-11.7127	0
3.62879	-11.6799	-0.307547	3.62879	-11.6799	0
4.65415	-11.6732	-0.315066	4.65415	-11.6732	0
5.66521	-11.6571	-0.317078	5.66521	-11.6571	0
6.72963	-11.61	-0.318956	6.72963	-11.61	0
7.74952	-11.649	-0.314169	7.74952	-11.649	0
8.7036	-11.6663	-0.330964	8.7036	-11.6663	0
9.7691	-11.6162	-0.312927	9.7691	-11.6162	0
10.7552	-11.648	-0.310258	10.7552	-11.648	0
11.8668	-11.6252	-0.31197	11.8668	-11.6252	0
-10.875	-11.7235	-0.340014	-10.875	-11.7235	0
-9.81435	-11.6794	-0.319635	-9.81435	-11.6794	0
-8.77519	-11.7364	-0.313519	-8.77519	-11.7364	0
-7.72608	-11.7332	-0.318064	-7.72608	-11.7332	0
-6.69848	-11.7228	-0.327139	-6.69848	-11.7228	0
-5.60263	-11.732	-0.302958	-5.60263	-11.732	0
-4.60744	-11.7195	-0.3042	-4.60744	-11.7195	0
-3.52959	-11.733	-0.326816	-3.52959	-11.733	0
-2.58416	-11.7336	-0.331952	-2.58416	-11.7336	0
-1.53605	-11.7036	-0.338412	-1.53605	-11.7036	0
-0.479864	-10.6203	-0.339956	-0.479864	-10.6203	0
0.528826	-10.6506	-0.335149	0.528826	-10.6506	0
1.54104	-10.6633	-0.304211	1.54104	-10.6633	0
2.59268	-10.6488	-0.304948	2.59268	-10.6488	0
3.60561	-10.6693	-0.313606	3.60561	-10.6693	0
4.66716	-10.6167	-0.329637	4.66716	-10.6167	0
5.65412	-10.6679	-0.279717	5.65412	-10.6679	0
6.67462	-10.5898	-0.304379	6.67462	-10.5898	0
7.71534	-10.5862	-0.299149	7.71534	-10.5862	0
8.75582	-10.604	-0.294929	8.75582	-10.604	0
9.7962	-10.6143	-0.329504	9.7962	-10.6143	0
10.8314	-10.6192	-0.349268	10.8314	-10.6192	0
11.82	-10.6235	-0.34036	11.82	-10.6235	0
-10.9592	-10.6094	-0.329019	-10.9592	-10.6094	0
-9.87549	-10.6763	-0.326207	-9.87549	-10.6763	0
-8.74796	-10.7478	-0.323789	-8.74796	-10.7478	0
-7.72601	-10.6995	-0.314423	-7.72601	-10.6995	0
-6.71014	-10.6748	-0.298942	-6.71014	-10.6748	0
-5.67687	-10.7327	-0.313601	-5.67687	-10.7327	0
-4.58891	-10.7313	-0.339333	-4.58891	-10.7313	0
-3.59465	-10.6499	-0.327563	-3.59465	-10.6499	0
-2.54442	-10.6932	-0.307709	-2.54442	-10.6932	0
-1.55776	-10.6515	-0.322179	-1.55776	-10.6515	0
-0.464214	-9.57303	-0.307959	-0.464214	-9.57303	0
0.530365	-9.64015	-0.343877	0.530365	-9.64015	0
1.57647	-9.62031	-0.304664	1.57647	-9.62031	0
2.61945	-9.62288	-0.318639	2.61945	-9.62288	0
3.59486	-9.6388	-0.323744	3.59486	-9.6388	0
4.63615	-9.63669	-0.294758	4.63615	-9.63669	0
5.65538	-9.56758	-0.317219	5.65538	-9.56758	0
6.72693	-9.56237	-0.316101	6.72693	-9.56237	0
7.74091	-9.60647	-0.325663	7.74091	-9.60647	0
8.75645	-9.58816	-0.333547	8.75645	-9.58816	0
9.79583	-9.58045	-0.316252	9.79583	-9.58045	0
10.8469	-9.52873	-0.301665	10.8469	-9.52873	0
-11.9381	-9.58046	-0.316284	11.8479	-9.58046	0
-10.8875	-9.59484	-0.333714	-10.8875	-9.59484	0
-9.81444	-9.66691	-0.327274	-9.81444	-9.66691	0
-8.80002	-9.70249	-0.329616	-8.80002	-9.70249	0
-7.81424	-9.63294	-0.320422	-7.81424	-9.63294	0
-6.71208	-9.63705	-0.335213	-6.71208	-9.63705	0
-5.62815	-9.66668	-0.316962	-5.62815	-9.66668	0
-4.61627	-9.64357	-0.332778	-4.61627	-9.64357	0
-3.57081	-9.59798	-0.333219	-3.57081	-9.59798	0
-2.52574	-9.65131	-0.312092	-2.52574	-9.65131	0
-1.53196	-9.63148	-0.273815	-1.53196	-9.63148	0
-0.474612	-8.50899	-0.283247	-0.474612	-8.50899	0
0.557436	-8.55381	-0.318914	0.557436	-8.55381	0
1.56647	-8.60996	-0.317875	1.56647	-8.60996	0
2.61173	-8.64344	-0.299552	2.61173	-8.64344	0
3.65774	-8.60108	-0.310622	3.65774	-8.60108	0
4.69501	-8.53797	-0.331552	4.69501	-8.53797	0
5.71977	-8.51894	-0.330394	5.71977	-8.51894	0
6.7281	-8.52318	-0.332388	6.7281	-8.52318	0
7.77288	-8.53089	-0.318026	7.77288	-8.53089	0
8.74729	-8.52735	-0.304644	8.74729	-8.52735	0
9.81214	-8.52451	-0.32442	9.81214	-8.52451	0
10.8155	-8.53172	-0.3231	10.8155	-8.53172	0
11.8636	-8.58116	-0.303054	11.8636	-8.58116	0
-10.9004	-8.59733	-0.306984	-10.9004	-8.59733	0
-9.83154	-8.53435	-0.318514	-9.83154	-8.53435	0
-8.88439	-8.64076	-0.287393	-8.88439	-8.64076	0
-7.77658	-8.59326	-0.294641	-7.77658	-8.59326	0
-6.73691	-8.60458	-0.299546	-6.73691	-8.60458	0
-5.72489	-8.62648	-0.322801	-5.72489	-8.62648	0
-4.74239	-8.56121	-0.324105	-4.74239	-8.56121	0
-3.65244	-8.5774	-0.331872	-3.65244	-8.5774	0
-2.63711	-8.58544	-0.343415	-2.63711	-8.58544	0
-1.56703	-8.63527	-0.331264	-1.56703	-8.63527	0
-0.554361	-7.50602	-0.319511	-0.554361	-7.50602	0
0.512757	-7.50354	-0.332212	0.512757	-7.50354	0
1.53713	-7.52365	-0.302762	1.53713	-7.52365	0
2.59693	-7.58865	-0.327166	2.59693	-7.58865	0
3.60505	-7.6013	-0.306948	3.60505	-7.6013	0
4.61575	-7.52993	-0.297391	4.61575	-7.52993	0
5.60193	-7.54517	-0.304607	5.60193	-7.54517	0
6.73095	-7.49774	-0.310654	6.73095	-7.49774	0
7.75572	-7.52745	-0.334413	7.75572	-7.52745	0
8.81446	-7.54637	-0.328321	8.81446	-7.54637	0
9.82393	-7.49392	-0.316408	9.82393	-7.49392	0
10.8071	-7.45327	-0.285143	10.8071	-7.45327	0
11.8815	-7.51217	-0.322242	11.8815	-7.51217	0
-10.8581	-7.53059	-0.315978	-10.8581	-7.53059	0
-9.87617	-7.53094	-0.32614	-9.87617	-7.53094	0
-8.86636	-7.5664	-0.304488	-8.86636	-7.5664	0
-7.76542	-7.57209	-0.315418	-7.76542	-7.57209	0
-6.68999	-7.58676	-0.318781	-6.68999	-7.58676	0
-5.70154	-7.56343	-0.31384	-5.70154	-7.56343	0
-4.64007	-7.5732	-0.34126	-4.64007	-7.5732	0
-3.6448	-7.51711	-0.317202	-3.6448	-7.51711	0
-2.65182	-7.57022	-0.339661	-2.65182	-7.57022	0
-1.58099	-7.56233	-0.325459	-1.58099	-7.56233	0
-0.643384	-6.45615	-0.314106	-0.643384	-6.45615	0
0.479728	-6.48418	-0.310792	0.479728	-6.48418	0
1.50737	-6.48468	-0.331124	1.50737	-6.48468	0
2.52913	-6.55815	-0.274457	2.52913	-6.55815	0
3.52287	-6.51841	-0.32696	3.52287	-6.51841	0
4.62312	-6.53549	-0.345027	4.62312	-6.53549	0
5.65437	-6.49019	-0.322072	5.65437	-6.49019	0
6.68591	-6.48593	-0.315652	6.68591	-6.48593	0
7.70347	-6.44732	-0.310673	7.70347	-6.44732	0
8.74197	-6.52147	-0.327204	8.74197	-6.52147	0
9.80947	-6.48056	-0.32038	9.80947	-6.48056	0
10.8781	-6.39537	-0.297189	10.8781	-6.39537	0
-11.9086	-6.42351	-0.32404	11.8774	-6.42351	0
-10.8369	-6.50197	-0.339	-10.8369	-6.50197	0
-9.74683	-6.43477	-0.315258	-9.74683	-6.43477	0
-8.73502	-6.5604	-0.317092	-8.73502	-6.5604	0
-7.77301	-6.50479	-0.320135	-7.77301	-6.50479	0
-6.69184	-6.59918	-0.333804	-6.69184	-6.59918	0
-5.64239	-6.56201	-0.318353	-5.64239	-6.56201	0
-4.6782	-6.51982	-0.33677	-4.6782	-6.51982	0
-3.64949	-6.48956	-0.354904	-3.64949	-6.48956	0
-2.65442	-6.5171	-0.308064	-2.65442	-6.5171	0
-1.66236	-6.51927	-0.335025	-1.66236	-6.51927	0
-0.558233	-5.4687	-0.331339	-0.558233	-5.4687	0
0.452697	-5.44533	-0.328642	0.452697	-5.44533	0
1.48817	-5.49577	-0.340969	1.48817	-5.49577	0
2.5575	-5.44738	-0.312903	2.5575	-5.44738	0
3.51373	-5.48842	-0.31493	3.51373	-5.48842	0
4.61628	-5.52695	-0.289674	4.61628	-5.52695	0
5.60631	-5.45363	-0.329388	5.60631	-5.45363	0
6.64936	-5.45149	-0.304468	6.64936	-5.45149	0
7.72164	-5.47694	-0.306454	7.72164	-5.47694	0
8.75275	-5.44288	-0.304788	8.75275	-5.44288	0
9.81474	-5.45822	-0.311445	9.81474	-5.45822	0
10.8822	-5.38017	-0.300025	10.8822	-5.38017	0
11.8907	-5.41396	-0.321051	11.8907	-5.41396	0
-10.879	-5.46037	-0.324176	-10.879	-5.46037	0
-9.82112	-5.44987	-0.319251	-9.82112	-5.44987	0
-8.80177	-5.52346	-0.293265	-8.80177	-5.52346	0
-7.73774	-5.48784	-0.305518	-7.73774	-5.48784	0
-6.70153	-5.53218	-0.298092	-6.70153	-5.53218	0
-5.73297	-5.529	-0.329329	-5.73297	-5.529	0
-4.71454	-5.47781	-0.297701	-4.71454	-5.47781	0
-3.68348	-5.46687	-0.301717	-3.68348	-5.46687	0
-2.63639	-5.49629	-0.307459	-2.63639	-5.49629	0
-1.58858	-5.47817	-0.334005	-1.58858	-5.47817	0
-0.567952	-4.40597	-0.30221	-0.567952	-4.40597	0
0.447728	-4.43588	-0.334508	0.447728	-4.43588	0
1.51057	-4.43186	-0.317474	1.51057	-4.43186	0
2.57294	-4.42881	-0.316502	2.57294	-4.42881	0
3.58796	-4.4997	-0.301569	3.58796	-4.4997	0
4.63452	-4.51969	-0.330772	4.63452	-4.51969	0
5.69724	-4.39985	-0.358137	5.69724	-4.39985	0
6.70179	-4.39591	-0.344775	6.70179	-4.39591	0
7.71183	-4.44033	-0.304188	7.71183	-4.44033	0
8.78408	-4.35378	-0.282494	8.78408	-4.35378	0
9.80171	-4.3699	-0.309142	9.80171	-4.3699	0
10.8216	-4.40393	-0.318955	10.8216	-4.40393	0
11.8658	-4.40758	-0.319001	11.8658	-4.40758	0
-10.8466	-4.37876	-0.342358	-10.8466	-4.37876	0
-9.83317	-4.37839	-0.347714	-9.83317	-4.37839	0
-8.83017	-4.51711	-0.298082	-8.83017	-4.51711	0
-7.79032	-4.4864	-0.289558	-7.79032	-4.4864	0
-6.79158	-4.49876	-0.306112	-6.79158	-4.49876	0
-5.72496	-4.4966	-0.300138	-5.72496	-4.4966	0
-4.69886	-4.48308	-0.337291	-4.69886	-4.48308	0
-3.65384	-4.41114	-0.301329	-3.65384	-4.41114	0
-2.65746	-4.4068	-0.308158	-2.65746	-4.4068	0
-1.59111	-4.40301	-0.322604	-1.59111	-4.40301	0
-0.537253	-3.33957	-0.318092	-0.537253	-3.33957	0
0.47096	-3.3944	-0.327114	0.47096	-3.3944	0
1.53442	-3.4335	-0.32347	1.53442	-3.4335	0
2.53568	-3.40734	-0.304972	2.53568	-3.40734	0
3.54392	-3.42099	-0.311592	3.54392	-3.42099	0
4.61236	-3.44174	-0.334268	4.61236	-3.44174	0
5.67106	-3.37913	-0.319359	5.67106	-3.37913	0
6.7275	-3.37497	-0.322177	6.7275	-3.37497	0
7.74919	-3.31883	-0.308357	7.74919	-3.31883	0
8.78373	-3.3893	-0.33252	8.78373	-3.3893	0
9.84896	-3.35581	-0.308449	9.84896	-3.35581	0
10.7955	-3.39665	-0.319026	10.7955	-3.39665	0
11.8677	-3.38058	-0.304557	11.8677	-3.38058	0
-10.9121	-3.3765	-0.316933	-10.9121	-3.3765	0
-9.80515	-3.3396	-0.325133	-9.80515	-3.3396	0
-8.8284	-3.43404	-0.330841	-8.8284	-3.43404	0
-7.8098	-3.43537	-0.351483	-7.8098	-3.43537	0
-6.8592	-3.47887	-0.326613	-6.8592	-3.47887	0
-5.755	-3.46889	-0.324916	-5.755	-3.46889	0
-4.69214	-3.42602	-0.306343	-4.69214	-3.42602	0
-3.68873	-3.41643	-0.295122	-3.68873	-3.41643	0
-2.63802	-3.40985	-0.325859	-2.63802	-3.40985	0
-1.56806	-3.41564	-0.315683	-1.56806	-3.41564	0
-0.611188	-2.3882	-0.317589	-0.611188	-2.3882	0
0.466888	-2.3669	-0.33301	0.466888	-2.3669	0
1.4818	-2.39359	-0.317587	1.4818	-2.39359	0
2.50598	-2.33015	-0.306337	2.50598	-2.33015	0
3.53457	-2.39212	-0.308235	3.53457	-2.39212	0
4.59888	-2.43348	-0.31067	4.59888	-2.43348	0
5.58109	-2.37216	-0.328843	5.58109	-2.37216	0
6.66336	-2.30501	-0.283513	6.66336	-2.30501	0
7.69002	-2.2974	-0.317314	7.69002	-2.2974	0
8.69187	-2.36289	-0.339856	8.69187	-2.36289	0
9.76133	-2.3667	-0.31789	9.76133	-2.3667	0
10.8088	-2.34534	-0.320816	10.8088	-2.34534	0
11.8397	-2.36951	-0.329857	11.8397	-2.36951	0
-10.9164	-2.33172	-0.300452	-10.9164	-2.33172	0
-9.82004	-2.29256	-0.34472	-9.82004	-2.29256	0
-8.82686	-2.3495	-0.324252	-8.82686	-2.3495	0
-7.78547	-2.40574	-0.312785	-7.78547	-2.40574	0
-6.75788	-2.3928	-0.310481	-6.75788	-2.3928	0
-5.74064	-2.43181	-0.320868	-5.74064	-2.43181	0
-4.76934	-2.368	-0.32372	-4.76934	-2.368	0
-3.7091	-2.37834	-0.311995	-3.7091	-2.37834	0
-2.66798	-2.43373	-0.32116	-2.66798	-2.43373	0
-1.65802	-2.38009	-0.316661	-1.65802	-2.38009	0
-0.551779	-1.38015	-0.313088	-0.551779	-1.38015	0
0.524642	-1.3522	-0.309808	0.524642	-1.3522	0
1.5167	-1.32098	-0.345387	1.5167	-1.32098	0
2.55188	-1.3305	-0.334629	2.55188	-1.3305	0
3.57269	-1.32886	-0.313741	3.57269	-1.32886	0
4.64026	-1.39163	-0.320033	4.64026	-1.39163	0
5.59616	-1.31551	-0.322221	5.59616	-1.31551	0
6.65244	-1.32774	-0.323916	6.65244	-1.32774	0
7.70087	-1.31611	-0.33477	7.70087	-1.31611	0
8.71876	-1.29623	-0.325985	8.71876	-1.29623	0
9.75393	-1.31823	-0.333656	9.75393	-1.31823	0
10.8053	-1.34681	-0.287273	10.8053	-1.34681	0
11.8477	-1.38192	-0.327352	11.8477	-1.38192	0
-10.8773	-1.32358	-0.312507	-10.8773	-1.32358	0
-9.85668	-1.31263	-0.325971	-9.85668	-1.31263	0
-8.85118	-1.3349	-0.29975	-8.85118	-1.3349	0
-7.79813	-1.39069	-0.312802	-7.79813	-1.39069	0
-6.73657	-1.3851	-0.328005	-6.73657	-1.3851	0
-5.72918	-1.38926	-0.353497	-5.72918	-1.38926	0
-4.70562	-1.34604	-0.3111	-4.70562	-1.34604	0
-3.69641	-1.36756	-0.306006	-3.69641	-1.36756	0
-2.66002	-1.37015	-0.335102	-2.66002	-1.37015	0
-1.60909	-1.33005	-0.307767	-1.60909	-1.33005	0
-0.00404465	0.187979	0.324676	-0.00404465	0.187979	0
1.00996	0.223307	0.305354	1.00996	0.223307	0
2.03568	0.182651	0.304463	2.03568	0.182651	0
3.06762	0.284069	0.347261	3.06762	0.284069	0
4.14399	0.21125	0.306507	4.14399	0.21125	0
5.22122	0.2434	0.311299	5.22122	0.2434	0
6.24459	0.29467	0.332427	6.24459	0.29467	0
7.24751	0.269511	0.313377	7.24751	0.269511	0
8.29565	0.234008	0.337575	8.29565	0.234008	0
9.32962	0.24254	0.305398	9.32962	0.24254	0
10.326	0.294337	0.297084	10.326	0.294337	0
11.3303	0.234314	0.327202	11.3303	0.234314	0
-11.4236	0.203467	0.323768	-11.4236	0.203467	0
-10.3921	0.211116	0.332268	-10.3921	0.211116	0
-9.33856	0.227857	0.326519	-9.33856	0.227857	0
-8.3276	0.215775	0.338879	-8.3276	0.215775	0
-7.25034	0.208736	0.302294	-7.25034	0.208736	0
-6.24568	0.206799	0.328876	-6.24568	0.206799	0
-5.14767	0.22923	0.321201	-5.14767	0.22923	0
-4.14056	0.180701	0.312618	-4.14056	0.180701	0
-3.12064	0.143153	0.30594	-3.12064	0.143153	0
-2.09664	0.125791	0.296002	-2.09664	0.125791	0
-1.06745	0.198105	0.308463	-1.06745	0.198105	0
-0.028981	1.22937	0.313688	-0.028981	1.22937	0
0.985406	1.28989	0.296365	0.985406	1.28989	0
2.00574	1.26336	0.320755	2.00574	1.26336	0
3.06556	1.26415	0.318706	3.06556	1.26415	0
4.03456	1.21755	0.342816	4.03456	1.21755	0
5.14065	1.25238	0.321489	5.14065	1.25238	0
6.20241	1.31981	0.315005	6.20241	1.31981	0
7.26837	1.3248	0.319947	7.26837	1.3248	0
8.32857	1.30042	0.34304	8.32857	1.30042	0
9.33631	1.27975	0.320755	9.33631	1.27975	0
10.3629	1.33074	0.305294	10.3629	1.33074	0
11.3818	1.27946	0.333066	11.3818	1.27946	0
-11.3321	1.22052	0.318197	-11.3321	1.22052	0
-10.358	1.2758	0.326235	-10.358	1.2758	0
-9.32353	1.29107	0.345794	-9.32353	1.29107	0
-8.28771	1.2737	0.338978	-8.28771	1.2737	0
-7.29457	1.24569	0.315691	-7.29457	1.24569	0
-6.19838	1.24481	0.323564	-6.19838	1.24481	0
-5.21699	1.20518	0.323048	-5.21699	1.20518	0
-4.1382	1.22979	0.322084	-4.1382	1.22979	0
-3.0792	1.1433	0.28986	-3.0792	1.1433	0
-2.04547	1.24378	0.339202	-2.04547	1.24378	0
-1.02232	1.21486	0.301056	-1.02232	1.21486	0
-0.0107273	2.25783	0.32021	-0.0107273	2.25783	0
0.979942	2.29706	0.296535	0.979942	2.29706	0
2.02779	2.29987	0.328485	2.02779	2.29987	0
3.06816	2.26257	0.308884	3.06816	2.26257	0
4.1084	2.26344	0.337009	4.1084	2.26344	0
5.10934	2.30623	0.317552	5.10934	2.30623	0
6.20787	2.3225	0.29625	6.20787	2.3225	0
7.27683	2.34816	0.336943	7.27683	2.34816	0
8.33111	2.33812	0.303036	8.33111	2.33812	0
9.3146	2.32577	0.353364	9.3146	2.32577	0
10.3693	2.31247	0.291709	10.3693	2.31247	0
11.3955	2.29453	0.325133	11.3955	2.29453	0
-11.3499	2.28632	0.31012	-11.3499	2.28632	0
-10.3498	2.29848	0.322736	-10.3498	2.29848	0
-9.35008	2.29851	0.345882	-9.35008	2.29851	0
-8.27377	2.34174	0.333406	-8.27377	2.34174	0
-7.15175	2.36787	0.340256	-7.15175	2.36787	0
-6.18917	2.29888	0.309948	-6.18917	2.29888	0
-5.16122	2.27561	0.330362	-5.16122	2.27561	0
-4.09601	2.24421	0.3253	-4.09601	2.24421	0
-3.07151	2.20709	0.322939	-3.07151	2.20709	0
-2.04853	2.29604	0.327573	-2.04853	2.29604	0
-1.03306	2.2463	0.281624	-1.03306	2.2463	0
-0.0107828	3.29349	0.301749	-0.0107828	3.29349	0
0.989933	3.3238	0.317548	0.989933	3.3238	0
2.04196	3.30629	0.318382	2.04196	3.30629	0
3.11343	3.28423	0.310492	3.11343	3.28423	0
4.0633	3.27791	0.341405	4.0633	3.27791	0
5.15572	3.32732	0.316741	5.15572	3.32732	0
6.18033	3.35081	0.323847	6.18033	3.35081	0
7.23828	3.42586	0.305191	7.23828	3.42586	0
8.2173	3.3624	0.295113	8.2173	3.3624	0
9.25677	3.37887	0.329096	9.25677	3.37887	0
10.3752	3.3528	0.298607	10.3752	3.3528	0
11.3359	3.33942	0.289947	11.3359	3.33942	0
-11.3294	3.31098	0.31349	-11.3294	3.31098	0
-10.3535	3.28373	0.321094	-10.3535	3.28373	0
-9.37023	3.31954	0.332052	-9.37023	3.31954	0
-8.31401	3.31297	0.317476	-8.31401	3.31297	0
-7.3027	3.41169	0.285499	-7.3027	3.41169	0
-6.20895	3.28359	0.294109	-6.20895	3.28359	0
-5.17807	3.35147	0.321871	-5.17807	3.35147	0
-4.10831	3.29514	0.319645	-4.10831	3.29514	0
-3.10743	3.30572	0.327509	-3.10743	3.30572	0
-2.09313	3.32996	0.3339	-2.09313	3.32996	0
-1.07731	3.30613	0.316098	-1.07731	3.30613	0
-0.106768	4.3248	0.31288	-0.106768	4.3248	0
0.948276	4.38237	0.308429	0.948276	4.38237	0
2.01071	4.3321	0.308891	2.01071	4.3321	0
3.06476	4.31051	0.296874	3.06476	4.31051	0
4.16284	4.28517	0.34692	4.16284	4.28517	0
5.11323	4.29822	0.312947	5.11323	4.29822	0
6.16823	4.45244	0.321133	6.16823	4.45244	0
7.22421	4.44866	0.324417	7.22421	4.44866	0
8.22014	4.40969	0.345562	8.22014	4.40969	0
9.26106	4.38127	0.293606	9.26106	4.38127	0
10.2824	4.39522	0.284639	10.2824	4.39522	0
11.2933	4.36395	0.320911	11.2933	4.36395	0
-11.4389	4.27955	0.327709	-11.4389	4.27955	0
-10.2997	4.34503	0.321801	-10.2997	4.34503	0
-9.28471	4.35976	0.31109	-9.28471	4.35976	0
-8.30714	4.3921	0.30755	-8.30714	4.3921	0
-7.25914	4.38111	0.351453	-7.25914	4.38111	0
-6.21932	4.32129	0.327444	-6.21932	4.32129	0
-5.2026	4.32361	0.308377	-5.2026	4.32361	0
-4.16585	4.30087	0.319215	-4.16585	4.30087	0
-3.12894	4.32684	0.338457	-3.12894	4.32684	0
-2.13858	4.35299	0.329272	-2.13858	4.35299	0
-1.16022	4.35439	0.326341	-1.16022	4.35439	0
-0.0332424	5.40941	0.338884	-0.0332424	5.40941	0
0.979641	5.33917	0.289749	0.979641	5.33917	0
2.0034	5.35999	0.290558	2.0034	5.35999	0
3.07512	5.35204	0.328384	3.07512	5.35204	0
4.08268	5.37979	0.299451	4.08268	5.37979	0
5.20181	5.36665	0.307105	5.20181	5.36665	0
6.16489	5.4123	0.312035	6.16489	5.4123	0
7.20995	5.48085	0.304855	7.20995	5.48085	0
8.19572	5.43866	0.345636	8.19572	5.43866	0
9.22163	5.41557	0.34797	9.22163	5.41557	0
10.2852	5.40667	0.323419	10.2852	5.40667	0
11.3434	5.44032	0.310654	11.3434	5.44032	0
-11.3851	5.34581	0.304456	-11.3851	5.34581	0
-10.4015	5.32337	0.327688	-10.4015	5.32337	0
-9.27708	5.39797	0.3265	-9.27708	5.39797	0
-8.26273	5.40457	0.296761	-8.26273	5.40457	0
-7.23124	5.39454	0.327296	-7.23124	5.39454	0
-6.17673	5.30037	0.314613	-6.17673	5.30037	0
-5.14621	5.40746	0.321598	-5.14621	5.40746	0
-4.14986	5.38793	0.305743	-4.14986	5.38793	0
-3.13627	5.36398	0.29332	-3.13627	5.36398	0
-2.04582	5.37036	0.312322	-2.04582	5.37036	0
-1.06111	5.32062	0.334565	-1.06111	5.32062	0
0.0555872	6.49345	0.334307	0.0555872	6.49345	0
1.08256	6.45611	0.298832	1.08256	6.45611	0
2.04373	6.38985	0.320497	2.04373	6.38985	0
3.1072	6.45052	0.340422	3.1072	6.45052	0
4.12783	6.3571	0.339894	4.12783	6.3571	0
5.19341	6.34787	0.313753	5.19341	6.34787	0
6.17875	6.44207	0.262622	6.17875	6.44207	0
7.1813	6.56981	0.313786	7.1813	6.56981	0
8.21863	6.54587	0.302237	8.21863	6.54587	0
9.27833	6.44294	0.311085	9.27833	6.44294	0
10.3549	6.41453	0.314497	10.3549	6.41453	0
11.3732	6.42184	0.30639	11.3732	6.42184	0
-11.3441	6.3455	0.289805	-11.3441	6.3455	0
-10.3593	6.37838	0.351936	-10.3593	6.37838	0
-9.30121	6.38214	0.29344	-9.30121	6.38214	0
-8.22648	6.43793	0.294768	-8.22648	6.43793	0
-7.21338	6.40855	0.296989	-7.21338	6.40855	0
-6.14817	6.40674	0.304159	-6.14817	6.40674	0
-5.08585	6.38828	0.286399	-5.08585	6.38828	0
-4.09478	6.40059	0.301091	-4.09478	6.40059	0
-3.06137	6.36459	0.294937	-3.06137	6.36459	0
-2.03796	6.40071	0.299155	-2.03796	6.40071	0
-1.03237	6.43487	0.336953	-1.03237	6.43487	0
-0.029468	7.49361	0.332521	-0.029468	7.49361	0
1.04109	7.46306	0.284692	1.04109	7.46306	0
2.06648	7.49674	0.29969	2.06648	7.49674	0
3.09102	7.48109	0.343051	3.09102	7.48109	0
4.1438	7.48595	0.342945	4.1438	7.48595	0
5.17051	7.43441	0.334408	5.17051	7.43441	0
6.1949	7.47578	0.348649	6.1949	7.47578	0
7.2779	7.58612	0.331113	7.2779	7.58612	0
8.28391	7.55295	0.317651	8.28391	7.55295	0
9.32081	7.48778	0.33477	9.32081	7.48778	0
10.3502	7.46223	0.313515	10.3502	7.46223	0
11.3573	7.45653	0.331401	11.3573	7.45653	0
-11.3503	7.41974	0.327696	-11.3503	7.41974	0
-10.3058	7.43927	0.328497	-10.3058	7.43927	0
-9.32846	7.42079	0.315498	-9.32846	7.42079	0
-8.25666	7.44088	0.312858	-8.25666	7.44088	0
-7.24991	7.39246	0.314058	-7.24991	7.39246	0
-6.23782	7.43902	0.338804	-6.23782	7.43902	0
-5.18903	7.43538	0.31588	-5.18903	7.43538	0
-4.1463	7.41556	0.30828	-4.1463	7.41556	0
-3.08098	7.41819	0.332875	-3.08098	7.41819	0
-2.02697	7.47402	0.327701	-2.02697	7.47402	0
-1.0226	7.48896	0.338121	-1.0226	7.48896	0
-0.0116503	8.47471	0.334984	-0.0116503	8.47471	0
1.06505	8.48185	0.331158	1.06505	8.48185	0
2.08423	8.49316	0.331094	2.08423	8.49316	0
3.14791	8.50182	0.304532	3.14791	8.50182	0
4.11181	8.52487	0.316112	4.11181	8.52487	0
5.13582	8.48772	0.330241	5.13582	8.48772	0
6.18047	8.50225	0.326646	6.18047	8.50225	0
7.1674	8.56496	0.317806	7.1674	8.56496	0
8.28878	8.57224	0.314579	8.28878	8.57224	0
9.30587	8.54904	0.311358	9.30587	8.54904	0
10.3593	8.47608	0.304283	10.3593	8.47608	0
11.4164	8.52461	0.310478	11.4164	8.52461	0
-11.3486	8.4393	0.325788	-11.3486	8.4393	0
-10.3724	8.49521	0.309097	-10.3724	8.49521	0
-9.30511	8.44887	0.320366	-9.30511	8.44887	0
-8.28194	8.44102	0.319313	-8.28194	8.44102	0
-7.24886	8.45438	0.321242	-7.24886	8.45438	0
-6.18789	8.466	0.302947	-6.18789	8.466	0
-5.18838	8.41821	0.286023	-5.18838	8.41821	0
-4.15912	8.39507	0.336009	-4.15912	8.39507	0
-3.10637	8.41547	0.309363	-3.10637	8.41547	0
-2.01627	8.46654	0.311242	-2.01627	8.46654	0
-1.05117	8.52107	0.319965	-1.05117	8.52107	0
-0.016604	9.54177	0.315092	-0.016604	9.54177	0
1.03328	9.57837	0.327504	1.03328	9.57837	0
2.06631	9.49559	0.32331	2.06631	9.49559	0
3.07945	9.53878	0.28417	3.07945	9.53878	0
4.11105	9.53743	0.261618	4.11105	9.53743	0
5.16495	9.52639	0.336143	5.16495	9.52639	0
6.21736	9.5918	0.313064	6.21736	9.5918	0
7.2279	9.54975	0.332349	7.2279	9.54975	0
8.279	9.57469	0.324814	8.279	9.57469	0
9.3214	9.54364	0.334209	9.3214	9.54364	0
10.3512	9.53678	0.296297	10.3512	9.53678	0
11.3918	9.54625	0.315513	11.3918	9.54625	0
-11.3367	9.54039	0.344373	-11.3367	9.54039	0
-10.3554	9.49737	0.318742	-10.3554	9.49737	0
-9.32792	9.48443	0.329823	-9.32792	9.48443	0
-8.27834	9.50162	0.34407	-8.27834	9.50162	0
-7.22035	9.47644	0.315329	-7.22035	9.47644	0
-6.20924	9.43919	0.363692	-6.20924	9.43919	0
-5.1186	9.43791	0.347534	-5.1186	9.43791	0
-4.13087	9.44999	0.3307	-4.13087	9.44999	0
-3.10464	9.44752	0.307754	-3.10464	9.44752	0
-2.11404	9.54504	0.300308	-2.11404	9.54504	0
-1.04794	9.54259	0.303101	-1.04794	9.54259	0
-0.010596	10.5378	0.305925	-0.010596	10.5378	0
0.96754	10.6244	0.310312	0.96754	10.6244	0
1.99255	10.5488	0.342183	1.99255	10.5488	0
3.09094	10.5531	0.318471	3.09094	10.5531	0
4.10733	10.6186	0.326163	4.10733	10.6186	0
5.17629	10.5166	0.315085	5.17629	10.5166	0
6.23393	10.6197	0.348949	6.23393	10.6197	0
7.20394	10.6135	0.278188	7.20394	10.6135	0
8.22223	10.5467	0.293045	8.22223	10.5467	0
9.26798	10.5678	0.302924	9.26798	10.5678	0
10.3587	10.6441	0.306623	10.3587	10.6441	0
11.415	10.5623	0.307894	11.415	10.5623	0
-11.3991	10.5723	0.311406	-11.3991	10.5723	0
-10.3929	10.5158	0.326715	-10.3929	10.5158	0
-9.32433	10.5214	0.320302	-9.32433	10.5214	0
-8.25081	10.4863	0.316462	-8.25081	10.4863	0
-7.19511	10.4761	0.308177	-7.19511	10.4761	0
-6.12037	10.5261	0.321982	-6.12037	10.5261	0
-5.05959	10.5055	0.33267	-5.05959	10.5055	0
-4.09955	10.5285	0.318835	-4.09955	10.5285	0
-3.13078	10.5784	0.331118	-3.13078	10.5784	0
-2.14333	10.5942	0.334559	-2.14333	10.5942	0
-1.08307	10.5963	0.302886	-1.08307	10.5963	0
-0.0782504	11.5861	0.3257	-0.0782504	11.5861	0
0.991116	11.6015	0.323925	0.991116	11.6015	0
2.0406	11.6241	0.33441	2.0406	11.6241	0
3.1224	11.5957	0.324118	3.1224	11.5957	0
4.15662	11.6307	0.3374	4.15662	11.6307	0
5.15379	11.5952	0.330686	5.15379	11.5952	0
6.18252	11.6586	0.30693	6.18252	11.6586	0
7.15878	11.6064	0.292722	7.15878	11.6064	0
8.26334	11.5764	0.305093	8.26334	11.5764	0
9.31275	11.6189	0.328644	9.31275	11.6189	0
10.3228	11.5876	0.324022	10.3228	11.5876	0
11.3635	11.6396	0.318389	11.3635	11.6396	0
-11.4412	11.6072	0.324247	-11.4412	11.6072	0
-10.3452	11.6698	0.325778	-10.3452	11.6698	0
-9.29497	11.5383	0.305556	-9.29497	11.5383	0
-8.21391	11.5206	0.316062	-8.21391	11.5206	0
-7.20576	11.5409	0.29909	-7.20576	11.5409	0
-6.14538	11.5187	0.315957	-6.14538	11.5187	0
-5.1076	11.5118	0.328611	-5.1076	11.5118	0
-4.05894	11.5707	0.323653	-4.05894	11.5707	0
-3.108	11.5456	0.327151	-3.108	11.5456	0
-2.0937	11.5666	0.3215	-2.0937	11.5666	0
-1.13424	11.5458	0.325248	-1.13424	11.5458	0
0.015894	-11.1881	0.304689	0.015894	-11.1881	0
0.999108	-11.1627	0.29413	0.999108	-11.1627	0
2.11799	-11.1582	0.318761	2.11799	-11.1582	0
3.11279	-11.1392	0.324572	3.11279	-11.1392	0
4.1799	-11.1222	0.291186	4.1799	-11.1222	0
5.18227	-11.1829	0.326169	5.18227	-11.1829	0
6.1778	-11.1266	0.340392	6.1778	-11.1266	0
7.21948	-11.1358	0.301743	7.21948	-11.1358	0
8.24143	-11.1614	0.305713	8.24143	-11.1614	0
9.21456	-11.1776	0.311245	9.21456	-11.1776	0
10.3077	-11.1141	0.335929	10.3077	-11.1141	0
11.3283	-11.1637	0.314762	11.3283	-11.1637	0
-11.4165	-11.1201	0.298561	-11.4165	-11.1201	0
-10.4169	-11.1263	0.310889	-10.4169	-11.1263	0
-9.30228	-11.1946	0.32212	-9.30228	-11.1946	0
-8.20384	-11.2393	0.334493	-8.20384	-11.2393	0
-7.21339	-11.2351	0.331107	-7.21339	-11.2351	0
-6.1616	-11.2828	0.307373	-6.1616	-11.2828	0
-5.13082	-11.1577	0.319917	-5.13082	-11.1577	0
-4.09104	-11.1654	0.322954	-4.09104	-11.1654	0
-3.06645	-11.1646	0.327454	-3.06645	-11.1646	0
-2.04481	-11.1846	0.32603	-2.04481	-11.1846	0
-1.01779	-11.1139	0.331018	-1.01779	-11.1139	0
0.0452594	-10.1252	0.306274	0.0452594	-10.1252	0
1.0606	-10.1024	0.312171	1.0606	-10.1024	0
2.09194	-10.1523	0.309477	2.09194	-10.1523	0
3.12542	-10.1123	0.308379	3.12542	-10.1123	0
4.12463	-10.1242	0.32515	4.12463	-10.1242	0
5.105	-10.107	0.325614	5.105	-10.107	0
6.15521	-10.0657	0.305704	6.15521	-10.0657	0
7.21013	-10.0964	0.336989	7.21013	-10.0964	0
8.28008	-10.0973	0.321836	8.28008	-10.0973	0
9.30391	-10.0978	0.33062	9.30391	-10.0978	0
10.3172	-10.0728	0.319636	10.3172	-10.0728	0
11.341	-10.134	0.311455	11.341	-10.134	0
-11.4632	-10.0725	0.315909	-11.4632	-10.0725	0
-10.3707	-10.0836	0.285903	-10.3707	-10.0836	0
-9.32357	-10.2339	0.293634	-9.32357	-10.2339	0
-8.28144	-10.1816	0.337372	-8.28144	-10.1816	0
-7.23225	-10.127	0.269016	-7.23225	-10.127	0
-6.20499	-10.1296	0.346	-6.20499	-10.1296	0
-5.13397	-10.1644	0.351494	-5.13397	-10.1644	0
-4.08135	-10.1229	0.312218	-4.08135	-10.1229	0
-3.07511	-10.1215	0.311507	-3.07511	-10.1215	0
-2.03427	-10.162	0.336228	-2.03427	-10.162	0
-0.994883	-10.0993	0.316243	-0.994883	-10.0993	0
0.0838569	-9.08541	0.307232	0.0838569	-9.08541	0
1.06227	-9.0603	0.326904	1.06227	-9.0603	0
2.09977	-9.11721	0.315861	2.09977	-9.11721	0
3.12002	-9.13171	0.314509	3.12002	-9.13171	0
4.11064	-9.11493	0.313453	4.11064	-9.11493	0
5.20298	-9.00437	0.309223	5.20298	-9.00437	0
6.18323	-9.04816	0.299635	6.18323	-9.04816	0
7.18087	-9.0624	0.324359	7.18087	-9.0624	0
8.256	-9.09969	0.305656	8.256	-9.09969	0
9.27179	-9.09842	0.311174	9.27179	-9.09842	0
10.2488	-9.06632	0.332129	10.2488	-9.06632	0
11.3226	-9.04551	0.319767	11.3226	-9.04551	0
-11.3792	-9.05425	0.308523	-11.3792	-9.05425	0
-10.3297	-9.04108	0.285584	-10.3297	-9.04108	0
-9.34027	-9.16288	0.316821	-9.34027	-9.16288	0
-8.346	-9.14316	0.302342	-8.346	-9.14316	0
-7.26929	-9.07661	0.301697	-7.26929	-9.07661	0
-6.2322	-9.15856	0.319069	-6.2322	-9.15856	0
-5.17176	-9.15963	0.310958	-5.17176	-9.15963	0
-4.15138	-9.08112	0.30547	-4.15138	-9.08112	0
-3.12061	-9.09994	0.3014	-3.12061	-9.09994	0
-2.13178	-9.06559	0.31505	-2.13178	-9.06559	0
-1.01593	-9.07671	0.312271	-1.01593	-9.07671	0
0.0420603	-8.01756	0.339733	0.0420603	-8.01756	0
1.03158	-8.05082	0.318689	1.03158	-8.05082	0
2.06383	-8.0678	0.308286	2.06383	-8.0678	0
3.11225	-8.14383	0.332137	3.11225	-8.14383	0
4.16155	-8.07253	0.323895	4.16155	-8.07253	0
5.16461	-8.00405	0.330875	5.16461	-8.00405	0
6.19875	-8.00628	0.315779	6.19875	-8.00628	0
7.26267	-8.05076	0.34307	7.26267	-8.05076	0
8.30266	-8.07702	0.338888	8.30266	-8.07702	0
9.29905	-8.02651	0.328609	9.29905	-8.02651	0
10.3048	-7.98261	0.2877	10.3048	-7.98261	0
11.3344	-8.01419	0.290612	11.3344	-8.01419	0
-11.4002	-8.0104	0.32669	-11.4002	-8.0104	0
-10.3399	-8.0407	0.314898	-10.3399	-8.0407	0
-9.38088	-8.0556	0.343204	-9.38088	-8.0556	0
-8.31919	-8.07679	0.297066	-8.31919	-8.07679	0
-7.28272	-8.06633	0.341749	-7.28272	-8.06633	0
-6.20901	-8.09513	0.294672	-6.20901	-8.09513	0
-5.17236	-8.14956	0.360228	-5.17236	-8.14956	0
-4.12802	-8.09917	0.309621	-4.12802	-8.09917	0
-3.14222	-8.04986	0.318365	-3.14222	-8.04986	0
-2.10668	-8.06616	0.316769	-2.10668	-8.06616	0
-1.07347	-8.04858	0.309441	-1.07347	-8.04858	0
-0.0394776	-6.99534	0.295778	-0.0394776	-6.99534	0
0.977798	-6.96162	0.320642	0.977798	-6.96162	0
2.00821	-6.99967	0.325156	2.00821	-6.99967	0
3.08415	-7.0832	0.330683	3.08415	-7.0832	0
4.05667	-7.02934	0.326796	4.05667	-7.02934	0
5.11324	-6.9789	0.311501	5.11324	-6.9789	0
6.13493	-6.99427	0.34526	6.13493	-6.99427	0
7.22169	-7.04622	0.297774	7.22169	-7.04622	0
8.25117	-7.00835	0.326038	8.25117	-7.00835	0
9.26582	-7.01766	0.292172	9.26582	-7.01766	0
10.2994	-6.93036	0.323175	10.2994	-6.93036	0
11.3466	-7.00727	0.320089	11.3466	-7.00727	0
-11.4186	-6.97724	0.283984	-11.4186	-6.97724	0
-10.3637	-6.99639	0.31141	-10.3637	-6.99639	0
-9.35002	-6.98709	0.291662	-9.35002	-6.98709	0
-8.26348	-7.09081	0.320244	-8.26348	-7.09081	0
-7.26007	-7.07023	0.313349	-7.26007	-7.07023	0
-6.18655	-7.06625	0.329525	-6.18655	-7.06625	0
-5.15882	-7.09429	0.311901	-5.15882	-7.09429	0
-4.17113	-7.03631	0.298548	-4.17113	-7.03631	0
-3.15161	-7.03753	0.298184	-3.15161	-7.03753	0
-2.12272	-7.059	0.309687	-2.12272	-7.059	0
-1.11979	-7.00266	0.284471	-1.11979	-7.00266	0
-0.0633281	-5.97874	0.312581	-0.0633281	-5.97874	0
0.979036	-5.95027	0.325551	0.979036	-5.95027	0
2.02952	-5.94443	0.301478	2.02952	-5.94443	0
3.03987	-6.06373	0.320131	3.03987	-6.06373	0
4.0679	-6.06969	0.311605	4.0679	-6.06969	0
5.16272	-5.98479	0.328228	5.16272	-5.98479	0
6.14216	-5.95634	0.319693	6.14216	-5.95634	0
7.17029	-6.00438	0.338078	7.17029	-6.00438	0
8.27932	-5.94426	0.318321	8.27932	-5.94426	0
9.28452	-5.99345	0.328556	9.28452	-5.99345	0
10.3526	-5.9417	0.328904	10.3526	-5.9417	0
11.4152	-5.95117	0.344768	11.4152	-5.95117	0
-11.3498	-5.96525	0.326101	-11.3498	-5.96525	0
-10.322	-5.9828	0.309302	-10.322	-5.9828	0
-9.26482	-5.99836	0.31616	-9.26482	-5.99836	0
-8.24933	-6.0181	0.338329	-8.24933	-6.0181	0
-7.24698	-6.0507	0.33511	-7.24698	-6.0507	0
-6.25456	-6.04871	0.314336	-6.25456	-6.04871	0
-5.2037	-6.02003	0.293833	-5.2037	-6.02003	0
-4.16755	-6.0487	0.326462	-4.16755	-6.0487	0
-3.17105	-5.97879	0.330612	-3.17105	-5.97879	0
-2.13948	-6.00699	0.306674	-2.13948	-6.00699	0
-1.12874	-5.99666	0.323988	-1.12874	-5.99666	0
-0.0581188	-4.94703	0.294812	-0.0581188	-4.94703	0
0.965878	-4.88785	0.308628	0.965878	-4.88785	0
2.00727	-4.92034	0.333275	2.00727	-4.92034	0
3.01127	-4.95908	0.334644	3.01127	-4.95908	0
4.1109	-5.00909	0.335148	4.1109	-5.00909	0
5.16242	-4.9663	0.324026	5.16242	-4.9663	0
6.16729	-4.93368	0.295495	6.16729	-4.93368	0
7.20745	-4.97179	0.304541	7.20745	-4.97179	0
8.24891	-4.92194	0.299965	8.24891	-4.92194	0
9.2844	-4.91865	0.308675	9.2844	-4.91865	0
10.3145	-4.90799	0.297748	10.3145	-4.90799	0
11.3751	-4.92739	0.306547	11.3751	-4.92739	0
-11.3758	-4.92765	0.296955	-11.3758	-4.92765	0
-10.2967	-4.89328	0.338939	-10.2967	-4.89328	0
-9.33823	-4.97534	0.3152	-9.33823	-4.97534	0
-8.32737	-4.99929	0.329008	-8.32737	-4.99929	0
-7.27416	-5.00076	0.336372	-7.27416	-5.00076	0
-6.26337	-5.01356	0.32278	-6.26337	-5.01356	0
-5.21977	-5.00818	0.357693	-5.21977	-5.00818	0
-4.19169	-5.00195	0.31475	-4.19169	-5.00195	0
-3.1796	-4.9404	0.277448	-3.1796	-4.9404	0
-2.10316	-4.95099	0.280132	-2.10316	-4.95099	0
-1.06441	-4.98184	0.316775	-1.06441	-4.98184	0
-0.0306446	-3.8987	0.315193	-0.0306446	-3.8987	0
0.950949	-3.88562	0.331234	0.950949	-3.88562	0
2.00947	-3.91528	0.325127	2.00947	-3.91528	0
3.07062	-3.94673	0.313889	3.07062	-3.94673	0
4.1373	-3.99509	0.291639	4.1373	-3.99509	0
5.12951	-3.93986	0.303378	5.12951	-3.93986	0
6.15771	-3.9294	0.325177	6.15771	-3.9294	0
7.22983	-3.86622	0.306955	7.22983	-3.86622	0
8.24253	-3.82888	0.322445	8.24253	-3.82888	0
9.31094	-3.88228	0.316238	9.31094	-3.88228	0
10.3087	-3.91521	0.342571	10.3087	-3.91521	0
11.4001	-3.83859	0.332402	11.4001	-3.83859	0
-11.3824	-3.88931	0.343048	-11.3824	-3.88931	0
-10.318	-3.86205	0.316854	-10.318	-3.86205	0
-9.31973	-3.92785	0.328484	-9.31973	-3.92785	0
-8.34855	-3.99037	0.311666	-8.34855	-3.99037	0
-7.31557	-3.95086	0.352271	-7.31557	-3.95086	0
-6.23259	-3.99181	0.324629	-6.23259	-3.99181	0
-5.19262	-3.94903	0.29086	-5.19262	-3.94903	0
-4.2015	-3.95912	0.314907	-4.2015	-3.95912	0
-3.14476	-3.92315	0.327939	-3.14476	-3.92315	0
-2.09435	-3.93152	0.303585	-2.09435	-3.93152	0
-1.06273	-3.90717	0.331664	-1.06273	-3.90717	0
0.00638814	-2.90504	0.31935	0.00638814	-2.90504	0
0.993019	-2.87847	0.307926	0.993019	-2.87847	0
2.01481	-2.91235	0.284037	2.01481	-2.91235	0
3.02515	-2.86774	0.310233	3.02515	-2.86774	0
4.06362	-2.95782	0.324675	4.06362	-2.95782	0
5.10506	-2.95719	0.338016	5.10506	-2.95719	0
6.16532	-2.8579	0.3038	6.16532	-2.8579	0
7.20599	-2.80899	0.314576	7.20599	-2.80899	0
8.24084	-2.82314	0.320918	8.24084	-2.82314	0
9.24409	-2.87693	0.321525	9.24409	-2.87693	0
10.352	-2.8517	0.305721	10.352	-2.8517	0
11.3284	-2.84344	0.315444	11.3284	-2.84344	0
-11.4353	-2.82733	0.317269	-11.4353	-2.82733	0
-10.3576	-2.84193	0.299972	-10.3576	-2.84193	0
-9.30374	-2.8298	0.311868	-9.30374	-2.8298	0
-8.31047	-2.91564	0.305302	-8.31047	-2.91564	0
-7.28612	-2.89692	0.311766	-7.28612	-2.89692	0
-6.31866	-3.00959	0.331737	-6.31866	-3.00959	0
-5.25813	-2.96051	0.317613	-5.25813	-2.96051	0
-4.26332	-2.88983	0.319905	-4.26332	-2.88983	0
-3.21863	-2.87983	0.336224	-3.21863	-2.87983	0
-2.16429	-2.9253	0.32105	-2.16429	-2.9253	0
-1.09896	-2.83818	0.324151	-1.09896	-2.83818	0
-0.0267134	-1.92105	0.325857	-0.0267134	-1.92105	0
1.01055	-1.82609	0.318503	1.01055	-1.82609	0
1.99563	-1.88249	0.343208	1.99563	-1.88249	0
3.06921	-1.86524	0.332923	3.06921	-1.86524	0
4.0869	-1.88388	0.321139	4.0869	-1.88388	0
5.11607	-1.87459	0.323736	5.11607	-1.87459	0
6.09202	-1.85806	0.324669	6.09202	-1.85806	0
7.18055	-1.77749	0.299554	7.18055	-1.77749	0
8.20636	-1.80623	0.280116	8.20636	-1.80623	0
9.24506	-1.8496	0.298217	9.24506	-1.8496	0
10.2405	-1.85814	0.30543	10.2405	-1.85814	0
11.356	-1.83638	0.328447	11.356	-1.83638	0
-11.3974	-1.80092	0.326438	-11.3974	-1.80092	0
-10.3639	-1.81695	0.305636	-10.3639	-1.81695	0
-9.36824	-1.86268	0.324883	-9.36824	-1.86268	0
-8.36358	-1.88549	0.347939	-8.36358	-1.88549	0
-7.27076	-1.84668	0.299445	-7.27076	-1.84668	0
-6.25426	-1.88487	0.304126	-6.25426	-1.88487	0
-5.27528	-1.88194	0.332593	-5.27528	-1.88194	0
-4.22872	-1.89515	0.332985	-4.22872	-1.89515	0
-3.19609	-1.91203	0.314318	-3.19609	-1.91203	0
-2.12465	-1.93586	0.312317	-2.12465	-1.93586	0
-1.1345	-1.86013	0.301278	-1.1345	-1.86013	0
0.00255568	-0.849295	0.32895	0.00255568	-0.849295	0
1.00259	-0.827762	0.292107	1.00259	-0.827762	0
2.03987	-0.833033	0.322664	2.03987	-0.833033	0
3.06801	-0.828317	0.337523	3.06801	-0.828317	0
4.12136	-0.829774	0.309921	4.12136	-0.829774	0
5.15	-0.828018	0.340208	5.15	-0.828018	0
6.20961	-0.793761	0.321294	6.20961	-0.793761	0
7.26387	-0.792601	0.315528	7.26387	-0.792601	0
8.20956	-0.821541	0.327604	8.20956	-0.821541	0
9.23501	-0.830943	0.294313	9.23501	-0.830943	0
10.2932	-0.792148	0.322417	10.2932	-0.792148	0
11.3228	-0.814842	0.332091	11.3228	-0.814842	0
-11.4209	-0.830532	0.311958	-11.4209	-0.830532	0
-10.361	-0.818732	0.323349	-10.361	-0.818732	0
-9.33097	-0.839279	0.327408	-9.33097	-0.839279	0
-8.22013	-0.838062	0.31717	-8.22013	-0.838062	0
-7.19405	-0.817775	0.311233	-7.19405	-0.817775	0
-6.15477	-0.885327	0.297648	-6.15477	-0.885327	0
-5.18781	-0.845404	0.323556	-5.18781	-0.845404	0
-4.18767	-0.838	0.344226	-4.18767	-0.838	0
-3.14989	-0.839499	0.324359	-3.14989	-0.839499	0
-2.15192	-0.857667	0.32856	-2.15192	-0.857667	0
-1.03144	-0.827381	0.328833	-1.03144	-0.827381	0
