-0.148826	0.260617	-0.314839	-0.148826	0.260617	0
0.853119	0.279654	-0.287905	0.853119	0.279654	0
1.91749	0.274262	-0.282737	1.91749	0.274262	0
2.96571	0.189679	-0.341516	2.96571	0.189679	0
4.0234	0.230987	-0.32338	4.0234	0.230987	0
5.01	0.231756	-0.278174	5.01	0.231756	0
6.08152	0.225477	-0.307898	6.08152	0.225477	0
7.09168	0.224099	-0.326114	7.09168	0.224099	0
8.13546	0.212325	-0.313626	8.13546	0.212325	0
9.15657	0.256649	-0.311637	9.15657	0.256649	0
10.1754	0.192166	-0.289506	10.1754	0.192166	0
11.1358	0.239849	-0.316153	11.1358	0.239849	0
-11.5954	0.184715	-0.325854	-11.5954	0.184715	0
-10.5591	0.220188	-0.345874	-10.5591	0.220188	0
-9.4877	0.317457	-0.333538	-9.4877	0.317457	0
-8.4493	0.225561	-0.31114	-8.4493	0.225561	0
-7.42867	0.253489	-0.330208	-7.42867	0.253489	0
-6.37246	0.254494	-0.284099	-6.37246	0.254494	0
-5.40832	0.237903	-0.287236	-5.40832	0.237903	0
-4.3894	0.152926	-0.323498	-4.3894	0.152926	0
-3.30618	0.231455	-0.323889	-3.30618	0.231455	0
-2.26781	0.148486	-0.32189	-2.26781	0.148486	0
-1.19456	0.228782	-0.274224	-1.19456	0.228782	0
-0.166913	1.30699	-0.304141	-0.166913	1.30699	0
0.916046	1.27246	-0.335618	0.916046	1.27246	0
1.97753	1.29391	-0.31762	1.97753	1.29391	0
2.9832	1.26091	-0.317146	2.9832	1.26091	0
4.05201	1.30218	-0.300657	4.05201	1.30218	0
5.06001	1.31033	-0.304339	5.06001	1.31033	0
6.08609	1.29532	-0.335345	6.08609	1.29532	0
7.11702	1.30202	-0.299482	7.11702	1.30202	0
8.12989	1.27419	-0.321946	8.12989	1.27419	0
9.10847	1.28385	-0.304381	9.10847	1.28385	0
10.1408	1.23198	-0.326139	10.1408	1.23198	0
11.1892	1.26708	-0.286999	11.1892	1.26708	0
-11.5773	1.19593	-0.336291	-11.5773	1.19593	0
-10.5164	1.27883	-0.349466	-10.5164	1.27883	0
-9.49055	1.34858	-0.309262	-9.49055	1.34858	0
-8.44657	1.27874	-0.313008	-8.44657	1.27874	0
-7.41742	1.30756	-0.305048	-7.41742	1.30756	0
-6.36069	1.24665	-0.294554	-6.36069	1.24665	0
-5.33501	1.24229	-0.322611	-5.33501	1.24229	0
-4.32731	1.23238	-0.332317	-4.32731	1.23238	0
-3.29108	1.3041	-0.302919	-3.29108	1.3041	0
-2.32858	1.22722	-0.324696	-2.32858	1.22722	0
-1.19084	1.31368	-0.313163	-1.19084	1.31368	0
-0.172367	2.37827	-0.300414	-0.172367	2.37827	0
0.891687	2.40327	-0.334025	0.891687	2.40327	0
1.92019	2.27572	-0.329327	1.92019	2.27572	0
3.01556	2.28195	-0.329346	3.01556	2.28195	0
4.03065	2.29944	-0.324473	4.03065	2.29944	0
5.05494	2.35334	-0.310707	5.05494	2.35334	0
6.06238	2.35054	-0.332716	6.06238	2.35054	0
7.11571	2.3487	-0.318835	7.11571	2.3487	0
8.11807	2.31082	-0.345268	8.11807	2.31082	0
9.11947	2.29252	-0.319723	9.11947	2.29252	0
10.1792	2.30359	-0.304581	10.1792	2.30359	0
11.205	2.30922	-0.314336	11.205	2.30922	0
-11.6191	2.2577	-0.336749	-11.6191	2.2577	0
-10.5341	2.25245	-0.349292	-10.5341	2.25245	0
-9.47164	2.30495	-0.301526	-9.47164	2.30495	0
-8.49083	2.33152	-0.316088	-8.49083	2.33152	0
-7.41341	2.33322	-0.330228	-7.41341	2.33322	0
-6.4262	2.28558	-0.318753	-6.4262	2.28558	0
-5.31232	2.32946	-0.344595	-5.31232	2.32946	0
-4.35798	2.27217	-0.327481	-4.35798	2.27217	0
-3.31659	2.30492	-0.32983	-3.31659	2.30492	0
-2.23131	2.27114	-0.331438	-2.23131	2.27114	0
-1.19117	2.2877	-0.300186	-1.19117	2.2877	0
-0.184934	3.38123	-0.328664	-0.184934	3.38123	0
0.869891	3.39297	-0.317525	0.869891	3.39297	0
1.93166	3.35559	-0.340248	1.93166	3.35559	0
2.94316	3.30957	-0.330223	2.94316	3.30957	0
3.97417	3.35386	-0.282558	3.97417	3.35386	0
5.0175	3.3601	-0.310553	5.0175	3.3601	0
6.04653	3.34266	-0.319506	6.04653	3.34266	0
7.07219	3.34217	-0.321161	7.07219	3.34217	0
8.05914	3.33315	-0.349374	8.05914	3.33315	0
9.10439	3.36404	-0.331504	9.10439	3.36404	0
10.1654	3.34384	-0.31036	10.1654	3.34384	0
11.1489	3.32012	-0.322175	11.1489	3.32012	0
-11.5861	3.30986	-0.350151	-11.5861	3.30986	0
-10.5755	3.27399	-0.312375	-10.5755	3.27399	0
-9.52163	3.3636	-0.288793	-9.52163	3.3636	0
-8.50429	3.39015	-0.305792	-8.50429	3.39015	0
-7.45434	3.36897	-0.336983	-7.45434	3.36897	0
-6.41772	3.34016	-0.305284	-6.41772	3.34016	0
-5.41386	3.33865	-0.313171	-5.41386	3.33865	0
-4.28964	3.34299	-0.306495	-4.28964	3.34299	0
-3.27864	3.35161	-0.310953	-3.27864	3.35161	0
-2.1959	3.35869	-0.314611	-2.1959	3.35869	0
-1.23039	3.40607	-0.307128	-1.23039	3.40607	0
-0.132245	4.40551	-0.314268	-0.132245	4.40551	0
0.878382	4.40693	-0.332725	0.878382	4.40693	0
1.90342	4.36524	-0.30903	1.90342	4.36524	0
2.92277	4.36166	-0.316252	2.92277	4.36166	0
3.94693	4.39426	-0.352354	3.94693	4.39426	0
4.99536	4.36062	-0.302605	4.99536	4.36062	0
6.0395	4.44148	-0.310732	6.0395	4.44148	0
7.03282	4.42021	-0.324141	7.03282	4.42021	0
8.04532	4.36638	-0.328993	8.04532	4.36638	0
9.14256	4.34884	-0.294937	9.14256	4.34884	0
10.1702	4.35084	-0.315045	10.1702	4.35084	0
11.1965	4.41218	-0.308326	11.1965	4.41218	0
-11.5441	4.39766	-0.335675	-11.5441	4.39766	0
-10.5117	4.39344	-0.340287	-10.5117	4.39344	0
-9.50188	4.39214	-0.338658	-9.50188	4.39214	0
-8.42562	4.39505	-0.328594	-8.42562	4.39505	0
-7.37646	4.38823	-0.333947	-7.37646	4.38823	0
-6.33949	4.38381	-0.317283	-6.33949	4.38381	0
-5.33914	4.35544	-0.301412	-5.33914	4.35544	0
-4.31648	4.34183	-0.329512	-4.31648	4.34183	0
-3.28378	4.37501	-0.29485	-3.28378	4.37501	0
-2.28096	4.39379	-0.317165	-2.28096	4.39379	0
-1.23408	4.38142	-0.305776	-1.23408	4.38142	0
-0.199624	5.40052	-0.308682	-0.199624	5.40052	0
0.840458	5.41453	-0.326394	0.840458	5.41453	0
1.93998	5.38752	-0.337531	1.93998	5.38752	0
2.95131	5.4328	-0.308762	2.95131	5.4328	0
3.98432	5.39113	-0.331753	3.98432	5.39113	0
5.00873	5.42279	-0.339457	5.00873	5.42279	0
6.03726	5.46459	-0.278448	6.03726	5.46459	0
7.08809	5.43221	-0.322538	7.08809	5.43221	0
8.12759	5.37202	-0.328047	8.12759	5.37202	0
9.14197	5.35653	-0.304984	9.14197	5.35653	0
10.1663	5.39509	-0.334484	10.1663	5.39509	0
11.2212	5.41811	-0.323646	11.2212	5.41811	0
-11.5006	5.3991	-0.321718	-11.5006	5.3991	0
-10.4767	5.45143	-0.293764	-10.4767	5.45143	0
-9.43041	5.40149	-0.3227	-9.43041	5.40149	0
-8.36753	5.40843	-0.322755	-8.36753	5.40843	0
-7.3874	5.47004	-0.325163	-7.3874	5.47004	0
-6.41028	5.43703	-0.313891	-6.41028	5.43703	0
-5.30681	5.36007	-0.308931	-5.30681	5.36007	0
-4.34885	5.36746	-0.305376	-4.34885	5.36746	0
-3.3337	5.36872	-0.332952	-3.3337	5.36872	0
-2.28398	5.44911	-0.341851	-2.28398	5.44911	0
-1.22954	5.49586	-0.300121	-1.22954	5.49586	0
-0.114093	6.38693	-0.316962	-0.114093	6.38693	0
0.860638	6.4448	-0.325818	0.860638	6.4448	0
1.94221	6.43979	-0.334748	1.94221	6.43979	0
2.94172	6.44653	-0.301492	2.94172	6.44653	0
3.96859	6.42333	-0.3222	3.96859	6.42333	0
5.03842	6.47808	-0.299956	5.03842	6.47808	0
6.0555	6.46076	-0.329921	6.0555	6.46076	0
7.12961	6.4493	-0.321928	7.12961	6.4493	0
8.17225	6.43604	-0.282815	8.17225	6.43604	0
9.16662	6.43356	-0.3069	9.16662	6.43356	0
10.2033	6.41867	-0.332187	10.2033	6.41867	0
11.2259	6.4076	-0.322922	11.2259	6.4076	0
-11.4554	6.47106	-0.350104	-11.4554	6.47106	0
-10.4482	6.45253	-0.297683	-10.4482	6.45253	0
-9.46784	6.47191	-0.312997	-9.46784	6.47191	0
-8.40296	6.44755	-0.353697	-8.40296	6.44755	0
-7.42592	6.52772	-0.32822	-7.42592	6.52772	0
-6.40956	6.4325	-0.310362	-6.40956	6.4325	0
-5.41708	6.44668	-0.326028	-5.41708	6.44668	0
-4.36633	6.40425	-0.337785	-4.36633	6.40425	0
-3.33793	6.36555	-0.324854	-3.33793	6.36555	0
-2.2616	6.44773	-0.324798	-2.2616	6.44773	0
-1.24361	6.42486	-0.29364	-1.24361	6.42486	0
-0.139309	7.4156	-0.336049	-0.139309	7.4156	0
0.862013	7.43257	-0.303311	0.862013	7.43257	0
1.93463	7.44568	-0.318659	1.93463	7.44568	0
2.91064	7.47387	-0.331081	2.91064	7.47387	0
3.98424	7.44899	-0.295773	3.98424	7.44899	0
5.06618	7.46736	-0.348352	5.06618	7.46736	0
6.06244	7.48769	-0.329993	6.06244	7.48769	0
7.08947	7.4451	-0.33095	7.08947	7.4451	0
8.18078	7.45939	-0.318454	8.18078	7.45939	0
9.1781	7.47989	-0.321513	9.1781	7.47989	0
10.2566	7.46249	-0.287468	10.2566	7.46249	0
11.2643	7.45982	-0.291843	11.2643	7.45982	0
-11.5163	7.52949	-0.312039	-11.5163	7.52949	0
-10.507	7.53789	-0.301285	-10.507	7.53789	0
-9.46299	7.57404	-0.308433	-9.46299	7.57404	0
-8.49057	7.49441	-0.323472	-8.49057	7.49441	0
-7.4564	7.57235	-0.343223	-7.4564	7.57235	0
-6.46382	7.54174	-0.329732	-6.46382	7.54174	0
-5.41368	7.53322	-0.327612	-5.41368	7.53322	0
-4.39164	7.44694	-0.296847	-4.39164	7.44694	0
-3.33646	7.44312	-0.301677	-3.33646	7.44312	0
-2.26558	7.41069	-0.31451	-2.26558	7.41069	0
-1.22166	7.46083	-0.322127	-1.22166	7.46083	0
-0.134636	8.4458	-0.298683	-0.134636	8.4458	0
0.891272	8.47465	-0.297882	0.891272	8.47465	0
1.90722	8.46125	-0.320695	1.90722	8.46125	0
2.94576	8.47948	-0.318983	2.94576	8.47948	0
3.98398	8.46935	-0.318708	3.98398	8.46935	0
5.03609	8.47881	-0.302949	5.03609	8.47881	0
6.03482	8.50345	-0.322368	6.03482	8.50345	0
7.09834	8.4878	-0.346268	7.09834	8.4878	0
8.15137	8.46956	-0.318822	8.15137	8.46956	0
9.21277	8.50216	-0.306288	9.21277	8.50216	0
10.2075	8.52508	-0.291558	10.2075	8.52508	0
11.2019	8.50017	-0.338357	11.2019	8.50017	0
-11.5667	8.56158	-0.325499	-11.5667	8.56158	0
-10.5556	8.51573	-0.31356	-10.5556	8.51573	0
-9.47441	8.57409	-0.308195	-9.47441	8.57409	0
-8.43968	8.5302	-0.320884	-8.43968	8.5302	0
-7.43343	8.57459	-0.33031	-7.43343	8.57459	0
-6.40257	8.52605	-0.334039	-6.40257	8.52605	0
-5.38838	8.5428	-0.333696	-5.38838	8.5428	0
-4.31575	8.43921	-0.289752	-4.31575	8.43921	0
-3.26499	8.41617	-0.330436	-3.26499	8.41617	0
-2.26598	8.45991	-0.286619	-2.26598	8.45991	0
-1.21104	8.41386	-0.284114	-1.21104	8.41386	0
-0.155112	9.49868	-0.287783	-0.155112	9.49868	0
0.857424	9.51965	-0.317523	0.857424	9.51965	0
1.93672	9.52042	-0.33753	1.93672	9.52042	0
2.98192	9.52666	-0.303135	2.98192	9.52666	0
4.00967	9.53893	-0.322379	4.00967	9.53893	0
5.05682	9.49729	-0.311549	5.05682	9.49729	0
6.01833	9.5232	-0.311369	6.01833	9.5232	0
7.06203	9.5691	-0.308494	7.06203	9.5691	0
8.1086	9.49911	-0.301982	8.1086	9.49911	0
9.13911	9.51478	-0.32345	9.13911	9.51478	0
10.2096	9.55136	-0.336832	10.2096	9.55136	0
11.2502	9.53855	-0.299199	11.2502	9.53855	0
-11.5465	9.57177	-0.318495	-11.5465	9.57177	0
-10.5354	9.57421	-0.303788	-10.5354	9.57421	0
-9.48719	9.59764	-0.35365	-9.48719	9.59764	0
-8.41492	9.54868	-0.321236	-8.41492	9.54868	0
-7.38592	9.54798	-0.329613	-7.38592	9.54798	0
-6.3679	9.61431	-0.315908	-6.3679	9.61431	0
-5.32308	9.55726	-0.305771	-5.32308	9.55726	0
-4.28218	9.48581	-0.320245	-4.28218	9.48581	0
-3.22841	9.50461	-0.331	-3.22841	9.50461	0
-2.21006	9.47905	-0.313957	-2.21006	9.47905	0
-1.17983	9.52742	-0.321545	-1.17983	9.52742	0
-0.131386	10.5662	-0.318973	-0.131386	10.5662	0
0.865474	10.5376	-0.292541	0.865474	10.5376	0
1.89723	10.5366	-0.319188	1.89723	10.5366	0
2.96533	10.5176	-0.331196	2.96533	10.5176	0
3.98658	10.597	-0.332088	3.98658	10.597	0
4.97976	10.5931	-0.315244	4.97976	10.5931	0
6.01223	10.5565	-0.31849	6.01223	10.5565	0
7.05562	10.5526	-0.337867	7.05562	10.5526	0
8.19113	10.4884	-0.316219	8.19113	10.4884	0
9.22495	10.5514	-0.323254	9.22495	10.5514	0
10.2408	10.5479	-0.311061	10.2408	10.5479	0
11.2305	10.5892	-0.30844	11.2305	10.5892	0
-11.5082	10.6367	-0.331485	-11.5082	10.6367	0
-10.4717	10.5883	-0.312171	-10.4717	10.5883	0
-9.36227	10.5835	-0.313238	-9.36227	10.5835	0
-8.39412	10.5299	-0.307194	-8.39412	10.5299	0
-7.41891	10.5787	-0.295952	-7.41891	10.5787	0
-6.37173	10.5821	-0.340777	-6.37173	10.5821	0
-5.31203	10.5606	-0.309239	-5.31203	10.5606	0
-4.27545	10.5136	-0.290561	-4.27545	10.5136	0
-3.33593	10.5087	-0.308927	-3.33593	10.5087	0
-2.26622	10.5197	-0.316314	-2.26622	10.5197	0
-1.24756	10.5975	-0.306043	-1.24756	10.5975	0
-0.174015	11.5561	-0.315457	-0.174015	11.5561	0
0.873692	11.5499	-0.325359	0.873692	11.5499	0
1.9369	11.5689	-0.332367	1.9369	11.5689	0
2.91914	11.6108	-0.316979	2.91914	11.6108	0
3.98355	11.5772	-0.34406	3.98355	11.5772	0
5.04523	11.6221	-0.324626	5.04523	11.6221	0
6.05597	11.5359	-0.299408	6.05597	11.5359	0
7.10788	11.5327	-0.278357	7.10788	11.5327	0
8.16124	11.5088	-0.330755	8.16124	11.5088	0
9.19855	11.5843	-0.311349	9.19855	11.5843	0
10.2073	11.5929	-0.316598	10.2073	11.5929	0
11.2123	11.6205	-0.285305	11.2123	11.6205	0
-11.5319	11.6152	-0.32384	-11.5319	11.6152	0
-10.4299	11.6076	-0.318915	-10.4299	11.6076	0
-9.40348	11.624	-0.331942	-9.40348	11.624	0
-8.36264	11.5931	-0.326872	-8.36264	11.5931	0
-7.38009	11.5936	-0.322748	-7.38009	11.5936	0
-6.35984	11.6105	-0.340785	-6.35984	11.6105	0
-5.33785	11.5733	-0.322963	-5.33785	11.5733	0
-4.27919	11.6121	-0.299087	-4.27919	11.6121	0
-3.3057	11.5544	-0.286968	-3.3057	11.5544	0
-2.28691	11.5879	-0.325044	-2.28691	11.5879	0
-1.16078	11.5644	-0.298259	-1.16078	11.5644	0
-0.223361	-11.1847	-0.334312	-0.223361	-11.1847	0
0.802746	-11.2413	-0.316729	0.802746	-11.2413	0
1.86734	-11.1871	-0.336694	1.86734	-11.1871	0
2.8844	-11.1772	-0.338098	2.8844	-11.1772	0
3.955	-11.1402	-0.320758	3.955	-11.1402	0
5.02991	-11.1621	-0.298553	5.02991	-11.1621	0
6.07043	-11.173	-0.319465	6.07043	-11.173	0
7.08424	-11.2126	-0.344066	7.08424	-11.2126	0
8.13998	-11.1559	-0.305913	8.13998	-11.1559	0
9.15387	-11.2159	-0.321774	9.15387	-11.2159	0
10.1753	-11.1104	-0.305701	10.1753	-11.1104	0
11.282	-11.1153	-0.320247	11.282	-11.1153	0
-11.4863	-11.1726	-0.323207	-11.4863	-11.1726	0
-10.4744	-11.185	-0.321277	-10.4744	-11.185	0
-9.43684	-11.1601	-0.321738	-9.43684	-11.1601	0
-8.41442	-11.1426	-0.321194	-8.41442	-11.1426	0
-7.35692	-11.0558	-0.339166	-7.35692	-11.0558	0
-6.37108	-11.1277	-0.329805	-6.37108	-11.1277	0
-5.3401	-11.1445	-0.311925	-5.3401	-11.1445	0
-4.25169	-11.1364	-0.290493	-4.25169	-11.1364	0
-3.25154	-11.151	-0.318049	-3.25154	-11.151	0
-2.20725	-11.1246	-0.292171	-2.20725	-11.1246	0
-1.21664	-11.1818	-0.343655	-1.21664	-11.1818	0
-0.143754	-10.1548	-0.33108	-0.143754	-10.1548	0
0.906419	-10.1634	-0.31598	0.906419	-10.1634	0
1.95721	-10.1534	-0.309601	1.95721	-10.1534	0
2.94373	-10.1099	-0.314415	2.94373	-10.1099	0
3.98503	-10.14	-0.310898	3.98503	-10.14	0
5.01314	-10.1926	-0.328628	5.01314	-10.1926	0
6.04602	-10.1761	-0.30897	6.04602	-10.1761	0
7.11745	-10.143	-0.314637	7.11745	-10.143	0
8.15061	-10.1948	-0.297909	8.15061	-10.1948	0
9.24559	-10.1463	-0.318428	9.24559	-10.1463	0
10.2568	-10.0901	-0.30273	10.2568	-10.0901	0
11.2576	-10.1452	-0.315651	11.2576	-10.1452	0
-11.4612	-10.1309	-0.293265	-11.4612	-10.1309	0
-10.4519	-10.1395	-0.282275	-10.4519	-10.1395	0
-9.44024	-10.1732	-0.311378	-9.44024	-10.1732	0
-8.4329	-10.0728	-0.324275	-8.4329	-10.0728	0
-7.38636	-10.0711	-0.313031	-7.38636	-10.0711	0
-6.33104	-10.0631	-0.305482	-6.33104	-10.0631	0
-5.25271	-10.0344	-0.344713	-5.25271	-10.0344	0
-4.18577	-10.1221	-0.32094	-4.18577	-10.1221	0
-3.19649	-10.1064	-0.307128	-3.19649	-10.1064	0
-2.21571	-10.0902	-0.306244	-2.21571	-10.0902	0
-1.24451	-10.1135	-0.322686	-1.24451	-10.1135	0
-0.162077	-9.09272	-0.316715	-0.162077	-9.09272	0
0.932909	-9.09162	-0.316861	0.932909	-9.09162	0
1.89954	-9.08551	-0.294305	1.89954	-9.08551	0
2.94154	-9.08095	-0.290486	2.94154	-9.08095	0
3.97492	-9.07185	-0.328892	3.97492	-9.07185	0
5.00008	-9.08035	-0.345012	5.00008	-9.08035	0
6.04679	-9.12233	-0.329645	6.04679	-9.12233	0
7.17056	-9.10154	-0.285453	7.17056	-9.10154	0
8.16722	-9.09551	-0.301536	8.16722	-9.09551	0
9.21804	-9.07356	-0.336358	9.21804	-9.07356	0
10.2796	-9.04314	-0.31438	10.2796	-9.04314	0
11.3069	-9.07327	-0.284264	11.3069	-9.07327	0
-11.5086	-9.0662	-0.349298	-11.5086	-9.0662	0
-10.4555	-9.13307	-0.305762	-10.4555	-9.13307	0
-9.43691	-9.11992	-0.347288	-9.43691	-9.11992	0
-8.41636	-9.09942	-0.311988	-8.41636	-9.09942	0
-7.38357	-9.06947	-0.295251	-7.38357	-9.06947	0
-6.32433	-9.04559	-0.317956	-6.32433	-9.04559	0
-5.26469	-9.03166	-0.286664	-5.26469	-9.03166	0
-4.2709	-9.05808	-0.310129	-4.2709	-9.05808	0
-3.23003	-9.0407	-0.346396	-3.23003	-9.0407	0
-2.2272	-9.05112	-0.350337	-2.2272	-9.05112	0
-1.18116	-9.09345	-0.317865	-1.18116	-9.09345	0
-0.149022	-8.06212	-0.302121	-0.149022	-8.06212	0
0.88351	-8.06842	-0.292707	0.88351	-8.06842	0
1.91213	-8.02279	-0.317218	1.91213	-8.02279	0
2.92346	-8.08023	-0.328908	2.92346	-8.08023	0
3.97957	-8.05396	-0.310088	3.97957	-8.05396	0
5.04907	-8.04278	-0.336502	5.04907	-8.04278	0
6.0851	-8.08536	-0.302001	6.0851	-8.08536	0
7.10245	-8.05916	-0.340707	7.10245	-8.05916	0
8.14916	-8.10135	-0.300677	8.14916	-8.10135	0
9.24563	-8.07975	-0.348077	9.24563	-8.07975	0
10.2985	-8.04074	-0.310663	10.2985	-8.04074	0
11.3125	-8.02142	-0.312402	11.3125	-8.02142	0
-11.4942	-8.0335	-0.303227	-11.4942	-8.0335	0
-10.4702	-8.07593	-0.299265	-10.4702	-8.07593	0
-9.44702	-8.04738	-0.317216	-9.44702	-8.04738	0
-8.44315	-8.07699	-0.319853	-8.44315	-8.07699	0
-7.38711	-8.03065	-0.320068	-7.38711	-8.03065	0
-6.31508	-8.01035	-0.310716	-6.31508	-8.01035	0
-5.31489	-7.98952	-0.330041	-5.31489	-7.98952	0
-4.32222	-7.98378	-0.329366	-4.32222	-7.98378	0
-3.29373	-8.01829	-0.319378	-3.29373	-8.01829	0
-2.21804	-8.00803	-0.316838	-2.21804	-8.00803	0
-1.16659	-8.06701	-0.316678	-1.16659	-8.06701	0
-0.180843	-7.04953	-0.325143	-0.180843	-7.04953	0
0.914035	-6.99822	-0.317086	0.914035	-6.99822	0
1.87138	-7.01081	-0.309691	1.87138	-7.01081	0
2.89018	-7.02719	-0.329328	2.89018	-7.02719	0
3.93699	-7.02801	-0.311193	3.93699	-7.02801	0
4.97425	-6.93303	-0.320062	4.97425	-6.93303	0
6.0503	-7.00623	-0.342365	6.0503	-7.00623	0
7.05461	-7.01678	-0.338718	7.05461	-7.01678	0
8.1271	-7.08408	-0.308428	8.1271	-7.08408	0
9.27196	-7.0248	-0.317703	9.27196	-7.0248	0
10.2423	-6.95954	-0.32642	10.2423	-6.95954	0
11.2823	-6.9964	-0.314739	11.2823	-6.9964	0
-11.5048	-6.991	-0.317929	-11.5048	-6.991	0
-10.4935	-7.00462	-0.321348	-10.4935	-7.00462	0
-9.47156	-7.03284	-0.300157	-9.47156	-7.03284	0
-8.44371	-7.04608	-0.343936	-8.44371	-7.04608	0
-7.41574	-7.019	-0.308654	-7.41574	-7.019	0
-6.36829	-7.00558	-0.312577	-6.36829	-7.00558	0
-5.35108	-6.93003	-0.322406	-5.35108	-6.93003	0
-4.31713	-6.96732	-0.313035	-4.31713	-6.96732	0
-3.29006	-7.01535	-0.308169	-3.29006	-7.01535	0
-2.23921	-6.99672	-0.297866	-2.23921	-6.99672	0
-1.20592	-6.98754	-0.311087	-1.20592	-6.98754	0
-0.210099	-5.96417	-0.304745	-0.210099	-5.96417	0
0.861364	-5.91383	-0.311346	0.861364	-5.91383	0
1.88643	-5.96527	-0.32069	1.88643	-5.96527	0
2.98512	-5.97796	-0.322545	2.98512	-5.97796	0
3.93799	-6.00436	-0.329559	3.93799	-6.00436	0
5.01256	-5.95929	-0.292427	5.01256	-5.95929	0
6.01815	-5.97523	-0.327053	6.01815	-5.97523	0
7.07842	-6.01981	-0.308195	7.07842	-6.01981	0
8.14909	-6.02206	-0.322501	8.14909	-6.02206	0
9.17006	-6.00431	-0.326519	9.17006	-6.00431	0
10.2285	-5.96223	-0.290606	10.2285	-5.96223	0
11.2594	-5.98462	-0.337119	11.2594	-5.98462	0
-11.4553	-6.03479	-0.333352	-11.4553	-6.03479	0
-10.4189	-5.99783	-0.333502	-10.4189	-5.99783	0
-9.40598	-5.96186	-0.331079	-9.40598	-5.96186	0
-8.38514	-6.01336	-0.334474	-8.38514	-6.01336	0
-7.44276	-5.99099	-0.295112	-7.44276	-5.99099	0
-6.37391	-6.0051	-0.340575	-6.37391	-6.0051	0
-5.34339	-5.90474	-0.320186	-5.34339	-5.90474	0
-4.3046	-5.97881	-0.323985	-4.3046	-5.97881	0
-3.24481	-5.99978	-0.305556	-3.24481	-5.99978	0
-2.19759	-6.0019	-0.319484	-2.19759	-6.0019	0
-1.19494	-5.94454	-0.305846	-1.19494	-5.94454	0
-0.163288	-4.89709	-0.335263	-0.163288	-4.89709	0
0.824105	-4.92019	-0.337115	0.824105	-4.92019	0
1.86713	-4.99187	-0.320906	1.86713	-4.99187	0
2.87641	-4.97601	-0.324181	2.87641	-4.97601	0
3.93359	-4.97508	-0.296049	3.93359	-4.97508	0
5.01029	-4.88599	-0.289496	5.01029	-4.88599	0
6.0137	-4.95341	-0.309456	6.0137	-4.95341	0
7.07489	-5.00222	-0.315562	7.07489	-5.00222	0
8.12546	-4.99134	-0.308138	8.12546	-4.99134	0
9.14003	-4.98967	-0.341055	9.14003	-4.98967	0
10.1409	-4.95565	-0.321166	10.1409	-4.95565	0
11.2263	-5.03317	-0.291522	11.2263	-5.03317	0
-11.544	-5.00999	-0.313432	-11.544	-5.00999	0
-10.5325	-4.93653	-0.308782	-10.5325	-4.93653	0
-9.48431	-4.91203	-0.324817	-9.48431	-4.91203	0
-8.46388	-4.9304	-0.314462	-8.46388	-4.9304	0
-7.41389	-4.97071	-0.278965	-7.41389	-4.97071	0
-6.40293	-4.94246	-0.33383	-6.40293	-4.94246	0
-5.37393	-4.93253	-0.314839	-5.37393	-4.93253	0
-4.34379	-4.96809	-0.357568	-4.34379	-4.96809	0
-3.30769	-5.03428	-0.342192	-3.30769	-5.03428	0
-2.24728	-4.97152	-0.305956	-2.24728	-4.97152	0
-1.15894	-4.9092	-0.327971	-1.15894	-4.9092	0
-0.195529	-3.88879	-0.315223	-0.195529	-3.88879	0
0.82805	-3.93972	-0.322954	0.82805	-3.93972	0
1.90436	-3.91742	-0.303218	1.90436	-3.91742	0
2.93169	-3.87599	-0.322659	2.93169	-3.87599	0
3.92331	-3.85415	-0.304454	3.92331	-3.85415	0
4.97274	-3.91261	-0.332805	4.97274	-3.91261	0
6.07471	-3.92914	-0.327276	6.07471	-3.92914	0
7.11888	-3.89321	-0.316926	7.11888	-3.89321	0
8.13703	-3.93476	-0.305563	8.13703	-3.93476	0
9.10832	-3.95816	-0.333241	9.10832	-3.95816	0
10.1909	-3.89399	-0.323533	10.1909	-3.89399	0
11.2446	-3.9518	-0.331869	11.2446	-3.9518	0
-11.5163	-3.95702	-0.325606	-11.5163	-3.95702	0
-10.4625	-3.93706	-0.310444	-10.4625	-3.93706	0
-9.45187	-3.90021	-0.31103	-9.45187	-3.90021	0
-8.41922	-3.84681	-0.332993	-8.41922	-3.84681	0
-7.40807	-3.89829	-0.312734	-7.40807	-3.89829	0
-6.35691	-3.89996	-0.309525	-6.35691	-3.89996	0
-5.33339	-3.88503	-0.285447	-5.33339	-3.88503	0
-4.30607	-3.95275	-0.318902	-4.30607	-3.95275	0
-3.28359	-3.98518	-0.279891	-3.28359	-3.98518	0
-2.27921	-3.93933	-0.291672	-2.27921	-3.93933	0
-1.20029	-3.90793	-0.33399	-1.20029	-3.90793	0
-0.144551	-2.83144	-0.315914	-0.144551	-2.83144	0
0.871433	-2.8573	-0.305997	0.871433	-2.8573	0
1.94562	-2.86873	-0.291816	1.94562	-2.86873	0
2.95823	-2.76914	-0.312925	2.95823	-2.76914	0
3.98461	-2.82646	-0.296383	3.98461	-2.82646	0
5.03082	-2.89753	-0.315529	5.03082	-2.89753	0
6.06383	-2.87495	-0.307017	6.06383	-2.87495	0
7.16909	-2.86875	-0.296608	7.16909	-2.86875	0
8.20133	-2.89743	-0.338086	8.20133	-2.89743	0
9.16767	-2.89441	-0.306075	9.16767	-2.89441	0
10.1635	-2.88875	-0.294798	10.1635	-2.88875	0
11.2753	-2.95005	-0.327467	11.2753	-2.95005	0
-11.5244	-2.96079	-0.336088	-11.5244	-2.96079	0
-10.5081	-2.89269	-0.324775	-10.5081	-2.89269	0
-9.48058	-2.8694	-0.322241	-9.48058	-2.8694	0
-8.43914	-2.85507	-0.349339	-8.43914	-2.85507	0
-7.40213	-2.81727	-0.312584	-7.40213	-2.81727	0
-6.40416	-2.84441	-0.302836	-6.40416	-2.84441	0
-5.34305	-2.88184	-0.316255	-5.34305	-2.88184	0
-4.32443	-2.87993	-0.339414	-4.32443	-2.87993	0
-3.27953	-2.93494	-0.297504	-3.27953	-2.93494	0
-2.26651	-2.91378	-0.324346	-2.26651	-2.91378	0
-1.1965	-2.88193	-0.315077	-1.1965	-2.88193	0
-0.20559	-1.85505	-0.323929	-0.20559	-1.85505	0
0.875289	-1.7539	-0.308573	0.875289	-1.7539	0
1.86836	-1.80472	-0.298953	1.86836	-1.80472	0
2.89623	-1.81047	-0.306913	2.89623	-1.81047	0
4.00008	-1.81343	-0.328841	4.00008	-1.81343	0
5.0174	-1.76821	-0.281336	5.0174	-1.76821	0
6.00268	-1.85684	-0.302422	6.00268	-1.85684	0
7.07382	-1.81308	-0.31488	7.07382	-1.81308	0
8.06277	-1.88106	-0.321641	8.06277	-1.88106	0
9.13458	-1.86513	-0.330927	9.13458	-1.86513	0
10.1542	-1.8886	-0.315003	10.1542	-1.8886	0
11.1623	-1.87343	-0.32998	11.1623	-1.87343	0
-11.52	-1.88694	-0.333538	-11.52	-1.88694	0
-10.4879	-1.81757	-0.328848	-10.4879	-1.81757	0
-9.44379	-1.82472	-0.302201	-9.44379	-1.82472	0
-8.46713	-1.81243	-0.307151	-8.46713	-1.81243	0
-7.45835	-1.79889	-0.301221	-7.45835	-1.79889	0
-6.40492	-1.81766	-0.30753	-6.40492	-1.81766	0
-5.37802	-1.84637	-0.308862	-5.37802	-1.84637	0
-4.35456	-1.85661	-0.308374	-4.35456	-1.85661	0
-3.26257	-1.84741	-0.319101	-3.26257	-1.84741	0
-2.24645	-1.80597	-0.3154	-2.24645	-1.80597	0
-1.21834	-1.83343	-0.330918	-1.21834	-1.83343	0
-0.111492	-0.755842	-0.30489	-0.111492	-0.755842	0
0.93278	-0.786541	-0.339169	0.93278	-0.786541	0
1.94155	-0.727565	-0.335324	1.94155	-0.727565	0
2.98121	-0.7975	-0.312714	2.98121	-0.7975	0
4.02648	-0.814315	-0.337528	4.02648	-0.814315	0
5.07286	-0.804872	-0.31422	5.07286	-0.804872	0
6.09386	-0.810439	-0.296396	6.09386	-0.810439	0
7.12674	-0.816437	-0.312468	7.12674	-0.816437	0
8.11588	-0.801614	-0.321523	8.11588	-0.801614	0
9.16177	-0.815282	-0.32708	9.16177	-0.815282	0
10.1836	-0.833393	-0.323971	10.1836	-0.833393	0
11.2194	-0.786462	-0.304867	11.2194	-0.786462	0
-11.5158	-0.889975	-0.328963	-11.5158	-0.889975	0
-10.5037	-0.802343	-0.297569	-10.5037	-0.802343	0
-9.50696	-0.775707	-0.312989	-9.50696	-0.775707	0
-8.44568	-0.722924	-0.302852	-8.44568	-0.722924	0
-7.42007	-0.801893	-0.325395	-7.42007	-0.801893	0
-6.38159	-0.780753	-0.325142	-6.38159	-0.780753	0
-5.33178	-0.846054	-0.320685	-5.33178	-0.846054	0
-4.23336	-0.881571	-0.302354	-4.23336	-0.881571	0
-3.26838	-0.849605	-0.303951	-3.26838	-0.849605	0
-2.2263	-0.873441	-0.297067	-2.2263	-0.873441	0
-1.1488	-0.808504	-0.305152	-1.1488	-0.808504	0
0.392321	0.777824	0.325823	0.392321	0.777824	0
1.41366	0.824189	0.280989	1.41366	0.824189	0
2.47661	0.709093	0.328277	2.47661	0.709093	0
3.49449	0.732032	0.287339	3.49449	0.732032	0
4.55017	0.781641	0.310836	4.55017	0.781641	0
5.56757	0.766957	0.314367	5.56757	0.766957	0
6.54289	0.77428	0.321974	6.54289	0.77428	0
7.61271	0.76669	0.314209	7.61271	0.76669	0
8.5798	0.733856	0.326673	8.5798	0.733856	0
9.64532	0.777978	0.348466	9.64532	0.777978	0
10.6451	0.745236	0.319759	10.6451	0.745236	0
11.683	0.716838	0.314192	11.683	0.716838	0
-11.0627	0.738031	0.307483	-11.0627	0.738031	0
-10.0033	0.789591	0.32673	-10.0033	0.789591	0
-8.99617	0.796237	0.34154	-8.99617	0.796237	0
-7.94247	0.776428	0.307049	-7.94247	0.776428	0
-6.92159	0.786524	0.315455	-6.92159	0.786524	0
-5.86363	0.759473	0.336535	-5.86363	0.759473	0
-4.83373	0.697834	0.301428	-4.83373	0.697834	0
-3.82314	0.744162	0.307199	-3.82314	0.744162	0
-2.81712	0.719155	0.331922	-2.81712	0.719155	0
-1.78201	0.720173	0.306542	-1.78201	0.720173	0
-0.662709	0.780765	0.300737	-0.662709	0.780765	0
0.389709	1.86797	0.279667	0.389709	1.86797	0
1.37702	1.87674	0.298866	1.37702	1.87674	0
2.41294	1.82041	0.301062	2.41294	1.82041	0
3.51987	1.75915	0.34638	3.51987	1.75915	0
4.54831	1.81081	0.344204	4.54831	1.81081	0
5.58064	1.80699	0.309672	5.58064	1.80699	0
6.60563	1.76933	0.328871	6.60563	1.76933	0
7.61725	1.77176	0.308132	7.61725	1.77176	0
8.61277	1.79728	0.345008	8.61277	1.79728	0
9.68209	1.80725	0.317018	9.68209	1.80725	0
10.7069	1.79334	0.329674	10.7069	1.79334	0
11.7448	1.76155	0.316937	11.7448	1.76155	0
-11.054	1.71428	0.293346	-11.054	1.71428	0
-10.0166	1.80839	0.343524	-10.0166	1.80839	0
-8.92455	1.82213	0.325153	-8.92455	1.82213	0
-7.93418	1.82388	0.319321	-7.93418	1.82388	0
-6.93216	1.79437	0.337585	-6.93216	1.79437	0
-5.84547	1.79602	0.310219	-5.84547	1.79602	0
-4.86242	1.77734	0.346508	-4.86242	1.77734	0
-3.81586	1.82804	0.299704	-3.81586	1.82804	0
-2.80956	1.79253	0.32285	-2.80956	1.79253	0
-1.7709	1.72986	0.321049	-1.7709	1.72986	0
-0.721445	1.8058	0.316632	-0.721445	1.8058	0
0.331012	2.86036	0.320707	0.331012	2.86036	0
1.40441	2.87237	0.31848	1.40441	2.87237	0
2.44229	2.82335	0.323155	2.44229	2.82335	0
3.50508	2.77438	0.303716	3.50508	2.77438	0
4.50478	2.8522	0.313053	4.50478	2.8522	0
5.58673	2.81508	0.309782	5.58673	2.81508	0
6.62621	2.85583	0.304204	6.62621	2.85583	0
7.63979	2.81311	0.326737	7.63979	2.81311	0
8.6159	2.85711	0.323038	8.6159	2.85711	0
9.61602	2.80073	0.294749	9.61602	2.80073	0
10.645	2.78101	0.329464	10.645	2.78101	0
11.6583	2.85526	0.312109	11.6583	2.85526	0
-11.1311	2.78991	0.311798	-11.1311	2.78991	0
-10.0514	2.83004	0.291265	-10.0514	2.83004	0
-9.03974	2.8753	0.342758	-9.03974	2.8753	0
-7.94474	2.87582	0.341577	-7.94474	2.87582	0
-6.90578	2.85548	0.316772	-6.90578	2.85548	0
-5.86581	2.79329	0.317679	-5.86581	2.79329	0
-4.80651	2.85056	0.320008	-4.80651	2.85056	0
-3.7523	2.78834	0.329964	-3.7523	2.78834	0
-2.70705	2.80082	0.295581	-2.70705	2.80082	0
-1.70172	2.81295	0.328761	-1.70172	2.81295	0
-0.716748	2.90919	0.309038	-0.716748	2.90919	0
0.349516	3.87507	0.314311	0.349516	3.87507	0
1.40176	3.87252	0.33984	1.40176	3.87252	0
2.39759	3.84688	0.3233	2.39759	3.84688	0
3.44002	3.82828	0.305849	3.44002	3.82828	0
4.427	3.86184	0.347178	4.427	3.86184	0
5.5885	3.85374	0.321528	5.5885	3.85374	0
6.57697	3.86301	0.318079	6.57697	3.86301	0
7.56241	3.80966	0.325505	7.56241	3.80966	0
8.60244	3.81209	0.321869	8.60244	3.81209	0
9.60773	3.82749	0.326234	9.60773	3.82749	0
10.6705	3.8793	0.336352	10.6705	3.8793	0
11.6812	3.85716	0.311281	11.6812	3.85716	0
-11.0947	3.8348	0.318454	-11.0947	3.8348	0
-10.0436	3.87963	0.322401	-10.0436	3.87963	0
-8.96638	3.85723	0.316602	-8.96638	3.85723	0
-7.94117	3.91531	0.293262	-7.94117	3.91531	0
-6.91435	3.87634	0.296223	-6.91435	3.87634	0
-5.8626	3.86307	0.306041	-5.8626	3.86307	0
-4.8298	3.83739	0.32948	-4.8298	3.83739	0
-3.79194	3.88245	0.346026	-3.79194	3.88245	0
-2.72298	3.86068	0.324134	-2.72298	3.86068	0
-1.7066	3.89709	0.314517	-1.7066	3.89709	0
-0.702994	3.87811	0.311355	-0.702994	3.87811	0
0.372116	4.89193	0.338363	0.372116	4.89193	0
1.38573	4.89865	0.298969	1.38573	4.89865	0
2.45877	4.88403	0.331634	2.45877	4.88403	0
3.44219	4.8924	0.299759	3.44219	4.8924	0
4.48853	4.89998	0.323594	4.48853	4.89998	0
5.52825	4.9325	0.316243	5.52825	4.9325	0
6.57103	4.94557	0.29106	6.57103	4.94557	0
7.58133	4.86134	0.327069	7.58133	4.86134	0
8.57331	4.85407	0.310224	8.57331	4.85407	0
9.6317	4.84341	0.335262	9.6317	4.84341	0
10.7296	4.89736	0.314396	10.7296	4.89736	0
11.7556	4.91175	0.315595	11.7556	4.91175	0
-10.9684	4.90213	0.289827	-10.9684	4.90213	0
-9.97263	4.91187	0.320505	-9.97263	4.91187	0
-8.91236	4.86875	0.306368	-8.91236	4.86875	0
-7.83996	4.93198	0.321698	-7.83996	4.93198	0
-6.85954	4.92499	0.298609	-6.85954	4.92499	0
-5.89692	4.95278	0.333706	-5.89692	4.95278	0
-4.81111	4.88525	0.319433	-4.81111	4.88525	0
-3.78249	4.86757	0.336334	-3.78249	4.86757	0
-2.80156	4.92812	0.31908	-2.80156	4.92812	0
-1.79068	4.92964	0.296756	-1.79068	4.92964	0
-0.701862	4.8986	0.328663	-0.701862	4.8986	0
0.365783	5.91717	0.336106	0.365783	5.91717	0
1.41622	5.94233	0.318633	1.41622	5.94233	0
2.42072	5.9407	0.321952	2.42072	5.9407	0
3.46068	5.86936	0.319807	3.46068	5.86936	0
4.50968	5.90721	0.283119	4.50968	5.90721	0
5.4993	5.8888	0.325287	5.4993	5.8888	0
6.64164	5.96358	0.326788	6.64164	5.96358	0
7.65278	5.89287	0.287304	7.65278	5.89287	0
8.66038	5.89777	0.32699	8.66038	5.89777	0
9.64748	5.86534	0.298303	9.64748	5.86534	0
10.6953	5.93976	0.327855	10.6953	5.93976	0
11.8152	5.96979	0.306068	11.8152	5.96979	0
-10.9786	5.9707	0.331618	-10.9786	5.9707	0
-9.92498	5.91103	0.313211	-9.92498	5.91103	0
-8.92761	5.94869	0.315166	-8.92761	5.94869	0
-7.97089	5.95553	0.310074	-7.97089	5.95553	0
-6.93389	5.99259	0.328905	-6.93389	5.99259	0
-5.8444	5.93637	0.33587	-5.8444	5.93637	0
-4.8565	5.94676	0.303834	-4.8565	5.94676	0
-3.8195	5.88839	0.322609	-3.8195	5.88839	0
-2.79883	5.91103	0.312679	-2.79883	5.91103	0
-1.76427	5.94003	0.323239	-1.76427	5.94003	0
-0.667362	5.93489	0.33093	-0.667362	5.93489	0
0.349939	6.9589	0.310851	0.349939	6.9589	0
1.41074	6.9517	0.305072	1.41074	6.9517	0
2.38902	6.93443	0.331174	2.38902	6.93443	0
3.45619	6.93926	0.295581	3.45619	6.93926	0
4.4972	6.94402	0.328183	4.4972	6.94402	0
5.57046	6.98651	0.347274	5.57046	6.98651	0
6.57808	6.94086	0.315202	6.57808	6.94086	0
7.64271	6.90766	0.306729	7.64271	6.90766	0
8.72357	6.97624	0.315781	8.72357	6.97624	0
9.71129	6.97184	0.287136	9.71129	6.97184	0
10.7221	6.93518	0.329604	10.7221	6.93518	0
11.8456	6.96452	0.310395	11.8456	6.96452	0
-10.9384	7.00447	0.317001	-10.9384	7.00447	0
-9.95909	6.97954	0.308935	-9.95909	6.97954	0
-8.92513	6.95702	0.292716	-8.92513	6.95702	0
-7.96153	7.01021	0.301244	-7.96153	7.01021	0
-6.95611	7.00404	0.320388	-6.95611	7.00404	0
-5.93792	7.00337	0.297173	-5.93792	7.00337	0
-4.90491	6.96277	0.301859	-4.90491	6.96277	0
-3.89102	6.8911	0.32365	-3.89102	6.8911	0
-2.83536	6.89919	0.325523	-2.83536	6.89919	0
-1.74735	6.95074	0.33611	-1.74735	6.95074	0
-0.697104	6.92113	0.280621	-0.697104	6.92113	0
0.363376	7.94071	0.305405	0.363376	7.94071	0
1.39316	7.93156	0.299121	1.39316	7.93156	0
2.43301	8.00564	0.326246	2.43301	8.00564	0
3.49145	7.95088	0.293697	3.49145	7.95088	0
4.53911	7.95912	0.317208	4.53911	7.95912	0
5.59586	7.97519	0.323817	5.59586	7.97519	0
6.62891	7.96113	0.304092	6.62891	7.96113	0
7.61152	7.93117	0.341016	7.61152	7.93117	0
8.70531	7.97605	0.324356	8.70531	7.97605	0
9.69928	7.98977	0.32883	9.69928	7.98977	0
10.7026	7.99922	0.320514	10.7026	7.99922	0
11.756	8.01988	0.328569	11.756	8.01988	0
-11.0524	8.06394	0.345367	-11.0524	8.06394	0
-9.98825	8.03994	0.30735	-9.98825	8.03994	0
-8.94272	7.9706	0.305339	-8.94272	7.9706	0
-8.00105	8.0201	0.299147	-8.00105	8.0201	0
-6.99219	8.01147	0.311999	-6.99219	8.01147	0
-5.94179	8.04048	0.336596	-5.94179	8.04048	0
-4.92865	7.97631	0.295639	-4.92865	7.97631	0
-3.87601	7.89995	0.325455	-3.87601	7.89995	0
-2.78658	7.90915	0.308397	-2.78658	7.90915	0
-1.74965	7.92192	0.336364	-1.74965	7.92192	0
-0.640195	7.91523	0.335098	-0.640195	7.91523	0
0.403766	8.98466	0.331803	0.403766	8.98466	0
1.40663	8.95381	0.277548	1.40663	8.95381	0
2.43316	9.01709	0.307552	2.43316	9.01709	0
3.49708	9.00434	0.301052	3.49708	9.00434	0
4.46958	9.009	0.299001	4.46958	9.009	0
5.58151	9.01792	0.318307	5.58151	9.01792	0
6.58023	8.95914	0.315239	6.58023	8.95914	0
7.62207	8.98048	0.327368	7.62207	8.98048	0
8.64551	8.95499	0.315668	8.64551	8.95499	0
9.68918	9.04922	0.330946	9.68918	9.04922	0
10.6859	9.00413	0.33469	10.6859	9.00413	0
11.7631	9.05892	0.330208	11.7631	9.05892	0
-10.9989	9.04396	0.330613	-10.9989	9.04396	0
-10.0139	9.08398	0.338039	-10.0139	9.08398	0
-8.96079	9.0305	0.339139	-8.96079	9.0305	0
-7.93519	9.00932	0.333462	-7.93519	9.00932	0
-6.904	9.02222	0.302717	-6.904	9.02222	0
-5.85623	9.06002	0.320896	-5.85623	9.06002	0
-4.83274	8.99542	0.29564	-4.83274	8.99542	0
-3.79837	8.94129	0.308555	-3.79837	8.94129	0
-2.73347	8.99176	0.302186	-2.73347	8.99176	0
-1.68563	8.98648	0.307057	-1.68563	8.98648	0
-0.682702	8.98513	0.288278	-0.682702	8.98513	0
0.378708	10.0463	0.336152	0.378708	10.0463	0
1.41918	9.96082	0.31482	1.41918	9.96082	0
2.44277	10.0204	0.30869	2.44277	10.0204	0
3.48003	10.0302	0.289932	3.48003	10.0302	0
4.51768	10.0357	0.317402	4.51768	10.0357	0
5.5336	10.0597	0.32265	5.5336	10.0597	0
6.53543	10.0349	0.303102	6.53543	10.0349	0
7.57283	10.0621	0.291567	7.57283	10.0621	0
8.66072	9.97063	0.32079	8.66072	9.97063	0
9.70383	10.0717	0.326762	9.70383	10.0717	0
10.74	10.0066	0.34219	10.74	10.0066	0
11.7932	10.1051	0.345451	11.7932	10.1051	0
-11.0094	10.161	0.326675	-11.0094	10.161	0
-9.97314	10.0779	0.323877	-9.97314	10.0779	0
-8.95308	10.0837	0.32567	-8.95308	10.0837	0
-7.92948	9.99686	0.326227	-7.92948	9.99686	0
-6.90822	10.065	0.309062	-6.90822	10.065	0
-5.86717	10.0706	0.341218	-5.86717	10.0706	0
-4.82135	10.0459	0.330074	-4.82135	10.0459	0
-3.77594	9.98391	0.320643	-3.77594	9.98391	0
-2.72632	10.0245	0.313228	-2.72632	10.0245	0
-1.73961	10.0572	0.320892	-1.73961	10.0572	0
-0.732369	10.0776	0.325793	-0.732369	10.0776	0
0.335642	11.0756	0.313926	0.335642	11.0756	0
1.3739	11.0252	0.313863	1.3739	11.0252	0
2.42365	11.0301	0.301982	2.42365	11.0301	0
3.45559	11.0973	0.287939	3.45559	11.0973	0
4.48516	11.0966	0.323666	4.48516	11.0966	0
5.50627	11.0378	0.312327	5.50627	11.0378	0
6.56906	11.0819	0.31188	6.56906	11.0819	0
7.58724	11.0215	0.334844	7.58724	11.0215	0
8.66521	11.0172	0.333137	8.66521	11.0172	0
9.66843	11.0812	0.335626	9.66843	11.0812	0
10.6734	11.0593	0.335609	10.6734	11.0593	0
11.7491	11.1114	0.295418	11.7491	11.1114	0
-10.9449	11.0987	0.326951	-10.9449	11.0987	0
-9.91852	11.0381	0.296466	-9.91852	11.0381	0
-8.89368	11.1441	0.312015	-8.89368	11.1441	0
-7.87273	11.1053	0.330018	-7.87273	11.1053	0
-6.8771	11.1017	0.305837	-6.8771	11.1017	0
-5.82295	11.1347	0.317217	-5.82295	11.1347	0
-4.80453	11.0857	0.336902	-4.80453	11.0857	0
-3.84295	11.0322	0.330686	-3.84295	11.0322	0
-2.79049	11.085	0.295594	-2.79049	11.085	0
-1.81153	11.0716	0.283705	-1.81153	11.0716	0
-0.717788	11.0728	0.354363	-0.717788	11.0728	0
0.293506	-11.6886	0.295477	0.293506	-11.6886	0
1.33504	-11.7278	0.317739	1.33504	-11.7278	0
2.41317	-11.6649	0.318463	2.41317	-11.6649	0
3.41497	-11.657	0.287162	3.41497	-11.657	0
4.48862	-11.6862	0.291177	4.48862	-11.6862	0
5.5654	-11.6984	0.329614	5.5654	-11.6984	0
6.53585	-11.6866	0.345142	6.53585	-11.6866	0
7.60722	-11.6919	0.289331	7.60722	-11.6919	0
8.65262	-11.7188	0.292581	8.65262	-11.7188	0
9.70371	-11.6911	0.328506	9.70371	-11.6911	0
10.7143	-11.6478	0.316104	10.7143	-11.6478	0
11.7883	-11.6616	0.297555	11.7883	-11.6616	0
-10.9978	-11.7032	0.329495	-10.9978	-11.7032	0
-9.97755	-11.7078	0.327107	-9.97755	-11.7078	0
-8.93286	-11.6304	0.329557	-8.93286	-11.6304	0
-7.86491	-11.6566	0.311939	-7.86491	-11.6566	0
-6.85913	-11.6689	0.267627	-6.85913	-11.6689	0
-5.84024	-11.6152	0.326206	-5.84024	-11.6152	0
-4.85373	-11.6621	0.287064	-4.85373	-11.6621	0
-3.79356	-11.7145	0.339944	-3.79356	-11.7145	0
-2.77737	-11.6909	0.345959	-2.77737	-11.6909	0
-1.70735	-11.7151	0.322511	-1.70735	-11.7151	0
-0.695283	-11.671	0.347242	-0.695283	-11.671	0
0.27681	-10.6768	0.306193	0.27681	-10.6768	0
1.33449	-10.7544	0.341146	1.33449	-10.7544	0
2.45576	-10.6536	0.323099	2.45576	-10.6536	0
3.46699	-10.6326	0.300359	3.46699	-10.6326	0
4.49712	-10.6486	0.335362	4.49712	-10.6486	0
5.57155	-10.6658	0.3258	5.57155	-10.6658	0
6.61049	-10.6696	0.33333	6.61049	-10.6696	0
7.63016	-10.7009	0.300619	7.63016	-10.7009	0
8.71996	-10.636	0.318332	8.71996	-10.636	0
9.7218	-10.6044	0.338192	9.7218	-10.6044	0
10.7965	-10.6643	0.321274	10.7965	-10.6643	0
11.8219	-10.6244	0.33579	11.8219	-10.6244	0
-10.9709	-10.6778	0.303787	-10.9709	-10.6778	0
-9.96566	-10.69	0.312606	-9.96566	-10.69	0
-8.94794	-10.6174	0.335712	-8.94794	-10.6174	0
-7.91542	-10.6358	0.340188	-7.91542	-10.6358	0
-6.82111	-10.6037	0.344781	-6.82111	-10.6037	0
-5.82003	-10.6006	0.305777	-5.82003	-10.6006	0
-4.8109	-10.654	0.310832	-4.8109	-10.654	0
-3.75539	-10.6408	0.329666	-3.75539	-10.6408	0
-2.72254	-10.6735	0.349738	-2.72254	-10.6735	0
-1.74168	-10.6251	0.319308	-1.74168	-10.6251	0
-0.729284	-10.6456	0.311459	-0.729284	-10.6456	0
0.417155	-9.60161	0.325047	0.417155	-9.60161	0
1.43209	-9.69884	0.300645	1.43209	-9.69884	0
2.43312	-9.58932	0.322117	2.43312	-9.58932	0
3.46949	-9.63205	0.314183	3.46949	-9.63205	0
4.53924	-9.61391	0.297278	4.53924	-9.61391	0
5.54762	-9.62606	0.304858	5.54762	-9.62606	0
6.57697	-9.61211	0.293974	6.57697	-9.61211	0
7.66762	-9.63357	0.314446	7.66762	-9.63357	0
8.67129	-9.64302	0.319385	8.67129	-9.64302	0
9.69209	-9.56493	0.317981	9.69209	-9.56493	0
10.7452	-9.57977	0.320389	10.7452	-9.57977	0
11.804	-9.59331	0.285372	11.804	-9.59331	0
-10.9777	-9.61567	0.329873	-10.9777	-9.61567	0
-9.93456	-9.62733	0.318707	-9.93456	-9.62733	0
-8.93567	-9.59597	0.329235	-8.93567	-9.59597	0
-7.91091	-9.59862	0.32537	-7.91091	-9.59862	0
-6.83824	-9.53975	0.295996	-6.83824	-9.53975	0
-5.82176	-9.5809	0.333095	-5.82176	-9.5809	0
-4.74584	-9.5868	0.332597	-4.74584	-9.5868	0
-3.74787	-9.58	0.313787	-3.74787	-9.58	0
-2.69154	-9.56281	0.345495	-2.69154	-9.56281	0
-1.70806	-9.57632	0.312461	-1.70806	-9.57632	0
-0.683087	-9.64286	0.343898	-0.683087	-9.64286	0
0.381748	-8.58724	0.316695	0.381748	-8.58724	0
1.40866	-8.56203	0.307278	1.40866	-8.56203	0
2.41028	-8.56289	0.310236	2.41028	-8.56289	0
3.47582	-8.6118	0.332407	3.47582	-8.6118	0
4.52564	-8.55817	0.334964	4.52564	-8.55817	0
5.54847	-8.62659	0.289802	5.54847	-8.62659	0
6.58841	-8.59899	0.336517	6.58841	-8.59899	0
7.66295	-8.58186	0.328613	7.66295	-8.58186	0
8.72959	-8.60754	0.327023	8.72959	-8.60754	0
9.7498	-8.59588	0.313841	9.7498	-8.59588	0
10.7358	-8.55458	0.323917	10.7358	-8.55458	0
11.8256	-8.53863	0.333892	11.8256	-8.53863	0
-10.9475	-8.57535	0.325501	-10.9475	-8.57535	0
-9.90126	-8.63883	0.298687	-9.90126	-8.63883	0
-8.94532	-8.60447	0.297731	-8.94532	-8.60447	0
-7.93004	-8.53378	0.32694	-7.93004	-8.53378	0
-6.83904	-8.54624	0.314645	-6.83904	-8.54624	0
-5.82519	-8.56861	0.332859	-5.82519	-8.56861	0
-4.73842	-8.53785	0.320697	-4.73842	-8.53785	0
-3.74116	-8.55016	0.301705	-3.74116	-8.55016	0
-2.77956	-8.53473	0.279975	-2.77956	-8.53473	0
-1.69038	-8.51965	0.327949	-1.69038	-8.51965	0
-0.664534	-8.52472	0.318377	-0.664534	-8.52472	0
0.35485	-7.56637	0.314256	0.35485	-7.56637	0
1.37456	-7.53488	0.317959	1.37456	-7.53488	0
2.44197	-7.52846	0.313248	2.44197	-7.52846	0
3.45409	-7.50671	0.299649	3.45409	-7.50671	0
4.52905	-7.55648	0.299851	4.52905	-7.55648	0
5.51265	-7.52783	0.332381	5.51265	-7.52783	0
6.52664	-7.56128	0.318583	6.52664	-7.56128	0
7.60655	-7.55454	0.297525	7.60655	-7.55454	0
8.71247	-7.58738	0.310475	8.71247	-7.58738	0
9.80686	-7.5702	0.327925	9.80686	-7.5702	0
10.8041	-7.48548	0.336705	10.8041	-7.48548	0
11.8291	-7.49553	0.315083	11.8291	-7.49553	0
-10.9548	-7.48071	0.342458	-10.9548	-7.48071	0
-9.96697	-7.57281	0.322198	-9.96697	-7.57281	0
-8.95548	-7.55594	0.308712	-8.95548	-7.55594	0
-7.92445	-7.54347	0.306179	-7.92445	-7.54347	0
-6.88729	-7.54996	0.307416	-6.88729	-7.54996	0
-5.81799	-7.48254	0.312536	-5.81799	-7.48254	0
-4.80423	-7.40534	0.335353	-4.80423	-7.40534	0
-3.79372	-7.54755	0.319915	-3.79372	-7.54755	0
-2.75058	-7.52136	0.309423	-2.75058	-7.52136	0
-1.68692	-7.52267	0.305006	-1.68692	-7.52267	0
-0.680101	-7.55885	0.340871	-0.680101	-7.55885	0
0.363351	-6.51619	0.295083	0.363351	-6.51619	0
1.3748	-6.45788	0.318535	1.3748	-6.45788	0
2.38784	-6.47484	0.316424	2.38784	-6.47484	0
3.42581	-6.54182	0.325298	3.42581	-6.54182	0
4.42791	-6.48179	0.295323	4.42791	-6.48179	0
5.54227	-6.52097	0.302328	5.54227	-6.52097	0
6.54344	-6.53972	0.325149	6.54344	-6.53972	0
7.61513	-6.52918	0.319113	7.61513	-6.52918	0
8.63386	-6.54231	0.311881	8.63386	-6.54231	0
9.6789	-6.50643	0.348524	9.6789	-6.50643	0
10.764	-6.4688	0.329604	10.764	-6.4688	0
11.7623	-6.45002	0.312775	11.7623	-6.45002	0
-10.9311	-6.48351	0.319826	-10.9311	-6.48351	0
-9.9382	-6.48519	0.30724	-9.9382	-6.48519	0
-8.92425	-6.5103	0.302891	-8.92425	-6.5103	0
-7.94285	-6.53375	0.329108	-7.94285	-6.53375	0
-6.92314	-6.52712	0.325986	-6.92314	-6.52712	0
-5.87686	-6.45234	0.313788	-5.87686	-6.45234	0
-4.89766	-6.42364	0.340867	-4.89766	-6.42364	0
-3.79054	-6.48865	0.331642	-3.79054	-6.48865	0
-2.76858	-6.47053	0.333402	-2.76858	-6.47053	0
-1.72452	-6.49772	0.311676	-1.72452	-6.49772	0
-0.656849	-6.49393	0.33349	-0.656849	-6.49393	0
0.303509	-5.43733	0.341149	0.303509	-5.43733	0
1.30769	-5.44745	0.332054	1.30769	-5.44745	0
2.3811	-5.4642	0.306708	2.3811	-5.4642	0
3.43299	-5.44036	0.315449	3.43299	-5.44036	0
4.48022	-5.47278	0.34638	4.48022	-5.47278	0
5.56504	-5.45199	0.327258	5.56504	-5.45199	0
6.55536	-5.49144	0.293373	6.55536	-5.49144	0
7.63672	-5.51237	0.321882	7.63672	-5.51237	0
8.65149	-5.51027	0.331126	8.65149	-5.51027	0
9.66192	-5.48055	0.335529	9.66192	-5.48055	0
10.6765	-5.42022	0.326799	10.6765	-5.42022	0
11.7836	-5.47734	0.357065	11.7836	-5.47734	0
-10.9924	-5.45689	0.312221	-10.9924	-5.45689	0
-9.96114	-5.43739	0.300489	-9.96114	-5.43739	0
-8.96059	-5.47969	0.325057	-8.96059	-5.47969	0
-8.00707	-5.47699	0.334103	-8.00707	-5.47699	0
-6.89452	-5.47167	0.300554	-6.89452	-5.47167	0
-5.88569	-5.49744	0.339298	-5.88569	-5.49744	0
-4.7864	-5.45871	0.310572	-4.7864	-5.45871	0
-3.78174	-5.50401	0.333734	-3.78174	-5.50401	0
-2.72498	-5.46797	0.316004	-2.72498	-5.46797	0
-1.71108	-5.44698	0.279882	-1.71108	-5.44698	0
-0.688992	-5.42032	0.319548	-0.688992	-5.42032	0
0.278987	-4.39659	0.305841	0.278987	-4.39659	0
1.37223	-4.42885	0.310079	1.37223	-4.42885	0
2.39276	-4.47305	0.315471	2.39276	-4.47305	0
3.39703	-4.41468	0.301139	3.39703	-4.41468	0
4.42572	-4.37914	0.319381	4.42572	-4.37914	0
5.53957	-4.41167	0.312951	5.53957	-4.41167	0
6.57439	-4.46874	0.31786	6.57439	-4.46874	0
7.55972	-4.43697	0.304066	7.55972	-4.43697	0
8.57912	-4.46341	0.321693	8.57912	-4.46341	0
9.60068	-4.41469	0.283774	9.60068	-4.41469	0
10.7054	-4.40667	0.287785	10.7054	-4.40667	0
11.731	-4.46844	0.317812	11.731	-4.46844	0
-11.0311	-4.45436	0.332598	-11.0311	-4.45436	0
-9.93895	-4.42299	0.352067	-9.93895	-4.42299	0
-8.9627	-4.45243	0.32337	-8.9627	-4.45243	0
-7.94881	-4.37509	0.325488	-7.94881	-4.37509	0
-6.9191	-4.39903	0.304221	-6.9191	-4.39903	0
-5.86183	-4.43507	0.339834	-5.86183	-4.43507	0
-4.84183	-4.45161	0.303271	-4.84183	-4.45161	0
-3.79924	-4.5074	0.34306	-3.79924	-4.5074	0
-2.74672	-4.47329	0.314287	-2.74672	-4.47329	0
-1.74967	-4.47193	0.350799	-1.74967	-4.47193	0
-0.71295	-4.39726	0.310687	-0.71295	-4.39726	0
0.377769	-3.34595	0.316467	0.377769	-3.34595	0
1.37919	-3.39997	0.322742	1.37919	-3.39997	0
2.40232	-3.36816	0.346076	2.40232	-3.36816	0
3.42513	-3.34097	0.299032	3.42513	-3.34097	0
4.5271	-3.37556	0.323466	4.5271	-3.37556	0
5.52688	-3.44906	0.292922	5.52688	-3.44906	0
6.61116	-3.36361	0.314379	6.61116	-3.36361	0
7.67029	-3.38124	0.337163	7.67029	-3.38124	0
8.66853	-3.3972	0.332875	8.66853	-3.3972	0
9.66023	-3.44037	0.335466	9.66023	-3.44037	0
10.6405	-3.39069	0.309626	10.6405	-3.39069	0
11.7077	-3.42384	0.322956	11.7077	-3.42384	0
-11.0073	-3.43079	0.315413	-11.0073	-3.43079	0
-9.9738	-3.35477	0.324721	-9.9738	-3.35477	0
-8.95604	-3.36287	0.295105	-8.95604	-3.36287	0
-7.94957	-3.39138	0.321488	-7.94957	-3.39138	0
-6.91012	-3.34078	0.293944	-6.91012	-3.34078	0
-5.89696	-3.38176	0.281443	-5.89696	-3.38176	0
-4.78845	-3.40981	0.322274	-4.78845	-3.40981	0
-3.83662	-3.39412	0.317816	-3.83662	-3.39412	0
-2.77506	-3.41657	0.301855	-2.77506	-3.41657	0
-1.72835	-3.40019	0.303732	-1.72835	-3.40019	0
-0.656932	-3.35523	0.305941	-0.656932	-3.35523	0
0.352939	-2.28314	0.310087	0.352939	-2.28314	0
1.38313	-2.36568	0.311671	1.38313	-2.36568	0
2.42439	-2.28832	0.296098	2.42439	-2.28832	0
3.48063	-2.29636	0.318433	3.48063	-2.29636	0
4.51691	-2.33544	0.34201	4.51691	-2.33544	0
5.5389	-2.39656	0.310289	5.5389	-2.39656	0
6.56865	-2.33297	0.31789	6.56865	-2.33297	0
7.6284	-2.38313	0.31745	7.6284	-2.38313	0
8.65244	-2.39753	0.302625	8.65244	-2.39753	0
9.71794	-2.39595	0.352675	9.71794	-2.39595	0
10.7361	-2.41873	0.332658	10.7361	-2.41873	0
11.7801	-2.37532	0.330631	11.7801	-2.37532	0
-11.0177	-2.33483	0.321333	-11.0177	-2.33483	0
-9.99676	-2.32504	0.293124	-9.99676	-2.32504	0
-8.98675	-2.30808	0.339968	-8.98675	-2.30808	0
-7.97848	-2.30937	0.321257	-7.97848	-2.30937	0
-6.92542	-2.298	0.337732	-6.92542	-2.298	0
-5.90979	-2.37221	0.307816	-5.90979	-2.37221	0
-4.84495	-2.38506	0.304215	-4.84495	-2.38506	0
-3.81097	-2.40464	0.32722	-3.81097	-2.40464	0
-2.76126	-2.36219	0.319804	-2.76126	-2.36219	0
-1.77618	-2.37527	0.322572	-1.77618	-2.37527	0
-0.725002	-2.33852	0.334447	-0.725002	-2.33852	0
0.33083	-1.32012	0.297646	0.33083	-1.32012	0
1.38724	-1.27751	0.339541	1.38724	-1.27751	0
2.37438	-1.29136	0.314238	2.37438	-1.29136	0
3.46196	-1.31917	0.316886	3.46196	-1.31917	0
4.51481	-1.27275	0.325741	4.51481	-1.27275	0
5.57201	-1.32308	0.368952	5.57201	-1.32308	0
6.60991	-1.27194	0.322722	6.60991	-1.27194	0
7.60008	-1.32167	0.338633	7.60008	-1.32167	0
8.62596	-1.34457	0.31346	8.62596	-1.34457	0
9.68142	-1.3526	0.316086	9.68142	-1.3526	0
10.6828	-1.35552	0.315392	10.6828	-1.35552	0
11.7053	-1.37349	0.306726	11.7053	-1.37349	0
-11.0209	-1.35817	0.298937	-11.0209	-1.35817	0
-9.97112	-1.30165	0.303336	-9.97112	-1.30165	0
-8.94161	-1.24739	0.315037	-8.94161	-1.24739	0
-7.88943	-1.29303	0.349769	-7.88943	-1.29303	0
-6.86397	-1.31339	0.328317	-6.86397	-1.31339	0
-5.90014	-1.3045	0.285067	-5.90014	-1.3045	0
-4.82908	-1.34512	0.337992	-4.82908	-1.34512	0
-3.74391	-1.42357	0.346677	-3.74391	-1.42357	0
-2.7779	-1.36129	0.332968	-2.7779	-1.36129	0
-1.65801	-1.32853	0.327449	-1.65801	-1.32853	0
-0.646734	-1.34495	0.314016	-0.646734	-1.34495	0
0.380332	-0.276639	0.307374	0.380332	-0.276639	0
1.43018	-0.265076	0.327076	1.43018	-0.265076	0
2.46565	-0.31042	0.317437	2.46565	-0.31042	0
3.48237	-0.250675	0.338458	3.48237	-0.250675	0
4.58786	-0.330184	0.328714	4.58786	-0.330184	0
5.56466	-0.25919	0.336202	5.56466	-0.25919	0
6.61685	-0.264356	0.31235	6.61685	-0.264356	0
7.58713	-0.276798	0.325947	7.58713	-0.276798	0
8.65568	-0.312065	0.321351	8.65568	-0.312065	0
9.66191	-0.31564	0.293498	9.66191	-0.31564	0
10.6589	-0.325841	0.317317	10.6589	-0.325841	0
11.721	-0.330215	0.309828	11.721	-0.330215	0
-11.01	-0.308484	0.318262	-11.01	-0.308484	0
-10.0003	-0.2416	0.337037	-10.0003	-0.2416	0
-9.02593	-0.225271	0.319703	-9.02593	-0.225271	0
-7.91959	-0.238399	0.335445	-7.91959	-0.238399	0
-6.86872	-0.271109	0.317734	-6.86872	-0.271109	0
-5.87679	-0.299574	0.324815	-5.87679	-0.299574	0
-4.85908	-0.354826	0.32634	-4.85908	-0.354826	0
-3.74844	-0.321308	0.319262	-3.74844	-0.321308	0
-2.74999	-0.30435	0.337328	-2.74999	-0.30435	0
-1.69938	-0.329084	0.310569	-1.69938	-0.329084	0
-0.630983	-0.277225	0.304279	-0.630983	-0.277225	0
