-0.697176	-0.373856	-0.334078	-0.697176	-0.373856	0
0.429429	-0.350915	-0.271424	0.429429	-0.350915	0
1.44889	-0.384336	-0.320615	1.44889	-0.384336	0
2.38725	-0.315975	-0.312724	2.38725	-0.315975	0
3.46024	-0.310676	-0.327786	3.46024	-0.310676	0
4.45945	-0.300633	-0.330355	4.45945	-0.300633	0
5.46389	-0.299441	-0.334533	5.46389	-0.299441	0
6.50578	-0.316946	-0.328292	6.50578	-0.316946	0
7.58644	-0.316913	-0.32661	7.58644	-0.316913	0
8.62083	-0.247199	-0.302506	8.62083	-0.247199	0
9.63826	-0.267448	-0.340134	9.63826	-0.267448	0
10.7333	-0.326325	-0.3159	10.7333	-0.326325	0
11.7964	-0.28587	-0.331732	11.7964	-0.28587	0
-11.0085	-0.332981	-0.332805	-11.0085	-0.332981	0
-9.94768	-0.313053	-0.322453	-9.94768	-0.313053	0
-8.90525	-0.367843	-0.338377	-8.90525	-0.367843	0
-7.90381	-0.356112	-0.322273	-7.90381	-0.356112	0
-6.84771	-0.28048	-0.340492	-6.84771	-0.28048	0
-5.81871	-0.299118	-0.324913	-5.81871	-0.299118	0
-4.76277	-0.29984	-0.341359	-4.76277	-0.29984	0
-3.71357	-0.282602	-0.328775	-3.71357	-0.282602	0
-2.72657	-0.249963	-0.286859	-2.72657	-0.249963	0
-1.73353	-0.330785	-0.335013	-1.73353	-0.330785	0
-0.65855	0.665985	-0.337492	-0.65855	0.665985	0
0.371024	0.672424	-0.305996	0.371024	0.672424	0
1.43528	0.678316	-0.307857	1.43528	0.678316	0
2.41956	0.705043	-0.341862	2.41956	0.705043	0
3.40576	0.706248	-0.30907	3.40576	0.706248	0
4.48404	0.735205	-0.30238	4.48404	0.735205	0
5.49634	0.754016	-0.301754	5.49634	0.754016	0
6.51661	0.69111	-0.294551	6.51661	0.69111	0
7.60346	0.69563	-0.319326	7.60346	0.69563	0
8.64923	0.743171	-0.29637	8.64923	0.743171	0
9.68962	0.748097	-0.322848	9.68962	0.748097	0
10.706	0.777591	-0.322167	10.706	0.777591	0
11.7922	0.739722	-0.315	11.7922	0.739722	0
-11.008	0.676542	-0.340561	-11.008	0.676542	0
-9.91049	0.750346	-0.330311	-9.91049	0.750346	0
-8.89838	0.706403	-0.300625	-8.89838	0.706403	0
-7.89931	0.72387	-0.323386	-7.89931	0.72387	0
-6.87587	0.702228	-0.315991	-6.87587	0.702228	0
-5.82096	0.725125	-0.332105	-5.82096	0.725125	0
-4.82993	0.745616	-0.288957	-4.82993	0.745616	0
-3.82788	0.772243	-0.31115	-3.82788	0.772243	0
-2.71066	0.734753	-0.314458	-2.71066	0.734753	0
-1.64508	0.713726	-0.332011	-1.64508	0.713726	0
-0.675163	1.73815	-0.299928	-0.675163	1.73815	0
0.356452	1.72331	-0.330811	0.356452	1.72331	0
1.37664	1.75389	-0.348346	1.37664	1.75389	0
2.47893	1.74192	-0.299158	2.47893	1.74192	0
3.50533	1.76572	-0.346236	3.50533	1.76572	0
4.54579	1.80073	-0.314985	4.54579	1.80073	0
5.55259	1.79511	-0.331931	5.55259	1.79511	0
6.59033	1.70827	-0.327356	6.59033	1.70827	0
7.66157	1.78905	-0.316481	7.66157	1.78905	0
8.68267	1.8489	-0.345545	8.68267	1.8489	0
9.66398	1.80915	-0.318891	9.66398	1.80915	0
10.7065	1.77623	-0.303357	10.7065	1.77623	0
11.7428	1.73425	-0.28141	11.7428	1.73425	0
-10.9841	1.74115	-0.312763	-10.9841	1.74115	0
-9.90093	1.76927	-0.328957	-9.90093	1.76927	0
-8.88057	1.73468	-0.282055	-8.88057	1.73468	0
-7.89459	1.76081	-0.34873	-7.89459	1.76081	0
-6.84294	1.74146	-0.302647	-6.84294	1.74146	0
-5.78183	1.75996	-0.306265	-5.78183	1.75996	0
-4.76759	1.82363	-0.309344	-4.76759	1.82363	0
-3.82348	1.80386	-0.285547	-3.82348	1.80386	0
-2.77127	1.77493	-0.309189	-2.77127	1.77493	0
-1.75711	1.75194	-0.320843	-1.75711	1.75194	0
-0.688621	2.74755	-0.321173	-0.688621	2.74755	0
0.392552	2.79918	-0.314321	0.392552	2.79918	0
1.37412	2.75095	-0.284921	1.37412	2.75095	0
2.41431	2.76497	-0.334725	2.41431	2.76497	0
3.52046	2.8372	-0.298506	3.52046	2.8372	0
4.51282	2.79338	-0.309854	4.51282	2.79338	0
5.60006	2.81546	-0.319177	5.60006	2.81546	0
6.61476	2.80351	-0.314718	6.61476	2.80351	0
7.61816	2.79733	-0.313501	7.61816	2.79733	0
8.60709	2.82413	-0.339132	8.60709	2.82413	0
9.68267	2.7596	-0.314243	9.68267	2.7596	0
10.7299	2.81432	-0.334273	10.7299	2.81432	0
11.7396	2.84259	-0.29688	11.7396	2.84259	0
-10.9717	2.77965	-0.302356	-10.9717	2.77965	0
-9.92507	2.73157	-0.330255	-9.92507	2.73157	0
-8.89642	2.80872	-0.33443	-8.89642	2.80872	0
-7.88602	2.78543	-0.290303	-7.88602	2.78543	0
-6.89531	2.77723	-0.306946	-6.89531	2.77723	0
-5.84521	2.79549	-0.320647	-5.84521	2.79549	0
-4.78165	2.80409	-0.308797	-4.78165	2.80409	0
-3.73819	2.84932	-0.298046	-3.73819	2.84932	0
-2.6625	2.8693	-0.31582	-2.6625	2.8693	0
-1.64893	2.77693	-0.324047	-1.64893	2.77693	0
-0.629787	3.7437	-0.283025	-0.629787	3.7437	0
0.369031	3.81804	-0.306595	0.369031	3.81804	0
1.35476	3.8463	-0.318234	1.35476	3.8463	0
2.38879	3.88223	-0.332998	2.38879	3.88223	0
3.47991	3.84707	-0.325134	3.47991	3.84707	0
4.52419	3.85427	-0.338416	4.52419	3.85427	0
5.56288	3.82184	-0.305586	5.56288	3.82184	0
6.5534	3.84906	-0.30319	6.5534	3.84906	0
7.61228	3.85714	-0.328987	7.61228	3.85714	0
8.61132	3.78941	-0.311189	8.61132	3.78941	0
9.69639	3.81844	-0.327751	9.69639	3.81844	0
10.7308	3.82783	-0.304306	10.7308	3.82783	0
11.784	3.86325	-0.311165	11.784	3.86325	0
-10.9899	3.76183	-0.301326	-10.9899	3.76183	0
-10.0039	3.76396	-0.305257	-10.0039	3.76396	0
-8.99268	3.78819	-0.317685	-8.99268	3.78819	0
-7.9511	3.83353	-0.331876	-7.9511	3.83353	0
-6.86751	3.81153	-0.31432	-6.86751	3.81153	0
-5.92528	3.8365	-0.327581	-5.92528	3.8365	0
-4.81013	3.83374	-0.30613	-4.81013	3.83374	0
-3.72766	3.87692	-0.307059	-3.72766	3.87692	0
-2.72226	3.89876	-0.322978	-2.72226	3.89876	0
-1.65877	3.78882	-0.292906	-1.65877	3.78882	0
-0.682088	4.76964	-0.322908	-0.682088	4.76964	0
0.363513	4.85606	-0.294833	0.363513	4.85606	0
1.42133	4.84473	-0.317562	1.42133	4.84473	0
2.42241	4.82208	-0.31486	2.42241	4.82208	0
3.46126	4.91437	-0.334869	3.46126	4.91437	0
4.50448	4.89361	-0.29376	4.50448	4.89361	0
5.54828	4.88744	-0.313823	5.54828	4.88744	0
6.55643	4.90078	-0.282809	6.55643	4.90078	0
7.63903	4.88859	-0.318089	7.63903	4.88859	0
8.70803	4.81252	-0.310652	8.70803	4.81252	0
9.71027	4.82007	-0.277092	9.71027	4.82007	0
10.7463	4.8348	-0.34911	10.7463	4.8348	0
11.757	4.86915	-0.307104	11.757	4.86915	0
-11.0389	4.82521	-0.304422	-11.0389	4.82521	0
-9.99798	4.85275	-0.317317	-9.99798	4.85275	0
-8.96239	4.87449	-0.314445	-8.96239	4.87449	0
-7.92985	4.83201	-0.323308	-7.92985	4.83201	0
-6.87679	4.83181	-0.318039	-6.87679	4.83181	0
-5.86406	4.84738	-0.318607	-5.86406	4.84738	0
-4.78199	4.83133	-0.330593	-4.78199	4.83133	0
-3.75327	4.84369	-0.313355	-3.75327	4.84369	0
-2.73895	4.8826	-0.334599	-2.73895	4.8826	0
-1.76007	4.86533	-0.340218	-1.76007	4.86533	0
-0.661277	5.85919	-0.322349	-0.661277	5.85919	0
0.371681	5.86551	-0.339338	0.371681	5.86551	0
1.40754	5.87827	-0.319238	1.40754	5.87827	0
2.42214	5.83176	-0.326465	2.42214	5.83176	0
3.44197	5.88384	-0.310431	3.44197	5.88384	0
4.46539	5.89143	-0.315995	4.46539	5.89143	0
5.54694	5.98175	-0.315208	5.54694	5.98175	0
6.58587	5.93362	-0.297554	6.58587	5.93362	0
7.65733	5.89223	-0.325707	7.65733	5.89223	0
8.66706	5.83808	-0.312709	8.66706	5.83808	0
9.70854	5.78621	-0.329474	9.70854	5.78621	0
10.7089	5.89712	-0.310916	10.7089	5.89712	0
11.7648	5.84484	-0.310581	11.7648	5.84484	0
-11	5.88863	-0.335072	-11	5.88863	0
-10.0148	5.87842	-0.320553	-10.0148	5.87842	0
-8.95676	5.9287	-0.33376	-8.95676	5.9287	0
-7.91915	5.90332	-0.301359	-7.91915	5.90332	0
-6.93958	5.86783	-0.316131	-6.93958	5.86783	0
-5.82937	5.87751	-0.337608	-5.82937	5.87751	0
-4.78432	5.8029	-0.349013	-4.78432	5.8029	0
-3.77579	5.88017	-0.312684	-3.77579	5.88017	0
-2.70601	5.89311	-0.338626	-2.70601	5.89311	0
-1.64956	5.85775	-0.296561	-1.64956	5.85775	0
-0.638829	6.96186	-0.322215	-0.638829	6.96186	0
0.385784	6.86706	-0.320202	0.385784	6.86706	0
1.4195	6.90694	-0.326165	1.4195	6.90694	0
2.4876	6.89351	-0.299032	2.4876	6.89351	0
3.49209	6.87653	-0.334032	3.49209	6.87653	0
4.52539	6.96019	-0.318757	4.52539	6.96019	0
5.51932	6.94941	-0.306476	5.51932	6.94941	0
6.62059	6.93487	-0.333559	6.62059	6.93487	0
7.60647	6.88687	-0.310685	7.60647	6.88687	0
8.63105	6.90429	-0.319254	8.63105	6.90429	0
9.66446	6.81075	-0.339962	9.66446	6.81075	0
10.7005	6.89532	-0.312905	10.7005	6.89532	0
11.7605	6.87033	-0.302357	11.7605	6.87033	0
-11.0015	6.87205	-0.313125	-11.0015	6.87205	0
-9.92017	6.89156	-0.292224	-9.92017	6.89156	0
-8.92671	6.96033	-0.309493	-8.92671	6.96033	0
-7.86478	6.9196	-0.316365	-7.86478	6.9196	0
-6.79414	6.8664	-0.322907	-6.79414	6.8664	0
-5.83058	6.87706	-0.311347	-5.83058	6.87706	0
-4.79451	6.89544	-0.33424	-4.79451	6.89544	0
-3.75491	6.97305	-0.307325	-3.75491	6.97305	0
-2.69404	6.9275	-0.301226	-2.69404	6.9275	0
-1.67766	6.9097	-0.298624	-1.67766	6.9097	0
-0.589154	7.97249	-0.323456	-0.589154	7.97249	0
0.409214	7.92989	-0.291681	0.409214	7.92989	0
1.38687	7.95429	-0.337144	1.38687	7.95429	0
2.45053	7.93477	-0.326109	2.45053	7.93477	0
3.4309	7.93102	-0.334123	3.4309	7.93102	0
4.51843	7.95612	-0.317541	4.51843	7.95612	0
5.53642	7.96193	-0.303463	5.53642	7.96193	0
6.59639	8.03083	-0.332774	6.59639	8.03083	0
7.60947	7.98211	-0.278401	7.60947	7.98211	0
8.67826	7.94883	-0.319555	8.67826	7.94883	0
9.64697	7.87361	-0.330756	9.64697	7.87361	0
10.6938	7.92414	-0.309968	10.6938	7.92414	0
11.7827	7.8945	-0.317054	11.7827	7.8945	0
-10.9617	7.92189	-0.317153	-10.9617	7.92189	0
-9.95108	7.94788	-0.305761	-9.95108	7.94788	0
-8.964	8.01348	-0.294499	-8.964	8.01348	0
-7.90198	7.98409	-0.33599	-7.90198	7.98409	0
-6.82145	7.95557	-0.329163	-6.82145	7.95557	0
-5.77399	7.91064	-0.321859	-5.77399	7.91064	0
-4.75785	7.86741	-0.332555	-4.75785	7.86741	0
-3.70162	7.95409	-0.314028	-3.70162	7.95409	0
-2.69678	7.91993	-0.320534	-2.69678	7.91993	0
-1.59822	7.95591	-0.306454	-1.59822	7.95591	0
-0.665361	9.01076	-0.307264	-0.665361	9.01076	0
0.37912	8.9966	-0.323055	0.37912	8.9966	0
1.36233	8.94232	-0.30256	1.36233	8.94232	0
2.42049	8.9848	-0.326068	2.42049	8.9848	0
3.52275	8.96358	-0.286844	3.52275	8.96358	0
4.50939	8.96943	-0.328159	4.50939	8.96943	0
5.57046	8.95459	-0.302198	5.57046	8.95459	0
6.60164	9.05301	-0.32775	6.60164	9.05301	0
7.61902	9.05412	-0.329671	7.61902	9.05412	0
8.66692	9.01644	-0.325947	8.66692	9.01644	0
9.70065	8.92292	-0.324003	9.70065	8.92292	0
10.7182	8.98286	-0.314363	10.7182	8.98286	0
11.7308	8.93559	-0.321665	11.7308	8.93559	0
-10.9979	8.97189	-0.328743	-10.9979	8.97189	0
-9.97175	8.98633	-0.33848	-9.97175	8.98633	0
-8.92453	9.02703	-0.324587	-8.92453	9.02703	0
-7.8742	8.98289	-0.319418	-7.8742	8.98289	0
-6.84495	8.9404	-0.312217	-6.84495	8.9404	0
-5.81442	8.93908	-0.304859	-5.81442	8.93908	0
-4.72594	8.9617	-0.337472	-4.72594	8.9617	0
-3.68081	8.99003	-0.323849	-3.68081	8.99003	0
-2.67724	8.99413	-0.311718	-2.67724	8.99413	0
-1.68058	9.02392	-0.29284	-1.68058	9.02392	0
-0.662105	10.0476	-0.317346	-0.662105	10.0476	0
0.337941	10.0962	-0.329364	0.337941	10.0962	0
1.3767	9.94027	-0.341472	1.3767	9.94027	0
2.39356	9.97169	-0.302471	2.39356	9.97169	0
3.48346	10.018	-0.334474	3.48346	10.018	0
4.55204	9.96846	-0.322152	4.55204	9.96846	0
5.55381	10.0235	-0.346089	5.55381	10.0235	0
6.55547	10.0943	-0.332804	6.55547	10.0943	0
7.61164	10.0709	-0.32368	7.61164	10.0709	0
8.65859	10.0413	-0.299239	8.65859	10.0413	0
9.69896	10.0522	-0.322596	9.69896	10.0522	0
10.709	10.0159	-0.316409	10.709	10.0159	0
11.7685	9.96149	-0.334152	11.7685	9.96149	0
-11.0067	9.98806	-0.303476	-11.0067	9.98806	0
-9.90136	10.0115	-0.319763	-9.90136	10.0115	0
-8.88211	10.0339	-0.321122	-8.88211	10.0339	0
-7.82593	10.0337	-0.328814	-7.82593	10.0337	0
-6.82008	10.009	-0.329824	-6.82008	10.009	0
-5.7527	10.0171	-0.329737	-5.7527	10.0171	0
-4.72559	10.0107	-0.337115	-4.72559	10.0107	0
-3.69023	10.063	-0.355464	-3.69023	10.063	0
-2.65209	10.0205	-0.293424	-2.65209	10.0205	0
-1.6887	10.0187	-0.330435	-1.6887	10.0187	0
-0.612874	11.121	-0.311557	-0.612874	11.121	0
0.355613	11.0814	-0.291007	0.355613	11.0814	0
1.37497	11.0262	-0.330615	1.37497	11.0262	0
2.38883	10.9807	-0.338872	2.38883	10.9807	0
3.42954	11.0133	-0.318945	3.42954	11.0133	0
4.53008	11.0193	-0.337814	4.53008	11.0193	0
5.61078	11.0458	-0.310375	5.61078	11.0458	0
6.62527	11.06	-0.323497	6.62527	11.06	0
7.64418	11.0738	-0.313566	7.64418	11.0738	0
8.6996	11.065	-0.32153	8.6996	11.065	0
9.68496	11.107	-0.304588	9.68496	11.107	0
10.7553	11.0226	-0.275692	10.7553	11.0226	0
11.7352	11.103	-0.314099	11.7352	11.103	0
-10.9901	11.0194	-0.343427	-10.9901	11.0194	0
-9.94776	11.0181	-0.323395	-9.94776	11.0181	0
-8.89633	11.0341	-0.328518	-8.89633	11.0341	0
-7.89908	11.0874	-0.337412	-7.89908	11.0874	0
-6.88712	11.082	-0.35488	-6.88712	11.082	0
-5.80565	11.0606	-0.326334	-5.80565	11.0606	0
-4.81562	11.0228	-0.295498	-4.81562	11.0228	0
-3.79921	11.1069	-0.325722	-3.79921	11.1069	0
-2.78042	10.9939	-0.304209	-2.78042	10.9939	0
-1.71362	11.0561	-0.344626	-1.71362	11.0561	0
-0.675946	-11.6635	-0.33188	-0.675946	-11.6635	0
0.350345	-11.7047	-0.324293	0.350345	-11.7047	0
1.36529	-11.6625	-0.303624	1.36529	-11.6625	0
2.40185	-11.6719	-0.302871	2.40185	-11.6719	0
3.52769	-11.7702	-0.313285	3.52769	-11.7702	0
4.57903	-11.6835	-0.326614	4.57903	-11.6835	0
5.55732	-11.7038	-0.334069	5.55732	-11.7038	0
6.60152	-11.7095	-0.325455	6.60152	-11.7095	0
7.67936	-11.6487	-0.334209	7.67936	-11.6487	0
8.62185	-11.6986	-0.298172	8.62185	-11.6986	0
9.67947	-11.6879	-0.29902	9.67947	-11.6879	0
10.7316	-11.7038	-0.304246	10.7316	-11.7038	0
11.7171	-11.652	-0.309133	11.7171	-11.652	0
-11.0218	-11.6743	-0.304532	-11.0218	-11.6743	0
-9.92033	-11.7119	-0.308034	-9.92033	-11.7119	0
-8.89375	-11.6893	-0.331503	-8.89375	-11.6893	0
-7.91336	-11.7016	-0.289963	-7.91336	-11.7016	0
-6.82279	-11.6736	-0.297992	-6.82279	-11.6736	0
-5.84139	-11.6611	-0.309582	-5.84139	-11.6611	0
-4.86702	-11.6272	-0.307731	-4.86702	-11.6272	0
-3.80846	-11.6761	-0.330118	-3.80846	-11.6761	0
-2.74232	-11.7501	-0.345606	-2.74232	-11.7501	0
-1.68808	-11.7354	-0.320045	-1.68808	-11.7354	0
-0.682286	-10.6644	-0.300335	-0.682286	-10.6644	0
0.381286	-10.6607	-0.307505	0.381286	-10.6607	0
1.41196	-10.6852	-0.308784	1.41196	-10.6852	0
2.4065	-10.6835	-0.317853	2.4065	-10.6835	0
3.45761	-10.7372	-0.325945	3.45761	-10.7372	0
4.51943	-10.6923	-0.304829	4.51943	-10.6923	0
5.51385	-10.6537	-0.322626	5.51385	-10.6537	0
6.58331	-10.6883	-0.287544	6.58331	-10.6883	0
7.58538	-10.638	-0.319337	7.58538	-10.638	0
8.65112	-10.6464	-0.324774	8.65112	-10.6464	0
9.66385	-10.627	-0.316278	9.66385	-10.627	0
10.7118	-10.6393	-0.331831	10.7118	-10.6393	0
11.8185	-10.6056	-0.345426	11.8185	-10.6056	0
-10.9319	-10.6596	-0.320277	-10.9319	-10.6596	0
-9.97096	-10.6737	-0.319226	-9.97096	-10.6737	0
-8.9979	-10.6213	-0.315521	-8.9979	-10.6213	0
-7.92698	-10.656	-0.337572	-7.92698	-10.656	0
-6.84639	-10.6254	-0.336793	-6.84639	-10.6254	0
-5.80928	-10.6641	-0.314689	-5.80928	-10.6641	0
-4.77609	-10.5828	-0.329258	-4.77609	-10.5828	0
-3.77249	-10.635	-0.310231	-3.77249	-10.635	0
-2.71509	-10.7393	-0.323679	-2.71509	-10.7393	0
-1.6777	-10.6921	-0.321159	-1.6777	-10.6921	0
-0.678739	-9.63662	-0.30605	-0.678739	-9.63662	0
0.323812	-9.61711	-0.323246	0.323812	-9.61711	0
1.38838	-9.61804	-0.291497	1.38838	-9.61804	0
2.45584	-9.67974	-0.301281	2.45584	-9.67974	0
3.48871	-9.64183	-0.324925	3.48871	-9.64183	0
4.52942	-9.62986	-0.328458	4.52942	-9.62986	0
5.56112	-9.65845	-0.318046	5.56112	-9.65845	0
6.56668	-9.65064	-0.32287	6.56668	-9.65064	0
7.60906	-9.63621	-0.298563	7.60906	-9.63621	0
8.6535	-9.58909	-0.302216	8.6535	-9.58909	0
9.65678	-9.6035	-0.322269	9.65678	-9.6035	0
10.6668	-9.62942	-0.313251	10.6668	-9.62942	0
11.6912	-9.65855	-0.30667	11.6912	-9.65855	0
-11.0348	-9.62803	-0.322246	-11.0348	-9.62803	0
-9.99231	-9.65935	-0.325678	-9.99231	-9.65935	0
-8.98394	-9.60832	-0.320264	-8.98394	-9.60832	0
-7.9012	-9.62265	-0.33597	-7.9012	-9.62265	0
-6.8507	-9.62676	-0.320888	-6.8507	-9.62676	0
-5.78873	-9.64175	-0.313319	-5.78873	-9.64175	0
-4.7443	-9.60753	-0.328692	-4.7443	-9.60753	0
-3.74909	-9.60307	-0.311828	-3.74909	-9.60307	0
-2.74643	-9.67741	-0.323637	-2.74643	-9.67741	0
-1.71913	-9.663	-0.295579	-1.71913	-9.663	0
-0.721215	-8.61694	-0.314767	-0.721215	-8.61694	0
0.363302	-8.5836	-0.30962	0.363302	-8.5836	0
1.36969	-8.56067	-0.32348	1.36969	-8.56067	0
2.46808	-8.67082	-0.3268	2.46808	-8.67082	0
3.48712	-8.63434	-0.327821	3.48712	-8.63434	0
4.50167	-8.63228	-0.322292	4.50167	-8.63228	0
5.55021	-8.64008	-0.31426	5.55021	-8.64008	0
6.56766	-8.58067	-0.309297	6.56766	-8.58067	0
7.57235	-8.64162	-0.337333	7.57235	-8.64162	0
8.61046	-8.5898	-0.304722	8.61046	-8.5898	0
9.61754	-8.5709	-0.343874	9.61754	-8.5709	0
10.6737	-8.57933	-0.318047	10.6737	-8.57933	0
11.6875	-8.56508	-0.312493	11.6875	-8.56508	0
-11.0193	-8.64552	-0.296998	-11.0193	-8.64552	0
-10.0024	-8.57178	-0.338806	-10.0024	-8.57178	0
-8.9631	-8.60306	-0.327639	-8.9631	-8.60306	0
-7.95554	-8.58628	-0.317068	-7.95554	-8.58628	0
-6.95777	-8.58996	-0.288457	-6.95777	-8.58996	0
-5.87356	-8.63673	-0.300477	-5.87356	-8.63673	0
-4.845	-8.64124	-0.299074	-4.845	-8.64124	0
-3.74633	-8.6132	-0.329852	-3.74633	-8.6132	0
-2.67902	-8.65269	-0.324255	-2.67902	-8.65269	0
-1.74425	-8.58362	-0.300531	-1.74425	-8.58362	0
-0.685625	-7.52574	-0.351283	-0.685625	-7.52574	0
0.339011	-7.6159	-0.336838	0.339011	-7.6159	0
1.34796	-7.60195	-0.345421	1.34796	-7.60195	0
2.41774	-7.64871	-0.300956	2.41774	-7.64871	0
3.44995	-7.57285	-0.310827	3.44995	-7.57285	0
4.50366	-7.57949	-0.299777	4.50366	-7.57949	0
5.54078	-7.5705	-0.285911	5.54078	-7.5705	0
6.59495	-7.57153	-0.322516	6.59495	-7.57153	0
7.68578	-7.5996	-0.30427	7.68578	-7.5996	0
8.64531	-7.53102	-0.283901	8.64531	-7.53102	0
9.66475	-7.57523	-0.309824	9.66475	-7.57523	0
10.67	-7.5297	-0.312249	10.67	-7.5297	0
11.7161	-7.58344	-0.328708	11.7161	-7.58344	0
-11.0572	-7.54784	-0.318234	-11.0572	-7.54784	0
-9.9745	-7.50845	-0.299892	-9.9745	-7.50845	0
-8.97487	-7.54361	-0.331346	-8.97487	-7.54361	0
-7.89347	-7.5385	-0.335667	-7.89347	-7.5385	0
-6.86899	-7.55842	-0.319301	-6.86899	-7.55842	0
-5.90422	-7.57019	-0.31959	-5.90422	-7.57019	0
-4.7732	-7.54781	-0.345096	-4.7732	-7.54781	0
-3.71797	-7.61038	-0.319091	-3.71797	-7.61038	0
-2.67725	-7.53181	-0.339601	-2.67725	-7.53181	0
-1.68962	-7.51517	-0.325544	-1.68962	-7.51517	0
-0.678528	-6.49287	-0.302752	-0.678528	-6.49287	0
0.440851	-6.51921	-0.326723	0.440851	-6.51921	0
1.40852	-6.56004	-0.305196	1.40852	-6.56004	0
2.37706	-6.56778	-0.322626	2.37706	-6.56778	0
3.44634	-6.54666	-0.313253	3.44634	-6.54666	0
4.50861	-6.54774	-0.292467	4.50861	-6.54774	0
5.52626	-6.56449	-0.325669	5.52626	-6.56449	0
6.55446	-6.51389	-0.32198	6.55446	-6.51389	0
7.55229	-6.53123	-0.309478	7.55229	-6.53123	0
8.59296	-6.52681	-0.333901	8.59296	-6.52681	0
9.6388	-6.50226	-0.311696	9.6388	-6.50226	0
10.6636	-6.49489	-0.339063	10.6636	-6.49489	0
11.7451	-6.47147	-0.336044	11.7451	-6.47147	0
-10.9662	-6.51548	-0.31783	-10.9662	-6.51548	0
-9.97245	-6.48507	-0.315354	-9.97245	-6.48507	0
-8.94895	-6.52805	-0.30227	-8.94895	-6.52805	0
-7.85702	-6.52695	-0.348134	-7.85702	-6.52695	0
-6.78897	-6.50352	-0.313199	-6.78897	-6.50352	0
-5.79682	-6.51971	-0.303019	-5.79682	-6.51971	0
-4.80452	-6.51268	-0.321074	-4.80452	-6.51268	0
-3.74643	-6.55269	-0.324954	-3.74643	-6.55269	0
-2.69361	-6.52622	-0.323251	-2.69361	-6.52622	0
-1.67411	-6.5119	-0.290082	-1.67411	-6.5119	0
-0.669158	-5.50267	-0.29783	-0.669158	-5.50267	0
0.355022	-5.51987	-0.305599	0.355022	-5.51987	0
1.39856	-5.481	-0.327637	1.39856	-5.481	0
2.41404	-5.50765	-0.298907	2.41404	-5.50765	0
3.45837	-5.45136	-0.339486	3.45837	-5.45136	0
4.54679	-5.56629	-0.309256	4.54679	-5.56629	0
5.52713	-5.50529	-0.32579	5.52713	-5.50529	0
6.48778	-5.48344	-0.316701	6.48778	-5.48344	0
7.60908	-5.48307	-0.329186	7.60908	-5.48307	0
8.62358	-5.47092	-0.291026	8.62358	-5.47092	0
9.69346	-5.51997	-0.322833	9.69346	-5.51997	0
10.7045	-5.50262	-0.329838	10.7045	-5.50262	0
11.7302	-5.46173	-0.296586	11.7302	-5.46173	0
-11.0106	-5.48618	-0.31934	-11.0106	-5.48618	0
-9.93364	-5.47586	-0.300625	-9.93364	-5.47586	0
-8.94855	-5.48322	-0.296282	-8.94855	-5.48322	0
-7.86118	-5.44221	-0.314208	-7.86118	-5.44221	0
-6.79622	-5.49193	-0.331305	-6.79622	-5.49193	0
-5.78677	-5.46092	-0.304098	-5.78677	-5.46092	0
-4.818	-5.45206	-0.346607	-4.818	-5.45206	0
-3.77523	-5.39938	-0.332208	-3.77523	-5.39938	0
-2.68799	-5.49311	-0.325939	-2.68799	-5.49311	0
-1.67027	-5.4858	-0.316619	-1.67027	-5.4858	0
-0.601537	-4.51932	-0.333441	-0.601537	-4.51932	0
0.378552	-4.49434	-0.298563	0.378552	-4.49434	0
1.44562	-4.46124	-0.358723	1.44562	-4.46124	0
2.43471	-4.4732	-0.325527	2.43471	-4.4732	0
3.47097	-4.47157	-0.342483	3.47097	-4.47157	0
4.44282	-4.47871	-0.303487	4.44282	-4.47871	0
5.50176	-4.44746	-0.326349	5.50176	-4.44746	0
6.5618	-4.44136	-0.338536	6.5618	-4.44136	0
7.61815	-4.43836	-0.286336	7.61815	-4.43836	0
8.63112	-4.49607	-0.321512	8.63112	-4.49607	0
9.68156	-4.47777	-0.320679	9.68156	-4.47777	0
10.7239	-4.43642	-0.323006	10.7239	-4.43642	0
11.7808	-4.43156	-0.345991	11.7808	-4.43156	0
-11.03	-4.38986	-0.325498	-11.03	-4.38986	0
-9.97759	-4.46892	-0.309726	-9.97759	-4.46892	0
-8.92051	-4.45591	-0.322152	-8.92051	-4.45591	0
-7.91325	-4.42335	-0.334609	-7.91325	-4.42335	0
-6.88514	-4.44577	-0.303287	-6.88514	-4.44577	0
-5.89311	-4.42368	-0.318317	-5.89311	-4.42368	0
-4.8324	-4.43728	-0.305408	-4.8324	-4.43728	0
-3.74225	-4.42309	-0.309177	-3.74225	-4.42309	0
-2.72748	-4.46623	-0.315948	-2.72748	-4.46623	0
-1.66189	-4.42446	-0.32952	-1.66189	-4.42446	0
-0.618203	-3.39828	-0.339104	-0.618203	-3.39828	0
0.405856	-3.45717	-0.32962	0.405856	-3.45717	0
1.42297	-3.44079	-0.303422	1.42297	-3.44079	0
2.43093	-3.41948	-0.337605	2.43093	-3.41948	0
3.47716	-3.41014	-0.322478	3.47716	-3.41014	0
4.5425	-3.38924	-0.318603	4.5425	-3.38924	0
5.50986	-3.43599	-0.311422	5.50986	-3.43599	0
6.54868	-3.41489	-0.310451	6.54868	-3.41489	0
7.63822	-3.40568	-0.301994	7.63822	-3.40568	0
8.64567	-3.42477	-0.340905	8.64567	-3.42477	0
9.68052	-3.48377	-0.325464	9.68052	-3.48377	0
10.7573	-3.44208	-0.309937	10.7573	-3.44208	0
11.81	-3.40335	-0.316974	11.81	-3.40335	0
-11.0047	-3.40547	-0.323668	-11.0047	-3.40547	0
-9.95883	-3.44502	-0.342147	-9.95883	-3.44502	0
-8.93736	-3.42912	-0.318479	-8.93736	-3.42912	0
-7.87045	-3.40411	-0.323167	-7.87045	-3.40411	0
-6.91488	-3.43064	-0.34272	-6.91488	-3.43064	0
-5.8652	-3.4132	-0.341656	-5.8652	-3.4132	0
-4.85116	-3.42929	-0.334753	-4.85116	-3.42929	0
-3.81877	-3.43711	-0.289355	-3.81877	-3.43711	0
-2.67433	-3.44785	-0.310262	-2.67433	-3.44785	0
-1.63664	-3.46985	-0.292484	-1.63664	-3.46985	0
-0.632105	-2.36875	-0.314808	-0.632105	-2.36875	0
0.417578	-2.42016	-0.324119	0.417578	-2.42016	0
1.43188	-2.45171	-0.333111	1.43188	-2.45171	0
2.48058	-2.42298	-0.333146	2.48058	-2.42298	0
3.56716	-2.40385	-0.315272	3.56716	-2.40385	0
4.5227	-2.42787	-0.265888	4.5227	-2.42787	0
5.59658	-2.35306	-0.322043	5.59658	-2.35306	0
6.56966	-2.3687	-0.310424	6.56966	-2.3687	0
7.62407	-2.34151	-0.341271	7.62407	-2.34151	0
8.67837	-2.38465	-0.319661	8.67837	-2.38465	0
9.73747	-2.43437	-0.304637	9.73747	-2.43437	0
10.7618	-2.40281	-0.294541	10.7618	-2.40281	0
11.7784	-2.3837	-0.30345	11.7784	-2.3837	0
-11.0064	-2.37104	-0.30094	-11.0064	-2.37104	0
-9.96145	-2.35322	-0.359788	-9.96145	-2.35322	0
-8.90371	-2.38056	-0.332907	-8.90371	-2.38056	0
-7.88197	-2.38424	-0.324336	-7.88197	-2.38424	0
-6.85408	-2.42874	-0.311093	-6.85408	-2.42874	0
-5.79958	-2.40619	-0.318572	-5.79958	-2.40619	0
-4.81842	-2.40968	-0.29391	-4.81842	-2.40968	0
-3.75278	-2.43894	-0.343046	-3.75278	-2.43894	0
-2.72844	-2.37477	-0.298494	-2.72844	-2.37477	0
-1.72413	-2.3709	-0.294883	-1.72413	-2.3709	0
-0.617378	-1.39165	-0.303503	-0.617378	-1.39165	0
0.422251	-1.39845	-0.308975	0.422251	-1.39845	0
1.4327	-1.40171	-0.321416	1.4327	-1.40171	0
2.44006	-1.39567	-0.335759	2.44006	-1.39567	0
3.51328	-1.37924	-0.325479	3.51328	-1.37924	0
4.51112	-1.36353	-0.320991	4.51112	-1.36353	0
5.54737	-1.33982	-0.356553	5.54737	-1.33982	0
6.53471	-1.3527	-0.321669	6.53471	-1.3527	0
7.57954	-1.3491	-0.318434	7.57954	-1.3491	0
8.62742	-1.36044	-0.329183	8.62742	-1.36044	0
9.69062	-1.38116	-0.307617	9.69062	-1.38116	0
10.6764	-1.38685	-0.316546	10.6764	-1.38685	0
11.7423	-1.32262	-0.305917	11.7423	-1.32262	0
-10.9763	-1.36143	-0.299476	-10.9763	-1.36143	0
-9.89495	-1.35078	-0.290345	-9.89495	-1.35078	0
-8.93795	-1.35566	-0.29781	-8.93795	-1.35566	0
-7.84753	-1.36435	-0.323149	-7.84753	-1.36435	0
-6.76213	-1.39017	-0.307436	-6.76213	-1.39017	0
-5.7827	-1.3676	-0.31088	-5.7827	-1.3676	0
-4.7926	-1.35495	-0.339033	-4.7926	-1.35495	0
-3.76262	-1.32867	-0.307169	-3.76262	-1.32867	0
-2.71364	-1.30192	-0.337595	-2.71364	-1.30192	0
-1.63009	-1.33097	-0.323459	-1.63009	-1.33097	0
-0.103804	0.199407	0.341826	-0.103804	0.199407	0
0.93548	0.195508	0.318098	0.93548	0.195508	0
1.92565	0.221096	0.341346	1.92565	0.221096	0
2.93938	0.193494	0.33399	2.93938	0.193494	0
3.97255	0.238258	0.336862	3.97255	0.238258	0
4.9397	0.230665	0.309396	4.9397	0.230665	0
5.97667	0.167305	0.29432	5.97667	0.167305	0
7.08189	0.189267	0.301916	7.08189	0.189267	0
8.07544	0.167655	0.302078	8.07544	0.167655	0
9.19515	0.232561	0.342543	9.19515	0.232561	0
10.2423	0.224397	0.318702	10.2423	0.224397	0
11.2772	0.205563	0.310477	11.2772	0.205563	0
-11.4415	0.211165	0.31473	-11.4415	0.211165	0
-10.4505	0.242886	0.317051	-10.4505	0.242886	0
-9.43625	0.20644	0.317776	-9.43625	0.20644	0
-8.40026	0.166689	0.334371	-8.40026	0.166689	0
-7.44169	0.174689	0.32826	-7.44169	0.174689	0
-6.34932	0.185143	0.338761	-6.34932	0.185143	0
-5.36105	0.222203	0.314891	-5.36105	0.222203	0
-4.32197	0.22158	0.3216	-4.32197	0.22158	0
-3.2832	0.297006	0.322245	-3.2832	0.297006	0
-2.2015	0.263815	0.335479	-2.2015	0.263815	0
-1.17734	0.192642	0.289398	-1.17734	0.192642	0
-0.126358	1.22547	0.304514	-0.126358	1.22547	0
0.86728	1.2465	0.294353	0.86728	1.2465	0
1.88033	1.23466	0.316838	1.88033	1.23466	0
2.93569	1.2429	0.335468	2.93569	1.2429	0
4.00526	1.29821	0.30244	4.00526	1.29821	0
5.05852	1.28937	0.310931	5.05852	1.28937	0
6.07887	1.25765	0.328288	6.07887	1.25765	0
7.07837	1.20696	0.3252	7.07837	1.20696	0
8.12507	1.24991	0.284214	8.12507	1.24991	0
9.14242	1.27446	0.30939	9.14242	1.27446	0
10.168	1.27335	0.313766	10.168	1.27335	0
11.256	1.22755	0.330968	11.256	1.22755	0
-11.4846	1.2741	0.315396	-11.4846	1.2741	0
-10.4586	1.21749	0.31516	-10.4586	1.21749	0
-9.43241	1.24082	0.329694	-9.43241	1.24082	0
-8.37656	1.20073	0.308895	-8.37656	1.20073	0
-7.3487	1.21252	0.292978	-7.3487	1.21252	0
-6.32837	1.19466	0.326382	-6.32837	1.19466	0
-5.32421	1.22399	0.332824	-5.32421	1.22399	0
-4.33635	1.23522	0.324123	-4.33635	1.23522	0
-3.30806	1.2586	0.332012	-3.30806	1.2586	0
-2.15095	1.22875	0.339943	-2.15095	1.22875	0
-1.15548	1.20662	0.326182	-1.15548	1.20662	0
-0.166799	2.25257	0.314811	-0.166799	2.25257	0
0.842784	2.24678	0.298363	0.842784	2.24678	0
1.91336	2.21319	0.315818	1.91336	2.21319	0
2.96377	2.28197	0.309044	2.96377	2.28197	0
3.96125	2.30632	0.293183	3.96125	2.30632	0
5.02329	2.32298	0.30801	5.02329	2.32298	0
6.06115	2.3003	0.338272	6.06115	2.3003	0
7.13601	2.2265	0.312906	7.13601	2.2265	0
8.13062	2.28712	0.346138	8.13062	2.28712	0
9.17273	2.29047	0.325294	9.17273	2.29047	0
10.2437	2.29533	0.334484	10.2437	2.29533	0
11.2153	2.28785	0.339365	11.2153	2.28785	0
-11.479	2.28425	0.314863	-11.479	2.28425	0
-10.4544	2.24446	0.335077	-10.4544	2.24446	0
-9.38728	2.28428	0.312336	-9.38728	2.28428	0
-8.38617	2.3357	0.337177	-8.38617	2.3357	0
-7.40743	2.23085	0.326506	-7.40743	2.23085	0
-6.35774	2.24358	0.341634	-6.35774	2.24358	0
-5.33707	2.26828	0.314224	-5.33707	2.26828	0
-4.30408	2.33862	0.340365	-4.30408	2.33862	0
-3.24706	2.33354	0.326112	-3.24706	2.33354	0
-2.19722	2.24186	0.314489	-2.19722	2.24186	0
-1.17035	2.23652	0.32213	-1.17035	2.23652	0
-0.131315	3.20064	0.341245	-0.131315	3.20064	0
0.861525	3.34225	0.328291	0.861525	3.34225	0
1.89051	3.3165	0.302339	1.89051	3.3165	0
2.91965	3.30441	0.277561	2.91965	3.30441	0
4.00383	3.38415	0.304247	4.00383	3.38415	0
4.97326	3.32946	0.32865	4.97326	3.32946	0
6.00335	3.3285	0.337884	6.00335	3.3285	0
7.07669	3.32783	0.280679	7.07669	3.32783	0
8.08062	3.28309	0.322778	8.08062	3.28309	0
9.13135	3.25814	0.305369	9.13135	3.25814	0
10.2053	3.33837	0.320461	10.2053	3.33837	0
11.1891	3.32439	0.337335	11.1891	3.32439	0
-11.5486	3.30262	0.320345	-11.5486	3.30262	0
-10.4675	3.24155	0.33026	-10.4675	3.24155	0
-9.47835	3.25356	0.31373	-9.47835	3.25356	0
-8.44387	3.34429	0.311474	-8.44387	3.34429	0
-7.39979	3.29727	0.306554	-7.39979	3.29727	0
-6.32688	3.3114	0.302634	-6.32688	3.3114	0
-5.28846	3.30822	0.327368	-5.28846	3.30822	0
-4.25219	3.34033	0.307786	-4.25219	3.34033	0
-3.26549	3.36469	0.33009	-3.26549	3.36469	0
-2.20101	3.29184	0.348239	-2.20101	3.29184	0
-1.18861	3.247	0.339319	-1.18861	3.247	0
-0.176601	4.31791	0.31967	-0.176601	4.31791	0
0.888288	4.32261	0.326064	0.888288	4.32261	0
1.88024	4.3332	0.329779	1.88024	4.3332	0
2.96358	4.3135	0.29675	2.96358	4.3135	0
3.95453	4.39186	0.321598	3.95453	4.39186	0
5.03486	4.38226	0.323429	5.03486	4.38226	0
6.07451	4.36878	0.331883	6.07451	4.36878	0
7.12219	4.40324	0.31405	7.12219	4.40324	0
8.13559	4.32205	0.314809	8.13559	4.32205	0
9.16715	4.28946	0.325368	9.16715	4.28946	0
10.2307	4.33324	0.315163	10.2307	4.33324	0
11.2581	4.35781	0.297941	11.2581	4.35781	0
-11.417	4.3146	0.331179	-11.417	4.3146	0
-10.4735	4.29612	0.312092	-10.4735	4.29612	0
-9.49084	4.31633	0.32075	-9.49084	4.31633	0
-8.47641	4.38067	0.326501	-8.47641	4.38067	0
-7.4458	4.31578	0.321053	-7.4458	4.31578	0
-6.42232	4.39187	0.317858	-6.42232	4.39187	0
-5.37834	4.31417	0.307601	-5.37834	4.31417	0
-4.28265	4.3157	0.323937	-4.28265	4.3157	0
-3.23119	4.38349	0.311249	-3.23119	4.38349	0
-2.19135	4.37048	0.322477	-2.19135	4.37048	0
-1.20397	4.34931	0.330353	-1.20397	4.34931	0
-0.173329	5.34682	0.310048	-0.173329	5.34682	0
0.921972	5.36291	0.346627	0.921972	5.36291	0
1.92909	5.3256	0.30823	1.92909	5.3256	0
2.94591	5.32333	0.346634	2.94591	5.32333	0
3.98472	5.36038	0.314687	3.98472	5.36038	0
5.06779	5.42896	0.312678	5.06779	5.42896	0
6.05797	5.43341	0.312062	6.05797	5.43341	0
7.16131	5.38726	0.333875	7.16131	5.38726	0
8.17162	5.34096	0.337811	8.17162	5.34096	0
9.22227	5.37228	0.324065	9.22227	5.37228	0
10.239	5.31923	0.315257	10.239	5.31923	0
11.2412	5.38885	0.332234	11.2412	5.38885	0
-11.4928	5.36134	0.301839	-11.4928	5.36134	0
-10.5199	5.3346	0.326132	-10.5199	5.3346	0
-9.45395	5.38911	0.323662	-9.45395	5.38911	0
-8.44585	5.42964	0.319189	-8.44585	5.42964	0
-7.44856	5.34905	0.315895	-7.44856	5.34905	0
-6.39866	5.38554	0.296537	-6.39866	5.38554	0
-5.29908	5.36405	0.308862	-5.29908	5.36405	0
-4.27676	5.35505	0.333545	-4.27676	5.35505	0
-3.21624	5.36039	0.321647	-3.21624	5.36039	0
-2.23011	5.34981	0.32192	-2.23011	5.34981	0
-1.18245	5.34238	0.318386	-1.18245	5.34238	0
-0.100989	6.34347	0.351084	-0.100989	6.34347	0
0.921082	6.4021	0.352195	0.921082	6.4021	0
1.92335	6.37573	0.309975	1.92335	6.37573	0
2.93337	6.34426	0.311478	2.93337	6.34426	0
4.00504	6.37385	0.312892	4.00504	6.37385	0
5.01147	6.44374	0.291912	5.01147	6.44374	0
6.11333	6.49562	0.313414	6.11333	6.49562	0
7.16596	6.41457	0.317006	7.16596	6.41457	0
8.16807	6.39643	0.332598	8.16807	6.39643	0
9.12365	6.41001	0.330083	9.12365	6.41001	0
10.1288	6.36642	0.318195	10.1288	6.36642	0
11.2179	6.36671	0.336025	11.2179	6.36671	0
-11.5314	6.34328	0.304501	-11.5314	6.34328	0
-10.5099	6.36378	0.345002	-10.5099	6.36378	0
-9.43184	6.40964	0.288241	-9.43184	6.40964	0
-8.42733	6.42817	0.315072	-8.42733	6.42817	0
-7.33951	6.45081	0.340759	-7.33951	6.45081	0
-6.32578	6.34584	0.289401	-6.32578	6.34584	0
-5.29663	6.35986	0.299093	-5.29663	6.35986	0
-4.29048	6.40203	0.311589	-4.29048	6.40203	0
-3.27242	6.36185	0.301697	-3.27242	6.36185	0
-2.1681	6.37674	0.334176	-2.1681	6.37674	0
-1.1183	6.38005	0.326157	-1.1183	6.38005	0
-0.103812	7.36256	0.333204	-0.103812	7.36256	0
0.921775	7.42517	0.348616	0.921775	7.42517	0
1.95568	7.41266	0.305469	1.95568	7.41266	0
3.01653	7.40254	0.326467	3.01653	7.40254	0
3.99468	7.41331	0.295804	3.99468	7.41331	0
5.00112	7.44416	0.315415	5.00112	7.44416	0
6.09434	7.45184	0.315754	6.09434	7.45184	0
7.10418	7.46726	0.32825	7.10418	7.46726	0
8.15263	7.43246	0.304123	8.15263	7.43246	0
9.14846	7.38582	0.306667	9.14846	7.38582	0
10.1414	7.40422	0.308879	10.1414	7.40422	0
11.2386	7.37068	0.324456	11.2386	7.37068	0
-11.4981	7.37258	0.316354	-11.4981	7.37258	0
-10.5213	7.4053	0.328356	-10.5213	7.4053	0
-9.45679	7.44431	0.329087	-9.45679	7.44431	0
-8.42512	7.47706	0.320082	-8.42512	7.47706	0
-7.3711	7.44396	0.294385	-7.3711	7.44396	0
-6.35543	7.43743	0.311076	-6.35543	7.43743	0
-5.30398	7.42833	0.32186	-5.30398	7.42833	0
-4.2615	7.41808	0.336188	-4.2615	7.41808	0
-3.19006	7.44248	0.323479	-3.19006	7.44248	0
-2.16106	7.39292	0.328309	-2.16106	7.39292	0
-1.11158	7.41604	0.309502	-1.11158	7.41604	0
-0.0987449	8.51036	0.329603	-0.0987449	8.51036	0
0.910013	8.43282	0.327591	0.910013	8.43282	0
1.92075	8.40679	0.320862	1.92075	8.40679	0
2.9901	8.49951	0.330044	2.9901	8.49951	0
4.05686	8.42427	0.299764	4.05686	8.42427	0
5.03623	8.43565	0.333458	5.03623	8.43565	0
6.11689	8.48235	0.3302	6.11689	8.48235	0
7.10218	8.58654	0.338516	7.10218	8.58654	0
8.15802	8.53045	0.305376	8.15802	8.53045	0
9.17838	8.50175	0.324806	9.17838	8.50175	0
10.2202	8.46453	0.316225	10.2202	8.46453	0
11.2769	8.42376	0.317288	11.2769	8.42376	0
-11.4847	8.48344	0.31664	-11.4847	8.48344	0
-10.4763	8.47498	0.320189	-10.4763	8.47498	0
-9.45234	8.52409	0.319085	-9.45234	8.52409	0
-8.38572	8.52434	0.321921	-8.38572	8.52434	0
-7.3672	8.50006	0.356624	-7.3672	8.50006	0
-6.29153	8.4908	0.333398	-6.29153	8.4908	0
-5.24942	8.4795	0.302441	-5.24942	8.4795	0
-4.25605	8.43421	0.297204	-4.25605	8.43421	0
-3.19949	8.48359	0.354597	-3.19949	8.48359	0
-2.17133	8.46612	0.304169	-2.17133	8.46612	0
-1.12231	8.4531	0.336295	-1.12231	8.4531	0
-0.101768	9.51498	0.312019	-0.101768	9.51498	0
0.876297	9.54062	0.321106	0.876297	9.54062	0
1.92024	9.42505	0.327281	1.92024	9.42505	0
2.96398	9.53517	0.291597	2.96398	9.53517	0
3.98903	9.50069	0.318578	3.98903	9.50069	0
5.06917	9.44267	0.301777	5.06917	9.44267	0
6.09008	9.49956	0.323732	6.09008	9.49956	0
7.1163	9.57703	0.321153	7.1163	9.57703	0
8.1596	9.5465	0.317585	8.1596	9.5465	0
9.14367	9.52408	0.292265	9.14367	9.52408	0
10.1791	9.52941	0.30845	10.1791	9.52941	0
11.2324	9.44773	0.337076	11.2324	9.44773	0
-11.5443	9.46549	0.336276	-11.5443	9.46549	0
-10.5249	9.48857	0.325686	-10.5249	9.48857	0
-9.49619	9.54007	0.316806	-9.49619	9.54007	0
-8.38179	9.53876	0.336558	-8.38179	9.53876	0
-7.36731	9.49204	0.325216	-7.36731	9.49204	0
-6.3072	9.51928	0.287651	-6.3072	9.51928	0
-5.22783	9.52841	0.309857	-5.22783	9.52841	0
-4.23515	9.47413	0.309872	-4.23515	9.47413	0
-3.22685	9.45707	0.326829	-3.22685	9.45707	0
-2.1928	9.52726	0.338818	-2.1928	9.52726	0
-1.19571	9.5621	0.316514	-1.19571	9.5621	0
-0.13174	10.559	0.323825	-0.13174	10.559	0
0.908813	10.5173	0.326543	0.908813	10.5173	0
1.88318	10.4705	0.32393	1.88318	10.4705	0
2.89331	10.4838	0.299713	2.89331	10.4838	0
4.01695	10.5043	0.327244	4.01695	10.5043	0
5.03613	10.5557	0.315437	5.03613	10.5557	0
6.01831	10.543	0.319112	6.01831	10.543	0
7.09588	10.607	0.318155	7.09588	10.607	0
8.17317	10.5433	0.305516	8.17317	10.5433	0
9.18461	10.5164	0.325878	9.18461	10.5164	0
10.1925	10.5323	0.342569	10.1925	10.5323	0
11.2791	10.4765	0.321693	11.2791	10.4765	0
-11.5198	10.5542	0.318512	-11.5198	10.5542	0
-10.4499	10.523	0.305959	-10.4499	10.523	0
-9.43161	10.5543	0.334559	-9.43161	10.5543	0
-8.32921	10.5536	0.319997	-8.32921	10.5536	0
-7.30962	10.5416	0.297578	-7.30962	10.5416	0
-6.33589	10.5617	0.291361	-6.33589	10.5617	0
-5.31755	10.5085	0.332145	-5.31755	10.5085	0
-4.27036	10.5141	0.309005	-4.27036	10.5141	0
-3.30316	10.6255	0.31989	-3.30316	10.6255	0
-2.21819	10.5205	0.328127	-2.21819	10.5205	0
-1.17595	10.5507	0.305058	-1.17595	10.5507	0
-0.149015	11.6206	0.297413	-0.149015	11.6206	0
0.888669	11.5929	0.331422	0.888669	11.5929	0
1.90758	11.5755	0.318555	1.90758	11.5755	0
2.93126	11.4957	0.281131	2.93126	11.4957	0
4.0169	11.5062	0.287791	4.0169	11.5062	0
5.049	11.5273	0.312163	5.049	11.5273	0
6.12304	11.5825	0.33454	6.12304	11.5825	0
7.12136	11.6266	0.301912	7.12136	11.6266	0
8.16046	11.5452	0.332326	8.16046	11.5452	0
9.19004	11.5909	0.322851	9.19004	11.5909	0
10.2841	11.5779	0.331009	10.2841	11.5779	0
11.2394	11.5697	0.332986	11.2394	11.5697	0
-11.46	11.5662	0.324918	-11.46	11.5662	0
-10.4293	11.5593	0.303255	-10.4293	11.5593	0
-9.3908	11.5524	0.297122	-9.3908	11.5524	0
-8.40448	11.5934	0.354253	-8.40448	11.5934	0
-7.39205	11.5955	0.297755	-7.39205	11.5955	0
-6.40907	11.5503	0.298751	-6.40907	11.5503	0
-5.38429	11.5825	0.328422	-5.38429	11.5825	0
-4.32779	11.573	0.307876	-4.32779	11.573	0
-3.27471	11.6399	0.329297	-3.27471	11.6399	0
-2.2189	11.5325	0.292953	-2.2189	11.5325	0
-1.21475	11.5288	0.317883	-1.21475	11.5288	0
-0.128298	-11.1573	0.332686	-0.128298	-11.1573	0
0.888911	-11.1698	0.354963	0.888911	-11.1698	0
1.91519	-11.1917	0.337016	1.91519	-11.1917	0
2.97848	-11.2225	0.285954	2.97848	-11.2225	0
4.0285	-11.2037	0.329448	4.0285	-11.2037	0
5.06512	-11.209	0.324193	5.06512	-11.209	0
6.07634	-11.1957	0.318551	6.07634	-11.1957	0
7.09212	-11.2026	0.30903	7.09212	-11.2026	0
8.15712	-11.1276	0.313235	8.15712	-11.1276	0
9.14458	-11.1575	0.29962	9.14458	-11.1575	0
10.1732	-11.1728	0.32132	10.1732	-11.1728	0
11.2222	-11.1316	0.320952	11.2222	-11.1316	0
-11.5152	-11.1792	0.283934	-11.5152	-11.1792	0
-10.4585	-11.191	0.350326	-10.4585	-11.191	0
-9.42511	-11.2089	0.308289	-9.42511	-11.2089	0
-8.42772	-11.158	0.320787	-8.42772	-11.158	0
-7.38189	-11.1623	0.288423	-7.38189	-11.1623	0
-6.3613	-11.1714	0.329198	-6.3613	-11.1714	0
-5.34683	-11.1577	0.312	-5.34683	-11.1577	0
-4.28908	-11.181	0.326726	-4.28908	-11.181	0
-3.24291	-11.2127	0.278107	-3.24291	-11.2127	0
-2.23854	-11.2522	0.325911	-2.23854	-11.2522	0
-1.16506	-11.1814	0.325912	-1.16506	-11.1814	0
-0.125345	-10.1081	0.315689	-0.125345	-10.1081	0
0.860243	-10.1536	0.316566	0.860243	-10.1536	0
1.90305	-10.1595	0.319484	1.90305	-10.1595	0
2.93126	-10.2087	0.31862	2.93126	-10.2087	0
3.97433	-10.1947	0.332671	3.97433	-10.1947	0
5.02084	-10.1483	0.327533	5.02084	-10.1483	0
6.07458	-10.1707	0.313661	6.07458	-10.1707	0
7.14206	-10.1636	0.311082	7.14206	-10.1636	0
8.14525	-10.141	0.307207	8.14525	-10.141	0
9.20016	-10.1427	0.317851	9.20016	-10.1427	0
10.2295	-10.117	0.323448	10.2295	-10.117	0
11.2468	-10.1556	0.285086	11.2468	-10.1556	0
-11.4679	-10.1473	0.313974	-11.4679	-10.1473	0
-10.4587	-10.1542	0.299627	-10.4587	-10.1542	0
-9.48174	-10.1226	0.323967	-9.48174	-10.1226	0
-8.42317	-10.1264	0.302659	-8.42317	-10.1264	0
-7.34304	-10.1847	0.306939	-7.34304	-10.1847	0
-6.33126	-10.1448	0.303068	-6.33126	-10.1448	0
-5.28398	-10.1493	0.31265	-5.28398	-10.1493	0
-4.24144	-10.1063	0.301532	-4.24144	-10.1063	0
-3.24235	-10.1793	0.322271	-3.24235	-10.1793	0
-2.21588	-10.2576	0.307487	-2.21588	-10.2576	0
-1.17312	-10.1258	0.309147	-1.17312	-10.1258	0
-0.212805	-9.12566	0.312043	-0.212805	-9.12566	0
0.878254	-9.09436	0.305115	0.878254	-9.09436	0
1.947	-9.13957	0.316487	1.947	-9.13957	0
3.00472	-9.1602	0.335891	3.00472	-9.1602	0
4.01011	-9.14693	0.300591	4.01011	-9.14693	0
5.04911	-9.09326	0.321963	5.04911	-9.09326	0
6.04733	-9.13998	0.317008	6.04733	-9.13998	0
7.1063	-9.17865	0.306209	7.1063	-9.17865	0
8.08489	-9.12309	0.331183	8.08489	-9.12309	0
9.12838	-9.08178	0.28822	9.12838	-9.08178	0
10.1388	-9.1086	0.295077	10.1388	-9.1086	0
11.1895	-9.11284	0.313051	11.1895	-9.11284	0
-11.5351	-9.05794	0.324085	-11.5351	-9.05794	0
-10.5016	-9.15046	0.3338	-10.5016	-9.15046	0
-9.43115	-9.10181	0.324855	-9.43115	-9.10181	0
-8.42531	-9.12553	0.313277	-8.42531	-9.12553	0
-7.40632	-9.13111	0.303384	-7.40632	-9.13111	0
-6.39662	-9.11993	0.315564	-6.39662	-9.11993	0
-5.29354	-9.15344	0.335096	-5.29354	-9.15344	0
-4.25274	-9.10038	0.314992	-4.25274	-9.10038	0
-3.20268	-9.1026	0.326171	-3.20268	-9.1026	0
-2.22569	-9.15732	0.321259	-2.22569	-9.15732	0
-1.20945	-9.09254	0.339619	-1.20945	-9.09254	0
-0.172363	-8.12962	0.309483	-0.172363	-8.12962	0
0.872837	-8.03171	0.329971	0.872837	-8.03171	0
1.89988	-8.08166	0.331871	1.89988	-8.08166	0
2.94979	-8.16001	0.308239	2.94979	-8.16001	0
3.9795	-8.12772	0.339874	3.9795	-8.12772	0
5.01016	-8.07735	0.312237	5.01016	-8.07735	0
6.07317	-8.08571	0.324339	6.07317	-8.08571	0
7.10493	-8.12136	0.316885	7.10493	-8.12136	0
8.12052	-8.10187	0.302744	8.12052	-8.10187	0
9.16893	-8.10023	0.352348	9.16893	-8.10023	0
10.1432	-8.06966	0.328245	10.1432	-8.06966	0
11.1621	-8.03968	0.307274	11.1621	-8.03968	0
-11.5601	-8.02657	0.326725	-11.5601	-8.02657	0
-10.4856	-8.09078	0.296252	-10.4856	-8.09078	0
-9.48496	-8.03891	0.319566	-9.48496	-8.03891	0
-8.49196	-8.08221	0.291852	-8.49196	-8.08221	0
-7.43223	-8.07308	0.30215	-7.43223	-8.07308	0
-6.38105	-8.09482	0.310603	-6.38105	-8.09482	0
-5.31714	-8.02972	0.30152	-5.31714	-8.02972	0
-4.29919	-8.09058	0.301571	-4.29919	-8.09058	0
-3.2626	-8.09019	0.299553	-3.2626	-8.09019	0
-2.18683	-8.0273	0.335757	-2.18683	-8.0273	0
-1.15622	-8.04283	0.299494	-1.15622	-8.04283	0
-0.111781	-7.03309	0.312583	-0.111781	-7.03309	0
0.889335	-7.07425	0.323296	0.889335	-7.07425	0
1.92293	-7.07648	0.30886	1.92293	-7.07648	0
2.95663	-7.084	0.337636	2.95663	-7.084	0
3.92956	-7.059	0.327735	3.92956	-7.059	0
4.99511	-7.07528	0.322372	4.99511	-7.07528	0
6.10277	-7.02375	0.315834	6.10277	-7.02375	0
7.11499	-7.06342	0.318382	7.11499	-7.06342	0
8.09655	-7.0528	0.343379	8.09655	-7.0528	0
9.19066	-7.03776	0.302625	9.19066	-7.03776	0
10.147	-7.00976	0.316425	10.147	-7.00976	0
11.2166	-7.03755	0.277712	11.2166	-7.03755	0
-11.5567	-7.03212	0.304583	-11.5567	-7.03212	0
-10.5185	-7.06392	0.297897	-10.5185	-7.06392	0
-9.48639	-7.00414	0.31384	-9.48639	-7.00414	0
-8.42875	-7.02584	0.294089	-8.42875	-7.02584	0
-7.37882	-6.97268	0.342286	-7.37882	-6.97268	0
-6.33685	-7.01618	0.312357	-6.33685	-7.01618	0
-5.30541	-7.04492	0.287436	-5.30541	-7.04492	0
-4.25957	-7.04825	0.298128	-4.25957	-7.04825	0
-3.18996	-7.01682	0.310474	-3.18996	-7.01682	0
-2.18953	-7.01285	0.328949	-2.18953	-7.01285	0
-1.16017	-7.00141	0.306175	-1.16017	-7.00141	0
-0.16192	-6.00636	0.342524	-0.16192	-6.00636	0
0.934019	-6.0471	0.311602	0.934019	-6.0471	0
1.92166	-6.03254	0.317068	1.92166	-6.03254	0
2.96349	-6.04974	0.282075	2.96349	-6.04974	0
3.95343	-6.00053	0.305359	3.95343	-6.00053	0
5.04395	-6.05182	0.303355	5.04395	-6.05182	0
6.06001	-5.99887	0.329727	6.06001	-5.99887	0
7.11332	-5.99157	0.298958	7.11332	-5.99157	0
8.07823	-6.01906	0.316401	8.07823	-6.01906	0
9.17447	-6.01745	0.320682	9.17447	-6.01745	0
10.2108	-6.01685	0.316495	10.2108	-6.01685	0
11.244	-6.03487	0.332097	11.244	-6.03487	0
-11.512	-6.00863	0.293442	-11.512	-6.00863	0
-10.5105	-6.01227	0.313278	-10.5105	-6.01227	0
-9.42848	-5.97366	0.330238	-9.42848	-5.97366	0
-8.40226	-6.02638	0.31405	-8.40226	-6.02638	0
-7.35372	-5.95599	0.28083	-7.35372	-5.95599	0
-6.30776	-5.97349	0.318687	-6.30776	-5.97349	0
-5.26702	-6.00094	0.342189	-5.26702	-6.00094	0
-4.22939	-5.97163	0.293457	-4.22939	-5.97163	0
-3.20434	-6.01501	0.26027	-3.20434	-6.01501	0
-2.21828	-6.00235	0.324817	-2.21828	-6.00235	0
-1.18823	-5.94647	0.340295	-1.18823	-5.94647	0
-0.119673	-4.99708	0.325212	-0.119673	-4.99708	0
0.951276	-5.0065	0.330115	0.951276	-5.0065	0
1.92443	-4.96129	0.317926	1.92443	-4.96129	0
2.97512	-5.00611	0.323235	2.97512	-5.00611	0
3.96721	-5.04326	0.324124	3.96721	-5.04326	0
4.99658	-5.03249	0.303886	4.99658	-5.03249	0
6.04137	-4.94845	0.338666	6.04137	-4.94845	0
7.03672	-4.96489	0.295428	7.03672	-4.96489	0
8.12174	-4.96676	0.323541	8.12174	-4.96676	0
9.16511	-5.01861	0.301854	9.16511	-5.01861	0
10.1763	-4.97403	0.311911	10.1763	-4.97403	0
11.2209	-4.9223	0.317874	11.2209	-4.9223	0
-11.4837	-4.94884	0.307927	-11.4837	-4.94884	0
-10.4843	-4.9594	0.304643	-10.4843	-4.9594	0
-9.43304	-4.96196	0.31258	-9.43304	-4.96196	0
-8.3795	-4.94701	0.30907	-8.3795	-4.94701	0
-7.36769	-4.97887	0.316235	-7.36769	-4.97887	0
-6.35893	-4.91832	0.349248	-6.35893	-4.91832	0
-5.33782	-4.95543	0.319304	-5.33782	-4.95543	0
-4.30311	-4.93408	0.321324	-4.30311	-4.93408	0
-3.25964	-4.97648	0.303187	-3.25964	-4.97648	0
-2.1817	-4.94585	0.337384	-2.1817	-4.94585	0
-1.19367	-4.99602	0.351283	-1.19367	-4.99602	0
-0.116064	-3.93993	0.322618	-0.116064	-3.93993	0
0.920483	-4.02006	0.287623	0.920483	-4.02006	0
1.92698	-3.96608	0.310981	1.92698	-3.96608	0
2.96366	-3.96128	0.292885	2.96366	-3.96128	0
3.95276	-3.98149	0.325524	3.95276	-3.98149	0
4.97686	-3.99998	0.327488	4.97686	-3.99998	0
6.04911	-3.92638	0.332676	6.04911	-3.92638	0
7.10348	-3.90415	0.32279	7.10348	-3.90415	0
8.12247	-3.92848	0.321973	8.12247	-3.92848	0
9.16542	-3.95171	0.300702	9.16542	-3.95171	0
10.2201	-3.94129	0.278704	10.2201	-3.94129	0
11.2912	-3.90085	0.336753	11.2912	-3.90085	0
-11.4918	-3.8832	0.320225	-11.4918	-3.8832	0
-10.4775	-3.95734	0.335217	-10.4775	-3.95734	0
-9.4611	-3.92498	0.312466	-9.4611	-3.92498	0
-8.43941	-3.95959	0.317855	-8.43941	-3.95959	0
-7.38383	-3.96384	0.313386	-7.38383	-3.96384	0
-6.34929	-3.91173	0.307188	-6.34929	-3.91173	0
-5.36813	-3.92094	0.320448	-5.36813	-3.92094	0
-4.29322	-3.95832	0.325719	-4.29322	-3.95832	0
-3.24378	-3.90835	0.302961	-3.24378	-3.90835	0
-2.14376	-3.95654	0.340806	-2.14376	-3.95654	0
-1.11174	-3.98826	0.302883	-1.11174	-3.98826	0
-0.100581	-2.9002	0.314493	-0.100581	-2.9002	0
0.911824	-2.97483	0.317826	0.911824	-2.97483	0
1.92134	-2.92341	0.315432	1.92134	-2.92341	0
2.93264	-2.92811	0.309934	2.93264	-2.92811	0
4.00073	-2.97779	0.338256	4.00073	-2.97779	0
5.10218	-2.84219	0.321104	5.10218	-2.84219	0
6.10677	-2.88266	0.325044	6.10677	-2.88266	0
7.13716	-2.88522	0.295841	7.13716	-2.88522	0
8.17184	-2.86418	0.304442	8.17184	-2.86418	0
9.24759	-2.9415	0.319692	9.24759	-2.9415	0
10.2457	-2.94044	0.309138	10.2457	-2.94044	0
11.2935	-2.91854	0.329558	11.2935	-2.91854	0
-11.4827	-2.87165	0.332234	-11.4827	-2.87165	0
-10.4501	-2.87859	0.293579	-10.4501	-2.87859	0
-9.43949	-2.898	0.30347	-9.43949	-2.898	0
-8.42211	-2.91152	0.317531	-8.42211	-2.91152	0
-7.3729	-2.90903	0.310332	-7.3729	-2.90903	0
-6.32687	-2.92943	0.309161	-6.32687	-2.92943	0
-5.30768	-2.91453	0.338486	-5.30768	-2.91453	0
-4.29359	-2.91498	0.299837	-4.29359	-2.91498	0
-3.24459	-2.89428	0.292777	-3.24459	-2.89428	0
-2.16144	-2.94408	0.290231	-2.16144	-2.94408	0
-1.16843	-2.89591	0.286084	-1.16843	-2.89591	0
-0.101412	-1.86846	0.312837	-0.101412	-1.86846	0
0.971493	-1.91113	0.323199	0.971493	-1.91113	0
1.92662	-1.90997	0.317724	1.92662	-1.90997	0
2.94526	-1.90407	0.326808	2.94526	-1.90407	0
4.02552	-1.90056	0.332416	4.02552	-1.90056	0
5.07786	-1.87298	0.282278	5.07786	-1.87298	0
6.07602	-1.88059	0.326854	6.07602	-1.88059	0
7.08796	-1.86997	0.324021	7.08796	-1.86997	0
8.14738	-1.84589	0.307662	8.14738	-1.84589	0
9.23431	-1.89407	0.322975	9.23431	-1.89407	0
10.2376	-1.91781	0.299583	10.2376	-1.91781	0
11.2481	-1.84909	0.288258	11.2481	-1.84909	0
-11.5289	-1.84191	0.324246	-11.5289	-1.84191	0
-10.4641	-1.85669	0.291016	-10.4641	-1.85669	0
-9.42519	-1.9077	0.322838	-9.42519	-1.9077	0
-8.38959	-1.86931	0.31327	-8.38959	-1.86931	0
-7.34986	-1.86573	0.318573	-7.34986	-1.86573	0
-6.28569	-1.87011	0.328938	-6.28569	-1.87011	0
-5.25391	-1.85341	0.328604	-5.25391	-1.85341	0
-4.22722	-1.87635	0.272117	-4.22722	-1.87635	0
-3.22734	-1.87826	0.336213	-3.22734	-1.87826	0
-2.17685	-1.81136	0.346001	-2.17685	-1.81136	0
-1.10966	-1.8519	0.329797	-1.10966	-1.8519	0
-0.109557	-0.848814	0.32074	-0.109557	-0.848814	0
0.935746	-0.872201	0.338707	0.935746	-0.872201	0
1.99734	-0.892205	0.313042	1.99734	-0.892205	0
2.96089	-0.909408	0.310155	2.96089	-0.909408	0
3.98813	-0.805327	0.322731	3.98813	-0.805327	0
4.98076	-0.782061	0.289	4.98076	-0.782061	0
6.02032	-0.87567	0.304519	6.02032	-0.87567	0
7.048	-0.841428	0.307403	7.048	-0.841428	0
8.06801	-0.857522	0.294947	8.06801	-0.857522	0
9.20088	-0.802811	0.305593	9.20088	-0.802811	0
10.211	-0.779327	0.292726	10.211	-0.779327	0
11.19	-0.816438	0.321505	11.19	-0.816438	0
-11.5314	-0.809643	0.310343	-11.5314	-0.809643	0
-10.4738	-0.808077	0.333642	-10.4738	-0.808077	0
-9.45438	-0.809982	0.325287	-9.45438	-0.809982	0
-8.37053	-0.853913	0.334086	-8.37053	-0.853913	0
-7.30544	-0.852119	0.288132	-7.30544	-0.852119	0
-6.29012	-0.783015	0.311383	-6.29012	-0.783015	0
-5.26897	-0.797209	0.290665	-5.26897	-0.797209	0
-4.25146	-0.79353	0.303719	-4.25146	-0.79353	0
-3.22903	-0.744985	0.324454	-3.22903	-0.744985	0
-2.21065	-0.802046	0.35024	-2.21065	-0.802046	0
-1.12543	-0.827905	0.341095	-1.12543	-0.827905	0
