-0.580692	-0.363843	-0.337625	-0.580692	-0.363843	0
0.562838	-0.327846	-0.318732	0.562838	-0.327846	0
1.56478	-0.334072	-0.342552	1.56478	-0.334072	0
2.61198	-0.371718	-0.30685	2.61198	-0.371718	0
3.60143	-0.285974	-0.300312	3.60143	-0.285974	0
4.61691	-0.314271	-0.320451	4.61691	-0.314271	0
5.64803	-0.356226	-0.303853	5.64803	-0.356226	0
6.64904	-0.300906	-0.304766	6.64904	-0.300906	0
7.71413	-0.358124	-0.325187	7.71413	-0.358124	0
8.77203	-0.373704	-0.336451	8.77203	-0.373704	0
9.77418	-0.388983	-0.309087	9.77418	-0.388983	0
10.8052	-0.362431	-0.315338	10.8052	-0.362431	0
11.8256	-0.422267	-0.349409	11.8256	-0.422267	0
-10.9266	-0.44725	-0.302592	-10.9266	-0.44725	0
-9.90126	-0.35247	-0.327944	-9.90126	-0.35247	0
-8.81742	-0.39174	-0.314161	-8.81742	-0.39174	0
-7.74436	-0.297693	-0.30888	-7.74436	-0.297693	0
-6.77702	-0.322515	-0.298739	-6.77702	-0.322515	0
-5.74613	-0.29599	-0.335967	-5.74613	-0.29599	0
-4.72119	-0.352854	-0.293463	-4.72119	-0.352854	0
-3.69179	-0.301968	-0.32835	-3.69179	-0.301968	0
-2.59856	-0.300751	-0.341572	-2.59856	-0.300751	0
-1.64045	-0.304975	-0.347462	-1.64045	-0.304975	0
-0.588249	0.744894	-0.297771	-0.588249	0.744894	0
0.439619	0.746963	-0.315092	0.439619	0.746963	0
1.47313	0.715775	-0.336619	1.47313	0.715775	0
2.53752	0.693285	-0.293188	2.53752	0.693285	0
3.576	0.699302	-0.300943	3.576	0.699302	0
4.54941	0.730163	-0.310672	4.54941	0.730163	0
5.61949	0.708191	-0.298004	5.61949	0.708191	0
6.62087	0.680472	-0.32227	6.62087	0.680472	0
7.69358	0.690645	-0.331793	7.69358	0.690645	0
8.78083	0.688193	-0.326717	8.78083	0.688193	0
9.79652	0.641357	-0.306803	9.79652	0.641357	0
10.807	0.698891	-0.320797	10.807	0.698891	0
11.8941	0.643932	-0.311529	-11.8919	0.643932	0
-10.8914	0.687992	-0.274268	-10.8914	0.687992	0
-9.92801	0.662087	-0.30835	-9.92801	0.662087	0
-8.84784	0.692548	-0.313157	-8.84784	0.692548	0
-7.79818	0.701473	-0.300181	-7.79818	0.701473	0
-6.71742	0.712965	-0.316135	-6.71742	0.712965	0
-5.67925	0.713503	-0.285353	-5.67925	0.713503	0
-4.67474	0.709921	-0.288328	-4.67474	0.709921	0
-3.64192	0.725819	-0.285357	-3.64192	0.725819	0
-2.57938	0.763956	-0.295607	-2.57938	0.763956	0
-1.56399	0.756036	-0.359526	-1.56399	0.756036	0
-0.583905	1.81538	-0.330085	-0.583905	1.81538	0
0.492032	1.75605	-0.288389	0.492032	1.75605	0
1.55626	1.69414	-0.304246	1.55626	1.69414	0
2.5461	1.71375	-0.322703	2.5461	1.71375	0
3.58967	1.72873	-0.331106	3.58967	1.72873	0
4.60722	1.71479	-0.309035	4.60722	1.71479	0
5.61975	1.70739	-0.3295	5.61975	1.70739	0
6.64563	1.67575	-0.33871	6.64563	1.67575	0
7.68786	1.66495	-0.3085	7.68786	1.66495	0
8.7723	1.77569	-0.336438	8.7723	1.77569	0
9.79127	1.66763	-0.322073	9.79127	1.66763	0
10.7421	1.67573	-0.32829	10.7421	1.67573	0
11.7962	1.61939	-0.321249	11.7962	1.61939	0
-10.9151	1.69817	-0.324009	-10.9151	1.69817	0
-9.84447	1.71746	-0.297973	-9.84447	1.71746	0
-8.83817	1.70941	-0.310442	-8.83817	1.70941	0
-7.79086	1.80185	-0.308062	-7.79086	1.80185	0
-6.73456	1.68627	-0.330901	-6.73456	1.68627	0
-5.78353	1.74369	-0.277821	-5.78353	1.74369	0
-4.67571	1.77584	-0.349514	-4.67571	1.77584	0
-3.58719	1.74882	-0.301649	-3.58719	1.74882	0
-2.60857	1.76013	-0.321397	-2.60857	1.76013	0
-1.54496	1.7886	-0.317606	-1.54496	1.7886	0
-0.579983	2.87201	-0.32482	-0.579983	2.87201	0
0.446408	2.83479	-0.298963	0.446408	2.83479	0
1.46671	2.76011	-0.30962	1.46671	2.76011	0
2.47313	2.73191	-0.331993	2.47313	2.73191	0
3.49646	2.75499	-0.317229	3.49646	2.75499	0
4.57463	2.76344	-0.306148	4.57463	2.76344	0
5.60658	2.72578	-0.305423	5.60658	2.72578	0
6.66944	2.74636	-0.312645	6.66944	2.74636	0
7.69355	2.74477	-0.31148	7.69355	2.74477	0
8.6552	2.74192	-0.309368	8.6552	2.74192	0
9.75391	2.77042	-0.341765	9.75391	2.77042	0
10.7765	2.70328	-0.288584	10.7765	2.70328	0
11.8145	2.72689	-0.278763	11.8145	2.72689	0
-10.9693	2.72602	-0.341606	-10.9693	2.72602	0
-9.86197	2.78407	-0.32677	-9.86197	2.78407	0
-8.79354	2.74359	-0.341777	-8.79354	2.74359	0
-7.6989	2.81794	-0.34169	-7.6989	2.81794	0
-6.67758	2.77567	-0.285578	-6.67758	2.77567	0
-5.6834	2.81436	-0.341859	-5.6834	2.81436	0
-4.70599	2.82233	-0.324008	-4.70599	2.82233	0
-3.68135	2.77232	-0.314127	-3.68135	2.77232	0
-2.64748	2.85886	-0.333016	-2.64748	2.85886	0
-1.59066	2.78421	-0.313456	-1.59066	2.78421	0
-0.538221	3.88389	-0.334441	-0.538221	3.88389	0
0.544271	3.8199	-0.300241	0.544271	3.8199	0
1.49569	3.81818	-0.292273	1.49569	3.81818	0
2.5426	3.78827	-0.325551	2.5426	3.78827	0
3.55732	3.79767	-0.326819	3.55732	3.79767	0
4.55909	3.81063	-0.35399	4.55909	3.81063	0
5.60913	3.74582	-0.303821	5.60913	3.74582	0
6.62414	3.75122	-0.317393	6.62414	3.75122	0
7.65733	3.79273	-0.304237	7.65733	3.79273	0
8.7055	3.78723	-0.31614	8.7055	3.78723	0
9.76304	3.79065	-0.30887	9.76304	3.79065	0
10.8008	3.71175	-0.327095	10.8008	3.71175	0
11.8714	3.72934	-0.293935	11.8714	3.72934	0
-10.8821	3.74162	-0.354906	-10.8821	3.74162	0
-9.82087	3.75673	-0.311404	-9.82087	3.75673	0
-8.80565	3.76233	-0.31316	-8.80565	3.76233	0
-7.74692	3.82208	-0.285652	-7.74692	3.82208	0
-6.74818	3.82375	-0.27043	-6.74818	3.82375	0
-5.74537	3.83324	-0.337949	-5.74537	3.83324	0
-4.71257	3.8484	-0.316896	-4.71257	3.8484	0
-3.59648	3.86489	-0.327155	-3.59648	3.86489	0
-2.56805	3.83133	-0.323373	-2.56805	3.83133	0
-1.56272	3.90337	-0.314601	-1.56272	3.90337	0
-0.534711	4.89095	-0.333525	-0.534711	4.89095	0
0.57726	4.84754	-0.317955	0.57726	4.84754	0
1.54409	4.84486	-0.307665	1.54409	4.84486	0
2.56922	4.79946	-0.31493	2.56922	4.79946	0
3.51357	4.86242	-0.281481	3.51357	4.86242	0
4.55503	4.85052	-0.298305	4.55503	4.85052	0
5.57396	4.78171	-0.295381	5.57396	4.78171	0
6.59896	4.8039	-0.318625	6.59896	4.8039	0
7.63388	4.80052	-0.337589	7.63388	4.80052	0
8.65479	4.8441	-0.354981	8.65479	4.8441	0
9.77979	4.8595	-0.327792	9.77979	4.8595	0
10.8423	4.76209	-0.303223	10.8423	4.76209	0
11.883	4.80632	-0.333443	11.883	4.80632	0
-10.8551	4.75564	-0.33542	-10.8551	4.75564	0
-9.84253	4.75701	-0.339951	-9.84253	4.75701	0
-8.78839	4.85272	-0.289907	-8.78839	4.85272	0
-7.74395	4.81105	-0.296982	-7.74395	4.81105	0
-6.73354	4.89736	-0.32113	-6.73354	4.89736	0
-5.75923	4.85347	-0.329549	-5.75923	4.85347	0
-4.75599	4.81846	-0.301301	-4.75599	4.81846	0
-3.66611	4.86478	-0.350898	-3.66611	4.86478	0
-2.56485	4.82699	-0.328848	-2.56485	4.82699	0
-1.56255	4.89818	-0.278514	-1.56255	4.89818	0
-0.536408	5.9303	-0.298118	-0.536408	5.9303	0
0.516338	5.91655	-0.341214	0.516338	5.91655	0
1.56587	5.86628	-0.314476	1.56587	5.86628	0
2.57776	5.86981	-0.309278	2.57776	5.86981	0
3.58609	5.898	-0.308971	3.58609	5.898	0
4.57625	5.85028	-0.328516	4.57625	5.85028	0
5.56774	5.77382	-0.330016	5.56774	5.77382	0
6.6429	5.81733	-0.329015	6.6429	5.81733	0
7.65255	5.80587	-0.297335	7.65255	5.80587	0
8.76636	5.89077	-0.308587	8.76636	5.89077	0
9.8126	5.87487	-0.292417	9.8126	5.87487	0
10.8803	5.84388	-0.331319	10.8803	5.84388	0
11.8965	5.82117	-0.335952	-11.8895	5.82117	0
-10.8617	5.76612	-0.306926	-10.8617	5.76612	0
-9.83996	5.78646	-0.326528	-9.83996	5.78646	0
-8.81746	5.84759	-0.318093	-8.81746	5.84759	0
-7.83154	5.86635	-0.329279	-7.83154	5.86635	0
-6.75707	5.92449	-0.315121	-6.75707	5.92449	0
-5.68887	5.86548	-0.308259	-5.68887	5.86548	0
-4.71133	5.83484	-0.286649	-4.71133	5.83484	0
-3.72278	5.87472	-0.306857	-3.72278	5.87472	0
-2.62584	5.92397	-0.341305	-2.62584	5.92397	0
-1.58276	5.942	-0.335855	-1.58276	5.942	0
-0.583998	6.98432	-0.284965	-0.583998	6.98432	0
0.434019	6.94282	-0.318169	0.434019	6.94282	0
1.50479	6.89482	-0.317854	1.50479	6.89482	0
2.53961	6.90538	-0.305107	2.53961	6.90538	0
3.5421	6.88633	-0.326048	3.5421	6.88633	0
4.55051	6.87879	-0.300687	4.55051	6.87879	0
5.65703	6.84768	-0.321881	5.65703	6.84768	0
6.66365	6.86569	-0.319973	6.66365	6.86569	0
7.67918	6.867	-0.329068	7.67918	6.867	0
8.70006	6.87978	-0.281718	8.70006	6.87978	0
9.7618	6.92025	-0.302483	9.7618	6.92025	0
10.8301	6.89634	-0.326161	10.8301	6.89634	0
-11.9045	6.82077	-0.322793	11.8815	6.82077	0
-10.9049	6.78009	-0.320858	-10.9049	6.78009	0
-9.86208	6.85514	-0.327258	-9.86208	6.85514	0
-8.80757	6.81867	-0.308677	-8.80757	6.81867	0
-7.76587	6.93501	-0.329093	-7.76587	6.93501	0
-6.76455	6.94181	-0.303547	-6.76455	6.94181	0
-5.7283	6.90784	-0.305113	-5.7283	6.90784	0
-4.7106	6.90338	-0.322173	-4.7106	6.90338	0
-3.70977	6.9143	-0.326975	-3.70977	6.9143	0
-2.69202	6.95885	-0.338751	-2.69202	6.95885	0
-1.63069	6.96385	-0.313288	-1.63069	6.96385	0
-0.621876	8.04786	-0.293793	-0.621876	8.04786	0
0.430754	7.99693	-0.307474	0.430754	7.99693	0
1.43268	7.94854	-0.339582	1.43268	7.94854	0
2.51917	7.91106	-0.330098	2.51917	7.91106	0
3.57311	7.97509	-0.317902	3.57311	7.97509	0
4.58885	7.94201	-0.295419	4.58885	7.94201	0
5.65104	7.8761	-0.333685	5.65104	7.8761	0
6.60515	7.88722	-0.326457	6.60515	7.88722	0
7.63085	7.9258	-0.318883	7.63085	7.9258	0
8.78568	7.95263	-0.315418	8.78568	7.95263	0
9.79206	7.96986	-0.313282	9.79206	7.96986	0
10.8385	7.89191	-0.304462	10.8385	7.89191	0
11.8345	7.87804	-0.307993	11.8345	7.87804	0
-10.8996	7.90708	-0.319157	-10.8996	7.90708	0
-9.86282	7.89001	-0.333889	-9.86282	7.89001	0
-8.87308	7.85935	-0.319652	-8.87308	7.85935	0
-7.82951	7.93448	-0.310356	-7.82951	7.93448	0
-6.7993	8.00345	-0.296726	-6.7993	8.00345	0
-5.75427	7.90707	-0.334003	-5.75427	7.90707	0
-4.71695	7.90931	-0.307669	-4.71695	7.90931	0
-3.70645	7.95154	-0.324231	-3.70645	7.95154	0
-2.68849	7.96205	-0.305868	-2.68849	7.96205	0
-1.61844	7.99082	-0.315201	-1.61844	7.99082	0
-0.63278	9.00544	-0.299565	-0.63278	9.00544	0
0.428932	9.06097	-0.334016	0.428932	9.06097	0
1.4423	8.95633	-0.304698	1.4423	8.95633	0
2.52702	8.96077	-0.316862	2.52702	8.96077	0
3.57077	8.95852	-0.311088	3.57077	8.95852	0
4.63189	8.95486	-0.317383	4.63189	8.95486	0
5.61293	9.00303	-0.285511	5.61293	9.00303	0
6.62207	8.91818	-0.32574	6.62207	8.91818	0
7.68542	8.88388	-0.328078	7.68542	8.88388	0
8.66241	8.95548	-0.312909	8.66241	8.95548	0
9.70272	8.97862	-0.334165	9.70272	8.97862	0
10.7876	8.96003	-0.303462	10.7876	8.96003	0
11.853	8.93739	-0.319017	11.853	8.93739	0
-10.9047	8.92827	-0.318423	-10.9047	8.92827	0
-9.88722	8.93009	-0.319762	-9.88722	8.93009	0
-8.83653	8.92181	-0.317738	-8.83653	8.92181	0
-7.81319	8.98018	-0.313517	-7.81319	8.98018	0
-6.78595	8.96387	-0.319536	-6.78595	8.96387	0
-5.76677	8.96276	-0.323861	-5.76677	8.96276	0
-4.71396	8.9706	-0.331364	-4.71396	8.9706	0
-3.66066	8.99718	-0.326282	-3.66066	8.99718	0
-2.64343	8.97007	-0.32077	-2.64343	8.97007	0
-1.62482	9.04514	-0.300751	-1.62482	9.04514	0
-0.637788	10.038	-0.325047	-0.637788	10.038	0
0.426092	10.075	-0.304962	0.426092	10.075	0
1.50274	10.0413	-0.263891	1.50274	10.0413	0
2.49342	9.98745	-0.311909	2.49342	9.98745	0
3.53768	9.97686	-0.299991	3.53768	9.97686	0
4.55487	9.98383	-0.321527	4.55487	9.98383	0
5.60738	10.0211	-0.319261	5.60738	10.0211	0
6.66811	9.97653	-0.330859	6.66811	9.97653	0
7.66336	9.93212	-0.313027	7.66336	9.93212	0
8.70282	9.96466	-0.291072	8.70282	9.96466	0
9.73919	10.0045	-0.294375	9.73919	10.0045	0
10.7199	9.97696	-0.320128	10.7199	9.97696	0
11.8224	9.93466	-0.339797	11.8224	9.93466	0
-10.9181	9.96477	-0.303906	-10.9181	9.96477	0
-9.91387	9.92353	-0.297835	-9.91387	9.92353	0
-8.85237	9.99921	-0.311903	-8.85237	9.99921	0
-7.84098	10.0002	-0.308379	-7.84098	10.0002	0
-6.77082	10.0345	-0.329197	-6.77082	10.0345	0
-5.77773	10.0071	-0.31078	-5.77773	10.0071	0
-4.71347	10.051	-0.344425	-4.71347	10.051	0
-3.71206	10.0683	-0.326781	-3.71206	10.0683	0
-2.70111	10.0645	-0.311892	-2.70111	10.0645	0
-1.6535	10.0951	-0.316434	-1.6535	10.0951	0
-0.579196	11.0936	-0.30964	-0.579196	11.0936	0
0.457076	11.1204	-0.34435	0.457076	11.1204	0
1.47987	11.0145	-0.305717	1.47987	11.0145	0
2.5441	11.0401	-0.296551	2.5441	11.0401	0
3.51478	11.0271	-0.324819	3.51478	11.0271	0
4.58296	11.0288	-0.33206	4.58296	11.0288	0
5.5976	11.0149	-0.338301	5.5976	11.0149	0
6.62567	11.0119	-0.322595	6.62567	11.0119	0
7.64307	11.0157	-0.308718	7.64307	11.0157	0
8.71684	11.0612	-0.321413	8.71684	11.0612	0
9.80631	11.0044	-0.330813	9.80631	11.0044	0
10.8756	11.0448	-0.309219	10.8756	11.0448	0
11.8694	11.1081	-0.323765	11.8694	11.1081	0
-10.9022	10.981	-0.311067	-10.9022	10.981	0
-9.90001	11.0161	-0.343946	-9.90001	11.0161	0
-8.86558	11.0412	-0.359218	-8.86558	11.0412	0
-7.84129	11.0053	-0.318756	-7.84129	11.0053	0
-6.8057	11.0681	-0.315184	-6.8057	11.0681	0
-5.77018	11.0871	-0.296442	-5.77018	11.0871	0
-4.75891	11.1243	-0.317179	-4.75891	11.1243	0
-3.66948	11.0871	-0.334475	-3.66948	11.0871	0
-2.66992	11.0732	-0.313968	-2.66992	11.0732	0
-1.62502	11.0707	-0.306359	-1.62502	11.0707	0
-0.559573	-11.6972	-0.287244	-0.559573	-11.6972	0
0.403343	-11.6762	-0.32108	0.403343	-11.6762	0
1.40857	-11.7057	-0.322242	1.40857	-11.7057	0
2.43897	-11.7159	-0.34246	2.43897	-11.7159	0
3.51887	-11.724	-0.329709	3.51887	-11.724	0
4.58476	-11.7165	-0.350039	4.58476	-11.7165	0
5.59303	-11.7424	-0.311835	5.59303	-11.7424	0
6.63429	-11.7166	-0.322367	6.63429	-11.7166	0
7.65724	-11.8042	-0.303559	7.65724	-11.8042	0
8.72705	-11.7425	-0.332072	8.72705	-11.7425	0
9.75825	-11.702	-0.316967	9.75825	-11.702	0
10.8064	-11.7196	-0.329241	10.8064	-11.7196	0
11.8398	-11.7198	-0.312745	11.8398	-11.7198	0
-10.9006	-11.7214	-0.302453	-10.9006	-11.7214	0
-9.91107	-11.7476	-0.328079	-9.91107	-11.7476	0
-8.85218	-11.7267	-0.322856	-8.85218	-11.7267	0
-7.77992	-11.7558	-0.324465	-7.77992	-11.7558	0
-6.79228	-11.6726	-0.342531	-6.79228	-11.6726	0
-5.74678	-11.7104	-0.316713	-5.74678	-11.7104	0
-4.68769	-11.6531	-0.297639	-4.68769	-11.6531	0
-3.69603	-11.6953	-0.336603	-3.69603	-11.6953	0
-2.66165	-11.6431	-0.327273	-2.66165	-11.6431	0
-1.59796	-11.7233	-0.316925	-1.59796	-11.7233	0
-0.577089	-10.6128	-0.334654	-0.577089	-10.6128	0
0.435195	-10.6416	-0.330166	0.435195	-10.6416	0
1.41958	-10.6665	-0.330401	1.41958	-10.6665	0
2.4159	-10.682	-0.334826	2.4159	-10.682	0
3.48641	-10.6429	-0.33768	3.48641	-10.6429	0
4.54346	-10.6844	-0.338611	4.54346	-10.6844	0
5.56254	-10.733	-0.326916	5.56254	-10.733	0
6.64183	-10.6482	-0.31798	6.64183	-10.6482	0
7.67873	-10.7451	-0.299601	7.67873	-10.7451	0
8.70999	-10.6445	-0.335221	8.70999	-10.6445	0
9.78842	-10.7148	-0.315647	9.78842	-10.7148	0
10.8205	-10.6866	-0.339291	10.8205	-10.6866	0
11.8655	-10.7077	-0.329796	11.8655	-10.7077	0
-10.9332	-10.6969	-0.340145	-10.9332	-10.6969	0
-9.86005	-10.7258	-0.342187	-9.86005	-10.7258	0
-8.85964	-10.677	-0.320808	-8.85964	-10.677	0
-7.81338	-10.7801	-0.318231	-7.81338	-10.7801	0
-6.72789	-10.6802	-0.346743	-6.72789	-10.6802	0
-5.73714	-10.6994	-0.299713	-5.73714	-10.6994	0
-4.69224	-10.6199	-0.305751	-4.69224	-10.6199	0
-3.61732	-10.6906	-0.344416	-3.61732	-10.6906	0
-2.61035	-10.5949	-0.3117	-2.61035	-10.5949	0
-1.63569	-10.6615	-0.336582	-1.63569	-10.6615	0
-0.574987	-9.59693	-0.320585	-0.574987	-9.59693	0
0.475536	-9.63127	-0.29851	0.475536	-9.63127	0
1.56462	-9.69866	-0.323896	1.56462	-9.69866	0
2.56006	-9.63292	-0.272327	2.56006	-9.63292	0
3.51983	-9.60798	-0.307174	3.51983	-9.60798	0
4.57318	-9.65798	-0.315157	4.57318	-9.65798	0
5.59834	-9.74311	-0.331281	5.59834	-9.74311	0
6.63444	-9.65045	-0.355327	6.63444	-9.65045	0
7.63204	-9.74489	-0.336323	7.63204	-9.74489	0
8.68324	-9.64293	-0.317031	8.68324	-9.64293	0
9.71924	-9.64527	-0.318776	9.71924	-9.64527	0
10.7536	-9.59945	-0.31362	10.7536	-9.59945	0
11.7748	-9.64475	-0.305675	11.7748	-9.64475	0
-10.9373	-9.68082	-0.296206	-10.9373	-9.68082	0
-9.85299	-9.70332	-0.321277	-9.85299	-9.70332	0
-8.79217	-9.67641	-0.307166	-8.79217	-9.67641	0
-7.79066	-9.69275	-0.331646	-7.79066	-9.69275	0
-6.79122	-9.67868	-0.296426	-6.79122	-9.67868	0
-5.76836	-9.54058	-0.332742	-5.76836	-9.54058	0
-4.64748	-9.60305	-0.349762	-4.64748	-9.60305	0
-3.65655	-9.64697	-0.314312	-3.65655	-9.64697	0
-2.59602	-9.56146	-0.287508	-2.59602	-9.56146	0
-1.63786	-9.59213	-0.317907	-1.63786	-9.59213	0
-0.601153	-8.57651	-0.306771	-0.601153	-8.57651	0
0.469831	-8.60668	-0.319498	0.469831	-8.60668	0
1.48784	-8.63069	-0.33491	1.48784	-8.63069	0
2.58614	-8.6292	-0.319356	2.58614	-8.6292	0
3.59637	-8.60488	-0.315636	3.59637	-8.60488	0
4.63109	-8.62761	-0.336558	4.63109	-8.62761	0
5.671	-8.66422	-0.309925	5.671	-8.66422	0
6.7119	-8.6318	-0.288253	6.7119	-8.6318	0
7.71416	-8.66918	-0.311583	7.71416	-8.66918	0
8.74316	-8.62627	-0.335839	8.74316	-8.62627	0
9.77367	-8.63759	-0.330017	9.77367	-8.63759	0
10.8052	-8.61471	-0.311464	10.8052	-8.61471	0
11.8211	-8.6444	-0.335736	11.8211	-8.6444	0
-10.8975	-8.65442	-0.330973	-10.8975	-8.65442	0
-9.8626	-8.6782	-0.34275	-9.8626	-8.6782	0
-8.80905	-8.62239	-0.305752	-8.80905	-8.62239	0
-7.77976	-8.63112	-0.283809	-7.77976	-8.63112	0
-6.77798	-8.63949	-0.305319	-6.77798	-8.63949	0
-5.72025	-8.58366	-0.328914	-5.72025	-8.58366	0
-4.68242	-8.59951	-0.315563	-4.68242	-8.59951	0
-3.62434	-8.57435	-0.297799	-3.62434	-8.57435	0
-2.60189	-8.51273	-0.314841	-2.60189	-8.51273	0
-1.55452	-8.52629	-0.305529	-1.55452	-8.52629	0
-0.568119	-7.53634	-0.333537	-0.568119	-7.53634	0
0.485036	-7.55328	-0.296382	0.485036	-7.55328	0
1.48806	-7.58851	-0.31414	1.48806	-7.58851	0
2.52554	-7.62664	-0.336125	2.52554	-7.62664	0
3.60009	-7.5829	-0.33283	3.60009	-7.5829	0
4.63183	-7.6157	-0.319653	4.63183	-7.6157	0
5.69185	-7.62324	-0.31018	5.69185	-7.62324	0
6.68669	-7.56607	-0.328835	6.68669	-7.56607	0
7.75962	-7.55768	-0.310371	7.75962	-7.55768	0
8.77696	-7.62116	-0.305168	8.77696	-7.62116	0
9.84577	-7.59587	-0.317985	9.84577	-7.59587	0
10.8285	-7.55284	-0.315467	10.8285	-7.55284	0
-11.8456	-7.62281	-0.318119	-11.8456	-7.62281	0
-10.8693	-7.59241	-0.337094	-10.8693	-7.59241	0
-9.83463	-7.60978	-0.333401	-9.83463	-7.60978	0
-8.85593	-7.59462	-0.326425	-8.85593	-7.59462	0
-7.74959	-7.61003	-0.33558	-7.74959	-7.61003	0
-6.72911	-7.61768	-0.319687	-6.72911	-7.61768	0
-5.70687	-7.55325	-0.335381	-5.70687	-7.55325	0
-4.60833	-7.57428	-0.311926	-4.60833	-7.57428	0
-3.61577	-7.53229	-0.312185	-3.61577	-7.53229	0
-2.58534	-7.47762	-0.307725	-2.58534	-7.47762	0
-1.56917	-7.53182	-0.33535	-1.56917	-7.53182	0
-0.523656	-6.53061	-0.292166	-0.523656	-6.53061	0
0.510342	-6.53518	-0.304688	0.510342	-6.53518	0
1.56438	-6.52397	-0.315425	1.56438	-6.52397	0
2.53056	-6.58408	-0.338206	2.53056	-6.58408	0
3.57985	-6.53709	-0.308674	3.57985	-6.53709	0
4.69125	-6.5999	-0.335187	4.69125	-6.5999	0
5.65603	-6.59033	-0.335897	5.65603	-6.59033	0
6.67319	-6.57243	-0.309762	6.67319	-6.57243	0
7.75503	-6.51007	-0.340358	7.75503	-6.51007	0
8.79129	-6.52936	-0.336374	8.79129	-6.52936	0
9.77234	-6.53759	-0.319305	9.77234	-6.53759	0
10.8132	-6.55717	-0.29763	10.8132	-6.55717	0
11.8661	-6.59219	-0.311307	11.8661	-6.59219	0
-10.8272	-6.59438	-0.31306	-10.8272	-6.59438	0
-9.83997	-6.51935	-0.321434	-9.83997	-6.51935	0
-8.82331	-6.51092	-0.308275	-8.82331	-6.51092	0
-7.74134	-6.53797	-0.30726	-7.74134	-6.53797	0
-6.75274	-6.59967	-0.343082	-6.75274	-6.59967	0
-5.75328	-6.59157	-0.290407	-5.75328	-6.59157	0
-4.71255	-6.58814	-0.341461	-4.71255	-6.58814	0
-3.63983	-6.48062	-0.300268	-3.63983	-6.48062	0
-2.55328	-6.42743	-0.301113	-2.55328	-6.42743	0
-1.5056	-6.48045	-0.323697	-1.5056	-6.48045	0
-0.477868	-5.54279	-0.317307	-0.477868	-5.54279	0
0.487658	-5.46564	-0.313568	0.487658	-5.46564	0
1.51942	-5.50273	-0.332785	1.51942	-5.50273	0
2.53237	-5.56754	-0.324393	2.53237	-5.56754	0
3.63038	-5.47807	-0.278344	3.63038	-5.47807	0
4.67611	-5.52441	-0.309393	4.67611	-5.52441	0
5.7214	-5.51645	-0.342625	5.7214	-5.51645	0
6.70147	-5.57127	-0.297359	6.70147	-5.57127	0
7.69165	-5.50745	-0.326037	7.69165	-5.50745	0
8.71004	-5.50998	-0.323272	8.71004	-5.50998	0
9.77051	-5.49595	-0.310849	9.77051	-5.49595	0
10.7379	-5.50574	-0.307315	10.7379	-5.50574	0
11.8238	-5.51467	-0.307567	11.8238	-5.51467	0
-10.9492	-5.5632	-0.321424	-10.9492	-5.5632	0
-9.87495	-5.49144	-0.313659	-9.87495	-5.49144	0
-8.85543	-5.57491	-0.316654	-8.85543	-5.57491	0
-7.78574	-5.58649	-0.321811	-7.78574	-5.58649	0
-6.75399	-5.57323	-0.311852	-6.75399	-5.57323	0
-5.71855	-5.5167	-0.331389	-5.71855	-5.5167	0
-4.68314	-5.53968	-0.334937	-4.68314	-5.53968	0
-3.70063	-5.50527	-0.328747	-3.70063	-5.50527	0
-2.6169	-5.46858	-0.31425	-2.6169	-5.46858	0
-1.60686	-5.45999	-0.328169	-1.60686	-5.45999	0
-0.572081	-4.46681	-0.326278	-0.572081	-4.46681	0
0.493468	-4.40779	-0.299543	0.493468	-4.40779	0
1.53	-4.41994	-0.31216	1.53	-4.41994	0
2.65179	-4.48789	-0.291264	2.65179	-4.48789	0
3.62866	-4.47737	-0.355252	3.62866	-4.47737	0
4.67044	-4.4785	-0.304458	4.67044	-4.4785	0
5.67553	-4.47995	-0.302578	5.67553	-4.47995	0
6.66585	-4.49319	-0.313238	6.66585	-4.49319	0
7.70125	-4.47011	-0.32226	7.70125	-4.47011	0
8.71036	-4.5144	-0.300634	8.71036	-4.5144	0
9.78974	-4.47929	-0.311774	9.78974	-4.47929	0
10.8354	-4.49125	-0.304128	10.8354	-4.49125	0
11.9008	-4.52587	-0.317026	-11.8852	-4.52587	0
-10.9146	-4.53151	-0.327285	-10.9146	-4.53151	0
-9.84122	-4.54728	-0.336632	-9.84122	-4.54728	0
-8.83014	-4.50988	-0.327379	-8.83014	-4.50988	0
-7.76588	-4.55062	-0.331482	-7.76588	-4.55062	0
-6.68804	-4.59854	-0.301315	-6.68804	-4.59854	0
-5.68645	-4.50596	-0.339123	-5.68645	-4.50596	0
-4.65794	-4.50413	-0.337202	-4.65794	-4.50413	0
-3.67719	-4.41426	-0.315519	-3.67719	-4.41426	0
-2.68239	-4.41037	-0.318149	-2.68239	-4.41037	0
-1.5827	-4.4914	-0.337	-1.5827	-4.4914	0
-0.555894	-3.37811	-0.302887	-0.555894	-3.37811	0
0.494649	-3.39164	-0.328368	0.494649	-3.39164	0
1.4825	-3.41577	-0.30636	1.4825	-3.41577	0
2.50583	-3.46529	-0.281466	2.50583	-3.46529	0
3.5747	-3.43867	-0.331263	3.5747	-3.43867	0
4.68988	-3.48905	-0.314059	4.68988	-3.48905	0
5.66015	-3.44159	-0.337298	5.66015	-3.44159	0
6.67023	-3.41564	-0.313837	6.67023	-3.41564	0
7.75988	-3.37506	-0.330686	7.75988	-3.37506	0
8.7719	-3.4619	-0.31517	8.7719	-3.4619	0
9.77084	-3.46552	-0.322782	9.77084	-3.46552	0
10.8555	-3.47319	-0.347658	10.8555	-3.47319	0
11.8903	-3.47163	-0.326456	11.8903	-3.47163	0
-10.8961	-3.48474	-0.304733	-10.8961	-3.48474	0
-9.82896	-3.46781	-0.314499	-9.82896	-3.46781	0
-8.82985	-3.55461	-0.330648	-8.82985	-3.55461	0
-7.79921	-3.52809	-0.316473	-7.79921	-3.52809	0
-6.71965	-3.46327	-0.336004	-6.71965	-3.46327	0
-5.66207	-3.4658	-0.327564	-5.66207	-3.4658	0
-4.64937	-3.42199	-0.299826	-4.64937	-3.42199	0
-3.66045	-3.36183	-0.321492	-3.66045	-3.36183	0
-2.59832	-3.41123	-0.304998	-2.59832	-3.41123	0
-1.5451	-3.37733	-0.299355	-1.5451	-3.37733	0
-0.562926	-2.33048	-0.317977	-0.562926	-2.33048	0
0.463606	-2.33678	-0.324122	0.463606	-2.33678	0
1.4566	-2.37741	-0.309094	1.4566	-2.37741	0
2.48253	-2.41783	-0.302907	2.48253	-2.41783	0
3.62212	-2.45003	-0.327882	3.62212	-2.45003	0
4.57812	-2.39697	-0.344711	4.57812	-2.39697	0
5.58536	-2.37863	-0.338925	5.58536	-2.37863	0
6.70723	-2.35907	-0.346776	6.70723	-2.35907	0
7.73878	-2.39046	-0.33548	7.73878	-2.39046	0
8.71118	-2.42686	-0.32625	8.71118	-2.42686	0
9.79237	-2.43776	-0.337585	9.79237	-2.43776	0
10.7897	-2.43791	-0.341718	10.7897	-2.43791	0
11.8755	-2.49717	-0.310492	11.8755	-2.49717	0
-10.865	-2.48235	-0.347217	-10.865	-2.48235	0
-9.90611	-2.46212	-0.314033	-9.90611	-2.46212	0
-8.80919	-2.46557	-0.316459	-8.80919	-2.46557	0
-7.81874	-2.45717	-0.301919	-7.81874	-2.45717	0
-6.7902	-2.44436	-0.322817	-6.7902	-2.44436	0
-5.71955	-2.45262	-0.348176	-5.71955	-2.45262	0
-4.67122	-2.41169	-0.30931	-4.67122	-2.41169	0
-3.67819	-2.3285	-0.314409	-3.67819	-2.3285	0
-2.66711	-2.42313	-0.334856	-2.66711	-2.42313	0
-1.58721	-2.34998	-0.331112	-1.58721	-2.34998	0
-0.557629	-1.35846	-0.317193	-0.557629	-1.35846	0
0.463007	-1.30654	-0.294448	0.463007	-1.30654	0
1.5734	-1.31939	-0.326191	1.5734	-1.31939	0
2.55335	-1.41749	-0.336851	2.55335	-1.41749	0
3.61123	-1.37489	-0.339614	3.61123	-1.37489	0
4.6194	-1.37672	-0.327478	4.6194	-1.37672	0
5.63001	-1.38671	-0.312288	5.63001	-1.38671	0
6.6424	-1.4016	-0.315554	6.6424	-1.4016	0
7.6827	-1.32797	-0.2897	7.6827	-1.32797	0
8.67987	-1.37756	-0.327312	8.67987	-1.37756	0
9.73722	-1.43148	-0.310356	9.73722	-1.43148	0
10.8341	-1.42197	-0.290484	10.8341	-1.42197	0
-11.9688	-1.48263	-0.304338	11.8172	-1.48263	0
-10.9163	-1.39556	-0.322779	-10.9163	-1.39556	0
-9.89825	-1.37734	-0.298896	-9.89825	-1.37734	0
-8.81622	-1.44885	-0.322213	-8.81622	-1.44885	0
-7.80567	-1.45993	-0.30904	-7.80567	-1.45993	0
-6.77972	-1.40725	-0.327835	-6.77972	-1.40725	0
-5.7524	-1.37853	-0.299007	-5.7524	-1.37853	0
-4.70544	-1.32143	-0.357074	-4.70544	-1.32143	0
-3.66419	-1.3546	-0.323848	-3.66419	-1.3546	0
-2.63964	-1.30504	-0.310153	-2.63964	-1.30504	0
-1.55433	-1.32487	-0.335754	-1.55433	-1.32487	0
-0.0266699	0.192423	0.307583	-0.0266699	0.192423	0
1.0444	0.194133	0.3101	1.0444	0.194133	0
2.0368	0.113341	0.317248	2.0368	0.113341	0
3.07537	0.179358	0.33677	3.07537	0.179358	0
4.08522	0.197213	0.342939	4.08522	0.197213	0
5.07614	0.210761	0.335912	5.07614	0.210761	0
6.06477	0.148075	0.323045	6.06477	0.148075	0
7.17201	0.165739	0.330711	7.17201	0.165739	0
8.2173	0.150952	0.294004	8.2173	0.150952	0
9.27016	0.132871	0.325083	9.27016	0.132871	0
10.2826	0.122833	0.313959	10.2826	0.122833	0
11.3128	0.118497	0.319766	11.3128	0.118497	0
-11.4015	0.115428	0.312399	-11.4015	0.115428	0
-10.4019	0.150286	0.314419	-10.4019	0.150286	0
-9.38732	0.14353	0.307653	-9.38732	0.14353	0
-8.31651	0.145859	0.315548	-8.31651	0.145859	0
-7.25261	0.240445	0.324278	-7.25261	0.240445	0
-6.26046	0.161601	0.333698	-6.26046	0.161601	0
-5.24472	0.138691	0.328164	-5.24472	0.138691	0
-4.18544	0.191028	0.342161	-4.18544	0.191028	0
-3.14621	0.211515	0.306893	-3.14621	0.211515	0
-2.05083	0.227244	0.313703	-2.05083	0.227244	0
-1.06159	0.184575	0.310023	-1.06159	0.184575	0
-0.101604	1.2693	0.298988	-0.101604	1.2693	0
0.955843	1.25574	0.33635	0.955843	1.25574	0
2.0384	1.14981	0.319611	2.0384	1.14981	0
3.0977	1.18625	0.315064	3.0977	1.18625	0
4.0874	1.21755	0.336596	4.0874	1.21755	0
5.0987	1.19011	0.327794	5.0987	1.19011	0
6.08801	1.23665	0.330922	6.08801	1.23665	0
7.14369	1.16871	0.325268	7.14369	1.16871	0
8.29649	1.20111	0.313027	8.29649	1.20111	0
9.26779	1.20512	0.31962	9.26779	1.20512	0
10.3042	1.17776	0.328708	10.3042	1.17776	0
11.3247	1.1543	0.313803	11.3247	1.1543	0
-11.4217	1.18979	0.330588	-11.4217	1.18979	0
-10.3811	1.24511	0.339309	-10.3811	1.24511	0
-9.38121	1.19485	0.294472	-9.38121	1.19485	0
-8.3461	1.22061	0.318496	-8.3461	1.22061	0
-7.27664	1.25313	0.321083	-7.27664	1.25313	0
-6.25258	1.19438	0.339046	-6.25258	1.19438	0
-5.16781	1.28807	0.310591	-5.16781	1.28807	0
-4.13705	1.32971	0.31704	-4.13705	1.32971	0
-3.09344	1.20769	0.313028	-3.09344	1.20769	0
-2.05253	1.24593	0.308359	-2.05253	1.24593	0
-1.05977	1.28811	0.300502	-1.05977	1.28811	0
-0.0718245	2.36924	0.334335	-0.0718245	2.36924	0
0.941256	2.27399	0.332512	0.941256	2.27399	0
1.99005	2.24432	0.329928	1.99005	2.24432	0
3.04187	2.23503	0.303846	3.04187	2.23503	0
4.07509	2.28162	0.2841	4.07509	2.28162	0
5.09	2.19063	0.321237	5.09	2.19063	0
6.0964	2.2446	0.320974	6.0964	2.2446	0
7.1855	2.20666	0.293327	7.1855	2.20666	0
8.18275	2.19444	0.318786	8.18275	2.19444	0
9.26925	2.26796	0.33058	9.26925	2.26796	0
10.2554	2.22313	0.339121	10.2554	2.22313	0
11.3298	2.15991	0.307656	11.3298	2.15991	0
-11.4116	2.18499	0.300006	-11.4116	2.18499	0
-10.3682	2.24972	0.31164	-10.3682	2.24972	0
-9.34975	2.26191	0.280574	-9.34975	2.26191	0
-8.30665	2.25451	0.324314	-8.30665	2.25451	0
-7.27863	2.25001	0.311117	-7.27863	2.25001	0
-6.26654	2.25044	0.332562	-6.26654	2.25044	0
-5.2024	2.2718	0.290401	-5.2024	2.2718	0
-4.18425	2.30698	0.335208	-4.18425	2.30698	0
-3.12818	2.28604	0.277304	-3.12818	2.28604	0
-2.08944	2.34603	0.306838	-2.08944	2.34603	0
-1.02792	2.34596	0.307626	-1.02792	2.34596	0
-0.0250332	3.35792	0.313049	-0.0250332	3.35792	0
0.996691	3.23504	0.33289	0.996691	3.23504	0
2.02218	3.28268	0.286884	2.02218	3.28268	0
3.01393	3.24657	0.323405	3.01393	3.24657	0
4.04215	3.2961	0.317005	4.04215	3.2961	0
5.0757	3.27449	0.356765	5.0757	3.27449	0
6.13569	3.24959	0.316463	6.13569	3.24959	0
7.14882	3.27782	0.322719	7.14882	3.27782	0
8.1564	3.27188	0.314906	8.1564	3.27188	0
9.19221	3.30232	0.298505	9.19221	3.30232	0
10.2512	3.22897	0.296466	10.2512	3.22897	0
11.2645	3.24006	0.308825	11.2645	3.24006	0
-11.4266	3.23596	0.319163	-11.4266	3.23596	0
-10.4357	3.23517	0.315714	-10.4357	3.23517	0
-9.32032	3.2591	0.305002	-9.32032	3.2591	0
-8.30568	3.28465	0.325326	-8.30568	3.28465	0
-7.29124	3.2372	0.325383	-7.29124	3.2372	0
-6.21667	3.3092	0.319213	-6.21667	3.3092	0
-5.1868	3.28103	0.329658	-5.1868	3.28103	0
-4.16639	3.3483	0.311916	-4.16639	3.3483	0
-3.15347	3.33022	0.327206	-3.15347	3.33022	0
-2.05148	3.32377	0.310795	-2.05148	3.32377	0
-1.04896	3.40035	0.306533	-1.04896	3.40035	0
-0.00417816	4.36331	0.317746	-0.00417816	4.36331	0
1.06484	4.33065	0.355664	1.06484	4.33065	0
2.06276	4.30711	0.326454	2.06276	4.30711	0
3.07003	4.2598	0.319788	3.07003	4.2598	0
4.07923	4.32347	0.305079	4.07923	4.32347	0
5.07466	4.29599	0.325432	5.07466	4.29599	0
6.13111	4.29979	0.334171	6.13111	4.29979	0
7.14298	4.27786	0.328829	7.14298	4.27786	0
8.187	4.31361	0.303931	8.187	4.31361	0
9.21831	4.33127	0.302956	9.21831	4.33127	0
10.3178	4.25282	0.3144	10.3178	4.25282	0
11.413	4.21178	0.305569	11.413	4.21178	0
-11.3737	4.26437	0.30902	-11.3737	4.26437	0
-10.3497	4.23157	0.29944	-10.3497	4.23157	0
-9.31777	4.27243	0.32582	-9.31777	4.27243	0
-8.32693	4.28171	0.291823	-8.32693	4.28171	0
-7.2215	4.35931	0.342825	-7.2215	4.35931	0
-6.24232	4.37307	0.33215	-6.24232	4.37307	0
-5.24692	4.29143	0.314224	-5.24692	4.29143	0
-4.16417	4.39429	0.296734	-4.16417	4.39429	0
-3.15564	4.35928	0.328686	-3.15564	4.35928	0
-2.10178	4.35834	0.324029	-2.10178	4.35834	0
-1.0077	4.40321	0.340819	-1.0077	4.40321	0
0.0181415	5.36137	0.331854	0.0181415	5.36137	0
1.02022	5.39894	0.317625	1.02022	5.39894	0
2.07944	5.32007	0.319938	2.07944	5.32007	0
3.06861	5.37045	0.33394	3.06861	5.37045	0
4.09195	5.40419	0.33774	4.09195	5.40419	0
5.08282	5.31244	0.332008	5.08282	5.31244	0
6.14016	5.29986	0.334232	6.14016	5.29986	0
7.17884	5.30201	0.336087	7.17884	5.30201	0
8.22828	5.35456	0.298033	8.22828	5.35456	0
9.21959	5.33376	0.326577	9.21959	5.33376	0
10.3264	5.31243	0.277636	10.3264	5.31243	0
11.3612	5.34943	0.32381	11.3612	5.34943	0
-11.3986	5.29562	0.310233	-11.3986	5.29562	0
-10.3492	5.24341	0.318567	-10.3492	5.24341	0
-9.34902	5.2712	0.325171	-9.34902	5.2712	0
-8.29091	5.34814	0.358217	-8.29091	5.34814	0
-7.27658	5.39328	0.327981	-7.27658	5.39328	0
-6.23196	5.40607	0.311894	-6.23196	5.40607	0
-5.21527	5.33732	0.361573	-5.21527	5.33732	0
-4.20396	5.34221	0.335005	-4.20396	5.34221	0
-3.12015	5.36272	0.271506	-3.12015	5.36272	0
-2.13678	5.42807	0.308222	-2.13678	5.42807	0
-1.05101	5.40381	0.283423	-1.05101	5.40381	0
-0.0141715	6.42693	0.300497	-0.0141715	6.42693	0
0.994682	6.43214	0.289892	0.994682	6.43214	0
2.04027	6.40842	0.337582	2.04027	6.40842	0
3.04144	6.38014	0.323742	3.04144	6.38014	0
4.05997	6.3922	0.339186	4.05997	6.3922	0
5.03851	6.38166	0.288373	5.03851	6.38166	0
6.10134	6.28005	0.303938	6.10134	6.28005	0
7.10514	6.33616	0.312218	7.10514	6.33616	0
8.23121	6.37969	0.309166	8.23121	6.37969	0
9.26379	6.37738	0.323751	9.26379	6.37738	0
10.2954	6.3911	0.324681	10.2954	6.3911	0
11.3552	6.3577	0.311005	11.3552	6.3577	0
-11.4197	6.30257	0.343621	-11.4197	6.30257	0
-10.3951	6.24169	0.317249	-10.3951	6.24169	0
-9.34364	6.32266	0.325747	-9.34364	6.32266	0
-8.28145	6.3502	0.276923	-8.28145	6.3502	0
-7.26914	6.41239	0.318983	-7.26914	6.41239	0
-6.25125	6.4614	0.323157	-6.25125	6.4614	0
-5.21554	6.39396	0.307497	-5.21554	6.39396	0
-4.21676	6.41814	0.322618	-4.21676	6.41814	0
-3.17599	6.38297	0.332193	-3.17599	6.38297	0
-2.13777	6.43039	0.318205	-2.13777	6.43039	0
-1.09507	6.48919	0.314701	-1.09507	6.48919	0
-0.057896	7.50568	0.32691	-0.057896	7.50568	0
0.967856	7.47944	0.297182	0.967856	7.47944	0
1.94258	7.39782	0.337406	1.94258	7.39782	0
3.10913	7.44862	0.317195	3.10913	7.44862	0
4.11206	7.43231	0.326847	4.11206	7.43231	0
5.1213	7.35564	0.279555	5.1213	7.35564	0
6.10436	7.37671	0.301607	6.10436	7.37671	0
7.11868	7.37732	0.337993	7.11868	7.37732	0
8.19011	7.42099	0.295706	8.19011	7.42099	0
9.28524	7.39817	0.302479	9.28524	7.39817	0
10.2811	7.42519	0.326461	10.2811	7.42519	0
11.3509	7.42123	0.327384	11.3509	7.42123	0
-11.3989	7.35434	0.285504	-11.3989	7.35434	0
-10.3887	7.25865	0.305594	-10.3887	7.25865	0
-9.3846	7.3772	0.33316	-9.3846	7.3772	0
-8.34999	7.37713	0.324189	-8.34999	7.37713	0
-7.33256	7.43705	0.329386	-7.33256	7.43705	0
-6.26653	7.47582	0.320057	-6.26653	7.47582	0
-5.20752	7.43601	0.31337	-5.20752	7.43601	0
-4.17792	7.39792	0.323779	-4.17792	7.39792	0
-3.16497	7.45199	0.331399	-3.16497	7.45199	0
-2.12147	7.49243	0.335657	-2.12147	7.49243	0
-1.13892	7.51366	0.329917	-1.13892	7.51366	0
-0.0991037	8.52968	0.317761	-0.0991037	8.52968	0
0.937715	8.47126	0.321502	0.937715	8.47126	0
1.9799	8.40085	0.312286	1.9799	8.40085	0
2.96502	8.46543	0.310391	2.96502	8.46543	0
4.06667	8.4254	0.341325	4.06667	8.4254	0
5.13312	8.46649	0.322512	5.13312	8.46649	0
6.10066	8.46119	0.330529	6.10066	8.46119	0
7.12281	8.39248	0.33656	7.12281	8.39248	0
8.17857	8.39575	0.306701	8.17857	8.39575	0
9.22239	8.4635	0.331802	9.22239	8.4635	0
10.3066	8.45529	0.346562	10.3066	8.45529	0
11.3525	8.41511	0.315156	11.3525	8.41511	0
-11.4082	8.4254	0.321497	-11.4082	8.4254	0
-10.392	8.37526	0.321609	-10.392	8.37526	0
-9.37283	8.38103	0.310932	-9.37283	8.38103	0
-8.36454	8.42169	0.343678	-8.36454	8.42169	0
-7.29101	8.48379	0.31816	-7.29101	8.48379	0
-6.24707	8.45957	0.317683	-6.24707	8.45957	0
-5.2155	8.46704	0.302524	-5.2155	8.46704	0
-4.17632	8.51286	0.307946	-4.17632	8.51286	0
-3.1716	8.46766	0.330661	-3.1716	8.46766	0
-2.16964	8.4868	0.314431	-2.16964	8.4868	0
-1.19061	8.50903	0.325485	-1.19061	8.50903	0
-0.112276	9.57749	0.313816	-0.112276	9.57749	0
0.916165	9.49852	0.313257	0.916165	9.49852	0
1.93909	9.40571	0.328801	1.93909	9.40571	0
3.02532	9.44698	0.323102	3.02532	9.44698	0
4.07523	9.46159	0.309588	4.07523	9.46159	0
5.11439	9.51024	0.291581	5.11439	9.51024	0
6.12228	9.50294	0.341221	6.12228	9.50294	0
7.16787	9.43858	0.310453	7.16787	9.43858	0
8.15794	9.48834	0.34355	8.15794	9.48834	0
9.22584	9.51796	0.320347	9.22584	9.51796	0
10.2298	9.42208	0.330477	10.2298	9.42208	0
11.3088	9.42358	0.299519	11.3088	9.42358	0
-11.4638	9.45735	0.297736	-11.4638	9.45735	0
-10.402	9.46164	0.33297	-10.402	9.46164	0
-9.35692	9.47548	0.309479	-9.35692	9.47548	0
-8.36023	9.46436	0.324359	-8.36023	9.46436	0
-7.23346	9.51521	0.332273	-7.23346	9.51521	0
-6.23942	9.47308	0.317715	-6.23942	9.47308	0
-5.20543	9.54201	0.287916	-5.20543	9.54201	0
-4.17241	9.53084	0.300449	-4.17241	9.53084	0
-3.19217	9.56896	0.318599	-3.19217	9.56896	0
-2.14278	9.57582	0.334522	-2.14278	9.57582	0
-1.16614	9.60782	0.321075	-1.16614	9.60782	0
-0.0981701	10.609	0.323205	-0.0981701	10.609	0
0.918464	10.5666	0.317296	0.918464	10.5666	0
1.98983	10.5491	0.304953	1.98983	10.5491	0
3.02615	10.4767	0.319921	3.02615	10.4767	0
4.03211	10.5393	0.288492	4.03211	10.5393	0
5.12744	10.5262	0.295867	5.12744	10.5262	0
6.11465	10.5141	0.333298	6.11465	10.5141	0
7.16105	10.502	0.344406	7.16105	10.502	0
8.20364	10.5436	0.304172	8.20364	10.5436	0
9.24141	10.5336	0.322801	9.24141	10.5336	0
10.3008	10.5215	0.312634	10.3008	10.5215	0
11.3571	10.4774	0.271561	11.3571	10.4774	0
-11.4434	10.523	0.318028	-11.4434	10.523	0
-10.4095	10.5268	0.316108	-10.4095	10.5268	0
-9.39965	10.4892	0.328987	-9.39965	10.4892	0
-8.37476	10.5059	0.32526	-8.37476	10.5059	0
-7.31915	10.5173	0.313621	-7.31915	10.5173	0
-6.26739	10.5438	0.314952	-6.26739	10.5438	0
-5.28683	10.5792	0.293047	-5.28683	10.5792	0
-4.215	10.5918	0.28351	-4.215	10.5918	0
-3.22235	10.5335	0.327892	-3.22235	10.5335	0
-2.19437	10.5782	0.314024	-2.19437	10.5782	0
-1.11848	10.5697	0.315534	-1.11848	10.5697	0
-0.0540174	11.5729	0.34381	-0.0540174	11.5729	0
0.931418	11.5953	0.31482	0.931418	11.5953	0
1.99283	11.5766	0.330184	1.99283	11.5766	0
3.01274	11.5757	0.328027	3.01274	11.5757	0
4.03414	11.5517	0.29405	4.03414	11.5517	0
5.0728	11.5292	0.342231	5.0728	11.5292	0
6.10776	11.5182	0.327649	6.10776	11.5182	0
7.0958	11.5802	0.322589	7.0958	11.5802	0
8.14799	11.5175	0.314973	8.14799	11.5175	0
9.23472	11.5312	0.31681	9.23472	11.5312	0
10.2568	11.5413	0.302184	10.2568	11.5413	0
11.3264	11.5434	0.323667	11.3264	11.5434	0
-11.3814	11.5453	0.333599	-11.3814	11.5453	0
-10.3791	11.5607	0.325968	-10.3791	11.5607	0
-9.36316	11.5359	0.325947	-9.36316	11.5359	0
-8.35888	11.5567	0.306752	-8.35888	11.5567	0
-7.3224	11.5735	0.322742	-7.3224	11.5735	0
-6.30541	11.5871	0.320856	-6.30541	11.5871	0
-5.23318	11.6179	0.326929	-5.23318	11.6179	0
-4.19414	11.5584	0.343516	-4.19414	11.5584	0
-3.16906	11.6164	0.319304	-3.16906	11.6164	0
-2.21393	11.6116	0.302404	-2.21393	11.6116	0
-1.08009	11.6246	0.339535	-1.08009	11.6246	0
-0.0850827	-11.1536	0.316081	-0.0850827	-11.1536	0
0.90661	-11.1376	0.319539	0.90661	-11.1376	0
1.94687	-11.1801	0.323981	1.94687	-11.1801	0
2.97504	-11.1992	0.306519	2.97504	-11.1992	0
4.00986	-11.1975	0.289138	4.00986	-11.1975	0
5.03911	-11.226	0.315585	5.03911	-11.226	0
6.08037	-11.2234	0.301889	6.08037	-11.2234	0
7.12005	-11.1976	0.337971	7.12005	-11.1976	0
8.197	-11.2221	0.295895	8.197	-11.2221	0
9.22217	-11.1583	0.277835	9.22217	-11.1583	0
10.2842	-11.2517	0.320962	10.2842	-11.2517	0
11.3327	-11.1685	0.328178	11.3327	-11.1685	0
-11.4258	-11.2107	0.345683	-11.4258	-11.2107	0
-10.3644	-11.1964	0.3104	-10.3644	-11.1964	0
-9.35589	-11.2556	0.279178	-9.35589	-11.2556	0
-8.34029	-11.2315	0.318886	-8.34029	-11.2315	0
-7.26796	-11.1937	0.305537	-7.26796	-11.1937	0
-6.25954	-11.2035	0.313452	-6.25954	-11.2035	0
-5.19348	-11.1587	0.305505	-5.19348	-11.1587	0
-4.17158	-11.1729	0.317673	-4.17158	-11.1729	0
-3.14852	-11.1582	0.322683	-3.14852	-11.1582	0
-2.15307	-11.1526	0.328508	-2.15307	-11.1526	0
-1.1056	-11.1412	0.296148	-1.1056	-11.1412	0
-0.0585328	-10.1445	0.301826	-0.0585328	-10.1445	0
1.00243	-10.1446	0.332392	1.00243	-10.1446	0
2.05815	-10.1621	0.341717	2.05815	-10.1621	0
3.04444	-10.2144	0.312552	3.04444	-10.2144	0
4.06153	-10.1629	0.296111	4.06153	-10.1629	0
5.06729	-10.2031	0.295347	5.06729	-10.2031	0
6.10819	-10.1881	0.301749	6.10819	-10.1881	0
7.10049	-10.1375	0.339041	7.10049	-10.1375	0
8.15466	-10.141	0.30731	8.15466	-10.141	0
9.19931	-10.1232	0.307481	9.19931	-10.1232	0
10.2637	-10.1859	0.332937	10.2637	-10.1859	0
11.2667	-10.1266	0.315673	11.2667	-10.1266	0
-11.4726	-10.198	0.317778	-11.4726	-10.198	0
-10.3656	-10.2286	0.291295	-10.3656	-10.2286	0
-9.33166	-10.1648	0.327613	-9.33166	-10.1648	0
-8.32357	-10.1638	0.295522	-8.32357	-10.1638	0
-7.27202	-10.2036	0.342695	-7.27202	-10.2036	0
-6.24635	-10.119	0.317869	-6.24635	-10.119	0
-5.19156	-10.1029	0.301855	-5.19156	-10.1029	0
-4.17974	-10.1148	0.293215	-4.17974	-10.1148	0
-3.15476	-10.0966	0.333588	-3.15476	-10.0966	0
-2.09774	-10.0945	0.328038	-2.09774	-10.0945	0
-1.12003	-10.0989	0.32505	-1.12003	-10.0989	0
-0.0683421	-9.04685	0.307874	-0.0683421	-9.04685	0
1.01865	-9.16373	0.291591	1.01865	-9.16373	0
2.00214	-9.10091	0.34225	2.00214	-9.10091	0
3.08966	-9.16131	0.321221	3.08966	-9.16131	0
4.11131	-9.10573	0.330448	4.11131	-9.10573	0
5.10211	-9.15303	0.288976	5.10211	-9.15303	0
6.15771	-9.17881	0.305394	6.15771	-9.17881	0
7.1753	-9.18828	0.3276	7.1753	-9.18828	0
8.23742	-9.09036	0.297182	8.23742	-9.09036	0
9.2189	-9.09686	0.3127	9.2189	-9.09686	0
10.2776	-9.17356	0.33825	10.2776	-9.17356	0
11.3242	-9.1372	0.342054	11.3242	-9.1372	0
-11.4278	-9.13249	0.320615	-11.4278	-9.13249	0
-10.3687	-9.24882	0.314531	-10.3687	-9.24882	0
-9.2917	-9.11745	0.312634	-9.2917	-9.11745	0
-8.30374	-9.15584	0.332322	-8.30374	-9.15584	0
-7.274	-9.13321	0.337713	-7.274	-9.13321	0
-6.24821	-9.11173	0.297777	-6.24821	-9.11173	0
-5.18389	-9.13068	0.330488	-5.18389	-9.13068	0
-4.19209	-9.07086	0.305787	-4.19209	-9.07086	0
-3.14965	-9.05556	0.336893	-3.14965	-9.05556	0
-2.10606	-9.01847	0.310345	-2.10606	-9.01847	0
-1.09886	-9.09027	0.306979	-1.09886	-9.09027	0
-0.023789	-8.07096	0.289947	-0.023789	-8.07096	0
1.02644	-8.05728	0.30585	1.02644	-8.05728	0
2.03077	-8.11797	0.276346	2.03077	-8.11797	0
3.11295	-8.11304	0.33618	3.11295	-8.11304	0
4.11775	-8.14404	0.300229	4.11775	-8.14404	0
5.15487	-8.11947	0.326496	5.15487	-8.11947	0
6.16374	-8.13155	0.320681	6.16374	-8.13155	0
7.19516	-8.1044	0.308013	7.19516	-8.1044	0
8.21941	-8.10543	0.318529	8.21941	-8.10543	0
9.29459	-8.09191	0.30487	9.29459	-8.09191	0
10.3443	-8.14872	0.327028	10.3443	-8.14872	0
11.3593	-8.04814	0.304663	11.3593	-8.04814	0
-11.3411	-8.12172	0.301912	-11.3411	-8.12172	0
-10.3544	-8.13753	0.306172	-10.3544	-8.13753	0
-9.35644	-8.12362	0.323391	-9.35644	-8.12362	0
-8.30332	-8.08234	0.320572	-8.30332	-8.08234	0
-7.20573	-8.07835	0.333645	-7.20573	-8.07835	0
-6.25189	-8.14858	0.309827	-6.25189	-8.14858	0
-5.18865	-8.05072	0.321043	-5.18865	-8.05072	0
-4.13284	-8.0859	0.306399	-4.13284	-8.0859	0
-3.07859	-8.01813	0.316577	-3.07859	-8.01813	0
-2.12099	-7.99797	0.296979	-2.12099	-7.99797	0
-1.05801	-8.00226	0.312185	-1.05801	-8.00226	0
-0.0560381	-7.0148	0.341984	-0.0560381	-7.0148	0
1.0301	-7.00192	0.314526	1.0301	-7.00192	0
2.05217	-7.09588	0.317323	2.05217	-7.09588	0
3.03282	-7.13537	0.309879	3.03282	-7.13537	0
4.08789	-7.05616	0.300713	4.08789	-7.05616	0
5.18028	-7.10424	0.338486	5.18028	-7.10424	0
6.18461	-7.06456	0.332974	6.18461	-7.06456	0
7.26756	-7.0384	0.295385	7.26756	-7.0384	0
8.29283	-7.03582	0.301957	8.29283	-7.03582	0
9.30303	-7.07816	0.323729	9.30303	-7.07816	0
10.2976	-7.05575	0.322404	10.2976	-7.05575	0
11.3699	-7.05267	0.339277	11.3699	-7.05267	0
-11.3575	-7.07722	0.311203	-11.3575	-7.07722	0
-10.3236	-7.06402	0.312677	-10.3236	-7.06402	0
-9.32361	-7.07851	0.321769	-9.32361	-7.07851	0
-8.29774	-7.1174	0.277286	-8.29774	-7.1174	0
-7.26407	-7.10018	0.26728	-7.26407	-7.10018	0
-6.24178	-7.08745	0.334398	-6.24178	-7.08745	0
-5.1687	-7.06215	0.326395	-5.1687	-7.06215	0
-4.14031	-7.05119	0.337122	-4.14031	-7.05119	0
-3.09318	-6.96476	0.308306	-3.09318	-6.96476	0
-2.04745	-6.99079	0.3115	-2.04745	-6.99079	0
-1.04654	-6.99916	0.347867	-1.04654	-6.99916	0
-0.00521148	-6.0209	0.351458	-0.00521148	-6.0209	0
0.99236	-5.96324	0.33313	0.99236	-5.96324	0
2.01043	-6.05077	0.307145	2.01043	-6.05077	0
3.08068	-6.04848	0.330575	3.08068	-6.04848	0
4.16975	-6.05254	0.285967	4.16975	-6.05254	0
5.15948	-6.06564	0.297767	5.15948	-6.06564	0
6.14552	-6.02419	0.343386	6.14552	-6.02419	0
7.23428	-6.05349	0.312945	7.23428	-6.05349	0
8.25693	-6.02767	0.319941	8.25693	-6.02767	0
9.26366	-6.02206	0.325693	9.26366	-6.02206	0
10.2991	-6.00376	0.306527	10.2991	-6.00376	0
11.3121	-5.97819	0.309627	11.3121	-5.97819	0
-11.4696	-6.07716	0.318957	-11.4696	-6.07716	0
-10.3811	-6.05543	0.317616	-10.3811	-6.05543	0
-9.35754	-6.02162	0.351022	-9.35754	-6.02162	0
-8.29467	-6.03978	0.320541	-8.29467	-6.03978	0
-7.25899	-6.0755	0.337954	-7.25899	-6.0755	0
-6.23281	-6.07294	0.294876	-6.23281	-6.07294	0
-5.18542	-6.06544	0.307272	-5.18542	-6.06544	0
-4.18258	-6.03768	0.325045	-4.18258	-6.03768	0
-3.17889	-5.94989	0.324016	-3.17889	-5.94989	0
-2.06572	-5.96682	0.311141	-2.06572	-5.96682	0
-1.07572	-5.99119	0.306297	-1.07572	-5.99119	0
-0.0400814	-4.96352	0.322487	-0.0400814	-4.96352	0
0.999448	-4.92679	0.317284	0.999448	-4.92679	0
2.06705	-4.98764	0.308345	2.06705	-4.98764	0
3.0724	-5.04182	0.31068	3.0724	-5.04182	0
4.12028	-4.99497	0.319596	4.12028	-4.99497	0
5.19126	-5.03294	0.325472	5.19126	-5.03294	0
6.23774	-5.05589	0.310547	6.23774	-5.05589	0
7.22371	-4.98224	0.347321	7.22371	-4.98224	0
8.21724	-5.01722	0.328517	8.21724	-5.01722	0
9.2296	-5.0174	0.293786	9.2296	-5.0174	0
10.2478	-4.96364	0.310544	10.2478	-4.96364	0
11.3133	-5.02292	0.314764	11.3133	-5.02292	0
-11.3926	-5.06428	0.315892	-11.3926	-5.06428	0
-10.4427	-4.99206	0.316803	-10.4427	-4.99206	0
-9.35966	-5.03656	0.316139	-9.35966	-5.03656	0
-8.31878	-5.0322	0.304622	-8.31878	-5.0322	0
-7.30441	-5.0375	0.320709	-7.30441	-5.0375	0
-6.22278	-5.07234	0.320774	-6.22278	-5.07234	0
-5.18468	-4.98384	0.322564	-5.18468	-4.98384	0
-4.17634	-5.04304	0.309336	-4.17634	-5.04304	0
-3.19359	-4.95694	0.295169	-3.19359	-4.95694	0
-2.10451	-4.92819	0.302668	-2.10451	-4.92819	0
-1.09053	-4.96203	0.328935	-1.09053	-4.96203	0
-0.0262962	-3.94695	0.315067	-0.0262962	-3.94695	0
0.990693	-3.8977	0.313359	0.990693	-3.8977	0
2.02351	-3.99913	0.349955	2.02351	-3.99913	0
3.07269	-3.93217	0.325592	3.07269	-3.93217	0
4.09741	-3.95483	0.333071	4.09741	-3.95483	0
5.17114	-3.97445	0.345119	5.17114	-3.97445	0
6.17427	-3.92796	0.323368	6.17427	-3.92796	0
7.17957	-3.9681	0.312844	7.17957	-3.9681	0
8.23754	-3.92755	0.298958	8.23754	-3.92755	0
9.25802	-4.00593	0.317598	9.25802	-4.00593	0
10.3523	-3.91639	0.330838	10.3523	-3.91639	0
11.4296	-3.96695	0.330977	11.4296	-3.96695	0
-11.4013	-3.98238	0.323604	-11.4013	-3.98238	0
-10.3565	-4.06698	0.292683	-10.3565	-4.06698	0
-9.32683	-4.02233	0.323805	-9.32683	-4.02233	0
-8.2966	-4.0101	0.324145	-8.2966	-4.0101	0
-7.23315	-4.01263	0.293733	-7.23315	-4.01263	0
-6.19599	-3.98408	0.304163	-6.19599	-3.98408	0
-5.188	-3.97421	0.317322	-5.188	-3.97421	0
-4.17358	-3.96983	0.340548	-4.17358	-3.96983	0
-3.12333	-3.89621	0.327806	-3.12333	-3.89621	0
-2.08399	-3.91723	0.315593	-2.08399	-3.91723	0
-1.08174	-3.95932	0.31529	-1.08174	-3.95932	0
-0.0313338	-2.91877	0.309998	-0.0313338	-2.91877	0
0.956249	-2.86919	0.326095	0.956249	-2.86919	0
1.97031	-2.94345	0.322403	1.97031	-2.94345	0
3.04749	-2.9083	0.286919	3.04749	-2.9083	0
4.06712	-2.96161	0.316614	4.06712	-2.96161	0
5.14288	-2.95802	0.310432	5.14288	-2.95802	0
6.13958	-2.87252	0.288622	6.13958	-2.87252	0
7.21072	-2.93566	0.300201	7.21072	-2.93566	0
8.27653	-2.89784	0.318966	8.27653	-2.89784	0
9.30412	-2.94842	0.322091	9.30412	-2.94842	0
10.2962	-2.96842	0.340034	10.2962	-2.96842	0
11.3239	-2.95069	0.323532	11.3239	-2.95069	0
-11.3954	-2.95818	0.33767	-11.3954	-2.95818	0
-10.3719	-2.99937	0.320228	-10.3719	-2.99937	0
-9.3298	-2.96914	0.296708	-9.3298	-2.96914	0
-8.31948	-2.97539	0.32431	-8.31948	-2.97539	0
-7.26975	-2.98969	0.276023	-7.26975	-2.98969	0
-6.24685	-2.96956	0.300963	-6.24685	-2.96956	0
-5.19202	-2.92765	0.317103	-5.19202	-2.92765	0
-4.15826	-2.86702	0.325714	-4.15826	-2.86702	0
-3.12712	-2.90961	0.315886	-3.12712	-2.90961	0
-2.11718	-2.89672	0.324767	-2.11718	-2.89672	0
-1.05727	-2.85314	0.301317	-1.05727	-2.85314	0
-0.0409465	-1.82501	0.330569	-0.0409465	-1.82501	0
0.994379	-1.80979	0.306358	0.994379	-1.80979	0
2.02512	-1.83734	0.316211	2.02512	-1.83734	0
3.05238	-1.91446	0.29102	3.05238	-1.91446	0
4.12213	-1.86388	0.319757	4.12213	-1.86388	0
5.14301	-1.91842	0.319119	5.14301	-1.91842	0
6.15327	-1.90753	0.309845	6.15327	-1.90753	0
7.20667	-1.9397	0.332993	7.20667	-1.9397	0
8.24343	-1.86289	0.333548	8.24343	-1.86289	0
9.22846	-1.94141	0.333396	9.22846	-1.94141	0
10.2468	-1.92191	0.324181	10.2468	-1.92191	0
11.3442	-1.95853	0.335025	11.3442	-1.95853	0
-11.347	-1.9234	0.317686	-11.347	-1.9234	0
-10.3968	-1.9365	0.295561	-10.3968	-1.9365	0
-9.37952	-1.92683	0.341732	-9.37952	-1.92683	0
-8.37573	-1.95682	0.342733	-8.37573	-1.95682	0
-7.27616	-1.91015	0.330363	-7.27616	-1.91015	0
-6.23238	-1.93205	0.284874	-6.23238	-1.93205	0
-5.19668	-1.88494	0.309863	-5.19668	-1.88494	0
-4.18671	-1.8231	0.318784	-4.18671	-1.8231	0
-3.14733	-1.8811	0.325451	-3.14733	-1.8811	0
-2.1215	-1.91512	0.291302	-2.1215	-1.91512	0
-1.10542	-1.86123	0.345108	-1.10542	-1.86123	0
-0.091515	-0.829631	0.320567	-0.091515	-0.829631	0
1.01988	-0.815582	0.304559	1.01988	-0.815582	0
2.04106	-0.844818	0.323434	2.04106	-0.844818	0
3.10231	-0.858519	0.321305	3.10231	-0.858519	0
4.11233	-0.863338	0.309066	4.11233	-0.863338	0
5.11372	-0.849926	0.314922	5.11372	-0.849926	0
6.16839	-0.898278	0.30263	6.16839	-0.898278	0
7.11284	-0.817759	0.293937	7.11284	-0.817759	0
8.2028	-0.846724	0.319451	8.2028	-0.846724	0
9.22602	-0.898803	0.315336	9.22602	-0.898803	0
10.253	-0.931598	0.304661	10.253	-0.931598	0
11.3445	-0.921966	0.327665	11.3445	-0.921966	0
-11.4941	-0.890415	0.318268	-11.4941	-0.890415	0
-10.3592	-0.884112	0.324116	-10.3592	-0.884112	0
-9.33551	-0.91017	0.297415	-9.33551	-0.91017	0
-8.30148	-0.886646	0.343023	-8.30148	-0.886646	0
-7.28782	-0.867417	0.328792	-7.28782	-0.867417	0
-6.25628	-0.882709	0.331217	-6.25628	-0.882709	0
-5.2435	-0.860204	0.315355	-5.2435	-0.860204	0
-4.19971	-0.826863	0.331925	-4.19971	-0.826863	0
-3.20137	-0.833693	0.304747	-3.20137	-0.833693	0
-2.1247	-0.853048	0.342885	-2.1247	-0.853048	0
-1.08478	-0.828159	0.313436	-1.08478	-0.828159	0
