-0.418384	-0.155531	-0.331298	-0.418384	-0.155531	0
0.605936	-0.139233	-0.297528	0.605936	-0.139233	0
1.68811	-0.123044	-0.326737	1.68811	-0.123044	0
2.72943	-0.170967	-0.358678	2.72943	-0.170967	0
3.75632	-0.240056	-0.287105	3.75632	-0.240056	0
4.8315	-0.197453	-0.356047	4.8315	-0.197453	0
5.85005	-0.234313	-0.308394	5.85005	-0.234313	0
6.85495	-0.185446	-0.299309	6.85495	-0.185446	0
7.86275	-0.17807	-0.310289	7.86275	-0.17807	0
8.85587	-0.167007	-0.346529	8.85587	-0.167007	0
9.88434	-0.205161	-0.305704	9.88434	-0.205161	0
10.9336	-0.189261	-0.290397	10.9336	-0.189261	0
-11.7569	-0.19624	-0.305965	-11.7569	-0.19624	0
-10.7895	-0.157318	-0.313189	-10.7895	-0.157318	0
-9.69813	-0.13121	-0.321253	-9.69813	-0.13121	0
-8.68518	-0.123175	-0.312407	-8.68518	-0.123175	0
-7.63938	-0.201189	-0.327326	-7.63938	-0.201189	0
-6.64681	-0.188098	-0.296338	-6.64681	-0.188098	0
-5.63949	-0.155389	-0.322649	-5.63949	-0.155389	0
-4.57388	-0.201447	-0.300655	-4.57388	-0.201447	0
-3.4886	-0.250769	-0.342194	-3.4886	-0.250769	0
-2.49021	-0.210549	-0.324757	-2.49021	-0.210549	0
-1.42292	-0.114127	-0.316423	-1.42292	-0.114127	0
-0.40391	0.85857	-0.333045	-0.40391	0.85857	0
0.631101	0.8588	-0.321306	0.631101	0.8588	0
1.71241	0.897714	-0.315221	1.71241	0.897714	0
2.78066	0.811246	-0.33491	2.78066	0.811246	0
3.8021	0.762297	-0.318732	3.8021	0.762297	0
4.84951	0.777686	-0.315516	4.84951	0.777686	0
5.86801	0.861597	-0.337758	5.86801	0.861597	0
6.89211	0.869877	-0.330118	6.89211	0.869877	0
7.90004	0.809671	-0.325651	7.90004	0.809671	0
8.87743	0.804134	-0.320904	8.87743	0.804134	0
9.92242	0.828556	-0.312436	9.92242	0.828556	0
10.9054	0.825681	-0.342889	10.9054	0.825681	0
-11.8139	0.822188	-0.3499	-11.8139	0.822188	0
-10.7934	0.857247	-0.313573	-10.7934	0.857247	0
-9.76084	0.867764	-0.283671	-9.76084	0.867764	0
-8.70277	0.932282	-0.306649	-8.70277	0.932282	0
-7.61106	0.832603	-0.342122	-7.61106	0.832603	0
-6.62667	0.824241	-0.312428	-6.62667	0.824241	0
-5.63551	0.856147	-0.322065	-5.63551	0.856147	0
-4.56491	0.884664	-0.301253	-4.56491	0.884664	0
-3.53653	0.845028	-0.333893	-3.53653	0.845028	0
-2.50498	0.824295	-0.321758	-2.50498	0.824295	0
-1.45438	0.831954	-0.318848	-1.45438	0.831954	0
-0.367671	1.8651	-0.325813	-0.367671	1.8651	0
0.705084	1.8906	-0.325915	0.705084	1.8906	0
1.76935	1.83855	-0.308641	1.76935	1.83855	0
2.78581	1.83661	-0.33829	2.78581	1.83661	0
3.80601	1.86109	-0.333042	3.80601	1.86109	0
4.83222	1.82059	-0.306337	4.83222	1.82059	0
5.83412	1.86722	-0.32225	5.83412	1.86722	0
6.86611	1.88439	-0.322642	6.86611	1.88439	0
7.88255	1.84538	-0.313101	7.88255	1.84538	0
8.92647	1.86438	-0.29887	8.92647	1.86438	0
9.92379	1.88105	-0.320509	9.92379	1.88105	0
10.9598	1.91577	-0.33521	10.9598	1.91577	0
-11.767	1.95779	-0.305221	-11.767	1.95779	0
-10.7013	1.9209	-0.315586	-10.7013	1.9209	0
-9.73293	1.93695	-0.322	-9.73293	1.93695	0
-8.63326	1.96378	-0.321527	-8.63326	1.96378	0
-7.61749	1.86891	-0.344926	-7.61749	1.86891	0
-6.60526	1.89897	-0.30016	-6.60526	1.89897	0
-5.5387	1.86245	-0.316637	-5.5387	1.86245	0
-4.53032	1.89785	-0.278283	-4.53032	1.89785	0
-3.52779	1.90879	-0.339343	-3.52779	1.90879	0
-2.45244	1.83187	-0.330996	-2.45244	1.83187	0
-1.42859	1.85669	-0.336073	-1.42859	1.85669	0
-0.313209	2.91295	-0.307523	-0.313209	2.91295	0
0.678803	2.9473	-0.326625	0.678803	2.9473	0
1.73135	2.90839	-0.298747	1.73135	2.90839	0
2.7641	2.95691	-0.302625	2.7641	2.95691	0
3.77469	2.91148	-0.30127	3.77469	2.91148	0
4.7683	2.86641	-0.301428	4.7683	2.86641	0
5.78344	2.91861	-0.308323	5.78344	2.91861	0
6.86588	2.91864	-0.305548	6.86588	2.91864	0
7.83082	2.87399	-0.311973	7.83082	2.87399	0
8.90819	2.90883	-0.339611	8.90819	2.90883	0
9.90166	2.9138	-0.341713	9.90166	2.9138	0
10.9843	2.92833	-0.323859	10.9843	2.92833	0
-11.7879	2.96149	-0.327022	-11.7879	2.96149	0
-10.7446	2.95062	-0.308468	-10.7446	2.95062	0
-9.64925	2.94219	-0.306662	-9.64925	2.94219	0
-8.61682	2.968	-0.34243	-8.61682	2.968	0
-7.56819	2.92592	-0.326905	-7.56819	2.92592	0
-6.56509	2.88328	-0.289048	-6.56509	2.88328	0
-5.54338	2.94681	-0.316576	-5.54338	2.94681	0
-4.54514	2.95825	-0.302951	-4.54514	2.95825	0
-3.52041	2.93798	-0.331954	-3.52041	2.93798	0
-2.42323	2.86968	-0.324248	-2.42323	2.86968	0
-1.41536	2.87985	-0.346257	-1.41536	2.87985	0
-0.430899	3.92858	-0.308103	-0.430899	3.92858	0
0.647026	3.95994	-0.330834	0.647026	3.95994	0
1.75158	3.96194	-0.312076	1.75158	3.96194	0
2.73494	3.95246	-0.332517	2.73494	3.95246	0
3.75069	3.92283	-0.348183	3.75069	3.92283	0
4.78444	3.89561	-0.287312	4.78444	3.89561	0
5.79902	3.97656	-0.317716	5.79902	3.97656	0
6.87811	3.92683	-0.318581	6.87811	3.92683	0
7.8893	3.9299	-0.319366	7.8893	3.9299	0
8.86524	3.85689	-0.317049	8.86524	3.85689	0
9.88948	3.92778	-0.308074	9.88948	3.92778	0
10.9656	3.93708	-0.293815	10.9656	3.93708	0
-11.8161	3.94656	-0.309399	-11.8161	3.94656	0
-10.7372	3.99683	-0.294068	-10.7372	3.99683	0
-9.6625	4.02743	-0.330415	-9.6625	4.02743	0
-8.6502	3.94286	-0.340153	-8.6502	3.94286	0
-7.59115	3.90945	-0.34447	-7.59115	3.90945	0
-6.58249	3.9535	-0.34171	-6.58249	3.9535	0
-5.58369	4.00498	-0.306992	-5.58369	4.00498	0
-4.54073	3.97188	-0.350673	-4.54073	3.97188	0
-3.53595	3.92679	-0.334994	-3.53595	3.92679	0
-2.52991	3.84208	-0.325323	-2.52991	3.84208	0
-1.47846	3.90334	-0.31577	-1.47846	3.90334	0
-0.411072	4.98886	-0.297279	-0.411072	4.98886	0
0.652244	4.93346	-0.333572	0.652244	4.93346	0
1.67902	4.99087	-0.316105	1.67902	4.99087	0
2.70548	4.99093	-0.326983	2.70548	4.99093	0
3.74022	4.92569	-0.317206	3.74022	4.92569	0
4.81211	4.94381	-0.326238	4.81211	4.94381	0
5.83829	5.04053	-0.344477	5.83829	5.04053	0
6.83978	5.0203	-0.318417	6.83978	5.0203	0
7.8615	4.99033	-0.316977	7.8615	4.99033	0
8.87917	4.92884	-0.323011	8.87917	4.92884	0
9.96985	4.94909	-0.301617	9.96985	4.94909	0
10.9881	4.98286	-0.326214	10.9881	4.98286	0
-11.739	4.97057	-0.307748	-11.739	4.97057	0
-10.6917	5.03564	-0.326705	-10.6917	5.03564	0
-9.65644	5.0049	-0.311416	-9.65644	5.0049	0
-8.64814	4.99939	-0.308439	-8.64814	4.99939	0
-7.62336	4.99917	-0.303601	-7.62336	4.99917	0
-6.63775	4.9978	-0.300478	-6.63775	4.9978	0
-5.63933	5.12689	-0.336402	-5.63933	5.12689	0
-4.56091	5.04919	-0.33656	-4.56091	5.04919	0
-3.55955	4.98033	-0.299185	-3.55955	4.98033	0
-2.47094	4.92563	-0.319914	-2.47094	4.92563	0
-1.49009	4.9813	-0.292501	-1.49009	4.9813	0
-0.375181	5.94366	-0.289687	-0.375181	5.94366	0
0.610085	5.93711	-0.324001	0.610085	5.93711	0
1.59036	6.03288	-0.313493	1.59036	6.03288	0
2.67308	6.00056	-0.312138	2.67308	6.00056	0
3.69455	5.92079	-0.31559	3.69455	5.92079	0
4.71901	5.97864	-0.31811	4.71901	5.97864	0
5.75497	6.0271	-0.318033	5.75497	6.0271	0
6.84983	6.0585	-0.323949	6.84983	6.0585	0
7.83621	6.02044	-0.329499	7.83621	6.02044	0
8.93342	6.02594	-0.322611	8.93342	6.02594	0
9.93765	6.01171	-0.319509	9.93765	6.01171	0
10.9906	6.04143	-0.282716	10.9906	6.04143	0
-11.7003	6.05097	-0.314213	-11.7003	6.05097	0
-10.7085	6.05995	-0.299337	-10.7085	6.05995	0
-9.66034	6.05541	-0.34482	-9.66034	6.05541	0
-8.65837	6.0296	-0.322534	-8.65837	6.0296	0
-7.67996	6.02195	-0.316734	-7.67996	6.02195	0
-6.61432	6.03158	-0.336437	-6.61432	6.03158	0
-5.58708	6.095	-0.322727	-5.58708	6.095	0
-4.54658	6.04076	-0.304475	-4.54658	6.04076	0
-3.45966	6.07133	-0.346073	-3.45966	6.07133	0
-2.47244	6.05018	-0.31993	-2.47244	6.05018	0
-1.44474	6.00236	-0.335965	-1.44474	6.00236	0
-0.401459	6.95096	-0.342321	-0.401459	6.95096	0
0.609053	7.07668	-0.290757	0.609053	7.07668	0
1.6154	7.03908	-0.316372	1.6154	7.03908	0
2.62637	7.00833	-0.323269	2.62637	7.00833	0
3.75046	6.99024	-0.348617	3.75046	6.99024	0
4.78415	6.92853	-0.334966	4.78415	6.92853	0
5.7673	7.0614	-0.313054	5.7673	7.0614	0
6.81818	7.13863	-0.320807	6.81818	7.13863	0
7.90668	7.04971	-0.323096	7.90668	7.04971	0
8.91063	7.01516	-0.275569	8.91063	7.01516	0
9.89906	7.06719	-0.303899	9.89906	7.06719	0
10.9528	6.98553	-0.314292	10.9528	6.98553	0
-11.723	7.10864	-0.341158	-11.723	7.10864	0
-10.7294	7.0978	-0.30485	-10.7294	7.0978	0
-9.7237	7.06114	-0.33203	-9.7237	7.06114	0
-8.68519	7.05542	-0.281577	-8.68519	7.05542	0
-7.65396	7.02261	-0.318765	-7.65396	7.02261	0
-6.62556	7.03325	-0.310599	-6.62556	7.03325	0
-5.55658	7.10666	-0.323642	-5.55658	7.10666	0
-4.51452	7.09393	-0.312027	-4.51452	7.09393	0
-3.45548	7.06273	-0.324824	-3.45548	7.06273	0
-2.45792	7.05333	-0.272871	-2.45792	7.05333	0
-1.41462	7.00557	-0.327912	-1.41462	7.00557	0
-0.470467	8.08539	-0.293564	-0.470467	8.08539	0
0.588779	8.07896	-0.327179	0.588779	8.07896	0
1.60671	8.10091	-0.303001	1.60671	8.10091	0
2.62761	8.02908	-0.339877	2.62761	8.02908	0
3.70651	8.03097	-0.3287	3.70651	8.03097	0
4.77053	8.05528	-0.341051	4.77053	8.05528	0
5.75722	8.07977	-0.321044	5.75722	8.07977	0
6.81362	8.11256	-0.289362	6.81362	8.11256	0
7.89526	8.1006	-0.322179	7.89526	8.1006	0
8.9388	8.09308	-0.305697	8.9388	8.09308	0
9.94716	8.12416	-0.342701	9.94716	8.12416	0
10.9535	8.01911	-0.291828	10.9535	8.01911	0
-11.8252	8.1376	-0.318744	-11.8252	8.1376	0
-10.7885	8.14107	-0.322767	-10.7885	8.14107	0
-9.73349	8.0776	-0.328436	-9.73349	8.0776	0
-8.71684	8.09174	-0.326783	-8.71684	8.09174	0
-7.67811	8.04335	-0.309275	-7.67811	8.04335	0
-6.66653	8.06173	-0.297484	-6.66653	8.06173	0
-5.63258	8.13366	-0.324655	-5.63258	8.13366	0
-4.53792	8.10837	-0.308796	-4.53792	8.10837	0
-3.51778	8.13222	-0.316651	-3.51778	8.13222	0
-2.52572	8.11105	-0.329601	-2.52572	8.11105	0
-1.43145	8.02402	-0.322633	-1.43145	8.02402	0
-0.460277	9.15712	-0.289634	-0.460277	9.15712	0
0.586926	9.11922	-0.314777	0.586926	9.11922	0
1.57926	9.09528	-0.338369	1.57926	9.09528	0
2.66181	9.05543	-0.331135	2.66181	9.05543	0
3.6608	9.01168	-0.311882	3.6608	9.01168	0
4.73964	9.06438	-0.349108	4.73964	9.06438	0
5.80028	9.09309	-0.323767	5.80028	9.09309	0
6.83373	9.1046	-0.306403	6.83373	9.1046	0
7.87694	9.12005	-0.337831	7.87694	9.12005	0
8.89414	9.10438	-0.29898	8.89414	9.10438	0
9.8996	9.13267	-0.304458	9.8996	9.13267	0
10.988	9.09903	-0.323041	10.988	9.09903	0
-11.7691	9.14955	-0.325607	-11.7691	9.14955	0
-10.7811	9.17868	-0.325984	-10.7811	9.17868	0
-9.67908	9.17686	-0.311793	-9.67908	9.17686	0
-8.69439	9.10172	-0.304142	-8.69439	9.10172	0
-7.71193	9.09638	-0.329405	-7.71193	9.09638	0
-6.58875	9.13004	-0.294206	-6.58875	9.13004	0
-5.53779	9.09718	-0.330075	-5.53779	9.09718	0
-4.56989	9.16871	-0.31904	-4.56989	9.16871	0
-3.53238	9.14649	-0.324571	-3.53238	9.14649	0
-2.4439	9.16227	-0.310439	-2.4439	9.16227	0
-1.41628	9.02901	-0.316557	-1.41628	9.02901	0
-0.421791	10.1568	-0.33409	-0.421791	10.1568	0
0.652688	10.2159	-0.333352	0.652688	10.2159	0
1.67027	10.1152	-0.310128	1.67027	10.1152	0
2.66112	10.0954	-0.289208	2.66112	10.0954	0
3.67169	10.0898	-0.339962	3.67169	10.0898	0
4.72807	10.0585	-0.294926	4.72807	10.0585	0
5.74658	10.0763	-0.288759	5.74658	10.0763	0
6.80162	10.1104	-0.320575	6.80162	10.1104	0
7.84246	10.1842	-0.309944	7.84246	10.1842	0
8.84534	10.1115	-0.297442	8.84534	10.1115	0
9.87782	10.1275	-0.318653	9.87782	10.1275	0
10.9152	10.1495	-0.297728	10.9152	10.1495	0
-11.8206	10.2107	-0.316858	-11.8206	10.2107	0
-10.73	10.1864	-0.325898	-10.73	10.1864	0
-9.69658	10.1679	-0.30702	-9.69658	10.1679	0
-8.66495	10.1453	-0.333587	-8.66495	10.1453	0
-7.63163	10.165	-0.287798	-7.63163	10.165	0
-6.57187	10.2051	-0.326434	-6.57187	10.2051	0
-5.60876	10.134	-0.336311	-5.60876	10.134	0
-4.52048	10.1454	-0.328817	-4.52048	10.1454	0
-3.49558	10.1918	-0.304555	-3.49558	10.1918	0
-2.46485	10.1886	-0.327596	-2.46485	10.1886	0
-1.43955	10.0919	-0.306751	-1.43955	10.0919	0
-0.392934	11.1903	-0.311758	-0.392934	11.1903	0
0.616401	11.21	-0.310845	0.616401	11.21	0
1.68677	11.1419	-0.304711	1.68677	11.1419	0
2.68482	11.1875	-0.339343	2.68482	11.1875	0
3.71055	11.1489	-0.336787	3.71055	11.1489	0
4.75746	11.0588	-0.3183	4.75746	11.0588	0
5.78419	11.1531	-0.330312	5.78419	11.1531	0
6.79177	11.1799	-0.341282	6.79177	11.1799	0
7.8024	11.2158	-0.325714	7.8024	11.2158	0
8.89458	11.1786	-0.322149	8.89458	11.1786	0
9.92199	11.2147	-0.319151	9.92199	11.2147	0
10.9794	11.1408	-0.31076	10.9794	11.1408	0
-11.7349	11.2052	-0.327215	-11.7349	11.2052	0
-10.7006	11.2468	-0.305667	-10.7006	11.2468	0
-9.68394	11.2023	-0.30813	-9.68394	11.2023	0
-8.6141	11.1516	-0.320127	-8.6141	11.1516	0
-7.64647	11.1504	-0.279451	-7.64647	11.1504	0
-6.60831	11.1749	-0.326171	-6.60831	11.1749	0
-5.54547	11.1942	-0.307555	-5.54547	11.1942	0
-4.53338	11.17	-0.342224	-4.53338	11.17	0
-3.48698	11.2291	-0.324103	-3.48698	11.2291	0
-2.5631	11.2456	-0.342084	-2.5631	11.2456	0
-1.51159	11.1837	-0.342274	-1.51159	11.1837	0
-0.437708	-11.5844	-0.330851	-0.437708	-11.5844	0
0.624986	-11.6225	-0.331636	0.624986	-11.6225	0
1.65465	-11.6144	-0.338071	1.65465	-11.6144	0
2.67246	-11.5776	-0.33728	2.67246	-11.5776	0
3.69004	-11.6532	-0.356717	3.69004	-11.6532	0
4.79228	-11.6425	-0.314854	4.79228	-11.6425	0
5.82398	-11.5704	-0.344714	5.82398	-11.5704	0
6.83362	-11.6222	-0.293955	6.83362	-11.6222	0
7.86729	-11.5648	-0.327921	7.86729	-11.5648	0
8.95383	-11.496	-0.313373	8.95383	-11.496	0
9.92185	-11.5049	-0.303443	9.92185	-11.5049	0
11.0519	-11.5628	-0.336044	11.0519	-11.5628	0
-11.6334	-11.551	-0.299773	-11.6334	-11.551	0
-10.6745	-11.526	-0.267033	-10.6745	-11.526	0
-9.6201	-11.5914	-0.320133	-9.6201	-11.5914	0
-8.61883	-11.5479	-0.334907	-8.61883	-11.5479	0
-7.62721	-11.575	-0.315564	-7.62721	-11.575	0
-6.59632	-11.5403	-0.320691	-6.59632	-11.5403	0
-5.6313	-11.5041	-0.320127	-5.6313	-11.5041	0
-4.54403	-11.5624	-0.356854	-4.54403	-11.5624	0
-3.52984	-11.5365	-0.28159	-3.52984	-11.5365	0
-2.52864	-11.5288	-0.315225	-2.52864	-11.5288	0
-1.48211	-11.6047	-0.328218	-1.48211	-11.6047	0
-0.346408	-10.563	-0.300679	-0.346408	-10.563	0
0.640736	-10.5579	-0.335905	0.640736	-10.5579	0
1.64515	-10.5741	-0.333416	1.64515	-10.5741	0
2.72629	-10.5337	-0.32471	2.72629	-10.5337	0
3.78366	-10.5554	-0.295008	3.78366	-10.5554	0
4.75862	-10.5895	-0.317404	4.75862	-10.5895	0
5.76173	-10.5039	-0.299488	5.76173	-10.5039	0
6.818	-10.5658	-0.331534	6.818	-10.5658	0
7.86539	-10.5479	-0.320686	7.86539	-10.5479	0
8.87575	-10.475	-0.310189	8.87575	-10.475	0
9.95169	-10.4822	-0.325516	9.95169	-10.4822	0
11.0143	-10.5282	-0.291438	11.0143	-10.5282	0
-11.768	-10.5391	-0.322359	-11.768	-10.5391	0
-10.6834	-10.5408	-0.323856	-10.6834	-10.5408	0
-9.66146	-10.5623	-0.309727	-9.66146	-10.5623	0
-8.60712	-10.4824	-0.316881	-8.60712	-10.4824	0
-7.57763	-10.5335	-0.310186	-7.57763	-10.5335	0
-6.54678	-10.4811	-0.304485	-6.54678	-10.4811	0
-5.5608	-10.4934	-0.341659	-5.5608	-10.4934	0
-4.56279	-10.5466	-0.338862	-4.56279	-10.5466	0
-3.50513	-10.4974	-0.300694	-3.50513	-10.4974	0
-2.42611	-10.4923	-0.326907	-2.42611	-10.4923	0
-1.39613	-10.5532	-0.299677	-1.39613	-10.5532	0
-0.348822	-9.52239	-0.316979	-0.348822	-9.52239	0
0.654749	-9.47306	-0.329101	0.654749	-9.47306	0
1.67281	-9.50158	-0.306809	1.67281	-9.50158	0
2.72801	-9.54751	-0.330049	2.72801	-9.54751	0
3.74267	-9.53627	-0.296423	3.74267	-9.53627	0
4.79742	-9.50671	-0.3028	4.79742	-9.50671	0
5.82249	-9.45886	-0.323619	5.82249	-9.45886	0
6.82068	-9.55738	-0.326146	6.82068	-9.55738	0
7.85512	-9.53601	-0.301535	7.85512	-9.53601	0
8.97153	-9.49851	-0.314858	8.97153	-9.49851	0
9.97412	-9.44437	-0.33255	9.97412	-9.44437	0
10.9898	-9.46725	-0.330746	10.9898	-9.46725	0
-11.7788	-9.4817	-0.340043	-11.7788	-9.4817	0
-10.6978	-9.47785	-0.343153	-10.6978	-9.47785	0
-9.72688	-9.53947	-0.321294	-9.72688	-9.53947	0
-8.66707	-9.52342	-0.323094	-8.66707	-9.52342	0
-7.6012	-9.50583	-0.311236	-7.6012	-9.50583	0
-6.52557	-9.48027	-0.293122	-6.52557	-9.48027	0
-5.51844	-9.44281	-0.333456	-5.51844	-9.44281	0
-4.51633	-9.48258	-0.301006	-4.51633	-9.48258	0
-3.48868	-9.5382	-0.323369	-3.48868	-9.5382	0
-2.42166	-9.46171	-0.294003	-2.42166	-9.46171	0
-1.36061	-9.48932	-0.325522	-1.36061	-9.48932	0
-0.457274	-8.45883	-0.31504	-0.457274	-8.45883	0
0.638166	-8.45779	-0.340499	0.638166	-8.45779	0
1.68619	-8.49485	-0.31703	1.68619	-8.49485	0
2.69555	-8.48063	-0.307901	2.69555	-8.48063	0
3.77465	-8.47013	-0.328976	3.77465	-8.47013	0
4.73868	-8.44892	-0.312118	4.73868	-8.44892	0
5.81518	-8.47115	-0.310481	5.81518	-8.47115	0
6.80231	-8.52893	-0.32974	6.80231	-8.52893	0
7.90257	-8.48368	-0.339054	7.90257	-8.48368	0
8.96202	-8.43748	-0.303979	8.96202	-8.43748	0
10.0038	-8.39594	-0.331571	10.0038	-8.39594	0
11.0052	-8.43612	-0.324856	11.0052	-8.43612	0
-11.7641	-8.46204	-0.317967	-11.7641	-8.46204	0
-10.7623	-8.46764	-0.31562	-10.7623	-8.46764	0
-9.73103	-8.51079	-0.329926	-9.73103	-8.51079	0
-8.6279	-8.49957	-0.330606	-8.6279	-8.49957	0
-7.56338	-8.44225	-0.298377	-7.56338	-8.44225	0
-6.54069	-8.42785	-0.323168	-6.54069	-8.42785	0
-5.58393	-8.40481	-0.338534	-5.58393	-8.40481	0
-4.55656	-8.44473	-0.306695	-4.55656	-8.44473	0
-3.54407	-8.50183	-0.330417	-3.54407	-8.50183	0
-2.51618	-8.38038	-0.306976	-2.51618	-8.38038	0
-1.46502	-8.43116	-0.321388	-1.46502	-8.43116	0
-0.332895	-7.41693	-0.328587	-0.332895	-7.41693	0
0.66695	-7.4372	-0.324613	0.66695	-7.4372	0
1.67994	-7.40763	-0.339588	1.67994	-7.40763	0
2.71957	-7.44213	-0.307493	2.71957	-7.44213	0
3.71149	-7.4471	-0.308403	3.71149	-7.4471	0
4.73887	-7.40643	-0.312236	4.73887	-7.40643	0
5.76849	-7.46507	-0.336112	5.76849	-7.46507	0
6.85288	-7.47911	-0.31034	6.85288	-7.47911	0
7.90273	-7.45007	-0.342456	7.90273	-7.45007	0
8.95024	-7.42469	-0.307893	8.95024	-7.42469	0
9.9473	-7.43375	-0.318737	9.9473	-7.43375	0
10.9669	-7.46878	-0.345242	10.9669	-7.46878	0
-11.7659	-7.41498	-0.293277	-11.7659	-7.41498	0
-10.6881	-7.42619	-0.2986	-10.6881	-7.42619	0
-9.68188	-7.45798	-0.324673	-9.68188	-7.45798	0
-8.66173	-7.43145	-0.317046	-8.66173	-7.43145	0
-7.61206	-7.45226	-0.328894	-7.61206	-7.45226	0
-6.6205	-7.35614	-0.327374	-6.6205	-7.35614	0
-5.56718	-7.43428	-0.319676	-5.56718	-7.43428	0
-4.55524	-7.40344	-0.307337	-4.55524	-7.40344	0
-3.47196	-7.42533	-0.319945	-3.47196	-7.42533	0
-2.51414	-7.36975	-0.307719	-2.51414	-7.36975	0
-1.3989	-7.41748	-0.303622	-1.3989	-7.41748	0
-0.421456	-6.41496	-0.29591	-0.421456	-6.41496	0
0.621223	-6.40603	-0.322482	0.621223	-6.40603	0
1.68243	-6.37187	-0.266802	1.68243	-6.37187	0
2.69737	-6.41031	-0.314789	2.69737	-6.41031	0
3.75731	-6.40264	-0.328016	3.75731	-6.40264	0
4.77815	-6.3506	-0.293324	4.77815	-6.3506	0
5.81237	-6.44388	-0.292607	5.81237	-6.44388	0
6.8622	-6.43115	-0.308565	6.8622	-6.43115	0
7.91015	-6.39333	-0.340084	7.91015	-6.39333	0
8.91878	-6.43484	-0.317843	8.91878	-6.43484	0
9.93858	-6.39638	-0.311565	9.93858	-6.39638	0
10.9546	-6.38565	-0.329761	10.9546	-6.38565	0
-11.7903	-6.42245	-0.320819	-11.7903	-6.42245	0
-10.666	-6.3637	-0.329121	-10.666	-6.3637	0
-9.67744	-6.41136	-0.324693	-9.67744	-6.41136	0
-8.68132	-6.43528	-0.338115	-8.68132	-6.43528	0
-7.64424	-6.42486	-0.320234	-7.64424	-6.42486	0
-6.61597	-6.35664	-0.317356	-6.61597	-6.35664	0
-5.62796	-6.36327	-0.357729	-5.62796	-6.36327	0
-4.59042	-6.39203	-0.32194	-4.59042	-6.39203	0
-3.48782	-6.38049	-0.329792	-3.48782	-6.38049	0
-2.40447	-6.35114	-0.292175	-2.40447	-6.35114	0
-1.3834	-6.36419	-0.318735	-1.3834	-6.36419	0
-0.396933	-5.31003	-0.325589	-0.396933	-5.31003	0
0.647921	-5.3015	-0.324536	0.647921	-5.3015	0
1.67587	-5.34153	-0.319652	1.67587	-5.34153	0
2.72549	-5.37419	-0.304441	2.72549	-5.37419	0
3.71455	-5.36824	-0.315417	3.71455	-5.36824	0
4.80416	-5.32896	-0.318337	4.80416	-5.32896	0
5.85292	-5.37511	-0.326941	5.85292	-5.37511	0
6.89331	-5.41272	-0.305608	6.89331	-5.41272	0
7.90941	-5.3751	-0.307667	7.90941	-5.3751	0
8.91547	-5.33929	-0.307762	8.91547	-5.33929	0
9.99031	-5.40581	-0.30628	9.99031	-5.40581	0
11.0008	-5.34579	-0.324456	11.0008	-5.34579	0
-11.7612	-5.35899	-0.3007	-11.7612	-5.35899	0
-10.7346	-5.33298	-0.332657	-10.7346	-5.33298	0
-9.73799	-5.37314	-0.329257	-9.73799	-5.37314	0
-8.6891	-5.4025	-0.324257	-8.6891	-5.4025	0
-7.65718	-5.36808	-0.290013	-7.65718	-5.36808	0
-6.61087	-5.34656	-0.321788	-6.61087	-5.34656	0
-5.60055	-5.28638	-0.328356	-5.60055	-5.28638	0
-4.56301	-5.3617	-0.316009	-4.56301	-5.3617	0
-3.53844	-5.33051	-0.312283	-3.53844	-5.33051	0
-2.42273	-5.30545	-0.337651	-2.42273	-5.30545	0
-1.39378	-5.31261	-0.312635	-1.39378	-5.31261	0
-0.391039	-4.27227	-0.315022	-0.391039	-4.27227	0
0.650003	-4.27086	-0.312666	0.650003	-4.27086	0
1.67844	-4.27216	-0.313898	1.67844	-4.27216	0
2.6483	-4.2951	-0.308124	2.6483	-4.2951	0
3.6504	-4.30773	-0.328122	3.6504	-4.30773	0
4.77694	-4.33482	-0.319083	4.77694	-4.33482	0
5.8474	-4.31801	-0.321969	5.8474	-4.31801	0
6.94776	-4.36072	-0.307282	6.94776	-4.36072	0
7.91187	-4.40206	-0.313141	7.91187	-4.40206	0
8.99248	-4.31925	-0.316968	8.99248	-4.31925	0
9.97598	-4.35394	-0.329812	9.97598	-4.35394	0
11.0027	-4.3131	-0.3143	11.0027	-4.3131	0
-11.76	-4.25202	-0.307806	-11.76	-4.25202	0
-10.761	-4.28996	-0.295395	-10.761	-4.28996	0
-9.73991	-4.38216	-0.302769	-9.73991	-4.38216	0
-8.70565	-4.36434	-0.325559	-8.70565	-4.36434	0
-7.64841	-4.32783	-0.332476	-7.64841	-4.32783	0
-6.63648	-4.36492	-0.324471	-6.63648	-4.36492	0
-5.50174	-4.29555	-0.33978	-5.50174	-4.29555	0
-4.49818	-4.29418	-0.308497	-4.49818	-4.29418	0
-3.44955	-4.34616	-0.279484	-3.44955	-4.34616	0
-2.48405	-4.28235	-0.315586	-2.48405	-4.28235	0
-1.43584	-4.25156	-0.351167	-1.43584	-4.25156	0
-0.418674	-3.27758	-0.324678	-0.418674	-3.27758	0
0.603747	-3.23896	-0.323989	0.603747	-3.23896	0
1.62626	-3.2338	-0.319099	1.62626	-3.2338	0
2.64889	-3.28683	-0.303017	2.64889	-3.28683	0
3.70036	-3.26898	-0.326229	3.70036	-3.26898	0
4.79491	-3.29888	-0.315995	4.79491	-3.29888	0
5.84724	-3.2753	-0.344496	5.84724	-3.2753	0
6.91154	-3.32006	-0.324341	6.91154	-3.32006	0
7.92698	-3.32764	-0.32657	7.92698	-3.32764	0
8.94539	-3.31784	-0.333444	8.94539	-3.31784	0
9.94135	-3.30135	-0.322007	9.94135	-3.30135	0
10.9437	-3.316	-0.340414	10.9437	-3.316	0
-11.7742	-3.25937	-0.30955	-11.7742	-3.25937	0
-10.7097	-3.2229	-0.296584	-10.7097	-3.2229	0
-9.67162	-3.29863	-0.32213	-9.67162	-3.29863	0
-8.68503	-3.19477	-0.315239	-8.68503	-3.19477	0
-7.67731	-3.26489	-0.310076	-7.67731	-3.26489	0
-6.57987	-3.22146	-0.297813	-6.57987	-3.22146	0
-5.53553	-3.26803	-0.298447	-5.53553	-3.26803	0
-4.52874	-3.27679	-0.315813	-4.52874	-3.27679	0
-3.48754	-3.29838	-0.33826	-3.48754	-3.29838	0
-2.43544	-3.24935	-0.355142	-2.43544	-3.24935	0
-1.45544	-3.19928	-0.321301	-1.45544	-3.19928	0
-0.449811	-2.2357	-0.294458	-0.449811	-2.2357	0
0.594971	-2.22248	-0.332751	0.594971	-2.22248	0
1.63151	-2.18746	-0.311647	1.63151	-2.18746	0
2.67704	-2.26253	-0.320558	2.67704	-2.26253	0
3.7377	-2.25216	-0.304647	3.7377	-2.25216	0
4.7905	-2.27935	-0.311857	4.7905	-2.27935	0
5.8693	-2.27276	-0.31079	5.8693	-2.27276	0
6.87657	-2.34418	-0.290635	6.87657	-2.34418	0
7.8739	-2.25906	-0.330543	7.8739	-2.25906	0
8.89016	-2.27853	-0.312054	8.89016	-2.27853	0
9.91244	-2.25322	-0.313773	9.91244	-2.25322	0
10.9637	-2.24679	-0.324132	10.9637	-2.24679	0
-11.7623	-2.18142	-0.308714	-11.7623	-2.18142	0
-10.6531	-2.23999	-0.321086	-10.6531	-2.23999	0
-9.70124	-2.19011	-0.327508	-9.70124	-2.19011	0
-8.72474	-2.21251	-0.328144	-8.72474	-2.21251	0
-7.59136	-2.22933	-0.352213	-7.59136	-2.22933	0
-6.60474	-2.20834	-0.30223	-6.60474	-2.20834	0
-5.58114	-2.24189	-0.31506	-5.58114	-2.24189	0
-4.53984	-2.24192	-0.306881	-4.53984	-2.24192	0
-3.51139	-2.23518	-0.345253	-3.51139	-2.23518	0
-2.45827	-2.25311	-0.328073	-2.45827	-2.25311	0
-1.47789	-2.20178	-0.319363	-1.47789	-2.20178	0
-0.421952	-1.22328	-0.324578	-0.421952	-1.22328	0
0.592565	-1.1919	-0.337132	0.592565	-1.1919	0
1.65797	-1.19492	-0.311419	1.65797	-1.19492	0
2.69812	-1.24202	-0.330248	2.69812	-1.24202	0
3.73857	-1.22842	-0.312964	3.73857	-1.22842	0
4.75182	-1.22996	-0.320687	4.75182	-1.22996	0
5.79206	-1.2269	-0.343618	5.79206	-1.2269	0
6.8361	-1.25901	-0.342869	6.8361	-1.25901	0
7.83406	-1.19444	-0.317773	7.83406	-1.19444	0
8.88188	-1.2317	-0.318602	8.88188	-1.2317	0
9.90404	-1.19944	-0.328434	9.90404	-1.19944	0
10.932	-1.18095	-0.354106	10.932	-1.18095	0
-11.8304	-1.20041	-0.299029	-11.8304	-1.20041	0
-10.7044	-1.15528	-0.323047	-10.7044	-1.15528	0
-9.65373	-1.14569	-0.323934	-9.65373	-1.14569	0
-8.69486	-1.17395	-0.323007	-8.69486	-1.17395	0
-7.68327	-1.18283	-0.318552	-7.68327	-1.18283	0
-6.60764	-1.17813	-0.318099	-6.60764	-1.17813	0
-5.5947	-1.25735	-0.303703	-5.5947	-1.25735	0
-4.58203	-1.2283	-0.301987	-4.58203	-1.2283	0
-3.50867	-1.20182	-0.314303	-3.50867	-1.20182	0
-2.46461	-1.16118	-0.322037	-2.46461	-1.16118	0
-1.44524	-1.18055	-0.337469	-1.44524	-1.18055	0
0.0908055	0.380929	0.348575	0.0908055	0.380929	0
1.169	0.380457	0.302925	1.169	0.380457	0
2.20556	0.374322	0.312582	2.20556	0.374322	0
3.21037	0.26971	0.339533	3.21037	0.26971	0
4.33454	0.304181	0.291985	4.33454	0.304181	0
5.37678	0.323813	0.329323	5.37678	0.323813	0
6.35275	0.326156	0.336721	6.35275	0.326156	0
7.4221	0.380807	0.321902	7.4221	0.380807	0
8.39173	0.315412	0.308544	8.39173	0.315412	0
9.42093	0.336917	0.316594	9.42093	0.336917	0
10.4276	0.347543	0.322195	10.4276	0.347543	0
11.5077	0.318268	0.316392	11.5077	0.318268	0
-11.2813	0.355633	0.312783	-11.2813	0.355633	0
-10.2632	0.306026	0.320639	-10.2632	0.306026	0
-9.18203	0.353528	0.313056	-9.18203	0.353528	0
-8.15991	0.384658	0.299787	-8.15991	0.384658	0
-7.12865	0.30643	0.312575	-7.12865	0.30643	0
-6.11941	0.323351	0.329875	-6.11941	0.323351	0
-5.12041	0.312059	0.292079	-5.12041	0.312059	0
-4.01593	0.327747	0.288059	-4.01593	0.327747	0
-3.00585	0.267219	0.31851	-3.00585	0.267219	0
-1.99802	0.358844	0.295408	-1.99802	0.358844	0
-0.915432	0.39455	0.338388	-0.915432	0.39455	0
0.197577	1.44103	0.306653	0.197577	1.44103	0
1.1467	1.37725	0.306811	1.1467	1.37725	0
2.28052	1.39308	0.290222	2.28052	1.39308	0
3.30613	1.35573	0.322005	3.30613	1.35573	0
4.32332	1.32804	0.248138	4.32332	1.32804	0
5.36777	1.33042	0.336818	5.36777	1.33042	0
6.36237	1.37194	0.30262	6.36237	1.37194	0
7.40212	1.39011	0.349341	7.40212	1.39011	0
8.41217	1.35501	0.326722	8.41217	1.35501	0
9.42035	1.39322	0.323786	9.42035	1.39322	0
10.4486	1.37696	0.299563	10.4486	1.37696	0
11.4438	1.38083	0.297497	11.4438	1.38083	0
-11.2693	1.40507	0.302048	-11.2693	1.40507	0
-10.2779	1.4098	0.343668	-10.2779	1.4098	0
-9.22	1.40593	0.304894	-9.22	1.40593	0
-8.13261	1.41016	0.30716	-8.13261	1.41016	0
-7.08018	1.36442	0.316734	-7.08018	1.36442	0
-6.08064	1.33012	0.342456	-6.08064	1.33012	0
-5.07004	1.36007	0.325261	-5.07004	1.36007	0
-4.0503	1.41792	0.287283	-4.0503	1.41792	0
-3.00127	1.37527	0.301611	-3.00127	1.37527	0
-1.95979	1.33536	0.286191	-1.95979	1.33536	0
-0.945657	1.34512	0.340667	-0.945657	1.34512	0
0.188233	2.40946	0.34047	0.188233	2.40946	0
1.19998	2.44297	0.2996	1.19998	2.44297	0
2.24364	2.41557	0.319705	2.24364	2.41557	0
3.27177	2.41642	0.310952	3.27177	2.41642	0
4.28748	2.34413	0.30422	4.28748	2.34413	0
5.33402	2.37474	0.339646	5.33402	2.37474	0
6.3087	2.40602	0.304347	6.3087	2.40602	0
7.3401	2.40096	0.338863	7.3401	2.40096	0
8.39942	2.38643	0.318597	8.39942	2.38643	0
9.45168	2.39799	0.334421	9.45168	2.39799	0
10.45	2.44795	0.324659	10.45	2.44795	0
11.4632	2.45055	0.310603	11.4632	2.45055	0
-11.2875	2.43924	0.323051	-11.2875	2.43924	0
-10.2136	2.49967	0.315692	-10.2136	2.49967	0
-9.16404	2.45417	0.301285	-9.16404	2.45417	0
-8.14813	2.44113	0.330035	-8.14813	2.44113	0
-7.15284	2.41583	0.294666	-7.15284	2.41583	0
-6.00393	2.39253	0.298179	-6.00393	2.39253	0
-5.04648	2.38617	0.325341	-5.04648	2.38617	0
-3.97915	2.47419	0.32957	-3.97915	2.47419	0
-2.95413	2.38613	0.302056	-2.95413	2.38613	0
-1.90082	2.36101	0.277619	-1.90082	2.36101	0
-0.836406	2.39732	0.293904	-0.836406	2.39732	0
0.145435	3.43171	0.320879	0.145435	3.43171	0
1.20488	3.48648	0.309654	1.20488	3.48648	0
2.24148	3.41058	0.291816	2.24148	3.41058	0
3.23188	3.44801	0.343456	3.23188	3.44801	0
4.24388	3.41019	0.336239	4.24388	3.41019	0
5.30712	3.38424	0.324868	5.30712	3.38424	0
6.34412	3.46416	0.300931	6.34412	3.46416	0
7.35358	3.42726	0.342481	7.35358	3.42726	0
8.34017	3.37805	0.326873	8.34017	3.37805	0
9.37428	3.42384	0.332183	9.37428	3.42384	0
10.3772	3.41451	0.300471	10.3772	3.41451	0
11.5327	3.45765	0.331812	11.5327	3.45765	0
-11.2361	3.489	0.292269	-11.2361	3.489	0
-10.1991	3.49619	0.286469	-10.1991	3.49619	0
-9.13448	3.47224	0.310901	-9.13448	3.47224	0
-8.07869	3.43664	0.322375	-8.07869	3.43664	0
-7.08456	3.45532	0.328595	-7.08456	3.45532	0
-6.07698	3.45314	0.311979	-6.07698	3.45314	0
-5.02788	3.47272	0.319375	-5.02788	3.47272	0
-4.02801	3.45643	0.309421	-4.02801	3.45643	0
-3.03545	3.40923	0.321723	-3.03545	3.40923	0
-1.96904	3.36392	0.329864	-1.96904	3.36392	0
-0.917458	3.40286	0.316995	-0.917458	3.40286	0
0.0691289	4.39924	0.314046	0.0691289	4.39924	0
1.20834	4.49044	0.333725	1.20834	4.49044	0
2.21567	4.44518	0.314887	2.21567	4.44518	0
3.25953	4.48336	0.33452	3.25953	4.48336	0
4.27606	4.44907	0.302202	4.27606	4.44907	0
5.26238	4.49334	0.335346	5.26238	4.49334	0
6.33316	4.52275	0.326963	6.33316	4.52275	0
7.31774	4.48288	0.312545	7.31774	4.48288	0
8.34484	4.47238	0.325174	8.34484	4.47238	0
9.33897	4.4597	0.292608	9.33897	4.4597	0
10.4428	4.41243	0.312917	10.4428	4.41243	0
11.4355	4.5064	0.321941	11.4355	4.5064	0
-11.2761	4.51302	0.313172	-11.2761	4.51302	0
-10.2202	4.53649	0.300215	-10.2202	4.53649	0
-9.17437	4.49442	0.339575	-9.17437	4.49442	0
-8.15212	4.47197	0.278718	-8.15212	4.47197	0
-7.10969	4.45765	0.334064	-7.10969	4.45765	0
-6.08262	4.48295	0.308059	-6.08262	4.48295	0
-5.05454	4.55905	0.295369	-5.05454	4.55905	0
-4.08223	4.47218	0.303066	-4.08223	4.47218	0
-2.99286	4.44412	0.295031	-2.99286	4.44412	0
-1.95947	4.38635	0.288505	-1.95947	4.38635	0
-0.974121	4.44738	0.309036	-0.974121	4.44738	0
0.110113	5.44221	0.34288	0.110113	5.44221	0
1.14388	5.47123	0.308409	1.14388	5.47123	0
2.13794	5.52067	0.298233	2.13794	5.52067	0
3.20084	5.50429	0.326695	3.20084	5.50429	0
4.21638	5.41044	0.307835	4.21638	5.41044	0
5.29675	5.47616	0.317672	5.29675	5.47616	0
6.32675	5.53105	0.323838	6.32675	5.53105	0
7.41399	5.52413	0.290817	7.41399	5.52413	0
8.37832	5.4477	0.305489	8.37832	5.4477	0
9.47153	5.48075	0.282061	9.47153	5.48075	0
10.4891	5.48208	0.302837	10.4891	5.48208	0
11.5011	5.48471	0.300979	11.5011	5.48471	0
-11.2265	5.57361	0.318854	-11.2265	5.57361	0
-10.2046	5.53599	0.318876	-10.2046	5.53599	0
-9.19208	5.5794	0.305334	-9.19208	5.5794	0
-8.16664	5.51927	0.324325	-8.16664	5.51927	0
-7.13159	5.54083	0.321411	-7.13159	5.54083	0
-6.13236	5.54728	0.322122	-6.13236	5.54728	0
-5.10207	5.57632	0.307937	-5.10207	5.57632	0
-4.02112	5.53159	0.32679	-4.02112	5.53159	0
-2.97026	5.50045	0.299727	-2.97026	5.50045	0
-2.01429	5.52504	0.342794	-2.01429	5.52504	0
-0.959063	5.4846	0.340559	-0.959063	5.4846	0
0.0725829	6.47856	0.325277	0.0725829	6.47856	0
1.09219	6.53498	0.344924	1.09219	6.53498	0
2.15436	6.537	0.327134	2.15436	6.537	0
3.19866	6.52016	0.312371	3.19866	6.52016	0
4.21123	6.47153	0.321084	4.21123	6.47153	0
5.2706	6.51337	0.340194	5.2706	6.51337	0
6.31623	6.58098	0.31221	6.31623	6.58098	0
7.32359	6.58033	0.345318	7.32359	6.58033	0
8.35647	6.48604	0.314465	8.35647	6.48604	0
9.3942	6.55109	0.323337	9.3942	6.55109	0
10.3995	6.52634	0.34064	10.3995	6.52634	0
11.5373	6.51092	0.323181	11.5373	6.51092	0
-11.2248	6.5845	0.316435	-11.2248	6.5845	0
-10.1614	6.53441	0.320177	-10.1614	6.53441	0
-9.19399	6.5834	0.305386	-9.19399	6.5834	0
-8.19181	6.49218	0.319036	-8.19181	6.49218	0
-7.09034	6.56892	0.329395	-7.09034	6.56892	0
-6.0638	6.54922	0.333224	-6.0638	6.54922	0
-5.00764	6.58624	0.327594	-5.00764	6.58624	0
-3.99616	6.56723	0.302938	-3.99616	6.56723	0
-2.96221	6.48487	0.32875	-2.96221	6.48487	0
-1.94842	6.51214	0.325952	-1.94842	6.51214	0
-0.926401	6.48187	0.346067	-0.926401	6.48187	0
0.0778697	7.53185	0.327137	0.0778697	7.53185	0
1.15407	7.60716	0.325056	1.15407	7.60716	0
2.13271	7.57419	0.301739	2.13271	7.57419	0
3.19686	7.48508	0.314149	3.19686	7.48508	0
4.26003	7.4747	0.273261	4.26003	7.4747	0
5.22949	7.53792	0.316385	5.22949	7.53792	0
6.27715	7.57384	0.300457	6.27715	7.57384	0
7.38608	7.58091	0.319459	7.38608	7.58091	0
8.40079	7.55083	0.337795	8.40079	7.55083	0
9.4287	7.57426	0.316659	9.4287	7.57426	0
10.4531	7.57497	0.317274	10.4531	7.57497	0
11.5268	7.53821	0.31377	11.5268	7.53821	0
-11.2289	7.62664	0.310083	-11.2289	7.62664	0
-10.2502	7.61645	0.324495	-10.2502	7.61645	0
-9.22612	7.56653	0.316076	-9.22612	7.56653	0
-8.18865	7.54674	0.339182	-8.18865	7.54674	0
-7.16245	7.54242	0.303347	-7.16245	7.54242	0
-6.09561	7.59302	0.296188	-6.09561	7.59302	0
-5.05432	7.61905	0.292379	-5.05432	7.61905	0
-4.00145	7.54451	0.336117	-4.00145	7.54451	0
-2.97666	7.60029	0.306654	-2.97666	7.60029	0
-1.92375	7.51389	0.316598	-1.92375	7.51389	0
-0.888953	7.48922	0.329325	-0.888953	7.48922	0
0.0635215	8.6104	0.323218	0.0635215	8.6104	0
1.08757	8.62286	0.349708	1.08757	8.62286	0
2.1628	8.57321	0.322372	2.1628	8.57321	0
3.18555	8.51596	0.323673	3.18555	8.51596	0
4.23526	8.52028	0.304873	4.23526	8.52028	0
5.26351	8.59025	0.354971	5.26351	8.59025	0
6.35345	8.58916	0.30851	6.35345	8.58916	0
7.39226	8.62545	0.318625	7.39226	8.62545	0
8.39846	8.56987	0.336705	8.39846	8.56987	0
9.42567	8.63124	0.32854	9.42567	8.63124	0
10.4654	8.63882	0.30103	10.4654	8.63882	0
11.4723	8.61631	0.314067	11.4723	8.61631	0
-11.2306	8.66232	0.300046	-11.2306	8.66232	0
-10.2844	8.66082	0.302203	-10.2844	8.66082	0
-9.25991	8.61572	0.299953	-9.25991	8.61572	0
-8.21245	8.56197	0.330497	-8.21245	8.56197	0
-7.14055	8.63278	0.289824	-7.14055	8.63278	0
-6.14128	8.63314	0.344068	-6.14128	8.63314	0
-5.10803	8.62269	0.311923	-5.10803	8.62269	0
-4.05646	8.6379	0.323248	-4.05646	8.6379	0
-2.9793	8.64339	0.321636	-2.9793	8.64339	0
-1.99784	8.58742	0.32209	-1.99784	8.58742	0
-0.911739	8.57631	0.33965	-0.911739	8.57631	0
0.153511	9.68691	0.31493	0.153511	9.68691	0
1.11112	9.61863	0.319043	1.11112	9.61863	0
2.12671	9.53913	0.331676	2.12671	9.53913	0
3.16451	9.55574	0.302431	3.16451	9.55574	0
4.18757	9.50426	0.313241	4.18757	9.50426	0
5.19922	9.57889	0.340844	5.19922	9.57889	0
6.35486	9.61116	0.33365	6.35486	9.61116	0
7.34341	9.61529	0.307792	7.34341	9.61529	0
8.37335	9.66764	0.320808	8.37335	9.66764	0
9.40624	9.60438	0.336609	9.40624	9.60438	0
10.4099	9.59563	0.323094	10.4099	9.59563	0
11.4482	9.65235	0.330605	11.4482	9.65235	0
-11.2618	9.69471	0.309058	-11.2618	9.69471	0
-10.2003	9.64602	0.286706	-10.2003	9.64602	0
-9.20376	9.65172	0.319624	-9.20376	9.65172	0
-8.14423	9.58305	0.304848	-8.14423	9.58305	0
-7.14952	9.66788	0.312245	-7.14952	9.66788	0
-6.16032	9.62471	0.330669	-6.16032	9.62471	0
-5.05737	9.67913	0.304798	-5.05737	9.67913	0
-4.00332	9.66681	0.311617	-4.00332	9.66681	0
-2.98008	9.66077	0.312518	-2.98008	9.66077	0
-1.92857	9.67288	0.341688	-1.92857	9.67288	0
-0.935259	9.61692	0.324835	-0.935259	9.61692	0
0.0904499	10.7027	0.337811	0.0904499	10.7027	0
1.12256	10.6676	0.313817	1.12256	10.6676	0
2.18296	10.6337	0.325077	2.18296	10.6337	0
3.18591	10.6843	0.292799	3.18591	10.6843	0
4.17198	10.5593	0.284566	4.17198	10.5593	0
5.27804	10.6225	0.307514	5.27804	10.6225	0
6.27769	10.6553	0.309003	6.27769	10.6553	0
7.33281	10.6587	0.293627	7.33281	10.6587	0
8.39993	10.6872	0.326492	8.39993	10.6872	0
9.40501	10.6533	0.297928	9.40501	10.6533	0
10.431	10.6816	0.329043	10.431	10.6816	0
11.4823	10.6968	0.332242	11.4823	10.6968	0
-11.222	10.6586	0.316525	-11.222	10.6586	0
-10.227	10.6839	0.335825	-10.227	10.6839	0
-9.18223	10.6404	0.315088	-9.18223	10.6404	0
-8.21307	10.5744	0.340571	-8.21307	10.5744	0
-7.07949	10.6688	0.346323	-7.07949	10.6688	0
-6.04533	10.6708	0.287416	-6.04533	10.6708	0
-5.0017	10.7103	0.320693	-5.0017	10.7103	0
-4.05727	10.6907	0.321062	-4.05727	10.6907	0
-3.00093	10.6784	0.310263	-3.00093	10.6784	0
-1.95534	10.6795	0.303393	-1.95534	10.6795	0
-0.94158	10.6855	0.298897	-0.94158	10.6855	0
0.102264	11.7139	0.302079	0.102264	11.7139	0
1.17163	11.6991	0.302363	1.17163	11.6991	0
2.16301	11.6816	0.326832	2.16301	11.6816	0
3.24739	11.699	0.319449	3.24739	11.699	0
4.24614	11.6638	0.281351	4.24614	11.6638	0
5.31405	11.6864	0.316511	5.31405	11.6864	0
6.30412	11.6692	0.303777	6.30412	11.6692	0
7.3255	11.7077	0.332441	7.3255	11.7077	0
8.3432	11.716	0.311815	8.3432	11.716	0
9.42406	11.7148	0.305653	9.42406	11.7148	0
10.4813	11.7532	0.297969	10.4813	11.7532	0
11.5664	11.7314	0.319913	11.5664	11.7314	0
-11.215	11.702	0.342673	-11.215	11.702	0
-10.17	11.7338	0.307242	-10.17	11.7338	0
-9.14579	11.6492	0.311549	-9.14579	11.6492	0
-8.16951	11.73	0.312505	-8.16951	11.73	0
-7.13072	11.7087	0.329569	-7.13072	11.7087	0
-6.11372	11.6724	0.296279	-6.11372	11.6724	0
-5.08888	11.7489	0.28498	-5.08888	11.7489	0
-4.05993	11.7057	0.346589	-4.05993	11.7057	0
-3.03943	11.7474	0.331124	-3.03943	11.7474	0
-1.98591	11.6829	0.344375	-1.98591	11.6829	0
-0.965731	11.6769	0.311743	-0.965731	11.6769	0
0.154836	-11.0492	0.297298	0.154836	-11.0492	0
1.19934	-11.0921	0.31313	1.19934	-11.0921	0
2.18752	-11.0535	0.328119	2.18752	-11.0535	0
3.20731	-11.064	0.265803	3.20731	-11.064	0
4.21168	-11.1086	0.307396	4.21168	-11.1086	0
5.26821	-11.0906	0.30053	5.26821	-11.0906	0
6.31179	-11.0197	0.295542	6.31179	-11.0197	0
7.3669	-11.0865	0.300962	7.3669	-11.0865	0
8.40228	-11.037	0.325915	8.40228	-11.037	0
9.40424	-10.9672	0.31909	9.40424	-10.9672	0
10.5124	-11.0539	0.322902	10.5124	-11.0539	0
11.5872	-11.0782	0.318541	11.5872	-11.0782	0
-11.1851	-10.9761	0.335091	-11.1851	-10.9761	0
-10.1144	-11.0184	0.33906	-10.1144	-11.0184	0
-9.0935	-11.0938	0.290132	-9.0935	-11.0938	0
-8.08229	-10.98	0.31922	-8.08229	-10.98	0
-7.08673	-11.0854	0.319573	-7.08673	-11.0854	0
-6.07943	-11.0269	0.317545	-6.07943	-11.0269	0
-5.03549	-11.0388	0.310538	-5.03549	-11.0388	0
-4.00603	-11.0307	0.302563	-4.00603	-11.0307	0
-2.97416	-10.9567	0.279394	-2.97416	-10.9567	0
-1.9576	-11.0698	0.325952	-1.9576	-11.0698	0
-0.946796	-11.1018	0.293571	-0.946796	-11.1018	0
0.209643	-10.0278	0.320596	0.209643	-10.0278	0
1.15981	-10.0142	0.31568	1.15981	-10.0142	0
2.15538	-10.045	0.286111	2.15538	-10.045	0
3.25369	-10.0488	0.342384	3.25369	-10.0488	0
4.29803	-9.99319	0.329519	4.29803	-9.99319	0
5.29537	-10.0322	0.331572	5.29537	-10.0322	0
6.30557	-10.0356	0.317962	6.30557	-10.0356	0
7.31994	-10.063	0.3283	7.31994	-10.063	0
8.42299	-9.98944	0.331544	8.42299	-9.98944	0
9.42851	-9.98689	0.310163	9.42851	-9.98689	0
10.4533	-9.96864	0.291107	10.4533	-9.96864	0
11.4673	-9.95305	0.313535	11.4673	-9.95305	0
-11.3168	-9.99051	0.324155	-11.3168	-9.99051	0
-10.2023	-10.0367	0.324153	-10.2023	-10.0367	0
-9.16278	-10.0218	0.310926	-9.16278	-10.0218	0
-8.15134	-9.98303	0.339513	-8.15134	-9.98303	0
-7.05132	-9.9913	0.32297	-7.05132	-9.9913	0
-5.98975	-9.99145	0.343817	-5.98975	-9.99145	0
-5.03062	-9.99255	0.319632	-5.03062	-9.99255	0
-4.03617	-10.0232	0.342507	-4.03617	-10.0232	0
-2.91136	-9.9152	0.312507	-2.91136	-9.9152	0
-1.94482	-10.0066	0.300815	-1.94482	-10.0066	0
-0.877587	-10.0797	0.327832	-0.877587	-10.0797	0
0.0902514	-8.98228	0.330162	0.0902514	-8.98228	0
1.16261	-8.9769	0.32761	1.16261	-8.9769	0
2.20219	-8.94888	0.328796	2.20219	-8.94888	0
3.25096	-9.00983	0.280955	3.25096	-9.00983	0
4.24925	-8.97946	0.29868	4.24925	-8.97946	0
5.30658	-8.9889	0.35618	5.30658	-8.9889	0
6.30598	-9.01373	0.351995	6.30598	-9.01373	0
7.33911	-8.96672	0.292922	7.33911	-8.96672	0
8.40459	-8.98882	0.312182	8.40459	-8.98882	0
9.45505	-8.93086	0.308354	9.45505	-8.93086	0
10.4449	-8.95048	0.316836	10.4449	-8.95048	0
11.5089	-8.92792	0.309353	11.5089	-8.92792	0
-11.259	-9.02718	0.321373	-11.259	-9.02718	0
-10.252	-8.9666	0.328079	-10.252	-8.9666	0
-9.22377	-9.01951	0.29836	-9.22377	-9.01951	0
-8.076	-8.9848	0.295528	-8.076	-8.9848	0
-7.04323	-8.92366	0.338205	-7.04323	-8.92366	0
-6.04537	-8.91073	0.314949	-6.04537	-8.91073	0
-5.05206	-8.95455	0.318321	-5.05206	-8.95455	0
-4.04334	-9.00373	0.360043	-4.04334	-9.00373	0
-2.98491	-8.94181	0.311796	-2.98491	-8.94181	0
-1.90863	-9.01304	0.285654	-1.90863	-9.01304	0
-0.92331	-8.97915	0.323686	-0.92331	-8.97915	0
0.135434	-8.00205	0.326595	0.135434	-8.00205	0
1.15979	-7.93668	0.292072	1.15979	-7.93668	0
2.1699	-7.91699	0.313504	2.1699	-7.91699	0
3.18029	-7.95993	0.343905	3.18029	-7.95993	0
4.24128	-7.92341	0.323836	4.24128	-7.92341	0
5.28782	-7.99255	0.313074	5.28782	-7.99255	0
6.35599	-7.98163	0.30577	6.35599	-7.98163	0
7.35879	-7.99558	0.30964	7.35879	-7.99558	0
8.41129	-7.97907	0.335186	8.41129	-7.97907	0
9.43224	-7.9073	0.324993	9.43224	-7.9073	0
10.5068	-7.93936	0.319203	10.5068	-7.93936	0
11.539	-7.97019	0.312682	11.539	-7.97019	0
-11.2407	-7.97596	0.31462	-11.2407	-7.97596	0
-10.2106	-7.96698	0.324699	-10.2106	-7.96698	0
-9.15159	-8.04546	0.3049	-9.15159	-8.04546	0
-8.1339	-7.93815	0.309456	-8.1339	-7.93815	0
-7.03106	-7.91963	0.310779	-7.03106	-7.91963	0
-6.07168	-7.88016	0.330326	-6.07168	-7.88016	0
-5.07085	-7.94035	0.297623	-5.07085	-7.94035	0
-3.98892	-7.9404	0.300688	-3.98892	-7.9404	0
-3.01615	-7.92915	0.337986	-3.01615	-7.92915	0
-1.94978	-7.91543	0.300548	-1.94978	-7.91543	0
-0.920576	-7.93371	0.301889	-0.920576	-7.93371	0
0.125679	-6.92108	0.336524	0.125679	-6.92108	0
1.17325	-6.8834	0.332092	1.17325	-6.8834	0
2.23548	-6.9056	0.322066	2.23548	-6.9056	0
3.25508	-6.91165	0.282901	3.25508	-6.91165	0
4.27502	-6.8806	0.331999	4.27502	-6.8806	0
5.27611	-6.93337	0.309082	5.27611	-6.93337	0
6.32434	-6.97281	0.32607	6.32434	-6.97281	0
7.39018	-6.97071	0.328705	7.39018	-6.97071	0
8.42378	-6.96972	0.330304	8.42378	-6.96972	0
9.47953	-6.91739	0.33642	9.47953	-6.91739	0
10.4677	-6.91608	0.314813	10.4677	-6.91608	0
11.474	-6.95224	0.312271	11.474	-6.95224	0
-11.2337	-6.90216	0.305138	-11.2337	-6.90216	0
-10.1961	-6.91864	0.337349	-10.1961	-6.91864	0
-9.19758	-6.96044	0.320324	-9.19758	-6.96044	0
-8.1338	-6.92055	0.324136	-8.1338	-6.92055	0
-7.06729	-6.85014	0.358737	-7.06729	-6.85014	0
-6.05714	-6.89973	0.33641	-6.05714	-6.89973	0
-5.05957	-6.88535	0.32937	-5.05957	-6.88535	0
-4.00799	-6.90049	0.294666	-4.00799	-6.90049	0
-2.98833	-6.84275	0.339251	-2.98833	-6.84275	0
-1.9164	-6.9315	0.287745	-1.9164	-6.9315	0
-0.877538	-6.89999	0.328153	-0.877538	-6.89999	0
0.124416	-5.85913	0.281757	0.124416	-5.85913	0
1.1478	-5.85717	0.321286	1.1478	-5.85717	0
2.24643	-5.88519	0.308408	2.24643	-5.88519	0
3.24022	-5.85558	0.327393	3.24022	-5.85558	0
4.24249	-5.83807	0.293018	4.24249	-5.83807	0
5.34488	-5.84898	0.327019	5.34488	-5.84898	0
6.34563	-5.92617	0.317327	6.34563	-5.92617	0
7.34286	-5.93968	0.331804	7.34286	-5.93968	0
8.38864	-5.88798	0.314206	8.38864	-5.88798	0
9.42953	-5.8982	0.307953	9.42953	-5.8982	0
10.4965	-5.90506	0.335628	10.4965	-5.90506	0
11.5263	-5.89431	0.321034	11.5263	-5.89431	0
-11.2233	-5.91542	0.282306	-11.2233	-5.91542	0
-10.1668	-5.86213	0.30874	-10.1668	-5.86213	0
-9.16709	-5.91285	0.314103	-9.16709	-5.91285	0
-8.18495	-5.90268	0.308817	-8.18495	-5.90268	0
-7.1219	-5.84711	0.295088	-7.1219	-5.84711	0
-6.14463	-5.7958	0.331525	-6.14463	-5.7958	0
-5.11393	-5.85302	0.320984	-5.11393	-5.85302	0
-4.01617	-5.85974	0.327199	-4.01617	-5.85974	0
-2.94243	-5.83292	0.324155	-2.94243	-5.83292	0
-1.91117	-5.8452	0.331155	-1.91117	-5.8452	0
-0.892798	-5.84719	0.321957	-0.892798	-5.84719	0
0.0939157	-4.81347	0.291968	0.0939157	-4.81347	0
1.15714	-4.78136	0.331922	1.15714	-4.78136	0
2.15505	-4.81675	0.307152	2.15505	-4.81675	0
3.1819	-4.80358	0.319503	3.1819	-4.80358	0
4.18859	-4.81499	0.284484	4.18859	-4.81499	0
5.38159	-4.83949	0.285575	5.38159	-4.83949	0
6.40374	-4.84399	0.308337	6.40374	-4.84399	0
7.37848	-4.93815	0.32408	7.37848	-4.93815	0
8.43582	-4.83464	0.299219	8.43582	-4.83464	0
9.49248	-4.88042	0.29623	9.49248	-4.88042	0
10.5185	-4.84923	0.304432	10.5185	-4.84923	0
11.5309	-4.82367	0.324285	11.5309	-4.82367	0
-11.2497	-4.84038	0.323057	-11.2497	-4.84038	0
-10.211	-4.8328	0.317019	-10.211	-4.8328	0
-9.1724	-4.91239	0.321642	-9.1724	-4.91239	0
-8.23714	-4.88665	0.324114	-8.23714	-4.88665	0
-7.16249	-4.82446	0.325968	-7.16249	-4.82446	0
-6.13048	-4.8002	0.321969	-6.13048	-4.8002	0
-5.04925	-4.83501	0.326602	-5.04925	-4.83501	0
-4.0207	-4.87438	0.310896	-4.0207	-4.87438	0
-2.9729	-4.84524	0.307242	-2.9729	-4.84524	0
-1.91935	-4.80024	0.319876	-1.91935	-4.80024	0
-0.921337	-4.77363	0.311463	-0.921337	-4.77363	0
0.12464	-3.78837	0.317148	0.12464	-3.78837	0
1.12429	-3.77143	0.318262	1.12429	-3.77143	0
2.13811	-3.75671	0.338306	2.13811	-3.75671	0
3.17477	-3.79285	0.315337	3.17477	-3.79285	0
4.2483	-3.81704	0.301314	4.2483	-3.81704	0
5.32102	-3.79744	0.340816	5.32102	-3.79744	0
6.38604	-3.83137	0.306357	6.38604	-3.83137	0
7.39443	-3.84746	0.335832	7.39443	-3.84746	0
8.41538	-3.82092	0.311056	8.41538	-3.82092	0
9.44154	-3.81223	0.320251	9.44154	-3.81223	0
10.4553	-3.78492	0.327303	10.4553	-3.78492	0
11.4644	-3.79782	0.345826	11.4644	-3.79782	0
-11.2624	-3.71859	0.339452	-11.2624	-3.71859	0
-10.22	-3.7839	0.311631	-10.22	-3.7839	0
-9.16354	-3.80412	0.317778	-9.16354	-3.80412	0
-8.2398	-3.81702	0.291654	-8.2398	-3.81702	0
-7.10452	-3.77407	0.309421	-7.10452	-3.77407	0
-6.10512	-3.80832	0.317066	-6.10512	-3.80832	0
-5.04665	-3.80043	0.301794	-5.04665	-3.80043	0
-3.95784	-3.76275	0.328614	-3.95784	-3.76275	0
-2.92036	-3.72763	0.313077	-2.92036	-3.72763	0
-1.93669	-3.81483	0.314666	-1.93669	-3.81483	0
-0.953086	-3.77663	0.332241	-0.953086	-3.77663	0
0.0971883	-2.7349	0.312114	0.0971883	-2.7349	0
1.11438	-2.72553	0.301292	1.11438	-2.72553	0
2.17323	-2.75391	0.309731	2.17323	-2.75391	0
3.22554	-2.79322	0.304792	3.22554	-2.79322	0
4.2646	-2.80332	0.319899	4.2646	-2.80332	0
5.30909	-2.79414	0.295301	5.30909	-2.79414	0
6.34277	-2.85254	0.311673	6.34277	-2.85254	0
7.40308	-2.81299	0.304489	7.40308	-2.81299	0
8.39175	-2.82692	0.297183	8.39175	-2.82692	0
9.46024	-2.77405	0.3242	9.46024	-2.77405	0
10.4777	-2.77234	0.331688	10.4777	-2.77234	0
11.4997	-2.7681	0.308041	11.4997	-2.7681	0
-11.2263	-2.66516	0.316512	-11.2263	-2.66516	0
-10.1554	-2.73451	0.318565	-10.1554	-2.73451	0
-9.22379	-2.72255	0.320003	-9.22379	-2.72255	0
-8.2123	-2.75588	0.344297	-8.2123	-2.75588	0
-7.15769	-2.74289	0.332766	-7.15769	-2.74289	0
-6.06117	-2.70709	0.301963	-6.06117	-2.70709	0
-5.03768	-2.75339	0.32974	-5.03768	-2.75339	0
-4.04515	-2.78128	0.309971	-4.04515	-2.78128	0
-2.99371	-2.76895	0.318659	-2.99371	-2.76895	0
-1.9931	-2.75914	0.310337	-1.9931	-2.75914	0
-0.992112	-2.73558	0.325337	-0.992112	-2.73558	0
0.100009	-1.73939	0.330765	0.100009	-1.73939	0
1.08137	-1.6731	0.303971	1.08137	-1.6731	0
2.15684	-1.71776	0.293377	2.15684	-1.71776	0
3.19885	-1.80211	0.30606	3.19885	-1.80211	0
4.29533	-1.70619	0.321588	4.29533	-1.70619	0
5.33256	-1.75199	0.304742	5.33256	-1.75199	0
6.36364	-1.77486	0.311582	6.36364	-1.77486	0
7.33649	-1.75395	0.332251	7.33649	-1.75395	0
8.3595	-1.7439	0.320325	8.3595	-1.7439	0
9.42328	-1.75679	0.301352	9.42328	-1.75679	0
10.451	-1.66511	0.305331	10.451	-1.66511	0
11.4224	-1.76258	0.328992	11.4224	-1.76258	0
-11.2608	-1.71211	0.318292	-11.2608	-1.71211	0
-10.242	-1.71191	0.317429	-10.242	-1.71191	0
-9.23657	-1.68912	0.326421	-9.23657	-1.68912	0
-8.14682	-1.69697	0.31314	-8.14682	-1.69697	0
-7.13013	-1.70776	0.324054	-7.13013	-1.70776	0
-6.09592	-1.70121	0.331903	-6.09592	-1.70121	0
-5.07176	-1.72626	0.324994	-5.07176	-1.72626	0
-3.98094	-1.74347	0.300991	-3.98094	-1.74347	0
-2.95209	-1.77963	0.288215	-2.95209	-1.77963	0
-1.94084	-1.65054	0.302213	-1.94084	-1.65054	0
-0.907545	-1.71019	0.317313	-0.907545	-1.71019	0
0.0807521	-0.69719	0.333568	0.0807521	-0.69719	0
1.17723	-0.635629	0.281695	1.17723	-0.635629	0
2.21277	-0.625207	0.300614	2.21277	-0.625207	0
3.17357	-0.764544	0.317972	3.17357	-0.764544	0
4.30214	-0.706249	0.325801	4.30214	-0.706249	0
5.28987	-0.720974	0.318799	5.28987	-0.720974	0
6.33396	-0.797441	0.297916	6.33396	-0.797441	0
7.37089	-0.730889	0.320301	7.37089	-0.730889	0
8.38693	-0.718788	0.319381	8.38693	-0.718788	0
9.36676	-0.725169	0.310667	9.36676	-0.725169	0
10.4245	-0.690992	0.339418	10.4245	-0.690992	0
11.4268	-0.698694	0.339417	11.4268	-0.698694	0
-11.2377	-0.6898	0.35495	-11.2377	-0.6898	0
-10.1764	-0.638396	0.309461	-10.1764	-0.638396	0
-9.19317	-0.619773	0.336262	-9.19317	-0.619773	0
-8.14572	-0.646408	0.330093	-8.14572	-0.646408	0
-7.17204	-0.714713	0.317198	-7.17204	-0.714713	0
-6.05312	-0.668828	0.31806	-6.05312	-0.668828	0
-5.07437	-0.719912	0.313693	-5.07437	-0.719912	0
-4.03161	-0.707797	0.337598	-4.03161	-0.707797	0
-2.97733	-0.73402	0.321964	-2.97733	-0.73402	0
-1.91959	-0.643688	0.321359	-1.91959	-0.643688	0
-0.904642	-0.646963	0.330567	-0.904642	-0.646963	0
