-0.326292	-0.090725	-0.311631	-0.326292	-0.090725	0
0.787509	-0.0358829	-0.308476	0.787509	-0.0358829	0
1.76596	-0.0182451	-0.336713	1.76596	-0.0182451	0
2.80198	0.0466914	-0.313322	2.80198	0.0466914	0
3.84382	-0.0390773	-0.315799	3.84382	-0.0390773	0
4.91244	-0.00857108	-0.324656	4.91244	-0.00857108	0
5.85714	0.00407059	-0.310774	5.85714	0.00407059	0
6.91896	0.00299848	-0.31216	6.91896	0.00299848	0
7.96215	-0.00241434	-0.312268	7.96215	-0.00241434	0
8.97285	0.113593	-0.31078	8.97285	0.113593	0
10.0705	0.0736604	-0.319387	10.0705	0.0736604	0
11.0918	0.0516142	-0.322928	11.0918	0.0516142	0
-11.6927	0.0734901	-0.327949	-11.6927	0.0734901	0
-10.6252	0.105352	-0.325111	-10.6252	0.105352	0
-9.54817	0.0597297	-0.294423	-9.54817	0.0597297	0
-8.52816	0.113164	-0.328391	-8.52816	0.113164	0
-7.52576	0.0666589	-0.307365	-7.52576	0.0666589	0
-6.48571	0.0672004	-0.310446	-6.48571	0.0672004	0
-5.41815	0.0443276	-0.322509	-5.41815	0.0443276	0
-4.3641	0.0480173	-0.331091	-4.3641	0.0480173	0
-3.32914	0.0399835	-0.306221	-3.32914	0.0399835	0
-2.34108	-0.0288122	-0.305314	-2.34108	-0.0288122	0
-1.33591	-0.0461185	-0.307313	-1.33591	-0.0461185	0
-0.307781	1.00687	-0.299735	-0.307781	1.00687	0
0.731163	0.995414	-0.31776	0.731163	0.995414	0
1.75845	1.05136	-0.326173	1.75845	1.05136	0
2.76164	1.06354	-0.311637	2.76164	1.06354	0
3.79065	1.00154	-0.330915	3.79065	1.00154	0
4.83263	0.99797	-0.308751	4.83263	0.99797	0
5.91598	1.0014	-0.281663	5.91598	1.0014	0
6.96871	1.12299	-0.305054	6.96871	1.12299	0
8.00343	1.10163	-0.316601	8.00343	1.10163	0
9.01606	1.12059	-0.301085	9.01606	1.12059	0
10.0705	1.09427	-0.305301	10.0705	1.09427	0
11.145	1.06905	-0.323692	11.145	1.06905	0
-11.6022	1.05073	-0.312253	-11.6022	1.05073	0
-10.6	1.10787	-0.301741	-10.6	1.10787	0
-9.59755	1.14386	-0.320834	-9.59755	1.14386	0
-8.54118	1.13475	-0.316502	-8.54118	1.13475	0
-7.46955	1.14062	-0.318791	-7.46955	1.14062	0
-6.48689	1.10803	-0.321939	-6.48689	1.10803	0
-5.46688	1.07148	-0.327911	-5.46688	1.07148	0
-4.38654	1.0507	-0.321669	-4.38654	1.0507	0
-3.38768	1.02708	-0.295551	-3.38768	1.02708	0
-2.30486	1.0078	-0.32928	-2.30486	1.0078	0
-1.30086	1.00119	-0.313036	-1.30086	1.00119	0
-0.248523	2.03851	-0.303482	-0.248523	2.03851	0
0.719034	2.01427	-0.324445	0.719034	2.01427	0
1.73154	2.07817	-0.320774	1.73154	2.07817	0
2.79062	2.08885	-0.328121	2.79062	2.08885	0
3.83203	2.11122	-0.326608	3.83203	2.11122	0
4.8345	2.08845	-0.321195	4.8345	2.08845	0
5.88919	2.06421	-0.291264	5.88919	2.06421	0
6.94202	2.16227	-0.313733	6.94202	2.16227	0
7.9876	2.13975	-0.348159	7.9876	2.13975	0
9.00444	2.17337	-0.311598	9.00444	2.17337	0
10.0284	2.1205	-0.28857	10.0284	2.1205	0
11.0709	2.11058	-0.322257	11.0709	2.11058	0
-11.6773	2.03224	-0.326916	-11.6773	2.03224	0
-10.645	2.13421	-0.322289	-10.645	2.13421	0
-9.61821	2.17226	-0.356279	-9.61821	2.17226	0
-8.58421	2.19152	-0.342653	-8.58421	2.19152	0
-7.61015	2.18474	-0.313757	-7.61015	2.18474	0
-6.54267	2.11803	-0.322246	-6.54267	2.11803	0
-5.42931	2.14574	-0.308989	-5.42931	2.14574	0
-4.40492	2.07547	-0.337752	-4.40492	2.07547	0
-3.38982	2.0645	-0.318545	-3.38982	2.0645	0
-2.37752	2.07604	-0.313324	-2.37752	2.07604	0
-1.29104	2.04289	-0.328824	-1.29104	2.04289	0
-0.323732	3.09854	-0.334642	-0.323732	3.09854	0
0.68805	3.04909	-0.314654	0.68805	3.04909	0
1.74677	3.11718	-0.324268	1.74677	3.11718	0
2.80036	3.11092	-0.34152	2.80036	3.11092	0
3.83702	3.12976	-0.317059	3.83702	3.12976	0
4.83548	3.08867	-0.32411	4.83548	3.08867	0
5.89998	3.09172	-0.316625	5.89998	3.09172	0
6.90937	3.19501	-0.302826	6.90937	3.19501	0
7.94556	3.19796	-0.330182	7.94556	3.19796	0
8.96845	3.22654	-0.348474	8.96845	3.22654	0
10.0559	3.18819	-0.322529	10.0559	3.18819	0
11.0485	3.16106	-0.326906	11.0485	3.16106	0
-11.6893	3.10487	-0.301465	-11.6893	3.10487	0
-10.6732	3.12855	-0.311804	-10.6732	3.12855	0
-9.64641	3.23161	-0.327605	-9.64641	3.23161	0
-8.60238	3.21974	-0.341938	-8.60238	3.21974	0
-7.59376	3.1801	-0.304596	-7.59376	3.1801	0
-6.54479	3.16076	-0.296457	-6.54479	3.16076	0
-5.50516	3.14409	-0.32532	-5.50516	3.14409	0
-4.43623	3.14072	-0.340688	-4.43623	3.14072	0
-3.42793	3.14593	-0.316915	-3.42793	3.14593	0
-2.39952	3.10991	-0.306251	-2.39952	3.10991	0
-1.35585	3.15421	-0.274917	-1.35585	3.15421	0
-0.305671	4.13149	-0.321689	-0.305671	4.13149	0
0.691986	4.09731	-0.338294	0.691986	4.09731	0
1.70516	4.10765	-0.318027	1.70516	4.10765	0
2.79167	4.16164	-0.295477	2.79167	4.16164	0
3.80775	4.14364	-0.316806	3.80775	4.14364	0
4.86802	4.12093	-0.324272	4.86802	4.12093	0
5.86327	4.17906	-0.302835	5.86327	4.17906	0
6.90868	4.23608	-0.302374	6.90868	4.23608	0
7.91919	4.23399	-0.316272	7.91919	4.23399	0
8.91822	4.23867	-0.314932	8.91822	4.23867	0
9.99995	4.18826	-0.328371	9.99995	4.18826	0
11.1035	4.18686	-0.307355	11.1035	4.18686	0
-11.68	4.18483	-0.331953	-11.68	4.18483	0
-10.6495	4.13807	-0.314289	-10.6495	4.13807	0
-9.63794	4.19436	-0.317142	-9.63794	4.19436	0
-8.64899	4.23319	-0.315625	-8.64899	4.23319	0
-7.55467	4.23218	-0.328291	-7.55467	4.23218	0
-6.52575	4.20009	-0.302292	-6.52575	4.20009	0
-5.47413	4.15137	-0.334161	-5.47413	4.15137	0
-4.48338	4.17541	-0.33744	-4.48338	4.17541	0
-3.43744	4.19035	-0.324424	-3.43744	4.19035	0
-2.48189	4.13729	-0.282299	-2.48189	4.13729	0
-1.3881	4.16956	-0.301784	-1.3881	4.16956	0
-0.362717	5.21806	-0.3176	-0.362717	5.21806	0
0.687488	5.14048	-0.306895	0.687488	5.14048	0
1.69876	5.14514	-0.339481	1.69876	5.14514	0
2.77297	5.15744	-0.325974	2.77297	5.15744	0
3.82251	5.17616	-0.328322	3.82251	5.17616	0
4.83516	5.21413	-0.295713	4.83516	5.21413	0
5.82355	5.19577	-0.292754	5.82355	5.19577	0
6.90152	5.22136	-0.339116	6.90152	5.22136	0
7.90899	5.26872	-0.293335	7.90899	5.26872	0
8.95468	5.22335	-0.317632	8.95468	5.22335	0
10.0046	5.26332	-0.315613	10.0046	5.26332	0
11.0736	5.24237	-0.308689	11.0736	5.24237	0
-11.6815	5.25698	-0.304788	-11.6815	5.25698	0
-10.6619	5.25026	-0.319918	-10.6619	5.25026	0
-9.60967	5.22188	-0.305571	-9.60967	5.22188	0
-8.6049	5.21545	-0.298894	-8.6049	5.21545	0
-7.60956	5.27936	-0.341389	-7.60956	5.27936	0
-6.5327	5.23608	-0.304323	-6.5327	5.23608	0
-5.50886	5.22006	-0.303015	-5.50886	5.22006	0
-4.48476	5.14201	-0.326724	-4.48476	5.14201	0
-3.41619	5.19276	-0.317144	-3.41619	5.19276	0
-2.39106	5.18573	-0.32962	-2.39106	5.18573	0
-1.38605	5.15982	-0.318389	-1.38605	5.15982	0
-0.353373	6.22802	-0.314438	-0.353373	6.22802	0
0.678771	6.21112	-0.308148	0.678771	6.21112	0
1.6739	6.16825	-0.321582	1.6739	6.16825	0
2.79076	6.12584	-0.323208	2.79076	6.12584	0
3.78351	6.23411	-0.328658	3.78351	6.23411	0
4.80279	6.26571	-0.308652	4.80279	6.26571	0
5.84111	6.22572	-0.357438	5.84111	6.22572	0
6.93766	6.20845	-0.310971	6.93766	6.20845	0
7.94034	6.24545	-0.289407	7.94034	6.24545	0
8.9979	6.20037	-0.283341	8.9979	6.20037	0
10.0661	6.29745	-0.337593	10.0661	6.29745	0
11.0371	6.25513	-0.319482	11.0371	6.25513	0
-11.7199	6.28394	-0.287895	-11.7199	6.28394	0
-10.7085	6.27922	-0.31215	-10.7085	6.27922	0
-9.65876	6.29802	-0.315386	-9.65876	6.29802	0
-8.6995	6.26593	-0.347735	-8.6995	6.26593	0
-7.60981	6.2604	-0.317284	-7.60981	6.2604	0
-6.57389	6.24665	-0.324634	-6.57389	6.24665	0
-5.5377	6.2051	-0.314642	-5.5377	6.2051	0
-4.44781	6.22133	-0.325385	-4.44781	6.22133	0
-3.40376	6.26149	-0.311746	-3.40376	6.26149	0
-2.43664	6.20915	-0.294545	-2.43664	6.20915	0
-1.39053	6.181	-0.339899	-1.39053	6.181	0
-0.374248	7.24476	-0.309175	-0.374248	7.24476	0
0.648375	7.21416	-0.30649	0.648375	7.21416	0
1.69849	7.19828	-0.306767	1.69849	7.19828	0
2.69717	7.21231	-0.343222	2.69717	7.21231	0
3.71469	7.31106	-0.305397	3.71469	7.31106	0
4.75384	7.25293	-0.334005	4.75384	7.25293	0
5.80825	7.27904	-0.312421	5.80825	7.27904	0
6.87831	7.25326	-0.326774	6.87831	7.25326	0
7.92576	7.22022	-0.326699	7.92576	7.22022	0
8.99415	7.30744	-0.299298	8.99415	7.30744	0
10.0216	7.33741	-0.308623	10.0216	7.33741	0
11.0453	7.26487	-0.314489	11.0453	7.26487	0
-11.7222	7.30978	-0.32682	-11.7222	7.30978	0
-10.6865	7.35662	-0.311525	-10.6865	7.35662	0
-9.65354	7.36638	-0.318682	-9.65354	7.36638	0
-8.65133	7.31198	-0.322962	-8.65133	7.31198	0
-7.62385	7.23761	-0.342376	-7.62385	7.23761	0
-6.52848	7.2468	-0.302654	-6.52848	7.2468	0
-5.56853	7.29261	-0.314156	-5.56853	7.29261	0
-4.5672	7.25483	-0.358089	-4.5672	7.25483	0
-3.437	7.31973	-0.329508	-3.437	7.31973	0
-2.38307	7.30375	-0.320748	-2.38307	7.30375	0
-1.38036	7.26138	-0.311472	-1.38036	7.26138	0
-0.306435	8.3658	-0.326535	-0.306435	8.3658	0
0.686603	8.28331	-0.299344	0.686603	8.28331	0
1.67778	8.3053	-0.250899	1.67778	8.3053	0
2.72698	8.34798	-0.305834	2.72698	8.34798	0
3.75292	8.33442	-0.297453	3.75292	8.33442	0
4.80952	8.31413	-0.314543	4.80952	8.31413	0
5.84292	8.32197	-0.347576	5.84292	8.32197	0
6.89296	8.32774	-0.324441	6.89296	8.32774	0
7.92667	8.30111	-0.301209	7.92667	8.30111	0
8.94017	8.30322	-0.308114	8.94017	8.30322	0
10.02	8.3238	-0.319801	10.02	8.3238	0
11.1101	8.35771	-0.308865	11.1101	8.35771	0
-11.726	8.40455	-0.327214	-11.726	8.40455	0
-10.7049	8.35656	-0.296609	-10.7049	8.35656	0
-9.68807	8.36031	-0.317204	-9.68807	8.36031	0
-8.62533	8.36457	-0.310147	-8.62533	8.36457	0
-7.67188	8.275	-0.320418	-7.67188	8.275	0
-6.6066	8.2991	-0.315204	-6.6066	8.2991	0
-5.59742	8.3592	-0.317318	-5.59742	8.3592	0
-4.51135	8.29675	-0.340498	-4.51135	8.29675	0
-3.45624	8.30909	-0.323634	-3.45624	8.30909	0
-2.42429	8.29575	-0.337896	-2.42429	8.29575	0
-1.37348	8.32271	-0.304116	-1.37348	8.32271	0
-0.321016	9.29944	-0.301878	-0.321016	9.29944	0
0.679719	9.32783	-0.287171	0.679719	9.32783	0
1.74794	9.30307	-0.319952	1.74794	9.30307	0
2.72854	9.37064	-0.319491	2.72854	9.37064	0
3.79849	9.34224	-0.358947	3.79849	9.34224	0
4.90289	9.2971	-0.302313	4.90289	9.2971	0
5.9018	9.35675	-0.327823	5.9018	9.35675	0
6.96521	9.36634	-0.310466	6.96521	9.36634	0
7.93533	9.35294	-0.332828	7.93533	9.35294	0
8.91771	9.30271	-0.305301	8.91771	9.30271	0
9.99275	9.40335	-0.32457	9.99275	9.40335	0
10.97	9.36171	-0.285204	10.97	9.36171	0
-11.7029	9.46485	-0.329516	-11.7029	9.46485	0
-10.6862	9.41875	-0.331589	-10.6862	9.41875	0
-9.66795	9.38614	-0.34358	-9.66795	9.38614	0
-8.61096	9.36069	-0.329373	-8.61096	9.36069	0
-7.54497	9.29327	-0.33263	-7.54497	9.29327	0
-6.56081	9.35361	-0.337187	-6.56081	9.35361	0
-5.4984	9.39956	-0.343474	-5.4984	9.39956	0
-4.52216	9.33534	-0.29806	-4.52216	9.33534	0
-3.44383	9.31384	-0.357464	-3.44383	9.31384	0
-2.38495	9.37771	-0.316983	-2.38495	9.37771	0
-1.34599	9.29946	-0.305605	-1.34599	9.29946	0
-0.343401	10.4009	-0.347779	-0.343401	10.4009	0
0.6717	10.3835	-0.305855	0.6717	10.3835	0
1.73594	10.282	-0.339082	1.73594	10.282	0
2.7328	10.3636	-0.3014	2.7328	10.3636	0
3.74768	10.352	-0.342772	3.74768	10.352	0
4.82239	10.3449	-0.338046	4.82239	10.3449	0
5.87671	10.3794	-0.329317	5.87671	10.3794	0
6.88489	10.4117	-0.30884	6.88489	10.4117	0
7.9504	10.3324	-0.316282	7.9504	10.3324	0
9.01729	10.2958	-0.300745	9.01729	10.2958	0
10.0359	10.3906	-0.340002	10.0359	10.3906	0
11.0221	10.3861	-0.328431	11.0221	10.3861	0
-11.7859	10.4343	-0.324534	-11.7859	10.4343	0
-10.736	10.4188	-0.315813	-10.736	10.4188	0
-9.71307	10.3817	-0.279757	-9.71307	10.3817	0
-8.64072	10.3861	-0.298055	-8.64072	10.3861	0
-7.55733	10.3376	-0.309954	-7.55733	10.3376	0
-6.51503	10.3224	-0.305951	-6.51503	10.3224	0
-5.47989	10.4064	-0.324452	-5.47989	10.4064	0
-4.42214	10.3931	-0.287646	-4.42214	10.3931	0
-3.43405	10.3785	-0.310515	-3.43405	10.3785	0
-2.39022	10.3683	-0.33998	-2.39022	10.3683	0
-1.39289	10.3542	-0.302482	-1.39289	10.3542	0
-0.351151	11.4443	-0.313659	-0.351151	11.4443	0
0.677083	11.3713	-0.304047	0.677083	11.3713	0
1.76919	11.3516	-0.321383	1.76919	11.3516	0
2.79243	11.3469	-0.32577	2.79243	11.3469	0
3.82848	11.382	-0.321364	3.82848	11.382	0
4.8511	11.3496	-0.340018	4.8511	11.3496	0
5.90695	11.3943	-0.319902	5.90695	11.3943	0
6.91123	11.4318	-0.312087	6.91123	11.4318	0
7.97418	11.3587	-0.33579	7.97418	11.3587	0
8.99683	11.4421	-0.338752	8.99683	11.4421	0
10.0075	11.4677	-0.338334	10.0075	11.4677	0
11.0275	11.4067	-0.3098	11.0275	11.4067	0
-11.7377	11.4877	-0.319431	-11.7377	11.4877	0
-10.7069	11.5079	-0.331887	-10.7069	11.5079	0
-9.68109	11.4637	-0.284391	-9.68109	11.4637	0
-8.73785	11.4258	-0.326539	-8.73785	11.4258	0
-7.63737	11.3931	-0.311204	-7.63737	11.3931	0
-6.6204	11.3814	-0.333039	-6.6204	11.3814	0
-5.50555	11.386	-0.334736	-5.50555	11.386	0
-4.47941	11.4511	-0.312102	-4.47941	11.4511	0
-3.38586	11.4563	-0.29436	-3.38586	11.4563	0
-2.40565	11.4361	-0.344568	-2.40565	11.4361	0
-1.39962	11.4174	-0.305267	-1.39962	11.4174	0
-0.316168	-11.3608	-0.308271	-0.316168	-11.3608	0
0.757205	-11.4143	-0.316715	0.757205	-11.4143	0
1.75472	-11.4177	-0.293517	1.75472	-11.4177	0
2.75612	-11.3738	-0.313379	2.75612	-11.3738	0
3.79496	-11.3859	-0.279795	3.79496	-11.3859	0
4.82578	-11.377	-0.340755	4.82578	-11.377	0
5.89245	-11.3398	-0.317824	5.89245	-11.3398	0
6.89162	-11.3548	-0.302826	6.89162	-11.3548	0
7.9786	-11.3817	-0.302495	7.9786	-11.3817	0
8.94757	-11.3092	-0.309136	8.94757	-11.3092	0
9.99195	-11.2816	-0.331266	9.99195	-11.2816	0
11.0287	-11.2361	-0.322842	11.0287	-11.2361	0
-11.6859	-11.2497	-0.323118	-11.6859	-11.2497	0
-10.7214	-11.242	-0.302704	-10.7214	-11.242	0
-9.6655	-11.2384	-0.328558	-9.6655	-11.2384	0
-8.70127	-11.298	-0.313251	-8.70127	-11.298	0
-7.60707	-11.3966	-0.296533	-7.60707	-11.3966	0
-6.57072	-11.4244	-0.31566	-6.57072	-11.4244	0
-5.54241	-11.3773	-0.340844	-5.54241	-11.3773	0
-4.4609	-11.3691	-0.303792	-4.4609	-11.3691	0
-3.43071	-11.317	-0.319475	-3.43071	-11.317	0
-2.36518	-11.295	-0.319381	-2.36518	-11.295	0
-1.42487	-11.3185	-0.315268	-1.42487	-11.3185	0
-0.322056	-10.2998	-0.329473	-0.322056	-10.2998	0
0.689022	-10.3612	-0.283659	0.689022	-10.3612	0
1.74295	-10.3491	-0.316372	1.74295	-10.3491	0
2.74616	-10.3276	-0.344232	2.74616	-10.3276	0
3.76823	-10.3219	-0.299687	3.76823	-10.3219	0
4.84503	-10.3142	-0.324853	4.84503	-10.3142	0
5.82724	-10.2767	-0.309491	5.82724	-10.2767	0
6.9264	-10.3284	-0.311716	6.9264	-10.3284	0
7.87261	-10.3204	-0.338552	7.87261	-10.3204	0
8.9884	-10.2173	-0.292948	8.9884	-10.2173	0
10.0047	-10.2619	-0.304199	10.0047	-10.2619	0
11.0476	-10.2572	-0.310211	11.0476	-10.2572	0
-11.6882	-10.2267	-0.301858	-11.6882	-10.2267	0
-10.6357	-10.2433	-0.284754	-10.6357	-10.2433	0
-9.65799	-10.2131	-0.28032	-9.65799	-10.2131	0
-8.57483	-10.2416	-0.319238	-8.57483	-10.2416	0
-7.63377	-10.3575	-0.338152	-7.63377	-10.3575	0
-6.60059	-10.3153	-0.327496	-6.60059	-10.3153	0
-5.53054	-10.302	-0.31167	-5.53054	-10.302	0
-4.5123	-10.3382	-0.276978	-4.5123	-10.3382	0
-3.4652	-10.2715	-0.313021	-3.4652	-10.2715	0
-2.40482	-10.2523	-0.333369	-2.40482	-10.2523	0
-1.39668	-10.2489	-0.322315	-1.39668	-10.2489	0
-0.314927	-9.29372	-0.325674	-0.314927	-9.29372	0
0.686505	-9.30606	-0.323267	0.686505	-9.30606	0
1.71745	-9.25943	-0.328747	1.71745	-9.25943	0
2.7372	-9.31502	-0.324871	2.7372	-9.31502	0
3.86319	-9.31671	-0.31111	3.86319	-9.31671	0
4.8977	-9.31293	-0.323144	4.8977	-9.31293	0
5.8897	-9.24489	-0.335904	5.8897	-9.24489	0
6.91429	-9.25562	-0.314513	6.91429	-9.25562	0
7.89281	-9.29914	-0.320852	7.89281	-9.29914	0
9.01903	-9.20943	-0.302286	9.01903	-9.20943	0
10.0597	-9.22577	-0.290625	10.0597	-9.22577	0
11.0787	-9.26721	-0.331047	11.0787	-9.26721	0
-11.6711	-9.16846	-0.289194	-11.6711	-9.16846	0
-10.6411	-9.17051	-0.294664	-10.6411	-9.17051	0
-9.5983	-9.23281	-0.330497	-9.5983	-9.23281	0
-8.54347	-9.19625	-0.325085	-8.54347	-9.19625	0
-7.53346	-9.31841	-0.330425	-7.53346	-9.31841	0
-6.52863	-9.31148	-0.312618	-6.52863	-9.31148	0
-5.48745	-9.28371	-0.317611	-5.48745	-9.28371	0
-4.41008	-9.26542	-0.286463	-4.41008	-9.26542	0
-3.41393	-9.26087	-0.300916	-3.41393	-9.26087	0
-2.37053	-9.20212	-0.310316	-2.37053	-9.20212	0
-1.3618	-9.27442	-0.334376	-1.3618	-9.27442	0
-0.265753	-8.23126	-0.331403	-0.265753	-8.23126	0
0.709125	-8.25167	-0.318628	0.709125	-8.25167	0
1.71397	-8.26471	-0.341834	1.71397	-8.26471	0
2.78309	-8.27819	-0.305104	2.78309	-8.27819	0
3.82468	-8.26607	-0.316176	3.82468	-8.26607	0
4.89205	-8.28035	-0.291096	4.89205	-8.28035	0
5.8933	-8.22293	-0.301995	5.8933	-8.22293	0
6.91572	-8.24698	-0.321233	6.91572	-8.24698	0
7.98315	-8.25704	-0.318279	7.98315	-8.25704	0
9.0469	-8.20068	-0.327958	9.0469	-8.20068	0
10.0618	-8.13834	-0.294857	10.0618	-8.13834	0
11.1006	-8.20851	-0.318326	11.1006	-8.20851	0
-11.679	-8.16941	-0.30248	-11.679	-8.16941	0
-10.5615	-8.18083	-0.317135	-10.5615	-8.18083	0
-9.60462	-8.22123	-0.330803	-9.60462	-8.22123	0
-8.5152	-8.20636	-0.324488	-8.5152	-8.20636	0
-7.4585	-8.30215	-0.324576	-7.4585	-8.30215	0
-6.4754	-8.21366	-0.318313	-6.4754	-8.21366	0
-5.42428	-8.26891	-0.304512	-5.42428	-8.26891	0
-4.4145	-8.28157	-0.330934	-4.4145	-8.28157	0
-3.42679	-8.15791	-0.335496	-3.42679	-8.15791	0
-2.36543	-8.17796	-0.319666	-2.36543	-8.17796	0
-1.30298	-8.27008	-0.346133	-1.30298	-8.27008	0
-0.285859	-7.24208	-0.33588	-0.285859	-7.24208	0
0.740036	-7.22207	-0.32596	0.740036	-7.22207	0
1.76197	-7.2398	-0.338663	1.76197	-7.2398	0
2.84598	-7.22145	-0.321266	2.84598	-7.22145	0
3.85491	-7.1998	-0.314146	3.85491	-7.1998	0
4.87559	-7.25283	-0.317225	4.87559	-7.25283	0
5.93703	-7.24365	-0.313728	5.93703	-7.24365	0
6.99774	-7.18961	-0.319659	6.99774	-7.18961	0
7.98926	-7.22429	-0.314608	7.98926	-7.22429	0
8.9898	-7.13725	-0.32274	8.9898	-7.13725	0
10.0584	-7.1387	-0.300703	10.0584	-7.1387	0
11.0226	-7.17454	-0.338036	11.0226	-7.17454	0
-11.6598	-7.17539	-0.332266	-11.6598	-7.17539	0
-10.601	-7.1737	-0.296235	-10.601	-7.1737	0
-9.59926	-7.19421	-0.311128	-9.59926	-7.19421	0
-8.50629	-7.13381	-0.305975	-8.50629	-7.13381	0
-7.51202	-7.21873	-0.321663	-7.51202	-7.21873	0
-6.50038	-7.19956	-0.356728	-6.50038	-7.19956	0
-5.4519	-7.18583	-0.313018	-5.4519	-7.18583	0
-4.38079	-7.16405	-0.293878	-4.38079	-7.16405	0
-3.34415	-7.14585	-0.320149	-3.34415	-7.14585	0
-2.34966	-7.23225	-0.310404	-2.34966	-7.23225	0
-1.31878	-7.22026	-0.335714	-1.31878	-7.22026	0
-0.364868	-6.26134	-0.333715	-0.364868	-6.26134	0
0.686905	-6.23403	-0.323437	0.686905	-6.23403	0
1.80546	-6.23381	-0.321661	1.80546	-6.23381	0
2.78936	-6.22351	-0.313563	2.78936	-6.22351	0
3.84078	-6.17804	-0.350325	3.84078	-6.17804	0
4.85558	-6.23413	-0.305131	4.85558	-6.23413	0
5.95937	-6.23769	-0.310207	5.95937	-6.23769	0
7.00668	-6.1392	-0.305256	7.00668	-6.1392	0
7.99821	-6.1545	-0.302366	7.99821	-6.1545	0
9.01605	-6.14646	-0.305525	9.01605	-6.14646	0
10.0337	-6.09725	-0.324948	10.0337	-6.09725	0
11.104	-6.13714	-0.327485	11.104	-6.13714	0
-11.6544	-6.10951	-0.303689	-11.6544	-6.10951	0
-10.6545	-6.09731	-0.327028	-10.6545	-6.09731	0
-9.6195	-6.14384	-0.310716	-9.6195	-6.14384	0
-8.59221	-6.16961	-0.296112	-8.59221	-6.16961	0
-7.53094	-6.10739	-0.336361	-7.53094	-6.10739	0
-6.5421	-6.19754	-0.285211	-6.5421	-6.19754	0
-5.47164	-6.16719	-0.327388	-5.47164	-6.16719	0
-4.40225	-6.15892	-0.320954	-4.40225	-6.15892	0
-3.39642	-6.12046	-0.346175	-3.39642	-6.12046	0
-2.32717	-6.13144	-0.303964	-2.32717	-6.13144	0
-1.38613	-6.19693	-0.299478	-1.38613	-6.19693	0
-0.263862	-5.19426	-0.299211	-0.263862	-5.19426	0
0.760653	-5.21191	-0.302192	0.760653	-5.21191	0
1.74015	-5.2193	-0.328231	1.74015	-5.2193	0
2.75842	-5.18772	-0.29893	2.75842	-5.18772	0
3.81601	-5.16694	-0.323948	3.81601	-5.16694	0
4.85052	-5.21047	-0.317614	4.85052	-5.21047	0
5.93145	-5.15154	-0.314902	5.93145	-5.15154	0
6.95143	-5.14824	-0.303398	6.95143	-5.14824	0
7.99636	-5.12689	-0.309886	7.99636	-5.12689	0
9.02695	-5.13967	-0.339731	9.02695	-5.13967	0
10.0691	-5.05305	-0.322753	10.0691	-5.05305	0
11.0975	-5.10143	-0.352468	11.0975	-5.10143	0
-11.698	-5.10958	-0.33871	-11.698	-5.10958	0
-10.6709	-5.03257	-0.321923	-10.6709	-5.03257	0
-9.61082	-5.07733	-0.333239	-9.61082	-5.07733	0
-8.54609	-5.06311	-0.318047	-8.54609	-5.06311	0
-7.54319	-5.14049	-0.304491	-7.54319	-5.14049	0
-6.5072	-5.13369	-0.316145	-6.5072	-5.13369	0
-5.49544	-5.14438	-0.290451	-5.49544	-5.14438	0
-4.43033	-5.15936	-0.310216	-4.43033	-5.15936	0
-3.40642	-5.17327	-0.333615	-3.40642	-5.17327	0
-2.38839	-5.15665	-0.322016	-2.38839	-5.15665	0
-1.34042	-5.21201	-0.312095	-1.34042	-5.21201	0
-0.305957	-4.18985	-0.345549	-0.305957	-4.18985	0
0.730182	-4.16906	-0.325424	0.730182	-4.16906	0
1.76842	-4.1748	-0.322503	1.76842	-4.1748	0
2.81883	-4.12944	-0.348633	2.81883	-4.12944	0
3.818	-4.16996	-0.309182	3.818	-4.16996	0
4.8471	-4.19099	-0.297789	4.8471	-4.19099	0
5.86651	-4.14994	-0.318281	5.86651	-4.14994	0
6.92648	-4.13856	-0.325919	6.92648	-4.13856	0
7.99055	-4.0901	-0.333453	7.99055	-4.0901	0
9.0509	-4.12683	-0.327318	9.0509	-4.12683	0
10.0091	-4.05499	-0.303492	10.0091	-4.05499	0
11.0692	-4.07609	-0.334625	11.0692	-4.07609	0
-11.7342	-4.06762	-0.328555	-11.7342	-4.06762	0
-10.6286	-4.08294	-0.292376	-10.6286	-4.08294	0
-9.58236	-4.08738	-0.318541	-9.58236	-4.08738	0
-8.57015	-4.048	-0.31273	-8.57015	-4.048	0
-7.54217	-3.98736	-0.34173	-7.54217	-3.98736	0
-6.49565	-4.09541	-0.328128	-6.49565	-4.09541	0
-5.47681	-4.13941	-0.302576	-5.47681	-4.13941	0
-4.47279	-4.16082	-0.310661	-4.47279	-4.16082	0
-3.44352	-4.1537	-0.33692	-3.44352	-4.1537	0
-2.40697	-4.17931	-0.316966	-2.40697	-4.17931	0
-1.3121	-4.13886	-0.328515	-1.3121	-4.13886	0
-0.321738	-3.13973	-0.321935	-0.321738	-3.13973	0
0.719184	-3.17458	-0.313523	0.719184	-3.17458	0
1.76552	-3.13567	-0.295464	1.76552	-3.13567	0
2.82978	-3.11559	-0.317697	2.82978	-3.11559	0
3.86111	-3.1094	-0.325753	3.86111	-3.1094	0
4.90153	-3.20241	-0.323459	4.90153	-3.20241	0
5.95052	-3.08894	-0.330385	5.95052	-3.08894	0
6.99541	-3.09052	-0.318533	6.99541	-3.09052	0
8.00289	-3.04729	-0.321355	8.00289	-3.04729	0
9.02212	-2.98708	-0.313446	9.02212	-2.98708	0
10.0252	-3.00887	-0.321829	10.0252	-3.00887	0
11.101	-3.04671	-0.342008	11.101	-3.04671	0
-11.6775	-3.07623	-0.338607	-11.6775	-3.07623	0
-10.6112	-3.06212	-0.334161	-10.6112	-3.06212	0
-9.58168	-3.02389	-0.316916	-9.58168	-3.02389	0
-8.53556	-3.00688	-0.309758	-8.53556	-3.00688	0
-7.56898	-2.97353	-0.316315	-7.56898	-2.97353	0
-6.53498	-3.06814	-0.327044	-6.53498	-3.06814	0
-5.48913	-3.07767	-0.314468	-5.48913	-3.07767	0
-4.42935	-3.1054	-0.306187	-4.42935	-3.1054	0
-3.41381	-3.14601	-0.345915	-3.41381	-3.14601	0
-2.42907	-3.10421	-0.329513	-2.42907	-3.10421	0
-1.3605	-3.11855	-0.313326	-1.3605	-3.11855	0
-0.322628	-2.137	-0.318491	-0.322628	-2.137	0
0.748853	-2.18911	-0.333272	0.748853	-2.18911	0
1.78198	-2.08229	-0.292502	1.78198	-2.08229	0
2.79804	-2.03421	-0.309958	2.79804	-2.03421	0
3.85285	-2.06311	-0.297619	3.85285	-2.06311	0
4.86461	-2.09507	-0.291438	4.86461	-2.09507	0
5.917	-2.05706	-0.2958	5.917	-2.05706	0
6.93938	-2.07393	-0.301662	6.93938	-2.07393	0
8.06391	-2.03717	-0.286626	8.06391	-2.03717	0
9.03326	-1.97511	-0.30815	9.03326	-1.97511	0
10.0393	-1.96929	-0.330061	10.0393	-1.96929	0
11.1052	-2.06644	-0.323653	11.1052	-2.06644	0
-11.6209	-2.02588	-0.311579	-11.6209	-2.02588	0
-10.6319	-2.0232	-0.321494	-10.6319	-2.0232	0
-9.62081	-2.01752	-0.32896	-9.62081	-2.01752	0
-8.59975	-2.02417	-0.287151	-8.59975	-2.02417	0
-7.5234	-2.00347	-0.327014	-7.5234	-2.00347	0
-6.45732	-1.95978	-0.334462	-6.45732	-1.95978	0
-5.44554	-2.06934	-0.293075	-5.44554	-2.06934	0
-4.40977	-2.06126	-0.349825	-4.40977	-2.06126	0
-3.38333	-2.01733	-0.315068	-3.38333	-2.01733	0
-2.3357	-2.07464	-0.3226	-2.3357	-2.07464	0
-1.33457	-2.08549	-0.319115	-1.33457	-2.08549	0
-0.296621	-1.12465	-0.32799	-0.296621	-1.12465	0
0.707122	-1.08436	-0.310994	0.707122	-1.08436	0
1.71699	-1.04806	-0.308774	1.71699	-1.04806	0
2.76384	-1.01114	-0.29936	2.76384	-1.01114	0
3.79706	-1.04432	-0.307618	3.79706	-1.04432	0
4.85998	-1.02573	-0.334691	4.85998	-1.02573	0
5.89326	-1.03119	-0.318027	5.89326	-1.03119	0
6.91717	-1.03904	-0.315765	6.91717	-1.03904	0
7.9616	-0.991095	-0.299693	7.9616	-0.991095	0
9.04022	-0.948597	-0.333663	9.04022	-0.948597	0
10.0807	-0.933051	-0.337209	10.0807	-0.933051	0
11.1008	-1.00278	-0.314947	11.1008	-1.00278	0
-11.6714	-1.01087	-0.315671	-11.6714	-1.01087	0
-10.5718	-0.907716	-0.302003	-10.5718	-0.907716	0
-9.5823	-0.921366	-0.306176	-9.5823	-0.921366	0
-8.52302	-0.971765	-0.316496	-8.52302	-0.971765	0
-7.51346	-1.0021	-0.314948	-7.51346	-1.0021	0
-6.45678	-0.926614	-0.306157	-6.45678	-0.926614	0
-5.44127	-0.977794	-0.315629	-5.44127	-0.977794	0
-4.42865	-0.918624	-0.320402	-4.42865	-0.918624	0
-3.38685	-0.964064	-0.27371	-3.38685	-0.964064	0
-2.4313	-1.05002	-0.320376	-2.4313	-1.05002	0
-1.33291	-1.00795	-0.296276	-1.33291	-1.00795	0
0.212404	0.429228	0.291411	0.212404	0.429228	0
1.22032	0.533985	0.316933	1.22032	0.533985	0
2.26641	0.511655	0.300118	2.26641	0.511655	0
3.23343	0.578202	0.315806	3.23343	0.578202	0
4.32741	0.503725	0.309761	4.32741	0.503725	0
5.36956	0.521348	0.33298	5.36956	0.521348	0
6.46988	0.561043	0.314667	6.46988	0.561043	0
7.42817	0.534105	0.262103	7.42817	0.534105	0
8.53371	0.606958	0.311668	8.53371	0.606958	0
9.53228	0.634174	0.338359	9.53228	0.634174	0
10.6013	0.581124	0.284312	10.6013	0.581124	0
11.6235	0.560702	0.344852	11.6235	0.560702	0
-11.1058	0.574428	0.328184	-11.1058	0.574428	0
-10.0806	0.554279	0.305048	-10.0806	0.554279	0
-9.0667	0.628197	0.328462	-9.0667	0.628197	0
-8.01678	0.653907	0.321535	-8.01678	0.653907	0
-7.01584	0.587589	0.304027	-7.01584	0.587589	0
-5.91006	0.573232	0.320314	-5.91006	0.573232	0
-4.94314	0.539121	0.310498	-4.94314	0.539121	0
-3.90776	0.564036	0.336429	-3.90776	0.564036	0
-2.82832	0.571104	0.308832	-2.82832	0.571104	0
-1.81675	0.445978	0.301516	-1.81675	0.445978	0
-0.81407	0.492313	0.298159	-0.81407	0.492313	0
0.23385	1.51338	0.318192	0.23385	1.51338	0
1.22141	1.50709	0.317234	1.22141	1.50709	0
2.25862	1.59054	0.3178	2.25862	1.59054	0
3.30773	1.60608	0.330754	3.30773	1.60608	0
4.33047	1.54308	0.314622	4.33047	1.54308	0
5.37748	1.52455	0.285887	5.37748	1.52455	0
6.44251	1.63836	0.312574	6.44251	1.63836	0
7.50399	1.60604	0.31099	7.50399	1.60604	0
8.52278	1.62817	0.319755	8.52278	1.62817	0
9.53644	1.64319	0.337426	9.53644	1.64319	0
10.5622	1.60233	0.318625	10.5622	1.60233	0
11.6148	1.55746	0.31311	11.6148	1.55746	0
-11.1626	1.59631	0.328505	-11.1626	1.59631	0
-10.1397	1.62652	0.321228	-10.1397	1.62652	0
-9.06704	1.63246	0.293301	-9.06704	1.63246	0
-8.06202	1.6926	0.335287	-8.06202	1.6926	0
-7.03312	1.65238	0.294498	-7.03312	1.65238	0
-5.97395	1.59903	0.314536	-5.97395	1.59903	0
-4.95475	1.63254	0.353529	-4.95475	1.63254	0
-3.90879	1.57255	0.316482	-3.90879	1.57255	0
-2.85301	1.57531	0.292639	-2.85301	1.57531	0
-1.82404	1.54933	0.301268	-1.82404	1.54933	0
-0.790613	1.53214	0.321891	-0.790613	1.53214	0
0.197167	2.55841	0.31035	0.197167	2.55841	0
1.26169	2.5545	0.329354	1.26169	2.5545	0
2.32124	2.64436	0.320044	2.32124	2.64436	0
3.29576	2.60096	0.312035	3.29576	2.60096	0
4.30223	2.5749	0.302514	4.30223	2.5749	0
5.31693	2.62705	0.317573	5.31693	2.62705	0
6.32587	2.58868	0.347924	6.32587	2.58868	0
7.41512	2.64024	0.328686	7.41512	2.64024	0
8.44922	2.66142	0.33992	8.44922	2.66142	0
9.50139	2.65691	0.313542	9.50139	2.65691	0
10.5651	2.63891	0.307152	10.5651	2.63891	0
11.6064	2.57688	0.325322	11.6064	2.57688	0
-11.1598	2.58003	0.30841	-11.1598	2.58003	0
-10.1534	2.61035	0.301901	-10.1534	2.61035	0
-9.11274	2.68572	0.319406	-9.11274	2.68572	0
-8.11153	2.69456	0.301879	-8.11153	2.69456	0
-7.03713	2.67805	0.320457	-7.03713	2.67805	0
-6.01365	2.62718	0.293033	-6.01365	2.62718	0
-4.92312	2.62579	0.300189	-4.92312	2.62579	0
-3.92693	2.62789	0.29863	-3.92693	2.62789	0
-2.89518	2.63061	0.300523	-2.89518	2.63061	0
-1.81928	2.59345	0.332429	-1.81928	2.59345	0
-0.786867	2.57866	0.307653	-0.786867	2.57866	0
0.18678	3.57299	0.317754	0.18678	3.57299	0
1.22737	3.62468	0.315742	1.22737	3.62468	0
2.3138	3.68449	0.309486	2.3138	3.68449	0
3.31755	3.61685	0.311158	3.31755	3.61685	0
4.33809	3.6535	0.33242	4.33809	3.6535	0
5.38487	3.60116	0.316524	5.38487	3.60116	0
6.38652	3.64536	0.296178	6.38652	3.64536	0
7.41122	3.68953	0.314793	7.41122	3.68953	0
8.41662	3.68705	0.331574	8.41662	3.68705	0
9.46884	3.69311	0.282537	9.46884	3.69311	0
10.5337	3.70678	0.311518	10.5337	3.70678	0
11.5491	3.62069	0.311804	11.5491	3.62069	0
-11.2263	3.6695	0.306902	-11.2263	3.6695	0
-10.1752	3.66972	0.314732	-10.1752	3.66972	0
-9.14708	3.68499	0.302736	-9.14708	3.68499	0
-8.11958	3.7153	0.288225	-8.11958	3.7153	0
-7.06211	3.75131	0.318723	-7.06211	3.75131	0
-5.99952	3.66045	0.330524	-5.99952	3.66045	0
-4.9798	3.64892	0.309186	-4.9798	3.64892	0
-3.98538	3.65415	0.3112	-3.98538	3.65415	0
-2.9735	3.70363	0.342405	-2.9735	3.70363	0
-1.93318	3.60776	0.307249	-1.93318	3.60776	0
-0.847787	3.63189	0.333472	-0.847787	3.63189	0
0.166409	4.61553	0.33227	0.166409	4.61553	0
1.16658	4.60706	0.311968	1.16658	4.60706	0
2.21026	4.6678	0.31873	2.21026	4.6678	0
3.28689	4.64061	0.31489	3.28689	4.64061	0
4.32308	4.67688	0.309719	4.32308	4.67688	0
5.33746	4.65008	0.30786	5.33746	4.65008	0
6.40065	4.71633	0.326904	6.40065	4.71633	0
7.43025	4.71756	0.330329	7.43025	4.71756	0
8.40306	4.74028	0.32278	8.40306	4.74028	0
9.49133	4.7144	0.321451	9.49133	4.7144	0
10.5107	4.66161	0.321033	10.5107	4.66161	0
11.594	4.75572	0.300676	11.594	4.75572	0
-11.1894	4.75539	0.338581	-11.1894	4.75539	0
-10.1458	4.76959	0.308934	-10.1458	4.76959	0
-9.12364	4.74663	0.344445	-9.12364	4.74663	0
-8.13054	4.69639	0.352836	-8.13054	4.69639	0
-7.12985	4.73762	0.311745	-7.12985	4.73762	0
-5.99879	4.6772	0.316077	-5.99879	4.6772	0
-4.96724	4.68945	0.333555	-4.96724	4.68945	0
-3.95039	4.69977	0.346881	-3.95039	4.69977	0
-2.9201	4.72152	0.3435	-2.9201	4.72152	0
-1.90358	4.63813	0.319621	-1.90358	4.63813	0
-0.846	4.66716	0.31192	-0.846	4.66716	0
0.194798	5.68297	0.31918	0.194798	5.68297	0
1.18375	5.6659	0.330553	1.18375	5.6659	0
2.19119	5.64267	0.289979	2.19119	5.64267	0
3.29763	5.66036	0.322167	3.29763	5.66036	0
4.33537	5.73265	0.311641	4.33537	5.73265	0
5.39369	5.74033	0.314051	5.39369	5.74033	0
6.34624	5.70385	0.311778	6.34624	5.70385	0
7.40578	5.71742	0.327363	7.40578	5.71742	0
8.43955	5.73662	0.337689	8.43955	5.73662	0
9.51718	5.71636	0.318365	9.51718	5.71636	0
10.5463	5.70451	0.346203	10.5463	5.70451	0
11.5839	5.76198	0.314696	11.5839	5.76198	0
-11.1819	5.76635	0.32806	-11.1819	5.76635	0
-10.1716	5.76354	0.327616	-10.1716	5.76354	0
-9.13246	5.74051	0.290137	-9.13246	5.74051	0
-8.11312	5.75159	0.325368	-8.11312	5.75159	0
-7.11992	5.71187	0.305651	-7.11992	5.71187	0
-6.0827	5.76629	0.319976	-6.0827	5.76629	0
-4.99082	5.71382	0.307257	-4.99082	5.71382	0
-3.93922	5.69845	0.330009	-3.93922	5.69845	0
-2.89641	5.71521	0.333353	-2.89641	5.71521	0
-1.87548	5.67021	0.312856	-1.87548	5.67021	0
-0.876731	5.70565	0.338386	-0.876731	5.70565	0
0.130646	6.73692	0.330512	0.130646	6.73692	0
1.20023	6.69219	0.327599	1.20023	6.69219	0
2.24286	6.69465	0.322769	2.24286	6.69465	0
3.2425	6.73887	0.308173	3.2425	6.73887	0
4.26734	6.80195	0.313336	4.26734	6.80195	0
5.29958	6.74962	0.311701	5.29958	6.74962	0
6.37356	6.74416	0.313269	6.37356	6.74416	0
7.38383	6.79504	0.347543	7.38383	6.79504	0
8.46424	6.77819	0.314479	8.46424	6.77819	0
9.51663	6.77452	0.309548	9.51663	6.77452	0
10.5493	6.74113	0.342266	10.5493	6.74113	0
11.5656	6.77402	0.322334	11.5656	6.77402	0
-11.1963	6.83081	0.348102	-11.1963	6.83081	0
-10.183	6.82497	0.296718	-10.183	6.82497	0
-9.15778	6.8189	0.318417	-9.15778	6.8189	0
-8.22114	6.77729	0.29299	-8.22114	6.77729	0
-7.11274	6.7284	0.313298	-7.11274	6.7284	0
-6.03953	6.77208	0.30772	-6.03953	6.77208	0
-4.97474	6.72205	0.277791	-4.97474	6.72205	0
-3.97133	6.75657	0.321717	-3.97133	6.75657	0
-2.92436	6.77028	0.300824	-2.92436	6.77028	0
-1.9161	6.7307	0.303938	-1.9161	6.7307	0
-0.893491	6.74455	0.308577	-0.893491	6.74455	0
0.188991	7.77892	0.31564	0.188991	7.77892	0
1.16656	7.74406	0.332462	1.16656	7.74406	0
2.18535	7.73231	0.340808	2.18535	7.73231	0
3.1995	7.81513	0.310818	3.1995	7.81513	0
4.25364	7.78318	0.297981	4.25364	7.78318	0
5.29981	7.74149	0.33495	5.29981	7.74149	0
6.30121	7.76632	0.341389	6.30121	7.76632	0
7.36434	7.78428	0.287077	7.36434	7.78428	0
8.4387	7.78223	0.332873	8.4387	7.78223	0
9.50826	7.85896	0.345327	9.50826	7.85896	0
10.5102	7.81649	0.320725	10.5102	7.81649	0
11.5355	7.84122	0.329951	11.5355	7.84122	0
-11.1854	7.86931	0.288638	-11.1854	7.86931	0
-10.1318	7.83415	0.3332	-10.1318	7.83415	0
-9.14826	7.87901	0.314587	-9.14826	7.87901	0
-8.16817	7.76854	0.351823	-8.16817	7.76854	0
-7.07013	7.76508	0.311508	-7.07013	7.76508	0
-6.07934	7.82295	0.338206	-6.07934	7.82295	0
-5.02588	7.7829	0.303389	-5.02588	7.7829	0
-3.98257	7.79553	0.290236	-3.98257	7.79553	0
-2.94282	7.83104	0.288955	-2.94282	7.83104	0
-1.88658	7.81823	0.340468	-1.88658	7.81823	0
-0.850886	7.81486	0.322661	-0.850886	7.81486	0
0.219985	8.81425	0.306749	0.219985	8.81425	0
1.17908	8.85419	0.331806	1.17908	8.85419	0
2.25927	8.81367	0.326213	2.25927	8.81367	0
3.3066	8.85184	0.331395	3.3066	8.85184	0
4.32498	8.83067	0.314051	4.32498	8.83067	0
5.33272	8.70377	0.345899	5.33272	8.70377	0
6.38186	8.84851	0.307193	6.38186	8.84851	0
7.46992	8.79039	0.34839	7.46992	8.79039	0
8.44294	8.82467	0.330877	8.44294	8.82467	0
9.53923	8.8309	0.310439	9.53923	8.8309	0
10.5431	8.83489	0.322194	10.5431	8.83489	0
11.556	8.88503	0.349899	11.556	8.88503	0
-11.2193	8.89927	0.283671	-11.2193	8.89927	0
-10.1673	8.86657	0.302116	-10.1673	8.86657	0
-9.13584	8.85332	0.320797	-9.13584	8.85332	0
-8.14894	8.83823	0.320396	-8.14894	8.83823	0
-7.10373	8.79492	0.316813	-7.10373	8.79492	0
-6.08906	8.87722	0.293201	-6.08906	8.87722	0
-5.06267	8.82412	0.303166	-5.06267	8.82412	0
-3.9821	8.82143	0.284021	-3.9821	8.82143	0
-2.9638	8.85983	0.30013	-2.9638	8.85983	0
-1.93256	8.82376	0.306399	-1.93256	8.82376	0
-0.842342	8.76743	0.335744	-0.842342	8.76743	0
0.212723	9.85404	0.307473	0.212723	9.85404	0
1.21336	9.84582	0.338837	1.21336	9.84582	0
2.224	9.84639	0.331116	2.224	9.84639	0
3.32759	9.83009	0.312799	3.32759	9.83009	0
4.31009	9.83785	0.283211	4.31009	9.83785	0
5.35383	9.81357	0.306513	5.35383	9.81357	0
6.40636	9.85462	0.324882	6.40636	9.85462	0
7.46657	9.84265	0.306271	7.46657	9.84265	0
8.41941	9.8576	0.317165	8.41941	9.8576	0
9.456	9.81553	0.319351	9.456	9.81553	0
10.5437	9.83314	0.338462	10.5437	9.83314	0
11.5616	9.86679	0.334387	11.5616	9.86679	0
-11.1922	9.91299	0.319767	-11.1922	9.91299	0
-10.2096	9.90118	0.322565	-10.2096	9.90118	0
-9.14933	9.84973	0.328479	-9.14933	9.84973	0
-8.05261	9.843	0.321684	-8.05261	9.843	0
-7.01556	9.83735	0.339298	-7.01556	9.83735	0
-6.00296	9.85198	0.300859	-6.00296	9.85198	0
-5.00347	9.86697	0.301347	-5.00347	9.86697	0
-3.94145	9.87487	0.311061	-3.94145	9.87487	0
-2.93308	9.82773	0.332688	-2.93308	9.82773	0
-1.8938	9.83705	0.31758	-1.8938	9.83705	0
-0.79199	9.87829	0.289247	-0.79199	9.87829	0
0.167625	10.8841	0.344007	0.167625	10.8841	0
1.15476	10.8431	0.329781	1.15476	10.8431	0
2.26269	10.8886	0.314502	2.26269	10.8886	0
3.30965	10.8576	0.322711	3.30965	10.8576	0
4.26501	10.7985	0.307149	4.26501	10.7985	0
5.36902	10.8677	0.321052	5.36902	10.8677	0
6.40519	10.8683	0.335993	6.40519	10.8683	0
7.48081	10.8764	0.307057	7.48081	10.8764	0
8.53327	10.8565	0.287801	8.53327	10.8565	0
9.52632	10.9542	0.319927	9.52632	10.9542	0
10.5117	10.9106	0.2912	10.5117	10.9106	0
11.5584	10.9425	0.319878	11.5584	10.9425	0
-11.2449	10.9547	0.296128	-11.2449	10.9547	0
-10.2505	10.9392	0.309636	-10.2505	10.9392	0
-9.16436	10.9068	0.330486	-9.16436	10.9068	0
-8.14124	10.9291	0.31477	-8.14124	10.9291	0
-7.09295	10.885	0.32193	-7.09295	10.885	0
-6.05585	10.8712	0.351222	-6.05585	10.8712	0
-4.96294	10.8839	0.323704	-4.96294	10.8839	0
-3.94348	10.9433	0.305751	-3.94348	10.9433	0
-2.89307	10.9092	0.317308	-2.89307	10.9092	0
-1.92209	10.8698	0.320071	-1.92209	10.8698	0
-0.841275	10.8959	0.284798	-0.841275	10.8959	0
0.183265	11.9054	0.328641	0.183265	-11.8806	0
1.25792	-11.9146	0.326791	1.25792	11.8715	0
2.30335	11.8676	0.35028	2.30335	11.8676	0
3.32099	11.9037	0.306756	3.32099	-11.8823	0
4.36235	11.9081	0.335978	4.36235	-11.8779	0
5.38788	-11.8777	0.277347	5.38788	-11.8777	0
6.42173	-11.8649	0.3034	6.42173	-11.8649	0
7.48492	-11.907	0.292243	7.48492	11.879	0
8.47951	-11.8465	0.33421	8.47951	-11.8465	0
9.55396	-11.8335	0.315755	9.55396	-11.8335	0
10.551	-11.7971	0.273777	10.551	-11.7971	0
11.5444	-11.7756	0.301604	11.5444	-11.7756	0
-11.203	-11.7733	0.318064	-11.203	-11.7733	0
-10.1897	-11.7895	0.328075	-10.1897	-11.7895	0
-9.19245	-11.795	0.314927	-9.19245	-11.795	0
-8.17657	-11.8975	0.313027	-8.17657	11.8885	0
-7.12075	-11.8974	0.322693	-7.12075	11.8887	0
-6.03144	11.8447	0.28734	-6.03144	11.8447	0
-5.00308	-11.8548	0.2932	-5.00308	-11.8548	0
-3.91004	-11.8373	0.353474	-3.91004	-11.8373	0
-2.87407	-11.8191	0.349834	-2.87407	-11.8191	0
-1.8631	-11.8582	0.328363	-1.8631	-11.8582	0
-0.88119	-11.8403	0.302166	-0.88119	-11.8403	0
0.170347	-10.8834	0.312401	0.170347	-10.8834	0
1.22388	-10.9203	0.337549	1.22388	-10.9203	0
2.29965	-10.9053	0.327614	2.29965	-10.9053	0
3.29578	-10.8327	0.320215	3.29578	-10.8327	0
4.33692	-10.8282	0.300116	4.33692	-10.8282	0
5.35093	-10.8566	0.299475	5.35093	-10.8566	0
6.35127	-10.8315	0.306628	6.35127	-10.8315	0
7.3841	-10.8869	0.340941	7.3841	-10.8869	0
8.45788	-10.807	0.310167	8.45788	-10.807	0
9.50526	-10.7443	0.307372	9.50526	-10.7443	0
10.5349	-10.7612	0.311842	10.5349	-10.7612	0
11.5804	-10.7605	0.314249	11.5804	-10.7605	0
-11.2059	-10.7351	0.343535	-11.2059	-10.7351	0
-10.1711	-10.7579	0.31893	-10.1711	-10.7579	0
-9.12251	-10.7381	0.319174	-9.12251	-10.7381	0
-8.10452	-10.8506	0.275655	-8.10452	-10.8506	0
-7.04944	-10.8522	0.329998	-7.04944	-10.8522	0
-6.04978	-10.9038	0.27366	-6.04978	-10.9038	0
-5.04295	-10.8319	0.321434	-5.04295	-10.8319	0
-3.9403	-10.8403	0.322682	-3.9403	-10.8403	0
-2.92098	-10.8032	0.334759	-2.92098	-10.8032	0
-1.87715	-10.7388	0.342435	-1.87715	-10.7388	0
-0.835775	-10.7781	0.304609	-0.835775	-10.7781	0
0.173872	-9.80096	0.313476	0.173872	-9.80096	0
1.23395	-9.77095	0.311987	1.23395	-9.77095	0
2.23649	-9.82606	0.324081	2.23649	-9.82606	0
3.26835	-9.77628	0.333197	3.26835	-9.77628	0
4.35931	-9.77921	0.325329	4.35931	-9.77921	0
5.37701	-9.81985	0.347437	5.37701	-9.81985	0
6.39118	-9.8211	0.314616	6.39118	-9.8211	0
7.39604	-9.81767	0.330235	7.39604	-9.81767	0
8.4396	-9.73079	0.331377	8.4396	-9.73079	0
9.51549	-9.70169	0.331087	9.51549	-9.70169	0
10.5794	-9.73344	0.305284	10.5794	-9.73344	0
11.5985	-9.73104	0.334956	11.5985	-9.73104	0
-11.1466	-9.71839	0.287011	-11.1466	-9.71839	0
-10.1072	-9.67411	0.344354	-10.1072	-9.67411	0
-9.10142	-9.74236	0.31298	-9.10142	-9.74236	0
-8.07695	-9.79176	0.296403	-8.07695	-9.79176	0
-7.08769	-9.83845	0.30366	-7.08769	-9.83845	0
-6.07014	-9.76911	0.328589	-6.07014	-9.76911	0
-5.00865	-9.79485	0.301295	-5.00865	-9.79485	0
-3.93437	-9.79754	0.342963	-3.93437	-9.79754	0
-2.93134	-9.79509	0.31868	-2.93134	-9.79509	0
-1.93182	-9.7598	0.307912	-1.93182	-9.7598	0
-0.842101	-9.81337	0.322693	-0.842101	-9.81337	0
0.180274	-8.79428	0.336299	0.180274	-8.79428	0
1.22305	-8.75295	0.340153	1.22305	-8.75295	0
2.24545	-8.76698	0.326775	2.24545	-8.76698	0
3.26806	-8.77105	0.32437	3.26806	-8.77105	0
4.33701	-8.78526	0.318419	4.33701	-8.78526	0
5.36559	-8.79664	0.337819	5.36559	-8.79664	0
6.44714	-8.74851	0.32065	6.44714	-8.74851	0
7.44742	-8.7493	0.306459	7.44742	-8.7493	0
8.46839	-8.73257	0.326631	8.46839	-8.73257	0
9.57849	-8.6957	0.322848	9.57849	-8.6957	0
10.5531	-8.70792	0.302561	10.5531	-8.70792	0
11.5436	-8.70125	0.33478	11.5436	-8.70125	0
-11.155	-8.68325	0.333927	-11.155	-8.68325	0
-10.062	-8.69801	0.319304	-10.062	-8.69801	0
-9.07894	-8.74181	0.320632	-9.07894	-8.74181	0
-8.04283	-8.75384	0.320978	-8.04283	-8.75384	0
-7.02153	-8.82898	0.326532	-7.02153	-8.82898	0
-5.9878	-8.74455	0.320648	-5.9878	-8.74455	0
-4.94342	-8.79014	0.313849	-4.94342	-8.79014	0
-3.91858	-8.72237	0.330497	-3.91858	-8.72237	0
-2.89907	-8.6981	0.321242	-2.89907	-8.6981	0
-1.85695	-8.76217	0.299429	-1.85695	-8.76217	0
-0.837168	-8.8312	0.319262	-0.837168	-8.8312	0
0.201042	-7.73393	0.318847	0.201042	-7.73393	0
1.2386	-7.76367	0.305846	1.2386	-7.76367	0
2.26959	-7.75189	0.299306	2.26959	-7.75189	0
3.30401	-7.75533	0.30963	3.30401	-7.75533	0
4.373	-7.74145	0.318913	4.373	-7.74145	0
5.3815	-7.74287	0.312868	5.3815	-7.74287	0
6.44633	-7.74457	0.313004	6.44633	-7.74457	0
7.47173	-7.73507	0.335754	7.47173	-7.73507	0
8.52792	-7.69516	0.279773	8.52792	-7.69516	0
9.53955	-7.67444	0.304983	9.53955	-7.67444	0
10.5696	-7.64603	0.324361	10.5696	-7.64603	0
11.6071	-7.64607	0.305486	11.6071	-7.64607	0
-11.1231	-7.65296	0.332296	-11.1231	-7.65296	0
-10.0367	-7.62925	0.328834	-10.0367	-7.62925	0
-9.05585	-7.67429	0.318438	-9.05585	-7.67429	0
-7.99769	-7.72127	0.298	-7.99769	-7.72127	0
-6.91928	-7.7101	0.325937	-6.91928	-7.7101	0
-5.91722	-7.73478	0.334347	-5.91722	-7.73478	0
-4.94068	-7.75273	0.321559	-4.94068	-7.75273	0
-3.9281	-7.70625	0.315252	-3.9281	-7.70625	0
-2.87773	-7.67545	0.333353	-2.87773	-7.67545	0
-1.81427	-7.75379	0.324585	-1.81427	-7.75379	0
-0.822068	-7.76638	0.276107	-0.822068	-7.76638	0
0.193093	-6.75409	0.277669	0.193093	-6.75409	0
1.27453	-6.74299	0.322609	1.27453	-6.74299	0
2.31819	-6.76706	0.312034	2.31819	-6.76706	0
3.31134	-6.73286	0.329207	3.31134	-6.73286	0
4.37466	-6.71234	0.321945	4.37466	-6.71234	0
5.43631	-6.78705	0.319742	5.43631	-6.78705	0
6.4775	-6.69814	0.331152	6.4775	-6.69814	0
7.4821	-6.61084	0.33475	7.4821	-6.61084	0
8.48083	-6.68318	0.323473	8.48083	-6.68318	0
9.51054	-6.66108	0.315025	9.51054	-6.66108	0
10.5749	-6.61651	0.308322	10.5749	-6.61651	0
11.6249	-6.64014	0.318814	11.6249	-6.64014	0
-11.1363	-6.60663	0.286803	-11.1363	-6.60663	0
-10.1415	-6.61305	0.329216	-10.1415	-6.61305	0
-9.0832	-6.66943	0.312799	-9.0832	-6.66943	0
-8.05045	-6.62855	0.333298	-8.05045	-6.62855	0
-7.02281	-6.74098	0.325644	-7.02281	-6.74098	0
-5.97533	-6.70129	0.308375	-5.97533	-6.70129	0
-4.9802	-6.68434	0.327258	-4.9802	-6.68434	0
-3.91174	-6.65148	0.279424	-3.91174	-6.65148	0
-2.84893	-6.62578	0.32212	-2.84893	-6.62578	0
-1.81053	-6.72943	0.3188	-1.81053	-6.72943	0
-0.796795	-6.72952	0.313792	-0.796795	-6.72952	0
0.238288	-5.70784	0.316783	0.238288	-5.70784	0
1.24444	-5.73531	0.292183	1.24444	-5.73531	0
2.28266	-5.66926	0.319053	2.28266	-5.66926	0
3.35522	-5.69233	0.31277	3.35522	-5.69233	0
4.30301	-5.75126	0.29411	4.30301	-5.75126	0
5.37057	-5.71676	0.265253	5.37057	-5.71676	0
6.46594	-5.70993	0.310591	6.46594	-5.70993	0
7.52277	-5.65871	0.31809	7.52277	-5.65871	0
8.54266	-5.57938	0.324298	8.54266	-5.57938	0
9.59149	-5.56337	0.320993	9.59149	-5.56337	0
10.6035	-5.57233	0.284092	10.6035	-5.57233	0
11.5992	-5.61418	0.310591	11.5992	-5.61418	0
-11.1389	-5.5414	0.308258	-11.1389	-5.5414	0
-10.0885	-5.59548	0.317481	-10.0885	-5.59548	0
-9.12169	-5.57308	0.321837	-9.12169	-5.57308	0
-8.09839	-5.62945	0.328437	-8.09839	-5.62945	0
-7.03348	-5.66284	0.316201	-7.03348	-5.66284	0
-6.0121	-5.66455	0.314215	-6.0121	-5.66455	0
-4.94347	-5.69662	0.334065	-4.94347	-5.69662	0
-3.8976	-5.64876	0.335823	-3.8976	-5.64876	0
-2.89256	-5.61871	0.345377	-2.89256	-5.61871	0
-1.8356	-5.65615	0.32593	-1.8356	-5.65615	0
-0.81783	-5.70651	0.308421	-0.81783	-5.70651	0
0.197263	-4.69864	0.328298	0.197263	-4.69864	0
1.22698	-4.67222	0.29852	1.22698	-4.67222	0
2.26444	-4.64819	0.333443	2.26444	-4.64819	0
3.32355	-4.68836	0.30621	3.32355	-4.68836	0
4.36523	-4.70896	0.320737	4.36523	-4.70896	0
5.36694	-4.7142	0.313597	5.36694	-4.7142	0
6.39415	-4.62	0.329571	6.39415	-4.62	0
7.45305	-4.62827	0.309491	7.45305	-4.62827	0
8.53894	-4.62003	0.301333	8.53894	-4.62003	0
9.52209	-4.61905	0.333025	9.52209	-4.61905	0
10.5673	-4.5955	0.314813	10.5673	-4.5955	0
11.5336	-4.58928	0.298216	11.5336	-4.58928	0
-11.2027	-4.55008	0.3318	-11.2027	-4.55008	0
-10.1186	-4.58614	0.331578	-10.1186	-4.58614	0
-9.09136	-4.60584	0.31786	-9.09136	-4.60584	0
-8.01211	-4.5465	0.294461	-8.01211	-4.5465	0
-7.02304	-4.59039	0.287864	-7.02304	-4.59039	0
-6.00783	-4.57486	0.322156	-6.00783	-4.57486	0
-4.97712	-4.68388	0.339374	-4.97712	-4.68388	0
-3.96594	-4.66944	0.332541	-3.96594	-4.66944	0
-2.90281	-4.66824	0.311989	-2.90281	-4.66824	0
-1.84078	-4.61969	0.312198	-1.84078	-4.61969	0
-0.836928	-4.66511	0.327542	-0.836928	-4.66511	0
0.178926	-3.70189	0.348073	0.178926	-3.70189	0
1.22232	-3.684	0.321272	1.22232	-3.684	0
2.2989	-3.63337	0.304753	2.2989	-3.63337	0
3.30264	-3.54629	0.323923	3.30264	-3.54629	0
4.30779	-3.68001	0.323794	4.30779	-3.68001	0
5.45535	-3.59845	0.319901	5.45535	-3.59845	0
6.42622	-3.62528	0.314682	6.42622	-3.62528	0
7.43219	-3.64013	0.302895	7.43219	-3.64013	0
8.51172	-3.58036	0.312032	8.51172	-3.58036	0
9.52348	-3.52899	0.329454	9.52348	-3.52899	0
10.5579	-3.49636	0.280652	10.5579	-3.49636	0
11.5949	-3.54089	0.323571	11.5949	-3.54089	0
-11.1721	-3.57391	0.317477	-11.1721	-3.57391	0
-10.0919	-3.57599	0.322366	-10.0919	-3.57599	0
-9.08364	-3.51955	0.336435	-9.08364	-3.51955	0
-8.04738	-3.531	0.310727	-8.04738	-3.531	0
-7.00399	-3.53296	0.326791	-7.00399	-3.53296	0
-5.98341	-3.57623	0.340863	-5.98341	-3.57623	0
-4.9562	-3.60726	0.317148	-4.9562	-3.60726	0
-3.95766	-3.66957	0.338903	-3.95766	-3.66957	0
-2.9188	-3.66325	0.28981	-2.9188	-3.66325	0
-1.89638	-3.62386	0.308185	-1.89638	-3.62386	0
-0.840276	-3.62387	0.311632	-0.840276	-3.62387	0
0.232654	-2.66773	0.326455	0.232654	-2.66773	0
1.27329	-2.65646	0.351571	1.27329	-2.65646	0
2.26701	-2.6261	0.315614	2.26701	-2.6261	0
3.329	-2.6086	0.327211	3.329	-2.6086	0
4.35436	-2.63898	0.333099	4.35436	-2.63898	0
5.4138	-2.58205	0.284766	5.4138	-2.58205	0
6.46066	-2.60425	0.29088	6.46066	-2.60425	0
7.49392	-2.59849	0.337891	7.49392	-2.59849	0
8.54032	-2.5155	0.340423	8.54032	-2.5155	0
9.62152	-2.44658	0.314505	9.62152	-2.44658	0
10.5938	-2.50664	0.335017	10.5938	-2.50664	0
11.6586	-2.54859	0.29164	11.6586	-2.54859	0
-11.1486	-2.55772	0.275026	-11.1486	-2.55772	0
-10.1456	-2.49888	0.31143	-10.1456	-2.49888	0
-9.15648	-2.51839	0.320526	-9.15648	-2.51839	0
-7.998	-2.52091	0.345219	-7.998	-2.52091	0
-6.97855	-2.45008	0.307231	-6.97855	-2.45008	0
-5.99765	-2.56613	0.320251	-5.99765	-2.56613	0
-4.91348	-2.5687	0.321394	-4.91348	-2.5687	0
-3.89975	-2.59275	0.319636	-3.89975	-2.59275	0
-2.9074	-2.61737	0.327582	-2.9074	-2.61737	0
-1.90955	-2.5973	0.322086	-1.90955	-2.5973	0
-0.851059	-2.62937	0.344198	-0.851059	-2.62937	0
0.197251	-1.62997	0.316695	0.197251	-1.62997	0
1.22383	-1.59997	0.333163	1.22383	-1.59997	0
2.25143	-1.51409	0.33671	2.25143	-1.51409	0
3.33423	-1.57283	0.320531	3.33423	-1.57283	0
4.35146	-1.54004	0.30036	4.35146	-1.54004	0
5.36998	-1.51227	0.306797	5.36998	-1.51227	0
6.44468	-1.52996	0.313411	6.44468	-1.52996	0
7.44794	-1.50632	0.304804	7.44794	-1.50632	0
8.51629	-1.5013	0.309406	8.51629	-1.5013	0
9.56755	-1.42709	0.301488	9.56755	-1.42709	0
10.5916	-1.51523	0.292053	10.5916	-1.51523	0
11.6094	-1.53059	0.282319	11.6094	-1.53059	0
-11.1274	-1.44935	0.31453	-11.1274	-1.44935	0
-10.1068	-1.49124	0.281966	-10.1068	-1.49124	0
-9.06896	-1.44922	0.290606	-9.06896	-1.44922	0
-8.01882	-1.52949	0.326315	-8.01882	-1.52949	0
-6.96492	-1.49562	0.315877	-6.96492	-1.49562	0
-5.90493	-1.50991	0.339231	-5.90493	-1.50991	0
-4.88932	-1.47994	0.287468	-4.88932	-1.47994	0
-3.90781	-1.53037	0.275446	-3.90781	-1.53037	0
-2.83471	-1.5579	0.340856	-2.83471	-1.5579	0
-1.81333	-1.55631	0.3025	-1.81333	-1.55631	0
-0.786074	-1.61075	0.324322	-0.786074	-1.61075	0
0.206948	-0.550138	0.314615	0.206948	-0.550138	0
1.26742	-0.534314	0.301355	1.26742	-0.534314	0
2.30655	-0.439555	0.327246	2.30655	-0.439555	0
3.28687	-0.51861	0.314674	3.28687	-0.51861	0
4.36723	-0.525432	0.316835	4.36723	-0.525432	0
5.3766	-0.514544	0.321756	5.3766	-0.514544	0
6.40711	-0.518204	0.290432	6.40711	-0.518204	0
7.42836	-0.518447	0.334608	7.42836	-0.518447	0
8.50377	-0.418789	0.346247	8.50377	-0.418789	0
9.52456	-0.444408	0.300591	9.52456	-0.444408	0
10.5622	-0.417624	0.300038	10.5622	-0.417624	0
11.5789	-0.46593	0.303937	11.5789	-0.46593	0
-11.2028	-0.45336	0.311978	-11.2028	-0.45336	0
-10.0972	-0.423163	0.328487	-10.0972	-0.423163	0
-9.03217	-0.413315	0.318939	-9.03217	-0.413315	0
-8.04195	-0.449269	0.297293	-8.04195	-0.449269	0
-7.0226	-0.42229	0.313131	-7.0226	-0.42229	0
-5.96142	-0.465501	0.333918	-5.96142	-0.465501	0
-4.92047	-0.396152	0.33663	-4.92047	-0.396152	0
-3.89404	-0.443967	0.306566	-3.89404	-0.443967	0
-2.86307	-0.495948	0.34669	-2.86307	-0.495948	0
-1.89469	-0.580172	0.332502	-1.89469	-0.580172	0
-0.784108	-0.60102	0.323266	-0.784108	-0.60102	0
