-0.389956	0.178387	-0.302775	-0.389956	0.178387	0
0.645696	0.119976	-0.328572	0.645696	0.119976	0
1.6832	0.19168	-0.316404	1.6832	0.19168	0
2.72978	0.107989	-0.349247	2.72978	0.107989	0
3.8549	0.141312	-0.338314	3.8549	0.141312	0
4.87022	0.161185	-0.327581	4.87022	0.161185	0
5.85383	0.187781	-0.328444	5.85383	0.187781	0
6.90373	0.157518	-0.310103	6.90373	0.157518	0
8.02394	0.202037	-0.343567	8.02394	0.202037	0
9.13094	0.195425	-0.310391	9.13094	0.195425	0
10.0939	0.17841	-0.277705	10.0939	0.17841	0
11.0464	0.1582	-0.32566	11.0464	0.1582	0
-11.6507	0.17284	-0.319374	-11.6507	0.17284	0
-10.6201	0.127813	-0.310526	-10.6201	0.127813	0
-9.67438	0.12996	-0.302671	-9.67438	0.12996	0
-8.56066	0.141679	-0.318925	-8.56066	0.141679	0
-7.54334	0.0795396	-0.341807	-7.54334	0.0795396	0
-6.59224	0.152969	-0.314588	-6.59224	0.152969	0
-5.52284	0.147983	-0.309704	-5.52284	0.147983	0
-4.46584	0.147545	-0.30699	-4.46584	0.147545	0
-3.49858	0.118124	-0.337573	-3.49858	0.118124	0
-2.49041	0.0609449	-0.323241	-2.49041	0.0609449	0
-1.40923	0.1736	-0.307574	-1.40923	0.1736	0
-0.381015	1.16419	-0.314818	-0.381015	1.16419	0
0.639159	1.11536	-0.340208	0.639159	1.11536	0
1.65782	1.17486	-0.331239	1.65782	1.17486	0
2.73304	1.11159	-0.335488	2.73304	1.11159	0
3.79759	1.15992	-0.319251	3.79759	1.15992	0
4.8534	1.19857	-0.329786	4.8534	1.19857	0
5.91722	1.19222	-0.324515	5.91722	1.19222	0
6.94649	1.18693	-0.316704	6.94649	1.18693	0
7.97588	1.2498	-0.302696	7.97588	1.2498	0
9.03311	1.23847	-0.347316	9.03311	1.23847	0
10.0338	1.22679	-0.330856	10.0338	1.22679	0
11.0414	1.25609	-0.322856	11.0414	1.25609	0
-11.7274	1.21914	-0.325567	-11.7274	1.21914	0
-10.643	1.21301	-0.344547	-10.643	1.21301	0
-9.59723	1.22501	-0.291572	-9.59723	1.22501	0
-8.59131	1.24451	-0.330061	-8.59131	1.24451	0
-7.61693	1.15345	-0.326862	-7.61693	1.15345	0
-6.62412	1.15323	-0.344805	-6.62412	1.15323	0
-5.57564	1.13961	-0.321251	-5.57564	1.13961	0
-4.53814	1.15199	-0.319001	-4.53814	1.15199	0
-3.49063	1.19955	-0.3439	-3.49063	1.19955	0
-2.45069	1.13135	-0.315858	-2.45069	1.13135	0
-1.46732	1.20183	-0.338384	-1.46732	1.20183	0
-0.37583	2.162	-0.351955	-0.37583	2.162	0
0.69123	2.17831	-0.333136	0.69123	2.17831	0
1.68988	2.15622	-0.311654	1.68988	2.15622	0
2.72959	2.13907	-0.325148	2.72959	2.13907	0
3.78574	2.16323	-0.317368	3.78574	2.16323	0
4.81368	2.26908	-0.296036	4.81368	2.26908	0
5.88157	2.24512	-0.312203	5.88157	2.24512	0
6.85735	2.19055	-0.328371	6.85735	2.19055	0
7.99727	2.28989	-0.34596	7.99727	2.28989	0
8.96888	2.24576	-0.282686	8.96888	2.24576	0
9.97891	2.28905	-0.313893	9.97891	2.28905	0
10.9882	2.28087	-0.343068	10.9882	2.28087	0
-11.7553	2.28639	-0.343411	-11.7553	2.28639	0
-10.7399	2.22459	-0.31409	-10.7399	2.22459	0
-9.69081	2.28782	-0.288143	-9.69081	2.28782	0
-8.64037	2.25913	-0.318943	-8.64037	2.25913	0
-7.624	2.25001	-0.331893	-7.624	2.25001	0
-6.56381	2.22823	-0.311087	-6.56381	2.22823	0
-5.55302	2.20298	-0.339581	-5.55302	2.20298	0
-4.48598	2.17119	-0.301025	-4.48598	2.17119	0
-3.44602	2.2132	-0.279222	-3.44602	2.2132	0
-2.42524	2.15899	-0.298579	-2.42524	2.15899	0
-1.42113	2.19522	-0.281688	-1.42113	2.19522	0
-0.33583	3.20626	-0.318549	-0.33583	3.20626	0
0.720314	3.23397	-0.335239	0.720314	3.23397	0
1.71173	3.2299	-0.323418	1.71173	3.2299	0
2.77424	3.22774	-0.326598	2.77424	3.22774	0
3.80593	3.21471	-0.33375	3.80593	3.21471	0
4.8181	3.28752	-0.339504	4.8181	3.28752	0
5.86044	3.33512	-0.329208	5.86044	3.33512	0
6.93378	3.2496	-0.318029	6.93378	3.2496	0
7.96301	3.3127	-0.299428	7.96301	3.3127	0
8.9332	3.31073	-0.325137	8.9332	3.31073	0
9.95651	3.31348	-0.338272	9.95651	3.31348	0
10.9765	3.3045	-0.326474	10.9765	3.3045	0
-11.7353	3.33	-0.32762	-11.7353	3.33	0
-10.7299	3.18523	-0.336537	-10.7299	3.18523	0
-9.65479	3.19336	-0.340067	-9.65479	3.19336	0
-8.63547	3.27959	-0.301436	-8.63547	3.27959	0
-7.5987	3.25856	-0.326347	-7.5987	3.25856	0
-6.57405	3.26742	-0.329613	-6.57405	3.26742	0
-5.58903	3.26414	-0.343974	-5.58903	3.26414	0
-4.57942	3.14152	-0.32189	-4.57942	3.14152	0
-3.47819	3.21533	-0.316906	-3.47819	3.21533	0
-2.44288	3.18404	-0.360192	-2.44288	3.18404	0
-1.38626	3.24787	-0.326938	-1.38626	3.24787	0
-0.406387	4.2636	-0.311148	-0.406387	4.2636	0
0.60369	4.22175	-0.291261	0.60369	4.22175	0
1.68945	4.24794	-0.339295	1.68945	4.24794	0
2.70496	4.29069	-0.308239	2.70496	4.29069	0
3.72162	4.23448	-0.322885	3.72162	4.23448	0
4.74361	4.3001	-0.333337	4.74361	4.3001	0
5.78702	4.28705	-0.312374	5.78702	4.28705	0
6.88288	4.32713	-0.329521	6.88288	4.32713	0
7.9002	4.33007	-0.29373	7.9002	4.33007	0
8.94902	4.34506	-0.334848	8.94902	4.34506	0
9.95558	4.34133	-0.315136	9.95558	4.34133	0
11.0088	4.33022	-0.289844	11.0088	4.33022	0
-11.7638	4.30477	-0.294062	-11.7638	4.30477	0
-10.7353	4.24607	-0.312738	-10.7353	4.24607	0
-9.74076	4.21404	-0.3064	-9.74076	4.21404	0
-8.73045	4.2281	-0.30878	-8.73045	4.2281	0
-7.64833	4.25557	-0.324448	-7.64833	4.25557	0
-6.55947	4.31159	-0.325885	-6.55947	4.31159	0
-5.54227	4.28417	-0.295219	-5.54227	4.28417	0
-4.56058	4.28472	-0.307866	-4.56058	4.28472	0
-3.44928	4.24885	-0.316662	-3.44928	4.24885	0
-2.45356	4.23916	-0.321337	-2.45356	4.23916	0
-1.39626	4.23147	-0.329829	-1.39626	4.23147	0
-0.402742	5.29073	-0.307316	-0.402742	5.29073	0
0.607022	5.22268	-0.301482	0.607022	5.22268	0
1.59508	5.27248	-0.328615	1.59508	5.27248	0
2.68797	5.31202	-0.312052	2.68797	5.31202	0
3.74567	5.31439	-0.314268	3.74567	5.31439	0
4.76661	5.35127	-0.326494	4.76661	5.35127	0
5.80195	5.27695	-0.343077	5.80195	5.27695	0
6.85476	5.34721	-0.321624	6.85476	5.34721	0
7.86643	5.3839	-0.319894	7.86643	5.3839	0
8.88409	5.35661	-0.317882	8.88409	5.35661	0
9.9105	5.35278	-0.302127	9.9105	5.35278	0
10.9994	5.31469	-0.284483	10.9994	5.31469	0
-11.7533	5.2907	-0.31338	-11.7533	5.2907	0
-10.7672	5.32817	-0.319867	-10.7672	5.32817	0
-9.75208	5.25644	-0.316636	-9.75208	5.25644	0
-8.72893	5.2761	-0.32207	-8.72893	5.2761	0
-7.60674	5.29217	-0.343014	-7.60674	5.29217	0
-6.56059	5.34738	-0.319522	-6.56059	5.34738	0
-5.56372	5.23682	-0.304991	-5.56372	5.23682	0
-4.54237	5.35211	-0.312373	-4.54237	5.35211	0
-3.48863	5.32195	-0.313766	-3.48863	5.32195	0
-2.42181	5.33106	-0.321071	-2.42181	5.33106	0
-1.44861	5.27015	-0.324077	-1.44861	5.27015	0
-0.396522	6.31711	-0.311791	-0.396522	6.31711	0
0.616402	6.26414	-0.309561	0.616402	6.26414	0
1.62405	6.25746	-0.316361	1.62405	6.25746	0
2.63184	6.27933	-0.32975	2.63184	6.27933	0
3.76919	6.28583	-0.310568	3.76919	6.28583	0
4.74395	6.38462	-0.318302	4.74395	6.38462	0
5.75315	6.34807	-0.316113	5.75315	6.34807	0
6.79661	6.37742	-0.319441	6.79661	6.37742	0
7.84201	6.43128	-0.326342	7.84201	6.43128	0
8.83625	6.36492	-0.332751	8.83625	6.36492	0
9.81635	6.36008	-0.313757	9.81635	6.36008	0
10.9212	6.36737	-0.352321	10.9212	6.36737	0
-11.8141	6.40446	-0.306819	-11.8141	6.40446	0
-10.735	6.38435	-0.309478	-10.735	6.38435	0
-9.75381	6.35923	-0.347548	-9.75381	6.35923	0
-8.72223	6.32368	-0.308939	-8.72223	6.32368	0
-7.69481	6.32717	-0.317761	-7.69481	6.32717	0
-6.62274	6.39875	-0.296001	-6.62274	6.39875	0
-5.61055	6.3676	-0.294482	-5.61055	6.3676	0
-4.57954	6.3521	-0.301981	-4.57954	6.3521	0
-3.49606	6.43437	-0.320944	-3.49606	6.43437	0
-2.43382	6.37099	-0.349215	-2.43382	6.37099	0
-1.43906	6.30437	-0.338082	-1.43906	6.30437	0
-0.377315	7.3976	-0.287453	-0.377315	7.3976	0
0.627462	7.32074	-0.300087	0.627462	7.32074	0
1.58471	7.36037	-0.31276	1.58471	7.36037	0
2.65198	7.35877	-0.311093	2.65198	7.35877	0
3.72841	7.41182	-0.323491	3.72841	7.41182	0
4.70539	7.4353	-0.299787	4.70539	7.4353	0
5.7265	7.37435	-0.300888	5.7265	7.37435	0
6.74513	7.41231	-0.318014	6.74513	7.41231	0
7.80406	7.45552	-0.322507	7.80406	7.45552	0
8.84833	7.40478	-0.315433	8.84833	7.40478	0
9.9044	7.40119	-0.326092	9.9044	7.40119	0
10.924	7.43527	-0.301657	10.924	7.43527	0
-11.831	7.45536	-0.299924	-11.831	7.45536	0
-10.7727	7.41477	-0.302853	-10.7727	7.41477	0
-9.74618	7.32377	-0.304961	-9.74618	7.32377	0
-8.71403	7.34356	-0.296113	-8.71403	7.34356	0
-7.69547	7.32549	-0.329245	-7.69547	7.32549	0
-6.62555	7.34601	-0.306139	-6.62555	7.34601	0
-5.61714	7.3569	-0.322094	-5.61714	7.3569	0
-4.57264	7.33429	-0.315164	-4.57264	7.33429	0
-3.54434	7.42391	-0.331145	-3.54434	7.42391	0
-2.45539	7.38076	-0.317289	-2.45539	7.38076	0
-1.47793	7.32226	-0.312048	-1.47793	7.32226	0
-0.481154	8.37816	-0.320618	-0.481154	8.37816	0
0.577856	8.41104	-0.320523	0.577856	8.41104	0
1.58087	8.4191	-0.347204	1.58087	8.4191	0
2.66408	8.37169	-0.312363	2.66408	8.37169	0
3.68963	8.40605	-0.326823	3.68963	8.40605	0
4.7095	8.45099	-0.306936	4.7095	8.45099	0
5.7319	8.45312	-0.352595	5.7319	8.45312	0
6.75771	8.42928	-0.329987	6.75771	8.42928	0
7.78519	8.46927	-0.324947	7.78519	8.46927	0
8.8431	8.47759	-0.295927	8.8431	8.47759	0
9.8818	8.47645	-0.328272	9.8818	8.47645	0
10.9758	8.43146	-0.340465	10.9758	8.43146	0
-11.8061	8.4288	-0.312749	-11.8061	8.4288	0
-10.7055	8.45857	-0.319365	-10.7055	8.45857	0
-9.68705	8.42682	-0.311152	-9.68705	8.42682	0
-8.6219	8.41427	-0.321929	-8.6219	8.41427	0
-7.65225	8.35957	-0.324757	-7.65225	8.35957	0
-6.66915	8.34775	-0.327544	-6.66915	8.34775	0
-5.58507	8.40192	-0.33354	-5.58507	8.40192	0
-4.57554	8.3987	-0.301421	-4.57554	8.3987	0
-3.51327	8.41092	-0.332802	-3.51327	8.41092	0
-2.52057	8.40001	-0.302751	-2.52057	8.40001	0
-1.52403	8.40173	-0.312786	-1.52403	8.40173	0
-0.415606	9.41936	-0.321718	-0.415606	9.41936	0
0.622567	9.44409	-0.338409	0.622567	9.44409	0
1.666	9.40596	-0.314355	1.666	9.40596	0
2.6474	9.4184	-0.312335	2.6474	9.4184	0
3.67113	9.434	-0.328741	3.67113	9.434	0
4.75144	9.53078	-0.319936	4.75144	9.53078	0
5.79738	9.42018	-0.308029	5.79738	9.42018	0
6.84305	9.46152	-0.318798	6.84305	9.46152	0
7.89778	9.48987	-0.344305	7.89778	9.48987	0
8.87442	9.44401	-0.309627	8.87442	9.44401	0
9.8802	9.50725	-0.320942	9.8802	9.50725	0
10.9358	9.49346	-0.333912	10.9358	9.49346	0
-11.786	9.46897	-0.325531	-11.786	9.46897	0
-10.732	9.4584	-0.321149	-10.732	9.4584	0
-9.68251	9.40792	-0.326741	-9.68251	9.40792	0
-8.65041	9.43656	-0.298083	-8.65041	9.43656	0
-7.64938	9.46399	-0.328824	-7.64938	9.46399	0
-6.69602	9.39391	-0.311217	-6.69602	9.39391	0
-5.53135	9.3831	-0.324233	-5.53135	9.3831	0
-4.55343	9.3826	-0.31223	-4.55343	9.3826	0
-3.53837	9.46138	-0.318772	-3.53837	9.46138	0
-2.49947	9.43958	-0.306806	-2.49947	9.43958	0
-1.45235	9.42064	-0.310151	-1.45235	9.42064	0
-0.42893	10.4862	-0.293503	-0.42893	10.4862	0
0.559769	10.4863	-0.302456	0.559769	10.4863	0
1.66188	10.4515	-0.307929	1.66188	10.4515	0
2.66054	10.4406	-0.319906	2.66054	10.4406	0
3.68737	10.4297	-0.339126	3.68737	10.4297	0
4.77923	10.5162	-0.293517	4.77923	10.5162	0
5.82818	10.479	-0.319796	5.82818	10.479	0
6.83942	10.481	-0.32104	6.83942	10.481	0
7.83045	10.4549	-0.322575	7.83045	10.4549	0
8.88692	10.4612	-0.353206	8.88692	10.4612	0
9.92022	10.5064	-0.345875	9.92022	10.5064	0
10.9553	10.5254	-0.28703	10.9553	10.5254	0
-11.7694	10.501	-0.320984	-11.7694	10.501	0
-10.7813	10.4795	-0.320162	-10.7813	10.4795	0
-9.73248	10.4587	-0.304369	-9.73248	10.4587	0
-8.72342	10.4771	-0.291736	-8.72342	10.4771	0
-7.66792	10.4957	-0.30514	-7.66792	10.4957	0
-6.65175	10.3933	-0.316311	-6.65175	10.3933	0
-5.5705	10.4203	-0.282678	-5.5705	10.4203	0
-4.57099	10.4358	-0.307473	-4.57099	10.4358	0
-3.57188	10.4493	-0.313614	-3.57188	10.4493	0
-2.44879	10.4365	-0.334907	-2.44879	10.4365	0
-1.45645	10.5328	-0.312463	-1.45645	10.5328	0
-0.388462	11.4816	-0.316194	-0.388462	11.4816	0
0.670462	11.506	-0.308335	0.670462	11.506	0
1.68692	11.4522	-0.328646	1.68692	11.4522	0
2.67811	11.4345	-0.330682	2.67811	11.4345	0
3.76411	11.5422	-0.307214	3.76411	11.5422	0
4.74403	11.5856	-0.315349	4.74403	11.5856	0
5.79101	11.5652	-0.317831	5.79101	11.5652	0
6.85424	11.5423	-0.299197	6.85424	11.5423	0
7.83947	11.5767	-0.331533	7.83947	11.5767	0
8.87924	11.4955	-0.332641	8.87924	11.4955	0
9.86951	11.5102	-0.321894	9.86951	11.5102	0
10.9058	11.521	-0.316429	10.9058	11.521	0
-11.786	11.4865	-0.308303	-11.786	11.4865	0
-10.789	11.5299	-0.314462	-10.789	11.5299	0
-9.73838	11.5825	-0.303674	-9.73838	11.5825	0
-8.67974	11.4924	-0.344231	-8.67974	11.4924	0
-7.65197	11.4948	-0.344069	-7.65197	11.4948	0
-6.54844	11.469	-0.334947	-6.54844	11.469	0
-5.54779	11.4457	-0.326899	-5.54779	11.4457	0
-4.50458	11.4643	-0.304149	-4.50458	11.4643	0
-3.51923	11.4636	-0.316963	-3.51923	11.4636	0
-2.47625	11.4921	-0.329648	-2.47625	11.4921	0
-1.42534	11.5013	-0.283015	-1.42534	11.5013	0
-0.398188	-11.3038	-0.33486	-0.398188	-11.3038	0
0.622058	-11.246	-0.318724	0.622058	-11.246	0
1.69405	-11.2685	-0.324567	1.69405	-11.2685	0
2.6899	-11.2372	-0.34452	2.6899	-11.2372	0
3.63837	-11.2212	-0.300771	3.63837	-11.2212	0
4.74951	-11.1837	-0.328085	4.74951	-11.1837	0
5.77452	-11.2189	-0.338747	5.77452	-11.2189	0
6.79327	-11.1784	-0.334115	6.79327	-11.1784	0
7.79624	-11.2006	-0.309065	7.79624	-11.2006	0
8.84628	-11.2227	-0.316489	8.84628	-11.2227	0
9.87811	-11.1926	-0.319044	9.87811	-11.1926	0
10.9315	-11.2245	-0.311972	10.9315	-11.2245	0
-11.8231	-11.2664	-0.304363	-11.8231	-11.2664	0
-10.8182	-11.1867	-0.338971	-10.8182	-11.1867	0
-9.71778	-11.227	-0.311631	-9.71778	-11.227	0
-8.66943	-11.2293	-0.343099	-8.66943	-11.2293	0
-7.58015	-11.2479	-0.319128	-7.58015	-11.2479	0
-6.59572	-11.2308	-0.325256	-6.59572	-11.2308	0
-5.56414	-11.2967	-0.338512	-5.56414	-11.2967	0
-4.52046	-11.2972	-0.341279	-4.52046	-11.2972	0
-3.52104	-11.2702	-0.324351	-3.52104	-11.2702	0
-2.52942	-11.2159	-0.324256	-2.52942	-11.2159	0
-1.48752	-11.2736	-0.298132	-1.48752	-11.2736	0
-0.471071	-10.2383	-0.33229	-0.471071	-10.2383	0
0.605193	-10.1977	-0.308298	0.605193	-10.1977	0
1.67799	-10.2646	-0.315017	1.67799	-10.2646	0
2.6953	-10.1789	-0.320131	2.6953	-10.1789	0
3.69556	-10.2277	-0.325289	3.69556	-10.2277	0
4.73046	-10.2272	-0.309196	4.73046	-10.2272	0
5.80318	-10.2207	-0.328034	5.80318	-10.2207	0
6.86329	-10.1834	-0.337628	6.86329	-10.1834	0
7.87513	-10.2068	-0.320556	7.87513	-10.2068	0
8.91823	-10.1759	-0.330989	8.91823	-10.1759	0
9.96834	-10.2166	-0.327858	9.96834	-10.2166	0
10.994	-10.2094	-0.337183	10.994	-10.2094	0
-11.8205	-10.2274	-0.298061	-11.8205	-10.2274	0
-10.7888	-10.215	-0.293743	-10.7888	-10.215	0
-9.66889	-10.2311	-0.332455	-9.66889	-10.2311	0
-8.66	-10.2116	-0.318846	-8.66	-10.2116	0
-7.6202	-10.2272	-0.294889	-7.6202	-10.2272	0
-6.6081	-10.2338	-0.315193	-6.6081	-10.2338	0
-5.59078	-10.2312	-0.314238	-5.59078	-10.2312	0
-4.57714	-10.2976	-0.283117	-4.57714	-10.2976	0
-3.49306	-10.2556	-0.3113	-3.49306	-10.2556	0
-2.50118	-10.2069	-0.288847	-2.50118	-10.2069	0
-1.47088	-10.2453	-0.308161	-1.47088	-10.2453	0
-0.382293	-9.1647	-0.293088	-0.382293	-9.1647	0
0.631321	-9.20441	-0.332076	0.631321	-9.20441	0
1.68734	-9.13884	-0.320038	1.68734	-9.13884	0
2.74081	-9.17078	-0.300939	2.74081	-9.17078	0
3.78514	-9.1648	-0.326497	3.78514	-9.1648	0
4.81608	-9.16477	-0.322524	4.81608	-9.16477	0
5.84695	-9.15138	-0.324342	5.84695	-9.15138	0
6.88707	-9.11344	-0.325998	6.88707	-9.11344	0
7.90054	-9.20604	-0.318695	7.90054	-9.20604	0
8.93963	-9.14685	-0.333948	8.93963	-9.14685	0
9.93176	-9.12612	-0.298678	9.93176	-9.12612	0
10.9603	-9.12427	-0.315308	10.9603	-9.12427	0
-11.8237	-9.17854	-0.287777	-11.8237	-9.17854	0
-10.7741	-9.22697	-0.321237	-10.7741	-9.22697	0
-9.71971	-9.17661	-0.310879	-9.71971	-9.17661	0
-8.6999	-9.14786	-0.309519	-8.6999	-9.14786	0
-7.67974	-9.13004	-0.306572	-7.67974	-9.13004	0
-6.61112	-9.20537	-0.313032	-6.61112	-9.20537	0
-5.60235	-9.23938	-0.32375	-5.60235	-9.23938	0
-4.55501	-9.18211	-0.320409	-4.55501	-9.18211	0
-3.50372	-9.24459	-0.321799	-3.50372	-9.24459	0
-2.48839	-9.23092	-0.323103	-2.48839	-9.23092	0
-1.44488	-9.16741	-0.333139	-1.44488	-9.16741	0
-0.376431	-8.13522	-0.32965	-0.376431	-8.13522	0
0.648866	-8.11506	-0.304005	0.648866	-8.11506	0
1.67003	-8.17035	-0.31188	1.67003	-8.17035	0
2.79002	-8.11639	-0.300034	2.79002	-8.11639	0
3.781	-8.13011	-0.318192	3.781	-8.13011	0
4.7599	-8.16989	-0.322057	4.7599	-8.16989	0
5.8077	-8.10179	-0.314668	5.8077	-8.10179	0
6.83329	-8.08363	-0.34366	6.83329	-8.08363	0
7.87938	-8.13351	-0.359207	7.87938	-8.13351	0
8.9088	-8.08932	-0.31067	8.9088	-8.08932	0
9.93419	-8.07988	-0.31102	9.93419	-8.07988	0
10.9263	-8.08696	-0.319813	10.9263	-8.08696	0
-11.8188	-8.12205	-0.322457	-11.8188	-8.12205	0
-10.7653	-8.15083	-0.329116	-10.7653	-8.15083	0
-9.78547	-8.12828	-0.299313	-9.78547	-8.12828	0
-8.6957	-8.12158	-0.335633	-8.6957	-8.12158	0
-7.59565	-8.09563	-0.323177	-7.59565	-8.09563	0
-6.57297	-8.18092	-0.30314	-6.57297	-8.18092	0
-5.57834	-8.15901	-0.328747	-5.57834	-8.15901	0
-4.48533	-8.18697	-0.315324	-4.48533	-8.18697	0
-3.48909	-8.19305	-0.335922	-3.48909	-8.19305	0
-2.46518	-8.17932	-0.302562	-2.46518	-8.17932	0
-1.42677	-8.18488	-0.313156	-1.42677	-8.18488	0
-0.37179	-7.14833	-0.309499	-0.37179	-7.14833	0
0.709944	-7.10026	-0.308967	0.709944	-7.10026	0
1.74069	-7.0756	-0.323026	1.74069	-7.0756	0
2.72157	-7.12647	-0.321602	2.72157	-7.12647	0
3.77924	-7.11087	-0.313512	3.77924	-7.11087	0
4.73803	-7.12154	-0.307917	4.73803	-7.12154	0
5.77201	-7.10021	-0.340458	5.77201	-7.10021	0
6.77843	-7.07937	-0.317183	6.77843	-7.07937	0
7.88829	-7.05449	-0.298556	7.88829	-7.05449	0
8.87731	-7.03943	-0.3148	8.87731	-7.03943	0
9.92478	-7.05762	-0.322921	9.92478	-7.05762	0
10.9372	-7.07727	-0.306146	10.9372	-7.07727	0
-11.8432	-7.07931	-0.329239	-11.8432	-7.07931	0
-10.7753	-7.09937	-0.327266	-10.7753	-7.09937	0
-9.79839	-7.05946	-0.319657	-9.79839	-7.05946	0
-8.69092	-7.11221	-0.298509	-8.69092	-7.11221	0
-7.62172	-7.08415	-0.319258	-7.62172	-7.08415	0
-6.60763	-7.14119	-0.305948	-6.60763	-7.14119	0
-5.52688	-7.20835	-0.317862	-5.52688	-7.20835	0
-4.54072	-7.15888	-0.304031	-4.54072	-7.15888	0
-3.53002	-7.12278	-0.308919	-3.53002	-7.12278	0
-2.42236	-7.15307	-0.293455	-2.42236	-7.15307	0
-1.38521	-7.12843	-0.323329	-1.38521	-7.12843	0
-0.356064	-6.10115	-0.313855	-0.356064	-6.10115	0
0.743989	-6.05342	-0.335899	0.743989	-6.05342	0
1.76806	-6.07595	-0.292794	1.76806	-6.07595	0
2.72868	-6.02788	-0.31865	2.72868	-6.02788	0
3.79402	-6.06583	-0.328597	3.79402	-6.06583	0
4.82714	-6.13341	-0.309694	4.82714	-6.13341	0
5.85419	-6.03174	-0.320911	5.85419	-6.03174	0
6.82015	-5.99805	-0.31169	6.82015	-5.99805	0
7.90821	-6.06679	-0.281245	7.90821	-6.06679	0
8.90093	-6.02063	-0.313094	8.90093	-6.02063	0
9.90116	-6.00949	-0.304332	9.90116	-6.00949	0
10.9047	-6.04533	-0.320471	10.9047	-6.04533	0
-11.7914	-6.04448	-0.341862	-11.7914	-6.04448	0
-10.775	-6.05846	-0.333763	-10.775	-6.05846	0
-9.72407	-6.00456	-0.336351	-9.72407	-6.00456	0
-8.76241	-6.11392	-0.312038	-8.76241	-6.11392	0
-7.63747	-6.08264	-0.29816	-7.63747	-6.08264	0
-6.62019	-6.08849	-0.297944	-6.62019	-6.08849	0
-5.56747	-6.15109	-0.326683	-5.56747	-6.15109	0
-4.50684	-6.12168	-0.339484	-4.50684	-6.12168	0
-3.42158	-6.07766	-0.323601	-3.42158	-6.07766	0
-2.35231	-6.10228	-0.284072	-2.35231	-6.10228	0
-1.39217	-6.10218	-0.307866	-1.39217	-6.10218	0
-0.3127	-5.07605	-0.330583	-0.3127	-5.07605	0
0.69876	-5.05498	-0.285356	0.69876	-5.05498	0
1.70264	-5.05021	-0.31937	1.70264	-5.05021	0
2.69295	-5.02404	-0.307193	2.69295	-5.02404	0
3.75468	-5.03364	-0.31073	3.75468	-5.03364	0
4.7934	-5.0207	-0.310482	4.7934	-5.0207	0
5.80033	-5.01722	-0.328027	5.80033	-5.01722	0
6.87176	-4.99743	-0.306556	6.87176	-4.99743	0
7.9226	-4.97849	-0.307914	7.9226	-4.97849	0
8.94464	-4.94671	-0.311412	8.94464	-4.94671	0
10.0033	-4.96116	-0.310907	10.0033	-4.96116	0
10.9944	-5.03038	-0.323229	10.9944	-5.03038	0
-11.7594	-5.02201	-0.33912	-11.7594	-5.02201	0
-10.6892	-5.04569	-0.341738	-10.6892	-5.04569	0
-9.67933	-5.02037	-0.306119	-9.67933	-5.02037	0
-8.6645	-5.05666	-0.302948	-8.6645	-5.05666	0
-7.64606	-5.02848	-0.322582	-7.64606	-5.02848	0
-6.60356	-5.03265	-0.299771	-6.60356	-5.03265	0
-5.55535	-5.07226	-0.338744	-5.55535	-5.07226	0
-4.48834	-5.106	-0.320677	-4.48834	-5.106	0
-3.42219	-5.05502	-0.339933	-3.42219	-5.05502	0
-2.3438	-5.11892	-0.273341	-2.3438	-5.11892	0
-1.34828	-5.06634	-0.310344	-1.34828	-5.06634	0
-0.365952	-3.99625	-0.319016	-0.365952	-3.99625	0
0.684092	-4.01497	-0.31122	0.684092	-4.01497	0
1.66531	-4.02267	-0.301151	1.66531	-4.02267	0
2.69568	-3.99338	-0.307898	2.69568	-3.99338	0
3.77857	-4.04476	-0.336981	3.77857	-4.04476	0
4.77865	-3.98721	-0.295364	4.77865	-3.98721	0
5.86763	-4.01045	-0.333417	5.86763	-4.01045	0
6.89699	-3.9496	-0.302805	6.89699	-3.9496	0
7.92626	-3.97186	-0.302331	7.92626	-3.97186	0
8.98178	-3.94394	-0.313225	8.98178	-3.94394	0
9.97253	-3.94545	-0.304205	9.97253	-3.94545	0
10.9998	-3.98711	-0.311565	10.9998	-3.98711	0
-11.824	-3.97154	-0.30239	-11.824	-3.97154	0
-10.7679	-3.9849	-0.34349	-10.7679	-3.9849	0
-9.62716	-3.98845	-0.317103	-9.62716	-3.98845	0
-8.60756	-4.02	-0.3118	-8.60756	-4.02	0
-7.51492	-4.00068	-0.333156	-7.51492	-4.00068	0
-6.51341	-3.99553	-0.304024	-6.51341	-3.99553	0
-5.42225	-4.1036	-0.316686	-5.42225	-4.1036	0
-4.40117	-4.06541	-0.303647	-4.40117	-4.06541	0
-3.41052	-4.07571	-0.322021	-3.41052	-4.07571	0
-2.37946	-4.03831	-0.32824	-2.37946	-4.03831	0
-1.35524	-4.01535	-0.325327	-1.35524	-4.01535	0
-0.376033	-2.99321	-0.315778	-0.376033	-2.99321	0
0.656119	-3.01139	-0.310356	0.656119	-3.01139	0
1.70688	-2.9474	-0.339075	1.70688	-2.9474	0
2.79711	-2.99092	-0.288247	2.79711	-2.99092	0
3.82198	-3.0064	-0.305785	3.82198	-3.0064	0
4.89573	-2.96578	-0.264482	4.89573	-2.96578	0
5.86055	-2.9399	-0.305351	5.86055	-2.9399	0
6.89077	-2.896	-0.328138	6.89077	-2.896	0
7.9598	-2.9161	-0.308704	7.9598	-2.9161	0
8.98468	-2.86079	-0.32807	8.98468	-2.86079	0
10.0107	-2.91409	-0.296729	10.0107	-2.91409	0
11.0022	-2.96418	-0.331939	11.0022	-2.96418	0
-11.6839	-3.0072	-0.302991	-11.6839	-3.0072	0
-10.696	-2.96583	-0.296104	-10.696	-2.96583	0
-9.61884	-2.98503	-0.33155	-9.61884	-2.98503	0
-8.54693	-2.95095	-0.298521	-8.54693	-2.95095	0
-7.5209	-2.9002	-0.294589	-7.5209	-2.9002	0
-6.48776	-2.97595	-0.33776	-6.48776	-2.97595	0
-5.44707	-3.01172	-0.308335	-5.44707	-3.01172	0
-4.41628	-3.01962	-0.326466	-4.41628	-3.01962	0
-3.44829	-3.0078	-0.303046	-3.44829	-3.0078	0
-2.42098	-2.97078	-0.33698	-2.42098	-2.97078	0
-1.3884	-2.91605	-0.320322	-1.3884	-2.91605	0
-0.382459	-1.9465	-0.333678	-0.382459	-1.9465	0
0.678809	-1.97047	-0.327933	0.678809	-1.97047	0
1.67176	-1.93813	-0.319149	1.67176	-1.93813	0
2.72851	-1.93377	-0.332704	2.72851	-1.93377	0
3.87438	-1.92349	-0.289637	3.87438	-1.92349	0
4.91285	-1.88607	-0.309292	4.91285	-1.88607	0
5.96328	-1.90125	-0.332767	5.96328	-1.90125	0
6.90565	-1.86491	-0.320263	6.90565	-1.86491	0
7.95517	-1.82841	-0.319193	7.95517	-1.82841	0
8.94742	-1.87103	-0.311977	8.94742	-1.87103	0
9.98675	-1.87875	-0.310491	9.98675	-1.87875	0
11.0409	-1.89494	-0.341949	11.0409	-1.89494	0
-11.7199	-1.93541	-0.304534	-11.7199	-1.93541	0
-10.679	-1.92776	-0.321307	-10.679	-1.92776	0
-9.63099	-1.91933	-0.352411	-9.63099	-1.91933	0
-8.60658	-1.93219	-0.310997	-8.60658	-1.93219	0
-7.55989	-1.91651	-0.326187	-7.55989	-1.91651	0
-6.46952	-1.95803	-0.311471	-6.46952	-1.95803	0
-5.45848	-1.94362	-0.298971	-5.45848	-1.94362	0
-4.43423	-1.9802	-0.317613	-4.43423	-1.9802	0
-3.42152	-1.95119	-0.32574	-3.42152	-1.95119	0
-2.41357	-1.94456	-0.295434	-2.41357	-1.94456	0
-1.42358	-1.9175	-0.337675	-1.42358	-1.9175	0
-0.412924	-0.895654	-0.323153	-0.412924	-0.895654	0
0.649298	-0.887464	-0.317313	0.649298	-0.887464	0
1.64715	-0.855932	-0.31097	1.64715	-0.855932	0
2.78802	-0.880493	-0.322752	2.78802	-0.880493	0
3.78366	-0.904699	-0.294728	3.78366	-0.904699	0
4.86728	-0.855358	-0.321898	4.86728	-0.855358	0
5.88225	-0.813787	-0.300722	5.88225	-0.813787	0
6.89421	-0.899433	-0.328681	6.89421	-0.899433	0
7.94457	-0.826976	-0.333283	7.94457	-0.826976	0
8.95339	-0.859814	-0.281934	8.95339	-0.859814	0
9.99552	-0.885056	-0.311743	9.99552	-0.885056	0
11.0766	-0.848485	-0.321581	11.0766	-0.848485	0
-11.6711	-0.907708	-0.322597	-11.6711	-0.907708	0
-10.7018	-0.904703	-0.322308	-10.7018	-0.904703	0
-9.66093	-0.880459	-0.305242	-9.66093	-0.880459	0
-8.617	-0.856578	-0.331902	-8.617	-0.856578	0
-7.53788	-0.950563	-0.324437	-7.53788	-0.950563	0
-6.46561	-0.85762	-0.305772	-6.46561	-0.85762	0
-5.43558	-0.879591	-0.298819	-5.43558	-0.879591	0
-4.43079	-0.86899	-0.329097	-4.43079	-0.86899	0
-3.47538	-0.934766	-0.317512	-3.47538	-0.934766	0
-2.45354	-0.917956	-0.296251	-2.45354	-0.917956	0
-1.42243	-0.846446	-0.327544	-1.42243	-0.846446	0
0.112714	0.623988	0.336	0.112714	0.623988	0
1.1488	0.653597	0.330239	1.1488	0.653597	0
2.21935	0.632394	0.324144	2.21935	0.632394	0
3.25483	0.633673	0.305111	3.25483	0.633673	0
4.3291	0.695384	0.316461	4.3291	0.695384	0
5.35605	0.730102	0.300753	5.35605	0.730102	0
6.37425	0.691651	0.294917	6.37425	0.691651	0
7.48121	0.697102	0.31098	7.48121	0.697102	0
8.52531	0.704284	0.317286	8.52531	0.704284	0
9.57516	0.703414	0.318713	9.57516	0.703414	0
10.6083	0.672059	0.308252	10.6083	0.672059	0
11.5764	0.677475	0.285896	11.5764	0.677475	0
-11.1381	0.725498	0.266324	-11.1381	0.725498	0
-10.1404	0.667476	0.311801	-10.1404	0.667476	0
-9.13199	0.63643	0.325655	-9.13199	0.63643	0
-8.14143	0.692073	0.286062	-8.14143	0.692073	0
-7.12104	0.6505	0.302552	-7.12104	0.6505	0
-6.09868	0.65855	0.314784	-6.09868	0.65855	0
-5.03922	0.627496	0.314849	-5.03922	0.627496	0
-3.99824	0.680685	0.299008	-3.99824	0.680685	0
-3.00154	0.659443	0.318878	-3.00154	0.659443	0
-1.96217	0.625443	0.318448	-1.96217	0.625443	0
-0.888052	0.686848	0.31739	-0.888052	0.686848	0
0.161902	1.6664	0.343535	0.161902	1.6664	0
1.18824	1.6533	0.305637	1.18824	1.6533	0
2.21946	1.61926	0.328625	2.21946	1.61926	0
3.25723	1.66077	0.319434	3.25723	1.66077	0
4.33822	1.7147	0.309618	4.33822	1.7147	0
5.32972	1.73035	0.307849	5.32972	1.73035	0
6.34729	1.68386	0.32793	6.34729	1.68386	0
7.46584	1.78469	0.321797	7.46584	1.78469	0
8.45426	1.75546	0.346993	8.45426	1.75546	0
9.49903	1.70987	0.32862	9.49903	1.70987	0
10.5182	1.78051	0.298038	10.5182	1.78051	0
11.5438	1.75697	0.316674	11.5438	1.75697	0
-11.2548	1.72358	0.312302	-11.2548	1.72358	0
-10.2083	1.7257	0.316675	-10.2083	1.7257	0
-9.11349	1.71093	0.307363	-9.11349	1.71093	0
-8.07195	1.71569	0.326326	-8.07195	1.71569	0
-7.06656	1.74497	0.315428	-7.06656	1.74497	0
-6.08811	1.66406	0.324821	-6.08811	1.66406	0
-5.0464	1.65652	0.288212	-5.0464	1.65652	0
-3.99497	1.64387	0.345948	-3.99497	1.64387	0
-2.97233	1.67616	0.302389	-2.97233	1.67616	0
-1.98317	1.66198	0.326195	-1.98317	1.66198	0
-0.901055	1.6647	0.318382	-0.901055	1.6647	0
0.19895	2.71696	0.337462	0.19895	2.71696	0
1.28169	2.72058	0.350052	1.28169	2.72058	0
2.29868	2.67349	0.290179	2.29868	2.67349	0
3.28405	2.68973	0.325917	3.28405	2.68973	0
4.25919	2.76836	0.326563	4.25919	2.76836	0
5.35588	2.73936	0.295279	5.35588	2.73936	0
6.36118	2.81393	0.324379	6.36118	2.81393	0
7.38129	2.75553	0.290944	7.38129	2.75553	0
8.40193	2.78424	0.337918	8.40193	2.78424	0
9.45759	2.80116	0.296981	9.45759	2.80116	0
10.4755	2.74593	0.320197	10.4755	2.74593	0
11.454	2.7635	0.334434	11.454	2.7635	0
-11.3303	2.77278	0.330981	-11.3303	2.77278	0
-10.2629	2.70884	0.321382	-10.2629	2.70884	0
-9.14396	2.7187	0.3317	-9.14396	2.7187	0
-8.12747	2.72927	0.329797	-8.12747	2.72927	0
-7.08663	2.74473	0.298715	-7.08663	2.74473	0
-6.04821	2.75801	0.311466	-6.04821	2.75801	0
-5.03664	2.65856	0.328323	-5.03664	2.65856	0
-4.00622	2.69733	0.347804	-4.00622	2.69733	0
-2.93203	2.76568	0.303407	-2.93203	2.76568	0
-1.92766	2.7257	0.317564	-1.92766	2.7257	0
-0.821816	2.68095	0.310524	-0.821816	2.68095	0
0.15993	3.65763	0.311234	0.15993	3.65763	0
1.1597	3.69838	0.318553	1.1597	3.69838	0
2.22789	3.76022	0.287093	2.22789	3.76022	0
3.24094	3.75964	0.32683	3.24094	3.75964	0
4.26449	3.74498	0.322238	4.26449	3.74498	0
5.28779	3.81581	0.305521	5.28779	3.81581	0
6.35636	3.82176	0.316282	6.35636	3.82176	0
7.36749	3.81458	0.322401	7.36749	3.81458	0
8.43432	3.77986	0.314299	8.43432	3.77986	0
9.42912	3.84067	0.332674	9.42912	3.84067	0
10.4573	3.75683	0.357676	10.4573	3.75683	0
11.5306	3.75155	0.343523	11.5306	3.75155	0
-11.2105	3.75073	0.312282	-11.2105	3.75073	0
-10.2063	3.73469	0.306167	-10.2063	3.73469	0
-9.21336	3.71877	0.319812	-9.21336	3.71877	0
-8.14974	3.77642	0.314246	-8.14974	3.77642	0
-7.08617	3.74532	0.291523	-7.08617	3.74532	0
-6.08963	3.75033	0.321126	-6.08963	3.75033	0
-5.04097	3.68214	0.285492	-5.04097	3.68214	0
-4.0417	3.72156	0.289602	-4.0417	3.72156	0
-2.96276	3.70051	0.354524	-2.96276	3.70051	0
-1.92102	3.72639	0.308539	-1.92102	3.72639	0
-0.906139	3.71358	0.352836	-0.906139	3.71358	0
0.0582884	4.73399	0.343433	0.0582884	4.73399	0
1.12711	4.71814	0.320431	1.12711	4.71814	0
2.16472	4.75981	0.296588	2.16472	4.75981	0
3.21847	4.75816	0.307006	3.21847	4.75816	0
4.23104	4.76561	0.30403	4.23104	4.76561	0
5.30007	4.85719	0.323604	5.30007	4.85719	0
6.36781	4.82201	0.305546	6.36781	4.82201	0
7.35805	4.85683	0.309693	7.35805	4.85683	0
8.39426	4.82986	0.301889	8.39426	4.82986	0
9.39058	4.84797	0.329899	9.39058	4.84797	0
10.4843	4.81375	0.315768	10.4843	4.81375	0
11.5024	4.81006	0.353346	11.5024	4.81006	0
-11.2426	4.82171	0.325097	-11.2426	4.82171	0
-10.2691	4.77323	0.327804	-10.2691	4.77323	0
-9.17755	4.69115	0.300929	-9.17755	4.69115	0
-8.16157	4.80699	0.288982	-8.16157	4.80699	0
-7.08135	4.7983	0.312668	-7.08135	4.7983	0
-6.07065	4.78061	0.308067	-6.07065	4.78061	0
-4.99188	4.81535	0.3138	-4.99188	4.81535	0
-3.98401	4.77548	0.288133	-3.98401	4.77548	0
-2.92826	4.76715	0.313668	-2.92826	4.76715	0
-1.92263	4.76612	0.320896	-1.92263	4.76612	0
-0.8971	4.74431	0.338528	-0.8971	4.74431	0
0.116684	5.76379	0.342051	0.116684	5.76379	0
1.11477	5.75699	0.335097	1.11477	5.75699	0
2.1635	5.75182	0.31645	2.1635	5.75182	0
3.19951	5.8266	0.324127	3.19951	5.8266	0
4.25996	5.79742	0.352187	4.25996	5.79742	0
5.27758	5.87385	0.334194	5.27758	5.87385	0
6.30208	5.82326	0.294512	6.30208	5.82326	0
7.35174	5.88601	0.292645	7.35174	5.88601	0
8.39721	5.88402	0.33164	8.39721	5.88402	0
9.40315	5.85069	0.333476	9.40315	5.85069	0
10.4214	5.87561	0.30163	10.4214	5.87561	0
11.4467	5.88704	0.306372	11.4467	5.88704	0
-11.2593	5.86945	0.291458	-11.2593	5.86945	0
-10.2557	5.81211	0.31418	-10.2557	5.81211	0
-9.22626	5.79608	0.303124	-9.22626	5.79608	0
-8.19325	5.82448	0.320898	-8.19325	5.82448	0
-7.13899	5.83162	0.309042	-7.13899	5.83162	0
-6.09075	5.87363	0.318981	-6.09075	5.87363	0
-5.10967	5.80973	0.306402	-5.10967	5.80973	0
-4.00486	5.88347	0.31	-4.00486	5.88347	0
-2.96931	5.8529	0.310981	-2.96931	5.8529	0
-1.91366	5.75404	0.328174	-1.91366	5.75404	0
-0.965971	5.79419	0.30394	-0.965971	5.79419	0
0.086159	6.7942	0.31271	0.086159	6.7942	0
1.14849	6.8017	0.29165	1.14849	6.8017	0
2.14736	6.85818	0.273731	2.14736	6.85818	0
3.15147	6.81232	0.306096	3.15147	6.81232	0
4.20449	6.87522	0.296418	4.20449	6.87522	0
5.25767	6.90184	0.338972	5.25767	6.90184	0
6.2753	6.86748	0.314117	6.2753	6.86748	0
7.31665	6.89111	0.306222	7.31665	6.89111	0
8.37441	6.92155	0.330786	8.37441	6.92155	0
9.42472	6.89272	0.325798	9.42472	6.89272	0
10.4209	6.93769	0.30209	10.4209	6.93769	0
11.4525	6.90065	0.311246	11.4525	6.90065	0
-11.2947	6.87931	0.312599	-11.2947	6.87931	0
-10.3194	6.84582	0.341924	-10.3194	6.84582	0
-9.25974	6.84605	0.325057	-9.25974	6.84605	0
-8.23034	6.83864	0.30439	-8.23034	6.83864	0
-7.18084	6.81792	0.288764	-7.18084	6.81792	0
-6.09951	6.89099	0.34674	-6.09951	6.89099	0
-5.09362	6.84392	0.334956	-5.09362	6.84392	0
-4.07399	6.90209	0.336716	-4.07399	6.90209	0
-3.01723	6.91955	0.334866	-3.01723	6.91955	0
-1.99772	6.74176	0.332148	-1.99772	6.74176	0
-0.956732	6.79596	0.304614	-0.956732	6.79596	0
0.12156	7.89677	0.29849	0.12156	7.89677	0
1.15025	7.93405	0.309498	1.15025	7.93405	0
2.08901	7.86965	0.285938	2.08901	7.86965	0
3.15246	7.86382	0.344269	3.15246	7.86382	0
4.16065	7.97435	0.34202	4.16065	7.97435	0
5.26222	7.93405	0.351666	5.26222	7.93405	0
6.24591	7.95109	0.317174	6.24591	7.95109	0
7.27394	7.93186	0.290659	7.27394	7.93186	0
8.32288	7.94439	0.313525	8.32288	7.94439	0
9.35855	7.87931	0.318409	9.35855	7.87931	0
10.4021	8.00373	0.286903	10.4021	8.00373	0
11.4192	7.91882	0.336048	11.4192	7.91882	0
-11.252	7.92149	0.294782	-11.252	7.92149	0
-10.233	7.89136	0.32576	-10.233	7.89136	0
-9.17877	7.87699	0.303242	-9.17877	7.87699	0
-8.11566	7.87527	0.340877	-8.11566	7.87527	0
-7.11712	7.83692	0.332959	-7.11712	7.83692	0
-6.12453	7.89779	0.283295	-6.12453	7.89779	0
-5.13744	7.82986	0.319402	-5.13744	7.82986	0
-4.05796	7.87946	0.327821	-4.05796	7.87946	0
-3.01517	7.88918	0.29405	-3.01517	7.88918	0
-1.97263	7.86989	0.328895	-1.97263	7.86989	0
-0.990149	7.84529	0.299955	-0.990149	7.84529	0
0.0565077	8.91051	0.3098	0.0565077	8.91051	0
1.07452	8.93416	0.298239	1.07452	8.93416	0
2.12794	8.8664	0.323872	2.12794	8.8664	0
3.13357	8.91215	0.344235	3.13357	8.91215	0
4.21728	8.97771	0.306761	4.21728	8.97771	0
5.25568	9.00073	0.325643	5.25568	9.00073	0
6.27238	8.94344	0.299325	6.27238	8.94344	0
7.3147	8.94664	0.317504	7.3147	8.94664	0
8.34428	8.97442	0.316226	8.34428	8.97442	0
9.39494	8.99157	0.338443	9.39494	8.99157	0
10.412	8.9748	0.306992	10.412	8.9748	0
11.4574	8.95631	0.305211	11.4574	8.95631	0
-11.2422	8.95566	0.318237	-11.2422	8.95566	0
-10.2143	8.96524	0.314482	-10.2143	8.96524	0
-9.1567	8.90033	0.294057	-9.1567	8.90033	0
-8.12647	8.9539	0.324456	-8.12647	8.9539	0
-7.1764	8.8584	0.327842	-7.1764	8.8584	0
-6.12312	8.88866	0.29906	-6.12312	8.88866	0
-5.09219	8.87479	0.317832	-5.09219	8.87479	0
-3.98483	8.89702	0.345403	-3.98483	8.89702	0
-3.01149	8.94944	0.311462	-3.01149	8.94944	0
-1.99892	8.90467	0.300987	-1.99892	8.90467	0
-0.94693	8.84421	0.333941	-0.94693	8.84421	0
0.0812408	9.97697	0.297741	0.0812408	9.97697	0
1.11117	9.9054	0.300452	1.11117	9.9054	0
2.13136	9.91039	0.325892	2.13136	9.91039	0
3.15721	9.90677	0.310078	3.15721	9.90677	0
4.21941	9.99499	0.286439	4.21941	9.99499	0
5.3188	9.96804	0.31192	5.3188	9.96804	0
6.33285	9.96135	0.295646	6.33285	9.96135	0
7.40983	9.99677	0.327146	7.40983	9.99677	0
8.42467	9.99531	0.338646	8.42467	9.99531	0
9.39221	9.97597	0.297726	9.39221	9.97597	0
10.4247	9.997	0.310313	10.4247	9.997	0
11.4948	9.95939	0.309893	11.4948	9.95939	0
-11.2813	9.98846	0.318835	-11.2813	9.98846	0
-10.2673	9.95345	0.333938	-10.2673	9.95345	0
-9.19652	9.97813	0.340729	-9.19652	9.97813	0
-8.18457	9.95127	0.342819	-8.18457	9.95127	0
-7.18533	9.8993	0.339866	-7.18533	9.8993	0
-6.08073	9.88463	0.320226	-6.08073	9.88463	0
-5.02726	9.89625	0.315288	-5.02726	9.89625	0
-4.05417	9.90814	0.31038	-4.05417	9.90814	0
-3.00564	9.96876	0.313049	-3.00564	9.96876	0
-1.94372	9.95982	0.312252	-1.94372	9.95982	0
-0.942325	9.94593	0.306233	-0.942325	9.94593	0
0.103004	10.9769	0.326644	0.103004	10.9769	0
1.13858	10.9381	0.33231	1.13858	10.9381	0
2.16655	10.9858	0.319966	2.16655	10.9858	0
3.15501	10.9656	0.312282	3.15501	10.9656	0
4.20432	10.9767	0.326475	4.20432	10.9767	0
5.26288	11.0652	0.314072	5.26288	11.0652	0
6.31433	11.0285	0.311357	6.31433	11.0285	0
7.33127	11.0387	0.299723	7.33127	11.0387	0
8.28552	10.9631	0.290233	8.28552	10.9631	0
9.29128	10.9971	0.3129	9.29128	10.9971	0
10.3723	11.0286	0.310836	10.3723	11.0286	0
11.5029	10.9888	0.270612	11.5029	10.9888	0
-11.2743	11.0041	0.326986	-11.2743	11.0041	0
-10.2194	11.0463	0.321426	-10.2194	11.0463	0
-9.24332	10.9707	0.298113	-9.24332	10.9707	0
-8.13407	11.0219	0.336708	-8.13407	11.0219	0
-7.1219	10.9978	0.32735	-7.1219	10.9978	0
-6.14495	10.8975	0.331686	-6.14495	10.8975	0
-5.08115	10.934	0.33037	-5.08115	10.934	0
-4.03981	10.9601	0.34395	-4.03981	10.9601	0
-2.97007	10.9529	0.317258	-2.97007	10.9529	0
-1.98404	10.9801	0.319093	-1.98404	10.9801	0
-0.902875	11.0142	0.314626	-0.902875	11.0142	0
0.143875	-11.7733	0.31487	0.143875	-11.7733	0
1.19982	-11.7669	0.315994	1.19982	-11.7669	0
2.18787	-11.7861	0.29923	2.18787	-11.7861	0
3.1443	-11.7678	0.318395	3.1443	-11.7678	0
4.21025	-11.7193	0.32262	4.21025	-11.7193	0
5.24906	-11.7142	0.324357	5.24906	-11.7142	0
6.29458	-11.6958	0.321063	6.29458	-11.6958	0
7.28654	-11.7218	0.311868	7.28654	-11.7218	0
8.32809	-11.8149	0.301311	8.32809	-11.8149	0
9.39759	-11.7249	0.322175	9.39759	-11.7249	0
10.3891	-11.7633	0.331519	10.3891	-11.7633	0
11.4527	-11.7503	0.312821	11.4527	-11.7503	0
-11.2939	-11.7858	0.342754	-11.2939	-11.7858	0
-10.2908	-11.7389	0.344515	-10.2908	-11.7389	0
-9.15957	-11.802	0.317748	-9.15957	-11.802	0
-8.15547	-11.7266	0.292713	-8.15547	-11.7266	0
-7.07995	-11.8083	0.286596	-7.07995	-11.8083	0
-6.07452	-11.7956	0.302795	-6.07452	-11.7956	0
-5.01087	-11.8003	0.268618	-5.01087	-11.8003	0
-3.98122	-11.7761	0.347054	-3.98122	-11.7761	0
-2.9974	-11.781	0.302496	-2.9974	-11.781	0
-1.97414	-11.8132	0.342907	-1.97414	-11.8132	0
-0.910026	-11.7742	0.319782	-0.910026	-11.7742	0
0.0721589	-10.7532	0.329741	0.0721589	-10.7532	0
1.16926	-10.7544	0.318316	1.16926	-10.7544	0
2.16812	-10.7249	0.305437	2.16812	-10.7249	0
3.16781	-10.6898	0.321828	3.16781	-10.6898	0
4.18402	-10.7144	0.29472	4.18402	-10.7144	0
5.24861	-10.7064	0.314265	5.24861	-10.7064	0
6.31414	-10.6648	0.306787	6.31414	-10.6648	0
7.32036	-10.6991	0.319341	7.32036	-10.6991	0
8.37102	-10.6993	0.314474	8.37102	-10.6993	0
9.35627	-10.7094	0.295009	9.35627	-10.7094	0
10.4685	-10.7239	0.310584	10.4685	-10.7239	0
11.4929	-10.7204	0.357179	11.4929	-10.7204	0
-11.2771	-10.7216	0.339914	-11.2771	-10.7216	0
-10.2676	-10.7198	0.287023	-10.2676	-10.7198	0
-9.16617	-10.7728	0.315263	-9.16617	-10.7728	0
-8.1344	-10.759	0.306989	-8.1344	-10.759	0
-7.1254	-10.7438	0.31861	-7.1254	-10.7438	0
-6.07042	-10.7558	0.317678	-6.07042	-10.7558	0
-5.10483	-10.8096	0.314568	-5.10483	-10.8096	0
-4.04466	-10.7755	0.292582	-4.04466	-10.7755	0
-3.0667	-10.7418	0.33181	-3.0667	-10.7418	0
-2.00945	-10.7796	0.329946	-2.00945	-10.7796	0
-0.928068	-10.7389	0.323713	-0.928068	-10.7389	0
0.114639	-9.73047	0.323832	0.114639	-9.73047	0
1.15682	-9.7369	0.334104	1.15682	-9.7369	0
2.16485	-9.64751	0.311382	2.16485	-9.64751	0
3.20554	-9.68057	0.318329	3.20554	-9.68057	0
4.22376	-9.69427	0.336614	4.22376	-9.69427	0
5.31306	-9.6772	0.309703	5.31306	-9.6772	0
6.33999	-9.68056	0.308568	6.33999	-9.68056	0
7.34929	-9.65434	0.349079	7.34929	-9.65434	0
8.41	-9.70048	0.288001	8.41	-9.70048	0
9.42297	-9.63578	0.315341	9.42297	-9.63578	0
10.44	-9.70395	0.290053	10.44	-9.70395	0
11.4425	-9.64484	0.297042	11.4425	-9.64484	0
-11.2727	-9.69549	0.327072	-11.2727	-9.69549	0
-10.2104	-9.72582	0.292891	-10.2104	-9.72582	0
-9.18514	-9.70977	0.31211	-9.18514	-9.70977	0
-8.17839	-9.69268	0.312571	-8.17839	-9.69268	0
-7.158	-9.71708	0.329303	-7.158	-9.71708	0
-6.16017	-9.67732	0.323312	-6.16017	-9.67732	0
-5.04984	-9.70653	0.297564	-5.04984	-9.70653	0
-4.01768	-9.73367	0.32528	-4.01768	-9.73367	0
-2.98207	-9.71245	0.321193	-2.98207	-9.71245	0
-1.97135	-9.6809	0.320011	-1.97135	-9.6809	0
-0.932607	-9.72664	0.316915	-0.932607	-9.72664	0
0.171936	-8.65712	0.31904	0.171936	-8.65712	0
1.18998	-8.68728	0.316441	1.18998	-8.68728	0
2.26251	-8.62696	0.31306	2.26251	-8.62696	0
3.28701	-8.63004	0.324711	3.28701	-8.63004	0
4.28512	-8.67337	0.309527	4.28512	-8.67337	0
5.32344	-8.7011	0.313942	5.32344	-8.7011	0
6.36772	-8.62742	0.303969	6.36772	-8.62742	0
7.4001	-8.59483	0.313674	7.4001	-8.59483	0
8.39458	-8.66804	0.334775	8.39458	-8.66804	0
9.3956	-8.61388	0.305713	9.3956	-8.61388	0
10.4244	-8.64723	0.320139	10.4244	-8.64723	0
11.4322	-8.58867	0.303326	11.4322	-8.58867	0
-11.3033	-8.62928	0.320909	-11.3033	-8.62928	0
-10.2794	-8.68504	0.311823	-10.2794	-8.68504	0
-9.18025	-8.62729	0.335608	-9.18025	-8.62729	0
-8.17793	-8.62258	0.296192	-8.17793	-8.62258	0
-7.16454	-8.69214	0.303726	-7.16454	-8.69214	0
-6.08869	-8.6963	0.336013	-6.08869	-8.6963	0
-5.08552	-8.66646	0.300536	-5.08552	-8.66646	0
-4.00867	-8.72722	0.326161	-4.00867	-8.72722	0
-2.99152	-8.71464	0.29824	-2.99152	-8.71464	0
-1.91184	-8.66737	0.322257	-1.91184	-8.66737	0
-0.883234	-8.71381	0.332392	-0.883234	-8.71381	0
0.172645	-7.5716	0.322868	0.172645	-7.5716	0
1.16563	-7.61153	0.338661	1.16563	-7.61153	0
2.24189	-7.63025	0.327215	2.24189	-7.63025	0
3.26077	-7.56709	0.332251	3.26077	-7.56709	0
4.28698	-7.66157	0.323132	4.28698	-7.66157	0
5.27805	-7.66439	0.301867	5.27805	-7.66439	0
6.30969	-7.6026	0.313405	6.30969	-7.6026	0
7.3722	-7.55863	0.302863	7.3722	-7.55863	0
8.36605	-7.66943	0.33146	8.36605	-7.66943	0
9.39581	-7.57641	0.314403	9.39581	-7.57641	0
10.4503	-7.61106	0.311826	10.4503	-7.61106	0
11.4945	-7.59501	0.320097	11.4945	-7.59501	0
-11.3103	-7.61706	0.285242	-11.3103	-7.61706	0
-10.2651	-7.59525	0.31551	-10.2651	-7.59525	0
-9.20625	-7.61831	0.294153	-9.20625	-7.61831	0
-8.12626	-7.61019	0.314085	-8.12626	-7.61019	0
-7.08807	-7.63677	0.343509	-7.08807	-7.63677	0
-6.10412	-7.67235	0.342563	-6.10412	-7.67235	0
-5.02232	-7.70934	0.311508	-5.02232	-7.70934	0
-4.02981	-7.64168	0.308356	-4.02981	-7.64168	0
-2.98818	-7.63448	0.326426	-2.98818	-7.63448	0
-1.94016	-7.63278	0.30442	-1.94016	-7.63278	0
-0.911882	-7.66274	0.31177	-0.911882	-7.66274	0
0.197834	-6.54094	0.275446	0.197834	-6.54094	0
1.19808	-6.5595	0.296299	1.19808	-6.5595	0
2.24214	-6.57597	0.33054	2.24214	-6.57597	0
3.26886	-6.56377	0.329339	3.26886	-6.56377	0
4.24519	-6.62695	0.326464	4.24519	-6.62695	0
5.28745	-6.64002	0.322664	5.28745	-6.64002	0
6.27619	-6.61353	0.29856	6.27619	-6.61353	0
7.30172	-6.51955	0.304535	7.30172	-6.51955	0
8.40739	-6.56959	0.333935	8.40739	-6.56959	0
9.38041	-6.52035	0.27869	9.38041	-6.52035	0
10.4544	-6.54858	0.322813	10.4544	-6.54858	0
11.4774	-6.47925	0.311924	11.4774	-6.47925	0
-11.2893	-6.61115	0.319839	-11.2893	-6.61115	0
-10.2796	-6.57306	0.325356	-10.2796	-6.57306	0
-9.27732	-6.59263	0.348046	-9.27732	-6.59263	0
-8.15479	-6.6173	0.306098	-8.15479	-6.6173	0
-7.08987	-6.62415	0.328226	-7.08987	-6.62415	0
-6.0664	-6.64371	0.327739	-6.0664	-6.64371	0
-5.06137	-6.6073	0.302293	-5.06137	-6.6073	0
-3.98808	-6.60261	0.327016	-3.98808	-6.60261	0
-2.89196	-6.62826	0.344435	-2.89196	-6.62826	0
-1.85377	-6.65429	0.311312	-1.85377	-6.65429	0
-0.857826	-6.6168	0.333248	-0.857826	-6.6168	0
0.165879	-5.52942	0.337641	0.165879	-5.52942	0
1.20248	-5.57198	0.340191	1.20248	-5.57198	0
2.23486	-5.56228	0.304443	2.23486	-5.56228	0
3.28122	-5.52955	0.308682	3.28122	-5.52955	0
4.3025	-5.55818	0.305721	4.3025	-5.55818	0
5.27435	-5.56793	0.32605	5.27435	-5.56793	0
6.31223	-5.50456	0.322943	6.31223	-5.50456	0
7.38296	-5.5282	0.319156	7.38296	-5.5282	0
8.44408	-5.50619	0.324212	8.44408	-5.50619	0
9.4701	-5.43319	0.306671	9.4701	-5.43319	0
10.4776	-5.47028	0.308107	10.4776	-5.47028	0
11.5387	-5.51895	0.338104	11.5387	-5.51895	0
-11.2456	-5.5065	0.303575	-11.2456	-5.5065	0
-10.2268	-5.52145	0.309973	-10.2268	-5.52145	0
-9.17663	-5.56045	0.329288	-9.17663	-5.56045	0
-8.19657	-5.57635	0.32201	-8.19657	-5.57635	0
-7.08283	-5.54006	0.333597	-7.08283	-5.54006	0
-6.04916	-5.57642	0.31574	-6.04916	-5.57642	0
-5.03335	-5.61816	0.308779	-5.03335	-5.61816	0
-3.97616	-5.58622	0.322343	-3.97616	-5.58622	0
-2.97241	-5.55948	0.337724	-2.97241	-5.55948	0
-1.88811	-5.56792	0.355147	-1.88811	-5.56792	0
-0.843832	-5.56775	0.315349	-0.843832	-5.56775	0
0.149439	-4.51944	0.316562	0.149439	-4.51944	0
1.15588	-4.51411	0.321787	1.15588	-4.51411	0
2.21614	-4.52979	0.32146	2.21614	-4.52979	0
3.24046	-4.54537	0.304175	3.24046	-4.54537	0
4.27517	-4.50408	0.339528	4.27517	-4.50408	0
5.31535	-4.47465	0.316089	5.31535	-4.47465	0
6.40294	-4.48538	0.301233	6.40294	-4.48538	0
7.40073	-4.49959	0.333655	7.40073	-4.49959	0
8.44577	-4.49429	0.310716	8.44577	-4.49429	0
9.46232	-4.43936	0.323051	9.46232	-4.43936	0
10.4559	-4.42651	0.311587	10.4559	-4.42651	0
11.511	-4.49581	0.315523	11.511	-4.49581	0
-11.2145	-4.50078	0.299549	-11.2145	-4.50078	0
-10.174	-4.46571	0.305572	-10.174	-4.46571	0
-9.12109	-4.56633	0.31574	-9.12109	-4.56633	0
-8.09641	-4.51657	0.302128	-8.09641	-4.51657	0
-7.08634	-4.48411	0.322661	-7.08634	-4.48411	0
-6.02121	-4.54785	0.344238	-6.02121	-4.54785	0
-4.97123	-4.63562	0.342345	-4.97123	-4.63562	0
-3.94326	-4.62251	0.304489	-3.94326	-4.62251	0
-2.927	-4.55343	0.328878	-2.927	-4.55343	0
-1.81854	-4.54604	0.333859	-1.81854	-4.54604	0
-0.849972	-4.55186	0.302286	-0.849972	-4.55186	0
0.144108	-3.48682	0.311529	0.144108	-3.48682	0
1.19595	-3.48562	0.327207	1.19595	-3.48562	0
2.20469	-3.42425	0.321297	2.20469	-3.42425	0
3.29313	-3.51266	0.299609	3.29313	-3.51266	0
4.30635	-3.50816	0.352058	4.30635	-3.50816	0
5.37279	-3.5424	0.330609	5.37279	-3.5424	0
6.36225	-3.44539	0.309438	6.36225	-3.44539	0
7.36474	-3.42397	0.311934	7.36474	-3.42397	0
8.45115	-3.426	0.311807	8.45115	-3.426	0
9.50005	-3.40124	0.341955	9.50005	-3.40124	0
10.4635	-3.43135	0.334061	10.4635	-3.43135	0
11.4887	-3.48667	0.331102	11.4887	-3.48667	0
-11.2113	-3.51154	0.295	-11.2113	-3.51154	0
-10.2182	-3.48981	0.264333	-10.2182	-3.48981	0
-9.10068	-3.4584	0.3234	-9.10068	-3.4584	0
-8.02893	-3.44781	0.288036	-8.02893	-3.44781	0
-6.99875	-3.44411	0.309544	-6.99875	-3.44411	0
-5.9347	-3.54881	0.28968	-5.9347	-3.54881	0
-4.9099	-3.57726	0.317627	-4.9099	-3.57726	0
-3.93215	-3.53175	0.348541	-3.93215	-3.53175	0
-2.92732	-3.49361	0.289981	-2.92732	-3.49361	0
-1.88915	-3.53812	0.310577	-1.88915	-3.53812	0
-0.885088	-3.46805	0.320596	-0.885088	-3.46805	0
0.108597	-2.47238	0.326131	0.108597	-2.47238	0
1.16185	-2.45105	0.316998	1.16185	-2.45105	0
2.20538	-2.37846	0.303207	2.20538	-2.37846	0
3.26768	-2.41456	0.299458	3.26768	-2.41456	0
4.33541	-2.4862	0.32923	4.33541	-2.4862	0
5.40305	-2.40459	0.324348	5.40305	-2.40459	0
6.46542	-2.43953	0.33227	6.46542	-2.43953	0
7.44739	-2.37609	0.284055	7.44739	-2.37609	0
8.44376	-2.36322	0.31329	8.44376	-2.36322	0
9.47511	-2.40633	0.338549	9.47511	-2.40633	0
10.4967	-2.35039	0.294007	10.4967	-2.35039	0
11.5413	-2.40328	0.3162	11.5413	-2.40328	0
-11.2287	-2.43746	0.329022	-11.2287	-2.43746	0
-10.1846	-2.51383	0.307694	-10.1846	-2.51383	0
-9.1386	-2.44025	0.297948	-9.1386	-2.44025	0
-8.0626	-2.42251	0.29075	-8.0626	-2.42251	0
-6.96174	-2.41733	0.320263	-6.96174	-2.41733	0
-6.02766	-2.46215	0.333937	-6.02766	-2.46215	0
-4.96361	-2.52291	0.312144	-4.96361	-2.52291	0
-3.91302	-2.48116	0.341664	-3.91302	-2.48116	0
-2.92189	-2.48266	0.327356	-2.92189	-2.48266	0
-1.95317	-2.43993	0.312214	-1.95317	-2.43993	0
-0.872981	-2.41895	0.30534	-0.872981	-2.41895	0
0.108651	-1.43345	0.304595	0.108651	-1.43345	0
1.18992	-1.37795	0.336817	1.18992	-1.37795	0
2.21834	-1.38323	0.296891	2.21834	-1.38323	0
3.26363	-1.42379	0.283554	3.26363	-1.42379	0
4.40173	-1.40853	0.310033	4.40173	-1.40853	0
5.41079	-1.3326	0.322791	5.41079	-1.3326	0
6.426	-1.35636	0.346346	6.426	-1.35636	0
7.43069	-1.37002	0.338046	7.43069	-1.37002	0
8.41733	-1.36339	0.33748	8.41733	-1.36339	0
9.50968	-1.43249	0.344395	9.50968	-1.43249	0
10.5504	-1.39072	0.292537	10.5504	-1.39072	0
11.5704	-1.38577	0.343671	11.5704	-1.38577	0
-11.2072	-1.43162	0.321267	-11.2072	-1.43162	0
-10.1881	-1.47827	0.325898	-10.1881	-1.47827	0
-9.15027	-1.3822	0.322546	-9.15027	-1.3822	0
-8.1063	-1.37387	0.33794	-8.1063	-1.37387	0
-7.03384	-1.43002	0.301853	-7.03384	-1.43002	0
-5.96186	-1.43256	0.29863	-5.96186	-1.43256	0
-4.89776	-1.41704	0.299728	-4.89776	-1.41704	0
-3.94793	-1.4458	0.313718	-3.94793	-1.4458	0
-2.92557	-1.49053	0.345139	-2.92557	-1.49053	0
-1.88548	-1.41073	0.305986	-1.88548	-1.41073	0
-0.902226	-1.40523	0.318208	-0.902226	-1.40523	0
0.0832006	-0.381032	0.286342	0.0832006	-0.381032	0
1.16183	-0.305642	0.309325	1.16183	-0.305642	0
2.19659	-0.379466	0.31751	2.19659	-0.379466	0
3.31765	-0.36304	0.326123	3.31765	-0.36304	0
4.3443	-0.3834	0.341682	4.3443	-0.3834	0
5.34378	-0.337731	0.322566	5.34378	-0.337731	0
6.37944	-0.313823	0.326562	6.37944	-0.313823	0
7.48103	-0.400057	0.328153	7.48103	-0.400057	0
8.44499	-0.342515	0.314688	8.44499	-0.342515	0
9.56382	-0.392898	0.308014	9.56382	-0.392898	0
10.5697	-0.37266	0.291414	10.5697	-0.37266	0
11.6019	-0.348837	0.329109	11.6019	-0.348837	0
-11.1908	-0.334461	0.315556	-11.1908	-0.334461	0
-10.1261	-0.393979	0.324698	-10.1261	-0.393979	0
-9.09711	-0.408563	0.321191	-9.09711	-0.408563	0
-8.10485	-0.32855	0.312532	-8.10485	-0.32855	0
-7.06804	-0.430886	0.338488	-7.06804	-0.430886	0
-6.08179	-0.373533	0.344745	-6.08179	-0.373533	0
-5.01565	-0.312279	0.313526	-5.01565	-0.312279	0
-3.98104	-0.402651	0.335405	-3.98104	-0.402651	0
-2.9443	-0.396356	0.340518	-2.9443	-0.396356	0
-1.92301	-0.36346	0.316638	-1.92301	-0.36346	0
-0.920569	-0.390676	0.315188	-0.920569	-0.390676	0
