-0.325356	-0.118948	-0.323485	-0.325356	-0.118948	0
0.701925	-0.0874435	-0.332194	0.701925	-0.0874435	0
1.71539	-0.133853	-0.302105	1.71539	-0.133853	0
2.7258	-0.0383443	-0.30214	2.7258	-0.0383443	0
3.81067	-0.096386	-0.309031	3.81067	-0.096386	0
4.77879	-0.103771	-0.324189	4.77879	-0.103771	0
5.80142	-0.159381	-0.327502	5.80142	-0.159381	0
6.88792	-0.209125	-0.320623	6.88792	-0.209125	0
7.93139	-0.178684	-0.344317	7.93139	-0.178684	0
9.03637	-0.126777	-0.317325	9.03637	-0.126777	0
10.0453	-0.14425	-0.322218	10.0453	-0.14425	0
11.0685	-0.0965968	-0.292468	11.0685	-0.0965968	0
-11.7405	-0.102427	-0.338046	-11.7405	-0.102427	0
-10.6218	-0.0617411	-0.338598	-10.6218	-0.0617411	0
-9.60247	-0.0943211	-0.341367	-9.60247	-0.0943211	0
-8.59523	-0.0341113	-0.333927	-8.59523	-0.0341113	0
-7.5601	-0.0916415	-0.298835	-7.5601	-0.0916415	0
-6.50111	-0.0543752	-0.349528	-6.50111	-0.0543752	0
-5.51213	-0.103991	-0.287118	-5.51213	-0.103991	0
-4.49135	-0.0700633	-0.305171	-4.49135	-0.0700633	0
-3.4357	-0.0527729	-0.317972	-3.4357	-0.0527729	0
-2.37441	-0.0829297	-0.315983	-2.37441	-0.0829297	0
-1.3457	-0.136404	-0.318197	-1.3457	-0.136404	0
-0.373982	0.964772	-0.315964	-0.373982	0.964772	0
0.699553	0.945171	-0.286085	0.699553	0.945171	0
1.70943	0.922891	-0.322982	1.70943	0.922891	0
2.71742	0.94819	-0.302755	2.71742	0.94819	0
3.79339	0.951982	-0.339501	3.79339	0.951982	0
4.83464	0.912109	-0.311276	4.83464	0.912109	0
5.80876	0.875621	-0.309735	5.80876	0.875621	0
6.85573	0.904541	-0.308464	6.85573	0.904541	0
7.90102	0.886394	-0.313548	7.90102	0.886394	0
8.97006	0.870717	-0.334332	8.97006	0.870717	0
9.98327	0.84101	-0.324071	9.98327	0.84101	0
11.0233	0.914448	-0.337053	11.0233	0.914448	0
-11.6998	0.895476	-0.3026	-11.6998	0.895476	0
-10.6594	0.974193	-0.310708	-10.6594	0.974193	0
-9.64588	0.947778	-0.33155	-9.64588	0.947778	0
-8.61345	0.96755	-0.300918	-8.61345	0.96755	0
-7.61112	0.934201	-0.333896	-7.61112	0.934201	0
-6.55573	1.00097	-0.335526	-6.55573	1.00097	0
-5.5208	0.987349	-0.293885	-5.5208	0.987349	0
-4.45274	0.928635	-0.338231	-4.45274	0.928635	0
-3.39568	0.983398	-0.332947	-3.39568	0.983398	0
-2.38497	1.00145	-0.33452	-2.38497	1.00145	0
-1.37124	0.994501	-0.322175	-1.37124	0.994501	0
-0.344266	1.98166	-0.303514	-0.344266	1.98166	0
0.720064	1.96276	-0.327516	0.720064	1.96276	0
1.72909	1.97203	-0.319028	1.72909	1.97203	0
2.68995	2.04567	-0.338687	2.68995	2.04567	0
3.7535	1.98858	-0.307115	3.7535	1.98858	0
4.79857	1.98615	-0.311108	4.79857	1.98615	0
5.84674	1.89175	-0.324747	5.84674	1.89175	0
6.89304	1.94718	-0.332971	6.89304	1.94718	0
7.9317	1.91967	-0.322056	7.9317	1.91967	0
8.96284	1.85772	-0.32974	8.96284	1.85772	0
10.0028	1.91409	-0.347388	10.0028	1.91409	0
11.027	1.9406	-0.325415	11.027	1.9406	0
-11.7036	1.94992	-0.301915	-11.7036	1.94992	0
-10.6645	1.93381	-0.31237	-10.6645	1.93381	0
-9.65595	1.98536	-0.327588	-9.65595	1.98536	0
-8.65347	1.98346	-0.296277	-8.65347	1.98346	0
-7.6033	2.0556	-0.313165	-7.6033	2.0556	0
-6.56616	2.00676	-0.300793	-6.56616	2.00676	0
-5.50029	2.00238	-0.29875	-5.50029	2.00238	0
-4.47555	1.99846	-0.320275	-4.47555	1.99846	0
-3.43871	2.0585	-0.335846	-3.43871	2.0585	0
-2.43738	2.00385	-0.322265	-2.43738	2.00385	0
-1.42262	2.08404	-0.324416	-1.42262	2.08404	0
-0.358331	3.01013	-0.299995	-0.358331	3.01013	0
0.702732	3.0143	-0.344716	0.702732	3.0143	0
1.71838	3.05362	-0.319496	1.71838	3.05362	0
2.78602	3.04821	-0.355032	2.78602	3.04821	0
3.73338	3.03503	-0.313332	3.73338	3.03503	0
4.7832	3.00496	-0.308631	4.7832	3.00496	0
5.85235	2.99339	-0.307433	5.85235	2.99339	0
6.8665	2.9827	-0.335419	6.8665	2.9827	0
7.94346	2.94453	-0.323228	7.94346	2.94453	0
8.95508	2.91777	-0.304827	8.95508	2.91777	0
9.99287	2.91695	-0.315812	9.99287	2.91695	0
11.0238	2.89629	-0.301546	11.0238	2.89629	0
-11.759	2.94044	-0.335122	-11.759	2.94044	0
-10.6766	2.91521	-0.332439	-10.6766	2.91521	0
-9.65745	3.02945	-0.312297	-9.65745	3.02945	0
-8.59067	3.02438	-0.329496	-8.59067	3.02438	0
-7.49899	3.07174	-0.332574	-7.49899	3.07174	0
-6.54829	3.06088	-0.296867	-6.54829	3.06088	0
-5.48114	2.9984	-0.324418	-5.48114	2.9984	0
-4.42254	2.99615	-0.315379	-4.42254	2.99615	0
-3.46324	3.10397	-0.306883	-3.46324	3.10397	0
-2.40634	3.03707	-0.303986	-2.40634	3.03707	0
-1.40654	3.0397	-0.35293	-1.40654	3.0397	0
-0.338317	4.06921	-0.310718	-0.338317	4.06921	0
0.666421	4.04135	-0.297356	0.666421	4.04135	0
1.72176	4.05692	-0.273489	1.72176	4.05692	0
2.7883	4.02151	-0.345113	2.7883	4.02151	0
3.79099	4.06389	-0.33421	3.79099	4.06389	0
4.81221	4.01899	-0.323949	4.81221	4.01899	0
5.83187	4.05665	-0.30188	5.83187	4.05665	0
6.91545	4.0281	-0.316637	6.91545	4.0281	0
7.87681	3.97923	-0.310805	7.87681	3.97923	0
8.98574	3.93184	-0.354053	8.98574	3.93184	0
10.0072	3.9464	-0.320915	10.0072	3.9464	0
11.0347	3.97816	-0.304573	11.0347	3.97816	0
-11.7486	3.98885	-0.310297	-11.7486	3.98885	0
-10.7125	4.01105	-0.290913	-10.7125	4.01105	0
-9.68025	4.01636	-0.307185	-9.68025	4.01636	0
-8.56465	4.07351	-0.312123	-8.56465	4.07351	0
-7.53512	4.10487	-0.311901	-7.53512	4.10487	0
-6.50618	4.12181	-0.306993	-6.50618	4.12181	0
-5.46403	4.05444	-0.334546	-5.46403	4.05444	0
-4.43522	4.1119	-0.325214	-4.43522	4.1119	0
-3.40441	4.12601	-0.34973	-3.40441	4.12601	0
-2.37909	4.06011	-0.330053	-2.37909	4.06011	0
-1.37083	4.08777	-0.304877	-1.37083	4.08777	0
-0.30273	5.0653	-0.324166	-0.30273	5.0653	0
0.717516	5.09917	-0.335828	0.717516	5.09917	0
1.71694	5.07057	-0.32521	1.71694	5.07057	0
2.75282	5.03243	-0.348128	2.75282	5.03243	0
3.74411	5.08917	-0.331377	3.74411	5.08917	0
4.84	5.03912	-0.309411	4.84	5.03912	0
5.81956	5.10106	-0.328058	5.81956	5.10106	0
6.89077	5.01224	-0.297409	6.89077	5.01224	0
7.95409	5.06698	-0.333159	7.95409	5.06698	0
8.96453	5.04624	-0.324314	8.96453	5.04624	0
9.95773	4.98156	-0.313709	9.95773	4.98156	0
11.0066	4.99128	-0.301519	11.0066	4.99128	0
-11.73	4.97091	-0.314186	-11.73	4.97091	0
-10.7108	5.08858	-0.325437	-10.7108	5.08858	0
-9.61156	5.09967	-0.309543	-9.61156	5.09967	0
-8.65254	5.12435	-0.349177	-8.65254	5.12435	0
-7.57561	5.11977	-0.306446	-7.57561	5.11977	0
-6.51467	5.09389	-0.308877	-6.51467	5.09389	0
-5.4637	5.04495	-0.30257	-5.4637	5.04495	0
-4.3723	5.15292	-0.329104	-4.3723	5.15292	0
-3.38564	5.09851	-0.332274	-3.38564	5.09851	0
-2.35649	5.1147	-0.345833	-2.35649	5.1147	0
-1.34006	5.16517	-0.320239	-1.34006	5.16517	0
-0.282368	6.11537	-0.327311	-0.282368	6.11537	0
0.784237	6.10528	-0.31842	0.784237	6.10528	0
1.78647	6.1078	-0.320707	1.78647	6.1078	0
2.77842	6.10898	-0.323293	2.77842	6.10898	0
3.80743	6.10396	-0.333232	3.80743	6.10396	0
4.79676	6.08749	-0.308528	4.79676	6.08749	0
5.81002	6.12147	-0.334548	5.81002	6.12147	0
6.82555	6.04471	-0.325083	6.82555	6.04471	0
7.95181	6.13459	-0.317839	7.95181	6.13459	0
8.9281	6.03772	-0.322255	8.9281	6.03772	0
9.98646	6.09433	-0.332842	9.98646	6.09433	0
10.9897	6.03798	-0.33144	10.9897	6.03798	0
-11.6997	6.05973	-0.308516	-11.6997	6.05973	0
-10.6296	6.09449	-0.333576	-10.6296	6.09449	0
-9.61434	6.16771	-0.338845	-9.61434	6.16771	0
-8.64067	6.19989	-0.346437	-8.64067	6.19989	0
-7.55825	6.12728	-0.311744	-7.55825	6.12728	0
-6.49992	6.12887	-0.287534	-6.49992	6.12887	0
-5.44708	6.06311	-0.313262	-5.44708	6.06311	0
-4.4584	6.13293	-0.308054	-4.4584	6.13293	0
-3.42137	6.13701	-0.29122	-3.42137	6.13701	0
-2.37239	6.19229	-0.309258	-2.37239	6.19229	0
-1.32859	6.18211	-0.329816	-1.32859	6.18211	0
-0.358987	7.17559	-0.337356	-0.358987	7.17559	0
0.737966	7.14838	-0.310321	0.737966	7.14838	0
1.75509	7.105	-0.323932	1.75509	7.105	0
2.82141	7.13671	-0.321845	2.82141	7.13671	0
3.77761	7.17732	-0.293618	3.77761	7.17732	0
4.82837	7.15773	-0.298823	4.82837	7.15773	0
5.87125	7.16477	-0.337724	5.87125	7.16477	0
6.87881	7.12852	-0.323422	6.87881	7.12852	0
7.88026	7.15631	-0.305528	7.88026	7.15631	0
8.96403	7.08496	-0.311184	8.96403	7.08496	0
10.0046	7.05841	-0.309628	10.0046	7.05841	0
11.0162	7.03683	-0.32574	11.0162	7.03683	0
-11.7499	7.09368	-0.323876	-11.7499	7.09368	0
-10.7154	7.13353	-0.330059	-10.7154	7.13353	0
-9.71551	7.20829	-0.324872	-9.71551	7.20829	0
-8.61888	7.15019	-0.346454	-8.61888	7.15019	0
-7.61454	7.19644	-0.333003	-7.61454	7.19644	0
-6.57027	7.11886	-0.308846	-6.57027	7.11886	0
-5.47603	7.12629	-0.306351	-5.47603	7.12629	0
-4.46296	7.17786	-0.331375	-4.46296	7.17786	0
-3.42928	7.19211	-0.322486	-3.42928	7.19211	0
-2.39993	7.27732	-0.328709	-2.39993	7.27732	0
-1.37311	7.21072	-0.308169	-1.37311	7.21072	0
-0.368164	8.21115	-0.319516	-0.368164	8.21115	0
0.705362	8.19474	-0.309583	0.705362	8.19474	0
1.77028	8.14855	-0.330746	1.77028	8.14855	0
2.80637	8.12294	-0.316202	2.80637	8.12294	0
3.81108	8.15148	-0.304066	3.81108	8.15148	0
4.81871	8.14514	-0.34283	4.81871	8.14514	0
5.89706	8.18027	-0.332662	5.89706	8.18027	0
6.8699	8.14166	-0.304441	6.8699	8.14166	0
7.90075	8.11347	-0.29511	7.90075	8.11347	0
8.98749	8.15752	-0.326574	8.98749	8.15752	0
10.0376	8.10944	-0.28866	10.0376	8.10944	0
11.0291	8.1006	-0.315505	11.0291	8.1006	0
-11.6911	8.08462	-0.293983	-11.6911	8.08462	0
-10.7609	8.18064	-0.325826	-10.7609	8.18064	0
-9.73315	8.20016	-0.34267	-9.73315	8.20016	0
-8.71199	8.20896	-0.307778	-8.71199	8.20896	0
-7.67406	8.21807	-0.309595	-7.67406	8.21807	0
-6.57596	8.17136	-0.311301	-6.57596	8.17136	0
-5.53288	8.1562	-0.319928	-5.53288	8.1562	0
-4.50558	8.15548	-0.321418	-4.50558	8.15548	0
-3.47241	8.20301	-0.331523	-3.47241	8.20301	0
-2.3845	8.22733	-0.336962	-2.3845	8.22733	0
-1.37382	8.19063	-0.304371	-1.37382	8.19063	0
-0.272586	9.22431	-0.341566	-0.272586	9.22431	0
0.703403	9.27254	-0.289406	0.703403	9.27254	0
1.74794	9.21759	-0.322906	1.74794	9.21759	0
2.81394	9.22045	-0.327973	2.81394	9.22045	0
3.90864	9.18496	-0.317666	3.90864	9.18496	0
4.87549	9.23167	-0.334042	4.87549	9.23167	0
5.86159	9.18847	-0.317458	5.86159	9.18847	0
6.86156	9.21654	-0.319018	6.86156	9.21654	0
7.89263	9.14329	-0.317749	7.89263	9.14329	0
8.94721	9.15983	-0.298816	8.94721	9.15983	0
9.96423	9.14832	-0.296565	9.96423	9.14832	0
11.0439	9.1596	-0.305228	11.0439	9.1596	0
-11.6856	9.1917	-0.315044	-11.6856	9.1917	0
-10.7482	9.26536	-0.31532	-10.7482	9.26536	0
-9.71481	9.23078	-0.289865	-9.71481	9.23078	0
-8.66152	9.23847	-0.336529	-8.66152	9.23847	0
-7.60801	9.22612	-0.315508	-7.60801	9.22612	0
-6.57347	9.20518	-0.321825	-6.57347	9.20518	0
-5.54176	9.17596	-0.299683	-5.54176	9.17596	0
-4.50808	9.23117	-0.335104	-4.50808	9.23117	0
-3.42398	9.26406	-0.301703	-3.42398	9.26406	0
-2.37737	9.24864	-0.286705	-2.37737	9.24864	0
-1.34911	9.28336	-0.280953	-1.34911	9.28336	0
-0.309954	10.2515	-0.324006	-0.309954	10.2515	0
0.661407	10.2733	-0.333521	0.661407	10.2733	0
1.65264	10.2568	-0.336857	1.65264	10.2568	0
2.75391	10.2007	-0.334222	2.75391	10.2007	0
3.78947	10.3096	-0.286966	3.78947	10.3096	0
4.84128	10.2833	-0.318473	4.84128	10.2833	0
5.88213	10.2158	-0.315543	5.88213	10.2158	0
6.90718	10.1626	-0.308474	6.90718	10.1626	0
7.96493	10.1997	-0.316265	7.96493	10.1997	0
8.99384	10.189	-0.270667	8.99384	10.189	0
10.03	10.1912	-0.314342	10.03	10.1912	0
11.0364	10.2429	-0.280334	11.0364	10.2429	0
-11.7298	10.3102	-0.335171	-11.7298	10.3102	0
-10.7189	10.3253	-0.322573	-10.7189	10.3253	0
-9.66773	10.2434	-0.304937	-9.66773	10.2434	0
-8.64556	10.2583	-0.287351	-8.64556	10.2583	0
-7.55659	10.2495	-0.327685	-7.55659	10.2495	0
-6.54231	10.2284	-0.349871	-6.54231	10.2284	0
-5.53024	10.2215	-0.298927	-5.53024	10.2215	0
-4.51727	10.2859	-0.306425	-4.51727	10.2859	0
-3.51413	10.2513	-0.331035	-3.51413	10.2513	0
-2.48653	10.3269	-0.327083	-2.48653	10.3269	0
-1.3688	10.2675	-0.319017	-1.3688	10.2675	0
-0.279366	11.2937	-0.334151	-0.279366	11.2937	0
0.718538	11.2935	-0.327971	0.718538	11.2935	0
1.73788	11.2475	-0.336562	1.73788	11.2475	0
2.83451	11.2047	-0.336644	2.83451	11.2047	0
3.8532	11.2963	-0.338516	3.8532	11.2963	0
4.86943	11.2792	-0.31206	4.86943	11.2792	0
5.8767	11.2435	-0.343529	5.8767	11.2435	0
6.93638	11.2415	-0.332661	6.93638	11.2415	0
8.02356	11.2248	-0.311303	8.02356	11.2248	0
8.98144	11.1961	-0.319029	8.98144	11.1961	0
9.94729	11.2248	-0.33755	9.94729	11.2248	0
10.9696	11.2892	-0.333123	10.9696	11.2892	0
-11.7404	11.3317	-0.315734	-11.7404	11.3317	0
-10.6688	11.3095	-0.319784	-10.6688	11.3095	0
-9.58678	11.2874	-0.333783	-9.58678	11.2874	0
-8.6103	11.3184	-0.340098	-8.6103	11.3184	0
-7.52451	11.2726	-0.326133	-7.52451	11.2726	0
-6.49209	11.2908	-0.322342	-6.49209	11.2908	0
-5.4466	11.2691	-0.318412	-5.4466	11.2691	0
-4.45646	11.2868	-0.330197	-4.45646	11.2868	0
-3.41577	11.3361	-0.313356	-3.41577	11.3361	0
-2.3884	11.3759	-0.3052	-2.3884	11.3759	0
-1.3327	11.306	-0.307043	-1.3327	11.306	0
-0.30002	-11.4601	-0.292233	-0.30002	-11.4601	0
0.738085	-11.4946	-0.325538	0.738085	-11.4946	0
1.74258	-11.5209	-0.30785	1.74258	-11.5209	0
2.79344	-11.5014	-0.310951	2.79344	-11.5014	0
3.8335	-11.4573	-0.325586	3.8335	-11.4573	0
4.81971	-11.4466	-0.307713	4.81971	-11.4466	0
5.83109	-11.4175	-0.318142	5.83109	-11.4175	0
6.91549	-11.5325	-0.326893	6.91549	-11.5325	0
7.98179	-11.519	-0.342535	7.98179	-11.519	0
9.00586	-11.5332	-0.347623	9.00586	-11.5332	0
10.0403	-11.5357	-0.318382	10.0403	-11.5357	0
11.1172	-11.4731	-0.32894	11.1172	-11.4731	0
-11.6378	-11.4871	-0.314188	-11.6378	-11.4871	0
-10.6072	-11.4651	-0.312484	-10.6072	-11.4651	0
-9.61215	-11.3941	-0.300699	-9.61215	-11.3941	0
-8.57415	-11.4688	-0.308677	-8.57415	-11.4688	0
-7.54886	-11.4787	-0.310779	-7.54886	-11.4787	0
-6.57037	-11.4595	-0.319251	-6.57037	-11.4595	0
-5.51993	-11.4212	-0.299283	-5.51993	-11.4212	0
-4.44718	-11.4481	-0.322237	-4.44718	-11.4481	0
-3.39031	-11.4274	-0.318608	-3.39031	-11.4274	0
-2.42445	-11.4367	-0.321958	-2.42445	-11.4367	0
-1.32008	-11.4795	-0.319121	-1.32008	-11.4795	0
-0.285181	-10.4613	-0.332149	-0.285181	-10.4613	0
0.713944	-10.4591	-0.331615	0.713944	-10.4591	0
1.69765	-10.5171	-0.325143	1.69765	-10.5171	0
2.71322	-10.4941	-0.288924	2.71322	-10.4941	0
3.81225	-10.4051	-0.333693	3.81225	-10.4051	0
4.8531	-10.4057	-0.324779	4.8531	-10.4057	0
5.86676	-10.4778	-0.310837	5.86676	-10.4778	0
6.97947	-10.4865	-0.347519	6.97947	-10.4865	0
7.9915	-10.4885	-0.32995	7.9915	-10.4885	0
9.01096	-10.4929	-0.292036	9.01096	-10.4929	0
10.0263	-10.4872	-0.309451	10.0263	-10.4872	0
11.103	-10.498	-0.34281	11.103	-10.498	0
-11.6698	-10.4319	-0.312837	-11.6698	-10.4319	0
-10.6702	-10.4169	-0.320351	-10.6702	-10.4169	0
-9.66832	-10.4049	-0.34682	-9.66832	-10.4049	0
-8.59624	-10.3954	-0.307874	-8.59624	-10.3954	0
-7.60788	-10.4363	-0.31643	-7.60788	-10.4363	0
-6.56656	-10.4509	-0.321054	-6.56656	-10.4509	0
-5.49223	-10.4552	-0.324874	-5.49223	-10.4552	0
-4.41679	-10.4354	-0.316249	-4.41679	-10.4354	0
-3.3615	-10.3511	-0.29504	-3.3615	-10.3511	0
-2.37924	-10.3368	-0.327565	-2.37924	-10.3368	0
-1.26108	-10.4187	-0.355846	-1.26108	-10.4187	0
-0.305289	-9.44137	-0.306379	-0.305289	-9.44137	0
0.762716	-9.39382	-0.30227	0.762716	-9.39382	0
1.75704	-9.41945	-0.323594	1.75704	-9.41945	0
2.78456	-9.47794	-0.344936	2.78456	-9.47794	0
3.83009	-9.35875	-0.317511	3.83009	-9.35875	0
4.89814	-9.38358	-0.320191	4.89814	-9.38358	0
5.90267	-9.42292	-0.324872	5.90267	-9.42292	0
6.91754	-9.38779	-0.319539	6.91754	-9.38779	0
7.94076	-9.45077	-0.319347	7.94076	-9.45077	0
8.97683	-9.49764	-0.302913	8.97683	-9.49764	0
10.0532	-9.44656	-0.325366	10.0532	-9.44656	0
11.0872	-9.47511	-0.330298	11.0872	-9.47511	0
-11.703	-9.4254	-0.319231	-11.703	-9.4254	0
-10.6481	-9.40301	-0.323097	-10.6481	-9.40301	0
-9.65525	-9.36928	-0.334208	-9.65525	-9.36928	0
-8.59806	-9.36751	-0.319518	-8.59806	-9.36751	0
-7.57246	-9.35277	-0.31186	-7.57246	-9.35277	0
-6.59196	-9.40138	-0.299958	-6.59196	-9.40138	0
-5.55186	-9.40487	-0.300629	-5.55186	-9.40487	0
-4.45425	-9.37992	-0.311878	-4.45425	-9.37992	0
-3.42054	-9.36518	-0.320725	-3.42054	-9.36518	0
-2.35944	-9.32676	-0.308625	-2.35944	-9.32676	0
-1.3629	-9.38327	-0.330667	-1.3629	-9.38327	0
-0.308276	-8.30642	-0.292521	-0.308276	-8.30642	0
0.749665	-8.35283	-0.297284	0.749665	-8.35283	0
1.77017	-8.40063	-0.313283	1.77017	-8.40063	0
2.78353	-8.36053	-0.342709	2.78353	-8.36053	0
3.83504	-8.34337	-0.327154	3.83504	-8.34337	0
4.89332	-8.33789	-0.308885	4.89332	-8.33789	0
5.8959	-8.39216	-0.332632	5.8959	-8.39216	0
6.93909	-8.36507	-0.293434	6.93909	-8.36507	0
7.91064	-8.40311	-0.313849	7.91064	-8.40311	0
8.98106	-8.33668	-0.314736	8.98106	-8.33668	0
10.0175	-8.42205	-0.310774	10.0175	-8.42205	0
11.0256	-8.39804	-0.319147	11.0256	-8.39804	0
-11.7607	-8.36686	-0.320376	-11.7607	-8.36686	0
-10.7155	-8.38692	-0.323001	-10.7155	-8.38692	0
-9.65465	-8.30932	-0.327104	-9.65465	-8.30932	0
-8.63528	-8.32447	-0.298908	-8.63528	-8.32447	0
-7.61804	-8.33457	-0.327444	-7.61804	-8.33457	0
-6.56394	-8.38428	-0.325324	-6.56394	-8.38428	0
-5.53488	-8.37654	-0.301728	-5.53488	-8.37654	0
-4.51769	-8.33526	-0.337917	-4.51769	-8.33526	0
-3.43278	-8.35548	-0.347595	-3.43278	-8.35548	0
-2.40354	-8.32675	-0.328236	-2.40354	-8.32675	0
-1.34876	-8.36603	-0.324288	-1.34876	-8.36603	0
-0.287589	-7.24698	-0.293108	-0.287589	-7.24698	0
0.746281	-7.32046	-0.345363	0.746281	-7.32046	0
1.7299	-7.30378	-0.325011	1.7299	-7.30378	0
2.77507	-7.36421	-0.307059	2.77507	-7.36421	0
3.79332	-7.33326	-0.317397	3.79332	-7.33326	0
4.87093	-7.34252	-0.311949	4.87093	-7.34252	0
5.89838	-7.33951	-0.313868	5.89838	-7.33951	0
6.91988	-7.34003	-0.297659	6.91988	-7.34003	0
8.03902	-7.34521	-0.278761	8.03902	-7.34521	0
8.98646	-7.33657	-0.306933	8.98646	-7.33657	0
10.0171	-7.38009	-0.326008	10.0171	-7.38009	0
11.0069	-7.36	-0.324819	11.0069	-7.36	0
-11.7273	-7.34586	-0.333628	-11.7273	-7.34586	0
-10.7072	-7.3266	-0.323349	-10.7072	-7.3266	0
-9.68378	-7.25784	-0.30641	-9.68378	-7.25784	0
-8.67297	-7.26756	-0.337689	-8.67297	-7.26756	0
-7.55819	-7.33116	-0.314346	-7.55819	-7.33116	0
-6.55833	-7.30251	-0.350938	-6.55833	-7.30251	0
-5.50132	-7.3278	-0.321646	-5.50132	-7.3278	0
-4.49645	-7.26455	-0.306195	-4.49645	-7.26455	0
-3.47419	-7.28687	-0.30182	-3.47419	-7.28687	0
-2.41309	-7.25542	-0.322605	-2.41309	-7.25542	0
-1.31667	-7.23811	-0.330367	-1.31667	-7.23811	0
-0.271579	-6.22911	-0.321178	-0.271579	-6.22911	0
0.742029	-6.28504	-0.336249	0.742029	-6.28504	0
1.76608	-6.2952	-0.341339	1.76608	-6.2952	0
2.75319	-6.31688	-0.314287	2.75319	-6.31688	0
3.77976	-6.2619	-0.339115	3.77976	-6.2619	0
4.87551	-6.34427	-0.304516	4.87551	-6.34427	0
5.83686	-6.30741	-0.33492	5.83686	-6.30741	0
6.89426	-6.30124	-0.321457	6.89426	-6.30124	0
7.91248	-6.30543	-0.348273	7.91248	-6.30543	0
8.95513	-6.27237	-0.34694	8.95513	-6.27237	0
10.0205	-6.35358	-0.328211	10.0205	-6.35358	0
11.0138	-6.28075	-0.326265	11.0138	-6.28075	0
-11.7773	-6.25454	-0.312015	-11.7773	-6.25454	0
-10.7643	-6.26469	-0.313416	-10.7643	-6.26469	0
-9.73309	-6.2933	-0.330015	-9.73309	-6.2933	0
-8.6799	-6.30821	-0.300759	-8.6799	-6.30821	0
-7.55491	-6.28231	-0.330514	-7.55491	-6.28231	0
-6.54518	-6.31346	-0.307666	-6.54518	-6.31346	0
-5.59568	-6.31592	-0.308337	-5.59568	-6.31592	0
-4.46548	-6.24057	-0.315999	-4.46548	-6.24057	0
-3.48089	-6.24816	-0.32594	-3.48089	-6.24816	0
-2.4021	-6.25558	-0.30355	-2.4021	-6.25558	0
-1.37744	-6.2262	-0.317875	-1.37744	-6.2262	0
-0.256339	-5.2413	-0.321089	-0.256339	-5.2413	0
0.699924	-5.2449	-0.299099	0.699924	-5.2449	0
1.75928	-5.23257	-0.328119	1.75928	-5.23257	0
2.78916	-5.27429	-0.287883	2.78916	-5.27429	0
3.83749	-5.27288	-0.307482	3.83749	-5.27288	0
4.84905	-5.31037	-0.310701	4.84905	-5.31037	0
5.88278	-5.27556	-0.334229	5.88278	-5.27556	0
6.89761	-5.27973	-0.338746	6.89761	-5.27973	0
7.89744	-5.28902	-0.297462	7.89744	-5.28902	0
8.97378	-5.27805	-0.286505	8.97378	-5.27805	0
10.023	-5.24109	-0.29838	10.023	-5.24109	0
11.0111	-5.2048	-0.345311	11.0111	-5.2048	0
-11.7317	-5.2445	-0.289544	-11.7317	-5.2445	0
-10.7512	-5.27045	-0.291576	-10.7512	-5.27045	0
-9.72681	-5.2653	-0.333913	-9.72681	-5.2653	0
-8.63891	-5.2757	-0.345641	-8.63891	-5.2757	0
-7.55659	-5.25854	-0.317759	-7.55659	-5.25854	0
-6.57016	-5.29803	-0.329243	-6.57016	-5.29803	0
-5.50206	-5.2555	-0.317002	-5.50206	-5.2555	0
-4.43799	-5.27273	-0.302522	-4.43799	-5.27273	0
-3.44336	-5.26375	-0.306215	-3.44336	-5.26375	0
-2.42025	-5.22673	-0.319652	-2.42025	-5.22673	0
-1.34965	-5.24029	-0.307894	-1.34965	-5.24029	0
-0.262151	-4.19299	-0.323084	-0.262151	-4.19299	0
0.746073	-4.20502	-0.314349	0.746073	-4.20502	0
1.73483	-4.24516	-0.314492	1.73483	-4.24516	0
2.75962	-4.28411	-0.32654	2.75962	-4.28411	0
3.87244	-4.24271	-0.314073	3.87244	-4.24271	0
4.88673	-4.25786	-0.317023	4.88673	-4.25786	0
5.91566	-4.24121	-0.286742	5.91566	-4.24121	0
6.92204	-4.30926	-0.322436	6.92204	-4.30926	0
7.93486	-4.26125	-0.318862	7.93486	-4.26125	0
8.97909	-4.20653	-0.294516	8.97909	-4.20653	0
10.0229	-4.20361	-0.30684	10.0229	-4.20361	0
11.0054	-4.15892	-0.338171	11.0054	-4.15892	0
-11.7264	-4.21336	-0.322055	-11.7264	-4.21336	0
-10.6626	-4.25105	-0.321482	-10.6626	-4.25105	0
-9.61541	-4.28543	-0.3077	-9.61541	-4.28543	0
-8.61183	-4.19322	-0.346271	-8.61183	-4.19322	0
-7.59071	-4.19651	-0.316911	-7.59071	-4.19651	0
-6.53512	-4.12263	-0.333078	-6.53512	-4.12263	0
-5.50867	-4.17066	-0.307668	-5.50867	-4.17066	0
-4.46413	-4.22563	-0.32661	-4.46413	-4.22563	0
-3.45205	-4.20654	-0.298155	-3.45205	-4.20654	0
-2.40427	-4.20752	-0.314561	-2.40427	-4.20752	0
-1.34577	-4.23508	-0.303794	-1.34577	-4.23508	0
-0.278067	-3.23787	-0.326533	-0.278067	-3.23787	0
0.709127	-3.15471	-0.343728	0.709127	-3.15471	0
1.74971	-3.17639	-0.325195	1.74971	-3.17639	0
2.79521	-3.19091	-0.312514	2.79521	-3.19091	0
3.81924	-3.22588	-0.30705	3.81924	-3.22588	0
4.81255	-3.16897	-0.298365	4.81255	-3.16897	0
5.88764	-3.21607	-0.325591	5.88764	-3.21607	0
6.92447	-3.27749	-0.315722	6.92447	-3.27749	0
7.94013	-3.26269	-0.285924	7.94013	-3.26269	0
8.95994	-3.23215	-0.304789	8.95994	-3.23215	0
9.99942	-3.16556	-0.330301	9.99942	-3.16556	0
11.0038	-3.18371	-0.313497	11.0038	-3.18371	0
-11.6734	-3.14689	-0.310955	-11.6734	-3.14689	0
-10.619	-3.16337	-0.316235	-10.619	-3.16337	0
-9.64707	-3.20954	-0.322021	-9.64707	-3.20954	0
-8.64093	-3.18672	-0.278712	-8.64093	-3.18672	0
-7.58089	-3.16162	-0.321527	-7.58089	-3.16162	0
-6.58363	-3.16158	-0.294294	-6.58363	-3.16158	0
-5.45311	-3.13255	-0.318238	-5.45311	-3.13255	0
-4.4934	-3.16591	-0.321728	-4.4934	-3.16591	0
-3.38129	-3.1547	-0.315731	-3.38129	-3.1547	0
-2.34761	-3.1816	-0.324832	-2.34761	-3.1816	0
-1.29228	-3.20514	-0.324499	-1.29228	-3.20514	0
-0.373171	-2.19651	-0.321898	-0.373171	-2.19651	0
0.735798	-2.1753	-0.308108	0.735798	-2.1753	0
1.8055	-2.14745	-0.330131	1.8055	-2.14745	0
2.82745	-2.12831	-0.295339	2.82745	-2.12831	0
3.77249	-2.17743	-0.304203	3.77249	-2.17743	0
4.81085	-2.17772	-0.32882	4.81085	-2.17772	0
5.89014	-2.19771	-0.320943	5.89014	-2.19771	0
6.87246	-2.25339	-0.312394	6.87246	-2.25339	0
7.9383	-2.20424	-0.330755	7.9383	-2.20424	0
8.93774	-2.18435	-0.317205	8.93774	-2.18435	0
10.0228	-2.18598	-0.324672	10.0228	-2.18598	0
11.0468	-2.15408	-0.300233	11.0468	-2.15408	0
-11.6979	-2.13666	-0.320341	-11.6979	-2.13666	0
-10.6811	-2.13776	-0.337549	-10.6811	-2.13776	0
-9.6923	-2.16702	-0.317162	-9.6923	-2.16702	0
-8.64563	-2.1333	-0.327251	-8.64563	-2.1333	0
-7.62449	-2.14034	-0.348449	-7.62449	-2.14034	0
-6.5843	-2.14246	-0.309863	-6.5843	-2.14246	0
-5.51711	-2.10196	-0.309343	-5.51711	-2.10196	0
-4.48812	-2.15875	-0.33162	-4.48812	-2.15875	0
-3.44826	-2.12218	-0.306187	-3.44826	-2.12218	0
-2.40085	-2.10476	-0.324028	-2.40085	-2.10476	0
-1.35283	-2.24973	-0.324038	-1.35283	-2.24973	0
-0.336673	-1.18989	-0.307202	-0.336673	-1.18989	0
0.71294	-1.1166	-0.330234	0.71294	-1.1166	0
1.7521	-1.12546	-0.290277	1.7521	-1.12546	0
2.74287	-1.11338	-0.314006	2.74287	-1.11338	0
3.79986	-1.11044	-0.309315	3.79986	-1.11044	0
4.80619	-1.11235	-0.297939	4.80619	-1.11235	0
5.81472	-1.1725	-0.314341	5.81472	-1.1725	0
6.90291	-1.20907	-0.309152	6.90291	-1.20907	0
7.97724	-1.13265	-0.309223	7.97724	-1.13265	0
8.91852	-1.19315	-0.329999	8.91852	-1.19315	0
9.97954	-1.16568	-0.300279	9.97954	-1.16568	0
10.9997	-1.13004	-0.343402	10.9997	-1.13004	0
-11.7284	-1.15277	-0.336929	-11.7284	-1.15277	0
-10.7311	-1.1	-0.295341	-10.7311	-1.1	0
-9.66033	-1.1282	-0.333452	-9.66033	-1.1282	0
-8.68351	-1.14315	-0.344693	-8.68351	-1.14315	0
-7.59106	-1.1132	-0.32226	-7.59106	-1.1132	0
-6.6035	-1.14811	-0.291933	-6.6035	-1.14811	0
-5.57714	-1.06042	-0.279888	-5.57714	-1.06042	0
-4.46936	-1.0897	-0.337932	-4.46936	-1.0897	0
-3.41061	-1.11627	-0.332261	-3.41061	-1.11627	0
-2.38071	-1.10839	-0.297198	-2.38071	-1.10839	0
-1.33565	-1.13973	-0.30303	-1.33565	-1.13973	0
0.17021	0.419942	0.285432	0.17021	0.419942	0
1.20754	0.368084	0.321526	1.20754	0.368084	0
2.23518	0.463775	0.313679	2.23518	0.463775	0
3.27647	0.447138	0.313389	3.27647	0.447138	0
4.31642	0.42027	0.330915	4.31642	0.42027	0
5.33164	0.367561	0.306594	5.33164	0.367561	0
6.37765	0.361936	0.306436	6.37765	0.361936	0
7.4253	0.311503	0.287991	7.4253	0.311503	0
8.46213	0.37845	0.296162	8.46213	0.37845	0
9.53152	0.365895	0.307871	9.53152	0.365895	0
10.5159	0.344666	0.351109	10.5159	0.344666	0
11.5648	0.428311	0.349592	11.5648	0.428311	0
-11.2192	0.40358	0.320373	-11.2192	0.40358	0
-10.1464	0.433672	0.29947	-10.1464	0.433672	0
-9.09232	0.429816	0.327768	-9.09232	0.429816	0
-8.11498	0.404457	0.338236	-8.11498	0.404457	0
-7.06018	0.461629	0.288444	-7.06018	0.461629	0
-6.04877	0.44688	0.304135	-6.04877	0.44688	0
-5.00576	0.455892	0.32314	-5.00576	0.455892	0
-3.9561	0.432645	0.324065	-3.9561	0.432645	0
-2.89119	0.418823	0.299224	-2.89119	0.418823	0
-1.88454	0.411284	0.310034	-1.88454	0.411284	0
-0.860675	0.42192	0.295429	-0.860675	0.42192	0
0.174185	1.48656	0.337631	0.174185	1.48656	0
1.21909	1.46349	0.320232	1.21909	1.46349	0
2.21208	1.44623	0.312586	2.21208	1.44623	0
3.21709	1.49233	0.318358	3.21709	1.49233	0
4.29654	1.41821	0.320268	4.29654	1.41821	0
5.33221	1.39642	0.305154	5.33221	1.39642	0
6.38011	1.43111	0.318305	6.38011	1.43111	0
7.4185	1.40497	0.326187	7.4185	1.40497	0
8.47496	1.42084	0.290194	8.47496	1.42084	0
9.53146	1.42018	0.322837	9.53146	1.42018	0
10.5638	1.36935	0.314421	10.5638	1.36935	0
11.5556	1.42631	0.305991	11.5556	1.42631	0
-11.196	1.43997	0.315393	-11.196	1.43997	0
-10.1438	1.45249	0.314965	-10.1438	1.45249	0
-9.16331	1.50547	0.322508	-9.16331	1.50547	0
-8.08819	1.48099	0.294722	-8.08819	1.48099	0
-7.07357	1.48406	0.288463	-7.07357	1.48406	0
-6.03041	1.51698	0.323128	-6.03041	1.51698	0
-4.9677	1.46733	0.31555	-4.9677	1.46733	0
-3.93216	1.47202	0.317736	-3.93216	1.47202	0
-2.88528	1.48048	0.323165	-2.88528	1.48048	0
-1.85673	1.52008	0.312566	-1.85673	1.52008	0
-0.906812	1.50956	0.29894	-0.906812	1.50956	0
0.194318	2.49176	0.304106	0.194318	2.49176	0
1.19143	2.53239	0.308799	1.19143	2.53239	0
2.18979	2.53119	0.314944	2.18979	2.53119	0
3.15207	2.50484	0.342985	3.15207	2.50484	0
4.24251	2.47227	0.340972	4.24251	2.47227	0
5.35107	2.43769	0.321047	5.35107	2.43769	0
6.34091	2.42746	0.321802	6.34091	2.42746	0
7.38293	2.43088	0.311427	7.38293	2.43088	0
8.41727	2.41003	0.33561	8.41727	2.41003	0
9.45294	2.44557	0.315408	9.45294	2.44557	0
10.4667	2.37265	0.305546	10.4667	2.37265	0
11.5452	2.43322	0.317628	11.5452	2.43322	0
-11.2001	2.49131	0.31234	-11.2001	2.49131	0
-10.0927	2.50156	0.314527	-10.0927	2.50156	0
-9.11394	2.53002	0.303029	-9.11394	2.53002	0
-8.10197	2.52163	0.353566	-8.10197	2.52163	0
-7.05322	2.51742	0.340129	-7.05322	2.51742	0
-6.0039	2.54814	0.309027	-6.0039	2.54814	0
-4.95878	2.49095	0.318507	-4.95878	2.49095	0
-3.94697	2.48228	0.299716	-3.94697	2.48228	0
-2.95347	2.52517	0.298538	-2.95347	2.52517	0
-1.90566	2.54372	0.317564	-1.90566	2.54372	0
-0.828309	2.51332	0.30696	-0.828309	2.51332	0
0.183705	3.5235	0.317259	0.183705	3.5235	0
1.23446	3.5552	0.30876	1.23446	3.5552	0
2.27635	3.52957	0.343311	2.27635	3.52957	0
3.29075	3.54368	0.32712	3.29075	3.54368	0
4.31232	3.5258	0.321169	4.31232	3.5258	0
5.3052	3.48777	0.315574	5.3052	3.48777	0
6.32397	3.52938	0.300292	6.32397	3.52938	0
7.33346	3.46701	0.324038	7.33346	3.46701	0
8.42012	3.48525	0.32157	8.42012	3.48525	0
9.49759	3.44311	0.299646	9.49759	3.44311	0
10.5186	3.42189	0.32479	10.5186	3.42189	0
11.5544	3.43773	0.291626	11.5544	3.43773	0
-11.185	3.45668	0.305796	-11.185	3.45668	0
-10.1799	3.49058	0.338343	-10.1799	3.49058	0
-9.08913	3.56336	0.31795	-9.08913	3.56336	0
-8.05519	3.54087	0.311972	-8.05519	3.54087	0
-7.03076	3.58479	0.299207	-7.03076	3.58479	0
-5.9473	3.56235	0.282766	-5.9473	3.56235	0
-4.94139	3.50495	0.283119	-4.94139	3.50495	0
-3.95427	3.58588	0.323679	-3.95427	3.58588	0
-2.97449	3.61201	0.332897	-2.97449	3.61201	0
-1.87181	3.55249	0.334365	-1.87181	3.55249	0
-0.887172	3.53281	0.352782	-0.887172	3.53281	0
0.17655	4.58374	0.3301	0.17655	4.58374	0
1.19728	4.62719	0.329404	1.19728	4.62719	0
2.24736	4.54649	0.321242	2.24736	4.54649	0
3.31533	4.55158	0.333124	3.31533	4.55158	0
4.2818	4.55817	0.328165	4.2818	4.55817	0
5.35339	4.53464	0.331358	5.35339	4.53464	0
6.36519	4.52568	0.329983	6.36519	4.52568	0
7.4438	4.59842	0.326468	7.4438	4.59842	0
8.44905	4.45407	0.267946	8.44905	4.45407	0
9.46345	4.45651	0.308818	9.46345	4.45651	0
10.4923	4.47878	0.321683	10.4923	4.47878	0
11.52	4.52267	0.299195	11.52	4.52267	0
-11.2076	4.52731	0.328155	-11.2076	4.52731	0
-10.1605	4.56101	0.311488	-10.1605	4.56101	0
-9.13774	4.64849	0.315806	-9.13774	4.64849	0
-8.11592	4.60235	0.317914	-8.11592	4.60235	0
-7.01693	4.61713	0.325787	-7.01693	4.61713	0
-5.94081	4.56504	0.356971	-5.94081	4.56504	0
-4.95207	4.54474	0.297121	-4.95207	4.54474	0
-3.90157	4.58465	0.31105	-3.90157	4.58465	0
-2.88257	4.65598	0.307455	-2.88257	4.65598	0
-1.91567	4.62228	0.323976	-1.91567	4.62228	0
-0.843984	4.64402	0.304205	-0.843984	4.64402	0
0.251003	5.5947	0.296078	0.251003	5.5947	0
1.28433	5.60471	0.335259	1.28433	5.60471	0
2.27703	5.56684	0.296377	2.27703	5.56684	0
3.29302	5.56676	0.317358	3.29302	5.56676	0
4.29102	5.58541	0.32387	4.29102	5.58541	0
5.3289	5.59428	0.319547	5.3289	5.59428	0
6.33372	5.57685	0.332318	6.33372	5.57685	0
7.39236	5.57788	0.292787	7.39236	5.57788	0
8.42552	5.50911	0.333735	8.42552	5.50911	0
9.45853	5.51397	0.285323	9.45853	5.51397	0
10.4407	5.53569	0.303366	10.4407	5.53569	0
11.5007	5.55453	0.320949	11.5007	5.55453	0
-11.1873	5.53772	0.318685	-11.1873	5.53772	0
-10.1459	5.57257	0.321677	-10.1459	5.57257	0
-9.11044	5.65679	0.317542	-9.11044	5.65679	0
-8.11241	5.61075	0.303514	-8.11241	5.61075	0
-7.03224	5.6517	0.303329	-7.03224	5.6517	0
-5.98219	5.57351	0.309481	-5.98219	5.57351	0
-4.9265	5.5994	0.314852	-4.9265	5.5994	0
-3.83534	5.60637	0.326419	-3.83534	5.60637	0
-2.85899	5.63272	0.313268	-2.85899	5.63272	0
-1.81646	5.66469	0.271078	-1.81646	5.66469	0
-0.779353	5.66067	0.287778	-0.779353	5.66067	0
0.218839	6.62795	0.338506	0.218839	6.62795	0
1.24754	6.61006	0.313068	1.24754	6.61006	0
2.28567	6.6085	0.346056	2.28567	6.6085	0
3.26802	6.62946	0.323807	3.26802	6.62946	0
4.28845	6.61805	0.303341	4.28845	6.61805	0
5.34851	6.6556	0.324076	5.34851	6.6556	0
6.38312	6.63534	0.323151	6.38312	6.63534	0
7.37096	6.58973	0.322017	7.37096	6.58973	0
8.42547	6.60988	0.341243	8.42547	6.60988	0
9.4589	6.53515	0.340609	9.4589	6.53515	0
10.5048	6.56123	0.348538	10.5048	6.56123	0
11.5222	6.5628	0.289586	11.5222	6.5628	0
-11.1512	6.59009	0.30553	-11.1512	6.59009	0
-10.1607	6.62999	0.302726	-10.1607	6.62999	0
-9.17561	6.69571	0.313657	-9.17561	6.69571	0
-8.10387	6.62716	0.311482	-8.10387	6.62716	0
-7.10957	6.67015	0.313654	-7.10957	6.67015	0
-5.98228	6.6226	0.312878	-5.98228	6.6226	0
-4.94982	6.6032	0.309663	-4.94982	6.6032	0
-3.87641	6.67292	0.31521	-3.87641	6.67292	0
-2.81857	6.71604	0.34648	-2.81857	6.71604	0
-1.82663	6.70528	0.32058	-1.82663	6.70528	0
-0.798282	6.64478	0.308697	-0.798282	6.64478	0
0.198735	7.68183	0.314998	0.198735	7.68183	0
1.26139	7.66769	0.323406	1.26139	7.66769	0
2.28631	7.64187	0.288145	2.28631	7.64187	0
3.26059	7.68684	0.346041	3.26059	7.68684	0
4.35249	7.66127	0.329446	4.35249	7.66127	0
5.38843	7.69934	0.315807	5.38843	7.69934	0
6.38452	7.62074	0.34527	6.38452	7.62074	0
7.36886	7.59892	0.335791	7.36886	7.59892	0
8.46441	7.61297	0.293058	8.46441	7.61297	0
9.48315	7.60336	0.32157	9.48315	7.60336	0
10.5616	7.56109	0.31682	10.5616	7.56109	0
11.5419	7.59827	0.323969	11.5419	7.59827	0
-11.2168	7.56736	0.325158	-11.2168	7.56736	0
-10.2106	7.68815	0.318423	-10.2106	7.68815	0
-9.17197	7.65225	0.304652	-9.17197	7.65225	0
-8.13874	7.69206	0.291386	-8.13874	7.69206	0
-7.14574	7.72203	0.328322	-7.14574	7.72203	0
-6.06497	7.63254	0.325474	-6.06497	7.63254	0
-5.02371	7.63957	0.334004	-5.02371	7.63957	0
-3.97594	7.70919	0.300808	-3.97594	7.70919	0
-2.89485	7.74901	0.335819	-2.89485	7.74901	0
-1.92613	7.75383	0.299286	-1.92613	7.75383	0
-0.850085	7.69162	0.348504	-0.850085	7.69162	0
0.207605	8.70721	0.330247	0.207605	8.70721	0
1.26775	8.71031	0.298653	1.26775	8.71031	0
2.27623	8.69308	0.326522	2.27623	8.69308	0
3.33697	8.71438	0.334591	3.33697	8.71438	0
4.33177	8.66654	0.322098	4.33177	8.66654	0
5.27724	8.67169	0.327083	5.27724	8.67169	0
6.36629	8.64258	0.314047	6.36629	8.64258	0
7.41286	8.6634	0.308321	7.41286	8.6634	0
8.41719	8.64755	0.307821	8.41719	8.64755	0
9.45642	8.66154	0.319967	9.45642	8.66154	0
10.5465	8.66728	0.341958	10.5465	8.66728	0
11.5401	8.67231	0.313911	11.5401	8.67231	0
-11.3042	8.63644	0.334315	-11.3042	8.63644	0
-10.2471	8.73301	0.353361	-10.2471	8.73301	0
-9.22623	8.64525	0.329561	-9.22623	8.64525	0
-8.2009	8.69829	0.329434	-8.2009	8.69829	0
-7.14202	8.70533	0.330638	-7.14202	8.70533	0
-6.09715	8.65907	0.305998	-6.09715	8.65907	0
-5.01609	8.64933	0.320072	-5.01609	8.64933	0
-4.01383	8.74568	0.315512	-4.01383	8.74568	0
-2.89763	8.74246	0.2855	-2.89763	8.74246	0
-1.8557	8.76472	0.33004	-1.8557	8.76472	0
-0.790979	8.7623	0.3201	-0.790979	8.7623	0
0.19075	9.75006	0.325829	0.19075	9.75006	0
1.26441	9.75454	0.345048	1.26441	9.75454	0
2.25645	9.69663	0.335735	2.25645	9.69663	0
3.31138	9.7244	0.317056	3.31138	9.7244	0
4.32366	9.77434	0.298025	4.32366	9.77434	0
5.36555	9.74987	0.309457	5.36555	9.74987	0
6.41044	9.69544	0.33047	6.41044	9.69544	0
7.45053	9.65477	0.339355	7.45053	9.65477	0
8.40782	9.66592	0.311453	8.40782	9.66592	0
9.48236	9.66408	0.318857	9.48236	9.66408	0
10.521	9.67348	0.322043	10.521	9.67348	0
11.5481	9.72069	0.297474	11.5481	9.72069	0
-11.2621	9.78028	0.295351	-11.2621	9.78028	0
-10.2514	9.77922	0.298249	-10.2514	9.77922	0
-9.1367	9.69844	0.318064	-9.1367	9.69844	0
-8.12119	9.7675	0.333952	-8.12119	9.7675	0
-7.10049	9.71111	0.314795	-7.10049	9.71111	0
-6.04399	9.69285	0.330369	-6.04399	9.69285	0
-5.02149	9.76246	0.32532	-5.02149	9.76246	0
-4.0054	9.74789	0.332934	-4.0054	9.74789	0
-2.91171	9.78587	0.331145	-2.91171	9.78587	0
-1.89141	9.80928	0.290633	-1.89141	9.80928	0
-0.819573	9.73226	0.31097	-0.819573	9.73226	0
0.181696	10.7747	0.353545	0.181696	10.7747	0
1.17532	10.7418	0.324993	1.17532	10.7418	0
2.26358	10.6702	0.314923	2.26358	10.6702	0
3.27676	10.7594	0.335135	3.27676	10.7594	0
4.29003	10.8427	0.323928	4.29003	10.8427	0
5.35832	10.7636	0.324501	5.35832	10.7636	0
6.4345	10.7551	0.315028	6.4345	10.7551	0
7.47	10.7251	0.310089	7.47	10.7251	0
8.48183	10.7107	0.329043	8.48183	10.7107	0
9.54241	10.6772	0.315226	9.54241	10.6772	0
10.4977	10.7214	0.352467	10.4977	10.7214	0
11.5337	10.7733	0.316461	11.5337	10.7733	0
-11.1518	10.8579	0.339972	-11.1518	10.8579	0
-10.1455	10.8051	0.321677	-10.1455	10.8051	0
-9.12411	10.8251	0.305501	-9.12411	10.8251	0
-8.08276	10.7304	0.300802	-8.08276	10.7304	0
-7.06444	10.7068	0.326658	-7.06444	10.7068	0
-6.00318	10.7655	0.294293	-6.00318	10.7655	0
-4.97847	10.8072	0.327279	-4.97847	10.8072	0
-3.9339	10.7963	0.320177	-3.9339	10.7963	0
-2.93247	10.8123	0.303955	-2.93247	10.8123	0
-1.88993	10.7971	0.270299	-1.88993	10.7971	0
-0.860537	10.74	0.302861	-0.860537	10.74	0
0.237756	11.7925	0.301625	0.237756	11.7925	0
1.27611	11.7701	0.311117	1.27611	11.7701	0
2.24684	11.7302	0.29415	2.24684	11.7302	0
3.33373	11.7691	0.285885	3.33373	11.7691	0
4.36673	11.8498	0.335272	4.36673	11.8498	0
5.36321	11.8242	0.301383	5.36321	11.8242	0
6.34749	11.7764	0.304532	6.34749	11.7764	0
7.42267	11.7477	0.324696	7.42267	11.7477	0
8.48339	11.7543	0.300291	8.48339	11.7543	0
9.46333	11.6959	0.314721	9.46333	11.6959	0
10.5185	11.7377	0.297886	10.5185	11.7377	0
11.5572	11.84	0.317091	11.5572	11.84	0
-11.152	11.8311	0.325389	-11.152	11.8311	0
-10.0931	11.8127	0.331031	-10.0931	11.8127	0
-9.07689	11.8238	0.316478	-9.07689	11.8238	0
-8.04538	11.7495	0.317919	-8.04538	11.7495	0
-7.0567	11.7622	0.335154	-7.0567	11.7622	0
-6.08895	11.8399	0.295126	-6.08895	11.8399	0
-4.97219	11.8143	0.284338	-4.97219	11.8143	0
-3.95221	11.8482	0.306934	-3.95221	11.8482	0
-2.89597	11.8443	0.329285	-2.89597	11.8443	0
-1.86422	11.8351	0.327766	-1.86422	11.8351	0
-0.792233	11.7963	0.295936	-0.792233	11.7963	0
0.218223	-10.9559	0.323802	0.218223	-10.9559	0
1.19089	-10.9871	0.330752	1.19089	-10.9871	0
2.26468	-10.9888	0.306258	2.26468	-10.9888	0
3.3041	-11.0187	0.323156	3.3041	-11.0187	0
4.30762	-10.8654	0.311097	4.30762	-10.8654	0
5.35472	-10.9573	0.35788	5.35472	-10.9573	0
6.44843	-10.9221	0.290166	6.44843	-10.9221	0
7.51938	-11.0303	0.302526	7.51938	-11.0303	0
8.48092	-11.0155	0.28421	8.48092	-11.0155	0
9.5165	-11.0524	0.337002	9.5165	-11.0524	0
10.589	-11.0142	0.322967	10.589	-11.0142	0
11.63	-10.9898	0.309209	11.63	-10.9898	0
-11.165	-10.9092	0.325528	-11.165	-10.9092	0
-10.1582	-10.9318	0.333865	-10.1582	-10.9318	0
-9.13457	-10.8673	0.299465	-9.13457	-10.8673	0
-8.08888	-10.9582	0.331503	-8.08888	-10.9582	0
-7.03866	-10.9403	0.310173	-7.03866	-10.9403	0
-6.03941	-10.9178	0.311478	-6.03941	-10.9178	0
-4.94107	-10.9802	0.335945	-4.94107	-10.9802	0
-3.84842	-10.9077	0.297814	-3.84842	-10.9077	0
-2.83925	-10.8831	0.323662	-2.83925	-10.8831	0
-1.86421	-10.8922	0.301157	-1.86421	-10.8922	0
-0.823453	-10.958	0.328581	-0.823453	-10.958	0
0.223443	-9.9684	0.328665	0.223443	-9.9684	0
1.23047	-9.98793	0.286155	1.23047	-9.98793	0
2.28655	-9.99156	0.308591	2.28655	-9.99156	0
3.28014	-9.97072	0.298899	3.28014	-9.97072	0
4.352	-9.87236	0.309471	4.352	-9.87236	0
5.35891	-9.91319	0.350014	5.35891	-9.91319	0
6.43836	-9.92814	0.318659	6.43836	-9.92814	0
7.45012	-10.0085	0.315056	7.45012	-10.0085	0
8.45825	-9.95176	0.295808	8.45825	-9.95176	0
9.58366	-9.95909	0.297692	9.58366	-9.95909	0
10.6356	-9.98977	0.341253	10.6356	-9.98977	0
11.598	-9.92137	0.323927	11.598	-9.92137	0
-11.1731	-9.87837	0.334496	-11.1731	-9.87837	0
-10.1379	-9.89965	0.299931	-10.1379	-9.89965	0
-9.17782	-9.88906	0.300481	-9.17782	-9.88906	0
-8.07947	-9.90325	0.304326	-8.07947	-9.90325	0
-7.0816	-9.92186	0.315315	-7.0816	-9.92186	0
-6.02985	-9.9521	0.289076	-6.02985	-9.9521	0
-4.96785	-9.88506	0.303182	-4.96785	-9.88506	0
-3.91862	-9.88097	0.310457	-3.91862	-9.88097	0
-2.87069	-9.86369	0.307345	-2.87069	-9.86369	0
-1.83852	-9.85971	0.334556	-1.83852	-9.85971	0
-0.786449	-9.89298	0.337516	-0.786449	-9.89298	0
0.190954	-8.89362	0.290516	0.190954	-8.89362	0
1.22884	-8.85376	0.323093	1.22884	-8.85376	0
2.33067	-8.96709	0.316291	2.33067	-8.96709	0
3.32417	-8.87579	0.304617	3.32417	-8.87579	0
4.37801	-8.8589	0.308843	4.37801	-8.8589	0
5.4181	-8.86539	0.309059	5.4181	-8.86539	0
6.41629	-8.93139	0.31485	6.41629	-8.93139	0
7.46626	-8.90861	0.320458	7.46626	-8.90861	0
8.47506	-8.90369	0.30284	8.47506	-8.90369	0
9.47406	-8.93743	0.283647	9.47406	-8.93743	0
10.5121	-8.96733	0.322534	10.5121	-8.96733	0
11.5539	-8.89315	0.290646	11.5539	-8.89315	0
-11.1663	-8.87455	0.301028	-11.1663	-8.87455	0
-10.1367	-8.85161	0.318071	-10.1367	-8.85161	0
-9.12419	-8.86869	0.312277	-9.12419	-8.86869	0
-8.09924	-8.88141	0.301516	-8.09924	-8.88141	0
-7.07648	-8.84125	0.307831	-7.07648	-8.84125	0
-6.08548	-8.84416	0.304347	-6.08548	-8.84416	0
-4.99314	-8.86756	0.306533	-4.99314	-8.86756	0
-3.94163	-8.8442	0.327151	-3.94163	-8.8442	0
-2.92896	-8.83669	0.308083	-2.92896	-8.83669	0
-1.86069	-8.79795	0.31221	-1.86069	-8.79795	0
-0.834518	-8.8386	0.299053	-0.834518	-8.8386	0
0.23886	-7.82072	0.3205	0.23886	-7.82072	0
1.26393	-7.87124	0.313274	1.26393	-7.87124	0
2.25247	-7.86538	0.31055	2.25247	-7.86538	0
3.32501	-7.89211	0.324548	3.32501	-7.89211	0
4.29772	-7.8107	0.310197	4.29772	-7.8107	0
5.37794	-7.85517	0.306749	5.37794	-7.85517	0
6.43058	-7.89033	0.335314	6.43058	-7.89033	0
7.46614	-7.80588	0.326539	7.46614	-7.80588	0
8.47871	-7.87413	0.337291	8.47871	-7.87413	0
9.48653	-7.8781	0.318291	9.48653	-7.8781	0
10.5347	-7.89475	0.321861	10.5347	-7.89475	0
11.5256	-7.78367	0.337625	11.5256	-7.78367	0
-11.2538	-7.87329	0.298348	-11.2538	-7.87329	0
-10.1689	-7.80473	0.333347	-10.1689	-7.80473	0
-9.14094	-7.80763	0.311805	-9.14094	-7.80763	0
-8.13675	-7.75802	0.331799	-8.13675	-7.75802	0
-7.09565	-7.8523	0.320704	-7.09565	-7.8523	0
-6.06984	-7.80433	0.319163	-6.06984	-7.80433	0
-5.01119	-7.87209	0.334201	-5.01119	-7.87209	0
-3.9913	-7.79223	0.327836	-3.9913	-7.79223	0
-2.95916	-7.81645	0.276857	-2.95916	-7.81645	0
-1.89985	-7.78018	0.27572	-1.89985	-7.78018	0
-0.834439	-7.73597	0.321501	-0.834439	-7.73597	0
0.243925	-6.74939	0.324794	0.243925	-6.74939	0
1.17585	-6.79516	0.320622	1.17585	-6.79516	0
2.22829	-6.78796	0.321469	2.22829	-6.78796	0
3.26784	-6.86452	0.313406	3.26784	-6.86452	0
4.27764	-6.78268	0.30601	4.27764	-6.78268	0
5.37412	-6.82726	0.329849	5.37412	-6.82726	0
6.42939	-6.8177	0.289186	6.42939	-6.8177	0
7.42973	-6.78703	0.295609	7.42973	-6.78703	0
8.45724	-6.78493	0.335752	8.45724	-6.78493	0
9.47139	-6.83393	0.311495	9.47139	-6.83393	0
10.4943	-6.80599	0.328757	10.4943	-6.80599	0
11.4889	-6.76925	0.325218	11.4889	-6.76925	0
-11.2802	-6.85207	0.289359	-11.2802	-6.85207	0
-10.252	-6.79872	0.327883	-10.252	-6.79872	0
-9.17471	-6.74799	0.315766	-9.17471	-6.74799	0
-8.12706	-6.77503	0.335968	-8.12706	-6.77503	0
-7.0979	-6.76225	0.333346	-7.0979	-6.76225	0
-6.0329	-6.84938	0.326584	-6.0329	-6.84938	0
-4.99938	-6.77566	0.306223	-4.99938	-6.77566	0
-3.96727	-6.80198	0.336505	-3.96727	-6.80198	0
-2.89139	-6.77167	0.313287	-2.89139	-6.77167	0
-1.84832	-6.7306	0.32504	-1.84832	-6.7306	0
-0.824239	-6.70898	0.317073	-0.824239	-6.70898	0
0.235385	-5.76393	0.343319	0.235385	-5.76393	0
1.23499	-5.76186	0.327296	1.23499	-5.76186	0
2.228	-5.80693	0.305005	2.228	-5.80693	0
3.29037	-5.81343	0.312049	3.29037	-5.81343	0
4.31634	-5.78325	0.324644	4.31634	-5.78325	0
5.37422	-5.80723	0.310823	5.37422	-5.80723	0
6.36866	-5.73507	0.337894	6.36866	-5.73507	0
7.41648	-5.81956	0.337347	7.41648	-5.81956	0
8.42866	-5.78762	0.290159	8.42866	-5.78762	0
9.53825	-5.77888	0.296231	9.53825	-5.77888	0
10.5001	-5.78972	0.29224	10.5001	-5.78972	0
11.4999	-5.73592	0.333936	11.4999	-5.73592	0
-11.243	-5.74518	0.356535	-11.243	-5.74518	0
-10.247	-5.7829	0.342414	-10.247	-5.7829	0
-9.19303	-5.7528	0.297839	-9.19303	-5.7528	0
-8.09907	-5.77909	0.304017	-8.09907	-5.77909	0
-7.04424	-5.77633	0.319834	-7.04424	-5.77633	0
-6.00086	-5.75415	0.341022	-6.00086	-5.75415	0
-5.00475	-5.78909	0.313745	-5.00475	-5.78909	0
-3.93209	-5.72794	0.341656	-3.93209	-5.72794	0
-2.91433	-5.76133	0.332997	-2.91433	-5.76133	0
-1.88205	-5.73555	0.324631	-1.88205	-5.73555	0
-0.822122	-5.74482	0.312705	-0.822122	-5.74482	0
0.163429	-4.69771	0.329143	0.163429	-4.69771	0
1.26281	-4.73677	0.316552	1.26281	-4.73677	0
2.26097	-4.74893	0.317344	2.26097	-4.74893	0
3.34544	-4.77532	0.320246	3.34544	-4.77532	0
4.39524	-4.75689	0.317069	4.39524	-4.75689	0
5.43085	-4.77639	0.327285	5.43085	-4.77639	0
6.42819	-4.77254	0.343794	6.42819	-4.77254	0
7.37636	-4.79498	0.327637	7.37636	-4.79498	0
8.37051	-4.77428	0.325869	8.37051	-4.77428	0
9.48856	-4.71011	0.304415	9.48856	-4.71011	0
10.5297	-4.68826	0.302485	10.5297	-4.68826	0
11.5286	-4.69777	0.278804	11.5286	-4.69777	0
-11.1911	-4.69955	0.324789	-11.1911	-4.69955	0
-10.1654	-4.74514	0.350558	-10.1654	-4.74514	0
-9.11352	-4.8076	0.308591	-9.11352	-4.8076	0
-8.10132	-4.71737	0.297142	-8.10132	-4.71737	0
-7.01292	-4.71903	0.283004	-7.01292	-4.71903	0
-6.01213	-4.74306	0.299607	-6.01213	-4.74306	0
-4.9595	-4.74124	0.311539	-4.9595	-4.74124	0
-3.96664	-4.72223	0.318386	-3.96664	-4.72223	0
-2.92731	-4.70584	0.318697	-2.92731	-4.70584	0
-1.90927	-4.74056	0.315376	-1.90927	-4.74056	0
-0.909674	-4.74383	0.33744	-0.909674	-4.74383	0
0.225145	-3.72193	0.322603	0.225145	-3.72193	0
1.22906	-3.66947	0.302849	1.22906	-3.66947	0
2.26698	-3.69719	0.291843	2.26698	-3.69719	0
3.37418	-3.7865	0.294093	3.37418	-3.7865	0
4.39728	-3.74012	0.303439	4.39728	-3.74012	0
5.35964	-3.70163	0.324269	5.35964	-3.70163	0
6.40129	-3.74947	0.343511	6.40129	-3.74947	0
7.45413	-3.77207	0.324972	7.45413	-3.77207	0
8.44975	-3.79055	0.309041	8.44975	-3.79055	0
9.50924	-3.70496	0.344043	9.50924	-3.70496	0
10.566	-3.65553	0.335489	10.566	-3.65553	0
11.5743	-3.66647	0.280375	11.5743	-3.66647	0
-11.1377	-3.68458	0.333802	-11.1377	-3.68458	0
-10.1422	-3.74061	0.321848	-10.1422	-3.74061	0
-9.15142	-3.71573	0.330714	-9.15142	-3.71573	0
-8.12446	-3.68855	0.29461	-8.12446	-3.68855	0
-7.05153	-3.68783	0.312611	-7.05153	-3.68783	0
-5.98676	-3.65806	0.314944	-5.98676	-3.65806	0
-5.02155	-3.68162	0.341886	-5.02155	-3.68162	0
-3.97698	-3.6756	0.347272	-3.97698	-3.6756	0
-2.93787	-3.68008	0.327001	-2.93787	-3.68008	0
-1.86746	-3.73032	0.3052	-1.86746	-3.73032	0
-0.786259	-3.75379	0.28897	-0.786259	-3.75379	0
0.20221	-2.65801	0.31842	0.20221	-2.65801	0
1.29182	-2.68383	0.290348	1.29182	-2.68383	0
2.34862	-2.62391	0.332079	2.34862	-2.62391	0
3.29945	-2.75941	0.341994	3.29945	-2.75941	0
4.28145	-2.64855	0.319799	4.28145	-2.64855	0
5.32173	-2.68251	0.327695	5.32173	-2.68251	0
6.41039	-2.76933	0.317607	6.41039	-2.76933	0
7.44607	-2.67055	0.300752	7.44607	-2.67055	0
8.48224	-2.72447	0.310435	8.48224	-2.72447	0
9.46987	-2.72455	0.29076	9.46987	-2.72455	0
10.4898	-2.66214	0.32974	10.4898	-2.66214	0
11.5206	-2.70313	0.3241	11.5206	-2.70313	0
-11.1951	-2.62671	0.323687	-11.1951	-2.62671	0
-10.1625	-2.67319	0.326102	-10.1625	-2.67319	0
-9.17838	-2.65216	0.305847	-9.17838	-2.65216	0
-8.12696	-2.63954	0.325145	-8.12696	-2.63954	0
-7.06487	-2.68205	0.326077	-7.06487	-2.68205	0
-6.02269	-2.65986	0.292119	-6.02269	-2.65986	0
-5.01807	-2.59332	0.349526	-5.01807	-2.59332	0
-3.94349	-2.65758	0.333031	-3.94349	-2.65758	0
-2.86675	-2.62352	0.303	-2.86675	-2.62352	0
-1.8826	-2.69519	0.333944	-1.8826	-2.69519	0
-0.790327	-2.70953	0.335472	-0.790327	-2.70953	0
0.215094	-1.68723	0.295728	0.215094	-1.68723	0
1.26612	-1.63357	0.308574	1.26612	-1.63357	0
2.24437	-1.63828	0.337266	2.24437	-1.63828	0
3.29675	-1.58484	0.328325	3.29675	-1.58484	0
4.33323	-1.65372	0.296953	4.33323	-1.65372	0
5.3587	-1.68588	0.305257	5.3587	-1.68588	0
6.35974	-1.69808	0.310187	6.35974	-1.69808	0
7.4174	-1.70365	0.282941	7.4174	-1.70365	0
8.4451	-1.67764	0.335572	8.4451	-1.67764	0
9.43173	-1.71636	0.321729	9.43173	-1.71636	0
10.4832	-1.67496	0.325618	10.4832	-1.67496	0
11.5182	-1.6173	0.324958	11.5182	-1.6173	0
-11.2144	-1.66085	0.314804	-11.2144	-1.66085	0
-10.154	-1.63685	0.312979	-10.154	-1.63685	0
-9.13749	-1.64613	0.305598	-9.13749	-1.64613	0
-8.12457	-1.56659	0.323753	-8.12457	-1.56659	0
-7.14582	-1.70711	0.353315	-7.14582	-1.70711	0
-6.09589	-1.62161	0.319185	-6.09589	-1.62161	0
-5.05499	-1.59148	0.312658	-5.05499	-1.59148	0
-3.97517	-1.65576	0.30877	-3.97517	-1.65576	0
-2.91019	-1.60017	0.334039	-2.91019	-1.60017	0
-1.86359	-1.6715	0.297077	-1.86359	-1.6715	0
-0.890906	-1.71514	0.312792	-0.890906	-1.71514	0
0.191489	-0.645022	0.332056	0.191489	-0.645022	0
1.16756	-0.611761	0.324142	1.16756	-0.611761	0
2.23711	-0.562871	0.327238	2.23711	-0.562871	0
3.27142	-0.545226	0.285529	3.27142	-0.545226	0
4.28516	-0.67553	0.337648	4.28516	-0.67553	0
5.3007	-0.670487	0.334098	5.3007	-0.670487	0
6.31321	-0.66258	0.316958	6.31321	-0.66258	0
7.39747	-0.68515	0.325696	7.39747	-0.68515	0
8.48847	-0.600911	0.317031	8.48847	-0.600911	0
9.48061	-0.688019	0.329058	9.48061	-0.688019	0
10.5702	-0.668432	0.339374	10.5702	-0.668432	0
11.6051	-0.604843	0.278983	11.6051	-0.604843	0
-11.2326	-0.571607	0.330869	-11.2326	-0.571607	0
-10.1554	-0.617523	0.314938	-10.1554	-0.617523	0
-9.17728	-0.583808	0.334659	-9.17728	-0.583808	0
-8.15376	-0.617649	0.318787	-8.15376	-0.617649	0
-7.09311	-0.60683	0.318561	-7.09311	-0.60683	0
-6.09272	-0.552872	0.3022	-6.09272	-0.552872	0
-5.03952	-0.610899	0.334405	-5.03952	-0.610899	0
-3.99612	-0.563736	0.319546	-3.99612	-0.563736	0
-2.93753	-0.589	0.298781	-2.93753	-0.589	0
-1.85996	-0.621984	0.323713	-1.85996	-0.621984	0
-0.82602	-0.654472	0.351139	-0.82602	-0.654472	0
