-0.593233	-0.288083	-0.278831	-0.593233	-0.288083	0
0.441242	-0.213824	-0.330397	0.441242	-0.213824	0
1.46723	-0.231448	-0.335831	1.46723	-0.231448	0
2.47386	-0.276624	-0.289795	2.47386	-0.276624	0
3.55594	-0.245803	-0.32625	3.55594	-0.245803	0
4.57147	-0.250491	-0.324602	4.57147	-0.250491	0
5.57841	-0.255985	-0.334001	5.57841	-0.255985	0
6.64691	-0.261513	-0.300451	6.64691	-0.261513	0
7.63861	-0.241248	-0.305173	7.63861	-0.241248	0
8.6979	-0.321148	-0.327304	8.6979	-0.321148	0
9.76636	-0.237064	-0.335005	9.76636	-0.237064	0
10.8168	-0.216709	-0.322673	10.8168	-0.216709	0
11.8365	-0.141973	-0.325241	11.8365	-0.141973	0
-10.926	-0.235453	-0.336233	-10.926	-0.235453	0
-9.89157	-0.187367	-0.313666	-9.89157	-0.187367	0
-8.87838	-0.300541	-0.338366	-8.87838	-0.300541	0
-7.75895	-0.266098	-0.32547	-7.75895	-0.266098	0
-6.71302	-0.220726	-0.326121	-6.71302	-0.220726	0
-5.70384	-0.242699	-0.293692	-5.70384	-0.242699	0
-4.70244	-0.233168	-0.280552	-4.70244	-0.233168	0
-3.67456	-0.203072	-0.31236	-3.67456	-0.203072	0
-2.61615	-0.168268	-0.338329	-2.61615	-0.168268	0
-1.58958	-0.260656	-0.317618	-1.58958	-0.260656	0
-0.5572	0.802795	-0.323142	-0.5572	0.802795	0
0.466594	0.837415	-0.31943	0.466594	0.837415	0
1.52202	0.738905	-0.322196	1.52202	0.738905	0
2.5061	0.750045	-0.319319	2.5061	0.750045	0
3.5592	0.826033	-0.296158	3.5592	0.826033	0
4.6628	0.77659	-0.318655	4.6628	0.77659	0
5.70558	0.742405	-0.3156	5.70558	0.742405	0
6.69796	0.783533	-0.30878	6.69796	0.783533	0
7.69383	0.764486	-0.32202	7.69383	0.764486	0
8.73729	0.714054	-0.34028	8.73729	0.714054	0
9.80137	0.837253	-0.351711	9.80137	0.837253	0
10.8042	0.860432	-0.327928	10.8042	0.860432	0
11.812	0.805835	-0.314211	11.812	0.805835	0
-10.8389	0.80156	-0.300264	-10.8389	0.80156	0
-9.84532	0.82784	-0.312591	-9.84532	0.82784	0
-8.80896	0.785611	-0.309199	-8.80896	0.785611	0
-7.77153	0.796685	-0.339477	-7.77153	0.796685	0
-6.77299	0.807557	-0.339489	-6.77299	0.807557	0
-5.72582	0.839493	-0.337263	-5.72582	0.839493	0
-4.72774	0.80659	-0.314649	-4.72774	0.80659	0
-3.75032	0.861369	-0.333492	-3.75032	0.861369	0
-2.63015	0.844378	-0.337413	-2.63015	0.844378	0
-1.60125	0.757751	-0.329727	-1.60125	0.757751	0
-0.555553	1.83439	-0.302986	-0.555553	1.83439	0
0.452115	1.88862	-0.309905	0.452115	1.88862	0
1.48592	1.78429	-0.312954	1.48592	1.78429	0
2.56779	1.84074	-0.306563	2.56779	1.84074	0
3.5634	1.86928	-0.297146	3.5634	1.86928	0
4.59511	1.82257	-0.311408	4.59511	1.82257	0
5.60555	1.8021	-0.301807	5.60555	1.8021	0
6.7158	1.82802	-0.322541	6.7158	1.82802	0
7.75351	1.79265	-0.323281	7.75351	1.79265	0
8.73127	1.78744	-0.293177	8.73127	1.78744	0
9.7359	1.84122	-0.295253	9.7359	1.84122	0
10.7351	1.9051	-0.300444	10.7351	1.9051	0
11.8003	1.89805	-0.32494	11.8003	1.89805	0
-10.8822	1.83268	-0.328554	-10.8822	1.83268	0
-9.87501	1.82065	-0.34158	-9.87501	1.82065	0
-8.81477	1.85034	-0.291558	-8.81477	1.85034	0
-7.80021	1.84693	-0.303674	-7.80021	1.84693	0
-6.7686	1.85792	-0.325275	-6.7686	1.85792	0
-5.73498	1.83193	-0.316245	-5.73498	1.83193	0
-4.67347	1.88162	-0.336012	-4.67347	1.88162	0
-3.68838	1.82892	-0.346036	-3.68838	1.82892	0
-2.65895	1.85233	-0.324284	-2.65895	1.85233	0
-1.61898	1.79738	-0.309283	-1.61898	1.79738	0
-0.546143	2.90984	-0.325323	-0.546143	2.90984	0
0.435524	2.89206	-0.336353	0.435524	2.89206	0
1.48378	2.8719	-0.325102	1.48378	2.8719	0
2.51407	2.86903	-0.287947	2.51407	2.86903	0
3.50957	2.91829	-0.317905	3.50957	2.91829	0
4.59165	2.83347	-0.304374	4.59165	2.83347	0
5.64496	2.81702	-0.310227	5.64496	2.81702	0
6.69971	2.93126	-0.305148	6.69971	2.93126	0
7.69307	2.8607	-0.324804	7.69307	2.8607	0
8.73734	2.8528	-0.310563	8.73734	2.8528	0
9.73803	2.84599	-0.294256	9.73803	2.84599	0
10.7466	2.87132	-0.30582	10.7466	2.87132	0
11.8621	2.90189	-0.303051	11.8621	2.90189	0
-10.8931	2.86861	-0.324517	-10.8931	2.86861	0
-9.86464	2.86302	-0.312841	-9.86464	2.86302	0
-8.81265	2.86508	-0.318079	-8.81265	2.86508	0
-7.77761	2.90809	-0.290089	-7.77761	2.90809	0
-6.74918	2.86102	-0.347678	-6.74918	2.86102	0
-5.74744	2.84384	-0.319377	-5.74744	2.84384	0
-4.71914	2.87054	-0.322596	-4.71914	2.87054	0
-3.65186	2.89576	-0.298131	-3.65186	2.89576	0
-2.64327	2.89244	-0.317034	-2.64327	2.89244	0
-1.59529	2.84076	-0.306175	-1.59529	2.84076	0
-0.532341	3.94339	-0.304916	-0.532341	3.94339	0
0.486949	3.89869	-0.319759	0.486949	3.89869	0
1.55618	3.91005	-0.321317	1.55618	3.91005	0
2.56465	3.95967	-0.302527	2.56465	3.95967	0
3.56827	3.8726	-0.304956	3.56827	3.8726	0
4.57596	3.93039	-0.287971	4.57596	3.93039	0
5.66309	3.90996	-0.354954	5.66309	3.90996	0
6.64162	3.95024	-0.279978	6.64162	3.95024	0
7.70274	3.93075	-0.325541	7.70274	3.93075	0
8.70748	3.91185	-0.316684	8.70748	3.91185	0
9.79427	3.91863	-0.359001	9.79427	3.91863	0
10.8287	3.88755	-0.344599	10.8287	3.88755	0
11.8419	3.91423	-0.327293	11.8419	3.91423	0
-10.8588	3.91077	-0.308969	-10.8588	3.91077	0
-9.86767	3.88237	-0.323089	-9.86767	3.88237	0
-8.80059	3.88628	-0.316879	-8.80059	3.88628	0
-7.77838	3.89233	-0.308366	-7.77838	3.89233	0
-6.70955	3.901	-0.309088	-6.70955	3.901	0
-5.67784	3.91186	-0.343409	-5.67784	3.91186	0
-4.61373	3.86119	-0.339254	-4.61373	3.86119	0
-3.63744	3.91362	-0.304299	-3.63744	3.91362	0
-2.5774	3.90369	-0.304941	-2.5774	3.90369	0
-1.5551	3.9414	-0.30799	-1.5551	3.9414	0
-0.551909	4.96175	-0.314702	-0.551909	4.96175	0
0.438126	4.9271	-0.320112	0.438126	4.9271	0
1.44495	4.9178	-0.329531	1.44495	4.9178	0
2.47982	5.0096	-0.345045	2.47982	5.0096	0
3.59811	5.01915	-0.317569	3.59811	5.01915	0
4.66982	4.96729	-0.330425	4.66982	4.96729	0
5.61987	4.97367	-0.333538	5.61987	4.97367	0
6.63032	4.94015	-0.304198	6.63032	4.94015	0
7.61048	4.96159	-0.353788	7.61048	4.96159	0
8.76061	4.95013	-0.316786	8.76061	4.95013	0
9.79597	4.95261	-0.29731	9.79597	4.95261	0
10.8058	4.95291	-0.336417	10.8058	4.95291	0
11.8234	4.88143	-0.326148	11.8234	4.88143	0
-10.9201	4.93264	-0.311137	-10.9201	4.93264	0
-9.81638	4.94667	-0.350925	-9.81638	4.94667	0
-8.78298	4.98347	-0.350167	-8.78298	4.98347	0
-7.71752	4.9617	-0.31041	-7.71752	4.9617	0
-6.69587	4.90552	-0.311617	-6.69587	4.90552	0
-5.69526	4.971	-0.283507	-5.69526	4.971	0
-4.73771	4.92254	-0.331531	-4.73771	4.92254	0
-3.64167	4.92483	-0.312806	-3.64167	4.92483	0
-2.57516	4.94894	-0.3275	-2.57516	4.94894	0
-1.56801	4.9812	-0.333785	-1.56801	4.9812	0
-0.617813	6.00473	-0.309055	-0.617813	6.00473	0
0.443558	5.94733	-0.332133	0.443558	5.94733	0
1.46342	5.97726	-0.309067	1.46342	5.97726	0
2.53791	5.99466	-0.33794	2.53791	5.99466	0
3.56467	6.04887	-0.294316	3.56467	6.04887	0
4.59325	6.06615	-0.338157	4.59325	6.06615	0
5.65204	6.04612	-0.317836	5.65204	6.04612	0
6.65786	6.02954	-0.305691	6.65786	6.02954	0
7.68997	5.99221	-0.319191	7.68997	5.99221	0
8.71685	5.89627	-0.300368	8.71685	5.89627	0
9.80723	5.98119	-0.312196	9.80723	5.98119	0
10.7903	5.9422	-0.314089	10.7903	5.9422	0
11.8623	5.95494	-0.345727	11.8623	5.95494	0
-10.8667	5.90124	-0.315283	-10.8667	5.90124	0
-9.79825	6.02823	-0.328204	-9.79825	6.02823	0
-8.75968	6.00516	-0.326448	-8.75968	6.00516	0
-7.72641	6.01663	-0.334942	-7.72641	6.01663	0
-6.74519	5.92757	-0.316258	-6.74519	5.92757	0
-5.74149	6.00829	-0.318676	-5.74149	6.00829	0
-4.68773	6.02487	-0.284517	-4.68773	6.02487	0
-3.67313	6.00095	-0.320001	-3.67313	6.00095	0
-2.64232	5.9726	-0.310641	-2.64232	5.9726	0
-1.62101	6.01775	-0.323658	-1.62101	6.01775	0
-0.536552	7.04476	-0.318439	-0.536552	7.04476	0
0.494276	6.98261	-0.317995	0.494276	6.98261	0
1.5146	7.03587	-0.320853	1.5146	7.03587	0
2.52516	7.06678	-0.329625	2.52516	7.06678	0
3.55385	7.03492	-0.302651	3.55385	7.03492	0
4.59186	7.10504	-0.32339	4.59186	7.10504	0
5.64999	7.06084	-0.335017	5.64999	7.06084	0
6.70023	6.99486	-0.311406	6.70023	6.99486	0
7.67737	7.03387	-0.343953	7.67737	7.03387	0
8.7344	6.96433	-0.349324	8.7344	6.96433	0
9.74436	6.97282	-0.300905	9.74436	6.97282	0
10.8163	7.02333	-0.342797	10.8163	7.02333	0
11.8661	6.94084	-0.31371	11.8661	6.94084	0
-10.8352	6.97935	-0.292962	-10.8352	6.97935	0
-9.83513	6.99748	-0.322428	-9.83513	6.99748	0
-8.83041	6.93859	-0.290118	-8.83041	6.93859	0
-7.75027	7.03779	-0.32291	-7.75027	7.03779	0
-6.72963	7.03097	-0.318836	-6.72963	7.03097	0
-5.71862	7.04835	-0.327705	-5.71862	7.04835	0
-4.70084	7.05762	-0.315006	-4.70084	7.05762	0
-3.65452	6.99036	-0.32379	-3.65452	6.99036	0
-2.68212	7.02844	-0.317099	-2.68212	7.02844	0
-1.61813	7.00991	-0.314982	-1.61813	7.00991	0
-0.537123	8.16139	-0.318946	-0.537123	8.16139	0
0.499185	8.03718	-0.345088	0.499185	8.03718	0
1.57932	8.05188	-0.330852	1.57932	8.05188	0
2.55369	8.12	-0.328427	2.55369	8.12	0
3.59788	8.09685	-0.309619	3.59788	8.09685	0
4.59058	8.13032	-0.313866	4.59058	8.13032	0
5.57368	8.13181	-0.282807	5.57368	8.13181	0
6.66786	8.04487	-0.294085	6.66786	8.04487	0
7.67871	8.0587	-0.304504	7.67871	8.0587	0
8.78516	7.99715	-0.3317	8.78516	7.99715	0
9.82204	8.05916	-0.3005	9.82204	8.05916	0
10.8063	8.05228	-0.315039	10.8063	8.05228	0
-11.8913	7.96836	-0.312681	-11.8913	7.96836	0
-10.8947	7.99236	-0.328268	-10.8947	7.99236	0
-9.83668	7.97435	-0.295313	-9.83668	7.97435	0
-8.84179	7.96703	-0.332953	-8.84179	7.96703	0
-7.73049	8.0717	-0.305245	-7.73049	8.0717	0
-6.72539	8.06587	-0.295926	-6.72539	8.06587	0
-5.70196	8.09262	-0.301739	-5.70196	8.09262	0
-4.64114	8.0356	-0.306216	-4.64114	8.0356	0
-3.63839	8.03435	-0.311742	-3.63839	8.03435	0
-2.62409	7.99713	-0.306962	-2.62409	7.99713	0
-1.54753	8.0381	-0.317824	-1.54753	8.0381	0
-0.533269	9.15303	-0.319078	-0.533269	9.15303	0
0.487393	9.09658	-0.319448	0.487393	9.09658	0
1.50079	9.09171	-0.339436	1.50079	9.09171	0
2.56898	9.10788	-0.344173	2.56898	9.10788	0
3.56245	9.10191	-0.299022	3.56245	9.10191	0
4.61623	9.11808	-0.33321	4.61623	9.11808	0
5.63993	9.12009	-0.313295	5.63993	9.12009	0
6.64427	9.10125	-0.325552	6.64427	9.10125	0
7.69121	9.07826	-0.340381	7.69121	9.07826	0
8.75541	9.03127	-0.312626	8.75541	9.03127	0
9.81803	9.08492	-0.308274	9.81803	9.08492	0
10.8295	9.02977	-0.334992	10.8295	9.02977	0
-11.8976	9.00909	-0.297845	11.8884	9.00909	0
-10.8897	9.04394	-0.311081	-10.8897	9.04394	0
-9.86109	9.05741	-0.309883	-9.86109	9.05741	0
-8.8185	9.0586	-0.336751	-8.8185	9.0586	0
-7.7798	9.08427	-0.306132	-7.7798	9.08427	0
-6.75877	9.10485	-0.308939	-6.75877	9.10485	0
-5.70314	9.05441	-0.316975	-5.70314	9.05441	0
-4.65681	9.05582	-0.330266	-4.65681	9.05582	0
-3.6869	9.09437	-0.294675	-3.6869	9.09437	0
-2.66269	9.07807	-0.297968	-2.66269	9.07807	0
-1.63591	9.07986	-0.332976	-1.63591	9.07986	0
-0.466859	10.1713	-0.336357	-0.466859	10.1713	0
0.492896	10.0858	-0.304319	0.492896	10.0858	0
1.53096	10.1486	-0.287898	1.53096	10.1486	0
2.56371	10.1449	-0.330303	2.56371	10.1449	0
3.60212	10.0995	-0.304078	3.60212	10.0995	0
4.6655	10.1099	-0.314926	4.6655	10.1099	0
5.75762	10.1202	-0.298616	5.75762	10.1202	0
6.81072	10.0812	-0.318368	6.81072	10.0812	0
7.79594	10.0961	-0.311238	7.79594	10.0961	0
8.80319	10.0687	-0.307051	8.80319	10.0687	0
9.77923	10.0699	-0.350923	9.77923	10.0699	0
10.8072	10.0684	-0.338937	10.8072	10.0684	0
11.8568	10.0855	-0.347075	11.8568	10.0855	0
-10.8911	10.0635	-0.291647	-10.8911	10.0635	0
-9.83024	10.0821	-0.317183	-9.83024	10.0821	0
-8.79745	10.1007	-0.305748	-8.79745	10.1007	0
-7.82798	10.0263	-0.308136	-7.82798	10.0263	0
-6.696	10.086	-0.317168	-6.696	10.086	0
-5.66753	10.0173	-0.330437	-5.66753	10.0173	0
-4.60745	10.0955	-0.309804	-4.60745	10.0955	0
-3.61862	10.1095	-0.331423	-3.61862	10.1095	0
-2.55207	10.1665	-0.318071	-2.55207	10.1665	0
-1.54482	10.1434	-0.340663	-1.54482	10.1434	0
-0.510373	11.1885	-0.327779	-0.510373	11.1885	0
0.48785	11.1535	-0.348497	0.48785	11.1535	0
1.52096	11.1731	-0.307404	1.52096	11.1731	0
2.56984	11.1611	-0.327905	2.56984	11.1611	0
3.56966	11.0735	-0.332911	3.56966	11.0735	0
4.58461	11.101	-0.326612	4.58461	11.101	0
5.70843	11.1471	-0.318	5.70843	11.1471	0
6.71737	11.1227	-0.331597	6.71737	11.1227	0
7.74152	11.1182	-0.300826	7.74152	11.1182	0
8.77087	11.1236	-0.315054	8.77087	11.1236	0
9.81353	11.1061	-0.315936	9.81353	11.1061	0
10.8362	11.1833	-0.312296	10.8362	11.1833	0
11.8994	11.1661	-0.340175	-11.8866	11.1661	0
-10.8178	11.0949	-0.328947	-10.8178	11.0949	0
-9.82822	11.0608	-0.342477	-9.82822	11.0608	0
-8.78841	11.1058	-0.363026	-8.78841	11.1058	0
-7.75794	11.1241	-0.319205	-7.75794	11.1241	0
-6.72444	11.1211	-0.329897	-6.72444	11.1211	0
-5.71504	11.0685	-0.311592	-5.71504	11.0685	0
-4.6353	11.1221	-0.319745	-4.6353	11.1221	0
-3.59688	11.123	-0.331386	-3.59688	11.123	0
-2.57368	11.1358	-0.343187	-2.57368	11.1358	0
-1.54588	11.1496	-0.300354	-1.54588	11.1496	0
-0.537227	-11.6107	-0.335947	-0.537227	-11.6107	0
0.506771	-11.6053	-0.317926	0.506771	-11.6053	0
1.5326	-11.5255	-0.310243	1.5326	-11.5255	0
2.58776	-11.5433	-0.343209	2.58776	-11.5433	0
3.59684	-11.6456	-0.304892	3.59684	-11.6456	0
4.61142	-11.6351	-0.28706	4.61142	-11.6351	0
5.71175	-11.5953	-0.303624	5.71175	-11.5953	0
6.7108	-11.5967	-0.338165	6.7108	-11.5967	0
7.76487	-11.5708	-0.314502	7.76487	-11.5708	0
8.74962	-11.6796	-0.32046	8.74962	-11.6796	0
9.78267	-11.6493	-0.33845	9.78267	-11.6493	0
10.8774	-11.6037	-0.302096	10.8774	-11.6037	0
11.8694	-11.645	-0.323066	11.8694	-11.645	0
-10.9518	-11.6796	-0.31061	-10.9518	-11.6796	0
-9.87468	-11.6964	-0.338901	-9.87468	-11.6964	0
-8.79239	-11.6956	-0.31566	-8.79239	-11.6956	0
-7.76866	-11.6297	-0.297378	-7.76866	-11.6297	0
-6.75385	-11.6425	-0.33557	-6.75385	-11.6425	0
-5.69215	-11.7004	-0.313928	-5.69215	-11.7004	0
-4.65914	-11.6654	-0.288936	-4.65914	-11.6654	0
-3.63567	-11.6328	-0.333576	-3.63567	-11.6328	0
-2.59549	-11.6218	-0.298843	-2.59549	-11.6218	0
-1.58363	-11.5771	-0.302621	-1.58363	-11.5771	0
-0.549686	-10.4874	-0.320457	-0.549686	-10.4874	0
0.502948	-10.5469	-0.321741	0.502948	-10.5469	0
1.52636	-10.4934	-0.286375	1.52636	-10.4934	0
2.59727	-10.5867	-0.323675	2.59727	-10.5867	0
3.57694	-10.5718	-0.311337	3.57694	-10.5718	0
4.62534	-10.6088	-0.315301	4.62534	-10.6088	0
5.66624	-10.5776	-0.337518	5.66624	-10.5776	0
6.64626	-10.5772	-0.352826	6.64626	-10.5772	0
7.71053	-10.5899	-0.327688	7.71053	-10.5899	0
8.73207	-10.645	-0.319371	8.73207	-10.645	0
9.79364	-10.6534	-0.350687	9.79364	-10.6534	0
10.8194	-10.5552	-0.283214	10.8194	-10.5552	0
11.7961	-10.5745	-0.284214	11.7961	-10.5745	0
-10.8845	-10.6434	-0.318258	-10.8845	-10.6434	0
-9.83767	-10.6578	-0.324533	-9.83767	-10.6578	0
-8.81911	-10.5776	-0.2891	-8.81911	-10.5776	0
-7.81609	-10.6522	-0.310632	-7.81609	-10.6522	0
-6.79542	-10.654	-0.337419	-6.79542	-10.654	0
-5.6713	-10.6736	-0.301641	-5.6713	-10.6736	0
-4.7053	-10.6617	-0.286817	-4.7053	-10.6617	0
-3.66105	-10.5901	-0.291225	-3.66105	-10.5901	0
-2.63399	-10.5649	-0.343568	-2.63399	-10.5649	0
-1.56236	-10.5212	-0.287755	-1.56236	-10.5212	0
-0.538263	-9.51524	-0.294324	-0.538263	-9.51524	0
0.486277	-9.51242	-0.306668	0.486277	-9.51242	0
1.49874	-9.51548	-0.329466	1.49874	-9.51548	0
2.58676	-9.54923	-0.316493	2.58676	-9.54923	0
3.62623	-9.54574	-0.319327	3.62623	-9.54574	0
4.5871	-9.55664	-0.323639	4.5871	-9.55664	0
5.61052	-9.58857	-0.289	5.61052	-9.58857	0
6.62431	-9.54319	-0.331847	6.62431	-9.54319	0
7.68763	-9.62613	-0.288233	7.68763	-9.62613	0
8.72806	-9.59236	-0.314079	8.72806	-9.59236	0
9.7999	-9.54126	-0.321526	9.7999	-9.54126	0
10.8397	-9.49676	-0.314628	10.8397	-9.49676	0
11.9211	-9.54817	-0.317391	-11.865	-9.54817	0
-10.8366	-9.56808	-0.310718	-10.8366	-9.56808	0
-9.87689	-9.60558	-0.317666	-9.87689	-9.60558	0
-8.79048	-9.55972	-0.316347	-8.79048	-9.55972	0
-7.79914	-9.59955	-0.333378	-7.79914	-9.59955	0
-6.80868	-9.63237	-0.328678	-6.80868	-9.63237	0
-5.71209	-9.59535	-0.34624	-5.71209	-9.59535	0
-4.68963	-9.55206	-0.294543	-4.68963	-9.55206	0
-3.69513	-9.57183	-0.312761	-3.69513	-9.57183	0
-2.62379	-9.54238	-0.298908	-2.62379	-9.54238	0
-1.55964	-9.49496	-0.314154	-1.55964	-9.49496	0
-0.576428	-8.43319	-0.274128	-0.576428	-8.43319	0
0.463705	-8.42115	-0.326021	0.463705	-8.42115	0
1.5479	-8.45399	-0.320293	1.5479	-8.45399	0
2.56947	-8.49837	-0.301993	2.56947	-8.49837	0
3.58004	-8.54855	-0.342921	3.58004	-8.54855	0
4.65605	-8.53968	-0.336664	4.65605	-8.53968	0
5.62515	-8.56538	-0.32124	5.62515	-8.56538	0
6.67679	-8.49821	-0.31522	6.67679	-8.49821	0
7.69245	-8.50352	-0.283524	7.69245	-8.50352	0
8.71858	-8.63906	-0.318218	8.71858	-8.63906	0
9.75859	-8.51221	-0.330899	9.75859	-8.51221	0
10.7862	-8.47822	-0.295158	10.7862	-8.47822	0
11.8838	-8.5744	-0.316723	11.8838	-8.5744	0
-10.9092	-8.54706	-0.338406	-10.9092	-8.54706	0
-9.90551	-8.51389	-0.306921	-9.90551	-8.51389	0
-8.80444	-8.56391	-0.305634	-8.80444	-8.56391	0
-7.81541	-8.51368	-0.339627	-7.81541	-8.51368	0
-6.81503	-8.53853	-0.317342	-6.81503	-8.53853	0
-5.78642	-8.57534	-0.319861	-5.78642	-8.57534	0
-4.69865	-8.55919	-0.346383	-4.69865	-8.55919	0
-3.64241	-8.56471	-0.311975	-3.64241	-8.56471	0
-2.60005	-8.4914	-0.324029	-2.60005	-8.4914	0
-1.55948	-8.50435	-0.322723	-1.55948	-8.50435	0
-0.59333	-7.43654	-0.305577	-0.59333	-7.43654	0
0.449874	-7.38205	-0.337785	0.449874	-7.38205	0
1.57564	-7.43307	-0.314007	1.57564	-7.43307	0
2.58926	-7.49496	-0.30982	2.58926	-7.49496	0
3.5199	-7.54164	-0.31087	3.5199	-7.54164	0
4.56539	-7.49787	-0.324593	4.56539	-7.49787	0
5.62177	-7.52543	-0.311188	5.62177	-7.52543	0
6.6816	-7.50221	-0.32246	6.6816	-7.50221	0
7.70546	-7.49768	-0.330289	7.70546	-7.49768	0
8.67493	-7.48101	-0.309308	8.67493	-7.48101	0
9.77724	-7.46803	-0.346108	9.77724	-7.46803	0
10.8308	-7.45949	-0.313531	10.8308	-7.45949	0
11.8838	-7.48361	-0.337366	11.8838	-7.48361	0
-10.8625	-7.51203	-0.328292	-10.8625	-7.51203	0
-9.83633	-7.48504	-0.334189	-9.83633	-7.48504	0
-8.78356	-7.52677	-0.317633	-8.78356	-7.52677	0
-7.78051	-7.50985	-0.334991	-7.78051	-7.50985	0
-6.73377	-7.48955	-0.315571	-6.73377	-7.48955	0
-5.69953	-7.56843	-0.314959	-5.69953	-7.56843	0
-4.7146	-7.51184	-0.317293	-4.7146	-7.51184	0
-3.70376	-7.48052	-0.306022	-3.70376	-7.48052	0
-2.69842	-7.49479	-0.280692	-2.69842	-7.49479	0
-1.60601	-7.45575	-0.303445	-1.60601	-7.45575	0
-0.53684	-6.40073	-0.309347	-0.53684	-6.40073	0
0.509192	-6.41715	-0.292877	0.509192	-6.41715	0
1.53613	-6.45281	-0.289103	1.53613	-6.45281	0
2.58313	-6.41618	-0.334954	2.58313	-6.41618	0
3.57853	-6.3751	-0.303589	3.57853	-6.3751	0
4.62175	-6.46951	-0.30605	4.62175	-6.46951	0
5.64874	-6.53989	-0.331368	5.64874	-6.53989	0
6.74563	-6.45458	-0.329151	6.74563	-6.45458	0
7.74351	-6.50452	-0.297077	7.74351	-6.50452	0
8.79	-6.48446	-0.321543	8.79	-6.48446	0
9.75473	-6.46456	-0.330641	9.75473	-6.46456	0
10.7842	-6.42356	-0.29196	10.7842	-6.42356	0
11.8088	-6.50229	-0.333075	11.8088	-6.50229	0
-10.9087	-6.50584	-0.313242	-10.9087	-6.50584	0
-9.8238	-6.44057	-0.314366	-9.8238	-6.44057	0
-8.83856	-6.50049	-0.329158	-8.83856	-6.50049	0
-7.78681	-6.45058	-0.326504	-7.78681	-6.45058	0
-6.78655	-6.39769	-0.334919	-6.78655	-6.39769	0
-5.75253	-6.47984	-0.317109	-5.75253	-6.47984	0
-4.69225	-6.45023	-0.319815	-4.69225	-6.45023	0
-3.71948	-6.4341	-0.307143	-3.71948	-6.4341	0
-2.66919	-6.44253	-0.32863	-2.66919	-6.44253	0
-1.61877	-6.4047	-0.333094	-1.61877	-6.4047	0
-0.556949	-5.3646	-0.321463	-0.556949	-5.3646	0
0.506458	-5.34908	-0.30629	0.506458	-5.34908	0
1.51166	-5.32211	-0.303921	1.51166	-5.32211	0
2.6125	-5.38286	-0.331567	2.6125	-5.38286	0
3.6431	-5.39087	-0.300225	3.6431	-5.39087	0
4.67344	-5.38277	-0.300397	4.67344	-5.38277	0
5.76895	-5.47872	-0.32921	5.76895	-5.47872	0
6.80947	-5.47454	-0.337325	6.80947	-5.47454	0
7.83561	-5.48224	-0.349803	7.83561	-5.48224	0
8.91088	-5.47803	-0.31654	8.91088	-5.47803	0
9.95646	-5.39061	-0.336953	9.95646	-5.39061	0
10.8984	-5.39164	-0.311114	10.8984	-5.39164	0
11.875	-5.40517	-0.319093	11.875	-5.40517	0
-10.8878	-5.42863	-0.315299	-10.8878	-5.42863	0
-9.85355	-5.4144	-0.304844	-9.85355	-5.4144	0
-8.82709	-5.42533	-0.306038	-8.82709	-5.42533	0
-7.79535	-5.40423	-0.335631	-7.79535	-5.40423	0
-6.78293	-5.3996	-0.283832	-6.78293	-5.3996	0
-5.74416	-5.40966	-0.314735	-5.74416	-5.40966	0
-4.77824	-5.46492	-0.312023	-4.77824	-5.46492	0
-3.714	-5.39699	-0.309474	-3.714	-5.39699	0
-2.6418	-5.38851	-0.312099	-2.6418	-5.38851	0
-1.62663	-5.4203	-0.297016	-1.62663	-5.4203	0
-0.634217	-4.37252	-0.336684	-0.634217	-4.37252	0
0.453198	-4.3443	-0.305479	0.453198	-4.3443	0
1.53623	-4.31056	-0.321858	1.53623	-4.31056	0
2.58934	-4.34614	-0.32724	2.58934	-4.34614	0
3.64115	-4.37683	-0.308832	3.64115	-4.37683	0
4.68635	-4.36153	-0.298005	4.68635	-4.36153	0
5.70771	-4.40406	-0.341918	5.70771	-4.40406	0
6.75469	-4.40574	-0.324599	6.75469	-4.40574	0
7.75446	-4.42315	-0.335491	7.75446	-4.42315	0
8.74785	-4.46087	-0.298872	8.74785	-4.46087	0
9.76569	-4.32443	-0.297933	9.76569	-4.32443	0
10.8597	-4.36104	-0.324201	10.8597	-4.36104	0
-11.8938	-4.41024	-0.349779	11.8923	-4.41024	0
-10.9192	-4.36948	-0.318204	-10.9192	-4.36948	0
-9.83764	-4.37657	-0.313522	-9.83764	-4.37657	0
-8.81923	-4.44009	-0.326751	-8.81923	-4.44009	0
-7.75817	-4.36355	-0.337186	-7.75817	-4.36355	0
-6.75754	-4.3656	-0.33836	-6.75754	-4.3656	0
-5.75601	-4.40543	-0.348641	-5.75601	-4.40543	0
-4.66566	-4.41504	-0.342296	-4.66566	-4.41504	0
-3.68463	-4.39343	-0.317482	-3.68463	-4.39343	0
-2.69015	-4.36085	-0.335846	-2.69015	-4.36085	0
-1.6802	-4.34498	-0.320638	-1.6802	-4.34498	0
-0.593968	-3.31259	-0.352474	-0.593968	-3.31259	0
0.445267	-3.28601	-0.346188	0.445267	-3.28601	0
1.53522	-3.24791	-0.329061	1.53522	-3.24791	0
2.54776	-3.26751	-0.348032	2.54776	-3.26751	0
3.57943	-3.31332	-0.302213	3.57943	-3.31332	0
4.62121	-3.35156	-0.300715	4.62121	-3.35156	0
5.65246	-3.40137	-0.33229	5.65246	-3.40137	0
6.69077	-3.36247	-0.307927	6.69077	-3.36247	0
7.75184	-3.42825	-0.309695	7.75184	-3.42825	0
8.77208	-3.35229	-0.300796	8.77208	-3.35229	0
9.81823	-3.33215	-0.331006	9.81823	-3.33215	0
10.8511	-3.33169	-0.31225	10.8511	-3.33169	0
11.8555	-3.33383	-0.318411	11.8555	-3.33383	0
-10.9259	-3.3525	-0.294635	-10.9259	-3.3525	0
-9.86343	-3.38474	-0.305521	-9.86343	-3.38474	0
-8.89492	-3.39723	-0.270567	-8.89492	-3.39723	0
-7.77928	-3.38894	-0.32416	-7.77928	-3.38894	0
-6.78232	-3.32126	-0.314195	-6.78232	-3.32126	0
-5.77497	-3.32041	-0.311582	-5.77497	-3.32041	0
-4.73405	-3.322	-0.308314	-4.73405	-3.322	0
-3.68508	-3.38478	-0.311196	-3.68508	-3.38478	0
-2.66746	-3.31041	-0.318833	-2.66746	-3.31041	0
-1.5837	-3.32718	-0.316366	-1.5837	-3.32718	0
-0.586169	-2.32012	-0.318304	-0.586169	-2.32012	0
0.468935	-2.2917	-0.320796	0.468935	-2.2917	0
1.51805	-2.27529	-0.311295	1.51805	-2.27529	0
2.5563	-2.2722	-0.287513	2.5563	-2.2722	0
3.61677	-2.30518	-0.334413	3.61677	-2.30518	0
4.63135	-2.31782	-0.317075	4.63135	-2.31782	0
5.59362	-2.32812	-0.312104	5.59362	-2.32812	0
6.64673	-2.3253	-0.319907	6.64673	-2.3253	0
7.72542	-2.35061	-0.328966	7.72542	-2.35061	0
8.76815	-2.3502	-0.323945	8.76815	-2.3502	0
9.79615	-2.25956	-0.316364	9.79615	-2.25956	0
10.8929	-2.23924	-0.299503	10.8929	-2.23924	0
11.9009	-2.31338	-0.337642	-11.8851	-2.31338	0
-10.8855	-2.30334	-0.301106	-10.8855	-2.30334	0
-9.80651	-2.34605	-0.282046	-9.80651	-2.34605	0
-8.77627	-2.34761	-0.302655	-8.77627	-2.34761	0
-7.75768	-2.32175	-0.314319	-7.75768	-2.32175	0
-6.76562	-2.29612	-0.335529	-6.76562	-2.29612	0
-5.74178	-2.32601	-0.288594	-5.74178	-2.32601	0
-4.72722	-2.27032	-0.308624	-4.72722	-2.27032	0
-3.69381	-2.31993	-0.317573	-3.69381	-2.31993	0
-2.62566	-2.29	-0.319777	-2.62566	-2.29	0
-1.57947	-2.3166	-0.315284	-1.57947	-2.3166	0
-0.574385	-1.31701	-0.318721	-0.574385	-1.31701	0
0.433343	-1.24073	-0.314242	0.433343	-1.24073	0
1.51014	-1.22364	-0.308517	1.51014	-1.22364	0
2.55876	-1.28441	-0.30321	2.55876	-1.28441	0
3.59579	-1.2792	-0.300438	3.59579	-1.2792	0
4.68405	-1.2463	-0.328521	4.68405	-1.2463	0
5.68677	-1.32387	-0.317487	5.68677	-1.32387	0
6.66094	-1.31995	-0.296182	6.66094	-1.31995	0
7.69933	-1.30703	-0.352996	7.69933	-1.30703	0
8.72135	-1.3591	-0.317976	8.72135	-1.3591	0
9.77919	-1.29476	-0.29942	9.77919	-1.29476	0
10.7733	-1.21635	-0.282939	10.7733	-1.21635	0
11.8368	-1.17369	-0.330128	11.8368	-1.17369	0
-10.9516	-1.32075	-0.306402	-10.9516	-1.32075	0
-9.87597	-1.33201	-0.321457	-9.87597	-1.33201	0
-8.79935	-1.31917	-0.32502	-8.79935	-1.31917	0
-7.77783	-1.28328	-0.343167	-7.77783	-1.28328	0
-6.76888	-1.26118	-0.327044	-6.76888	-1.26118	0
-5.7479	-1.32742	-0.298304	-5.7479	-1.32742	0
-4.78034	-1.29484	-0.324166	-4.78034	-1.29484	0
-3.69349	-1.26625	-0.292867	-3.69349	-1.26625	0
-2.61812	-1.22015	-0.321896	-2.61812	-1.22015	0
-1.59678	-1.2708	-0.312788	-1.59678	-1.2708	0
-0.0902231	0.247421	0.328219	-0.0902231	0.247421	0
0.990496	0.28049	0.340965	0.990496	0.28049	0
2.0304	0.248506	0.329935	2.0304	0.248506	0
3.05586	0.236313	0.30931	3.05586	0.236313	0
4.12462	0.289468	0.268681	4.12462	0.289468	0
5.10287	0.267751	0.313323	5.10287	0.267751	0
6.15409	0.223688	0.319249	6.15409	0.223688	0
7.19377	0.258524	0.322659	7.19377	0.258524	0
8.19753	0.215092	0.28933	8.19753	0.215092	0
9.25775	0.239096	0.28504	9.25775	0.239096	0
10.2851	0.325277	0.299057	10.2851	0.325277	0
11.3205	0.318794	0.315665	11.3205	0.318794	0
-11.4345	0.330011	0.3121	-11.4345	0.330011	0
-10.3821	0.202675	0.33155	-10.3821	0.202675	0
-9.30731	0.243875	0.324055	-9.30731	0.243875	0
-8.2966	0.24901	0.302453	-8.2966	0.24901	0
-7.26404	0.231022	0.289514	-7.26404	0.231022	0
-6.26374	0.309023	0.312852	-6.26374	0.309023	0
-5.27489	0.292711	0.336308	-5.27489	0.292711	0
-4.16756	0.330644	0.325699	-4.16756	0.330644	0
-3.18119	0.341939	0.284235	-3.18119	0.341939	0
-2.14057	0.298087	0.321299	-2.14057	0.298087	0
-1.05963	0.259868	0.286564	-1.05963	0.259868	0
-0.0216458	1.33673	0.344301	-0.0216458	1.33673	0
1.02028	1.34987	0.317072	1.02028	1.34987	0
2.02769	1.30866	0.326263	2.02769	1.30866	0
3.0608	1.30042	0.307675	3.0608	1.30042	0
4.09456	1.29196	0.296436	4.09456	1.29196	0
5.13629	1.31693	0.339941	5.13629	1.31693	0
6.19976	1.32405	0.303376	6.19976	1.32405	0
7.19902	1.27555	0.318473	7.19902	1.27555	0
8.26386	1.24379	0.33695	8.26386	1.24379	0
9.26819	1.23624	0.299332	9.26819	1.23624	0
10.3099	1.33542	0.339925	10.3099	1.33542	0
11.3269	1.38248	0.294212	11.3269	1.38248	0
-11.4006	1.3629	0.317923	-11.4006	1.3629	0
-10.3173	1.33848	0.301446	-10.3173	1.33848	0
-9.32858	1.32931	0.337008	-9.32858	1.32931	0
-8.31025	1.33365	0.332304	-8.31025	1.33365	0
-7.29323	1.31224	0.315739	-7.29323	1.31224	0
-6.2604	1.3283	0.276301	-6.2604	1.3283	0
-5.2029	1.35349	0.304566	-5.2029	1.35349	0
-4.20965	1.39559	0.347328	-4.20965	1.39559	0
-3.16045	1.31004	0.317341	-3.16045	1.31004	0
-2.15282	1.33492	0.311381	-2.15282	1.33492	0
-1.07725	1.2815	0.326928	-1.07725	1.2815	0
-0.0728129	2.38856	0.309375	-0.0728129	2.38856	0
1.01807	2.35654	0.317669	1.01807	2.35654	0
2.02455	2.32694	0.302517	2.02455	2.32694	0
3.05628	2.36789	0.326467	3.05628	2.36789	0
4.04269	2.34335	0.331492	4.04269	2.34335	0
5.10755	2.34083	0.31401	5.10755	2.34083	0
6.16472	2.30567	0.326658	6.16472	2.30567	0
7.20066	2.32399	0.330287	7.20066	2.32399	0
8.24319	2.31955	0.310478	8.24319	2.31955	0
9.21749	2.33048	0.34384	9.21749	2.33048	0
10.2537	2.40939	0.352699	10.2537	2.40939	0
11.2822	2.40101	0.322531	11.2822	2.40101	0
-11.4256	2.3534	0.295884	-11.4256	2.3534	0
-10.3603	2.31636	0.319467	-10.3603	2.31636	0
-9.33268	2.34955	0.329133	-9.33268	2.34955	0
-8.31736	2.34873	0.32772	-8.31736	2.34873	0
-7.25891	2.35709	0.325789	-7.25891	2.35709	0
-6.24426	2.3393	0.311734	-6.24426	2.3393	0
-5.20407	2.34333	0.310624	-5.20407	2.34333	0
-4.15805	2.39451	0.312225	-4.15805	2.39451	0
-3.18506	2.31403	0.30949	-3.18506	2.31403	0
-2.15001	2.32428	0.327698	-2.15001	2.32428	0
-1.01767	2.31538	0.291298	-1.01767	2.31538	0
-0.0439005	3.37325	0.34844	-0.0439005	3.37325	0
0.994004	3.38348	0.327473	0.994004	3.38348	0
2.02163	3.4374	0.3402	2.02163	3.4374	0
3.01272	3.42101	0.346646	3.01272	3.42101	0
4.06563	3.35258	0.314396	4.06563	3.35258	0
5.14883	3.32556	0.312869	5.14883	3.32556	0
6.18815	3.40962	0.336486	6.18815	3.40962	0
7.20374	3.45378	0.329143	7.20374	3.45378	0
8.22864	3.38984	0.32255	8.22864	3.38984	0
9.27273	3.35261	0.352288	9.27273	3.35261	0
10.2626	3.43059	0.301293	10.2626	3.43059	0
11.3061	3.3795	0.317792	11.3061	3.3795	0
-11.478	3.40447	0.317011	-11.478	3.40447	0
-10.3551	3.37022	0.31944	-10.3551	3.37022	0
-9.33898	3.40903	0.315735	-9.33898	3.40903	0
-8.31867	3.45438	0.327684	-8.31867	3.45438	0
-7.26853	3.36517	0.301985	-7.26853	3.36517	0
-6.20183	3.3611	0.312475	-6.20183	3.3611	0
-5.19061	3.3814	0.311672	-5.19061	3.3814	0
-4.16665	3.38331	0.336443	-4.16665	3.38331	0
-3.09377	3.40676	0.342135	-3.09377	3.40676	0
-2.07758	3.35517	0.315311	-2.07758	3.35517	0
-1.06119	3.39424	0.299371	-1.06119	3.39424	0
-0.0218467	4.42233	0.30866	-0.0218467	4.42233	0
0.997382	4.37271	0.31389	0.997382	4.37271	0
2.05679	4.48957	0.321395	2.05679	4.48957	0
3.11184	4.4691	0.288293	3.11184	4.4691	0
4.10033	4.47793	0.313252	4.10033	4.47793	0
5.14941	4.43939	0.314963	5.14941	4.43939	0
6.13468	4.41244	0.324759	6.13468	4.41244	0
7.17878	4.46839	0.313382	7.17878	4.46839	0
8.29706	4.44793	0.31393	8.29706	4.44793	0
9.33619	4.35768	0.309622	9.33619	4.35768	0
10.3496	4.41159	0.310536	10.3496	4.41159	0
11.3683	4.36814	0.337958	11.3683	4.36814	0
-11.4159	4.4244	0.352257	-11.4159	4.4244	0
-10.3637	4.4613	0.281021	-10.3637	4.4613	0
-9.32858	4.43112	0.304255	-9.32858	4.43112	0
-8.31098	4.50359	0.302282	-8.31098	4.50359	0
-7.25261	4.37055	0.314055	-7.25261	4.37055	0
-6.15861	4.43029	0.337785	-6.15861	4.43029	0
-5.18528	4.40609	0.325401	-5.18528	4.40609	0
-4.19338	4.41166	0.320252	-4.19338	4.41166	0
-3.07725	4.43737	0.338379	-3.07725	4.43737	0
-2.07177	4.44345	0.296222	-2.07177	4.44345	0
-1.05649	4.4976	0.302591	-1.05649	4.4976	0
-0.0269455	5.42895	0.327254	-0.0269455	5.42895	0
0.990379	5.43677	0.335313	0.990379	5.43677	0
1.98854	5.50317	0.318596	1.98854	5.50317	0
3.00418	5.47193	0.330449	3.00418	5.47193	0
4.13332	5.54061	0.285511	4.13332	5.54061	0
5.12339	5.52462	0.309713	5.12339	5.52462	0
6.13851	5.50767	0.295062	6.13851	5.50767	0
7.16043	5.48427	0.310161	7.16043	5.48427	0
8.16551	5.39921	0.321592	8.16551	5.39921	0
9.27763	5.4542	0.310189	9.27763	5.4542	0
10.333	5.43619	0.347482	10.333	5.43619	0
11.3837	5.47661	0.293255	11.3837	5.47661	0
-11.4448	5.48776	0.305914	-11.4448	5.48776	0
-10.2766	5.45052	0.325062	-10.2766	5.45052	0
-9.26352	5.43562	0.325662	-9.26352	5.43562	0
-8.26543	5.48872	0.319992	-8.26543	5.48872	0
-7.2472	5.4522	0.317364	-7.2472	5.4522	0
-6.23293	5.50465	0.312848	-6.23293	5.50465	0
-5.19162	5.46156	0.335816	-5.19162	5.46156	0
-4.16328	5.46402	0.321728	-4.16328	5.46402	0
-3.15694	5.42472	0.302555	-3.15694	5.42472	0
-2.11765	5.46075	0.312998	-2.11765	5.46075	0
-1.06391	5.50293	0.34661	-1.06391	5.50293	0
-0.088786	6.50439	0.341342	-0.088786	6.50439	0
0.965385	6.47237	0.326163	0.965385	6.47237	0
2.0158	6.50334	0.323051	2.0158	6.50334	0
2.97213	6.51779	0.323702	2.97213	6.51779	0
4.06822	6.59902	0.315195	4.06822	6.59902	0
5.13628	6.57497	0.317806	5.13628	6.57497	0
6.19479	6.5529	0.324388	6.19479	6.5529	0
7.23006	6.50752	0.295148	7.23006	6.50752	0
8.2038	6.46642	0.30715	8.2038	6.46642	0
9.22083	6.43692	0.313444	9.22083	6.43692	0
10.2785	6.51592	0.311772	10.2785	6.51592	0
11.3157	6.50931	0.301101	11.3157	6.50931	0
-11.3596	6.46552	0.301636	-11.3596	6.46552	0
-10.3796	6.43713	0.319782	-10.3796	6.43713	0
-9.31281	6.45896	0.307314	-9.31281	6.45896	0
-8.26249	6.50993	0.288525	-8.26249	6.50993	0
-7.26019	6.43929	0.330993	-7.26019	6.43929	0
-6.2268	6.49062	0.292028	-6.2268	6.49062	0
-5.20045	6.51939	0.343306	-5.20045	6.51939	0
-4.18832	6.51006	0.340085	-4.18832	6.51006	0
-3.13786	6.47225	0.350328	-3.13786	6.47225	0
-2.13789	6.50987	0.330961	-2.13789	6.50987	0
-1.11014	6.5493	0.327588	-1.11014	6.5493	0
-0.104272	7.56114	0.3101	-0.104272	7.56114	0
0.973113	7.54195	0.310213	0.973113	7.54195	0
2.03064	7.59705	0.328964	2.03064	7.59705	0
3.03461	7.56726	0.308714	3.03461	7.56726	0
4.02912	7.58523	0.33009	4.02912	7.58523	0
5.09585	7.53939	0.322764	5.09585	7.53939	0
6.12	7.53695	0.31602	6.12	7.53695	0
7.16752	7.51887	0.321949	7.16752	7.51887	0
8.1937	7.51831	0.317526	8.1937	7.51831	0
9.24224	7.52054	0.326063	9.24224	7.52054	0
10.3131	7.49507	0.30709	10.3131	7.49507	0
11.3405	7.48325	0.31525	11.3405	7.48325	0
-11.3665	7.52681	0.303209	-11.3665	7.52681	0
-10.3385	7.46751	0.336551	-10.3385	7.46751	0
-9.31369	7.44521	0.334964	-9.31369	7.44521	0
-8.28234	7.50221	0.291281	-8.28234	7.50221	0
-7.22987	7.55245	0.304843	-7.22987	7.55245	0
-6.17004	7.55455	0.313904	-6.17004	7.55455	0
-5.23427	7.54566	0.335253	-5.23427	7.54566	0
-4.20408	7.4757	0.330819	-4.20408	7.4757	0
-3.16442	7.53679	0.314481	-3.16442	7.53679	0
-2.11281	7.51856	0.286691	-2.11281	7.51856	0
-1.05853	7.52542	0.308797	-1.05853	7.52542	0
0.0251487	8.63486	0.32299	0.0251487	8.63486	0
1.01562	8.52688	0.319208	1.01562	8.52688	0
2.02372	8.62262	0.306844	2.02372	8.62262	0
3.04949	8.63938	0.301498	3.04949	8.63938	0
4.05299	8.57488	0.332785	4.05299	8.57488	0
5.08681	8.63653	0.327767	5.08681	8.63653	0
6.11902	8.56051	0.300724	6.11902	8.56051	0
7.1781	8.57895	0.329334	7.1781	8.57895	0
8.21505	8.49862	0.299037	8.21505	8.49862	0
9.24899	8.51668	0.310275	9.24899	8.51668	0
10.2847	8.55744	0.310039	10.2847	8.55744	0
11.3266	8.53788	0.333919	11.3266	8.53788	0
-11.3694	8.50873	0.326331	-11.3694	8.50873	0
-10.3557	8.50014	0.308228	-10.3557	8.50014	0
-9.30857	8.50236	0.322699	-9.30857	8.50236	0
-8.28534	8.50724	0.30358	-8.28534	8.50724	0
-7.26581	8.57711	0.312752	-7.26581	8.57711	0
-6.24419	8.62203	0.310793	-6.24419	8.62203	0
-5.14671	8.55523	0.32461	-5.14671	8.55523	0
-4.16152	8.54547	0.332102	-4.16152	8.54547	0
-3.1611	8.55803	0.341536	-3.1611	8.55803	0
-2.11519	8.55785	0.312978	-2.11519	8.55785	0
-1.05191	8.62736	0.309958	-1.05191	8.62736	0
-0.018419	9.63778	0.328375	-0.018419	9.63778	0
0.993083	9.64012	0.345156	0.993083	9.64012	0
2.02513	9.63525	0.317257	2.02513	9.63525	0
3.07426	9.6419	0.303556	3.07426	9.6419	0
4.11162	9.57559	0.319411	4.11162	9.57559	0
5.16202	9.64205	0.311737	5.16202	9.64205	0
6.21305	9.59322	0.328907	6.21305	9.59322	0
7.2659	9.58473	0.311357	7.2659	9.58473	0
8.25769	9.51306	0.341104	8.25769	9.51306	0
9.29632	9.61003	0.323893	9.29632	9.61003	0
10.3634	9.57888	0.292622	10.3634	9.57888	0
11.402	9.56437	0.310015	11.402	9.56437	0
-11.4223	9.53112	0.328495	-11.4223	9.53112	0
-10.3817	9.57868	0.330002	-10.3817	9.57868	0
-9.29221	9.58764	0.319811	-9.29221	9.58764	0
-8.31525	9.54149	0.344154	-8.31525	9.54149	0
-7.26315	9.62783	0.300019	-7.26315	9.62783	0
-6.24225	9.58712	0.332122	-6.24225	9.58712	0
-5.17825	9.54408	0.293833	-5.17825	9.54408	0
-4.1784	9.55351	0.327592	-4.1784	9.55351	0
-3.13601	9.63265	0.333279	-3.13601	9.63265	0
-2.13092	9.59509	0.311019	-2.13092	9.59509	0
-1.07011	9.61903	0.310383	-1.07011	9.61903	0
0.0104129	10.6799	0.33102	0.0104129	10.6799	0
0.99183	10.6972	0.291872	0.99183	10.6972	0
2.03442	10.6577	0.31618	2.03442	10.6577	0
3.04579	10.5962	0.325633	3.04579	10.5962	0
4.1301	10.5911	0.314006	4.1301	10.5911	0
5.20209	10.6013	0.287557	5.20209	10.6013	0
6.244	10.6104	0.320621	6.244	10.6104	0
7.20484	10.6195	0.334168	7.20484	10.6195	0
8.30679	10.5823	0.330532	8.30679	10.5823	0
9.31909	10.6031	0.315396	9.31909	10.6031	0
10.3803	10.6036	0.330286	10.3803	10.6036	0
11.3461	10.6042	0.306051	11.3461	10.6042	0
-11.4034	10.5652	0.284501	-11.4034	10.5652	0
-10.3399	10.6144	0.308391	-10.3399	10.6144	0
-9.28374	10.6111	0.306093	-9.28374	10.6111	0
-8.26556	10.649	0.324651	-8.26556	10.649	0
-7.20305	10.6166	0.294684	-7.20305	10.6166	0
-6.21263	10.5589	0.31435	-6.21263	10.5589	0
-5.20192	10.5826	0.310723	-5.20192	10.5826	0
-4.06177	10.6062	0.312704	-4.06177	10.6062	0
-3.08087	10.6288	0.301075	-3.08087	10.6288	0
-2.05963	10.6539	0.355081	-2.05963	10.6539	0
-1.04294	10.6517	0.312744	-1.04294	10.6517	0
0.00861212	11.6561	0.324677	0.00861212	11.6561	0
1.04658	11.6899	0.306534	1.04658	11.6899	0
2.07401	11.6678	0.312209	2.07401	11.6678	0
3.0833	11.62	0.320725	3.0833	11.62	0
4.0866	11.6311	0.316477	4.0866	11.6311	0
5.12482	11.638	0.283939	5.12482	11.638	0
6.20901	11.6319	0.303579	6.20901	11.6319	0
7.22929	11.6532	0.293593	7.22929	11.6532	0
8.20526	11.6705	0.335837	8.20526	11.6705	0
9.28328	11.6365	0.314196	9.28328	11.6365	0
10.2595	11.6396	0.334289	10.2595	11.6396	0
11.3644	11.6648	0.322169	11.3644	11.6648	0
-11.3394	11.5442	0.345678	-11.3394	11.5442	0
-10.3256	11.6102	0.328469	-10.3256	11.6102	0
-9.32208	11.6067	0.315156	-9.32208	11.6067	0
-8.30267	11.6261	0.32536	-8.30267	11.6261	0
-7.22718	11.6008	0.308159	-7.22718	11.6008	0
-6.20221	11.6044	0.329415	-6.20221	11.6044	0
-5.17433	11.6227	0.32033	-5.17433	11.6227	0
-4.11786	11.6453	0.332897	-4.11786	11.6453	0
-3.11025	11.6616	0.315294	-3.11025	11.6616	0
-2.06608	11.6688	0.341195	-2.06608	11.6688	0
-1.02692	11.7065	0.305938	-1.02692	11.7065	0
-0.0277274	-11.0741	0.298976	-0.0277274	-11.0741	0
1.01774	-11.061	0.303111	1.01774	-11.061	0
2.04927	-11.0141	0.32062	2.04927	-11.0141	0
3.10591	-11.1519	0.340871	3.10591	-11.1519	0
4.08957	-11.1147	0.318057	4.08957	-11.1147	0
5.16634	-11.1328	0.330623	5.16634	-11.1328	0
6.21422	-11.0757	0.32535	6.21422	-11.0757	0
7.16837	-11.0463	0.314111	7.16837	-11.0463	0
8.23563	-11.1323	0.33853	8.23563	-11.1323	0
9.28291	-11.1485	0.308698	9.28291	-11.1485	0
10.3104	-11.1146	0.324405	10.3104	-11.1146	0
11.3612	-11.0913	0.368223	11.3612	-11.0913	0
-11.3967	-11.0956	0.320432	-11.3967	-11.0956	0
-10.3895	-11.1595	0.314485	-10.3895	-11.1595	0
-9.34069	-11.2125	0.30357	-9.34069	-11.2125	0
-8.28559	-11.1385	0.333008	-8.28559	-11.1385	0
-7.25817	-11.1476	0.325044	-7.25817	-11.1476	0
-6.22244	-11.1703	0.290985	-6.22244	-11.1703	0
-5.22865	-11.1334	0.322946	-5.22865	-11.1334	0
-4.16835	-11.1763	0.310598	-4.16835	-11.1763	0
-3.09051	-11.0851	0.28601	-3.09051	-11.0851	0
-2.08742	-11.0333	0.303422	-2.08742	-11.0333	0
-1.01142	-11.0516	0.296234	-1.01142	-11.0516	0
0.00754401	-10.0479	0.336391	0.00754401	-10.0479	0
1.04223	-9.99101	0.32229	1.04223	-9.99101	0
2.05159	-9.99234	0.340851	2.05159	-9.99234	0
3.05674	-10.07	0.339083	3.05674	-10.07	0
4.07301	-10.092	0.33742	4.07301	-10.092	0
5.09178	-10.119	0.306421	5.09178	-10.119	0
6.12622	-10.0636	0.319557	6.12622	-10.0636	0
7.13691	-10.0966	0.312475	7.13691	-10.0966	0
8.2564	-10.1161	0.322071	8.2564	-10.1161	0
9.26945	-10.0696	0.314411	9.26945	-10.0696	0
10.2435	-10.095	0.336394	10.2435	-10.095	0
11.3411	-10.0224	0.313215	11.3411	-10.0224	0
-11.3447	-10.1125	0.293012	-11.3447	-10.1125	0
-10.4011	-10.136	0.319791	-10.4011	-10.136	0
-9.3602	-10.1162	0.321879	-9.3602	-10.1162	0
-8.30799	-10.1301	0.316296	-8.30799	-10.1301	0
-7.30717	-10.1343	0.3055	-7.30717	-10.1343	0
-6.21616	-10.1569	0.298019	-6.21616	-10.1569	0
-5.18449	-10.0889	0.307549	-5.18449	-10.0889	0
-4.20121	-10.1255	0.284891	-4.20121	-10.1255	0
-3.11003	-10.1033	0.313444	-3.11003	-10.1033	0
-2.12518	-10.0524	0.327556	-2.12518	-10.0524	0
-1.08306	-9.98748	0.343003	-1.08306	-9.98748	0
-0.0254902	-8.98027	0.30446	-0.0254902	-8.98027	0
0.982985	-8.96757	0.293855	0.982985	-8.96757	0
2.04447	-9.0112	0.300075	2.04447	-9.0112	0
3.09974	-9.10569	0.327199	3.09974	-9.10569	0
4.09561	-8.98907	0.315022	4.09561	-8.98907	0
5.09948	-9.10661	0.34999	5.09948	-9.10661	0
6.12113	-9.04488	0.327521	6.12113	-9.04488	0
7.17925	-9.04012	0.32836	7.17925	-9.04012	0
8.15403	-9.07079	0.313342	8.15403	-9.07079	0
9.21689	-9.07064	0.323892	9.21689	-9.07064	0
10.2654	-8.99678	0.331065	10.2654	-8.99678	0
11.3275	-9.01992	0.317112	11.3275	-9.01992	0
-11.3853	-9.05886	0.306615	-11.3853	-9.05886	0
-10.3208	-9.04075	0.308652	-10.3208	-9.04075	0
-9.33632	-9.0828	0.309823	-9.33632	-9.0828	0
-8.29549	-9.04659	0.289914	-8.29549	-9.04659	0
-7.29178	-9.03421	0.319773	-7.29178	-9.03421	0
-6.29313	-9.12148	0.291572	-6.29313	-9.12148	0
-5.25281	-9.06684	0.300737	-5.25281	-9.06684	0
-4.21069	-9.02632	0.310947	-4.21069	-9.02632	0
-3.18807	-9.10492	0.295339	-3.18807	-9.10492	0
-2.12978	-9.03972	0.32014	-2.12978	-9.03972	0
-1.05141	-8.98933	0.337733	-1.05141	-8.98933	0
-0.0347121	-7.93983	0.342635	-0.0347121	-7.93983	0
1.01272	-7.92456	0.304847	1.01272	-7.92456	0
2.07654	-7.98019	0.298734	2.07654	-7.98019	0
3.09638	-8.06814	0.326709	3.09638	-8.06814	0
4.07747	-7.98513	0.310876	4.07747	-7.98513	0
5.11192	-8.00978	0.301559	5.11192	-8.00978	0
6.12898	-8.02869	0.307928	6.12898	-8.02869	0
7.18669	-7.94205	0.331238	7.18669	-7.94205	0
8.24191	-8.0181	0.297767	8.24191	-8.0181	0
9.2124	-8.00232	0.296479	9.2124	-8.00232	0
10.263	-7.9467	0.291097	10.263	-7.9467	0
11.3698	-8.00805	0.336629	11.3698	-8.00805	0
-11.3378	-8.03286	0.318748	-11.3378	-8.03286	0
-10.3707	-8.04203	0.319786	-10.3707	-8.04203	0
-9.34886	-8.01048	0.297911	-9.34886	-8.01048	0
-8.31224	-8.01584	0.33753	-8.31224	-8.01584	0
-7.30673	-7.97648	0.330718	-7.30673	-7.97648	0
-6.28368	-8.04906	0.311828	-6.28368	-8.04906	0
-5.23432	-8.03951	0.34328	-5.23432	-8.03951	0
-4.17523	-8.04858	0.340114	-4.17523	-8.04858	0
-3.21039	-8.02225	0.308033	-3.21039	-8.02225	0
-2.09322	-7.95653	0.325223	-2.09322	-7.95653	0
-1.0953	-7.92517	0.324087	-1.0953	-7.92517	0
-0.0309074	-6.87856	0.308995	-0.0309074	-6.87856	0
1.01699	-6.95875	0.322856	1.01699	-6.95875	0
2.02798	-6.96534	0.326954	2.02798	-6.96534	0
3.06403	-6.93571	0.315581	3.06403	-6.93571	0
4.07496	-6.93605	0.302552	4.07496	-6.93605	0
5.1508	-6.96315	0.310582	5.1508	-6.96315	0
6.22406	-6.98805	0.325095	6.22406	-6.98805	0
7.22893	-6.95695	0.354939	7.22893	-6.95695	0
8.22448	-7.03457	0.343492	8.22448	-7.03457	0
9.1977	-7.04595	0.349077	9.1977	-7.04595	0
10.2335	-6.95258	0.333671	10.2335	-6.95258	0
11.3578	-7.00157	0.300295	11.3578	-7.00157	0
-11.3915	-7.00609	0.322992	-11.3915	-7.00609	0
-10.3685	-7.03382	0.319163	-10.3685	-7.03382	0
-9.31008	-6.97907	0.310458	-9.31008	-6.97907	0
-8.28494	-7.0325	0.309779	-8.28494	-7.0325	0
-7.25419	-6.95958	0.299549	-7.25419	-6.95958	0
-6.25675	-6.96704	0.328574	-6.25675	-6.96704	0
-5.23031	-6.93537	0.314855	-5.23031	-6.93537	0
-4.21337	-7.01736	0.340976	-4.21337	-7.01736	0
-3.18992	-6.96836	0.341459	-3.18992	-6.96836	0
-2.11597	-6.92987	0.264955	-2.11597	-6.92987	0
-1.09453	-6.9341	0.325389	-1.09453	-6.9341	0
-0.0221428	-5.89386	0.312107	-0.0221428	-5.89386	0
1.01178	-5.89373	0.314955	1.01178	-5.89373	0
2.07504	-5.90441	0.341821	2.07504	-5.90441	0
3.0552	-5.9016	0.32834	3.0552	-5.9016	0
4.14598	-5.8894	0.333327	4.14598	-5.8894	0
5.17561	-5.92657	0.274754	5.17561	-5.92657	0
6.22299	-6.00948	0.318688	6.22299	-6.00948	0
7.30047	-5.90768	0.310373	7.30047	-5.90768	0
8.31016	-6.03379	0.306181	8.31016	-6.03379	0
9.37785	-5.93913	0.335718	9.37785	-5.93913	0
10.3564	-5.87629	0.365507	10.3564	-5.87629	0
11.3288	-5.94821	0.309451	11.3288	-5.94821	0
-11.3974	-5.95529	0.286962	-11.3974	-5.95529	0
-10.3954	-5.99421	0.351649	-10.3954	-5.99421	0
-9.3195	-5.95126	0.311905	-9.3195	-5.95126	0
-8.32172	-5.9837	0.341318	-8.32172	-5.9837	0
-7.32885	-5.94512	0.312626	-7.32885	-5.94512	0
-6.24971	-5.91364	0.336813	-6.24971	-5.91364	0
-5.2707	-5.93501	0.35976	-5.2707	-5.93501	0
-4.21945	-5.92878	0.346914	-4.21945	-5.92878	0
-3.18431	-5.93514	0.311201	-3.18431	-5.93514	0
-2.10155	-5.91693	0.326798	-2.10155	-5.91693	0
-1.03473	-5.92081	0.314871	-1.03473	-5.92081	0
-0.0732701	-4.82765	0.2874	-0.0732701	-4.82765	0
0.995436	-4.83782	0.317421	0.995436	-4.83782	0
2.07812	-4.88227	0.317127	2.07812	-4.88227	0
3.14932	-4.83535	0.33982	3.14932	-4.83535	0
4.17365	-4.85614	0.325906	4.17365	-4.85614	0
5.25226	-4.917	0.311166	5.25226	-4.917	0
6.23626	-4.95618	0.311159	6.23626	-4.95618	0
7.27223	-4.91726	0.304381	7.27223	-4.91726	0
8.28622	-5.02314	0.308394	8.28622	-5.02314	0
9.31847	-4.92024	0.317889	9.31847	-4.92024	0
10.3532	-4.79279	0.303703	10.3532	-4.79279	0
11.3998	-4.8831	0.307083	11.3998	-4.8831	0
-11.368	-4.90313	0.325758	-11.368	-4.90313	0
-10.3646	-4.88056	0.295612	-10.3646	-4.88056	0
-9.33571	-4.8538	0.330588	-9.33571	-4.8538	0
-8.31011	-4.95305	0.312943	-8.31011	-4.95305	0
-7.32805	-4.8418	0.318002	-7.32805	-4.8418	0
-6.29525	-4.83871	0.29758	-6.29525	-4.83871	0
-5.22519	-4.87418	0.30923	-5.22519	-4.87418	0
-4.17969	-4.87535	0.336166	-4.17969	-4.87535	0
-3.1325	-4.89755	0.317819	-3.1325	-4.89755	0
-2.15292	-4.90568	0.319764	-2.15292	-4.90568	0
-1.15348	-4.87946	0.328908	-1.15348	-4.87946	0
-0.099814	-3.80999	0.283687	-0.099814	-3.80999	0
1.00577	-3.77987	0.324606	1.00577	-3.77987	0
2.0477	-3.78992	0.280486	2.0477	-3.78992	0
3.02835	-3.82123	0.320665	3.02835	-3.82123	0
4.11384	-3.85212	0.321082	4.11384	-3.85212	0
5.17474	-3.90809	0.332141	5.17474	-3.90809	0
6.19798	-3.9226	0.303332	6.19798	-3.9226	0
7.24586	-3.93475	0.302519	7.24586	-3.93475	0
8.27882	-3.91035	0.313533	8.27882	-3.91035	0
9.26478	-3.85968	0.332549	9.26478	-3.85968	0
10.3228	-3.80366	0.289148	10.3228	-3.80366	0
11.3922	-3.85429	0.310522	11.3922	-3.85429	0
-11.384	-3.84985	0.348169	-11.384	-3.84985	0
-10.3223	-3.8958	0.31568	-10.3223	-3.8958	0
-9.28336	-3.91807	0.339529	-9.28336	-3.91807	0
-8.29571	-3.93754	0.323526	-8.29571	-3.93754	0
-7.2687	-3.86039	0.345136	-7.2687	-3.86039	0
-6.28063	-3.84322	0.320812	-6.28063	-3.84322	0
-5.26694	-3.84977	0.299119	-5.26694	-3.84977	0
-4.23641	-3.85828	0.309402	-4.23641	-3.85828	0
-3.11231	-3.88346	0.32784	-3.11231	-3.88346	0
-2.11815	-3.80232	0.302673	-2.11815	-3.80232	0
-1.05797	-3.89039	0.320148	-1.05797	-3.89039	0
-0.0545896	-2.81515	0.283138	-0.0545896	-2.81515	0
0.958968	-2.77837	0.316086	0.958968	-2.77837	0
2.07963	-2.804	0.316237	2.07963	-2.804	0
3.15879	-2.77642	0.33483	3.15879	-2.77642	0
4.1493	-2.79824	0.321307	4.1493	-2.79824	0
5.13893	-2.87016	0.307532	5.13893	-2.87016	0
6.16889	-2.86209	0.31156	6.16889	-2.86209	0
7.22345	-2.85804	0.286582	7.22345	-2.85804	0
8.27564	-2.8496	0.314525	8.27564	-2.8496	0
9.29459	-2.77935	0.305483	9.29459	-2.77935	0
10.3405	-2.81662	0.32532	10.3405	-2.81662	0
11.3479	-2.82066	0.32425	11.3479	-2.82066	0
-11.3887	-2.82907	0.310936	-11.3887	-2.82907	0
-10.3557	-2.88271	0.321595	-10.3557	-2.88271	0
-9.34591	-2.85153	0.322642	-9.34591	-2.85153	0
-8.28756	-2.86486	0.336261	-8.28756	-2.86486	0
-7.26186	-2.84103	0.311859	-7.26186	-2.84103	0
-6.28628	-2.78707	0.32403	-6.28628	-2.78707	0
-5.17856	-2.81833	0.312511	-5.17856	-2.81833	0
-4.18064	-2.77923	0.30326	-4.18064	-2.77923	0
-3.16075	-2.84413	0.322801	-3.16075	-2.84413	0
-2.12494	-2.79785	0.336404	-2.12494	-2.79785	0
-1.08275	-2.87887	0.329978	-1.08275	-2.87887	0
-0.0573503	-1.79623	0.300522	-0.0573503	-1.79623	0
0.99801	-1.73749	0.299336	0.99801	-1.73749	0
1.99303	-1.79578	0.332297	1.99303	-1.79578	0
3.11309	-1.77205	0.322102	3.11309	-1.77205	0
4.09352	-1.77619	0.337047	4.09352	-1.77619	0
5.12677	-1.80927	0.308055	5.12677	-1.80927	0
6.18363	-1.84733	0.308056	6.18363	-1.84733	0
7.21154	-1.83916	0.314261	7.21154	-1.83916	0
8.22579	-1.80487	0.302507	8.22579	-1.80487	0
9.26551	-1.79777	0.308081	9.26551	-1.79777	0
10.3356	-1.74013	0.329187	10.3356	-1.74013	0
11.3585	-1.72042	0.318825	11.3585	-1.72042	0
-11.4828	-1.74478	0.292134	-11.4828	-1.74478	0
-10.3579	-1.82861	0.324732	-10.3579	-1.82861	0
-9.31733	-1.77283	0.302824	-9.31733	-1.77283	0
-8.28374	-1.7732	0.311456	-8.28374	-1.7732	0
-7.29717	-1.74897	0.308673	-7.29717	-1.74897	0
-6.30031	-1.78641	0.341208	-6.30031	-1.78641	0
-5.28289	-1.80216	0.34546	-5.28289	-1.80216	0
-4.2432	-1.73174	0.320834	-4.2432	-1.73174	0
-3.18577	-1.78664	0.306484	-3.18577	-1.78664	0
-2.12572	-1.80576	0.292102	-2.12572	-1.80576	0
-1.05241	-1.82585	0.320272	-1.05241	-1.82585	0
-0.0702448	-0.804608	0.313956	-0.0702448	-0.804608	0
0.889276	-0.701151	0.323999	0.889276	-0.701151	0
2.01926	-0.780168	0.32132	2.01926	-0.780168	0
3.05035	-0.760113	0.33228	3.05035	-0.760113	0
4.12777	-0.747957	0.319716	4.12777	-0.747957	0
5.16073	-0.750143	0.346106	5.16073	-0.750143	0
6.15367	-0.735386	0.329805	6.15367	-0.735386	0
7.17326	-0.831073	0.32491	7.17326	-0.831073	0
8.14889	-0.812398	0.309437	8.14889	-0.812398	0
9.25015	-0.824094	0.328758	9.25015	-0.824094	0
10.2637	-0.680713	0.322563	10.2637	-0.680713	0
11.3455	-0.699593	0.323648	11.3455	-0.699593	0
-11.4534	-0.740674	0.329787	-11.4534	-0.740674	0
-10.4082	-0.780129	0.271783	-10.4082	-0.780129	0
-9.37701	-0.762546	0.280268	-9.37701	-0.762546	0
-8.28146	-0.715967	0.339064	-8.28146	-0.715967	0
-7.23482	-0.758682	0.308516	-7.23482	-0.758682	0
-6.22324	-0.762505	0.297391	-6.22324	-0.762505	0
-5.21814	-0.78003	0.312599	-5.21814	-0.78003	0
-4.19478	-0.728889	0.319741	-4.19478	-0.728889	0
-3.16659	-0.707628	0.305529	-3.16659	-0.707628	0
-2.13125	-0.714802	0.328978	-2.13125	-0.714802	0
-1.07926	-0.790522	0.334877	-1.07926	-0.790522	0
