-0.398576	-0.419537	-0.3346	-0.398576	-0.419537	0
0.601464	-0.408911	-0.294345	0.601464	-0.408911	0
1.58504	-0.36979	-0.310338	1.58504	-0.36979	0
2.67672	-0.336079	-0.335263	2.67672	-0.336079	0
3.67632	-0.327642	-0.348402	3.67632	-0.327642	0
4.70571	-0.314188	-0.296921	4.70571	-0.314188	0
5.77015	-0.346575	-0.317882	5.77015	-0.346575	0
6.85226	-0.36119	-0.315017	6.85226	-0.36119	0
7.8739	-0.350497	-0.301121	7.8739	-0.350497	0
8.92356	-0.281827	-0.309849	8.92356	-0.281827	0
9.94754	-0.374492	-0.332874	9.94754	-0.374492	0
10.9499	-0.34736	-0.328908	10.9499	-0.34736	0
-11.7723	-0.315733	-0.327605	-11.7723	-0.315733	0
-10.8014	-0.278749	-0.339686	-10.8014	-0.278749	0
-9.73318	-0.3308	-0.310401	-9.73318	-0.3308	0
-8.66127	-0.34961	-0.296198	-8.66127	-0.34961	0
-7.6459	-0.371182	-0.309706	-7.6459	-0.371182	0
-6.6775	-0.345179	-0.297483	-6.6775	-0.345179	0
-5.60389	-0.431071	-0.310061	-5.60389	-0.431071	0
-4.5333	-0.376452	-0.335476	-4.5333	-0.376452	0
-3.54595	-0.355748	-0.331415	-3.54595	-0.355748	0
-2.47694	-0.367638	-0.283627	-2.47694	-0.367638	0
-1.45657	-0.422969	-0.323697	-1.45657	-0.422969	0
-0.408711	0.604068	-0.315604	-0.408711	0.604068	0
0.606261	0.573887	-0.286681	0.606261	0.573887	0
1.61305	0.655667	-0.269637	1.61305	0.655667	0
2.66157	0.73297	-0.302201	2.66157	0.73297	0
3.71122	0.725094	-0.311175	3.71122	0.725094	0
4.72179	0.668935	-0.309152	4.72179	0.668935	0
5.77791	0.679432	-0.293231	5.77791	0.679432	0
6.7947	0.659625	-0.293832	6.7947	0.659625	0
7.85027	0.679602	-0.327713	7.85027	0.679602	0
8.86794	0.733125	-0.322733	8.86794	0.733125	0
9.87923	0.697358	-0.302625	9.87923	0.697358	0
10.865	0.656496	-0.324552	10.865	0.656496	0
-11.8303	0.713996	-0.335614	-11.8303	0.713996	0
-10.7391	0.677915	-0.335842	-10.7391	0.677915	0
-9.73034	0.636536	-0.336006	-9.73034	0.636536	0
-8.73619	0.682833	-0.280605	-8.73619	0.682833	0
-7.67715	0.676927	-0.317263	-7.67715	0.676927	0
-6.63429	0.652161	-0.302802	-6.63429	0.652161	0
-5.59659	0.680803	-0.314126	-5.59659	0.680803	0
-4.55954	0.63319	-0.317532	-4.55954	0.63319	0
-3.47993	0.651656	-0.322151	-3.47993	0.651656	0
-2.48025	0.714958	-0.310641	-2.48025	0.714958	0
-1.43135	0.628262	-0.327057	-1.43135	0.628262	0
-0.477649	1.70912	-0.308049	-0.477649	1.70912	0
0.597271	1.67059	-0.328685	0.597271	1.67059	0
1.59043	1.70696	-0.325521	1.59043	1.70696	0
2.67706	1.7285	-0.298786	2.67706	1.7285	0
3.76484	1.79853	-0.323014	3.76484	1.79853	0
4.75021	1.75653	-0.316289	4.75021	1.75653	0
5.76241	1.74876	-0.327614	5.76241	1.74876	0
6.78175	1.72245	-0.341951	6.78175	1.72245	0
7.87274	1.71947	-0.319693	7.87274	1.71947	0
8.88903	1.73301	-0.31665	8.88903	1.73301	0
9.98661	1.7011	-0.335642	9.98661	1.7011	0
10.9731	1.67694	-0.310537	10.9731	1.67694	0
-11.837	1.72269	-0.321499	-11.837	1.72269	0
-10.7939	1.68357	-0.316332	-10.7939	1.68357	0
-9.75909	1.67327	-0.320532	-9.75909	1.67327	0
-8.6965	1.69658	-0.336046	-8.6965	1.69658	0
-7.59723	1.61354	-0.305469	-7.59723	1.61354	0
-6.62762	1.66736	-0.344059	-6.62762	1.66736	0
-5.60871	1.70597	-0.323553	-5.60871	1.70597	0
-4.54051	1.71649	-0.315509	-4.54051	1.71649	0
-3.50819	1.67655	-0.299085	-3.50819	1.67655	0
-2.47993	1.6893	-0.334198	-2.47993	1.6893	0
-1.46079	1.68085	-0.290091	-1.46079	1.68085	0
-0.417133	2.79414	-0.288178	-0.417133	2.79414	0
0.596319	2.73493	-0.32877	0.596319	2.73493	0
1.64536	2.7365	-0.32362	1.64536	2.7365	0
2.69239	2.74341	-0.305857	2.69239	2.74341	0
3.75386	2.84632	-0.299674	3.75386	2.84632	0
4.74437	2.79564	-0.31832	4.74437	2.79564	0
5.79994	2.77709	-0.32653	5.79994	2.77709	0
6.81735	2.69759	-0.326386	6.81735	2.69759	0
7.84626	2.72777	-0.343755	7.84626	2.72777	0
8.9141	2.74723	-0.309371	8.9141	2.74723	0
9.97376	2.7525	-0.309115	9.97376	2.7525	0
10.9752	2.71141	-0.307586	10.9752	2.71141	0
-11.8061	2.69793	-0.323069	-11.8061	2.69793	0
-10.683	2.73473	-0.317433	-10.683	2.73473	0
-9.6754	2.71052	-0.304289	-9.6754	2.71052	0
-8.6371	2.68425	-0.300645	-8.6371	2.68425	0
-7.63957	2.66458	-0.345453	-7.63957	2.66458	0
-6.61136	2.74227	-0.322677	-6.61136	2.74227	0
-5.5745	2.75367	-0.290115	-5.5745	2.75367	0
-4.59148	2.7811	-0.345297	-4.59148	2.7811	0
-3.47074	2.67019	-0.298739	-3.47074	2.67019	0
-2.48824	2.7764	-0.337222	-2.48824	2.7764	0
-1.4624	2.76795	-0.326345	-1.4624	2.76795	0
-0.381953	3.79271	-0.308025	-0.381953	3.79271	0
0.657526	3.80332	-0.303997	0.657526	3.80332	0
1.65085	3.77258	-0.307873	1.65085	3.77258	0
2.67565	3.80705	-0.320885	2.67565	3.80705	0
3.78368	3.79218	-0.341642	3.78368	3.79218	0
4.83469	3.82278	-0.331747	4.83469	3.82278	0
5.87143	3.73753	-0.31954	5.87143	3.73753	0
6.87452	3.75146	-0.30955	6.87452	3.75146	0
7.85962	3.80369	-0.317784	7.85962	3.80369	0
8.89304	3.75543	-0.309033	8.89304	3.75543	0
9.90587	3.73415	-0.316903	9.90587	3.73415	0
10.9448	3.81833	-0.308268	10.9448	3.81833	0
-11.7804	3.77328	-0.30566	-11.7804	3.77328	0
-10.7639	3.76978	-0.327087	-10.7639	3.76978	0
-9.67211	3.77804	-0.33317	-9.67211	3.77804	0
-8.62739	3.77144	-0.342717	-8.62739	3.77144	0
-7.64032	3.75132	-0.326527	-7.64032	3.75132	0
-6.57821	3.73475	-0.345069	-6.57821	3.73475	0
-5.60558	3.81212	-0.321847	-5.60558	3.81212	0
-4.55688	3.78614	-0.31081	-4.55688	3.78614	0
-3.57116	3.7356	-0.313405	-3.57116	3.7356	0
-2.50404	3.774	-0.313603	-2.50404	3.774	0
-1.48424	3.84136	-0.312829	-1.48424	3.84136	0
-0.320734	4.83697	-0.313494	-0.320734	4.83697	0
0.706805	4.86833	-0.302659	0.706805	4.86833	0
1.69684	4.80049	-0.323492	1.69684	4.80049	0
2.68583	4.79362	-0.308435	2.68583	4.79362	0
3.7297	4.82911	-0.307881	3.7297	4.82911	0
4.8178	4.81011	-0.326442	4.8178	4.81011	0
5.78839	4.80842	-0.327284	5.78839	4.80842	0
6.83703	4.79921	-0.346182	6.83703	4.79921	0
7.8388	4.82679	-0.29936	7.8388	4.82679	0
8.90544	4.75861	-0.325391	8.90544	4.75861	0
9.93648	4.83419	-0.327139	9.93648	4.83419	0
10.9734	4.86846	-0.310952	10.9734	4.86846	0
-11.755	4.82999	-0.335411	-11.755	4.82999	0
-10.7489	4.74307	-0.302768	-10.7489	4.74307	0
-9.69623	4.80177	-0.314352	-9.69623	4.80177	0
-8.70334	4.77589	-0.334159	-8.70334	4.77589	0
-7.61635	4.8381	-0.277884	-7.61635	4.8381	0
-6.55904	4.82321	-0.315634	-6.55904	4.82321	0
-5.553	4.82329	-0.309331	-5.553	4.82329	0
-4.57045	4.81965	-0.289231	-4.57045	4.81965	0
-3.48552	4.83234	-0.317064	-3.48552	4.83234	0
-2.4626	4.81289	-0.312838	-2.4626	4.81289	0
-1.40533	4.81941	-0.332307	-1.40533	4.81941	0
-0.380898	5.84058	-0.311277	-0.380898	5.84058	0
0.684633	5.88397	-0.299392	0.684633	5.88397	0
1.74573	5.83391	-0.330961	1.74573	5.83391	0
2.71131	5.89151	-0.315605	2.71131	5.89151	0
3.73625	5.84105	-0.302352	3.73625	5.84105	0
4.8156	5.85856	-0.285763	4.8156	5.85856	0
5.81703	5.84523	-0.320428	5.81703	5.84523	0
6.83411	5.8489	-0.356767	6.83411	5.8489	0
7.95228	5.7637	-0.297288	7.95228	5.7637	0
8.90391	5.84916	-0.282577	8.90391	5.84916	0
9.95153	5.83983	-0.304981	9.95153	5.83983	0
10.9848	5.897	-0.284643	10.9848	5.897	0
-11.8192	5.90279	-0.30875	-11.8192	5.90279	0
-10.7943	5.83944	-0.313872	-10.7943	5.83944	0
-9.76404	5.84036	-0.310328	-9.76404	5.84036	0
-8.69982	5.85341	-0.316642	-8.69982	5.85341	0
-7.63032	5.79944	-0.303771	-7.63032	5.79944	0
-6.61456	5.84371	-0.32112	-6.61456	5.84371	0
-5.5663	5.85246	-0.337133	-5.5663	5.85246	0
-4.53472	5.83755	-0.30735	-4.53472	5.83755	0
-3.51338	5.80781	-0.329229	-3.51338	5.80781	0
-2.42408	5.84637	-0.281928	-2.42408	5.84637	0
-1.41709	5.88442	-0.275375	-1.41709	5.88442	0
-0.33795	6.90621	-0.330295	-0.33795	6.90621	0
0.643634	6.88976	-0.346003	0.643634	6.88976	0
1.68661	6.87576	-0.301788	1.68661	6.87576	0
2.72232	6.89907	-0.345793	2.72232	6.89907	0
3.74928	6.88324	-0.341875	3.74928	6.88324	0
4.73554	6.94179	-0.312687	4.73554	6.94179	0
5.77228	6.91177	-0.320897	5.77228	6.91177	0
6.84133	6.85471	-0.312967	6.84133	6.85471	0
7.87083	6.84092	-0.312046	7.87083	6.84092	0
8.90907	6.84777	-0.315029	8.90907	6.84777	0
9.89194	6.86749	-0.32417	9.89194	6.86749	0
10.9767	6.92507	-0.32102	10.9767	6.92507	0
-11.7955	6.93247	-0.319718	-11.7955	6.93247	0
-10.7342	6.91931	-0.316041	-10.7342	6.91931	0
-9.67522	6.85628	-0.329322	-9.67522	6.85628	0
-8.67079	6.86405	-0.324081	-8.67079	6.86405	0
-7.64874	6.82203	-0.295854	-7.64874	6.82203	0
-6.65852	6.88747	-0.314672	-6.65852	6.88747	0
-5.56751	6.87974	-0.292264	-5.56751	6.87974	0
-4.5017	6.91663	-0.319492	-4.5017	6.91663	0
-3.53882	6.89852	-0.307851	-3.53882	6.89852	0
-2.46852	6.84443	-0.336898	-2.46852	6.84443	0
-1.43634	6.88553	-0.317656	-1.43634	6.88553	0
-0.397714	7.92881	-0.30994	-0.397714	7.92881	0
0.601768	7.96484	-0.303973	0.601768	7.96484	0
1.59661	7.91697	-0.285835	1.59661	7.91697	0
2.63454	7.94344	-0.321003	2.63454	7.94344	0
3.71686	7.91137	-0.308096	3.71686	7.91137	0
4.73761	7.91904	-0.310593	4.73761	7.91904	0
5.75352	7.92084	-0.324149	5.75352	7.92084	0
6.78398	7.89051	-0.315621	6.78398	7.89051	0
7.81269	7.86017	-0.332699	7.81269	7.86017	0
8.84382	7.89324	-0.309662	8.84382	7.89324	0
9.89575	7.98546	-0.298218	9.89575	7.98546	0
10.8896	7.93498	-0.311728	10.8896	7.93498	0
-11.8563	7.94482	-0.332605	-11.8563	7.94482	0
-10.7954	7.88945	-0.323149	-10.7954	7.88945	0
-9.71523	7.89592	-0.327614	-9.71523	7.89592	0
-8.68171	7.86877	-0.332165	-8.68171	7.86877	0
-7.69585	7.87875	-0.311321	-7.69585	7.87875	0
-6.58312	7.909	-0.307465	-6.58312	7.909	0
-5.62415	7.89666	-0.322565	-5.62415	7.89666	0
-4.53676	7.85656	-0.327212	-4.53676	7.85656	0
-3.53172	7.89852	-0.304406	-3.53172	7.89852	0
-2.50859	7.89865	-0.335529	-2.50859	7.89865	0
-1.44984	7.94533	-0.299095	-1.44984	7.94533	0
-0.464073	8.98947	-0.319145	-0.464073	8.98947	0
0.583636	8.97761	-0.303647	0.583636	8.97761	0
1.61117	8.90429	-0.317955	1.61117	8.90429	0
2.67192	8.92952	-0.326223	2.67192	8.92952	0
3.65432	8.92958	-0.297348	3.65432	8.92958	0
4.65984	8.96836	-0.311394	4.65984	8.96836	0
5.73719	8.96565	-0.30316	5.73719	8.96565	0
6.80103	8.92164	-0.312814	6.80103	8.92164	0
7.80929	8.9554	-0.298591	7.80929	8.9554	0
8.81407	8.90888	-0.326982	8.81407	8.90888	0
9.83532	8.9893	-0.314399	9.83532	8.9893	0
10.8829	8.95742	-0.335948	10.8829	8.95742	0
-11.8769	9.0067	-0.327219	-11.8769	9.0067	0
-10.8102	8.91013	-0.302015	-10.8102	8.91013	0
-9.74634	8.90491	-0.284866	-9.74634	8.90491	0
-8.72472	8.91674	-0.316133	-8.72472	8.91674	0
-7.6916	8.93396	-0.328286	-7.6916	8.93396	0
-6.62426	8.91589	-0.310472	-6.62426	8.91589	0
-5.6107	8.90371	-0.30184	-5.6107	8.90371	0
-4.56554	8.89088	-0.305269	-4.56554	8.89088	0
-3.50592	8.93961	-0.311603	-3.50592	8.93961	0
-2.50721	8.90897	-0.308054	-2.50721	8.90897	0
-1.45184	8.96935	-0.28489	-1.45184	8.96935	0
-0.433862	10.0103	-0.336452	-0.433862	10.0103	0
0.5861	9.96284	-0.305935	0.5861	9.96284	0
1.63848	9.93597	-0.29914	1.63848	9.93597	0
2.7091	9.95692	-0.30334	2.7091	9.95692	0
3.72189	9.95855	-0.310941	3.72189	9.95855	0
4.74587	9.98708	-0.338982	4.74587	9.98708	0
5.81028	10.0165	-0.321336	5.81028	10.0165	0
6.80735	10.016	-0.337209	6.80735	10.016	0
7.84605	9.94059	-0.290133	7.84605	9.94059	0
8.81475	9.95204	-0.328196	8.81475	9.95204	0
9.85464	9.98301	-0.316878	9.85464	9.98301	0
10.9674	10.0544	-0.312263	10.9674	10.0544	0
-11.8386	10.0071	-0.30927	-11.8386	10.0071	0
-10.7943	9.93152	-0.329685	-10.7943	9.93152	0
-9.72186	9.93822	-0.314716	-9.72186	9.93822	0
-8.73369	9.91417	-0.322738	-8.73369	9.91417	0
-7.75348	9.97721	-0.301861	-7.75348	9.97721	0
-6.70748	9.91709	-0.333071	-6.70748	9.91709	0
-5.63454	9.94783	-0.319056	-5.63454	9.94783	0
-4.59231	9.94734	-0.339092	-4.59231	9.94734	0
-3.52481	9.94812	-0.300776	-3.52481	9.94812	0
-2.49644	9.93862	-0.325986	-2.49644	9.93862	0
-1.4683	10.0078	-0.332767	-1.4683	10.0078	0
-0.455571	11.0458	-0.305242	-0.455571	11.0458	0
0.599539	11.0072	-0.332563	0.599539	11.0072	0
1.57855	11.0397	-0.306158	1.57855	11.0397	0
2.5956	11.0012	-0.309596	2.5956	11.0012	0
3.64854	10.9894	-0.323048	3.64854	10.9894	0
4.70857	11.0445	-0.3141	4.70857	11.0445	0
5.71159	11.0108	-0.317681	5.71159	11.0108	0
6.72858	11.0195	-0.322571	6.72858	11.0195	0
7.75618	11.0144	-0.301044	7.75618	11.0144	0
8.7907	10.9333	-0.319832	8.7907	10.9333	0
9.84674	11.0384	-0.329676	9.84674	11.0384	0
10.8976	11.0379	-0.314873	10.8976	11.0379	0
-11.8824	11.0775	-0.335119	-11.8824	11.0775	0
-10.8201	10.9566	-0.327789	-10.8201	10.9566	0
-9.81238	10.9116	-0.312813	-9.81238	10.9116	0
-8.76108	11.0266	-0.320422	-8.76108	11.0266	0
-7.69161	11.0458	-0.312232	-7.69161	11.0458	0
-6.69574	10.9367	-0.329779	-6.69574	10.9367	0
-5.63022	11.0656	-0.336298	-5.63022	11.0656	0
-4.58213	10.9944	-0.325003	-4.58213	10.9944	0
-3.57538	11.01	-0.309194	-3.57538	11.01	0
-2.53007	10.9937	-0.306754	-2.53007	10.9937	0
-1.47622	11.094	-0.307824	-1.47622	11.094	0
-0.476258	-11.6341	-0.336168	-0.476258	-11.6341	0
0.625551	-11.7178	-0.331722	0.625551	-11.7178	0
1.625	-11.7159	-0.291343	1.625	-11.7159	0
2.62666	-11.7518	-0.299205	2.62666	-11.7518	0
3.56502	-11.7545	-0.294491	3.56502	-11.7545	0
4.61282	-11.7323	-0.290965	4.61282	-11.7323	0
5.69762	-11.7204	-0.320106	5.69762	-11.7204	0
6.73664	-11.7352	-0.315829	6.73664	-11.7352	0
7.84053	-11.7635	-0.304755	7.84053	-11.7635	0
8.87342	-11.8061	-0.344994	8.87342	-11.8061	0
9.86822	-11.7336	-0.305848	9.86822	-11.7336	0
10.9287	-11.7575	-0.336196	10.9287	-11.7575	0
-11.8059	-11.7378	-0.289963	-11.8059	-11.7378	0
-10.843	-11.818	-0.298254	-10.843	-11.818	0
-9.7256	-11.7099	-0.35605	-9.7256	-11.7099	0
-8.74049	-11.7322	-0.322593	-8.74049	-11.7322	0
-7.67607	-11.7642	-0.307964	-7.67607	-11.7642	0
-6.64288	-11.7706	-0.29119	-6.64288	-11.7706	0
-5.66434	-11.7623	-0.309549	-5.66434	-11.7623	0
-4.59599	-11.7611	-0.325819	-4.59599	-11.7611	0
-3.56948	-11.6851	-0.321116	-3.56948	-11.6851	0
-2.5333	-11.7351	-0.29703	-2.5333	-11.7351	0
-1.43287	-11.6587	-0.336247	-1.43287	-11.6587	0
-0.401732	-10.6767	-0.327605	-0.401732	-10.6767	0
0.598635	-10.6512	-0.302382	0.598635	-10.6512	0
1.61251	-10.6856	-0.326149	1.61251	-10.6856	0
2.60658	-10.7362	-0.332707	2.60658	-10.7362	0
3.60761	-10.7398	-0.332241	3.60761	-10.7398	0
4.68331	-10.725	-0.328038	4.68331	-10.725	0
5.73628	-10.7079	-0.323906	5.73628	-10.7079	0
6.76893	-10.6872	-0.338443	6.76893	-10.6872	0
7.82823	-10.6946	-0.335136	7.82823	-10.6946	0
8.9119	-10.7169	-0.336888	8.9119	-10.7169	0
9.90392	-10.6599	-0.307456	9.90392	-10.6599	0
10.9391	-10.6769	-0.344882	10.9391	-10.6769	0
-11.8463	-10.6835	-0.33647	-11.8463	-10.6835	0
-10.7611	-10.7397	-0.325857	-10.7611	-10.7397	0
-9.73804	-10.6767	-0.327386	-9.73804	-10.6767	0
-8.72587	-10.6801	-0.347984	-8.72587	-10.6801	0
-7.61693	-10.6834	-0.315357	-7.61693	-10.6834	0
-6.58356	-10.7077	-0.311391	-6.58356	-10.7077	0
-5.54066	-10.6768	-0.312815	-5.54066	-10.6768	0
-4.58017	-10.7144	-0.327573	-4.58017	-10.7144	0
-3.50988	-10.6693	-0.327588	-3.50988	-10.6693	0
-2.43901	-10.7209	-0.305205	-2.43901	-10.7209	0
-1.4075	-10.6458	-0.336397	-1.4075	-10.6458	0
-0.339245	-9.61963	-0.349891	-0.339245	-9.61963	0
0.653215	-9.61867	-0.327488	0.653215	-9.61867	0
1.64839	-9.72795	-0.315749	1.64839	-9.72795	0
2.65903	-9.69716	-0.301053	2.65903	-9.69716	0
3.72463	-9.71048	-0.303999	3.72463	-9.71048	0
4.68254	-9.71909	-0.304013	4.68254	-9.71909	0
5.6897	-9.67497	-0.339979	5.6897	-9.67497	0
6.77598	-9.66409	-0.294	6.77598	-9.66409	0
7.80581	-9.69542	-0.313769	7.80581	-9.69542	0
8.88017	-9.6884	-0.320199	8.88017	-9.6884	0
9.96246	-9.63973	-0.286819	9.96246	-9.63973	0
10.9878	-9.64219	-0.33002	10.9878	-9.64219	0
-11.7694	-9.62135	-0.302099	-11.7694	-9.62135	0
-10.6736	-9.71187	-0.310768	-10.6736	-9.71187	0
-9.69079	-9.6931	-0.322944	-9.69079	-9.6931	0
-8.65621	-9.66675	-0.323738	-8.65621	-9.66675	0
-7.64875	-9.65357	-0.342245	-7.64875	-9.65357	0
-6.59745	-9.64184	-0.333714	-6.59745	-9.64184	0
-5.51763	-9.64007	-0.299893	-5.51763	-9.64007	0
-4.51784	-9.65649	-0.303537	-4.51784	-9.65649	0
-3.4766	-9.6966	-0.318372	-3.4766	-9.6966	0
-2.45558	-9.68741	-0.314101	-2.45558	-9.68741	0
-1.42578	-9.62764	-0.290033	-1.42578	-9.62764	0
-0.392725	-8.58445	-0.330268	-0.392725	-8.58445	0
0.665012	-8.56542	-0.316747	0.665012	-8.56542	0
1.72178	-8.61315	-0.31845	1.72178	-8.61315	0
2.69554	-8.63551	-0.305752	2.69554	-8.63551	0
3.72845	-8.61842	-0.284727	3.72845	-8.61842	0
4.70779	-8.6088	-0.291723	4.70779	-8.6088	0
5.72994	-8.59536	-0.340021	5.72994	-8.59536	0
6.76993	-8.63405	-0.316534	6.76993	-8.63405	0
7.81183	-8.65219	-0.316994	7.81183	-8.65219	0
8.88088	-8.63504	-0.303146	8.88088	-8.63504	0
9.95028	-8.6021	-0.300272	9.95028	-8.6021	0
11.017	-8.58739	-0.321396	11.017	-8.58739	0
-11.7208	-8.62565	-0.320931	-11.7208	-8.62565	0
-10.7095	-8.64908	-0.327261	-10.7095	-8.64908	0
-9.68605	-8.61314	-0.324391	-9.68605	-8.61314	0
-8.6617	-8.59263	-0.320299	-8.6617	-8.59263	0
-7.65584	-8.59562	-0.295674	-7.65584	-8.59562	0
-6.63277	-8.59854	-0.349927	-6.63277	-8.59854	0
-5.59921	-8.60209	-0.313118	-5.59921	-8.60209	0
-4.51479	-8.67106	-0.301131	-4.51479	-8.67106	0
-3.49775	-8.62506	-0.332145	-3.49775	-8.62506	0
-2.45282	-8.64956	-0.319052	-2.45282	-8.64956	0
-1.41457	-8.64809	-0.333418	-1.41457	-8.64809	0
-0.379728	-7.54475	-0.31207	-0.379728	-7.54475	0
0.600621	-7.56316	-0.326196	0.600621	-7.56316	0
1.64348	-7.61684	-0.329292	1.64348	-7.61684	0
2.6749	-7.59532	-0.315367	2.6749	-7.59532	0
3.68074	-7.59584	-0.344024	3.68074	-7.59584	0
4.69093	-7.57999	-0.3375	4.69093	-7.57999	0
5.76118	-7.5571	-0.303901	5.76118	-7.5571	0
6.82162	-7.57898	-0.336827	6.82162	-7.57898	0
7.81881	-7.56999	-0.310981	7.81881	-7.56999	0
8.86228	-7.59902	-0.330469	8.86228	-7.59902	0
9.88026	-7.58303	-0.322025	9.88026	-7.58303	0
10.9314	-7.60204	-0.352638	10.9314	-7.60204	0
-11.7916	-7.50075	-0.31032	-11.7916	-7.50075	0
-10.7596	-7.59171	-0.32437	-10.7596	-7.59171	0
-9.71684	-7.59773	-0.331887	-9.71684	-7.59773	0
-8.67382	-7.53258	-0.337503	-8.67382	-7.53258	0
-7.6077	-7.52332	-0.328621	-7.6077	-7.52332	0
-6.59784	-7.58582	-0.338927	-6.59784	-7.58582	0
-5.56888	-7.5807	-0.293025	-5.56888	-7.5807	0
-4.55121	-7.59501	-0.292971	-4.55121	-7.59501	0
-3.4887	-7.62689	-0.322163	-3.4887	-7.62689	0
-2.50086	-7.60191	-0.30007	-2.50086	-7.60191	0
-1.42109	-7.6251	-0.322405	-1.42109	-7.6251	0
-0.463841	-6.50965	-0.315032	-0.463841	-6.50965	0
0.613335	-6.49275	-0.320461	0.613335	-6.49275	0
1.6382	-6.53204	-0.267661	1.6382	-6.53204	0
2.6774	-6.55807	-0.325949	2.6774	-6.55807	0
3.73167	-6.58039	-0.335842	3.73167	-6.58039	0
4.7354	-6.54902	-0.30892	4.7354	-6.54902	0
5.77602	-6.52898	-0.297766	5.77602	-6.52898	0
6.85563	-6.51855	-0.336551	6.85563	-6.51855	0
7.89987	-6.4998	-0.310837	7.89987	-6.4998	0
8.90823	-6.55046	-0.323318	8.90823	-6.55046	0
9.92154	-6.53425	-0.301976	9.92154	-6.53425	0
10.932	-6.58185	-0.338712	10.932	-6.58185	0
-11.7674	-6.48398	-0.336616	-11.7674	-6.48398	0
-10.7202	-6.54471	-0.318305	-10.7202	-6.54471	0
-9.66525	-6.52603	-0.322485	-9.66525	-6.52603	0
-8.63257	-6.52698	-0.321394	-8.63257	-6.52698	0
-7.65643	-6.51333	-0.320645	-7.65643	-6.51333	0
-6.58977	-6.52765	-0.330491	-6.58977	-6.52765	0
-5.58657	-6.56276	-0.323595	-5.58657	-6.56276	0
-4.55051	-6.55694	-0.311301	-4.55051	-6.55694	0
-3.55572	-6.58799	-0.2962	-3.55572	-6.58799	0
-2.46883	-6.58247	-0.299156	-2.46883	-6.58247	0
-1.46009	-6.51757	-0.330297	-1.46009	-6.51757	0
-0.390834	-5.50423	-0.329195	-0.390834	-5.50423	0
0.6518	-5.48171	-0.324363	0.6518	-5.48171	0
1.70567	-5.51072	-0.331207	1.70567	-5.51072	0
2.75962	-5.52716	-0.317504	2.75962	-5.52716	0
3.72839	-5.49954	-0.324932	3.72839	-5.49954	0
4.77362	-5.51475	-0.33236	4.77362	-5.51475	0
5.77625	-5.51862	-0.3226	5.77625	-5.51862	0
6.84422	-5.49352	-0.3	6.84422	-5.49352	0
7.87049	-5.51734	-0.325648	7.87049	-5.51734	0
8.94878	-5.46564	-0.324773	8.94878	-5.46564	0
9.93349	-5.50096	-0.320135	9.93349	-5.50096	0
10.9373	-5.51136	-0.294001	10.9373	-5.51136	0
-11.7865	-5.48709	-0.325679	-11.7865	-5.48709	0
-10.7175	-5.44452	-0.3288	-10.7175	-5.44452	0
-9.65741	-5.46049	-0.33123	-9.65741	-5.46049	0
-8.62658	-5.47729	-0.303887	-8.62658	-5.47729	0
-7.63753	-5.4814	-0.311035	-7.63753	-5.4814	0
-6.61036	-5.52428	-0.305456	-6.61036	-5.52428	0
-5.62052	-5.4774	-0.305698	-5.62052	-5.4774	0
-4.5062	-5.49117	-0.337373	-4.5062	-5.49117	0
-3.52504	-5.51268	-0.340377	-3.52504	-5.51268	0
-2.46452	-5.5629	-0.327672	-2.46452	-5.5629	0
-1.42283	-5.53365	-0.307558	-1.42283	-5.53365	0
-0.423047	-4.509	-0.303616	-0.423047	-4.509	0
0.596281	-4.51243	-0.286069	0.596281	-4.51243	0
1.66846	-4.5134	-0.30905	1.66846	-4.5134	0
2.66341	-4.48614	-0.340973	2.66341	-4.48614	0
3.77347	-4.48087	-0.324871	3.77347	-4.48087	0
4.77933	-4.52238	-0.300769	4.77933	-4.52238	0
5.76014	-4.52945	-0.340904	5.76014	-4.52945	0
6.86312	-4.49627	-0.3371	6.86312	-4.49627	0
7.88293	-4.46161	-0.351242	7.88293	-4.46161	0
8.94225	-4.40578	-0.340269	8.94225	-4.40578	0
9.93519	-4.49988	-0.321638	9.93519	-4.49988	0
10.9661	-4.45067	-0.295609	10.9661	-4.45067	0
-11.7454	-4.46855	-0.321643	-11.7454	-4.46855	0
-10.7385	-4.43681	-0.339048	-10.7385	-4.43681	0
-9.71273	-4.47799	-0.326246	-9.71273	-4.47799	0
-8.60296	-4.46071	-0.323777	-8.60296	-4.46071	0
-7.60496	-4.4337	-0.323814	-7.60496	-4.4337	0
-6.56681	-4.45233	-0.302229	-6.56681	-4.45233	0
-5.57241	-4.48218	-0.319244	-5.57241	-4.48218	0
-4.53279	-4.53863	-0.311714	-4.53279	-4.53863	0
-3.49869	-4.47748	-0.322905	-3.49869	-4.47748	0
-2.4882	-4.47328	-0.322416	-2.4882	-4.47328	0
-1.49647	-4.49627	-0.311231	-1.49647	-4.49627	0
-0.448529	-3.4261	-0.32663	-0.448529	-3.4261	0
0.561383	-3.46139	-0.315	0.561383	-3.46139	0
1.61223	-3.50324	-0.342869	1.61223	-3.50324	0
2.64771	-3.3948	-0.334448	2.64771	-3.3948	0
3.73879	-3.43491	-0.327096	3.73879	-3.43491	0
4.69879	-3.42907	-0.338063	4.69879	-3.42907	0
5.82768	-3.45009	-0.350045	5.82768	-3.45009	0
6.80506	-3.43236	-0.299746	6.80506	-3.43236	0
7.83664	-3.41933	-0.318851	7.83664	-3.41933	0
8.9119	-3.36411	-0.320208	8.9119	-3.36411	0
9.97488	-3.46424	-0.319225	9.97488	-3.46424	0
10.9843	-3.48148	-0.318084	10.9843	-3.48148	0
-11.7646	-3.4366	-0.318314	-11.7646	-3.4366	0
-10.7186	-3.34142	-0.32341	-10.7186	-3.34142	0
-9.70703	-3.40171	-0.32055	-9.70703	-3.40171	0
-8.66238	-3.39861	-0.293111	-8.66238	-3.39861	0
-7.60929	-3.41692	-0.305793	-7.60929	-3.41692	0
-6.57815	-3.47825	-0.3065	-6.57815	-3.47825	0
-5.57785	-3.45319	-0.338091	-5.57785	-3.45319	0
-4.55537	-3.49149	-0.310879	-4.55537	-3.49149	0
-3.55019	-3.51843	-0.320559	-3.55019	-3.51843	0
-2.5359	-3.46069	-0.319788	-2.5359	-3.46069	0
-1.44282	-3.49062	-0.314934	-1.44282	-3.49062	0
-0.414406	-2.41302	-0.347388	-0.414406	-2.41302	0
0.598529	-2.45745	-0.32957	0.598529	-2.45745	0
1.64049	-2.40464	-0.331805	1.64049	-2.40464	0
2.65356	-2.39094	-0.317779	2.65356	-2.39094	0
3.75724	-2.37335	-0.315065	3.75724	-2.37335	0
4.77685	-2.36796	-0.287925	4.77685	-2.36796	0
5.76709	-2.45459	-0.334912	5.76709	-2.45459	0
6.81455	-2.41198	-0.306235	6.81455	-2.41198	0
7.87472	-2.43348	-0.314019	7.87472	-2.43348	0
8.95004	-2.28169	-0.324394	8.95004	-2.28169	0
9.95552	-2.38565	-0.330774	9.95552	-2.38565	0
10.9811	-2.39924	-0.341375	10.9811	-2.39924	0
-11.7453	-2.41627	-0.296701	-11.7453	-2.41627	0
-10.7271	-2.32279	-0.339366	-10.7271	-2.32279	0
-9.69697	-2.38792	-0.33994	-9.69697	-2.38792	0
-8.63151	-2.38792	-0.304811	-8.63151	-2.38792	0
-7.64766	-2.42776	-0.324176	-7.64766	-2.42776	0
-6.58559	-2.46709	-0.324789	-6.58559	-2.46709	0
-5.5661	-2.43329	-0.329104	-5.5661	-2.43329	0
-4.51198	-2.43718	-0.314042	-4.51198	-2.43718	0
-3.49512	-2.48103	-0.315686	-3.49512	-2.48103	0
-2.45852	-2.45183	-0.335487	-2.45852	-2.45183	0
-1.47346	-2.49981	-0.3175	-1.47346	-2.49981	0
-0.399343	-1.45453	-0.321932	-0.399343	-1.45453	0
0.601034	-1.42825	-0.312973	0.601034	-1.42825	0
1.58817	-1.42622	-0.321492	1.58817	-1.42622	0
2.67815	-1.33046	-0.315473	2.67815	-1.33046	0
3.71649	-1.37867	-0.344373	3.71649	-1.37867	0
4.7971	-1.39824	-0.331745	4.7971	-1.39824	0
5.79827	-1.39329	-0.294851	5.79827	-1.39329	0
6.81122	-1.35246	-0.297732	6.81122	-1.35246	0
7.93396	-1.37257	-0.345999	7.93396	-1.37257	0
8.92655	-1.28628	-0.337123	8.92655	-1.28628	0
9.97038	-1.35275	-0.31561	9.97038	-1.35275	0
10.9672	-1.36319	-0.287736	10.9672	-1.36319	0
-11.8258	-1.43429	-0.313223	-11.8258	-1.43429	0
-10.8203	-1.30503	-0.309661	-10.8203	-1.30503	0
-9.68928	-1.37617	-0.301155	-9.68928	-1.37617	0
-8.65939	-1.29977	-0.28978	-8.65939	-1.29977	0
-7.62515	-1.41038	-0.32116	-7.62515	-1.41038	0
-6.53175	-1.42299	-0.31525	-6.53175	-1.42299	0
-5.49046	-1.46771	-0.330006	-5.49046	-1.46771	0
-4.49585	-1.40939	-0.334946	-4.49585	-1.40939	0
-3.53849	-1.44665	-0.325458	-3.53849	-1.44665	0
-2.50127	-1.43917	-0.329626	-2.50127	-1.43917	0
-1.45441	-1.46303	-0.314467	-1.45441	-1.46303	0
0.112799	0.0701029	0.342178	0.112799	0.0701029	0
1.08742	0.109352	0.337208	1.08742	0.109352	0
2.20295	0.167718	0.313227	2.20295	0.167718	0
3.18361	0.182367	0.315433	3.18361	0.182367	0
4.18071	0.181785	0.339282	4.18071	0.181785	0
5.28944	0.137392	0.327144	5.28944	0.137392	0
6.3157	0.144991	0.334991	6.3157	0.144991	0
7.35929	0.197946	0.319449	7.35929	0.197946	0
8.38599	0.176829	0.331604	8.38599	0.176829	0
9.38898	0.187453	0.315732	9.38898	0.187453	0
10.3774	0.161356	0.326823	10.3774	0.161356	0
11.4284	0.149353	0.292833	11.4284	0.149353	0
-11.3107	0.196763	0.302979	-11.3107	0.196763	0
-10.2863	0.162403	0.300066	-10.2863	0.162403	0
-9.22186	0.140753	0.335551	-9.22186	0.140753	0
-8.16771	0.158007	0.344516	-8.16771	0.158007	0
-7.12939	0.130615	0.332206	-7.12939	0.130615	0
-6.09043	0.162768	0.314515	-6.09043	0.162768	0
-5.10207	0.117014	0.305983	-5.10207	0.117014	0
-3.98745	0.133912	0.32162	-3.98745	0.133912	0
-2.97721	0.130891	0.304304	-2.97721	0.130891	0
-1.94986	0.125487	0.32484	-1.94986	0.125487	0
-0.944146	0.0828252	0.304666	-0.944146	0.0828252	0
0.0404303	1.15848	0.308254	0.0404303	1.15848	0
1.08986	1.15694	0.337072	1.08986	1.15694	0
2.09464	1.2395	0.298013	2.09464	1.2395	0
3.20415	1.23319	0.335232	3.20415	1.23319	0
4.21948	1.26789	0.313135	4.21948	1.26789	0
5.22701	1.22883	0.307372	5.22701	1.22883	0
6.29036	1.23578	0.331016	6.29036	1.23578	0
7.30381	1.22784	0.319017	7.30381	1.22784	0
8.35494	1.23111	0.307663	8.35494	1.23111	0
9.38231	1.22743	0.32907	9.38231	1.22743	0
10.4331	1.1721	0.318756	10.4331	1.1721	0
11.4568	1.15693	0.325028	11.4568	1.15693	0
-11.2734	1.19722	0.311497	-11.2734	1.19722	0
-10.3154	1.17515	0.326797	-10.3154	1.17515	0
-9.26063	1.15099	0.337114	-9.26063	1.15099	0
-8.22829	1.1888	0.318646	-8.22829	1.1888	0
-7.12686	1.15174	0.327176	-7.12686	1.15174	0
-6.11047	1.1857	0.337686	-6.11047	1.1857	0
-5.08683	1.19761	0.319962	-5.08683	1.19761	0
-4.07359	1.15595	0.323532	-4.07359	1.15595	0
-2.97182	1.18	0.306111	-2.97182	1.18	0
-1.99928	1.16628	0.35503	-1.99928	1.16628	0
-0.961429	1.15131	0.324177	-0.961429	1.15131	0
0.0818873	2.16365	0.278572	0.0818873	2.16365	0
1.1219	2.21877	0.305508	1.1219	2.21877	0
2.14257	2.22682	0.296405	2.14257	2.22682	0
3.20186	2.2416	0.297496	3.20186	2.2416	0
4.27161	2.23393	0.332647	4.27161	2.23393	0
5.31676	2.28283	0.308112	5.31676	2.28283	0
6.30506	2.23735	0.306933	6.30506	2.23735	0
7.30764	2.2337	0.313456	7.30764	2.2337	0
8.40474	2.2239	0.329442	8.40474	2.2239	0
9.46476	2.20874	0.307003	9.46476	2.20874	0
10.4532	2.22845	0.321457	10.4532	2.22845	0
11.4448	2.23527	0.33963	11.4448	2.23527	0
-11.2624	2.23185	0.304952	-11.2624	2.23185	0
-10.2094	2.17449	0.312651	-10.2094	2.17449	0
-9.19051	2.1645	0.316423	-9.19051	2.1645	0
-8.16448	2.16305	0.310367	-8.16448	2.16305	0
-7.11477	2.19998	0.324403	-7.11477	2.19998	0
-6.06764	2.17658	0.310094	-6.06764	2.17658	0
-5.0663	2.23202	0.313657	-5.0663	2.23202	0
-4.09378	2.2787	0.336744	-4.09378	2.2787	0
-2.99686	2.18239	0.321813	-2.99686	2.18239	0
-1.98927	2.24121	0.309875	-1.98927	2.24121	0
-0.949444	2.2813	0.313	-0.949444	2.2813	0
0.120781	3.27425	0.322829	0.120781	3.27425	0
1.09077	3.21684	0.328189	1.09077	3.21684	0
2.15165	3.247	0.322112	2.15165	3.247	0
3.18781	3.31204	0.303497	3.18781	3.31204	0
4.30621	3.31251	0.320666	4.30621	3.31251	0
5.31131	3.29019	0.340999	5.31131	3.29019	0
6.39049	3.24814	0.327792	6.39049	3.24814	0
7.35392	3.25664	0.326581	7.35392	3.25664	0
8.36456	3.23752	0.28675	8.36456	3.23752	0
9.4533	3.23492	0.336234	9.4533	3.23492	0
10.4676	3.24629	0.323376	10.4676	3.24629	0
11.4971	3.27165	0.304153	11.4971	3.27165	0
-11.2413	3.25706	0.314036	-11.2413	3.25706	0
-10.1305	3.20435	0.311799	-10.1305	3.20435	0
-9.16047	3.26298	0.313136	-9.16047	3.26298	0
-8.1022	3.1815	0.327068	-8.1022	3.1815	0
-7.13042	3.2439	0.308698	-7.13042	3.2439	0
-6.10097	3.29949	0.301744	-6.10097	3.29949	0
-5.06539	3.27564	0.299456	-5.06539	3.27564	0
-4.07455	3.21989	0.319094	-4.07455	3.21989	0
-2.99946	3.24183	0.285664	-2.99946	3.24183	0
-1.94604	3.27055	0.339063	-1.94604	3.27055	0
-0.980776	3.31905	0.331544	-0.980776	3.31905	0
0.1421	4.36782	0.325193	0.1421	4.36782	0
1.13469	4.30302	0.302427	1.13469	4.30302	0
2.18476	4.27993	0.335298	2.18476	4.27993	0
3.22684	4.32632	0.316771	3.22684	4.32632	0
4.29951	4.3205	0.278219	4.29951	4.3205	0
5.3347	4.31293	0.327044	5.3347	4.31293	0
6.37277	4.2854	0.311274	6.37277	4.2854	0
7.40051	4.29938	0.316588	7.40051	4.29938	0
8.42156	4.26525	0.327764	8.42156	4.26525	0
9.41868	4.25566	0.31258	9.41868	4.25566	0
10.3998	4.31299	0.317818	10.3998	4.31299	0
11.4917	4.34182	0.325198	11.4917	4.34182	0
-11.2661	4.31381	0.331766	-11.2661	4.31381	0
-10.2438	4.17559	0.322433	-10.2438	4.17559	0
-9.1225	4.28498	0.367108	-9.1225	4.28498	0
-8.09747	4.23615	0.316325	-8.09747	4.23615	0
-7.09233	4.31199	0.315238	-7.09233	4.31199	0
-6.09737	4.27862	0.32272	-6.09737	4.27862	0
-5.04083	4.30768	0.322449	-5.04083	4.30768	0
-4.01487	4.30482	0.333165	-4.01487	4.30482	0
-2.99185	4.31515	0.310799	-2.99185	4.31515	0
-1.97887	4.28272	0.305889	-1.97887	4.28272	0
-0.882685	4.30464	0.30949	-0.882685	4.30464	0
0.184163	5.35047	0.322086	0.184163	5.35047	0
1.21695	5.38785	0.308675	1.21695	5.38785	0
2.21368	5.3247	0.337874	2.21368	5.3247	0
3.23707	5.35746	0.279453	3.23707	5.35746	0
4.31409	5.31111	0.321547	4.31409	5.31111	0
5.33653	5.37083	0.344656	5.33653	5.37083	0
6.34533	5.35547	0.30462	6.34533	5.35547	0
7.3505	5.35756	0.289139	7.3505	5.35756	0
8.42091	5.27389	0.317452	8.42091	5.27389	0
9.37736	5.31751	0.319471	9.37736	5.31751	0
10.4334	5.34804	0.288169	10.4334	5.34804	0
11.484	5.33109	0.30613	11.484	5.33109	0
-11.2903	5.33813	0.297442	-11.2903	5.33813	0
-10.2541	5.32142	0.331655	-10.2541	5.32142	0
-9.21272	5.33466	0.310719	-9.21272	5.33466	0
-8.18594	5.28576	0.283418	-8.18594	5.28576	0
-7.08606	5.2981	0.320954	-7.08606	5.2981	0
-6.06228	5.31742	0.328645	-6.06228	5.31742	0
-5.04608	5.34006	0.301675	-5.04608	5.34006	0
-3.99999	5.31424	0.324984	-3.99999	5.31424	0
-2.96323	5.32913	0.339141	-2.96323	5.32913	0
-1.89647	5.29683	0.326	-1.89647	5.29683	0
-0.884342	5.2943	0.306516	-0.884342	5.2943	0
0.139511	6.34972	0.338211	0.139511	6.34972	0
1.20471	6.38759	0.308729	1.20471	6.38759	0
2.19757	6.37785	0.321589	2.19757	6.37785	0
3.20659	6.39124	0.294016	3.20659	6.39124	0
4.25292	6.35684	0.315814	4.25292	6.35684	0
5.29976	6.37707	0.301357	5.29976	6.37707	0
6.28535	6.38959	0.303619	6.28535	6.38959	0
7.42077	6.30868	0.339835	7.42077	6.30868	0
8.39907	6.34816	0.30431	8.39907	6.34816	0
9.43588	6.34439	0.336342	9.43588	6.34439	0
10.403	6.39194	0.327768	10.403	6.39194	0
11.5101	6.4224	0.323428	11.5101	6.4224	0
-11.2721	6.38392	0.299574	-11.2721	6.38392	0
-10.2367	6.33782	0.307504	-10.2367	6.33782	0
-9.24952	6.38404	0.311554	-9.24952	6.38404	0
-8.13792	6.34227	0.317547	-8.13792	6.34227	0
-7.15056	6.30691	0.330551	-7.15056	6.30691	0
-6.1501	6.33452	0.315204	-6.1501	6.33452	0
-5.02942	6.3407	0.29116	-5.02942	6.3407	0
-4.04425	6.3567	0.325798	-4.04425	6.3567	0
-3.00767	6.34632	0.286831	-3.00767	6.34632	0
-1.92472	6.34522	0.321525	-1.92472	6.34522	0
-0.867861	6.37427	0.336417	-0.867861	6.37427	0
0.146786	7.40817	0.318108	0.146786	7.40817	0
1.11112	7.38684	0.302342	1.11112	7.38684	0
2.18117	7.3808	0.321288	2.18117	7.3808	0
3.17571	7.41497	0.314792	3.17571	7.41497	0
4.2371	7.42888	0.314665	4.2371	7.42888	0
5.28082	7.43547	0.308699	5.28082	7.43547	0
6.29771	7.4166	0.323379	6.29771	7.4166	0
7.30775	7.31908	0.327398	7.30775	7.31908	0
8.36301	7.38585	0.303707	8.36301	7.38585	0
9.39638	7.39695	0.312105	9.39638	7.39695	0
10.4781	7.45053	0.333109	10.4781	7.45053	0
11.4656	7.45623	0.320996	11.4656	7.45623	0
-11.264	7.40866	0.328468	-11.264	7.40866	0
-10.2469	7.40276	0.314888	-10.2469	7.40276	0
-9.24769	7.39845	0.302045	-9.24769	7.39845	0
-8.1851	7.38408	0.337344	-8.1851	7.38408	0
-7.17061	7.40037	0.327792	-7.17061	7.40037	0
-6.08021	7.35188	0.323959	-6.08021	7.35188	0
-5.07991	7.36184	0.332877	-5.07991	7.36184	0
-4.01767	7.42872	0.322607	-4.01767	7.42872	0
-2.98662	7.37127	0.289186	-2.98662	7.37127	0
-1.92941	7.39197	0.329191	-1.92941	7.39197	0
-0.962877	7.41523	0.31436	-0.962877	7.41523	0
0.030505	8.46331	0.323433	0.030505	8.46331	0
1.05102	8.49204	0.322158	1.05102	8.49204	0
2.11213	8.42142	0.314597	2.11213	8.42142	0
3.16656	8.40583	0.321057	3.16656	8.40583	0
4.21352	8.41	0.322757	4.21352	8.41	0
5.21204	8.45723	0.297004	5.21204	8.45723	0
6.26558	8.43529	0.301249	6.26558	8.43529	0
7.26219	8.3385	0.330736	7.26219	8.3385	0
8.28917	8.40292	0.308755	8.28917	8.40292	0
9.34932	8.45753	0.297811	9.34932	8.45753	0
10.3902	8.53143	0.302152	10.3902	8.53143	0
11.3897	8.42767	0.306145	11.3897	8.42767	0
-11.3888	8.45621	0.343762	-11.3888	8.45621	0
-10.3131	8.394	0.316542	-10.3131	8.394	0
-9.21496	8.44511	0.332072	-9.21496	8.44511	0
-8.1841	8.43157	0.328567	-8.1841	8.43157	0
-7.12226	8.42758	0.308798	-7.12226	8.42758	0
-6.08627	8.37237	0.334667	-6.08627	8.37237	0
-5.07551	8.34124	0.295988	-5.07551	8.34124	0
-4.04371	8.44805	0.330577	-4.04371	8.44805	0
-3.02173	8.37529	0.331965	-3.02173	8.37529	0
-1.99258	8.39402	0.323884	-1.99258	8.39402	0
-0.972086	8.45227	0.302634	-0.972086	8.45227	0
0.0545786	9.52306	0.329252	0.0545786	9.52306	0
1.06626	9.46197	0.345673	1.06626	9.46197	0
2.14346	9.45013	0.297455	2.14346	9.45013	0
3.16348	9.41169	0.325017	3.16348	9.41169	0
4.17968	9.43755	0.33869	4.17968	9.43755	0
5.26095	9.49611	0.307246	5.26095	9.49611	0
6.25545	9.4902	0.302608	6.25545	9.4902	0
7.27372	9.44122	0.313139	7.27372	9.44122	0
8.30353	9.43516	0.3552	8.30353	9.43516	0
9.32427	9.42563	0.33633	9.32427	9.42563	0
10.4043	9.52303	0.329019	10.4043	9.52303	0
11.3803	9.46266	0.329963	11.3803	9.46266	0
-11.3164	9.43829	0.313014	-11.3164	9.43829	0
-10.2879	9.43619	0.298271	-10.2879	9.43619	0
-9.25384	9.49971	0.325864	-9.25384	9.49971	0
-8.18803	9.42461	0.344394	-8.18803	9.42461	0
-7.18152	9.47124	0.332335	-7.18152	9.47124	0
-6.12837	9.4362	0.307979	-6.12837	9.4362	0
-5.07304	9.41847	0.303436	-5.07304	9.41847	0
-4.08536	9.44593	0.293239	-4.08536	9.44593	0
-3.00808	9.42813	0.331145	-3.00808	9.42813	0
-1.97473	9.46094	0.322121	-1.97473	9.46094	0
-0.975961	9.48266	0.30486	-0.975961	9.48266	0
0.0750364	10.5902	0.334006	0.0750364	10.5902	0
1.0992	10.4572	0.328826	1.0992	10.4572	0
2.08773	10.5249	0.326279	2.08773	10.5249	0
3.20625	10.4911	0.312143	3.20625	10.4911	0
4.26768	10.4912	0.310592	4.26768	10.4912	0
5.27034	10.5069	0.333629	5.27034	10.5069	0
6.27962	10.49	0.31944	6.27962	10.49	0
7.2772	10.5082	0.334612	7.2772	10.5082	0
8.31742	10.4508	0.338042	8.31742	10.4508	0
9.30892	10.4551	0.288373	9.30892	10.4551	0
10.3844	10.5573	0.297916	10.3844	10.5573	0
11.5032	10.5544	0.328422	11.5032	10.5544	0
-11.3069	10.4921	0.334343	-11.3069	10.4921	0
-10.2748	10.428	0.293312	-10.2748	10.428	0
-9.22053	10.4944	0.32127	-9.22053	10.4944	0
-8.22486	10.4938	0.321984	-8.22486	10.4938	0
-7.2274	10.5203	0.324489	-7.2274	10.5203	0
-6.14497	10.4075	0.320857	-6.14497	10.4075	0
-5.11428	10.4568	0.320476	-5.11428	10.4568	0
-4.04675	10.4946	0.325762	-4.04675	10.4946	0
-3.03988	10.4933	0.29249	-3.03988	10.4933	0
-1.95008	10.5354	0.303946	-1.95008	10.5354	0
-0.94021	10.5207	0.327916	-0.94021	10.5207	0
0.030443	11.5461	0.299767	0.030443	11.5461	0
1.06527	11.5839	0.293887	1.06527	11.5839	0
2.10346	11.5445	0.310464	2.10346	11.5445	0
3.09424	11.4709	0.322657	3.09424	11.4709	0
4.11708	11.5559	0.323239	4.11708	11.5559	0
5.2042	11.5313	0.321207	5.2042	11.5313	0
6.22324	11.5344	0.290894	6.22324	11.5344	0
7.26872	11.5409	0.328538	7.26872	11.5409	0
8.32499	11.4859	0.304061	8.32499	11.4859	0
9.31727	11.5274	0.327593	9.31727	11.5274	0
10.3905	11.551	0.297448	10.3905	11.551	0
11.3731	11.569	0.332335	11.3731	11.569	0
-11.3769	11.4435	0.331813	-11.3769	11.4435	0
-10.3012	11.5074	0.314469	-10.3012	11.5074	0
-9.28151	11.5585	0.272538	-9.28151	11.5585	0
-8.21395	11.5275	0.329092	-8.21395	11.5275	0
-7.15178	11.5354	0.334104	-7.15178	11.5354	0
-6.15246	11.4563	0.303382	-6.15246	11.4563	0
-5.09954	11.5193	0.295627	-5.09954	11.5193	0
-4.06353	11.5665	0.316081	-4.06353	11.5665	0
-3.06673	11.547	0.334222	-3.06673	11.547	0
-1.98486	11.6114	0.324533	-1.98486	11.6114	0
-0.939035	11.6193	0.319784	-0.939035	11.6193	0
0.0547552	-11.2038	0.315825	0.0547552	-11.2038	0
1.10394	-11.2034	0.323487	1.10394	-11.2034	0
2.11397	-11.2386	0.310578	2.11397	-11.2386	0
3.12841	-11.2372	0.341074	3.12841	-11.2372	0
4.14125	-11.1987	0.327901	4.14125	-11.1987	0
5.21988	-11.2525	0.306706	5.21988	-11.2525	0
6.30708	-11.2184	0.290949	6.30708	-11.2184	0
7.32244	-11.2215	0.310243	7.32244	-11.2215	0
8.34413	-11.202	0.285537	8.34413	-11.202	0
9.40074	-11.2579	0.292228	9.40074	-11.2579	0
10.4272	-11.2101	0.295379	10.4272	-11.2101	0
11.4127	-11.2508	0.290998	11.4127	-11.2508	0
-11.2762	-11.199	0.32468	-11.2762	-11.199	0
-10.2391	-11.2666	0.324198	-10.2391	-11.2666	0
-9.21677	-11.1718	0.300727	-9.21677	-11.1718	0
-8.1784	-11.2076	0.301807	-8.1784	-11.2076	0
-7.18906	-11.2516	0.32363	-7.18906	-11.2516	0
-6.12291	-11.2297	0.313841	-6.12291	-11.2297	0
-5.09522	-11.236	0.305026	-5.09522	-11.236	0
-4.02426	-11.2365	0.326605	-4.02426	-11.2365	0
-3.04262	-11.1928	0.329388	-3.04262	-11.1928	0
-1.93397	-11.2314	0.325604	-1.93397	-11.2314	0
-0.908813	-11.1167	0.303555	-0.908813	-11.1167	0
0.127658	-10.1497	0.338765	0.127658	-10.1497	0
1.10196	-10.1686	0.320915	1.10196	-10.1686	0
2.10031	-10.1875	0.335314	2.10031	-10.1875	0
3.13837	-10.2148	0.334652	3.13837	-10.2148	0
4.13737	-10.2051	0.293231	4.13737	-10.2051	0
5.23974	-10.2122	0.298974	5.23974	-10.2122	0
6.25086	-10.2104	0.331333	6.25086	-10.2104	0
7.29149	-10.1737	0.299609	7.29149	-10.1737	0
8.33571	-10.1551	0.301306	8.33571	-10.1551	0
9.37365	-10.1566	0.34087	9.37365	-10.1566	0
10.4519	-10.1395	0.283784	10.4519	-10.1395	0
11.4321	-10.1772	0.312747	11.4321	-10.1772	0
-11.3092	-10.1852	0.312311	-11.3092	-10.1852	0
-10.2434	-10.2639	0.313564	-10.2434	-10.2639	0
-9.20547	-10.1755	0.352267	-9.20547	-10.1755	0
-8.19216	-10.178	0.306909	-8.19216	-10.178	0
-7.08453	-10.1836	0.30196	-7.08453	-10.1836	0
-6.05485	-10.1276	0.302464	-6.05485	-10.1276	0
-5.02344	-10.1813	0.31665	-5.02344	-10.1813	0
-4.04006	-10.1924	0.329328	-4.04006	-10.1924	0
-2.99595	-10.1691	0.325194	-2.99595	-10.1691	0
-1.91566	-10.2244	0.311967	-1.91566	-10.2244	0
-0.863003	-10.1337	0.315334	-0.863003	-10.1337	0
0.173088	-9.12514	0.301677	0.173088	-9.12514	0
1.16984	-9.09091	0.322315	1.16984	-9.09091	0
2.21258	-9.12501	0.324184	2.21258	-9.12501	0
3.19568	-9.19377	0.312283	3.19568	-9.19377	0
4.17934	-9.16995	0.337223	4.17934	-9.16995	0
5.18814	-9.14609	0.306774	5.18814	-9.14609	0
6.19674	-9.14654	0.296724	6.19674	-9.14654	0
7.28034	-9.09774	0.304532	7.28034	-9.09774	0
8.32131	-9.1597	0.294095	8.32131	-9.1597	0
9.4173	-9.12559	0.315447	9.4173	-9.12559	0
10.4842	-9.10171	0.299691	10.4842	-9.10171	0
11.5168	-9.11956	0.338913	11.5168	-9.11956	0
-11.1891	-9.14268	0.318386	-11.1891	-9.14268	0
-10.206	-9.19054	0.333054	-10.206	-9.19054	0
-9.17663	-9.16633	0.320216	-9.17663	-9.16633	0
-8.19286	-9.12812	0.27831	-8.19286	-9.12812	0
-7.14253	-9.16156	0.339477	-7.14253	-9.16156	0
-6.13343	-9.11403	0.312139	-6.13343	-9.11403	0
-5.05267	-9.15978	0.310019	-5.05267	-9.15978	0
-3.95983	-9.15369	0.284352	-3.95983	-9.15369	0
-2.96068	-9.14785	0.320032	-2.96068	-9.14785	0
-1.95242	-9.13889	0.328561	-1.95242	-9.13889	0
-0.87014	-9.09767	0.300723	-0.87014	-9.09767	0
0.138789	-8.06751	0.316752	0.138789	-8.06751	0
1.1492	-8.04581	0.313702	1.1492	-8.04581	0
2.13036	-8.10947	0.347139	2.13036	-8.10947	0
3.18402	-8.11394	0.326478	3.18402	-8.11394	0
4.23199	-8.09646	0.334649	4.23199	-8.09646	0
5.21403	-8.07529	0.317489	5.21403	-8.07529	0
6.27591	-8.12726	0.303468	6.27591	-8.12726	0
7.31199	-8.08398	0.316126	7.31199	-8.08398	0
8.34502	-8.11885	0.301625	8.34502	-8.11885	0
9.38796	-8.13272	0.315346	9.38796	-8.13272	0
10.4386	-8.0837	0.322679	10.4386	-8.0837	0
11.467	-8.04289	0.32522	11.467	-8.04289	0
-11.2756	-8.07342	0.324048	-11.2756	-8.07342	0
-10.1933	-8.13028	0.3327	-10.1933	-8.13028	0
-9.1368	-8.10942	0.324939	-9.1368	-8.10942	0
-8.1091	-8.04053	0.305333	-8.1091	-8.04053	0
-7.08314	-8.14275	0.338056	-7.08314	-8.14275	0
-6.12714	-8.08867	0.300226	-6.12714	-8.08867	0
-5.02589	-8.15453	0.295335	-5.02589	-8.15453	0
-4.01185	-8.15948	0.312694	-4.01185	-8.15948	0
-2.97731	-8.11106	0.328411	-2.97731	-8.11106	0
-1.95871	-8.15427	0.320302	-1.95871	-8.15427	0
-0.939364	-8.06189	0.323627	-0.939364	-8.06189	0
0.103788	-7.0407	0.303471	0.103788	-7.0407	0
1.07915	-7.01741	0.300197	1.07915	-7.01741	0
2.1264	-7.09619	0.337801	2.1264	-7.09619	0
3.2181	-7.08788	0.32953	3.2181	-7.08788	0
4.21095	-7.09045	0.295201	4.21095	-7.09045	0
5.27111	-7.06748	0.330926	5.27111	-7.06748	0
6.35615	-7.06898	0.299086	6.35615	-7.06898	0
7.35415	-7.03978	0.28541	7.35415	-7.03978	0
8.39728	-7.05495	0.304636	8.39728	-7.05495	0
9.40559	-7.0778	0.310162	9.40559	-7.0778	0
10.3876	-7.05974	0.314361	10.3876	-7.05974	0
11.4928	-7.02544	0.337934	11.4928	-7.02544	0
-11.2194	-7.03069	0.309466	-11.2194	-7.03069	0
-10.2248	-7.07913	0.328816	-10.2248	-7.07913	0
-9.23664	-7.12993	0.342624	-9.23664	-7.12993	0
-8.10181	-7.06843	0.323278	-8.10181	-7.06843	0
-7.08263	-7.03579	0.309303	-7.08263	-7.03579	0
-6.09474	-7.07542	0.313628	-6.09474	-7.07542	0
-5.07849	-7.05643	0.319655	-5.07849	-7.05643	0
-4.02522	-7.07921	0.317701	-4.02522	-7.07921	0
-3.02329	-7.09729	0.314956	-3.02329	-7.09729	0
-1.91176	-7.10312	0.304663	-1.91176	-7.10312	0
-0.922507	-7.02497	0.318182	-0.922507	-7.02497	0
0.103938	-6.05411	0.319933	0.103938	-6.05411	0
1.16453	-5.97083	0.301886	1.16453	-5.97083	0
2.22024	-6.01743	0.286031	2.22024	-6.01743	0
3.22591	-6.07595	0.332435	3.22591	-6.07595	0
4.20969	-6.01876	0.308103	4.20969	-6.01876	0
5.2191	-6.0252	0.318002	5.2191	-6.0252	0
6.30113	-6.00358	0.312937	6.30113	-6.00358	0
7.37899	-6.06534	0.309326	7.37899	-6.06534	0
8.40147	-5.96969	0.297442	8.40147	-5.96969	0
9.40473	-5.97369	0.330586	9.40473	-5.97369	0
10.4394	-6.04032	0.330861	10.4394	-6.04032	0
11.5241	-6.04358	0.319399	11.5241	-6.04358	0
-11.186	-5.98941	0.310228	-11.186	-5.98941	0
-10.2058	-6.03716	0.322048	-10.2058	-6.03716	0
-9.15225	-5.98737	0.326382	-9.15225	-5.98737	0
-8.13721	-6.02815	0.337871	-8.13721	-6.02815	0
-7.10994	-6.02535	0.317588	-7.10994	-6.02535	0
-6.09819	-6.05025	0.330609	-6.09819	-6.05025	0
-5.0356	-6.00672	0.321324	-5.0356	-6.00672	0
-4.02871	-5.96139	0.30984	-4.02871	-5.96139	0
-2.99264	-6.03762	0.326275	-2.99264	-6.03762	0
-1.95438	-6.05396	0.308077	-1.95438	-6.05396	0
-0.934939	-6.00991	0.313965	-0.934939	-6.00991	0
0.123147	-5.03617	0.302556	0.123147	-5.03617	0
1.14292	-4.97384	0.311913	1.14292	-4.97384	0
2.24583	-5.00522	0.326514	2.24583	-5.00522	0
3.21311	-4.95806	0.325035	3.21311	-4.95806	0
4.24226	-5.00286	0.323358	4.24226	-5.00286	0
5.2883	-5.00327	0.328646	5.2883	-5.00327	0
6.34131	-4.98189	0.29846	6.34131	-4.98189	0
7.40326	-4.97312	0.331352	7.40326	-4.97312	0
8.43856	-4.96078	0.270474	8.43856	-4.96078	0
9.43944	-4.92518	0.343257	9.43944	-4.92518	0
10.4329	-4.99115	0.319076	10.4329	-4.99115	0
11.4968	-5.03559	0.30654	11.4968	-5.03559	0
-11.1927	-4.91277	0.333879	-11.1927	-4.91277	0
-10.1903	-4.98542	0.339237	-10.1903	-4.98542	0
-9.18677	-4.95867	0.308743	-9.18677	-4.95867	0
-8.13459	-4.97318	0.302522	-8.13459	-4.97318	0
-7.11648	-4.96359	0.329612	-7.11648	-4.96359	0
-6.0961	-4.9742	0.319363	-6.0961	-4.9742	0
-5.07227	-5.03625	0.322566	-5.07227	-5.03625	0
-4.02307	-4.98418	0.32414	-4.02307	-4.98418	0
-2.9447	-5.03518	0.318032	-2.9447	-5.03518	0
-1.95776	-5.01748	0.286487	-1.95776	-5.01748	0
-0.946101	-4.96258	0.317383	-0.946101	-4.96258	0
0.084141	-3.9984	0.347799	0.084141	-3.9984	0
1.10029	-4.01139	0.309342	1.10029	-4.01139	0
2.21295	-3.95353	0.322231	2.21295	-3.95353	0
3.19496	-3.96749	0.290672	3.19496	-3.96749	0
4.24087	-3.96348	0.296723	4.24087	-3.96348	0
5.2611	-3.96683	0.297356	5.2611	-3.96683	0
6.30766	-3.97776	0.308752	6.30766	-3.97776	0
7.31279	-3.9692	0.293689	7.31279	-3.9692	0
8.36906	-3.9178	0.302983	8.36906	-3.9178	0
9.41149	-3.91664	0.323726	9.41149	-3.91664	0
10.426	-3.95344	0.339962	10.426	-3.95344	0
11.5472	-3.98927	0.328993	11.5472	-3.98927	0
-11.1911	-3.89469	0.295865	-11.1911	-3.89469	0
-10.1772	-3.91196	0.292091	-10.1772	-3.91196	0
-9.1704	-3.93783	0.300786	-9.1704	-3.93783	0
-8.15154	-3.92399	0.314169	-8.15154	-3.92399	0
-7.14321	-3.96123	0.340272	-7.14321	-3.96123	0
-6.08564	-3.97351	0.338059	-6.08564	-3.97351	0
-5.06472	-4.0164	0.316597	-5.06472	-4.0164	0
-4.06948	-3.98732	0.324321	-4.06948	-3.98732	0
-2.98532	-4.01078	0.312982	-2.98532	-4.01078	0
-1.94913	-3.99826	0.315235	-1.94913	-3.99826	0
-0.904506	-3.95384	0.33438	-0.904506	-3.95384	0
0.047321	-2.92228	0.304024	0.047321	-2.92228	0
1.16367	-2.95701	0.29432	1.16367	-2.95701	0
2.15077	-2.94569	0.322025	2.15077	-2.94569	0
3.19332	-2.89675	0.316839	3.19332	-2.89675	0
4.23588	-2.90328	0.298255	4.23588	-2.90328	0
5.28786	-2.98471	0.308758	5.28786	-2.98471	0
6.28338	-2.88759	0.326274	6.28338	-2.88759	0
7.31172	-2.88843	0.30827	7.31172	-2.88843	0
8.4324	-2.85702	0.311551	8.4324	-2.85702	0
9.4548	-2.8687	0.308892	9.4548	-2.8687	0
10.4626	-2.94096	0.290755	10.4626	-2.94096	0
11.4943	-2.94927	0.324759	11.4943	-2.94927	0
-11.2065	-2.88347	0.319337	-11.2065	-2.88347	0
-10.2475	-2.79692	0.346044	-10.2475	-2.79692	0
-9.17349	-2.89738	0.317358	-9.17349	-2.89738	0
-8.12921	-2.91735	0.321461	-8.12921	-2.91735	0
-7.08789	-2.8501	0.339009	-7.08789	-2.8501	0
-6.08881	-2.96823	0.323884	-6.08881	-2.96823	0
-5.10052	-2.97774	0.308482	-5.10052	-2.97774	0
-4.03801	-2.94128	0.318543	-4.03801	-2.94128	0
-3.05415	-2.95811	0.322613	-3.05415	-2.95811	0
-2.01151	-3.00929	0.314888	-2.01151	-3.00929	0
-0.953839	-2.92628	0.328587	-0.953839	-2.92628	0
0.114117	-1.9158	0.326768	0.114117	-1.9158	0
1.12942	-1.98702	0.325834	1.12942	-1.98702	0
2.1314	-1.89486	0.298197	2.1314	-1.89486	0
3.18359	-1.89972	0.335575	3.18359	-1.89972	0
4.22597	-1.82496	0.337513	4.22597	-1.82496	0
5.28869	-1.9177	0.306526	5.28869	-1.9177	0
6.26418	-1.90678	0.310541	6.26418	-1.90678	0
7.34672	-1.88783	0.306064	7.34672	-1.88783	0
8.33595	-1.87255	0.32412	8.33595	-1.87255	0
9.45761	-1.88208	0.311958	9.45761	-1.88208	0
10.4555	-1.86458	0.346912	10.4555	-1.86458	0
11.4344	-1.93328	0.323277	11.4344	-1.93328	0
-11.2697	-1.85169	0.310751	-11.2697	-1.85169	0
-10.2262	-1.82555	0.335886	-10.2262	-1.82555	0
-9.13689	-1.91841	0.308548	-9.13689	-1.91841	0
-8.12346	-1.90967	0.327438	-8.12346	-1.90967	0
-7.075	-1.89937	0.281253	-7.075	-1.89937	0
-6.06294	-1.9596	0.334454	-6.06294	-1.9596	0
-4.96706	-1.9343	0.321871	-4.96706	-1.9343	0
-3.99665	-1.91355	0.318099	-3.99665	-1.91355	0
-2.97917	-1.95449	0.293866	-2.97917	-1.95449	0
-1.98972	-1.97646	0.295563	-1.98972	-1.97646	0
-0.949359	-1.96319	0.332985	-0.949359	-1.96319	0
0.0666781	-0.917793	0.321623	0.0666781	-0.917793	0
1.1316	-0.933089	0.325129	1.1316	-0.933089	0
2.10854	-0.863898	0.326117	2.10854	-0.863898	0
3.19997	-0.874747	0.310275	3.19997	-0.874747	0
4.22399	-0.805227	0.321839	4.22399	-0.805227	0
5.26761	-0.910817	0.327795	5.26761	-0.910817	0
6.32525	-0.851354	0.33786	6.32525	-0.851354	0
7.3845	-0.913052	0.309315	7.3845	-0.913052	0
8.43345	-0.838086	0.305217	8.43345	-0.838086	0
9.47829	-0.811594	0.330121	9.47829	-0.811594	0
10.4404	-0.801647	0.348199	10.4404	-0.801647	0
11.4761	-0.86393	0.317513	11.4761	-0.86393	0
-11.3366	-0.827261	0.313704	-11.3366	-0.827261	0
-10.2614	-0.817279	0.288217	-10.2614	-0.817279	0
-9.25014	-0.871937	0.342813	-9.25014	-0.871937	0
-8.15182	-0.868087	0.336994	-8.15182	-0.868087	0
-7.10905	-0.873369	0.308269	-7.10905	-0.873369	0
-6.07395	-0.912846	0.334028	-6.07395	-0.912846	0
-5.05293	-0.916545	0.29554	-5.05293	-0.916545	0
-4.03568	-0.855807	0.30177	-4.03568	-0.855807	0
-3.01304	-0.897389	0.323661	-3.01304	-0.897389	0
-1.98762	-0.903672	0.321999	-1.98762	-0.903672	0
-0.924358	-0.949425	0.310237	-0.924358	-0.949425	0
