-0.597817	-0.278217	-0.321098	-0.597817	-0.278217	0
0.427957	-0.327441	-0.328396	0.427957	-0.327441	0
1.4734	-0.388251	-0.335078	1.4734	-0.388251	0
2.50095	-0.328699	-0.330087	2.50095	-0.328699	0
3.48231	-0.389397	-0.288198	3.48231	-0.389397	0
4.52478	-0.413736	-0.326699	4.52478	-0.413736	0
5.55623	-0.371964	-0.323645	5.55623	-0.371964	0
6.63492	-0.325535	-0.326138	6.63492	-0.325535	0
7.67851	-0.327482	-0.306325	7.67851	-0.327482	0
8.71659	-0.321455	-0.311896	8.71659	-0.321455	0
9.70681	-0.33351	-0.329252	9.70681	-0.33351	0
10.7889	-0.364181	-0.330438	10.7889	-0.364181	0
11.8341	-0.384682	-0.304796	11.8341	-0.384682	0
-10.9458	-0.305348	-0.333697	-10.9458	-0.305348	0
-9.90957	-0.407151	-0.323555	-9.90957	-0.407151	0
-8.90901	-0.396246	-0.332088	-8.90901	-0.396246	0
-7.85078	-0.420378	-0.331986	-7.85078	-0.420378	0
-6.81599	-0.381862	-0.328061	-6.81599	-0.381862	0
-5.78281	-0.351197	-0.331144	-5.78281	-0.351197	0
-4.75069	-0.3525	-0.350844	-4.75069	-0.3525	0
-3.7484	-0.33038	-0.292258	-3.7484	-0.33038	0
-2.69471	-0.339467	-0.321996	-2.69471	-0.339467	0
-1.62538	-0.314863	-0.322534	-1.62538	-0.314863	0
-0.55814	0.719959	-0.319501	-0.55814	0.719959	0
0.441309	0.712919	-0.306923	0.441309	0.712919	0
1.53654	0.70112	-0.336074	1.53654	0.70112	0
2.49895	0.729994	-0.314645	2.49895	0.729994	0
3.50262	0.669457	-0.338838	3.50262	0.669457	0
4.57055	0.667403	-0.314407	4.57055	0.667403	0
5.55025	0.671124	-0.319844	5.55025	0.671124	0
6.61236	0.697036	-0.328642	6.61236	0.697036	0
7.68437	0.729101	-0.325352	7.68437	0.729101	0
8.65329	0.66632	-0.318393	8.65329	0.66632	0
9.78432	0.695008	-0.333271	9.78432	0.695008	0
10.7938	0.696177	-0.270347	10.7938	0.696177	0
11.7957	0.702554	-0.278852	11.7957	0.702554	0
-10.9091	0.736051	-0.350747	-10.9091	0.736051	0
-9.90781	0.655711	-0.325389	-9.90781	0.655711	0
-8.8645	0.643527	-0.311969	-8.8645	0.643527	0
-7.83785	0.627928	-0.321094	-7.83785	0.627928	0
-6.83681	0.698066	-0.326796	-6.83681	0.698066	0
-5.7746	0.68229	-0.329493	-5.7746	0.68229	0
-4.74714	0.730771	-0.328114	-4.74714	0.730771	0
-3.66122	0.744684	-0.31734	-3.66122	0.744684	0
-2.65351	0.705462	-0.284023	-2.65351	0.705462	0
-1.69826	0.729475	-0.336007	-1.69826	0.729475	0
-0.53867	1.73638	-0.325731	-0.53867	1.73638	0
0.45642	1.67954	-0.321843	0.45642	1.67954	0
1.43643	1.7685	-0.337287	1.43643	1.7685	0
2.49251	1.77234	-0.326028	2.49251	1.77234	0
3.55613	1.74941	-0.291637	3.55613	1.74941	0
4.58694	1.71526	-0.323045	4.58694	1.71526	0
5.66414	1.701	-0.336888	5.66414	1.701	0
6.65393	1.71158	-0.330138	6.65393	1.71158	0
7.69515	1.74808	-0.292135	7.69515	1.74808	0
8.77071	1.72026	-0.304361	8.77071	1.72026	0
9.81584	1.69228	-0.324255	9.81584	1.69228	0
10.8076	1.68947	-0.317167	10.8076	1.68947	0
11.8238	1.72733	-0.322462	11.8238	1.72733	0
-10.865	1.72623	-0.318684	-10.865	1.72623	0
-9.84714	1.71475	-0.324395	-9.84714	1.71475	0
-8.88779	1.7175	-0.336742	-8.88779	1.7175	0
-7.87731	1.69744	-0.311414	-7.87731	1.69744	0
-6.85067	1.70476	-0.321409	-6.85067	1.70476	0
-5.82132	1.68995	-0.295847	-5.82132	1.68995	0
-4.76218	1.73767	-0.355642	-4.76218	1.73767	0
-3.75431	1.7985	-0.347783	-3.75431	1.7985	0
-2.69307	1.76658	-0.317204	-2.69307	1.76658	0
-1.65565	1.7579	-0.343956	-1.65565	1.7579	0
-0.690207	2.74445	-0.275943	-0.690207	2.74445	0
0.361449	2.72309	-0.326907	0.361449	2.72309	0
1.38033	2.7972	-0.346804	1.38033	2.7972	0
2.38856	2.81194	-0.301598	2.38856	2.81194	0
3.53874	2.77548	-0.303407	3.53874	2.77548	0
4.56611	2.78809	-0.30884	4.56611	2.78809	0
5.62317	2.70754	-0.307128	5.62317	2.70754	0
6.68909	2.77432	-0.322373	6.68909	2.77432	0
7.73549	2.76873	-0.306437	7.73549	2.76873	0
8.77236	2.73036	-0.325698	8.77236	2.73036	0
9.78482	2.7348	-0.311145	9.78482	2.7348	0
10.7972	2.79348	-0.343553	10.7972	2.79348	0
11.858	2.78187	-0.304995	11.858	2.78187	0
-10.9427	2.75933	-0.323789	-10.9427	2.75933	0
-9.92805	2.75259	-0.303604	-9.92805	2.75259	0
-8.90917	2.72568	-0.293678	-8.90917	2.72568	0
-7.84492	2.75089	-0.306026	-7.84492	2.75089	0
-6.81791	2.80816	-0.301437	-6.81791	2.80816	0
-5.85452	2.72347	-0.311478	-5.85452	2.72347	0
-4.76533	2.79436	-0.330428	-4.76533	2.79436	0
-3.74361	2.78007	-0.306854	-3.74361	2.78007	0
-2.73941	2.84758	-0.325338	-2.73941	2.84758	0
-1.69145	2.7984	-0.295688	-1.69145	2.7984	0
-0.657882	3.83818	-0.305132	-0.657882	3.83818	0
0.416958	3.79799	-0.316511	0.416958	3.79799	0
1.48097	3.87108	-0.315131	1.48097	3.87108	0
2.48908	3.82156	-0.323535	2.48908	3.82156	0
3.55858	3.7887	-0.306277	3.55858	3.7887	0
4.63011	3.78412	-0.332326	4.63011	3.78412	0
5.65524	3.78043	-0.307274	5.65524	3.78043	0
6.67019	3.83735	-0.324756	6.67019	3.83735	0
7.68418	3.82951	-0.31762	7.68418	3.82951	0
8.74513	3.79579	-0.326839	8.74513	3.79579	0
9.72822	3.83052	-0.311325	9.72822	3.83052	0
10.691	3.86636	-0.301585	10.691	3.86636	0
11.7643	3.81397	-0.343002	11.7643	3.81397	0
-10.9703	3.81675	-0.338788	-10.9703	3.81675	0
-9.91323	3.83312	-0.327661	-9.91323	3.83312	0
-8.89791	3.77869	-0.33227	-8.89791	3.77869	0
-7.83604	3.78041	-0.301014	-7.83604	3.78041	0
-6.83043	3.82896	-0.328958	-6.83043	3.82896	0
-5.8547	3.7835	-0.319226	-5.8547	3.7835	0
-4.71797	3.80232	-0.301	-4.71797	3.80232	0
-3.72691	3.79637	-0.322538	-3.72691	3.79637	0
-2.69736	3.83138	-0.322106	-2.69736	3.83138	0
-1.65074	3.85898	-0.328189	-1.65074	3.85898	0
-0.56912	4.82935	-0.337585	-0.56912	4.82935	0
0.414735	4.84385	-0.31228	0.414735	4.84385	0
1.48313	4.82403	-0.325033	1.48313	4.82403	0
2.53853	4.85228	-0.303399	2.53853	4.85228	0
3.58257	4.85198	-0.30735	3.58257	4.85198	0
4.61735	4.88307	-0.287195	4.61735	4.88307	0
5.636	4.81158	-0.320411	5.636	4.81158	0
6.64162	4.86021	-0.32083	6.64162	4.86021	0
7.66422	4.90918	-0.319269	7.66422	4.90918	0
8.71733	4.82316	-0.334563	8.71733	4.82316	0
9.70752	4.87728	-0.343384	9.70752	4.87728	0
10.715	4.86279	-0.306266	10.715	4.86279	0
11.7639	4.80564	-0.310976	11.7639	4.80564	0
-10.965	4.83682	-0.327367	-10.965	4.83682	0
-9.9277	4.82617	-0.30284	-9.9277	4.82617	0
-8.8898	4.86016	-0.321625	-8.8898	4.86016	0
-7.83554	4.84378	-0.339534	-7.83554	4.84378	0
-6.84349	4.79359	-0.331288	-6.84349	4.79359	0
-5.79172	4.81844	-0.318342	-5.79172	4.81844	0
-4.7535	4.8323	-0.269218	-4.7535	4.8323	0
-3.7043	4.87672	-0.318718	-3.7043	4.87672	0
-2.69698	4.8349	-0.30616	-2.69698	4.8349	0
-1.6068	4.9105	-0.2923	-1.6068	4.9105	0
-0.557281	5.87242	-0.321822	-0.557281	5.87242	0
0.443938	5.86336	-0.324758	0.443938	5.86336	0
1.48398	5.8541	-0.313734	1.48398	5.8541	0
2.50268	5.85219	-0.327313	2.50268	5.85219	0
3.55099	5.89734	-0.283456	3.55099	5.89734	0
4.63316	5.87223	-0.306251	4.63316	5.87223	0
5.58607	5.89348	-0.316336	5.58607	5.89348	0
6.63071	5.97037	-0.345312	6.63071	5.97037	0
7.64142	5.94248	-0.316474	7.64142	5.94248	0
8.73038	5.90449	-0.308677	8.73038	5.90449	0
9.74604	5.8987	-0.339753	9.74604	5.8987	0
10.7865	5.88048	-0.29109	10.7865	5.88048	0
11.8042	5.86966	-0.308663	11.8042	5.86966	0
-10.976	5.84957	-0.309652	-10.976	5.84957	0
-9.94891	5.86002	-0.326379	-9.94891	5.86002	0
-8.85482	5.8706	-0.325038	-8.85482	5.8706	0
-7.84622	5.89773	-0.322587	-7.84622	5.89773	0
-6.81802	5.87392	-0.352436	-6.81802	5.87392	0
-5.76647	5.78411	-0.337598	-5.76647	5.78411	0
-4.69934	5.89131	-0.335991	-4.69934	5.89131	0
-3.63311	5.9482	-0.310044	-3.63311	5.9482	0
-2.61043	5.90418	-0.316811	-2.61043	5.90418	0
-1.6484	5.89786	-0.291022	-1.6484	5.89786	0
-0.533819	6.90735	-0.296009	-0.533819	6.90735	0
0.47192	6.92195	-0.304651	0.47192	6.92195	0
1.48571	6.92572	-0.319825	1.48571	6.92572	0
2.51987	6.88133	-0.316335	2.51987	6.88133	0
3.54813	6.98754	-0.341393	3.54813	6.98754	0
4.59263	6.92553	-0.303387	4.59263	6.92553	0
5.6224	6.94539	-0.316363	5.6224	6.94539	0
6.66881	6.95599	-0.284315	6.66881	6.95599	0
7.66445	6.94635	-0.321175	7.66445	6.94635	0
8.63824	6.98092	-0.324416	8.63824	6.98092	0
9.69059	6.90329	-0.311319	9.69059	6.90329	0
10.7399	6.87446	-0.328259	10.7399	6.87446	0
11.7966	6.88753	-0.327212	11.7966	6.88753	0
-10.9129	6.88962	-0.316288	-10.9129	6.88962	0
-9.874	6.91517	-0.32313	-9.874	6.91517	0
-8.90754	6.91752	-0.313991	-8.90754	6.91752	0
-7.82965	6.93963	-0.315923	-7.82965	6.93963	0
-6.79481	6.87998	-0.313977	-6.79481	6.87998	0
-5.80191	6.93648	-0.316009	-5.80191	6.93648	0
-4.77709	6.95728	-0.31596	-4.77709	6.95728	0
-3.69362	6.96929	-0.320618	-3.69362	6.96929	0
-2.6284	6.9562	-0.331721	-2.6284	6.9562	0
-1.638	6.90746	-0.312433	-1.638	6.90746	0
-0.593776	7.97253	-0.29926	-0.593776	7.97253	0
0.453161	7.93926	-0.343684	0.453161	7.93926	0
1.56988	7.97268	-0.318952	1.56988	7.97268	0
2.56207	7.92138	-0.337933	2.56207	7.92138	0
3.58061	8.01834	-0.343026	3.58061	8.01834	0
4.60129	8.01833	-0.339728	4.60129	8.01833	0
5.6231	7.99049	-0.303537	5.6231	7.99049	0
6.62672	7.94067	-0.304235	6.62672	7.94067	0
7.7033	8.0143	-0.324661	7.7033	8.0143	0
8.7679	7.99123	-0.340448	8.7679	7.99123	0
9.76219	7.93267	-0.294874	9.76219	7.93267	0
10.746	7.93458	-0.304962	10.746	7.93458	0
11.8028	7.96077	-0.310474	11.8028	7.96077	0
-10.9728	7.9497	-0.2785	-10.9728	7.9497	0
-9.97465	7.93903	-0.317003	-9.97465	7.93903	0
-8.85283	7.99678	-0.336629	-8.85283	7.99678	0
-7.78031	7.97382	-0.311536	-7.78031	7.97382	0
-6.8044	7.90795	-0.334495	-6.8044	7.90795	0
-5.76108	7.95083	-0.338993	-5.76108	7.95083	0
-4.68929	7.94599	-0.280639	-4.68929	7.94599	0
-3.66694	7.98044	-0.350092	-3.66694	7.98044	0
-2.59865	7.97442	-0.291549	-2.59865	7.97442	0
-1.60158	7.97919	-0.286243	-1.60158	7.97919	0
-0.542899	9.02183	-0.318882	-0.542899	9.02183	0
0.514201	8.98165	-0.325018	0.514201	8.98165	0
1.56335	8.97655	-0.322618	1.56335	8.97655	0
2.60394	9.04939	-0.32117	2.60394	9.04939	0
3.59452	8.99477	-0.31949	3.59452	8.99477	0
4.64134	9.03969	-0.296255	4.64134	9.03969	0
5.70877	9.0067	-0.318159	5.70877	9.0067	0
6.71469	9.01685	-0.319772	6.71469	9.01685	0
7.72467	8.99222	-0.288396	7.72467	8.99222	0
8.81265	9.02969	-0.291789	8.81265	9.02969	0
9.77326	9.00328	-0.316087	9.77326	9.00328	0
10.8124	8.95923	-0.328594	10.8124	8.95923	0
11.8157	8.93442	-0.337136	11.8157	8.93442	0
-10.9574	9.04768	-0.31954	-10.9574	9.04768	0
-9.88954	8.96482	-0.314013	-9.88954	8.96482	0
-8.86348	8.97463	-0.314342	-8.86348	8.97463	0
-7.7835	9.0101	-0.320721	-7.7835	9.0101	0
-6.7513	9.00362	-0.287101	-6.7513	9.00362	0
-5.76239	9.03233	-0.307264	-5.76239	9.03233	0
-4.70357	8.99484	-0.297585	-4.70357	8.99484	0
-3.68081	9.09253	-0.304777	-3.68081	9.09253	0
-2.66467	9.07865	-0.304585	-2.66467	9.07865	0
-1.62253	9.01992	-0.315711	-1.62253	9.01992	0
-0.538357	10.0406	-0.313398	-0.538357	10.0406	0
0.528993	10.0043	-0.294548	0.528993	10.0043	0
1.53646	9.97908	-0.322817	1.53646	9.97908	0
2.61321	10.0836	-0.324666	2.61321	10.0836	0
3.58508	10.0139	-0.270942	3.58508	10.0139	0
4.63133	10.0041	-0.31685	4.63133	10.0041	0
5.72424	10.0549	-0.337368	5.72424	10.0549	0
6.74046	10.0208	-0.327022	6.74046	10.0208	0
7.8209	9.99382	-0.312383	7.8209	9.99382	0
8.85298	10.0571	-0.313705	8.85298	10.0571	0
9.84074	10.0401	-0.324802	9.84074	10.0401	0
10.8491	10.0412	-0.308691	10.8491	10.0412	0
11.8272	10.0262	-0.325292	11.8272	10.0262	0
-10.855	10.088	-0.316087	-10.855	10.088	0
-9.83224	10.0395	-0.291829	-9.83224	10.0395	0
-8.81011	10.0178	-0.320742	-8.81011	10.0178	0
-7.7693	10.0148	-0.31937	-7.7693	10.0148	0
-6.77392	10.0177	-0.288275	-6.77392	10.0177	0
-5.71058	10.0511	-0.313597	-5.71058	10.0511	0
-4.69434	10.013	-0.331185	-4.69434	10.013	0
-3.67357	10.0869	-0.340923	-3.67357	10.0869	0
-2.61309	10.0331	-0.338361	-2.61309	10.0331	0
-1.56401	10.0597	-0.340036	-1.56401	10.0597	0
-0.531168	11.0586	-0.330895	-0.531168	11.0586	0
0.544137	11.0472	-0.296802	0.544137	11.0472	0
1.5486	11.0373	-0.302485	1.5486	11.0373	0
2.56226	11.0836	-0.331038	2.56226	11.0836	0
3.55999	11.0889	-0.314796	3.55999	11.0889	0
4.68825	11.0279	-0.287544	4.68825	11.0279	0
5.74728	11.0912	-0.312668	5.74728	11.0912	0
6.72777	11.1108	-0.302202	6.72777	11.1108	0
7.73851	11.1049	-0.309612	7.73851	11.1049	0
8.81589	11.0561	-0.327312	8.81589	11.0561	0
9.87449	11.1253	-0.314274	9.87449	11.1253	0
10.8532	11.0868	-0.290016	10.8532	11.0868	0
-11.8781	11.047	-0.33358	-11.8781	11.047	0
-10.854	11.0784	-0.325633	-10.854	11.0784	0
-9.88432	11.0451	-0.313338	-9.88432	11.0451	0
-8.82437	11.0974	-0.311091	-8.82437	11.0974	0
-7.70377	11.0661	-0.329346	-7.70377	11.0661	0
-6.72372	10.9539	-0.299372	-6.72372	10.9539	0
-5.71482	11.0326	-0.334644	-5.71482	11.0326	0
-4.64972	11.0141	-0.31417	-4.64972	11.0141	0
-3.66651	11.0452	-0.340479	-3.66651	11.0452	0
-2.56588	11.0495	-0.344872	-2.56588	11.0495	0
-1.57279	11.0836	-0.317983	-1.57279	11.0836	0
-0.562722	-11.7008	-0.314687	-0.562722	-11.7008	0
0.50489	-11.6381	-0.28087	0.50489	-11.6381	0
1.4925	-11.7067	-0.334578	1.4925	-11.7067	0
2.53038	-11.6678	-0.320355	2.53038	-11.6678	0
3.57773	-11.6918	-0.333426	3.57773	-11.6918	0
4.63356	-11.7731	-0.337655	4.63356	-11.7731	0
5.69001	-11.6863	-0.333971	5.69001	-11.6863	0
6.70491	-11.6924	-0.310679	6.70491	-11.6924	0
7.77078	-11.6674	-0.314076	7.77078	-11.6674	0
8.79391	-11.6839	-0.287543	8.79391	-11.6839	0
9.92648	-11.6305	-0.321255	9.92648	-11.6305	0
10.9522	-11.6426	-0.331608	10.9522	-11.6426	0
-11.8593	-11.6645	-0.311728	-11.8593	-11.6645	0
-10.8821	-11.6333	-0.325602	-10.8821	-11.6333	0
-9.83085	-11.702	-0.326732	-9.83085	-11.702	0
-8.77489	-11.6938	-0.284633	-8.77489	-11.6938	0
-7.69323	-11.6703	-0.326535	-7.69323	-11.6703	0
-6.67162	-11.7602	-0.346488	-6.67162	-11.7602	0
-5.65394	-11.7328	-0.340118	-5.65394	-11.7328	0
-4.69936	-11.7844	-0.345394	-4.69936	-11.7844	0
-3.60565	-11.6744	-0.293664	-3.60565	-11.6744	0
-2.59144	-11.6874	-0.31478	-2.59144	-11.6874	0
-1.57088	-11.6867	-0.330137	-1.57088	-11.6867	0
-0.57778	-10.6566	-0.301477	-0.57778	-10.6566	0
0.460526	-10.5931	-0.337839	0.460526	-10.5931	0
1.57225	-10.6806	-0.321542	1.57225	-10.6806	0
2.58804	-10.6968	-0.321627	2.58804	-10.6968	0
3.6094	-10.7081	-0.293355	3.6094	-10.7081	0
4.61527	-10.7567	-0.334509	4.61527	-10.7567	0
5.65882	-10.714	-0.326774	5.65882	-10.714	0
6.72704	-10.6784	-0.334557	6.72704	-10.6784	0
7.74805	-10.6404	-0.318146	7.74805	-10.6404	0
8.81943	-10.6544	-0.300766	8.81943	-10.6544	0
9.79297	-10.6366	-0.318851	9.79297	-10.6366	0
10.8573	-10.6074	-0.318159	10.8573	-10.6074	0
-11.9076	-10.6308	-0.329385	11.8784	-10.6308	0
-10.8971	-10.6388	-0.314891	-10.8971	-10.6388	0
-9.89923	-10.6276	-0.304491	-9.89923	-10.6276	0
-8.77601	-10.6963	-0.317229	-8.77601	-10.6963	0
-7.76886	-10.7034	-0.356302	-7.76886	-10.7034	0
-6.70055	-10.7053	-0.30825	-6.70055	-10.7053	0
-5.61189	-10.7012	-0.34302	-5.61189	-10.7012	0
-4.61892	-10.7253	-0.352881	-4.61892	-10.7253	0
-3.63784	-10.6681	-0.329303	-3.63784	-10.6681	0
-2.61398	-10.6616	-0.299512	-2.61398	-10.6616	0
-1.58618	-10.6593	-0.347435	-1.58618	-10.6593	0
-0.522807	-9.66073	-0.355538	-0.522807	-9.66073	0
0.501922	-9.55565	-0.323861	0.501922	-9.55565	0
1.55292	-9.61412	-0.316911	1.55292	-9.61412	0
2.54686	-9.6009	-0.308127	2.54686	-9.6009	0
3.60719	-9.66784	-0.348814	3.60719	-9.66784	0
4.62698	-9.70266	-0.322506	4.62698	-9.70266	0
5.59466	-9.64303	-0.338213	5.59466	-9.64303	0
6.66018	-9.6457	-0.297043	6.66018	-9.6457	0
7.68076	-9.61036	-0.289917	7.68076	-9.61036	0
8.70491	-9.61058	-0.312135	8.70491	-9.61058	0
9.75148	-9.61849	-0.33712	9.75148	-9.61849	0
10.7492	-9.58295	-0.31771	10.7492	-9.58295	0
11.8173	-9.58589	-0.327433	11.8173	-9.58589	0
-10.9067	-9.63508	-0.304869	-10.9067	-9.63508	0
-9.87199	-9.6367	-0.320534	-9.87199	-9.6367	0
-8.87065	-9.71253	-0.328055	-8.87065	-9.71253	0
-7.82095	-9.65122	-0.322727	-7.82095	-9.65122	0
-6.72577	-9.69449	-0.310009	-6.72577	-9.69449	0
-5.7123	-9.70871	-0.309298	-5.7123	-9.70871	0
-4.68537	-9.65663	-0.336329	-4.68537	-9.65663	0
-3.66589	-9.59632	-0.327113	-3.66589	-9.59632	0
-2.66454	-9.64149	-0.33059	-2.66454	-9.64149	0
-1.59952	-9.62763	-0.357124	-1.59952	-9.62763	0
-0.559378	-8.61828	-0.332203	-0.559378	-8.61828	0
0.448691	-8.55595	-0.330599	0.448691	-8.55595	0
1.48539	-8.61074	-0.289997	1.48539	-8.61074	0
2.51339	-8.59053	-0.342843	2.51339	-8.59053	0
3.57276	-8.60664	-0.309316	3.57276	-8.60664	0
4.55498	-8.58554	-0.296758	4.55498	-8.58554	0
5.52303	-8.59438	-0.358486	5.52303	-8.59438	0
6.65082	-8.52758	-0.327104	6.65082	-8.52758	0
7.65759	-8.60068	-0.360661	7.65759	-8.60068	0
8.74062	-8.58801	-0.305081	8.74062	-8.58801	0
9.80854	-8.56533	-0.294714	9.80854	-8.56533	0
10.8129	-8.5785	-0.335258	10.8129	-8.5785	0
11.8607	-8.59452	-0.30398	11.8607	-8.59452	0
-10.8802	-8.57769	-0.325866	-10.8802	-8.57769	0
-9.86114	-8.58605	-0.308653	-9.86114	-8.58605	0
-8.8842	-8.60473	-0.299536	-8.8842	-8.60473	0
-7.8443	-8.6356	-0.315992	-7.8443	-8.6356	0
-6.83299	-8.66252	-0.31045	-6.83299	-8.66252	0
-5.79778	-8.67346	-0.324164	-5.79778	-8.67346	0
-4.70509	-8.67616	-0.314419	-4.70509	-8.67616	0
-3.71076	-8.60482	-0.328172	-3.71076	-8.60482	0
-2.65441	-8.67263	-0.309427	-2.65441	-8.67263	0
-1.60898	-8.58972	-0.310536	-1.60898	-8.58972	0
-0.588341	-7.57238	-0.321121	-0.588341	-7.57238	0
0.453246	-7.54288	-0.316862	0.453246	-7.54288	0
1.52011	-7.62316	-0.306893	1.52011	-7.62316	0
2.55059	-7.57272	-0.319589	2.55059	-7.57272	0
3.57672	-7.58786	-0.335463	3.57672	-7.58786	0
4.62132	-7.62648	-0.282265	4.62132	-7.62648	0
5.69221	-7.55836	-0.326224	5.69221	-7.55836	0
6.76531	-7.48461	-0.330039	6.76531	-7.48461	0
7.77116	-7.60202	-0.319479	7.77116	-7.60202	0
8.76768	-7.51639	-0.303058	8.76768	-7.51639	0
9.772	-7.50187	-0.320474	9.772	-7.50187	0
10.8472	-7.53824	-0.319633	10.8472	-7.53824	0
11.8209	-7.55475	-0.334552	11.8209	-7.55475	0
-10.9192	-7.54826	-0.326819	-10.9192	-7.54826	0
-9.86475	-7.56949	-0.293619	-9.86475	-7.56949	0
-8.81443	-7.5748	-0.287017	-8.81443	-7.5748	0
-7.82833	-7.61915	-0.343046	-7.82833	-7.61915	0
-6.81734	-7.67726	-0.303569	-6.81734	-7.67726	0
-5.7545	-7.63767	-0.31917	-5.7545	-7.63767	0
-4.76417	-7.60603	-0.346677	-4.76417	-7.60603	0
-3.73298	-7.63069	-0.324291	-3.73298	-7.63069	0
-2.6887	-7.58511	-0.318437	-2.6887	-7.58511	0
-1.63354	-7.58113	-0.315848	-1.63354	-7.58113	0
-0.624999	-6.49979	-0.319532	-0.624999	-6.49979	0
0.475945	-6.50007	-0.326037	0.475945	-6.50007	0
1.45123	-6.61609	-0.313924	1.45123	-6.61609	0
2.54406	-6.58041	-0.315651	2.54406	-6.58041	0
3.56588	-6.55422	-0.315872	3.56588	-6.55422	0
4.62656	-6.62983	-0.338753	4.62656	-6.62983	0
5.70727	-6.548	-0.301039	5.70727	-6.548	0
6.73746	-6.45979	-0.305771	6.73746	-6.45979	0
7.76595	-6.5079	-0.327435	7.76595	-6.5079	0
8.75921	-6.52201	-0.302458	8.75921	-6.52201	0
9.76373	-6.47701	-0.328436	9.76373	-6.47701	0
10.8491	-6.50806	-0.343847	10.8491	-6.50806	0
11.8506	-6.44657	-0.322283	11.8506	-6.44657	0
-10.8906	-6.51626	-0.334977	-10.8906	-6.51626	0
-9.79336	-6.56797	-0.307159	-9.79336	-6.56797	0
-8.80316	-6.56235	-0.316995	-8.80316	-6.56235	0
-7.76351	-6.60036	-0.334047	-7.76351	-6.60036	0
-6.76477	-6.64944	-0.312097	-6.76477	-6.64944	0
-5.77138	-6.5927	-0.325886	-5.77138	-6.5927	0
-4.76914	-6.55812	-0.293063	-4.76914	-6.55812	0
-3.73374	-6.55629	-0.3122	-3.73374	-6.55629	0
-2.70289	-6.54862	-0.308094	-2.70289	-6.54862	0
-1.66519	-6.53672	-0.3087	-1.66519	-6.53672	0
-0.600136	-5.48192	-0.3295	-0.600136	-5.48192	0
0.495358	-5.55753	-0.321322	0.495358	-5.55753	0
1.51479	-5.53381	-0.298208	1.51479	-5.53381	0
2.50104	-5.52721	-0.34401	2.50104	-5.52721	0
3.64539	-5.51457	-0.311124	3.64539	-5.51457	0
4.64531	-5.55449	-0.310016	4.64531	-5.55449	0
5.59477	-5.5265	-0.322728	5.59477	-5.5265	0
6.71181	-5.48091	-0.327856	6.71181	-5.48091	0
7.73658	-5.47648	-0.314942	7.73658	-5.47648	0
8.75499	-5.46866	-0.29188	8.75499	-5.46866	0
9.73424	-5.44772	-0.318274	9.73424	-5.44772	0
10.7992	-5.46591	-0.329711	10.7992	-5.46591	0
11.8486	-5.47362	-0.311126	11.8486	-5.47362	0
-10.9167	-5.46071	-0.318238	-10.9167	-5.46071	0
-9.87779	-5.54809	-0.35056	-9.87779	-5.54809	0
-8.88574	-5.55798	-0.33504	-8.88574	-5.55798	0
-7.83971	-5.53681	-0.33419	-7.83971	-5.53681	0
-6.795	-5.56983	-0.330729	-6.795	-5.56983	0
-5.70953	-5.57189	-0.310707	-5.70953	-5.57189	0
-4.71024	-5.51992	-0.317823	-4.71024	-5.51992	0
-3.70807	-5.50558	-0.313056	-3.70807	-5.50558	0
-2.69635	-5.50064	-0.314622	-2.69635	-5.50064	0
-1.67318	-5.48796	-0.307364	-1.67318	-5.48796	0
-0.639305	-4.44399	-0.262009	-0.639305	-4.44399	0
0.437229	-4.4945	-0.283226	0.437229	-4.4945	0
1.46405	-4.44366	-0.313613	1.46405	-4.44366	0
2.5308	-4.48209	-0.315601	2.5308	-4.48209	0
3.57531	-4.53699	-0.329238	3.57531	-4.53699	0
4.59971	-4.53082	-0.300246	4.59971	-4.53082	0
5.62922	-4.48253	-0.305692	5.62922	-4.48253	0
6.66262	-4.40505	-0.303997	6.66262	-4.40505	0
7.65917	-4.46696	-0.322087	7.65917	-4.46696	0
8.70249	-4.44563	-0.333857	8.70249	-4.44563	0
9.72121	-4.40175	-0.340869	9.72121	-4.40175	0
10.781	-4.43809	-0.307968	10.781	-4.43809	0
11.7432	-4.37712	-0.311789	11.7432	-4.37712	0
-10.952	-4.46448	-0.339945	-10.952	-4.46448	0
-9.89076	-4.45223	-0.297394	-9.89076	-4.45223	0
-8.89556	-4.53476	-0.301327	-8.89556	-4.53476	0
-7.78737	-4.51021	-0.309623	-7.78737	-4.51021	0
-6.72737	-4.55196	-0.30839	-6.72737	-4.55196	0
-5.76201	-4.56416	-0.325392	-5.76201	-4.56416	0
-4.76978	-4.49211	-0.300495	-4.76978	-4.49211	0
-3.72922	-4.48574	-0.3219	-3.72922	-4.48574	0
-2.7525	-4.45164	-0.302865	-2.7525	-4.45164	0
-1.69537	-4.46613	-0.307329	-1.69537	-4.46613	0
-0.624616	-3.3718	-0.334647	-0.624616	-3.3718	0
0.40445	-3.44838	-0.313354	0.40445	-3.44838	0
1.47629	-3.46565	-0.331765	1.47629	-3.46565	0
2.50768	-3.45834	-0.33251	2.50768	-3.45834	0
3.52403	-3.45701	-0.332389	3.52403	-3.45701	0
4.55548	-3.49776	-0.32548	4.55548	-3.49776	0
5.63129	-3.50852	-0.297126	5.63129	-3.50852	0
6.68093	-3.43902	-0.336954	6.68093	-3.43902	0
7.66743	-3.40685	-0.308762	7.66743	-3.40685	0
8.66592	-3.39381	-0.316602	8.66592	-3.39381	0
9.7129	-3.41252	-0.339303	9.7129	-3.41252	0
10.708	-3.39666	-0.328877	10.708	-3.39666	0
11.7809	-3.42137	-0.30884	11.7809	-3.42137	0
-10.9738	-3.44643	-0.353705	-10.9738	-3.44643	0
-9.9324	-3.47372	-0.318137	-9.9324	-3.47372	0
-8.89518	-3.48754	-0.315337	-8.89518	-3.48754	0
-7.7904	-3.54973	-0.295923	-7.7904	-3.54973	0
-6.7549	-3.4495	-0.334006	-6.7549	-3.4495	0
-5.78242	-3.52822	-0.351913	-5.78242	-3.52822	0
-4.70179	-3.49123	-0.318078	-4.70179	-3.49123	0
-3.70305	-3.44313	-0.312418	-3.70305	-3.44313	0
-2.68046	-3.38812	-0.331992	-2.68046	-3.38812	0
-1.65645	-3.44751	-0.319132	-1.65645	-3.44751	0
-0.579669	-2.37536	-0.309654	-0.579669	-2.37536	0
0.468185	-2.43419	-0.320861	0.468185	-2.43419	0
1.51908	-2.39778	-0.306343	1.51908	-2.39778	0
2.54413	-2.43234	-0.316388	2.54413	-2.43234	0
3.5685	-2.43856	-0.298881	3.5685	-2.43856	0
4.63285	-2.43187	-0.298674	4.63285	-2.43187	0
5.60846	-2.40742	-0.29195	5.60846	-2.40742	0
6.56149	-2.44735	-0.334769	6.56149	-2.44735	0
7.63891	-2.37153	-0.319376	7.63891	-2.37153	0
8.65891	-2.32703	-0.334816	8.65891	-2.32703	0
9.72149	-2.36785	-0.312467	9.72149	-2.36785	0
10.785	-2.36001	-0.346621	10.785	-2.36001	0
11.8092	-2.38375	-0.330852	11.8092	-2.38375	0
-11.0017	-2.38326	-0.306148	-11.0017	-2.38326	0
-9.9745	-2.4454	-0.31778	-9.9745	-2.4454	0
-8.90849	-2.44537	-0.323069	-8.90849	-2.44537	0
-7.88757	-2.50742	-0.321843	-7.88757	-2.50742	0
-6.77574	-2.4371	-0.330635	-6.77574	-2.4371	0
-5.72987	-2.43204	-0.293687	-5.72987	-2.43204	0
-4.75873	-2.47733	-0.28041	-4.75873	-2.47733	0
-3.74354	-2.40236	-0.313799	-3.74354	-2.40236	0
-2.66801	-2.38953	-0.309618	-2.66801	-2.38953	0
-1.67717	-2.35485	-0.321115	-1.67717	-2.35485	0
-0.616247	-1.35647	-0.331146	-0.616247	-1.35647	0
0.483632	-1.37043	-0.329397	0.483632	-1.37043	0
1.49147	-1.37532	-0.321908	1.49147	-1.37532	0
2.47877	-1.36963	-0.345995	2.47877	-1.36963	0
3.59239	-1.42102	-0.2671	3.59239	-1.42102	0
4.63104	-1.42218	-0.323166	4.63104	-1.42218	0
5.65583	-1.44756	-0.330701	5.65583	-1.44756	0
6.67769	-1.35745	-0.33443	6.67769	-1.35745	0
7.66414	-1.29759	-0.328108	7.66414	-1.29759	0
8.72245	-1.31137	-0.312945	8.72245	-1.31137	0
9.74516	-1.35487	-0.293877	9.74516	-1.35487	0
10.7592	-1.33378	-0.292309	10.7592	-1.33378	0
11.7805	-1.35978	-0.309954	11.7805	-1.35978	0
-10.9404	-1.38746	-0.33315	-10.9404	-1.38746	0
-9.93284	-1.44486	-0.284728	-9.93284	-1.44486	0
-8.90252	-1.41269	-0.308581	-8.90252	-1.41269	0
-7.8649	-1.44241	-0.300644	-7.8649	-1.44241	0
-6.8114	-1.44406	-0.334202	-6.8114	-1.44406	0
-5.78637	-1.38384	-0.310744	-5.78637	-1.38384	0
-4.77283	-1.43954	-0.303991	-4.77283	-1.43954	0
-3.73107	-1.36932	-0.308675	-3.73107	-1.36932	0
-2.69115	-1.39148	-0.318411	-2.69115	-1.39148	0
-1.63073	-1.33484	-0.319068	-1.63073	-1.33484	0
0.00335232	0.152944	0.343824	0.00335232	0.152944	0
0.995438	0.174885	0.316208	0.995438	0.174885	0
2.02732	0.219876	0.32072	2.02732	0.219876	0
3.01698	0.175556	0.316477	3.01698	0.175556	0
4.00268	0.159362	0.299178	4.00268	0.159362	0
5.05211	0.098569	0.300578	5.05211	0.098569	0
6.07276	0.161077	0.335683	6.07276	0.161077	0
7.14117	0.236845	0.31579	7.14117	0.236845	0
8.19288	0.165734	0.293625	8.19288	0.165734	0
9.26234	0.185035	0.308864	9.26234	0.185035	0
10.2633	0.165389	0.323726	10.2633	0.165389	0
11.3107	0.170984	0.306085	11.3107	0.170984	0
-11.447	0.192478	0.308559	-11.447	0.192478	0
-10.4235	0.163825	0.30592	-10.4235	0.163825	0
-9.39073	0.137631	0.318079	-9.39073	0.137631	0
-8.3552	0.109588	0.329841	-8.3552	0.109588	0
-7.26696	0.137573	0.311805	-7.26696	0.137573	0
-6.25435	0.186952	0.307775	-6.25435	0.186952	0
-5.22202	0.143897	0.29812	-5.22202	0.143897	0
-4.15948	0.210599	0.339526	-4.15948	0.210599	0
-3.15823	0.185019	0.329682	-3.15823	0.185019	0
-2.11902	0.166464	0.315991	-2.11902	0.166464	0
-1.09228	0.27337	0.305071	-1.09228	0.27337	0
-0.110989	1.18849	0.311657	-0.110989	1.18849	0
0.99727	1.20644	0.32865	0.99727	1.20644	0
1.95913	1.29021	0.319927	1.95913	1.29021	0
3.03503	1.22866	0.306785	3.03503	1.22866	0
4.0669	1.16438	0.311827	4.0669	1.16438	0
5.0747	1.16333	0.29595	5.0747	1.16333	0
6.13728	1.19356	0.328625	6.13728	1.19356	0
7.1647	1.21105	0.340813	7.1647	1.21105	0
8.20089	1.20632	0.327471	8.20089	1.20632	0
9.21379	1.15855	0.300487	9.21379	1.15855	0
10.2899	1.20148	0.346674	10.2899	1.20148	0
11.3295	1.2484	0.347741	11.3295	1.2484	0
-11.4402	1.21787	0.29751	-11.4402	1.21787	0
-10.4221	1.19484	0.310914	-10.4221	1.19484	0
-9.4041	1.16597	0.311399	-9.4041	1.16597	0
-8.3846	1.19297	0.321332	-8.3846	1.19297	0
-7.38077	1.18472	0.323876	-7.38077	1.18472	0
-6.34873	1.19811	0.320709	-6.34873	1.19811	0
-5.26949	1.22917	0.310907	-5.26949	1.22917	0
-4.25375	1.22036	0.311982	-4.25375	1.22036	0
-3.26269	1.25813	0.335321	-3.26269	1.25813	0
-2.205	1.24669	0.332855	-2.205	1.24669	0
-1.17774	1.21575	0.280858	-1.17774	1.21575	0
-0.0566274	2.28527	0.331983	-0.0566274	2.28527	0
0.929731	2.25039	0.332941	0.929731	2.25039	0
1.96583	2.24427	0.304812	1.96583	2.24427	0
2.97801	2.31612	0.331471	2.97801	2.31612	0
4.05508	2.24948	0.291091	4.05508	2.24948	0
5.10023	2.19503	0.321513	5.10023	2.19503	0
6.1601	2.25633	0.318994	6.1601	2.25633	0
7.17053	2.25958	0.302433	7.17053	2.25958	0
8.16884	2.28487	0.340078	8.16884	2.28487	0
9.26626	2.25271	0.319675	9.26626	2.25271	0
10.3164	2.22253	0.308736	10.3164	2.22253	0
11.2895	2.27438	0.332712	11.2895	2.27438	0
-11.4522	2.24884	0.322097	-11.4522	2.24884	0
-10.3911	2.24293	0.35608	-10.3911	2.24293	0
-9.38927	2.21059	0.337549	-9.38927	2.21059	0
-8.4067	2.23804	0.327446	-8.4067	2.23804	0
-7.35091	2.20876	0.306062	-7.35091	2.20876	0
-6.32183	2.18178	0.341679	-6.32183	2.18178	0
-5.33521	2.27911	0.320258	-5.33521	2.27911	0
-4.31829	2.27495	0.302245	-4.31829	2.27495	0
-3.21046	2.26595	0.284253	-3.21046	2.26595	0
-2.19944	2.26829	0.305272	-2.19944	2.26829	0
-1.16125	2.22626	0.322677	-1.16125	2.22626	0
-0.104301	3.32134	0.311411	-0.104301	3.32134	0
0.948711	3.26003	0.324994	0.948711	3.26003	0
1.92273	3.29006	0.301698	1.92273	3.29006	0
2.9963	3.33189	0.296205	2.9963	3.33189	0
4.10614	3.26912	0.318762	4.10614	3.26912	0
5.14171	3.26807	0.325033	5.14171	3.26807	0
6.19149	3.31737	0.340676	6.19149	3.31737	0
7.2218	3.27588	0.317798	7.2218	3.27588	0
8.2585	3.3291	0.314551	8.2585	3.3291	0
9.26834	3.26648	0.303746	9.26834	3.26648	0
10.3007	3.26501	0.319412	10.3007	3.26501	0
11.326	3.27125	0.307864	11.326	3.27125	0
-11.4814	3.30392	0.313232	-11.4814	3.30392	0
-10.4615	3.2468	0.327093	-10.4615	3.2468	0
-9.43763	3.29645	0.309082	-9.43763	3.29645	0
-8.42426	3.25817	0.328165	-8.42426	3.25817	0
-7.36382	3.24722	0.322961	-7.36382	3.24722	0
-6.32194	3.27401	0.328412	-6.32194	3.27401	0
-5.29304	3.29149	0.310144	-5.29304	3.29149	0
-4.26892	3.24163	0.344506	-4.26892	3.24163	0
-3.2493	3.30252	0.329747	-3.2493	3.30252	0
-2.18967	3.32383	0.305877	-2.18967	3.32383	0
-1.17537	3.34154	0.303224	-1.17537	3.34154	0
-0.0935281	4.32024	0.317096	-0.0935281	4.32024	0
0.942976	4.31026	0.328837	0.942976	4.31026	0
2.0093	4.35593	0.328562	2.0093	4.35593	0
3.03301	4.34131	0.300826	3.03301	4.34131	0
4.07381	4.31537	0.29226	4.07381	4.31537	0
5.14506	4.3114	0.340833	5.14506	4.3114	0
6.16909	4.33752	0.329671	6.16909	4.33752	0
7.20618	4.35605	0.318252	7.20618	4.35605	0
8.16992	4.31173	0.322685	8.16992	4.31173	0
9.19642	4.33825	0.329273	9.19642	4.33825	0
10.2053	4.31671	0.336348	10.2053	4.31671	0
11.2833	4.27759	0.344476	11.2833	4.27759	0
-11.4972	4.28657	0.31646	-11.4972	4.28657	0
-10.4992	4.33024	0.310897	-10.4992	4.33024	0
-9.41333	4.31888	0.333485	-9.41333	4.31888	0
-8.35862	4.32376	0.326228	-8.35862	4.32376	0
-7.35141	4.34851	0.321606	-7.35141	4.34851	0
-6.33196	4.30687	0.316508	-6.33196	4.30687	0
-5.32894	4.29937	0.286625	-5.32894	4.29937	0
-4.2016	4.31748	0.297707	-4.2016	4.31748	0
-3.22048	4.33937	0.32454	-3.22048	4.33937	0
-2.16059	4.3583	0.339761	-2.16059	4.3583	0
-1.10094	4.34994	0.325877	-1.10094	4.34994	0
-0.0771529	5.32409	0.303727	-0.0771529	5.32409	0
0.922848	5.3275	0.301364	0.922848	5.3275	0
2.00215	5.33681	0.340032	2.00215	5.33681	0
3.06982	5.38353	0.343438	3.06982	5.38353	0
4.09951	5.4129	0.304364	4.09951	5.4129	0
5.16899	5.39627	0.311386	5.16899	5.39627	0
6.18381	5.41441	0.286483	6.18381	5.41441	0
7.16245	5.36673	0.324083	7.16245	5.36673	0
8.23629	5.35257	0.299454	8.23629	5.35257	0
9.21876	5.39803	0.28476	9.21876	5.39803	0
10.2388	5.39181	0.339385	10.2388	5.39181	0
11.2959	5.3031	0.315263	11.2959	5.3031	0
-11.4738	5.29516	0.316711	-11.4738	5.29516	0
-10.3915	5.35209	0.307114	-10.3915	5.35209	0
-9.35552	5.35994	0.298488	-9.35552	5.35994	0
-8.32384	5.36687	0.309224	-8.32384	5.36687	0
-7.3157	5.36645	0.308524	-7.3157	5.36645	0
-6.29112	5.33224	0.289998	-6.29112	5.33224	0
-5.23732	5.37365	0.314552	-5.23732	5.37365	0
-4.14204	5.40946	0.335146	-4.14204	5.40946	0
-3.15209	5.39531	0.292604	-3.15209	5.39531	0
-2.12943	5.3297	0.310607	-2.12943	5.3297	0
-1.04796	5.37143	0.303834	-1.04796	5.37143	0
-0.0244142	6.3534	0.307419	-0.0244142	6.3534	0
1.02209	6.43537	0.312614	1.02209	6.43537	0
2.0042	6.4135	0.345717	2.0042	6.4135	0
3.01269	6.42644	0.316433	3.01269	6.42644	0
4.02536	6.42862	0.309138	4.02536	6.42862	0
5.04305	6.38153	0.330537	5.04305	6.38153	0
6.11801	6.42994	0.318196	6.11801	6.42994	0
7.1533	6.41515	0.321055	7.1533	6.41515	0
8.16884	6.40512	0.321622	8.16884	6.40512	0
9.15309	6.44378	0.317581	9.15309	6.44378	0
10.2107	6.42132	0.330315	10.2107	6.42132	0
11.2831	6.39023	0.33598	11.2831	6.39023	0
-11.4382	6.39899	0.308713	-11.4382	6.39899	0
-10.4173	6.38275	0.316245	-10.4173	6.38275	0
-9.38343	6.35666	0.318106	-9.38343	6.35666	0
-8.37866	6.3952	0.280285	-8.37866	6.3952	0
-7.32471	6.45419	0.302791	-7.32471	6.45419	0
-6.25731	6.31424	0.288249	-6.25731	6.31424	0
-5.22179	6.37049	0.301706	-5.22179	6.37049	0
-4.25285	6.43034	0.306604	-4.25285	6.43034	0
-3.1686	6.46393	0.311099	-3.1686	6.46393	0
-2.16157	6.40547	0.331928	-2.16157	6.40547	0
-1.06371	6.37181	0.313064	-1.06371	6.37181	0
-0.0214076	7.47734	0.300465	-0.0214076	7.47734	0
0.983977	7.42069	0.310897	0.983977	7.42069	0
1.97865	7.41633	0.314896	1.97865	7.41633	0
3.06583	7.45554	0.317254	3.06583	7.45554	0
4.07739	7.5274	0.299847	4.07739	7.5274	0
5.08066	7.49714	0.299063	5.08066	7.49714	0
6.11421	7.49379	0.345998	6.11421	7.49379	0
7.165	7.50272	0.299481	7.165	7.50272	0
8.16248	7.50646	0.302115	8.16248	7.50646	0
9.16798	7.48238	0.31431	9.16798	7.48238	0
10.2264	7.42954	0.32748	10.2264	7.42954	0
11.2557	7.38959	0.305865	11.2557	7.38959	0
-11.4934	7.43303	0.304158	-11.4934	7.43303	0
-10.4368	7.41988	0.317755	-10.4368	7.41988	0
-9.45364	7.4585	0.342843	-9.45364	7.4585	0
-8.38771	7.38627	0.319653	-8.38771	7.38627	0
-7.33248	7.44275	0.340591	-7.33248	7.44275	0
-6.28292	7.39977	0.330903	-6.28292	7.39977	0
-5.26241	7.44153	0.30825	-5.26241	7.44153	0
-4.1956	7.43518	0.351083	-4.1956	7.43518	0
-3.1817	7.46857	0.310408	-3.1817	7.46857	0
-2.10831	7.40951	0.304678	-2.10831	7.40951	0
-1.09333	7.41822	0.288269	-1.09333	7.41822	0
-0.0602303	8.48214	0.31617	-0.0602303	8.48214	0
1.01586	8.42892	0.333156	1.01586	8.42892	0
2.04965	8.43833	0.302713	2.04965	8.43833	0
3.0534	8.48393	0.335861	3.0534	8.48393	0
4.10657	8.48355	0.320467	4.10657	8.48355	0
5.14341	8.51196	0.317714	5.14341	8.51196	0
6.16385	8.51571	0.302705	6.16385	8.51571	0
7.15231	8.4915	0.308946	7.15231	8.4915	0
8.2848	8.52306	0.31327	8.2848	8.52306	0
9.27044	8.50698	0.308629	9.27044	8.50698	0
10.2919	8.46583	0.316745	10.2919	8.46583	0
11.2764	8.48376	0.31606	11.2764	8.48376	0
-11.4654	8.48308	0.333995	-11.4654	8.48308	0
-10.4313	8.50475	0.33621	-10.4313	8.50475	0
-9.41164	8.43394	0.332016	-9.41164	8.43394	0
-8.32666	8.46547	0.334007	-8.32666	8.46547	0
-7.27686	8.50682	0.311195	-7.27686	8.50682	0
-6.24955	8.44558	0.336716	-6.24955	8.44558	0
-5.26163	8.49365	0.310994	-5.26163	8.49365	0
-4.19628	8.51316	0.303712	-4.19628	8.51316	0
-3.15539	8.51099	0.331541	-3.15539	8.51099	0
-2.12629	8.49976	0.296178	-2.12629	8.49976	0
-1.0496	8.52797	0.317341	-1.0496	8.52797	0
-0.0222584	9.47961	0.304142	-0.0222584	9.47961	0
1.01924	9.47953	0.312873	1.01924	9.47953	0
2.11001	9.5216	0.309855	2.11001	9.5216	0
3.12013	9.52201	0.358817	3.12013	9.52201	0
4.15737	9.5297	0.331644	4.15737	9.5297	0
5.20371	9.5467	0.313896	5.20371	9.5467	0
6.20301	9.55586	0.347427	6.20301	9.55586	0
7.2432	9.50733	0.301906	7.2432	9.50733	0
8.33962	9.53036	0.332017	8.33962	9.53036	0
9.33145	9.58128	0.310102	9.33145	9.58128	0
10.3385	9.50231	0.307798	10.3385	9.50231	0
11.3384	9.47758	0.295758	11.3384	9.47758	0
-11.4221	9.55559	0.316385	-11.4221	9.55559	0
-10.3499	9.51455	0.319437	-10.3499	9.51455	0
-9.30779	9.4882	0.311306	-9.30779	9.4882	0
-8.32027	9.51061	0.293512	-8.32027	9.51061	0
-7.29817	9.49988	0.31609	-7.29817	9.49988	0
-6.27383	9.5336	0.344382	-6.27383	9.5336	0
-5.20753	9.51037	0.283402	-5.20753	9.51037	0
-4.18992	9.53981	0.332174	-4.18992	9.53981	0
-3.16736	9.56312	0.355804	-3.16736	9.56312	0
-2.02699	9.54047	0.313593	-2.02699	9.54047	0
-1.05674	9.52481	0.343998	-1.05674	9.52481	0
-0.0330995	10.5418	0.299338	-0.0330995	10.5418	0
1.09897	10.482	0.308052	1.09897	10.482	0
2.06025	10.5319	0.299503	2.06025	10.5319	0
3.09744	10.5922	0.334973	3.09744	10.5922	0
4.08357	10.596	0.301206	4.08357	10.596	0
5.14725	10.4763	0.295657	5.14725	10.4763	0
6.20408	10.508	0.306375	6.20408	10.508	0
7.24179	10.5058	0.302781	7.24179	10.5058	0
8.27753	10.5585	0.309132	8.27753	10.5585	0
9.33889	10.6099	0.307849	9.33889	10.6099	0
10.3016	10.5726	0.331683	10.3016	10.5726	0
11.3408	10.5128	0.313369	11.3408	10.5128	0
-11.4599	10.5231	0.310573	-11.4599	10.5231	0
-10.3955	10.5687	0.345107	-10.3955	10.5687	0
-9.3278	10.5077	0.315144	-9.3278	10.5077	0
-8.27531	10.5759	0.304321	-8.27531	10.5759	0
-7.23615	10.5116	0.34442	-7.23615	10.5116	0
-6.16539	10.4986	0.337901	-6.16539	10.4986	0
-5.20474	10.511	0.320712	-5.20474	10.511	0
-4.18201	10.5173	0.347166	-4.18201	10.5173	0
-3.11405	10.5571	0.309482	-3.11405	10.5571	0
-2.08247	10.5247	0.330754	-2.08247	10.5247	0
-1.03353	10.5815	0.332124	-1.03353	10.5815	0
0.0131277	11.5889	0.324451	0.0131277	11.5889	0
1.06358	11.5745	0.324741	1.06358	11.5745	0
2.03799	11.5079	0.330943	2.03799	11.5079	0
3.04315	11.5934	0.310857	3.04315	11.5934	0
4.08095	11.5852	0.318952	4.08095	11.5852	0
5.1173	11.5714	0.332435	5.1173	11.5714	0
6.16534	11.5801	0.347513	6.16534	11.5801	0
7.23803	11.6378	0.353356	7.23803	11.6378	0
8.28637	11.5741	0.30896	8.28637	11.5741	0
9.3483	11.6215	0.29631	9.3483	11.6215	0
10.3571	11.6193	0.334192	10.3571	11.6193	0
11.4311	11.6165	0.29925	11.4311	11.6165	0
-11.3649	11.535	0.339582	-11.3649	11.535	0
-10.4069	11.6575	0.307383	-10.4069	11.6575	0
-9.33027	11.5681	0.304268	-9.33027	11.5681	0
-8.21038	11.5898	0.323985	-8.21038	11.5898	0
-7.21733	11.5654	0.328068	-7.21733	11.5654	0
-6.25687	11.5144	0.337827	-6.25687	11.5144	0
-5.17497	11.5369	0.307598	-5.17497	11.5369	0
-4.16773	11.5625	0.33683	-4.16773	11.5625	0
-3.11806	11.5502	0.266252	-3.11806	11.5502	0
-2.09383	11.5514	0.317829	-2.09383	11.5514	0
-1.03857	11.5767	0.301843	-1.03857	11.5767	0
-0.0313036	-11.129	0.33448	-0.0313036	-11.129	0
0.993136	-11.0885	0.314062	0.993136	-11.0885	0
2.05092	-11.2112	0.336102	2.05092	-11.2112	0
3.0662	-11.1911	0.33878	3.0662	-11.1911	0
4.15472	-11.2297	0.315128	4.15472	-11.2297	0
5.17771	-11.2302	0.30124	5.17771	-11.2302	0
6.22241	-11.1865	0.32693	6.22241	-11.1865	0
7.27635	-11.1599	0.305284	7.27635	-11.1599	0
8.2657	-11.1661	0.309581	8.2657	-11.1661	0
9.33815	-11.1867	0.30663	9.33815	-11.1867	0
10.3688	-11.1271	0.327284	10.3688	-11.1271	0
11.353	-11.1271	0.312861	11.353	-11.1271	0
-11.4219	-11.1582	0.312603	-11.4219	-11.1582	0
-10.4168	-11.1121	0.302224	-10.4168	-11.1121	0
-9.33655	-11.175	0.31731	-9.33655	-11.175	0
-8.21999	-11.1764	0.317554	-8.21999	-11.1764	0
-7.1674	-11.2128	0.310699	-7.1674	-11.2128	0
-6.13698	-11.2691	0.307137	-6.13698	-11.2691	0
-5.17185	-11.1952	0.312993	-5.17185	-11.1952	0
-4.1633	-11.2153	0.3217	-4.1633	-11.2153	0
-3.12177	-11.1139	0.324427	-3.12177	-11.1139	0
-2.14607	-11.1693	0.313789	-2.14607	-11.1693	0
-1.06866	-11.1332	0.338139	-1.06866	-11.1332	0
0.0584223	-10.111	0.321824	0.0584223	-10.111	0
1.05852	-10.0741	0.296443	1.05852	-10.0741	0
2.04555	-10.1626	0.314372	2.04555	-10.1626	0
3.10498	-10.1704	0.303933	3.10498	-10.1704	0
4.13446	-10.2159	0.316937	4.13446	-10.2159	0
5.15229	-10.2234	0.316799	5.15229	-10.2234	0
6.17648	-10.1764	0.308397	6.17648	-10.1764	0
7.15696	-10.1428	0.305823	7.15696	-10.1428	0
8.20921	-10.1034	0.289183	8.20921	-10.1034	0
9.23047	-10.1301	0.30982	9.23047	-10.1301	0
10.2657	-10.1121	0.318452	10.2657	-10.1121	0
11.3234	-10.1202	0.304139	11.3234	-10.1202	0
-11.4502	-10.0755	0.317845	-11.4502	-10.0755	0
-10.3769	-10.0545	0.330552	-10.3769	-10.0545	0
-9.3634	-10.1738	0.303099	-9.3634	-10.1738	0
-8.27499	-10.1153	0.327807	-8.27499	-10.1153	0
-7.25084	-10.1937	0.301712	-7.25084	-10.1937	0
-6.17812	-10.2427	0.311982	-6.17812	-10.2427	0
-5.13857	-10.1863	0.313894	-5.13857	-10.1863	0
-4.12839	-10.1854	0.308322	-4.12839	-10.1854	0
-3.10439	-10.0955	0.306097	-3.10439	-10.0955	0
-2.08109	-10.1498	0.322644	-2.08109	-10.1498	0
-1.1001	-10.1047	0.304133	-1.1001	-10.1047	0
-0.0408108	-9.09306	0.333602	-0.0408108	-9.09306	0
1.00634	-9.11622	0.331247	1.00634	-9.11622	0
2.06473	-9.10932	0.337498	2.06473	-9.10932	0
3.0624	-9.12578	0.308037	3.0624	-9.12578	0
4.06876	-9.16841	0.338696	4.06876	-9.16841	0
5.07041	-9.12552	0.315394	5.07041	-9.12552	0
6.07989	-9.13142	0.27543	6.07989	-9.13142	0
7.14211	-9.09107	0.317475	7.14211	-9.09107	0
8.17552	-9.05378	0.293853	8.17552	-9.05378	0
9.23631	-9.12227	0.329764	9.23631	-9.12227	0
10.2679	-9.04332	0.323557	10.2679	-9.04332	0
11.306	-9.11255	0.309475	11.306	-9.11255	0
-11.3681	-9.05425	0.312657	-11.3681	-9.05425	0
-10.3959	-9.08473	0.29612	-10.3959	-9.08473	0
-9.33827	-9.1419	0.31019	-9.33827	-9.1419	0
-8.36364	-9.10444	0.326939	-8.36364	-9.10444	0
-7.324	-9.21328	0.308681	-7.324	-9.21328	0
-6.27188	-9.16376	0.321402	-6.27188	-9.16376	0
-5.25368	-9.1413	0.297009	-5.25368	-9.1413	0
-4.19463	-9.15442	0.317338	-4.19463	-9.15442	0
-3.21383	-9.11092	0.318064	-3.21383	-9.11092	0
-2.09912	-9.16216	0.306953	-2.09912	-9.16216	0
-1.07405	-9.16705	0.295103	-1.07405	-9.16705	0
-0.0885828	-8.08025	0.326399	-0.0885828	-8.08025	0
0.968833	-8.08646	0.29976	0.968833	-8.08646	0
2.01448	-8.0847	0.337023	2.01448	-8.0847	0
3.00944	-8.07342	0.33589	3.00944	-8.07342	0
4.0265	-8.10737	0.328619	4.0265	-8.10737	0
5.15994	-8.11337	0.339755	5.15994	-8.11337	0
6.12477	-8.0928	0.341536	6.12477	-8.0928	0
7.16157	-8.08382	0.304175	7.16157	-8.08382	0
8.24503	-8.09207	0.338307	8.24503	-8.09207	0
9.23547	-8.05713	0.283384	9.23547	-8.05713	0
10.3199	-7.9726	0.322252	10.3199	-7.9726	0
11.319	-8.03543	0.328816	11.319	-8.03543	0
-11.4216	-8.04607	0.306455	-11.4216	-8.04607	0
-10.438	-8.02323	0.341463	-10.438	-8.02323	0
-9.3763	-8.09977	0.319047	-9.3763	-8.09977	0
-8.30445	-8.09937	0.313817	-8.30445	-8.09937	0
-7.34622	-8.12858	0.327891	-7.34622	-8.12858	0
-6.2861	-8.14658	0.32781	-6.2861	-8.14658	0
-5.25237	-8.12857	0.28272	-5.25237	-8.12857	0
-4.23366	-8.11291	0.315963	-4.23366	-8.11291	0
-3.21887	-8.07906	0.333562	-3.21887	-8.07906	0
-2.17618	-8.1223	0.320053	-2.17618	-8.1223	0
-1.10921	-8.0554	0.303588	-1.10921	-8.0554	0
-0.0530214	-7.03748	0.315253	-0.0530214	-7.03748	0
0.977114	-7.10723	0.326066	0.977114	-7.10723	0
1.97412	-7.08284	0.288058	1.97412	-7.08284	0
3.02659	-7.07449	0.307282	3.02659	-7.07449	0
4.09856	-7.08771	0.296784	4.09856	-7.08771	0
5.17145	-7.07361	0.318783	5.17145	-7.07361	0
6.25811	-7.06088	0.312012	6.25811	-7.06088	0
7.27991	-7.04197	0.306551	7.27991	-7.04197	0
8.26829	-7.02231	0.317743	8.26829	-7.02231	0
9.29431	-7.02209	0.33131	9.29431	-7.02209	0
10.3141	-6.98626	0.322611	10.3141	-6.98626	0
11.4199	-7.02658	0.309138	11.4199	-7.02658	0
-11.4171	-7.0156	0.304852	-11.4171	-7.0156	0
-10.3781	-7.06375	0.304579	-10.3781	-7.06375	0
-9.30347	-7.08997	0.326223	-9.30347	-7.08997	0
-8.27057	-7.06365	0.336903	-8.27057	-7.06365	0
-7.26247	-7.15889	0.304927	-7.26247	-7.15889	0
-6.23341	-7.13273	0.278633	-6.23341	-7.13273	0
-5.21264	-7.11595	0.307914	-5.21264	-7.11595	0
-4.22272	-7.087	0.318424	-4.22272	-7.087	0
-3.23322	-7.10293	0.320165	-3.23322	-7.10293	0
-2.19836	-7.07099	0.31186	-2.19836	-7.07099	0
-1.13509	-7.05294	0.319011	-1.13509	-7.05294	0
-0.0826032	-6.00811	0.301231	-0.0826032	-6.00811	0
1.00409	-6.06644	0.324912	1.00409	-6.06644	0
2.03769	-6.02041	0.299941	2.03769	-6.02041	0
3.06011	-6.02042	0.320404	3.06011	-6.02042	0
4.08711	-6.0715	0.325958	4.08711	-6.0715	0
5.12849	-6.12743	0.310894	5.12849	-6.12743	0
6.20119	-5.99725	0.321062	6.20119	-5.99725	0
7.2792	-6.00374	0.328876	7.2792	-6.00374	0
8.24214	-5.94389	0.31361	8.24214	-5.94389	0
9.26887	-5.97461	0.341067	9.26887	-5.97461	0
10.2323	-5.99773	0.2874	10.2323	-5.99773	0
11.2859	-6.03817	0.339016	11.2859	-6.03817	0
-11.4144	-5.99242	0.302175	-11.4144	-5.99242	0
-10.322	-6.07209	0.311973	-10.322	-6.07209	0
-9.31497	-6.06709	0.29978	-9.31497	-6.06709	0
-8.31456	-6.02594	0.306043	-8.31456	-6.02594	0
-7.28085	-6.06153	0.327698	-7.28085	-6.06153	0
-6.2953	-6.07866	0.325133	-6.2953	-6.07866	0
-5.24058	-6.06802	0.312161	-5.24058	-6.06802	0
-4.24881	-6.06209	0.325015	-4.24881	-6.06209	0
-3.18158	-6.03068	0.301626	-3.18158	-6.03068	0
-2.17018	-6.02823	0.31016	-2.17018	-6.02823	0
-1.11298	-6.01101	0.308439	-1.11298	-6.01101	0
-0.0469643	-5.025	0.319629	-0.0469643	-5.025	0
0.967154	-5.04425	0.302011	0.967154	-5.04425	0
2.04165	-4.99161	0.313279	2.04165	-4.99161	0
3.11073	-5.04216	0.29122	3.11073	-5.04216	0
4.11933	-5.01856	0.339106	4.11933	-5.01856	0
5.14874	-5.03289	0.365549	5.14874	-5.03289	0
6.16386	-4.99316	0.303007	6.16386	-4.99316	0
7.19512	-4.98804	0.317092	7.19512	-4.98804	0
8.21533	-4.91673	0.297155	8.21533	-4.91673	0
9.27628	-4.94666	0.309546	9.27628	-4.94666	0
10.2781	-4.96291	0.30235	10.2781	-4.96291	0
11.299	-4.92905	0.326947	11.299	-4.92905	0
-11.4529	-4.96267	0.287146	-11.4529	-4.96267	0
-10.3982	-5.00825	0.317146	-10.3982	-5.00825	0
-9.38418	-4.98576	0.327937	-9.38418	-4.98576	0
-8.36674	-5.04584	0.310165	-8.36674	-5.04584	0
-7.31971	-5.0403	0.308293	-7.31971	-5.0403	0
-6.23284	-5.08043	0.32783	-6.23284	-5.08043	0
-5.2283	-5.03402	0.334609	-5.2283	-5.03402	0
-4.26256	-4.981	0.343456	-4.26256	-4.981	0
-3.2463	-4.97753	0.303229	-3.2463	-4.97753	0
-2.21121	-4.95929	0.316111	-2.21121	-4.95929	0
-1.15025	-4.97758	0.300647	-1.15025	-4.97758	0
-0.0860098	-3.92331	0.33101	-0.0860098	-3.92331	0
0.929697	-3.92574	0.333146	0.929697	-3.92574	0
2.01309	-3.96098	0.320812	2.01309	-3.96098	0
3.04518	-4.0409	0.30918	3.04518	-4.0409	0
4.04085	-3.98993	0.309347	4.04085	-3.98993	0
5.09801	-4.01351	0.308166	5.09801	-4.01351	0
6.09731	-3.99237	0.337238	6.09731	-3.99237	0
7.18015	-3.93588	0.334412	7.18015	-3.93588	0
8.18669	-3.95088	0.308292	8.18669	-3.95088	0
9.18803	-3.92617	0.344325	9.18803	-3.92617	0
10.2632	-3.94862	0.310733	10.2632	-3.94862	0
11.2654	-3.848	0.313897	11.2654	-3.848	0
-11.473	-3.93268	0.315299	-11.473	-3.93268	0
-10.4731	-3.98384	0.308879	-10.4731	-3.98384	0
-9.41098	-3.95319	0.355452	-9.41098	-3.95319	0
-8.36856	-4.03221	0.303371	-8.36856	-4.03221	0
-7.21309	-3.98799	0.329278	-7.21309	-3.98799	0
-6.24248	-4.06091	0.336504	-6.24248	-4.06091	0
-5.21754	-3.98925	0.333816	-5.21754	-3.98925	0
-4.24754	-3.98451	0.322304	-4.24754	-3.98451	0
-3.18596	-3.8888	0.342357	-3.18596	-3.8888	0
-2.21218	-3.91652	0.320189	-2.21218	-3.91652	0
-1.14642	-3.88707	0.318015	-1.14642	-3.88707	0
-0.0779412	-2.92109	0.321063	-0.0779412	-2.92109	0
0.977935	-2.92916	0.31914	0.977935	-2.92916	0
2.03751	-2.91687	0.331605	2.03751	-2.91687	0
3.06294	-2.95537	0.327776	3.06294	-2.95537	0
4.05012	-2.95062	0.293588	4.05012	-2.95062	0
5.08057	-2.99561	0.324246	5.08057	-2.99561	0
6.17797	-2.99297	0.325417	6.17797	-2.99297	0
7.12117	-2.88312	0.32591	7.12117	-2.88312	0
8.18376	-2.85254	0.28483	8.18376	-2.85254	0
9.16267	-2.86362	0.33778	9.16267	-2.86362	0
10.23	-2.85469	0.324715	10.23	-2.85469	0
11.2563	-2.89031	0.29205	11.2563	-2.89031	0
-11.4559	-2.91405	0.344054	-11.4559	-2.91405	0
-10.4639	-2.94383	0.313811	-10.4639	-2.94383	0
-9.42395	-2.93781	0.299001	-9.42395	-2.93781	0
-8.387	-3.03126	0.294601	-8.387	-3.03126	0
-7.30806	-2.9535	0.31417	-7.30806	-2.9535	0
-6.25888	-2.9738	0.341392	-6.25888	-2.9738	0
-5.23849	-2.99359	0.327209	-5.23849	-2.99359	0
-4.18909	-3.00414	0.326004	-4.18909	-3.00414	0
-3.19466	-2.89604	0.304993	-3.19466	-2.89604	0
-2.17535	-2.84398	0.341623	-2.17535	-2.84398	0
-1.1535	-2.86443	0.325186	-1.1535	-2.86443	0
-0.0993699	-1.87021	0.322368	-0.0993699	-1.87021	0
0.973636	-1.86556	0.318323	0.973636	-1.86556	0
2.01264	-1.85672	0.317756	2.01264	-1.85672	0
2.99672	-1.9031	0.305435	2.99672	-1.9031	0
4.07301	-1.93378	0.313694	4.07301	-1.93378	0
5.12431	-1.90059	0.332088	5.12431	-1.90059	0
6.14942	-1.92915	0.301575	6.14942	-1.92915	0
7.14167	-1.88518	0.286885	7.14167	-1.88518	0
8.1036	-1.82503	0.312842	8.1036	-1.82503	0
9.19529	-1.87542	0.331907	9.19529	-1.87542	0
10.2792	-1.9013	0.318947	10.2792	-1.9013	0
11.2724	-1.87182	0.326761	11.2724	-1.87182	0
-11.4963	-1.87015	0.326269	-11.4963	-1.87015	0
-10.4729	-1.95415	0.328279	-10.4729	-1.95415	0
-9.45548	-1.92301	0.313951	-9.45548	-1.92301	0
-8.38783	-1.93788	0.308269	-8.38783	-1.93788	0
-7.39218	-1.96247	0.320632	-7.39218	-1.96247	0
-6.33391	-1.95564	0.311364	-6.33391	-1.95564	0
-5.24958	-1.98405	0.340072	-5.24958	-1.98405	0
-4.27981	-1.90524	0.312593	-4.27981	-1.90524	0
-3.20701	-1.89054	0.306097	-3.20701	-1.89054	0
-2.14541	-1.82372	0.310795	-2.14541	-1.82372	0
-1.12663	-1.85469	0.300427	-1.12663	-1.85469	0
-0.0654271	-0.841597	0.314897	-0.0654271	-0.841597	0
0.951809	-0.849475	0.30751	0.951809	-0.849475	0
2.00547	-0.834028	0.344326	2.00547	-0.834028	0
2.95614	-0.892158	0.317332	2.95614	-0.892158	0
4.0625	-0.886589	0.317312	4.0625	-0.886589	0
5.13436	-0.904135	0.3162	5.13436	-0.904135	0
6.10344	-0.840456	0.306811	6.10344	-0.840456	0
7.12325	-0.809821	0.34274	7.12325	-0.809821	0
8.19443	-0.774181	0.348456	8.19443	-0.774181	0
9.19732	-0.840723	0.331618	9.19732	-0.840723	0
10.2517	-0.791089	0.316206	10.2517	-0.791089	0
11.2779	-0.863039	0.324535	11.2779	-0.863039	0
-11.4422	-0.843533	0.334643	-11.4422	-0.843533	0
-10.4675	-0.871288	0.304413	-10.4675	-0.871288	0
-9.44326	-0.877418	0.321786	-9.44326	-0.877418	0
-8.37653	-0.884484	0.330691	-8.37653	-0.884484	0
-7.30081	-0.943517	0.305544	-7.30081	-0.943517	0
-6.33627	-0.894324	0.308773	-6.33627	-0.894324	0
-5.26219	-0.865023	0.315837	-5.26219	-0.865023	0
-4.25862	-0.845936	0.332603	-4.25862	-0.845936	0
-3.19007	-0.915738	0.344125	-3.19007	-0.915738	0
-2.15011	-0.813993	0.311056	-2.15011	-0.813993	0
-1.06034	-0.797975	0.315567	-1.06034	-0.797975	0
