-0.629634	-0.174211	-0.343761	-0.629634	-0.174211	0
0.404909	-0.208897	-0.31759	0.404909	-0.208897	0
1.45622	-0.187552	-0.337377	1.45622	-0.187552	0
2.44264	-0.178151	-0.301891	2.44264	-0.178151	0
3.4883	-0.165934	-0.31924	3.4883	-0.165934	0
4.53234	-0.244187	-0.326378	4.53234	-0.244187	0
5.54373	-0.21291	-0.335698	5.54373	-0.21291	0
6.5469	-0.162074	-0.336511	6.5469	-0.162074	0
7.61695	-0.26283	-0.335899	7.61695	-0.26283	0
8.65443	-0.237278	-0.329454	8.65443	-0.237278	0
9.67556	-0.179404	-0.342984	9.67556	-0.179404	0
10.6972	-0.152641	-0.331695	10.6972	-0.152641	0
11.7055	-0.118139	-0.332073	11.7055	-0.118139	0
-10.9913	-0.110636	-0.298768	-10.9913	-0.110636	0
-9.94612	-0.181788	-0.305769	-9.94612	-0.181788	0
-8.87814	-0.123311	-0.320084	-8.87814	-0.123311	0
-7.89031	-0.130746	-0.316108	-7.89031	-0.130746	0
-6.87487	-0.203937	-0.301511	-6.87487	-0.203937	0
-5.81961	-0.212408	-0.316005	-5.81961	-0.212408	0
-4.83012	-0.215367	-0.300656	-4.83012	-0.215367	0
-3.75286	-0.196288	-0.344167	-3.75286	-0.196288	0
-2.67123	-0.171431	-0.276031	-2.67123	-0.171431	0
-1.62758	-0.103895	-0.318077	-1.62758	-0.103895	0
-0.648162	0.881006	-0.34658	-0.648162	0.881006	0
0.443162	0.894489	-0.331855	0.443162	0.894489	0
1.46072	0.831293	-0.319211	1.46072	0.831293	0
2.43483	0.900079	-0.324654	2.43483	0.900079	0
3.48016	0.884578	-0.313434	3.48016	0.884578	0
4.52171	0.840126	-0.282735	4.52171	0.840126	0
5.53023	0.856681	-0.323339	5.53023	0.856681	0
6.60101	0.842077	-0.345516	6.60101	0.842077	0
7.58806	0.833147	-0.328821	7.58806	0.833147	0
8.66273	0.903045	-0.331392	8.66273	0.903045	0
9.62064	0.861379	-0.307912	9.62064	0.861379	0
10.6454	0.831829	-0.304328	10.6454	0.831829	0
11.6933	0.865526	-0.325737	11.6933	0.865526	0
-10.9834	0.878987	-0.315203	-10.9834	0.878987	0
-9.94429	0.839938	-0.329242	-9.94429	0.839938	0
-8.95872	0.875045	-0.308887	-8.95872	0.875045	0
-7.89915	0.925073	-0.295907	-7.89915	0.925073	0
-6.88575	0.845739	-0.31318	-6.88575	0.845739	0
-5.88221	0.830961	-0.299648	-5.88221	0.830961	0
-4.81565	0.8003	-0.329878	-4.81565	0.8003	0
-3.76143	0.869524	-0.313424	-3.76143	0.869524	0
-2.71975	0.853883	-0.315261	-2.71975	0.853883	0
-1.68556	0.909872	-0.321883	-1.68556	0.909872	0
-0.616	1.89783	-0.29427	-0.616	1.89783	0
0.407941	1.87881	-0.322846	0.407941	1.87881	0
1.39239	1.90003	-0.33402	1.39239	1.90003	0
2.43904	1.86444	-0.302948	2.43904	1.86444	0
3.46746	1.89605	-0.318186	3.46746	1.89605	0
4.53763	1.92422	-0.291952	4.53763	1.92422	0
5.56974	1.86383	-0.316021	5.56974	1.86383	0
6.65547	1.95502	-0.329882	6.65547	1.95502	0
7.67917	1.86414	-0.353386	7.67917	1.86414	0
8.66036	1.95506	-0.329262	8.66036	1.95506	0
9.69191	1.87596	-0.324924	9.69191	1.87596	0
10.6996	1.86546	-0.30872	10.6996	1.86546	0
11.7193	1.8582	-0.324469	11.7193	1.8582	0
-10.9821	1.90189	-0.310565	-10.9821	1.90189	0
-10.0052	1.89229	-0.307891	-10.0052	1.89229	0
-8.98881	1.93627	-0.300587	-8.98881	1.93627	0
-7.89333	1.91978	-0.289569	-7.89333	1.91978	0
-6.87165	1.87939	-0.31623	-6.87165	1.87939	0
-5.79323	1.85252	-0.292795	-5.79323	1.85252	0
-4.80091	1.87031	-0.297359	-4.80091	1.87031	0
-3.77834	1.84711	-0.316195	-3.77834	1.84711	0
-2.75224	1.88447	-0.268915	-2.75224	1.88447	0
-1.67161	1.89605	-0.32139	-1.67161	1.89605	0
-0.678326	2.91577	-0.314242	-0.678326	2.91577	0
0.393054	2.89779	-0.328214	0.393054	2.89779	0
1.39576	2.90349	-0.302774	1.39576	2.90349	0
2.47562	2.88965	-0.323959	2.47562	2.88965	0
3.44559	2.94193	-0.330434	3.44559	2.94193	0
4.5321	2.93515	-0.316977	4.5321	2.93515	0
5.6381	2.88146	-0.343272	5.6381	2.88146	0
6.59156	2.94327	-0.283038	6.59156	2.94327	0
7.62158	2.94656	-0.33974	7.62158	2.94656	0
8.69098	2.9505	-0.301458	8.69098	2.9505	0
9.70244	2.9033	-0.293658	9.70244	2.9033	0
10.7304	2.88056	-0.257583	10.7304	2.88056	0
11.7825	2.91526	-0.317902	11.7825	2.91526	0
-11.0065	2.91223	-0.309245	-11.0065	2.91223	0
-10.0129	2.92521	-0.31947	-10.0129	2.92521	0
-9.01512	2.94533	-0.293181	-9.01512	2.94533	0
-7.93135	2.93148	-0.312183	-7.93135	2.93148	0
-6.85394	2.93115	-0.332465	-6.85394	2.93115	0
-5.79734	2.85233	-0.312565	-5.79734	2.85233	0
-4.81211	2.87185	-0.297572	-4.81211	2.87185	0
-3.74198	2.89271	-0.312304	-3.74198	2.89271	0
-2.74838	2.94325	-0.316725	-2.74838	2.94325	0
-1.65836	2.98407	-0.318196	-1.65836	2.98407	0
-0.618228	3.94543	-0.305841	-0.618228	3.94543	0
0.440258	3.97642	-0.311686	0.440258	3.97642	0
1.47445	3.91056	-0.320772	1.47445	3.91056	0
2.54666	3.96245	-0.307804	2.54666	3.96245	0
3.51581	3.944	-0.340413	3.51581	3.944	0
4.54319	4.0049	-0.313295	4.54319	4.0049	0
5.54247	3.96785	-0.278385	5.54247	3.96785	0
6.60813	3.9349	-0.294077	6.60813	3.9349	0
7.61786	3.99633	-0.323324	7.61786	3.99633	0
8.70423	3.99657	-0.29199	8.70423	3.99657	0
9.74521	3.97734	-0.314836	9.74521	3.97734	0
10.7529	3.94383	-0.305515	10.7529	3.94383	0
11.8183	3.95971	-0.311483	11.8183	3.95971	0
-11.0076	3.9366	-0.332912	-11.0076	3.9366	0
-9.99009	3.92213	-0.316598	-9.99009	3.92213	0
-8.96315	3.91164	-0.291092	-8.96315	3.91164	0
-7.9133	3.92643	-0.31605	-7.9133	3.92643	0
-6.86665	3.94336	-0.313911	-6.86665	3.94336	0
-5.81322	3.85863	-0.312278	-5.81322	3.85863	0
-4.7966	3.95941	-0.320478	-4.7966	3.95941	0
-3.75572	3.97783	-0.334525	-3.75572	3.97783	0
-2.70791	3.95318	-0.322324	-2.70791	3.95318	0
-1.67423	3.99758	-0.276864	-1.67423	3.99758	0
-0.601119	5.02473	-0.321002	-0.601119	5.02473	0
0.423143	5.02164	-0.306235	0.423143	5.02164	0
1.41035	4.92511	-0.322399	1.41035	4.92511	0
2.40207	4.9975	-0.308399	2.40207	4.9975	0
3.45258	5.00235	-0.307947	3.45258	5.00235	0
4.52196	5.05037	-0.345409	4.52196	5.05037	0
5.52324	4.92564	-0.297525	5.52324	4.92564	0
6.5678	4.99292	-0.306405	6.5678	4.99292	0
7.65242	5.06231	-0.337783	7.65242	5.06231	0
8.7346	5.0214	-0.329141	8.7346	5.0214	0
9.72551	5.02525	-0.281797	9.72551	5.02525	0
10.8018	4.98875	-0.312298	10.8018	4.98875	0
11.8092	4.93921	-0.323249	11.8092	4.93921	0
-10.9357	4.98112	-0.327803	-10.9357	4.98112	0
-9.95803	4.89008	-0.322521	-9.95803	4.89008	0
-8.88265	5.00769	-0.30491	-8.88265	5.00769	0
-7.87467	4.98236	-0.324203	-7.87467	4.98236	0
-6.87562	4.9519	-0.322383	-6.87562	4.9519	0
-5.84477	4.97779	-0.324717	-5.84477	4.97779	0
-4.78872	4.94796	-0.312982	-4.78872	4.94796	0
-3.78461	4.97781	-0.296112	-3.78461	4.97781	0
-2.69954	4.96315	-0.324993	-2.69954	4.96315	0
-1.71415	5.01451	-0.292697	-1.71415	5.01451	0
-0.649128	6.05876	-0.293498	-0.649128	6.05876	0
0.333893	6.04317	-0.310967	0.333893	6.04317	0
1.42863	6.005	-0.299805	1.42863	6.005	0
2.42993	6.01259	-0.298845	2.42993	6.01259	0
3.47358	6.04604	-0.330423	3.47358	6.04604	0
4.49888	6.03618	-0.327259	4.49888	6.03618	0
5.58868	6.04343	-0.308953	5.58868	6.04343	0
6.58242	6.03861	-0.30536	6.58242	6.03861	0
7.67051	6.0798	-0.320257	7.67051	6.0798	0
8.69582	6.06169	-0.3224	8.69582	6.06169	0
9.74802	6.07135	-0.297887	9.74802	6.07135	0
10.7855	5.98191	-0.327403	10.7855	5.98191	0
11.795	5.94273	-0.32389	11.795	5.94273	0
-10.9763	6.03912	-0.29184	-10.9763	6.03912	0
-9.93374	6.01428	-0.292337	-9.93374	6.01428	0
-8.91475	6.02109	-0.301992	-8.91475	6.02109	0
-7.89582	6.00274	-0.320789	-7.89582	6.00274	0
-6.81481	6.08324	-0.337919	-6.81481	6.08324	0
-5.76492	5.99779	-0.291857	-5.76492	5.99779	0
-4.7963	5.96944	-0.322425	-4.7963	5.96944	0
-3.71584	6.00796	-0.275319	-3.71584	6.00796	0
-2.72366	6.00541	-0.343796	-2.72366	6.00541	0
-1.70318	6.10499	-0.327765	-1.70318	6.10499	0
-0.679354	7.08864	-0.330245	-0.679354	7.08864	0
0.371923	7.07192	-0.31995	0.371923	7.07192	0
1.41385	7.06735	-0.318909	1.41385	7.06735	0
2.44011	7.02542	-0.299485	2.44011	7.02542	0
3.43433	7.05859	-0.308458	3.43433	7.05859	0
4.51741	7.05682	-0.278212	4.51741	7.05682	0
5.54867	7.05216	-0.326619	5.54867	7.05216	0
6.6048	7.07594	-0.324344	6.6048	7.07594	0
7.63374	7.03946	-0.310897	7.63374	7.03946	0
8.70513	7.05492	-0.351442	8.70513	7.05492	0
9.72572	7.10817	-0.31893	9.72572	7.10817	0
10.7532	7.03064	-0.345415	10.7532	7.03064	0
11.738	7.02665	-0.306879	11.738	7.02665	0
-10.9757	7.04902	-0.336769	-10.9757	7.04902	0
-9.87529	7.06606	-0.31681	-9.87529	7.06606	0
-8.89287	7.06537	-0.290179	-8.89287	7.06537	0
-7.85262	7.13347	-0.357032	-7.85262	7.13347	0
-6.88311	7.06779	-0.303621	-6.88311	7.06779	0
-5.81484	6.98652	-0.326476	-5.81484	6.98652	0
-4.75191	7.033	-0.299638	-4.75191	7.033	0
-3.76619	7.0721	-0.348144	-3.76619	7.0721	0
-2.71121	7.03802	-0.330309	-2.71121	7.03802	0
-1.68939	7.14401	-0.331264	-1.68939	7.14401	0
-0.65937	8.14987	-0.316407	-0.65937	8.14987	0
0.386376	8.11977	-0.29098	0.386376	8.11977	0
1.37946	8.09013	-0.319	1.37946	8.09013	0
2.4253	8.10549	-0.343325	2.4253	8.10549	0
3.44655	8.08059	-0.315944	3.44655	8.08059	0
4.47991	8.11955	-0.313429	4.47991	8.11955	0
5.55611	8.08655	-0.334988	5.55611	8.08655	0
6.55792	8.12261	-0.27857	6.55792	8.12261	0
7.5979	8.0643	-0.323263	7.5979	8.0643	0
8.70091	8.12	-0.331698	8.70091	8.12	0
9.69648	8.15349	-0.33835	9.69648	8.15349	0
10.7417	8.03906	-0.297135	10.7417	8.03906	0
11.7347	8.01034	-0.322171	11.7347	8.01034	0
-10.9906	8.04626	-0.325184	-10.9906	8.04626	0
-9.98757	8.09487	-0.312708	-9.98757	8.09487	0
-8.97453	8.05892	-0.291355	-8.97453	8.05892	0
-7.93787	8.09845	-0.305533	-7.93787	8.09845	0
-6.88421	8.11377	-0.32396	-6.88421	8.11377	0
-5.84673	8.11074	-0.327721	-5.84673	8.11074	0
-4.77563	8.11388	-0.323511	-4.77563	8.11388	0
-3.7997	8.10928	-0.302552	-3.7997	8.10928	0
-2.76818	8.13961	-0.302785	-2.76818	8.13961	0
-1.74083	8.11735	-0.306473	-1.74083	8.11735	0
-0.706098	9.17553	-0.307963	-0.706098	9.17553	0
0.374875	9.18866	-0.314514	0.374875	9.18866	0
1.37224	9.0778	-0.308331	1.37224	9.0778	0
2.43556	9.13599	-0.342701	2.43556	9.13599	0
3.53244	9.14024	-0.316878	3.53244	9.14024	0
4.50049	9.14295	-0.322898	4.50049	9.14295	0
5.5474	9.12618	-0.307169	5.5474	9.12618	0
6.58442	9.13507	-0.338587	6.58442	9.13507	0
7.63095	9.13933	-0.323359	7.63095	9.13933	0
8.62084	9.15058	-0.331059	8.62084	9.15058	0
9.70929	9.17425	-0.318672	9.70929	9.17425	0
10.7509	9.036	-0.350207	10.7509	9.036	0
11.7827	9.05723	-0.325772	11.7827	9.05723	0
-11.0282	9.07994	-0.307307	-11.0282	9.07994	0
-9.97261	9.10186	-0.323288	-9.97261	9.10186	0
-8.97309	9.04656	-0.32337	-8.97309	9.04656	0
-7.95117	9.09595	-0.32115	-7.95117	9.09595	0
-6.93904	9.11546	-0.276126	-6.93904	9.11546	0
-5.8434	9.11885	-0.335237	-5.8434	9.11885	0
-4.81838	9.13705	-0.306726	-4.81838	9.13705	0
-3.74826	9.13031	-0.308567	-3.74826	9.13031	0
-2.69894	9.14228	-0.307419	-2.69894	9.14228	0
-1.69935	9.14333	-0.296295	-1.69935	9.14333	0
-0.657171	10.202	-0.29514	-0.657171	10.202	0
0.39465	10.2239	-0.276939	0.39465	10.2239	0
1.42685	10.2139	-0.329137	1.42685	10.2139	0
2.45658	10.1441	-0.319071	2.45658	10.1441	0
3.45834	10.1412	-0.29485	3.45834	10.1412	0
4.46343	10.165	-0.323897	4.46343	10.165	0
5.50411	10.1253	-0.318251	5.50411	10.1253	0
6.56649	10.1741	-0.361501	6.56649	10.1741	0
7.56611	10.1826	-0.309997	7.56611	10.1826	0
8.65823	10.1662	-0.321654	8.65823	10.1662	0
9.67854	10.1616	-0.312195	9.67854	10.1616	0
10.7391	10.0653	-0.333803	10.7391	10.0653	0
11.8181	10.114	-0.314771	11.8181	10.114	0
-11.0047	10.1269	-0.306933	-11.0047	10.1269	0
-9.98888	10.0895	-0.328669	-9.98888	10.0895	0
-8.96194	10.1053	-0.299548	-8.96194	10.1053	0
-7.89786	10.164	-0.335927	-7.89786	10.164	0
-6.87611	10.1462	-0.329196	-6.87611	10.1462	0
-5.77937	10.1457	-0.312743	-5.77937	10.1457	0
-4.71419	10.1418	-0.329448	-4.71419	10.1418	0
-3.71559	10.1756	-0.302205	-3.71559	10.1756	0
-2.72364	10.1607	-0.289627	-2.72364	10.1607	0
-1.70183	10.2069	-0.318753	-1.70183	10.2069	0
-0.655378	11.2156	-0.317583	-0.655378	11.2156	0
0.387668	11.2054	-0.333874	0.387668	11.2054	0
1.41608	11.2451	-0.306099	1.41608	11.2451	0
2.40417	11.1291	-0.317784	2.40417	11.1291	0
3.45594	11.1463	-0.318878	3.45594	11.1463	0
4.51386	11.1877	-0.310175	4.51386	11.1877	0
5.59885	11.1405	-0.297617	5.59885	11.1405	0
6.65083	11.2019	-0.30353	6.65083	11.2019	0
7.67941	11.1885	-0.316796	7.67941	11.1885	0
8.6915	11.2064	-0.31565	8.6915	11.2064	0
9.71997	11.184	-0.316082	9.71997	11.184	0
10.7584	11.1237	-0.342306	10.7584	11.1237	0
11.7724	11.1426	-0.306792	11.7724	11.1426	0
-10.9753	11.1748	-0.31381	-10.9753	11.1748	0
-9.96668	11.215	-0.324658	-9.96668	11.215	0
-8.9515	11.1095	-0.316099	-8.9515	11.1095	0
-7.88951	11.1309	-0.31093	-7.88951	11.1309	0
-6.86818	11.184	-0.283929	-6.86818	11.184	0
-5.8203	11.2281	-0.289617	-5.8203	11.2281	0
-4.75096	11.2069	-0.275925	-4.75096	11.2069	0
-3.71335	11.2652	-0.325558	-3.71335	11.2652	0
-2.69228	11.2441	-0.307155	-2.69228	11.2441	0
-1.70185	11.2698	-0.323288	-1.70185	11.2698	0
-0.615976	-11.4819	-0.297534	-0.615976	-11.4819	0
0.394593	-11.4649	-0.307609	0.394593	-11.4649	0
1.44092	-11.5394	-0.315684	1.44092	-11.5394	0
2.40925	-11.5641	-0.303029	2.40925	-11.5641	0
3.54627	-11.5646	-0.329127	3.54627	-11.5646	0
4.55435	-11.5384	-0.275589	4.55435	-11.5384	0
5.61393	-11.5799	-0.311559	5.61393	-11.5799	0
6.65265	-11.5716	-0.342161	6.65265	-11.5716	0
7.63704	-11.5215	-0.305272	7.63704	-11.5215	0
8.64864	-11.559	-0.339666	8.64864	-11.559	0
9.67692	-11.5656	-0.337067	9.67692	-11.5656	0
10.6665	-11.5675	-0.324292	10.6665	-11.5675	0
11.7368	-11.5626	-0.32383	11.7368	-11.5626	0
-11.0169	-11.5579	-0.313267	-11.0169	-11.5579	0
-9.9764	-11.571	-0.314495	-9.9764	-11.571	0
-8.94428	-11.5586	-0.306231	-8.94428	-11.5586	0
-7.91082	-11.5529	-0.310795	-7.91082	-11.5529	0
-6.89608	-11.5407	-0.310046	-6.89608	-11.5407	0
-5.76883	-11.5743	-0.336345	-5.76883	-11.5743	0
-4.78059	-11.5772	-0.315935	-4.78059	-11.5772	0
-3.78893	-11.5514	-0.326439	-3.78893	-11.5514	0
-2.70699	-11.4311	-0.346538	-2.70699	-11.4311	0
-1.70617	-11.4853	-0.323181	-1.70617	-11.4853	0
-0.645	-10.438	-0.324276	-0.645	-10.438	0
0.428087	-10.4386	-0.333348	0.428087	-10.4386	0
1.42069	-10.4978	-0.311719	1.42069	-10.4978	0
2.47602	-10.5616	-0.332875	2.47602	-10.5616	0
3.46789	-10.4941	-0.335295	3.46789	-10.4941	0
4.54569	-10.5385	-0.311317	4.54569	-10.5385	0
5.54222	-10.5616	-0.330842	5.54222	-10.5616	0
6.57818	-10.5398	-0.329316	6.57818	-10.5398	0
7.62189	-10.555	-0.317929	7.62189	-10.555	0
8.66566	-10.488	-0.32171	8.66566	-10.488	0
9.63244	-10.5167	-0.294136	9.63244	-10.5167	0
10.6588	-10.529	-0.326104	10.6588	-10.529	0
11.7383	-10.5514	-0.347998	11.7383	-10.5514	0
-11.0358	-10.6019	-0.286933	-11.0358	-10.6019	0
-10.0353	-10.5428	-0.316389	-10.0353	-10.5428	0
-8.95506	-10.5236	-0.301767	-8.95506	-10.5236	0
-7.94285	-10.5212	-0.326061	-7.94285	-10.5212	0
-6.87102	-10.5606	-0.335734	-6.87102	-10.5606	0
-5.83414	-10.522	-0.331125	-5.83414	-10.522	0
-4.80393	-10.5478	-0.31286	-4.80393	-10.5478	0
-3.71117	-10.5216	-0.312807	-3.71117	-10.5216	0
-2.68648	-10.404	-0.312846	-2.68648	-10.404	0
-1.64323	-10.4896	-0.292977	-1.64323	-10.4896	0
-0.605324	-9.42089	-0.363907	-0.605324	-9.42089	0
0.433264	-9.43437	-0.294678	0.433264	-9.43437	0
1.40863	-9.50664	-0.329596	1.40863	-9.50664	0
2.47393	-9.49906	-0.318684	2.47393	-9.49906	0
3.46672	-9.47421	-0.329037	3.46672	-9.47421	0
4.49346	-9.50894	-0.31502	4.49346	-9.50894	0
5.52212	-9.47247	-0.301404	5.52212	-9.47247	0
6.60294	-9.53222	-0.29152	6.60294	-9.53222	0
7.67821	-9.55664	-0.318696	7.67821	-9.55664	0
8.66362	-9.49777	-0.320452	8.66362	-9.49777	0
9.68326	-9.51342	-0.306073	9.68326	-9.51342	0
10.7289	-9.50848	-0.325066	10.7289	-9.50848	0
11.7465	-9.48398	-0.308585	11.7465	-9.48398	0
-11.0191	-9.52628	-0.310929	-11.0191	-9.52628	0
-10.0233	-9.50515	-0.290347	-10.0233	-9.50515	0
-8.98551	-9.49429	-0.318519	-8.98551	-9.49429	0
-7.94608	-9.5547	-0.27461	-7.94608	-9.5547	0
-6.87695	-9.5298	-0.302509	-6.87695	-9.5298	0
-5.84517	-9.4842	-0.300551	-5.84517	-9.4842	0
-4.80537	-9.5442	-0.314069	-4.80537	-9.5442	0
-3.80248	-9.4927	-0.317223	-3.80248	-9.4927	0
-2.73553	-9.44113	-0.277103	-2.73553	-9.44113	0
-1.69035	-9.47066	-0.318181	-1.69035	-9.47066	0
-0.689918	-8.34113	-0.326723	-0.689918	-8.34113	0
0.388842	-8.40025	-0.304566	0.388842	-8.40025	0
1.38215	-8.36933	-0.322651	1.38215	-8.36933	0
2.42311	-8.43249	-0.312157	2.42311	-8.43249	0
3.47588	-8.46552	-0.296406	3.47588	-8.46552	0
4.4973	-8.49576	-0.301923	4.4973	-8.49576	0
5.5124	-8.45056	-0.30712	5.5124	-8.45056	0
6.5234	-8.53596	-0.325506	6.5234	-8.53596	0
7.58097	-8.52557	-0.306512	7.58097	-8.52557	0
8.63613	-8.41493	-0.308826	8.63613	-8.41493	0
9.61208	-8.40403	-0.324517	9.61208	-8.40403	0
10.661	-8.44051	-0.315746	10.661	-8.44051	0
11.7056	-8.42246	-0.323177	11.7056	-8.42246	0
-11.0889	-8.49538	-0.342563	-11.0889	-8.49538	0
-10.0323	-8.47583	-0.319823	-10.0323	-8.47583	0
-8.97251	-8.52924	-0.325096	-8.97251	-8.52924	0
-7.96617	-8.52077	-0.293668	-7.96617	-8.52077	0
-6.88038	-8.48334	-0.330125	-6.88038	-8.48334	0
-5.8271	-8.4993	-0.346497	-5.8271	-8.4993	0
-4.78408	-8.45612	-0.324929	-4.78408	-8.45612	0
-3.73538	-8.48482	-0.328175	-3.73538	-8.48482	0
-2.68934	-8.41294	-0.323075	-2.68934	-8.41294	0
-1.69137	-8.41493	-0.291659	-1.69137	-8.41493	0
-0.704544	-7.32627	-0.312326	-0.704544	-7.32627	0
0.367941	-7.32502	-0.31978	0.367941	-7.32502	0
1.33009	-7.27748	-0.314181	1.33009	-7.27748	0
2.44127	-7.39189	-0.32275	2.44127	-7.39189	0
3.43915	-7.43066	-0.298435	3.43915	-7.43066	0
4.45894	-7.45879	-0.34042	4.45894	-7.45879	0
5.53745	-7.46495	-0.334571	5.53745	-7.46495	0
6.56241	-7.44941	-0.341328	6.56241	-7.44941	0
7.57281	-7.46518	-0.30677	7.57281	-7.46518	0
8.63527	-7.42644	-0.331519	8.63527	-7.42644	0
9.62326	-7.40175	-0.333178	9.62326	-7.40175	0
10.7217	-7.46622	-0.322926	10.7217	-7.46622	0
11.745	-7.401	-0.329991	11.745	-7.401	0
-11.0672	-7.37097	-0.318945	-11.0672	-7.37097	0
-9.9586	-7.43384	-0.295109	-9.9586	-7.43384	0
-8.94747	-7.407	-0.302459	-8.94747	-7.407	0
-7.90223	-7.46792	-0.307682	-7.90223	-7.46792	0
-6.91839	-7.46964	-0.299498	-6.91839	-7.46964	0
-5.8523	-7.50277	-0.303634	-5.8523	-7.50277	0
-4.84218	-7.43187	-0.333068	-4.84218	-7.43187	0
-3.77084	-7.37881	-0.34211	-3.77084	-7.37881	0
-2.73345	-7.36756	-0.31431	-2.73345	-7.36756	0
-1.73749	-7.36234	-0.302269	-1.73749	-7.36234	0
-0.759018	-6.30533	-0.312349	-0.759018	-6.30533	0
0.330408	-6.33887	-0.35314	0.330408	-6.33887	0
1.40921	-6.29878	-0.335276	1.40921	-6.29878	0
2.43866	-6.38558	-0.316247	2.43866	-6.38558	0
3.40911	-6.35315	-0.330152	3.40911	-6.35315	0
4.51036	-6.3858	-0.3013	4.51036	-6.3858	0
5.53158	-6.45324	-0.322799	5.53158	-6.45324	0
6.56991	-6.39431	-0.344042	6.56991	-6.39431	0
7.62267	-6.44822	-0.333494	7.62267	-6.44822	0
8.62817	-6.38319	-0.309058	8.62817	-6.38319	0
9.65807	-6.44731	-0.34687	9.65807	-6.44731	0
10.6969	-6.44394	-0.312112	10.6969	-6.44394	0
11.7322	-6.40306	-0.332262	11.7322	-6.40306	0
-11.0225	-6.3842	-0.30213	-11.0225	-6.3842	0
-10.0115	-6.37118	-0.346274	-10.0115	-6.37118	0
-8.95449	-6.38511	-0.307593	-8.95449	-6.38511	0
-7.93088	-6.40453	-0.278894	-7.93088	-6.40453	0
-6.8823	-6.35382	-0.313196	-6.8823	-6.35382	0
-5.82554	-6.38615	-0.341357	-5.82554	-6.38615	0
-4.83101	-6.41091	-0.298705	-4.83101	-6.41091	0
-3.78885	-6.40436	-0.311538	-3.78885	-6.40436	0
-2.76963	-6.34166	-0.287669	-2.76963	-6.34166	0
-1.68188	-6.35345	-0.331576	-1.68188	-6.35345	0
-0.695216	-5.3003	-0.315719	-0.695216	-5.3003	0
0.309376	-5.29535	-0.337227	0.309376	-5.29535	0
1.40094	-5.24318	-0.335115	1.40094	-5.24318	0
2.42866	-5.35228	-0.306909	2.42866	-5.35228	0
3.44904	-5.38511	-0.312513	3.44904	-5.38511	0
4.46436	-5.35221	-0.315445	4.46436	-5.35221	0
5.52749	-5.4281	-0.307009	5.52749	-5.4281	0
6.59709	-5.35062	-0.326479	6.59709	-5.35062	0
7.66276	-5.39039	-0.303418	7.66276	-5.39039	0
8.69341	-5.41303	-0.332217	8.69341	-5.41303	0
9.71174	-5.36931	-0.304532	9.71174	-5.36931	0
10.7363	-5.333	-0.313177	10.7363	-5.333	0
11.743	-5.31893	-0.284011	11.743	-5.31893	0
-11.0209	-5.32681	-0.316963	-11.0209	-5.32681	0
-9.97857	-5.34732	-0.313788	-9.97857	-5.34732	0
-8.92466	-5.30068	-0.31421	-8.92466	-5.30068	0
-7.95805	-5.38588	-0.299337	-7.95805	-5.38588	0
-6.92582	-5.36238	-0.329007	-6.92582	-5.36238	0
-5.81452	-5.29331	-0.297396	-5.81452	-5.29331	0
-4.80697	-5.32923	-0.287251	-4.80697	-5.32923	0
-3.80574	-5.34994	-0.312132	-3.80574	-5.34994	0
-2.81747	-5.34913	-0.291685	-2.81747	-5.34913	0
-1.77475	-5.32763	-0.331393	-1.77475	-5.32763	0
-0.645655	-4.24786	-0.323131	-0.645655	-4.24786	0
0.361217	-4.25887	-0.340495	0.361217	-4.25887	0
1.37814	-4.27818	-0.333508	1.37814	-4.27818	0
2.40437	-4.34648	-0.339711	2.40437	-4.34648	0
3.44318	-4.30585	-0.358631	3.44318	-4.30585	0
4.50196	-4.36677	-0.306594	4.50196	-4.36677	0
5.52062	-4.38341	-0.326001	5.52062	-4.38341	0
6.52147	-4.26541	-0.3216	6.52147	-4.26541	0
7.65465	-4.31898	-0.33557	7.65465	-4.31898	0
8.69798	-4.36425	-0.305153	8.69798	-4.36425	0
9.69315	-4.34808	-0.341308	9.69315	-4.34808	0
10.7458	-4.30024	-0.302839	10.7458	-4.30024	0
11.7692	-4.29685	-0.289915	11.7692	-4.29685	0
-10.9843	-4.27964	-0.344311	-10.9843	-4.27964	0
-9.97502	-4.31536	-0.314247	-9.97502	-4.31536	0
-8.93773	-4.26818	-0.314098	-8.93773	-4.26818	0
-7.91021	-4.28736	-0.323488	-7.91021	-4.28736	0
-6.90952	-4.26376	-0.326094	-6.90952	-4.26376	0
-5.83835	-4.35098	-0.312658	-5.83835	-4.35098	0
-4.74426	-4.33223	-0.272686	-4.74426	-4.33223	0
-3.72969	-4.33945	-0.317218	-3.72969	-4.33945	0
-2.72042	-4.28875	-0.30552	-2.72042	-4.28875	0
-1.74222	-4.26281	-0.301543	-1.74222	-4.26281	0
-0.703107	-3.18387	-0.29557	-0.703107	-3.18387	0
0.381887	-3.25963	-0.292153	0.381887	-3.25963	0
1.34178	-3.21272	-0.280325	1.34178	-3.21272	0
2.447	-3.28247	-0.318736	2.447	-3.28247	0
3.50927	-3.29276	-0.316655	3.50927	-3.29276	0
4.52017	-3.31557	-0.319119	4.52017	-3.31557	0
5.5419	-3.26235	-0.315914	5.5419	-3.26235	0
6.5602	-3.27743	-0.3242	6.5602	-3.27743	0
7.57811	-3.29748	-0.320517	7.57811	-3.29748	0
8.63203	-3.26077	-0.314241	8.63203	-3.26077	0
9.61985	-3.26221	-0.292535	9.61985	-3.26221	0
10.6867	-3.26469	-0.312452	10.6867	-3.26469	0
11.7261	-3.2174	-0.309328	11.7261	-3.2174	0
-11.071	-3.20642	-0.311256	-11.071	-3.20642	0
-10.0472	-3.28092	-0.308637	-10.0472	-3.28092	0
-9.02224	-3.23737	-0.320742	-9.02224	-3.23737	0
-7.95723	-3.26451	-0.311988	-7.95723	-3.26451	0
-6.86495	-3.23521	-0.325017	-6.86495	-3.23521	0
-5.82802	-3.28397	-0.310201	-5.82802	-3.28397	0
-4.89934	-3.32606	-0.271771	-4.89934	-3.32606	0
-3.74486	-3.26848	-0.330172	-3.74486	-3.26848	0
-2.74449	-3.25646	-0.316267	-2.74449	-3.25646	0
-1.71285	-3.218	-0.332038	-1.71285	-3.218	0
-0.691655	-2.20432	-0.304187	-0.691655	-2.20432	0
0.34647	-2.22738	-0.325843	0.34647	-2.22738	0
1.39414	-2.24359	-0.30914	1.39414	-2.24359	0
2.40838	-2.21937	-0.317817	2.40838	-2.21937	0
3.45072	-2.22803	-0.318864	3.45072	-2.22803	0
4.4943	-2.24841	-0.323649	4.4943	-2.24841	0
5.49639	-2.23076	-0.292556	5.49639	-2.23076	0
6.55784	-2.26082	-0.312871	6.55784	-2.26082	0
7.57607	-2.26562	-0.335567	7.57607	-2.26562	0
8.56613	-2.24171	-0.327454	8.56613	-2.24171	0
9.62106	-2.25184	-0.321735	9.62106	-2.25184	0
10.6634	-2.22206	-0.330307	10.6634	-2.22206	0
11.7441	-2.19277	-0.3225	11.7441	-2.19277	0
-10.9974	-2.23327	-0.315833	-10.9974	-2.23327	0
-10.0207	-2.28769	-0.351225	-10.0207	-2.28769	0
-8.96301	-2.20023	-0.309508	-8.96301	-2.20023	0
-7.93719	-2.22607	-0.323417	-7.93719	-2.22607	0
-6.88941	-2.26969	-0.319538	-6.88941	-2.26969	0
-5.86689	-2.24064	-0.338768	-5.86689	-2.24064	0
-4.79241	-2.2823	-0.332555	-4.79241	-2.2823	0
-3.76753	-2.24238	-0.297384	-3.76753	-2.24238	0
-2.71843	-2.17305	-0.324623	-2.71843	-2.17305	0
-1.67165	-2.19323	-0.366004	-1.67165	-2.19323	0
-0.643039	-1.18019	-0.297256	-0.643039	-1.18019	0
0.365747	-1.21661	-0.298022	0.365747	-1.21661	0
1.38123	-1.2142	-0.322192	1.38123	-1.2142	0
2.41573	-1.19673	-0.31835	2.41573	-1.19673	0
3.48778	-1.18481	-0.338554	3.48778	-1.18481	0
4.57274	-1.20654	-0.318183	4.57274	-1.20654	0
5.58505	-1.22989	-0.339494	5.58505	-1.22989	0
6.57857	-1.19913	-0.301084	6.57857	-1.19913	0
7.62622	-1.23699	-0.321725	7.62622	-1.23699	0
8.65224	-1.24994	-0.340866	8.65224	-1.24994	0
9.70253	-1.17363	-0.331519	9.70253	-1.17363	0
10.7688	-1.2645	-0.3124	10.7688	-1.2645	0
11.7587	-1.1553	-0.285941	11.7587	-1.1553	0
-11.0414	-1.17055	-0.299451	-11.0414	-1.17055	0
-10.012	-1.17482	-0.3266	-10.012	-1.17482	0
-8.93909	-1.21726	-0.318237	-8.93909	-1.21726	0
-7.88444	-1.18413	-0.316945	-7.88444	-1.18413	0
-6.86194	-1.23289	-0.300614	-6.86194	-1.23289	0
-5.79445	-1.21166	-0.320951	-5.79445	-1.21166	0
-4.80396	-1.22305	-0.305141	-4.80396	-1.22305	0
-3.80546	-1.22803	-0.32331	-3.80546	-1.22803	0
-2.69941	-1.19251	-0.305101	-2.69941	-1.19251	0
-1.67334	-1.17058	-0.337118	-1.67334	-1.17058	0
-0.105042	0.340477	0.30912	-0.105042	0.340477	0
0.88001	0.354403	0.312886	0.88001	0.354403	0
1.94506	0.325743	0.327302	1.94506	0.325743	0
2.98979	0.366199	0.32737	2.98979	0.366199	0
3.98111	0.376155	0.31287	3.98111	0.376155	0
5.05476	0.308251	0.327448	5.05476	0.308251	0
6.03773	0.332849	0.298325	6.03773	0.332849	0
7.05221	0.358233	0.326251	7.05221	0.358233	0
8.08499	0.358043	0.299468	8.08499	0.358043	0
9.0579	0.314298	0.312167	9.0579	0.314298	0
10.1159	0.326771	0.333319	10.1159	0.326771	0
11.199	0.343886	0.316585	11.199	0.343886	0
-11.5114	0.397358	0.315013	-11.5114	0.397358	0
-10.4703	0.327626	0.345361	-10.4703	0.327626	0
-9.45568	0.351242	0.310225	-9.45568	0.351242	0
-8.40541	0.332879	0.303703	-8.40541	0.332879	0
-7.39314	0.356011	0.312714	-7.39314	0.356011	0
-6.35752	0.340918	0.336486	-6.35752	0.340918	0
-5.32261	0.305041	0.329961	-5.32261	0.305041	0
-4.22931	0.261106	0.297087	-4.22931	0.261106	0
-3.24947	0.368396	0.319256	-3.24947	0.368396	0
-2.13761	0.358672	0.30967	-2.13761	0.358672	0
-1.13751	0.417143	0.294285	-1.13751	0.417143	0
-0.141293	1.37426	0.298416	-0.141293	1.37426	0
0.883965	1.3564	0.350706	0.883965	1.3564	0
1.86391	1.41181	0.325563	1.86391	1.41181	0
3.00978	1.37316	0.339328	3.00978	1.37316	0
4.01374	1.39992	0.327631	4.01374	1.39992	0
5.01985	1.37823	0.321905	5.01985	1.37823	0
6.12336	1.38844	0.306377	6.12336	1.38844	0
7.12225	1.38921	0.300153	7.12225	1.38921	0
8.16562	1.37815	0.3116	8.16562	1.37815	0
9.2085	1.38782	0.319972	9.2085	1.38782	0
10.1987	1.34614	0.313608	10.1987	1.34614	0
11.1998	1.33562	0.32802	11.1998	1.33562	0
-11.5292	1.36216	0.306592	-11.5292	1.36216	0
-10.491	1.40255	0.348813	-10.491	1.40255	0
-9.47626	1.42256	0.319134	-9.47626	1.42256	0
-8.49445	1.41341	0.297678	-8.49445	1.41341	0
-7.37506	1.42221	0.318814	-7.37506	1.42221	0
-6.3766	1.33961	0.297005	-6.3766	1.33961	0
-5.29815	1.3188	0.321574	-5.29815	1.3188	0
-4.30153	1.38979	0.304791	-4.30153	1.38979	0
-3.21843	1.34173	0.324287	-3.21843	1.34173	0
-2.19565	1.37683	0.318119	-2.19565	1.37683	0
-1.1777	1.38595	0.299685	-1.1777	1.38595	0
-0.119229	2.44023	0.321644	-0.119229	2.44023	0
0.914293	2.41657	0.322429	0.914293	2.41657	0
1.96991	2.37608	0.306544	1.96991	2.37608	0
2.97604	2.40251	0.318985	2.97604	2.40251	0
3.99558	2.41477	0.336295	3.99558	2.41477	0
5.07541	2.40278	0.306863	5.07541	2.40278	0
6.09848	2.3635	0.327207	6.09848	2.3635	0
7.18276	2.39804	0.284036	7.18276	2.39804	0
8.14977	2.42295	0.318659	8.14977	2.42295	0
9.1749	2.36608	0.316231	9.1749	2.36608	0
10.2128	2.37662	0.345721	10.2128	2.37662	0
11.297	2.38698	0.3184	11.297	2.38698	0
-11.5351	2.34853	0.307636	-11.5351	2.34853	0
-10.4959	2.42032	0.336517	-10.4959	2.42032	0
-9.49723	2.42883	0.32948	-9.49723	2.42883	0
-8.4238	2.44915	0.31416	-8.4238	2.44915	0
-7.39263	2.41827	0.324251	-7.39263	2.41827	0
-6.38339	2.3674	0.327912	-6.38339	2.3674	0
-5.29339	2.36436	0.325452	-5.29339	2.36436	0
-4.27972	2.38106	0.358703	-4.27972	2.38106	0
-3.28491	2.37132	0.337084	-3.28491	2.37132	0
-2.20649	2.47872	0.248127	-2.20649	2.47872	0
-1.15205	2.36599	0.314213	-1.15205	2.36599	0
-0.13605	3.41356	0.310089	-0.13605	3.41356	0
0.903444	3.44072	0.298679	0.903444	3.44072	0
1.96669	3.42203	0.310413	1.96669	3.42203	0
2.98999	3.43881	0.310867	2.98999	3.43881	0
4.03189	3.43816	0.30659	4.03189	3.43816	0
5.06235	3.37852	0.335873	5.06235	3.37852	0
6.09714	3.40848	0.330486	6.09714	3.40848	0
7.11451	3.42717	0.30766	7.11451	3.42717	0
8.20983	3.44885	0.293294	8.20983	3.44885	0
9.24853	3.45041	0.307865	9.24853	3.45041	0
10.2399	3.45989	0.328677	10.2399	3.45989	0
11.2602	3.44667	0.306046	11.2602	3.44667	0
-11.5128	3.41993	0.338552	-11.5128	3.41993	0
-10.514	3.44838	0.300804	-10.514	3.44838	0
-9.47144	3.41876	0.317318	-9.47144	3.41876	0
-8.42789	3.4086	0.305915	-8.42789	3.4086	0
-7.35743	3.43251	0.307371	-7.35743	3.43251	0
-6.31514	3.34755	0.337432	-6.31514	3.34755	0
-5.31202	3.37495	0.327081	-5.31202	3.37495	0
-4.30192	3.44324	0.313188	-4.30192	3.44324	0
-3.26207	3.45006	0.320149	-3.26207	3.45006	0
-2.20746	3.43837	0.329658	-2.20746	3.43837	0
-1.14915	3.46975	0.353007	-1.14915	3.46975	0
-0.118345	4.46689	0.320546	-0.118345	4.46689	0
0.905058	4.50497	0.337453	0.905058	4.50497	0
1.92195	4.45479	0.312017	1.92195	4.45479	0
2.97827	4.46066	0.329386	2.97827	4.46066	0
4.0107	4.48299	0.28754	4.0107	4.48299	0
5.01758	4.53384	0.327957	5.01758	4.53384	0
6.13764	4.44525	0.347939	6.13764	4.44525	0
7.12526	4.48685	0.319829	7.12526	4.48685	0
8.16956	4.54227	0.319173	8.16956	4.54227	0
9.21415	4.52038	0.334508	9.21415	4.52038	0
10.2466	4.49609	0.31704	10.2466	4.49609	0
11.2803	4.45454	0.331424	11.2803	4.45454	0
-11.465	4.41621	0.312764	-11.465	4.41621	0
-10.4725	4.45078	0.344543	-10.4725	4.45078	0
-9.44853	4.43342	0.332313	-9.44853	4.43342	0
-8.39764	4.48396	0.31089	-8.39764	4.48396	0
-7.36929	4.48136	0.303886	-7.36929	4.48136	0
-6.34207	4.4189	0.285246	-6.34207	4.4189	0
-5.30672	4.421	0.328852	-5.30672	4.421	0
-4.2586	4.47098	0.328203	-4.2586	4.47098	0
-3.18505	4.49696	0.306147	-3.18505	4.49696	0
-2.18869	4.45673	0.32443	-2.18869	4.45673	0
-1.17063	4.51643	0.333388	-1.17063	4.51643	0
-0.137592	5.53676	0.347695	-0.137592	5.53676	0
0.874022	5.51473	0.319504	0.874022	5.51473	0
1.89149	5.49671	0.343973	1.89149	5.49671	0
2.96148	5.50281	0.325085	2.96148	5.50281	0
3.96515	5.50092	0.326479	3.96515	5.50092	0
5.0434	5.53386	0.31507	5.0434	5.53386	0
6.0742	5.49478	0.311869	6.0742	5.49478	0
7.16892	5.53844	0.312611	7.16892	5.53844	0
8.22334	5.52974	0.308576	8.22334	5.52974	0
9.2461	5.53242	0.334566	9.2461	5.53242	0
10.2181	5.53357	0.330473	10.2181	5.53357	0
11.3811	5.47087	0.30822	11.3811	5.47087	0
-11.4059	5.44898	0.336963	-11.4059	5.44898	0
-10.4586	5.51104	0.312135	-10.4586	5.51104	0
-9.44034	5.48549	0.312561	-9.44034	5.48549	0
-8.41345	5.53475	0.328167	-8.41345	5.53475	0
-7.37709	5.48074	0.310936	-7.37709	5.48074	0
-6.39195	5.49706	0.294716	-6.39195	5.49706	0
-5.28932	5.42041	0.328441	-5.28932	5.42041	0
-4.3025	5.50415	0.332829	-4.3025	5.50415	0
-3.17523	5.47078	0.298487	-3.17523	5.47078	0
-2.19732	5.53971	0.316843	-2.19732	5.53971	0
-1.17878	5.5295	0.308682	-1.17878	5.5295	0
-0.136721	6.61194	0.309281	-0.136721	6.61194	0
0.905873	6.54774	0.296924	0.905873	6.54774	0
1.92296	6.54923	0.337396	1.92296	6.54923	0
2.94473	6.54853	0.340533	2.94473	6.54853	0
3.92393	6.54022	0.314387	3.92393	6.54022	0
5.02187	6.56465	0.320025	5.02187	6.56465	0
6.11431	6.5976	0.34708	6.11431	6.5976	0
7.09998	6.53495	0.318023	7.09998	6.53495	0
8.15915	6.55868	0.329035	8.15915	6.55868	0
9.17763	6.60747	0.333191	9.17763	6.60747	0
10.2824	6.53689	0.333854	10.2824	6.53689	0
11.2629	6.48008	0.320175	11.2629	6.48008	0
-11.4749	6.48321	0.326783	-11.4749	6.48321	0
-10.43	6.59025	0.303749	-10.43	6.59025	0
-9.36296	6.51453	0.304789	-9.36296	6.51453	0
-8.40298	6.52604	0.279492	-8.40298	6.52604	0
-7.37292	6.54222	0.281665	-7.37292	6.54222	0
-6.32858	6.60298	0.332359	-6.32858	6.60298	0
-5.25795	6.47441	0.327173	-5.25795	6.47441	0
-4.25763	6.52954	0.2944	-4.25763	6.52954	0
-3.22943	6.54196	0.3264	-3.22943	6.54196	0
-2.19818	6.57109	0.312187	-2.19818	6.57109	0
-1.19631	6.61704	0.311705	-1.19631	6.61704	0
-0.175058	7.60704	0.30856	-0.175058	7.60704	0
0.872985	7.55693	0.349069	0.872985	7.55693	0
1.91036	7.54847	0.329622	1.91036	7.54847	0
2.95394	7.57364	0.313269	2.95394	7.57364	0
3.95549	7.55455	0.26788	3.95549	7.55455	0
5.03196	7.58844	0.341835	5.03196	7.58844	0
6.01723	7.59185	0.340736	6.01723	7.59185	0
7.08247	7.56542	0.353185	7.08247	7.56542	0
8.19309	7.59172	0.286225	8.19309	7.59172	0
9.16835	7.63628	0.311574	9.16835	7.63628	0
10.2016	7.61108	0.308213	10.2016	7.61108	0
11.2325	7.55853	0.303078	11.2325	7.55853	0
-11.5183	7.49619	0.322932	-11.5183	7.49619	0
-10.4424	7.56235	0.315288	-10.4424	7.56235	0
-9.40867	7.57558	0.339669	-9.40867	7.57558	0
-8.37001	7.56334	0.318939	-8.37001	7.56334	0
-7.35284	7.57403	0.314741	-7.35284	7.57403	0
-6.30368	7.5613	0.271918	-6.30368	7.5613	0
-5.26331	7.57788	0.292772	-5.26331	7.57788	0
-4.25816	7.57336	0.312827	-4.25816	7.57336	0
-3.24908	7.57463	0.305709	-3.24908	7.57463	0
-2.22225	7.5547	0.307257	-2.22225	7.5547	0
-1.17187	7.63371	0.26403	-1.17187	7.63371	0
-0.144242	8.65897	0.306466	-0.144242	8.65897	0
0.89126	8.5977	0.323185	0.89126	8.5977	0
1.95766	8.61615	0.301944	1.95766	8.61615	0
2.92388	8.59709	0.276968	2.92388	8.59709	0
3.98559	8.58336	0.324255	3.98559	8.58336	0
5.05359	8.59385	0.339697	5.05359	8.59385	0
6.02931	8.61687	0.333466	6.02931	8.61687	0
7.12413	8.60662	0.320778	7.12413	8.60662	0
8.17973	8.56701	0.327755	8.17973	8.56701	0
9.16794	8.65457	0.321514	9.16794	8.65457	0
10.2031	8.61602	0.331316	10.2031	8.61602	0
11.2385	8.60107	0.305251	11.2385	8.60107	0
-11.5203	8.50464	0.299903	-11.5203	8.50464	0
-10.4918	8.61939	0.314532	-10.4918	8.61939	0
-9.4584	8.57675	0.325074	-9.4584	8.57675	0
-8.44987	8.63342	0.326782	-8.44987	8.63342	0
-7.46909	8.6111	0.329045	-7.46909	8.6111	0
-6.35224	8.60801	0.308687	-6.35224	8.60801	0
-5.30281	8.58008	0.325437	-5.30281	8.58008	0
-4.28563	8.65151	0.319425	-4.28563	8.65151	0
-3.25944	8.60071	0.333297	-3.25944	8.60071	0
-2.26224	8.6747	0.319615	-2.26224	8.6747	0
-1.17618	8.62556	0.316673	-1.17618	8.62556	0
-0.155064	9.65235	0.32346	-0.155064	9.65235	0
0.899809	9.68318	0.31497	0.899809	9.68318	0
1.89849	9.58503	0.293838	1.89849	9.58503	0
2.92964	9.6253	0.339737	2.92964	9.6253	0
3.98053	9.64308	0.321148	3.98053	9.64308	0
5.02149	9.62711	0.309736	5.02149	9.62711	0
6.08826	9.66365	0.316441	6.08826	9.66365	0
7.07702	9.6355	0.283142	7.07702	9.6355	0
8.08753	9.65683	0.318803	8.08753	9.65683	0
9.16785	9.62407	0.315274	9.16785	9.62407	0
10.1808	9.61961	0.31874	10.1808	9.61961	0
11.2408	9.60586	0.29481	11.2408	9.60586	0
-11.5394	9.56584	0.339261	-11.5394	9.56584	0
-10.5131	9.65857	0.324296	-10.5131	9.65857	0
-9.41435	9.58707	0.32979	-9.41435	9.58707	0
-8.42736	9.62533	0.28787	-8.42736	9.62533	0
-7.42864	9.64097	0.339368	-7.42864	9.64097	0
-6.37328	9.60946	0.327264	-6.37328	9.60946	0
-5.27226	9.62624	0.315694	-5.27226	9.62624	0
-4.30543	9.63811	0.306331	-4.30543	9.63811	0
-3.23817	9.62729	0.332771	-3.23817	9.62729	0
-2.14706	9.71584	0.327541	-2.14706	9.71584	0
-1.18532	9.68594	0.319314	-1.18532	9.68594	0
-0.173287	10.7387	0.278402	-0.173287	10.7387	0
0.937402	10.7006	0.335415	0.937402	10.7006	0
1.96658	10.6356	0.352199	1.96658	10.6356	0
2.97625	10.6388	0.316325	2.97625	10.6388	0
3.97227	10.6797	0.325277	3.97227	10.6797	0
5.01234	10.6772	0.317851	5.01234	10.6772	0
6.09945	10.6649	0.323619	6.09945	10.6649	0
7.02912	10.6653	0.318538	7.02912	10.6653	0
8.22096	10.6893	0.328075	8.22096	10.6893	0
9.20685	10.6243	0.331757	9.20685	10.6243	0
10.2548	10.6276	0.280653	10.2548	10.6276	0
11.2534	10.5928	0.331136	11.2534	10.5928	0
-11.4605	10.6859	0.308397	-11.4605	10.6859	0
-10.4837	10.6388	0.33297	-10.4837	10.6388	0
-9.48085	10.6823	0.32258	-9.48085	10.6823	0
-8.44722	10.6394	0.342459	-8.44722	10.6394	0
-7.34922	10.6297	0.323583	-7.34922	10.6297	0
-6.35073	10.6369	0.334956	-6.35073	10.6369	0
-5.24281	10.72	0.347429	-5.24281	10.72	0
-4.24012	10.7043	0.303261	-4.24012	10.7043	0
-3.20943	10.723	0.314947	-3.20943	10.723	0
-2.19942	10.7208	0.316487	-2.19942	10.7208	0
-1.21688	10.7326	0.289603	-1.21688	10.7326	0
-0.122987	11.7722	0.306429	-0.122987	11.7722	0
0.886832	11.7724	0.305159	0.886832	11.7724	0
1.94614	11.6635	0.315727	1.94614	11.6635	0
2.95935	11.6808	0.325664	2.95935	11.6808	0
4.00965	11.6601	0.310539	4.00965	11.6601	0
5.08886	11.6645	0.292521	5.08886	11.6645	0
6.11661	11.71	0.303818	6.11661	11.71	0
7.17185	11.6984	0.330327	7.17185	11.6984	0
8.20591	11.7378	0.334089	8.20591	11.7378	0
9.19278	11.6811	0.31575	9.19278	11.6811	0
10.1885	11.6579	0.303161	10.1885	11.6579	0
11.2637	11.6669	0.301118	11.2637	11.6669	0
-11.509	11.7068	0.3019	-11.509	11.7068	0
-10.475	11.6752	0.341465	-10.475	11.6752	0
-9.4423	11.7132	0.330551	-9.4423	11.7132	0
-8.42234	11.6299	0.283652	-8.42234	11.6299	0
-7.42349	11.6675	0.324114	-7.42349	11.6675	0
-6.39316	11.7139	0.308601	-6.39316	11.7139	0
-5.30753	11.7211	0.319458	-5.30753	11.7211	0
-4.24063	11.7254	0.334481	-4.24063	11.7254	0
-3.20477	11.7675	0.304654	-3.20477	11.7675	0
-2.17793	11.7822	0.323587	-2.17793	11.7822	0
-1.14281	11.7836	0.285165	-1.14281	11.7836	0
-0.0944317	-10.9526	0.327713	-0.0944317	-10.9526	0
0.90267	-10.978	0.306931	0.90267	-10.978	0
1.93225	-11.0263	0.332854	1.93225	-11.0263	0
2.96712	-11.098	0.295174	2.96712	-11.098	0
3.98866	-11.0369	0.312582	3.98866	-11.0369	0
5.07031	-11.026	0.329535	5.07031	-11.026	0
6.05115	-11.0355	0.322886	6.05115	-11.0355	0
7.08324	-11.0363	0.339844	7.08324	-11.0363	0
8.12186	-11.0172	0.321872	8.12186	-11.0172	0
9.093	-11.0418	0.324273	9.093	-11.0418	0
10.1414	-11.1017	0.303833	10.1414	-11.1017	0
11.1852	-11.0392	0.314243	11.1852	-11.0392	0
-11.5748	-11.0686	0.347548	-11.5748	-11.0686	0
-10.4846	-11.1141	0.353914	-10.4846	-11.1141	0
-9.4322	-11.0237	0.319103	-9.4322	-11.0237	0
-8.44049	-11.0593	0.324353	-8.44049	-11.0593	0
-7.44338	-11.0356	0.312707	-7.44338	-11.0356	0
-6.31431	-11.0282	0.301864	-6.31431	-11.0282	0
-5.28238	-11.0354	0.314752	-5.28238	-11.0354	0
-4.26036	-11.0476	0.329928	-4.26036	-11.0476	0
-3.20895	-11.0149	0.303182	-3.20895	-11.0149	0
-2.16555	-10.9833	0.312376	-2.16555	-10.9833	0
-1.13229	-11.0081	0.320613	-1.13229	-11.0081	0
-0.107285	-9.9541	0.311408	-0.107285	-9.9541	0
0.893275	-9.99174	0.323314	0.893275	-9.99174	0
1.91083	-9.96385	0.306115	1.91083	-9.96385	0
2.97024	-10.0758	0.339154	2.97024	-10.0758	0
4.02736	-10.015	0.301615	4.02736	-10.015	0
5.03985	-10.005	0.324115	5.03985	-10.005	0
6.0477	-10.013	0.300363	6.0477	-10.013	0
7.09706	-10.0527	0.336847	7.09706	-10.0527	0
8.16919	-10.0055	0.318732	8.16919	-10.0055	0
9.17264	-10.0186	0.35362	9.17264	-10.0186	0
10.2041	-10.0342	0.311532	10.2041	-10.0342	0
11.2375	-10.051	0.299568	11.2375	-10.051	0
-11.5369	-10.0345	0.313187	-11.5369	-10.0345	0
-10.5074	-10.0485	0.326723	-10.5074	-10.0485	0
-9.49413	-10.0149	0.34392	-9.49413	-10.0149	0
-8.45108	-10.0812	0.338449	-8.45108	-10.0812	0
-7.39437	-10.0447	0.344565	-7.39437	-10.0447	0
-6.38219	-10.0264	0.309883	-6.38219	-10.0264	0
-5.33307	-9.95952	0.335215	-5.33307	-9.95952	0
-4.26113	-10.0552	0.332775	-4.26113	-10.0552	0
-3.23885	-9.96029	0.317734	-3.23885	-9.96029	0
-2.2191	-9.92939	0.340342	-2.2191	-9.92939	0
-1.1719	-9.91039	0.325457	-1.1719	-9.91039	0
-0.144371	-8.91815	0.305281	-0.144371	-8.91815	0
0.922104	-8.92154	0.293676	0.922104	-8.92154	0
1.89592	-8.90749	0.301113	1.89592	-8.90749	0
2.96914	-8.97785	0.335215	2.96914	-8.97785	0
4.03939	-8.98202	0.342867	4.03939	-8.98202	0
4.98842	-9.0131	0.297716	4.98842	-9.0131	0
6.0608	-9.01524	0.331192	6.0608	-9.01524	0
7.14104	-9.02314	0.312689	7.14104	-9.02314	0
8.15629	-9.00155	0.333082	8.15629	-9.00155	0
9.162	-8.96618	0.320685	9.162	-8.96618	0
10.205	-8.96224	0.311495	10.205	-8.96224	0
11.2318	-8.97055	0.301589	11.2318	-8.97055	0
-11.5568	-8.95628	0.339465	-11.5568	-8.95628	0
-10.5731	-8.96773	0.305026	-10.5731	-8.96773	0
-9.57266	-9.00438	0.336772	-9.57266	-9.00438	0
-8.46971	-9.09651	0.332644	-8.46971	-9.09651	0
-7.34925	-9.02492	0.296721	-7.34925	-9.02492	0
-6.3475	-8.96797	0.315258	-6.3475	-8.96797	0
-5.28148	-8.95329	0.32231	-5.28148	-8.95329	0
-4.29751	-8.94387	0.318018	-4.29751	-8.94387	0
-3.25493	-8.91828	0.336938	-3.25493	-8.91828	0
-2.18367	-8.95244	0.326627	-2.18367	-8.95244	0
-1.14491	-8.90984	0.309995	-1.14491	-8.90984	0
-0.154318	-7.85719	0.32311	-0.154318	-7.85719	0
0.873175	-7.87436	0.290265	0.873175	-7.87436	0
1.88575	-7.84413	0.335152	1.88575	-7.84413	0
2.90003	-7.96572	0.310548	2.90003	-7.96572	0
3.97112	-7.97107	0.318893	3.97112	-7.97107	0
4.95992	-7.97908	0.318762	4.95992	-7.97908	0
6.03579	-7.91841	0.334409	6.03579	-7.91841	0
7.07596	-8.00746	0.325385	7.07596	-8.00746	0
8.07771	-7.99675	0.325585	8.07771	-7.99675	0
9.10322	-7.89239	0.332744	9.10322	-7.89239	0
10.1514	-7.95138	0.295308	10.1514	-7.95138	0
11.2178	-7.96967	0.303864	11.2178	-7.96967	0
-11.5811	-7.93733	0.324719	-11.5811	-7.93733	0
-10.5413	-7.95587	0.303647	-10.5413	-7.95587	0
-9.48467	-7.96827	0.315602	-9.48467	-7.96827	0
-8.43271	-7.96086	0.338925	-8.43271	-7.96086	0
-7.37234	-8.01238	0.299526	-7.37234	-8.01238	0
-6.36547	-7.9615	0.312234	-6.36547	-7.9615	0
-5.34754	-7.97823	0.313974	-5.34754	-7.97823	0
-4.24884	-7.94635	0.298719	-4.24884	-7.94635	0
-3.21888	-7.91305	0.297119	-3.21888	-7.91305	0
-2.22821	-7.88596	0.330547	-2.22821	-7.88596	0
-1.19815	-7.87392	0.326679	-1.19815	-7.87392	0
-0.176426	-6.85751	0.319233	-0.176426	-6.85751	0
0.844882	-6.85809	0.345703	0.844882	-6.85809	0
1.85662	-6.845	0.325168	1.85662	-6.845	0
2.91225	-6.92034	0.332194	2.91225	-6.92034	0
3.95129	-6.90269	0.289373	3.95129	-6.90269	0
5.01467	-6.92606	0.29602	5.01467	-6.92606	0
6.05369	-6.95545	0.310406	6.05369	-6.95545	0
7.0607	-6.9372	0.298032	7.0607	-6.9372	0
8.09172	-6.91919	0.323582	8.09172	-6.91919	0
9.13476	-6.88777	0.322489	9.13476	-6.88777	0
10.194	-6.88708	0.324897	10.194	-6.88708	0
11.1838	-6.89208	0.320098	11.1838	-6.89208	0
-11.5447	-6.94319	0.332345	-11.5447	-6.94319	0
-10.5099	-6.9652	0.313149	-10.5099	-6.9652	0
-9.41532	-6.91709	0.347757	-9.41532	-6.91709	0
-8.39392	-6.92279	0.307962	-8.39392	-6.92279	0
-7.41477	-6.93007	0.331994	-7.41477	-6.93007	0
-6.39225	-6.90457	0.29562	-6.39225	-6.90457	0
-5.36791	-6.90806	0.308298	-5.36791	-6.90806	0
-4.34302	-6.96753	0.287933	-4.34302	-6.96753	0
-3.25824	-6.88247	0.3321	-3.25824	-6.88247	0
-2.19498	-6.83133	0.34852	-2.19498	-6.83133	0
-1.20398	-6.84469	0.323307	-1.20398	-6.84469	0
-0.190357	-5.84273	0.304219	-0.190357	-5.84273	0
0.866827	-5.81549	0.287284	0.866827	-5.81549	0
1.86643	-5.85202	0.324594	1.86643	-5.85202	0
2.98589	-5.84252	0.331031	2.98589	-5.84252	0
3.97641	-5.88226	0.319358	3.97641	-5.88226	0
5.0241	-5.92669	0.315366	5.0241	-5.92669	0
6.07638	-5.93675	0.339869	6.07638	-5.93675	0
7.11283	-5.88325	0.315462	7.11283	-5.88325	0
8.11748	-5.89387	0.330951	8.11748	-5.89387	0
9.17237	-5.90742	0.309701	9.17237	-5.90742	0
10.2112	-5.88411	0.308594	10.2112	-5.88411	0
11.2575	-5.86313	0.313467	11.2575	-5.86313	0
-11.5483	-5.88587	0.29932	-11.5483	-5.88587	0
-10.5102	-5.88114	0.336779	-10.5102	-5.88114	0
-9.52312	-5.89935	0.299033	-9.52312	-5.89935	0
-8.4847	-5.91166	0.331857	-8.4847	-5.91166	0
-7.41007	-5.88395	0.326062	-7.41007	-5.88395	0
-6.35637	-5.81593	0.291184	-6.35637	-5.81593	0
-5.31692	-5.89717	0.332619	-5.31692	-5.89717	0
-4.29873	-5.86701	0.325728	-4.29873	-5.86701	0
-3.33205	-5.87281	0.327857	-3.33205	-5.87281	0
-2.28401	-5.82425	0.349419	-2.28401	-5.82425	0
-1.27852	-5.74592	0.338374	-1.27852	-5.74592	0
-0.157045	-4.74966	0.311775	-0.157045	-4.74966	0
0.840739	-4.79915	0.322176	0.840739	-4.79915	0
1.90012	-4.81597	0.350755	1.90012	-4.81597	0
2.95624	-4.81407	0.332397	2.95624	-4.81407	0
3.95527	-4.82514	0.316662	3.95527	-4.82514	0
5.03066	-4.87082	0.314403	5.03066	-4.87082	0
6.07621	-4.85699	0.307366	6.07621	-4.85699	0
7.13759	-4.82913	0.323215	7.13759	-4.82913	0
8.15376	-4.82854	0.326393	8.15376	-4.82854	0
9.20612	-4.89194	0.317794	9.20612	-4.89194	0
10.2185	-4.83434	0.312476	10.2185	-4.83434	0
11.2674	-4.7882	0.323728	11.2674	-4.7882	0
-11.5322	-4.81481	0.321134	-11.5322	-4.81481	0
-10.4907	-4.82236	0.316123	-10.4907	-4.82236	0
-9.48269	-4.86448	0.311498	-9.48269	-4.86448	0
-8.45248	-4.75935	0.33433	-8.45248	-4.75935	0
-7.45227	-4.83578	0.332349	-7.45227	-4.83578	0
-6.40893	-4.83766	0.299318	-6.40893	-4.83766	0
-5.32824	-4.81935	0.331616	-5.32824	-4.81935	0
-4.28337	-4.83525	0.346152	-4.28337	-4.83525	0
-3.2095	-4.81638	0.351984	-3.2095	-4.81638	0
-2.21796	-4.79471	0.325441	-2.21796	-4.79471	0
-1.16666	-4.77494	0.291748	-1.16666	-4.77494	0
-0.165578	-3.74974	0.321042	-0.165578	-3.74974	0
0.844634	-3.75563	0.325906	0.844634	-3.75563	0
1.89855	-3.78748	0.328374	1.89855	-3.78748	0
2.96248	-3.77713	0.315549	2.96248	-3.77713	0
4.00354	-3.839	0.321877	4.00354	-3.839	0
5.0147	-3.82333	0.318205	5.0147	-3.82333	0
6.03519	-3.80391	0.317126	6.03519	-3.80391	0
7.04625	-3.82203	0.334568	7.04625	-3.82203	0
8.07991	-3.80298	0.333066	8.07991	-3.80298	0
9.16526	-3.82732	0.281459	9.16526	-3.82732	0
10.1926	-3.81319	0.288296	10.1926	-3.81319	0
11.2366	-3.74389	0.303599	11.2366	-3.74389	0
-11.5496	-3.75112	0.325799	-11.5496	-3.75112	0
-10.5281	-3.74084	0.338417	-10.5281	-3.74084	0
-9.49626	-3.74474	0.309524	-9.49626	-3.74474	0
-8.42749	-3.78931	0.303951	-8.42749	-3.78931	0
-7.41574	-3.75769	0.307239	-7.41574	-3.75769	0
-6.35093	-3.83525	0.306194	-6.35093	-3.83525	0
-5.35846	-3.85432	0.339362	-5.35846	-3.85432	0
-4.29382	-3.80331	0.325687	-4.29382	-3.80331	0
-3.27524	-3.77001	0.311613	-3.27524	-3.77001	0
-2.24592	-3.74522	0.340747	-2.24592	-3.74522	0
-1.18543	-3.77446	0.329589	-1.18543	-3.77446	0
-0.167354	-2.72432	0.332317	-0.167354	-2.72432	0
0.862037	-2.71788	0.343609	0.862037	-2.71788	0
1.90671	-2.7657	0.328973	1.90671	-2.7657	0
2.95996	-2.77013	0.320987	2.95996	-2.77013	0
3.99686	-2.7351	0.30687	3.99686	-2.7351	0
5.03621	-2.8312	0.297649	5.03621	-2.8312	0
6.05857	-2.78754	0.328676	6.05857	-2.78754	0
7.07152	-2.79733	0.322059	7.07152	-2.79733	0
8.08153	-2.75765	0.323832	8.08153	-2.75765	0
9.11211	-2.70857	0.330263	9.11211	-2.70857	0
10.1258	-2.76905	0.320662	10.1258	-2.76905	0
11.171	-2.72231	0.323959	11.171	-2.72231	0
-11.5723	-2.72792	0.343347	-11.5723	-2.72792	0
-10.5602	-2.72418	0.315897	-10.5602	-2.72418	0
-9.52583	-2.78414	0.331564	-9.52583	-2.78414	0
-8.49582	-2.73823	0.308842	-8.49582	-2.73823	0
-7.35561	-2.78243	0.333435	-7.35561	-2.78243	0
-6.31702	-2.78639	0.344446	-6.31702	-2.78639	0
-5.29243	-2.70225	0.319274	-5.29243	-2.70225	0
-4.28783	-2.80838	0.311919	-4.28783	-2.80838	0
-3.21971	-2.74843	0.333095	-3.21971	-2.74843	0
-2.1945	-2.68911	0.300235	-2.1945	-2.68911	0
-1.2256	-2.70109	0.311923	-1.2256	-2.70109	0
-0.191465	-1.68742	0.321419	-0.191465	-1.68742	0
0.863372	-1.73037	0.29159	0.863372	-1.73037	0
1.93206	-1.73031	0.323036	1.93206	-1.73031	0
2.98163	-1.6924	0.316239	2.98163	-1.6924	0
3.98866	-1.7141	0.302411	3.98866	-1.7141	0
4.98522	-1.77399	0.350699	4.98522	-1.77399	0
6.05927	-1.73945	0.320978	6.05927	-1.73945	0
7.07941	-1.71194	0.310113	7.07941	-1.71194	0
8.10885	-1.74433	0.315847	8.10885	-1.74433	0
9.14765	-1.7026	0.300708	9.14765	-1.7026	0
10.1918	-1.72511	0.314193	10.1918	-1.72511	0
11.2565	-1.76169	0.306267	11.2565	-1.76169	0
-11.488	-1.73142	0.328687	-11.488	-1.73142	0
-10.5255	-1.66961	0.278689	-10.5255	-1.66961	0
-9.50176	-1.74932	0.290131	-9.50176	-1.74932	0
-8.38464	-1.6991	0.316984	-8.38464	-1.6991	0
-7.31605	-1.75978	0.308826	-7.31605	-1.75978	0
-6.29835	-1.73213	0.30791	-6.29835	-1.73213	0
-5.28225	-1.71471	0.313813	-5.28225	-1.71471	0
-4.28101	-1.77095	0.306617	-4.28101	-1.77095	0
-3.21447	-1.69689	0.331449	-3.21447	-1.69689	0
-2.20759	-1.66243	0.279569	-2.20759	-1.66243	0
-1.20686	-1.65774	0.329909	-1.20686	-1.65774	0
-0.0877243	-0.671321	0.32375	-0.0877243	-0.671321	0
0.910444	-0.654471	0.291042	0.910444	-0.654471	0
1.91129	-0.684239	0.333013	1.91129	-0.684239	0
2.93879	-0.693544	0.345437	2.93879	-0.693544	0
3.93317	-0.662412	0.313352	3.93317	-0.662412	0
5.09862	-0.779465	0.348457	5.09862	-0.779465	0
6.06179	-0.727165	0.338705	6.06179	-0.727165	0
7.13385	-0.702506	0.320609	7.13385	-0.702506	0
8.13533	-0.73189	0.313758	8.13533	-0.73189	0
9.17939	-0.732597	0.31301	9.17939	-0.732597	0
10.2108	-0.732707	0.279251	10.2108	-0.732707	0
11.1839	-0.641119	0.303065	11.1839	-0.641119	0
-11.503	-0.651046	0.32355	-11.503	-0.651046	0
-10.4925	-0.660109	0.336089	-10.4925	-0.660109	0
-9.45235	-0.638766	0.292748	-9.45235	-0.638766	0
-8.36571	-0.642032	0.317631	-8.36571	-0.642032	0
-7.37129	-0.668189	0.311568	-7.37129	-0.668189	0
-6.32601	-0.71914	0.323669	-6.32601	-0.71914	0
-5.32532	-0.721628	0.332907	-5.32532	-0.721628	0
-4.28763	-0.717869	0.320356	-4.28763	-0.717869	0
-3.21159	-0.679189	0.339012	-3.21159	-0.679189	0
-2.14923	-0.664058	0.322991	-2.14923	-0.664058	0
-1.14489	-0.638362	0.318038	-1.14489	-0.638362	0
