-0.374675	0.128643	-0.291682	-0.374675	0.128643	0
0.639649	0.0620905	-0.313489	0.639649	0.0620905	0
1.66315	0.146598	-0.326234	1.66315	0.146598	0
2.69682	0.131253	-0.33153	2.69682	0.131253	0
3.70882	0.100522	-0.322198	3.70882	0.100522	0
4.73221	0.152559	-0.328773	4.73221	0.152559	0
5.78842	0.144485	-0.287629	5.78842	0.144485	0
6.84424	0.154723	-0.306443	6.84424	0.154723	0
7.88655	0.157824	-0.319049	7.88655	0.157824	0
8.93228	0.134514	-0.322024	8.93228	0.134514	0
9.98249	0.176607	-0.333269	9.98249	0.176607	0
10.9723	0.149315	-0.323752	10.9723	0.149315	0
-11.7696	0.18894	-0.300869	-11.7696	0.18894	0
-10.7213	0.225001	-0.291397	-10.7213	0.225001	0
-9.67124	0.204052	-0.321483	-9.67124	0.204052	0
-8.68521	0.172672	-0.307704	-8.68521	0.172672	0
-7.60373	0.192446	-0.341711	-7.60373	0.192446	0
-6.594	0.145889	-0.304684	-6.594	0.145889	0
-5.58644	0.19793	-0.309716	-5.58644	0.19793	0
-4.58728	0.200907	-0.332783	-4.58728	0.200907	0
-3.44336	0.145957	-0.345326	-3.44336	0.145957	0
-2.45094	0.19171	-0.331911	-2.45094	0.19171	0
-1.37738	0.177084	-0.338251	-1.37738	0.177084	0
-0.368146	1.12463	-0.29403	-0.368146	1.12463	0
0.689678	1.15828	-0.307222	0.689678	1.15828	0
1.72518	1.21165	-0.34074	1.72518	1.21165	0
2.74898	1.23812	-0.336322	2.74898	1.23812	0
3.76187	1.13607	-0.327815	3.76187	1.13607	0
4.74678	1.16538	-0.318451	4.74678	1.16538	0
5.78739	1.17396	-0.328759	5.78739	1.17396	0
6.86853	1.17504	-0.326705	6.86853	1.17504	0
7.88818	1.15832	-0.285987	7.88818	1.15832	0
8.98224	1.1769	-0.314449	8.98224	1.1769	0
10.0028	1.16431	-0.33152	10.0028	1.16431	0
11.0041	1.22018	-0.300516	11.0041	1.22018	0
-11.7513	1.20223	-0.324249	-11.7513	1.20223	0
-10.7099	1.18015	-0.335787	-10.7099	1.18015	0
-9.69812	1.28386	-0.314159	-9.69812	1.28386	0
-8.71144	1.21192	-0.331179	-8.71144	1.21192	0
-7.61392	1.17627	-0.33328	-7.61392	1.17627	0
-6.59398	1.21701	-0.311523	-6.59398	1.21701	0
-5.53896	1.2225	-0.304438	-5.53896	1.2225	0
-4.49556	1.23295	-0.342652	-4.49556	1.23295	0
-3.4735	1.15137	-0.337378	-3.4735	1.15137	0
-2.3983	1.19405	-0.310953	-2.3983	1.19405	0
-1.35999	1.20807	-0.313939	-1.35999	1.20807	0
-0.374297	2.12027	-0.288772	-0.374297	2.12027	0
0.66117	2.23563	-0.307868	0.66117	2.23563	0
1.6777	2.26928	-0.312445	1.6777	2.26928	0
2.68371	2.25311	-0.287478	2.68371	2.25311	0
3.77371	2.19001	-0.297734	3.77371	2.19001	0
4.80931	2.20919	-0.309892	4.80931	2.20919	0
5.85061	2.1148	-0.338605	5.85061	2.1148	0
6.89732	2.14287	-0.328096	6.89732	2.14287	0
7.92111	2.18947	-0.326039	7.92111	2.18947	0
8.9251	2.19895	-0.331082	8.9251	2.19895	0
10.0068	2.27553	-0.320072	10.0068	2.27553	0
11.0001	2.25368	-0.305631	11.0001	2.25368	0
-11.7074	2.26284	-0.318344	-11.7074	2.26284	0
-10.7171	2.24514	-0.311307	-10.7171	2.24514	0
-9.69965	2.31826	-0.321758	-9.69965	2.31826	0
-8.63842	2.24286	-0.307394	-8.63842	2.24286	0
-7.60234	2.24563	-0.323777	-7.60234	2.24563	0
-6.54654	2.21848	-0.32194	-6.54654	2.21848	0
-5.47374	2.24073	-0.318266	-5.47374	2.24073	0
-4.45276	2.22388	-0.276238	-4.45276	2.22388	0
-3.48482	2.16348	-0.331553	-3.48482	2.16348	0
-2.4709	2.19095	-0.317112	-2.4709	2.19095	0
-1.41348	2.20309	-0.313504	-1.41348	2.20309	0
-0.454641	3.19275	-0.336507	-0.454641	3.19275	0
0.635629	3.23526	-0.331251	0.635629	3.23526	0
1.69933	3.27702	-0.320315	1.69933	3.27702	0
2.69338	3.2549	-0.339971	2.69338	3.2549	0
3.71792	3.22656	-0.326027	3.71792	3.22656	0
4.76323	3.21831	-0.302334	4.76323	3.21831	0
5.79148	3.19355	-0.312093	5.79148	3.19355	0
6.90063	3.22117	-0.343163	6.90063	3.22117	0
7.94425	3.22549	-0.333002	7.94425	3.22549	0
8.98072	3.23245	-0.318992	8.98072	3.23245	0
9.97129	3.29662	-0.317069	9.97129	3.29662	0
11.0434	3.29564	-0.316334	11.0434	3.29564	0
-11.7233	3.35002	-0.302074	-11.7233	3.35002	0
-10.6842	3.27405	-0.330484	-10.6842	3.27405	0
-9.71859	3.36667	-0.316103	-9.71859	3.36667	0
-8.68047	3.32092	-0.314438	-8.68047	3.32092	0
-7.5963	3.26697	-0.319927	-7.5963	3.26697	0
-6.59039	3.27394	-0.311927	-6.59039	3.27394	0
-5.53745	3.27898	-0.293942	-5.53745	3.27898	0
-4.525	3.3156	-0.287001	-4.525	3.3156	0
-3.50783	3.23961	-0.313821	-3.50783	3.23961	0
-2.45799	3.19681	-0.307403	-2.45799	3.19681	0
-1.50861	3.19334	-0.334804	-1.50861	3.19334	0
-0.377065	4.23629	-0.308451	-0.377065	4.23629	0
0.645239	4.25916	-0.321738	0.645239	4.25916	0
1.7129	4.2929	-0.305447	1.7129	4.2929	0
2.74384	4.29486	-0.322871	2.74384	4.29486	0
3.73864	4.30704	-0.325015	3.73864	4.30704	0
4.83701	4.22988	-0.318507	4.83701	4.22988	0
5.8809	4.20856	-0.309219	5.8809	4.20856	0
6.88011	4.29453	-0.290321	6.88011	4.29453	0
7.89727	4.25004	-0.336008	7.89727	4.25004	0
8.92292	4.26341	-0.27672	8.92292	4.26341	0
9.98888	4.28537	-0.307356	9.98888	4.28537	0
11.01	4.33727	-0.310352	11.01	4.33727	0
-11.7797	4.32526	-0.321766	-11.7797	4.32526	0
-10.764	4.33704	-0.318538	-10.764	4.33704	0
-9.70304	4.38254	-0.322017	-9.70304	4.38254	0
-8.61104	4.33488	-0.325046	-8.61104	4.33488	0
-7.61179	4.26574	-0.336783	-7.61179	4.26574	0
-6.5865	4.28938	-0.331786	-6.5865	4.28938	0
-5.55399	4.3115	-0.33315	-5.55399	4.3115	0
-4.50435	4.31555	-0.309836	-4.50435	4.31555	0
-3.50764	4.28304	-0.352593	-3.50764	4.28304	0
-2.45617	4.24077	-0.313958	-2.45617	4.24077	0
-1.42862	4.1847	-0.315748	-1.42862	4.1847	0
-0.340184	5.27773	-0.326816	-0.340184	5.27773	0
0.683218	5.30936	-0.308684	0.683218	5.30936	0
1.75442	5.3772	-0.278921	1.75442	5.3772	0
2.71113	5.32279	-0.328322	2.71113	5.32279	0
3.7707	5.3363	-0.308479	3.7707	5.3363	0
4.76719	5.31321	-0.334286	4.76719	5.31321	0
5.82357	5.24333	-0.314447	5.82357	5.24333	0
6.87188	5.30543	-0.324879	6.87188	5.30543	0
7.91744	5.3029	-0.284213	7.91744	5.3029	0
8.97294	5.29616	-0.308065	8.97294	5.29616	0
9.98666	5.26466	-0.333542	9.98666	5.26466	0
11.0305	5.30581	-0.320682	11.0305	5.30581	0
-11.7071	5.33422	-0.321891	-11.7071	5.33422	0
-10.7006	5.38748	-0.337549	-10.7006	5.38748	0
-9.65843	5.33649	-0.310444	-9.65843	5.33649	0
-8.60948	5.30254	-0.313993	-8.60948	5.30254	0
-7.59879	5.29913	-0.294226	-7.59879	5.29913	0
-6.55668	5.32292	-0.34971	-6.55668	5.32292	0
-5.51809	5.29385	-0.289262	-5.51809	5.29385	0
-4.51692	5.35437	-0.31619	-4.51692	5.35437	0
-3.3983	5.32996	-0.331877	-3.3983	5.32996	0
-2.39839	5.32403	-0.310569	-2.39839	5.32403	0
-1.3487	5.26054	-0.313486	-1.3487	5.26054	0
-0.408832	6.35034	-0.30837	-0.408832	6.35034	0
0.662315	6.4002	-0.323965	0.662315	6.4002	0
1.68129	6.33212	-0.295981	1.68129	6.33212	0
2.72382	6.31912	-0.306893	2.72382	6.31912	0
3.70934	6.38194	-0.316797	3.70934	6.38194	0
4.78785	6.35758	-0.291775	4.78785	6.35758	0
5.84443	6.36665	-0.353013	5.84443	6.36665	0
6.86991	6.31289	-0.315629	6.86991	6.31289	0
7.9319	6.32182	-0.307056	7.9319	6.32182	0
8.95274	6.32274	-0.321045	8.95274	6.32274	0
9.98902	6.34275	-0.333189	9.98902	6.34275	0
11.0143	6.30797	-0.283541	11.0143	6.30797	0
-11.7413	6.36719	-0.304782	-11.7413	6.36719	0
-10.7018	6.38337	-0.305094	-10.7018	6.38337	0
-9.68217	6.36134	-0.326636	-9.68217	6.36134	0
-8.64342	6.35905	-0.304228	-8.64342	6.35905	0
-7.6185	6.32552	-0.302094	-7.6185	6.32552	0
-6.55766	6.32879	-0.330843	-6.55766	6.32879	0
-5.50037	6.34747	-0.31941	-5.50037	6.34747	0
-4.45937	6.37964	-0.3112	-4.45937	6.37964	0
-3.44708	6.36495	-0.314523	-3.44708	6.36495	0
-2.40718	6.32874	-0.321577	-2.40718	6.32874	0
-1.35641	6.31465	-0.331369	-1.35641	6.31465	0
-0.396496	7.43676	-0.317366	-0.396496	7.43676	0
0.743542	7.44671	-0.336549	0.743542	7.44671	0
1.75665	7.42875	-0.301502	1.75665	7.42875	0
2.78293	7.42173	-0.309724	2.78293	7.42173	0
3.80977	7.42907	-0.31307	3.80977	7.42907	0
4.81713	7.37217	-0.334591	4.81713	7.37217	0
5.86694	7.3486	-0.313999	5.86694	7.3486	0
6.83091	7.36627	-0.303199	6.83091	7.36627	0
7.89906	7.39045	-0.328572	7.89906	7.39045	0
8.89435	7.31705	-0.338469	8.89435	7.31705	0
9.93822	7.36061	-0.320819	9.93822	7.36061	0
11.0025	7.36146	-0.321615	11.0025	7.36146	0
-11.7501	7.40974	-0.321381	-11.7501	7.40974	0
-10.7347	7.40595	-0.290705	-10.7347	7.40595	0
-9.69883	7.45185	-0.324001	-9.69883	7.45185	0
-8.64872	7.36465	-0.309497	-8.64872	7.36465	0
-7.56894	7.3545	-0.310055	-7.56894	7.3545	0
-6.59745	7.37108	-0.320599	-6.59745	7.37108	0
-5.54356	7.38306	-0.294339	-5.54356	7.38306	0
-4.42584	7.32515	-0.320791	-4.42584	7.32515	0
-3.42071	7.43277	-0.295845	-3.42071	7.43277	0
-2.39571	7.39051	-0.320772	-2.39571	7.39051	0
-1.34294	7.37307	-0.303943	-1.34294	7.37307	0
-0.342968	8.4887	-0.313852	-0.342968	8.4887	0
0.737232	8.45026	-0.346553	0.737232	8.45026	0
1.72432	8.45834	-0.321493	1.72432	8.45834	0
2.75103	8.45414	-0.321162	2.75103	8.45414	0
3.75833	8.45151	-0.313785	3.75833	8.45151	0
4.80854	8.44399	-0.309443	4.80854	8.44399	0
5.79157	8.37081	-0.351198	5.79157	8.37081	0
6.88866	8.40854	-0.313747	6.88866	8.40854	0
7.88722	8.37189	-0.317813	7.88722	8.37189	0
8.87341	8.35255	-0.346057	8.87341	8.35255	0
9.97848	8.46015	-0.337677	9.97848	8.46015	0
10.983	8.42054	-0.331432	10.983	8.42054	0
-11.7685	8.44661	-0.309701	-11.7685	8.44661	0
-10.7185	8.44749	-0.305608	-10.7185	8.44749	0
-9.69162	8.46079	-0.302073	-9.69162	8.46079	0
-8.66068	8.41943	-0.318276	-8.66068	8.41943	0
-7.63039	8.36044	-0.374503	-7.63039	8.36044	0
-6.49418	8.3944	-0.324848	-6.49418	8.3944	0
-5.49565	8.38104	-0.290697	-5.49565	8.38104	0
-4.47384	8.38777	-0.321405	-4.47384	8.38777	0
-3.42816	8.41784	-0.322779	-3.42816	8.41784	0
-2.35663	8.37031	-0.316792	-2.35663	8.37031	0
-1.35033	8.46492	-0.289432	-1.35033	8.46492	0
-0.376295	9.47906	-0.322885	-0.376295	9.47906	0
0.624694	9.54289	-0.324201	0.624694	9.54289	0
1.7178	9.52601	-0.339829	1.7178	9.52601	0
2.78476	9.41791	-0.325533	2.78476	9.41791	0
3.80236	9.43746	-0.30506	3.80236	9.43746	0
4.81564	9.45935	-0.310123	4.81564	9.45935	0
5.76682	9.39668	-0.346641	5.76682	9.39668	0
6.82523	9.39225	-0.320328	6.82523	9.39225	0
7.88867	9.47343	-0.298898	7.88867	9.47343	0
8.88869	9.44117	-0.303592	8.88869	9.44117	0
9.97394	9.42121	-0.333294	9.97394	9.42121	0
10.9843	9.46813	-0.313265	10.9843	9.46813	0
-11.777	9.51978	-0.316285	-11.777	9.51978	0
-10.7138	9.49941	-0.320829	-10.7138	9.49941	0
-9.64883	9.45387	-0.322388	-9.64883	9.45387	0
-8.59869	9.44404	-0.327139	-8.59869	9.44404	0
-7.62298	9.38905	-0.320262	-7.62298	9.38905	0
-6.58527	9.42407	-0.336548	-6.58527	9.42407	0
-5.584	9.41106	-0.334006	-5.584	9.41106	0
-4.57185	9.43434	-0.311376	-4.57185	9.43434	0
-3.44023	9.38952	-0.324539	-3.44023	9.38952	0
-2.40843	9.45313	-0.342403	-2.40843	9.45313	0
-1.42312	9.49022	-0.316875	-1.42312	9.49022	0
-0.389125	10.4908	-0.35574	-0.389125	10.4908	0
0.669977	10.5035	-0.32067	0.669977	10.5035	0
1.69262	10.5486	-0.325889	1.69262	10.5486	0
2.73185	10.4997	-0.339182	2.73185	10.4997	0
3.76017	10.4486	-0.319996	3.76017	10.4486	0
4.74964	10.5028	-0.315273	4.74964	10.5028	0
5.79443	10.4462	-0.316262	5.79443	10.4462	0
6.8275	10.4838	-0.320306	6.8275	10.4838	0
7.85801	10.4739	-0.312215	7.85801	10.4739	0
8.88005	10.4618	-0.289776	8.88005	10.4618	0
9.91731	10.5181	-0.311456	9.91731	10.5181	0
10.9798	10.4519	-0.330491	10.9798	10.4519	0
-11.7732	10.4618	-0.326824	-11.7732	10.4618	0
-10.7225	10.4666	-0.329265	-10.7225	10.4666	0
-9.7202	10.4896	-0.3151	-9.7202	10.4896	0
-8.61763	10.4906	-0.299054	-8.61763	10.4906	0
-7.55973	10.4014	-0.299565	-7.55973	10.4014	0
-6.58324	10.5222	-0.319992	-6.58324	10.5222	0
-5.53974	10.521	-0.320539	-5.53974	10.521	0
-4.5001	10.4292	-0.313463	-4.5001	10.4292	0
-3.42271	10.425	-0.30713	-3.42271	10.425	0
-2.43147	10.5006	-0.312133	-2.43147	10.5006	0
-1.37223	10.5436	-0.302374	-1.37223	10.5436	0
-0.394194	11.5427	-0.292114	-0.394194	11.5427	0
0.638187	11.5502	-0.327152	0.638187	11.5502	0
1.66658	11.5333	-0.289488	1.66658	11.5333	0
2.68132	11.5379	-0.327938	2.68132	11.5379	0
3.68071	11.5354	-0.314572	3.68071	11.5354	0
4.75561	11.5432	-0.305172	4.75561	11.5432	0
5.74775	11.4821	-0.309545	5.74775	11.4821	0
6.78848	11.4813	-0.325768	6.78848	11.4813	0
7.86426	11.5021	-0.328829	7.86426	11.5021	0
8.87374	11.4784	-0.320267	8.87374	11.4784	0
9.93312	11.5152	-0.341532	9.93312	11.5152	0
11.0263	11.5288	-0.300717	11.0263	11.5288	0
-11.698	11.5492	-0.314963	-11.698	11.5492	0
-10.6814	11.5074	-0.28728	-10.6814	11.5074	0
-9.65632	11.5202	-0.3225	-9.65632	11.5202	0
-8.59102	11.5092	-0.316619	-8.59102	11.5092	0
-7.58478	11.4595	-0.323816	-7.58478	11.4595	0
-6.56749	11.533	-0.328638	-6.56749	11.533	0
-5.54567	11.531	-0.329455	-5.54567	11.531	0
-4.52527	11.5247	-0.306509	-4.52527	11.5247	0
-3.48259	11.4823	-0.316275	-3.48259	11.4823	0
-2.39755	11.4956	-0.329774	-2.39755	11.4956	0
-1.35205	11.5793	-0.31541	-1.35205	11.5793	0
-0.358375	-11.1444	-0.325893	-0.358375	-11.1444	0
0.659569	-11.1789	-0.300724	0.659569	-11.1789	0
1.70802	-11.1965	-0.321071	1.70802	-11.1965	0
2.704	-11.2698	-0.332846	2.704	-11.2698	0
3.73123	-11.2238	-0.31625	3.73123	-11.2238	0
4.76588	-11.1906	-0.310534	4.76588	-11.1906	0
5.78602	-11.2575	-0.304671	5.78602	-11.2575	0
6.89595	-11.254	-0.30359	6.89595	-11.254	0
7.89161	-11.2452	-0.313226	7.89161	-11.2452	0
8.89621	-11.2376	-0.302926	8.89621	-11.2376	0
9.86392	-11.2427	-0.315016	9.86392	-11.2427	0
10.9994	-11.2061	-0.317323	10.9994	-11.2061	0
-11.7641	-11.2635	-0.309207	-11.7641	-11.2635	0
-10.7016	-11.2211	-0.345045	-10.7016	-11.2211	0
-9.6869	-11.2791	-0.328552	-9.6869	-11.2791	0
-8.69093	-11.3097	-0.309207	-8.69093	-11.3097	0
-7.60944	-11.2364	-0.314339	-7.60944	-11.2364	0
-6.53535	-11.2194	-0.341294	-6.53535	-11.2194	0
-5.56766	-11.2382	-0.312361	-5.56766	-11.2382	0
-4.48176	-11.2155	-0.331745	-4.48176	-11.2155	0
-3.39167	-11.3162	-0.303908	-3.39167	-11.3162	0
-2.40591	-11.2575	-0.329591	-2.40591	-11.2575	0
-1.36755	-11.2094	-0.305365	-1.36755	-11.2094	0
-0.32345	-10.0658	-0.321523	-0.32345	-10.0658	0
0.730932	-10.1519	-0.297302	0.730932	-10.1519	0
1.74774	-10.1646	-0.297059	1.74774	-10.1646	0
2.76746	-10.2125	-0.307585	2.76746	-10.2125	0
3.74482	-10.2208	-0.31679	3.74482	-10.2208	0
4.78656	-10.1882	-0.313593	4.78656	-10.1882	0
5.83548	-10.1689	-0.314641	5.83548	-10.1689	0
6.82359	-10.2077	-0.328424	6.82359	-10.2077	0
7.79865	-10.2113	-0.312515	7.79865	-10.2113	0
8.90409	-10.1803	-0.322215	8.90409	-10.1803	0
9.9563	-10.1569	-0.318828	9.9563	-10.1569	0
10.9532	-10.198	-0.28182	10.9532	-10.198	0
-11.8322	-10.2178	-0.311542	-11.8322	-10.2178	0
-10.7808	-10.1764	-0.300401	-10.7808	-10.1764	0
-9.70868	-10.2349	-0.304726	-9.70868	-10.2349	0
-8.60984	-10.2778	-0.346486	-8.60984	-10.2778	0
-7.58927	-10.226	-0.302335	-7.58927	-10.226	0
-6.62188	-10.1963	-0.33595	-6.62188	-10.1963	0
-5.5341	-10.2029	-0.332173	-5.5341	-10.2029	0
-4.47021	-10.2258	-0.290156	-4.47021	-10.2258	0
-3.52686	-10.2836	-0.332939	-3.52686	-10.2836	0
-2.49736	-10.2146	-0.325338	-2.49736	-10.2146	0
-1.42412	-10.1835	-0.286465	-1.42412	-10.1835	0
-0.344818	-9.09841	-0.296993	-0.344818	-9.09841	0
0.686629	-9.12015	-0.301342	0.686629	-9.12015	0
1.69429	-9.11921	-0.343554	1.69429	-9.11921	0
2.73626	-9.21565	-0.347711	2.73626	-9.21565	0
3.73514	-9.21497	-0.316366	3.73514	-9.21497	0
4.77315	-9.13822	-0.333467	4.77315	-9.13822	0
5.81596	-9.09391	-0.333182	5.81596	-9.09391	0
6.81502	-9.12269	-0.313483	6.81502	-9.12269	0
7.85558	-9.10637	-0.326879	7.85558	-9.10637	0
8.8787	-9.1507	-0.296459	8.8787	-9.1507	0
9.98073	-9.09581	-0.338076	9.98073	-9.09581	0
11.0041	-9.14806	-0.32386	11.0041	-9.14806	0
-11.7191	-9.13805	-0.305573	-11.7191	-9.13805	0
-10.7256	-9.15101	-0.326636	-10.7256	-9.15101	0
-9.67164	-9.16643	-0.301656	-9.67164	-9.16643	0
-8.6594	-9.15646	-0.325876	-8.6594	-9.15646	0
-7.56561	-9.16567	-0.311444	-7.56561	-9.16567	0
-6.60069	-9.20648	-0.306618	-6.60069	-9.20648	0
-5.54976	-9.13196	-0.332182	-5.54976	-9.13196	0
-4.48198	-9.18441	-0.286643	-4.48198	-9.18441	0
-3.47778	-9.19397	-0.325271	-3.47778	-9.19397	0
-2.45643	-9.15516	-0.335426	-2.45643	-9.15516	0
-1.42591	-9.15499	-0.329945	-1.42591	-9.15499	0
-0.375706	-8.09893	-0.30921	-0.375706	-8.09893	0
0.64751	-8.08819	-0.328988	0.64751	-8.08819	0
1.68914	-8.06721	-0.315789	1.68914	-8.06721	0
2.71751	-8.09159	-0.299565	2.71751	-8.09159	0
3.74275	-8.11287	-0.329413	3.74275	-8.11287	0
4.75094	-8.10127	-0.320839	4.75094	-8.10127	0
5.82784	-8.11813	-0.338456	5.82784	-8.11813	0
6.87058	-8.1245	-0.322277	6.87058	-8.1245	0
7.91603	-8.09129	-0.298335	7.91603	-8.09129	0
8.93928	-8.13359	-0.336704	8.93928	-8.13359	0
9.96576	-8.12552	-0.329749	9.96576	-8.12552	0
11.0591	-8.08592	-0.332175	11.0591	-8.08592	0
-11.7345	-8.13184	-0.314117	-11.7345	-8.13184	0
-10.6851	-8.12268	-0.32097	-10.6851	-8.12268	0
-9.68875	-8.12761	-0.309501	-9.68875	-8.12761	0
-8.66948	-8.13522	-0.334151	-8.66948	-8.13522	0
-7.58782	-8.10959	-0.35529	-7.58782	-8.10959	0
-6.57482	-8.10347	-0.329486	-6.57482	-8.10347	0
-5.51153	-8.11482	-0.307466	-5.51153	-8.11482	0
-4.47905	-8.17073	-0.314492	-4.47905	-8.17073	0
-3.48112	-8.14854	-0.340998	-3.48112	-8.14854	0
-2.44514	-8.09672	-0.311862	-2.44514	-8.09672	0
-1.42009	-8.08481	-0.305145	-1.42009	-8.08481	0
-0.389164	-7.1217	-0.322949	-0.389164	-7.1217	0
0.602563	-7.06924	-0.343712	0.602563	-7.06924	0
1.62032	-7.06694	-0.344226	1.62032	-7.06694	0
2.69605	-6.97654	-0.31901	2.69605	-6.97654	0
3.71737	-7.0787	-0.320309	3.71737	-7.0787	0
4.77181	-7.07134	-0.326788	4.77181	-7.07134	0
5.81549	-7.08205	-0.299905	5.81549	-7.08205	0
6.87125	-7.10693	-0.349287	6.87125	-7.10693	0
7.89609	-7.08931	-0.321957	7.89609	-7.08931	0
8.95679	-7.13625	-0.361751	8.95679	-7.13625	0
9.99778	-7.05955	-0.305802	9.99778	-7.05955	0
10.9984	-7.06937	-0.333493	10.9984	-7.06937	0
-11.7416	-7.08317	-0.303898	-11.7416	-7.08317	0
-10.7272	-7.07909	-0.320614	-10.7272	-7.07909	0
-9.69334	-7.09178	-0.332905	-9.69334	-7.09178	0
-8.62807	-7.15202	-0.320508	-8.62807	-7.15202	0
-7.61479	-7.06746	-0.314623	-7.61479	-7.06746	0
-6.57579	-7.08632	-0.314264	-6.57579	-7.08632	0
-5.5026	-7.14185	-0.322223	-5.5026	-7.14185	0
-4.51464	-7.13628	-0.29643	-4.51464	-7.13628	0
-3.4543	-7.05121	-0.326732	-3.4543	-7.05121	0
-2.47817	-7.06295	-0.299001	-2.47817	-7.06295	0
-1.42796	-7.05828	-0.323365	-1.42796	-7.05828	0
-0.341431	-5.9911	-0.333255	-0.341431	-5.9911	0
0.668367	-6.01391	-0.321847	0.668367	-6.01391	0
1.71111	-6.03506	-0.317561	1.71111	-6.03506	0
2.75244	-5.98843	-0.301723	2.75244	-5.98843	0
3.74759	-6.05252	-0.302287	3.74759	-6.05252	0
4.85297	-6.03567	-0.331058	4.85297	-6.03567	0
5.87008	-6.08314	-0.309894	5.87008	-6.08314	0
6.84937	-6.02556	-0.30607	6.84937	-6.02556	0
7.85473	-6.03505	-0.30273	7.85473	-6.03505	0
8.89149	-6.03523	-0.336733	8.89149	-6.03523	0
9.96046	-6.07585	-0.319142	9.96046	-6.07585	0
10.9903	-6.05963	-0.321447	10.9903	-6.05963	0
-11.7155	-6.05949	-0.332616	-11.7155	-6.05949	0
-10.6825	-6.03341	-0.322908	-10.6825	-6.03341	0
-9.66673	-6.0481	-0.324953	-9.66673	-6.0481	0
-8.61045	-6.12124	-0.312454	-8.61045	-6.12124	0
-7.58777	-6.04248	-0.324177	-7.58777	-6.04248	0
-6.50223	-6.03357	-0.316039	-6.50223	-6.03357	0
-5.50154	-6.13874	-0.338055	-5.50154	-6.13874	0
-4.52989	-6.05072	-0.313854	-4.52989	-6.05072	0
-3.4794	-6.06651	-0.291312	-3.4794	-6.06651	0
-2.41616	-6.01817	-0.301242	-2.41616	-6.01817	0
-1.36774	-6.04429	-0.324617	-1.36774	-6.04429	0
-0.393441	-4.97981	-0.307408	-0.393441	-4.97981	0
0.670846	-5.00859	-0.311543	0.670846	-5.00859	0
1.67357	-5.03919	-0.317318	1.67357	-5.03919	0
2.68628	-4.9991	-0.323228	2.68628	-4.9991	0
3.71096	-5.0305	-0.326636	3.71096	-5.0305	0
4.85432	-5.05965	-0.329005	4.85432	-5.05965	0
5.87483	-5.03428	-0.327214	5.87483	-5.03428	0
6.87198	-5.02892	-0.303171	6.87198	-5.02892	0
7.8977	-5.06234	-0.327562	7.8977	-5.06234	0
8.92957	-5.05599	-0.348122	8.92957	-5.05599	0
9.96733	-5.01722	-0.322068	9.96733	-5.01722	0
11.0215	-5.03914	-0.336355	11.0215	-5.03914	0
-11.7162	-5.06417	-0.332143	-11.7162	-5.06417	0
-10.6566	-5.06803	-0.332646	-10.6566	-5.06803	0
-9.60216	-5.07303	-0.324859	-9.60216	-5.07303	0
-8.62919	-5.027	-0.313507	-8.62919	-5.027	0
-7.58469	-5.03782	-0.300545	-7.58469	-5.03782	0
-6.57416	-5.03147	-0.317094	-6.57416	-5.03147	0
-5.49961	-5.00285	-0.338875	-5.49961	-5.00285	0
-4.456	-4.99568	-0.326265	-4.456	-4.99568	0
-3.50833	-4.99713	-0.312548	-3.50833	-4.99713	0
-2.43639	-4.98355	-0.32324	-2.43639	-4.98355	0
-1.41008	-4.99399	-0.327233	-1.41008	-4.99399	0
-0.406827	-4.00415	-0.316411	-0.406827	-4.00415	0
0.633021	-3.99072	-0.318904	0.633021	-3.99072	0
1.73274	-3.95387	-0.33983	1.73274	-3.95387	0
2.74851	-3.97892	-0.291121	2.74851	-3.97892	0
3.75864	-4.00385	-0.319116	3.75864	-4.00385	0
4.76239	-3.95135	-0.307393	4.76239	-3.95135	0
5.80007	-3.9853	-0.309915	5.80007	-3.9853	0
6.80283	-4.01423	-0.338841	6.80283	-4.01423	0
7.94358	-3.98049	-0.270953	7.94358	-3.98049	0
8.9342	-4.02114	-0.31567	8.9342	-4.02114	0
9.96758	-3.95921	-0.306646	9.96758	-3.95921	0
11.0298	-4.02237	-0.317309	11.0298	-4.02237	0
-11.6641	-4.04225	-0.321239	-11.6641	-4.04225	0
-10.6756	-4.07815	-0.334086	-10.6756	-4.07815	0
-9.65213	-4.03699	-0.333791	-9.65213	-4.03699	0
-8.62835	-4.00891	-0.309958	-8.62835	-4.00891	0
-7.61765	-4.00341	-0.297557	-7.61765	-4.00341	0
-6.51651	-4.01668	-0.28565	-6.51651	-4.01668	0
-5.50331	-3.95352	-0.319555	-5.50331	-3.95352	0
-4.49309	-3.99993	-0.34696	-4.49309	-3.99993	0
-3.42734	-3.93989	-0.342794	-3.42734	-3.93989	0
-2.42372	-3.93061	-0.318049	-2.42372	-3.93061	0
-1.45845	-3.91986	-0.299737	-1.45845	-3.91986	0
-0.365667	-2.95396	-0.340472	-0.365667	-2.95396	0
0.676736	-3.0062	-0.342919	0.676736	-3.0062	0
1.72508	-2.92418	-0.312645	1.72508	-2.92418	0
2.69946	-2.94777	-0.328033	2.69946	-2.94777	0
3.83309	-2.91589	-0.339175	3.83309	-2.91589	0
4.82819	-2.98841	-0.325045	4.82819	-2.98841	0
5.87195	-2.96666	-0.328498	5.87195	-2.96666	0
6.915	-2.9867	-0.301067	6.915	-2.9867	0
7.93953	-2.98244	-0.301077	7.93953	-2.98244	0
9.00091	-3.01344	-0.334561	9.00091	-3.01344	0
9.97808	-2.90101	-0.336071	9.97808	-2.90101	0
11.0454	-2.95436	-0.333271	11.0454	-2.95436	0
-11.7271	-2.89163	-0.341252	-11.7271	-2.89163	0
-10.6974	-2.98758	-0.341802	-10.6974	-2.98758	0
-9.66976	-2.98532	-0.327739	-9.66976	-2.98532	0
-8.61757	-2.90283	-0.330493	-8.61757	-2.90283	0
-7.55035	-2.959	-0.284521	-7.55035	-2.959	0
-6.54755	-2.95297	-0.328234	-6.54755	-2.95297	0
-5.51494	-2.94153	-0.310527	-5.51494	-2.94153	0
-4.50086	-2.94262	-0.327799	-4.50086	-2.94262	0
-3.43878	-2.93445	-0.306208	-3.43878	-2.93445	0
-2.44741	-2.86497	-0.34501	-2.44741	-2.86497	0
-1.41968	-2.90144	-0.318128	-1.41968	-2.90144	0
-0.402095	-1.95631	-0.300929	-0.402095	-1.95631	0
0.688503	-1.95712	-0.312709	0.688503	-1.95712	0
1.69179	-1.87604	-0.306491	1.69179	-1.87604	0
2.69762	-1.91046	-0.313893	2.69762	-1.91046	0
3.79696	-1.90961	-0.336549	3.79696	-1.90961	0
4.82905	-1.88877	-0.3194	4.82905	-1.88877	0
5.79194	-1.92042	-0.317126	5.79194	-1.92042	0
6.84834	-1.88902	-0.332576	6.84834	-1.88902	0
7.9024	-1.92829	-0.286861	7.9024	-1.92829	0
8.92169	-1.88613	-0.333543	8.92169	-1.88613	0
10.0143	-1.91585	-0.308531	10.0143	-1.91585	0
11.0126	-1.91703	-0.320106	11.0126	-1.91703	0
-11.7869	-1.88852	-0.315278	-11.7869	-1.88852	0
-10.6495	-1.93626	-0.347766	-10.6495	-1.93626	0
-9.70088	-1.91248	-0.30457	-9.70088	-1.91248	0
-8.68145	-1.8733	-0.294869	-8.68145	-1.8733	0
-7.58	-1.88069	-0.304332	-7.58	-1.88069	0
-6.52538	-1.92139	-0.326143	-6.52538	-1.92139	0
-5.52646	-1.91211	-0.332199	-5.52646	-1.91211	0
-4.53411	-1.91748	-0.344016	-4.53411	-1.91748	0
-3.50129	-1.90155	-0.341888	-3.50129	-1.90155	0
-2.46218	-1.87338	-0.318731	-2.46218	-1.87338	0
-1.42555	-1.83406	-0.318003	-1.42555	-1.83406	0
-0.36898	-0.937205	-0.313119	-0.36898	-0.937205	0
0.680636	-1.03435	-0.35307	0.680636	-1.03435	0
1.66447	-0.903963	-0.33031	1.66447	-0.903963	0
2.71016	-0.909266	-0.320754	2.71016	-0.909266	0
3.6736	-0.894949	-0.307414	3.6736	-0.894949	0
4.72263	-0.880267	-0.326622	4.72263	-0.880267	0
5.81123	-0.877996	-0.317682	5.81123	-0.877996	0
6.84489	-0.887188	-0.31191	6.84489	-0.887188	0
7.86062	-0.825209	-0.267546	7.86062	-0.825209	0
8.94455	-0.86113	-0.312084	8.94455	-0.86113	0
9.94039	-0.832893	-0.346141	9.94039	-0.832893	0
11.0054	-0.874878	-0.29842	11.0054	-0.874878	0
-11.7285	-0.92775	-0.321403	-11.7285	-0.92775	0
-10.6702	-0.887835	-0.320172	-10.6702	-0.887835	0
-9.63775	-0.829956	-0.32153	-9.63775	-0.829956	0
-8.66103	-0.861488	-0.312556	-8.66103	-0.861488	0
-7.62673	-0.865944	-0.298254	-7.62673	-0.865944	0
-6.58989	-0.811629	-0.303896	-6.58989	-0.811629	0
-5.57573	-0.887024	-0.292439	-5.57573	-0.887024	0
-4.54787	-0.822047	-0.329071	-4.54787	-0.822047	0
-3.52817	-0.84459	-0.32196	-3.52817	-0.84459	0
-2.44198	-0.902086	-0.336786	-2.44198	-0.902086	0
-1.38232	-0.827328	-0.325538	-1.38232	-0.827328	0
0.203137	0.592011	0.304383	0.203137	0.592011	0
1.19802	0.63629	0.324195	1.19802	0.63629	0
2.17527	0.695187	0.333321	2.17527	0.695187	0
3.20695	0.661687	0.303929	3.20695	0.661687	0
4.24923	0.642036	0.339569	4.24923	0.642036	0
5.24823	0.667595	0.324825	5.24823	0.667595	0
6.31448	0.658421	0.301324	6.31448	0.658421	0
7.36727	0.662685	0.316721	7.36727	0.662685	0
8.42467	0.658369	0.294311	8.42467	0.658369	0
9.50893	0.671851	0.313994	9.50893	0.671851	0
10.4714	0.695957	0.3252	10.4714	0.695957	0
11.5016	0.668221	0.317902	11.5016	0.668221	0
-11.2337	0.718755	0.33152	-11.2337	0.718755	0
-10.1432	0.710268	0.317969	-10.1432	0.710268	0
-9.15163	0.751525	0.345779	-9.15163	0.751525	0
-8.13091	0.652028	0.291086	-8.13091	0.652028	0
-7.08902	0.657349	0.339299	-7.08902	0.657349	0
-6.13749	0.678362	0.328717	-6.13749	0.678362	0
-5.04052	0.672193	0.31654	-5.04052	0.672193	0
-3.99774	0.6706	0.305347	-3.99774	0.6706	0
-2.99833	0.637076	0.324356	-2.99833	0.637076	0
-1.90219	0.669364	0.295131	-1.90219	0.669364	0
-0.855121	0.625538	0.33381	-0.855121	0.625538	0
0.187622	1.6457	0.29777	0.187622	1.6457	0
1.22014	1.70639	0.295331	1.22014	1.70639	0
2.23045	1.72195	0.312934	2.23045	1.72195	0
3.27601	1.68424	0.340235	3.27601	1.68424	0
4.27493	1.65316	0.329583	4.27493	1.65316	0
5.28245	1.69265	0.31464	5.28245	1.69265	0
6.29387	1.63943	0.336873	6.29387	1.63943	0
7.36306	1.65896	0.337294	7.36306	1.65896	0
8.43111	1.68739	0.315236	8.43111	1.68739	0
9.45868	1.68873	0.300512	9.45868	1.68873	0
10.4903	1.72516	0.327767	10.4903	1.72516	0
11.5146	1.72794	0.321984	11.5146	1.72794	0
-11.2299	1.73347	0.311491	-11.2299	1.73347	0
-10.2232	1.72907	0.301222	-10.2232	1.72907	0
-9.17188	1.76626	0.302101	-9.17188	1.76626	0
-8.13427	1.63303	0.29112	-8.13427	1.63303	0
-7.14816	1.71712	0.325312	-7.14816	1.71712	0
-6.0642	1.70406	0.318646	-6.0642	1.70406	0
-5.04256	1.72548	0.312072	-5.04256	1.72548	0
-3.97118	1.6553	0.315944	-3.97118	1.6553	0
-2.95422	1.65814	0.279524	-2.95422	1.65814	0
-1.91012	1.71207	0.32701	-1.91012	1.71207	0
-0.900338	1.68978	0.355183	-0.900338	1.68978	0
0.124568	2.70082	0.32065	0.124568	2.70082	0
1.1714	2.76633	0.297749	1.1714	2.76633	0
2.20281	2.79173	0.305519	2.20281	2.79173	0
3.2296	2.76136	0.308895	3.2296	2.76136	0
4.28031	2.74604	0.309903	4.28031	2.74604	0
5.33465	2.68043	0.29841	5.33465	2.68043	0
6.37055	2.66524	0.304196	6.37055	2.66524	0
7.39507	2.70928	0.304091	7.39507	2.70928	0
8.43902	2.67932	0.300175	8.43902	2.67932	0
9.4498	2.7499	0.291243	9.4498	2.7499	0
10.5369	2.82196	0.308168	10.5369	2.82196	0
11.5584	2.72086	0.273514	11.5584	2.72086	0
-11.1845	2.79501	0.314485	-11.1845	2.79501	0
-10.2199	2.80113	0.329761	-10.2199	2.80113	0
-9.15366	2.7712	0.312754	-9.15366	2.7712	0
-8.14796	2.76197	0.326041	-8.14796	2.76197	0
-7.09376	2.73732	0.317068	-7.09376	2.73732	0
-6.04495	2.68737	0.321258	-6.04495	2.68737	0
-5.00878	2.75609	0.313335	-5.00878	2.75609	0
-4.03521	2.7367	0.323689	-4.03521	2.7367	0
-3.02919	2.70652	0.301608	-3.02919	2.70652	0
-1.97479	2.66651	0.312718	-1.97479	2.66651	0
-0.900981	2.67245	0.313192	-0.900981	2.67245	0
0.127815	3.7031	0.292433	0.127815	3.7031	0
1.13965	3.80704	0.317929	1.13965	3.80704	0
2.2115	3.76745	0.334217	2.2115	3.76745	0
3.25422	3.70709	0.334889	3.25422	3.70709	0
4.21688	3.75547	0.278881	4.21688	3.75547	0
5.29718	3.72931	0.338828	5.29718	3.72931	0
6.39637	3.70429	0.321471	6.39637	3.70429	0
7.42825	3.72309	0.316257	7.42825	3.72309	0
8.4537	3.68565	0.330643	8.4537	3.68565	0
9.50949	3.74641	0.326265	9.50949	3.74641	0
10.5387	3.82571	0.339842	10.5387	3.82571	0
11.5377	3.77848	0.325023	11.5377	3.77848	0
-11.2278	3.83819	0.310898	-11.2278	3.83819	0
-10.1868	3.86993	0.318242	-10.1868	3.86993	0
-9.1439	3.81007	0.322425	-9.1439	3.81007	0
-8.11774	3.77229	0.309876	-8.11774	3.77229	0
-7.14565	3.83266	0.310868	-7.14565	3.83266	0
-6.0877	3.80327	0.297972	-6.0877	3.80327	0
-5.05105	3.82168	0.336663	-5.05105	3.82168	0
-4.0279	3.83365	0.326155	-4.0279	3.83365	0
-2.99134	3.76129	0.345302	-2.99134	3.76129	0
-1.93996	3.67606	0.31002	-1.93996	3.67606	0
-0.91224	3.67899	0.335547	-0.91224	3.67899	0
0.150539	4.78421	0.323216	0.150539	4.78421	0
1.17803	4.78308	0.308487	1.17803	4.78308	0
2.23356	4.78945	0.323807	2.23356	4.78945	0
3.26129	4.88432	0.308712	3.26129	4.88432	0
4.31233	4.80215	0.296162	4.31233	4.80215	0
5.3086	4.7915	0.328249	5.3086	4.7915	0
6.39725	4.77821	0.337136	6.39725	4.77821	0
7.41811	4.7845	0.335373	7.41811	4.7845	0
8.39686	4.77178	0.31813	8.39686	4.77178	0
9.49505	4.81442	0.311967	9.49505	4.81442	0
10.5213	4.85207	0.309812	10.5213	4.85207	0
11.5349	4.83304	0.311052	11.5349	4.83304	0
-11.2268	4.83838	0.331831	-11.2268	4.83838	0
-10.238	4.83302	0.290295	-10.238	4.83302	0
-9.1385	4.85002	0.321664	-9.1385	4.85002	0
-8.07176	4.77072	0.335766	-8.07176	4.77072	0
-7.08068	4.80776	0.314277	-7.08068	4.80776	0
-6.0558	4.81077	0.320983	-6.0558	4.81077	0
-5.02031	4.79715	0.327768	-5.02031	4.79715	0
-3.99309	4.89012	0.284769	-3.99309	4.89012	0
-2.97772	4.73876	0.312618	-2.97772	4.73876	0
-1.88519	4.75411	0.299769	-1.88519	4.75411	0
-0.895171	4.75843	0.320274	-0.895171	4.75843	0
0.122891	5.82987	0.339095	0.122891	5.82987	0
1.16417	5.85742	0.324084	1.16417	5.85742	0
2.26747	5.85085	0.32756	2.26747	5.85085	0
3.27149	5.88648	0.355471	3.27149	5.88648	0
4.29672	5.79111	0.306208	4.29672	5.79111	0
5.3388	5.84226	0.303534	5.3388	5.84226	0
6.29471	5.83495	0.328311	6.29471	5.83495	0
7.36001	5.7942	0.318039	7.36001	5.7942	0
8.48764	5.79423	0.298656	8.48764	5.79423	0
9.47544	5.82134	0.307144	9.47544	5.82134	0
10.471	5.78827	0.304511	10.471	5.78827	0
11.5067	5.82111	0.312051	11.5067	5.82111	0
-11.2014	5.85994	0.33991	-11.2014	5.85994	0
-10.1642	5.87092	0.333795	-10.1642	5.87092	0
-9.14892	5.85375	0.289625	-9.14892	5.85375	0
-8.05909	5.80078	0.341376	-8.05909	5.80078	0
-7.06779	5.87017	0.322138	-7.06779	5.87017	0
-6.03053	5.80978	0.337935	-6.03053	5.80978	0
-5.03223	5.86359	0.3224	-5.03223	5.86359	0
-3.9401	5.86059	0.299617	-3.9401	5.86059	0
-2.941	5.84735	0.299492	-2.941	5.84735	0
-1.87678	5.79222	0.315137	-1.87678	5.79222	0
-0.915694	5.79657	0.324613	-0.915694	5.79657	0
0.148487	6.91683	0.315344	0.148487	6.91683	0
1.20175	6.90136	0.297417	1.20175	6.90136	0
2.24769	6.89714	0.305504	2.24769	6.89714	0
3.25592	6.87587	0.333257	3.25592	6.87587	0
4.31356	6.85904	0.336833	4.31356	6.85904	0
5.35058	6.82974	0.324266	5.35058	6.82974	0
6.36606	6.8259	0.299148	6.36606	6.8259	0
7.42298	6.87549	0.281532	7.42298	6.87549	0
8.38436	6.84874	0.323089	8.38436	6.84874	0
9.45474	6.84421	0.301992	9.45474	6.84421	0
10.4753	6.86968	0.298686	10.4753	6.86968	0
11.5337	6.8671	0.332891	11.5337	6.8671	0
-11.2398	6.90529	0.310602	-11.2398	6.90529	0
-10.2205	6.88298	0.324641	-10.2205	6.88298	0
-9.19993	6.87585	0.349888	-9.19993	6.87585	0
-8.12732	6.84531	0.316605	-8.12732	6.84531	0
-7.0519	6.85418	0.311474	-7.0519	6.85418	0
-6.07061	6.8071	0.326227	-6.07061	6.8071	0
-4.98388	6.86804	0.321082	-4.98388	6.86804	0
-3.8721	6.87112	0.324117	-3.8721	6.87112	0
-2.87091	6.90994	0.298023	-2.87091	6.90994	0
-1.88184	6.78492	0.306068	-1.88184	6.78492	0
-0.884633	6.87534	0.309967	-0.884633	6.87534	0
0.231747	7.92318	0.287286	0.231747	7.92318	0
1.2488	7.94455	0.32992	1.2488	7.94455	0
2.28982	7.94838	0.324777	2.28982	7.94838	0
3.33505	7.936	0.3417	3.33505	7.936	0
4.31754	7.89186	0.320624	4.31754	7.89186	0
5.29842	7.81827	0.310563	5.29842	7.81827	0
6.32854	7.94123	0.305445	6.32854	7.94123	0
7.34883	7.85736	0.317713	7.34883	7.85736	0
8.39761	7.83078	0.32697	8.39761	7.83078	0
9.43619	7.84114	0.285868	9.43619	7.84114	0
10.4856	7.88924	0.309875	10.4856	7.88924	0
11.5175	7.90973	0.328134	11.5175	7.90973	0
-11.2747	7.98011	0.316063	-11.2747	7.98011	0
-10.2311	7.94872	0.329581	-10.2311	7.94872	0
-9.13954	7.92512	0.314993	-9.13954	7.92512	0
-8.10384	7.89644	0.309231	-8.10384	7.89644	0
-7.0628	7.89965	0.310453	-7.0628	7.89965	0
-6.03589	7.87188	0.317316	-6.03589	7.87188	0
-4.94127	7.86219	0.312555	-4.94127	7.86219	0
-3.95364	7.88106	0.317285	-3.95364	7.88106	0
-2.85493	7.91301	0.325617	-2.85493	7.91301	0
-1.85087	7.85505	0.316058	-1.85087	7.85505	0
-0.843415	7.95092	0.314918	-0.843415	7.95092	0
0.180521	8.97805	0.322555	0.180521	8.97805	0
1.13123	8.96343	0.316126	1.13123	8.96343	0
2.20421	8.97684	0.297099	2.20421	8.97684	0
3.24556	8.95006	0.309314	3.24556	8.95006	0
4.29516	8.9133	0.341512	4.29516	8.9133	0
5.3114	8.89099	0.300947	5.3114	8.89099	0
6.34959	8.89062	0.315191	6.34959	8.89062	0
7.37596	8.89771	0.304817	7.37596	8.89771	0
8.36312	8.88253	0.305739	8.36312	8.88253	0
9.42618	8.90541	0.29926	9.42618	8.90541	0
10.479	8.91883	0.327353	10.479	8.91883	0
11.5325	8.99146	0.309399	11.5325	8.99146	0
-11.2332	8.95966	0.282267	-11.2332	8.95966	0
-10.1981	8.99886	0.304152	-10.1981	8.99886	0
-9.18356	8.94006	0.319523	-9.18356	8.94006	0
-8.12375	8.89915	0.343059	-8.12375	8.89915	0
-7.09512	8.88461	0.285098	-7.09512	8.88461	0
-6.06521	8.91635	0.297597	-6.06521	8.91635	0
-5.02387	8.92428	0.314268	-5.02387	8.92428	0
-3.97549	8.89881	0.327416	-3.97549	8.89881	0
-2.92522	8.90691	0.329918	-2.92522	8.90691	0
-1.95933	8.97382	0.314799	-1.95933	8.97382	0
-0.857764	8.99596	0.311085	-0.857764	8.99596	0
0.101826	10.0227	0.32421	0.101826	10.0227	0
1.23493	10.0096	0.311803	1.23493	10.0096	0
2.23407	9.98378	0.322726	2.23407	9.98378	0
3.24593	9.97584	0.305127	3.24593	9.97584	0
4.25765	9.9603	0.328492	4.25765	9.9603	0
5.33897	9.94877	0.339976	5.33897	9.94877	0
6.35241	9.98479	0.313802	6.35241	9.98479	0
7.36804	9.90207	0.308036	7.36804	9.90207	0
8.41224	9.94382	0.326979	8.41224	9.94382	0
9.46071	9.91451	0.315179	9.46071	9.91451	0
10.4732	9.97425	0.308465	10.4732	9.97425	0
11.4806	10.0113	0.345994	11.4806	10.0113	0
-11.2403	10.0328	0.324114	-11.2403	10.0328	0
-10.1624	9.98565	0.320982	-10.1624	9.98565	0
-9.11808	9.9559	0.300253	-9.11808	9.9559	0
-8.08937	9.94433	0.310155	-8.08937	9.94433	0
-7.05986	9.86121	0.316276	-7.05986	9.86121	0
-6.03055	9.94864	0.30735	-6.03055	9.94864	0
-5.05055	9.93585	0.305613	-5.05055	9.93585	0
-3.95519	9.86238	0.291939	-3.95519	9.86238	0
-2.94996	9.94188	0.328756	-2.94996	9.94188	0
-1.99261	9.98545	0.329345	-1.99261	9.98545	0
-0.881472	9.98888	0.326701	-0.881472	9.98888	0
0.145779	10.9917	0.319374	0.145779	10.9917	0
1.10306	11.042	0.339731	1.10306	11.042	0
2.19743	11.0153	0.314654	2.19743	11.0153	0
3.2062	10.9619	0.303005	3.2062	10.9619	0
4.18899	11.037	0.29543	4.18899	11.037	0
5.21754	10.9761	0.319571	5.21754	10.9761	0
6.3171	10.9586	0.315115	6.3171	10.9586	0
7.34275	10.983	0.29859	7.34275	10.983	0
8.37075	10.9792	0.332338	8.37075	10.9792	0
9.39425	10.9362	0.324128	9.39425	10.9362	0
10.4835	11.0046	0.286013	10.4835	11.0046	0
11.5442	11.0108	0.31795	11.5442	11.0108	0
-11.2351	11.0293	0.310199	-11.2351	11.0293	0
-10.1778	10.9698	0.32082	-10.1778	10.9698	0
-9.12783	10.9739	0.308182	-9.12783	10.9739	0
-8.08382	10.9597	0.318661	-8.08382	10.9597	0
-7.07633	10.9684	0.315679	-7.07633	10.9684	0
-6.0462	11.0509	0.316748	-6.0462	11.0509	0
-5.008	10.9582	0.334122	-5.008	10.9582	0
-3.98748	10.9193	0.315689	-3.98748	10.9193	0
-2.94795	10.9851	0.305949	-2.94795	10.9851	0
-1.90832	10.9955	0.317097	-1.90832	10.9955	0
-0.815152	11.0226	0.32446	-0.815152	11.0226	0
0.157587	-11.7152	0.297642	0.157587	-11.7152	0
1.21124	-11.7019	0.317933	1.21124	-11.7019	0
2.20679	-11.7622	0.343697	2.20679	-11.7622	0
3.19955	-11.7519	0.334492	3.19955	-11.7519	0
4.27598	-11.7044	0.319316	4.27598	-11.7044	0
5.30185	-11.7229	0.352186	5.30185	-11.7229	0
6.3064	-11.7767	0.301422	6.3064	-11.7767	0
7.34013	-11.7309	0.326921	7.34013	-11.7309	0
8.34699	-11.7951	0.320534	8.34699	-11.7951	0
9.38774	-11.8027	0.357169	9.38774	-11.8027	0
10.458	-11.7853	0.307969	10.458	-11.7853	0
11.5397	-11.7288	0.33094	11.5397	-11.7288	0
-11.1988	-11.757	0.320231	-11.1988	-11.757	0
-10.1432	-11.7724	0.311215	-10.1432	-11.7724	0
-9.15179	-11.7874	0.356955	-9.15179	-11.7874	0
-8.12792	-11.8027	0.2978	-8.12792	-11.8027	0
-7.12644	-11.7614	0.313488	-7.12644	-11.7614	0
-6.10158	-11.7417	0.30778	-6.10158	-11.7417	0
-5.02449	-11.7584	0.321682	-5.02449	-11.7584	0
-3.99567	-11.7927	0.325787	-3.99567	-11.7927	0
-2.92999	-11.8171	0.324384	-2.92999	-11.8171	0
-1.88534	-11.7686	0.315663	-1.88534	-11.7686	0
-0.854038	-11.6883	0.314406	-0.854038	-11.6883	0
0.155977	-10.6814	0.33013	0.155977	-10.6814	0
1.21826	-10.685	0.31843	1.21826	-10.685	0
2.22356	-10.7461	0.337672	2.22356	-10.7461	0
3.20415	-10.7652	0.3221	3.20415	-10.7652	0
4.26148	-10.7052	0.335724	4.26148	-10.7052	0
5.31151	-10.6776	0.313122	5.31151	-10.6776	0
6.33308	-10.7334	0.276498	6.33308	-10.7334	0
7.3897	-10.674	0.33883	7.3897	-10.674	0
8.39815	-10.7179	0.30293	8.39815	-10.7179	0
9.412	-10.6597	0.282001	9.412	-10.6597	0
10.3946	-10.7497	0.309106	10.3946	-10.7497	0
11.4946	-10.7243	0.312864	11.4946	-10.7243	0
-11.2591	-10.7656	0.284353	-11.2591	-10.7656	0
-10.2434	-10.7235	0.344245	-10.2434	-10.7235	0
-9.20517	-10.7688	0.32723	-9.20517	-10.7688	0
-8.19676	-10.8014	0.30355	-8.19676	-10.8014	0
-7.03125	-10.7416	0.302468	-7.03125	-10.7416	0
-6.06565	-10.7112	0.335293	-6.06565	-10.7112	0
-5.02685	-10.7451	0.296414	-5.02685	-10.7451	0
-3.97907	-10.825	0.33137	-3.97907	-10.825	0
-2.96559	-10.7088	0.292013	-2.96559	-10.7088	0
-1.90888	-10.7202	0.332758	-1.90888	-10.7202	0
-0.845429	-10.6146	0.305939	-0.845429	-10.6146	0
0.241583	-9.58901	0.323085	0.241583	-9.58901	0
1.2607	-9.65234	0.333688	1.2607	-9.65234	0
2.2227	-9.6643	0.307136	2.2227	-9.6643	0
3.21579	-9.68935	0.320887	3.21579	-9.68935	0
4.29932	-9.65915	0.312166	4.29932	-9.65915	0
5.31995	-9.66801	0.309631	5.31995	-9.66801	0
6.33586	-9.65012	0.29557	6.33586	-9.65012	0
7.3226	-9.64797	0.280458	7.3226	-9.64797	0
8.38218	-9.70059	0.319603	8.38218	-9.70059	0
9.4483	-9.62774	0.292279	9.4483	-9.62774	0
10.4645	-9.68629	0.323037	10.4645	-9.68629	0
11.4773	-9.62782	0.332455	11.4773	-9.62782	0
-11.2599	-9.7196	0.300508	-11.2599	-9.7196	0
-10.2134	-9.66709	0.294691	-10.2134	-9.66709	0
-9.16852	-9.73852	0.270228	-9.16852	-9.73852	0
-8.18838	-9.67003	0.300985	-8.18838	-9.67003	0
-7.1115	-9.71525	0.311455	-7.1115	-9.71525	0
-6.04335	-9.6685	0.306022	-6.04335	-9.6685	0
-5.01525	-9.69979	0.315631	-5.01525	-9.69979	0
-3.9966	-9.73033	0.325074	-3.9966	-9.73033	0
-2.9858	-9.70652	0.305904	-2.9858	-9.70652	0
-1.98551	-9.59628	0.335038	-1.98551	-9.59628	0
-0.895572	-9.64668	0.311645	-0.895572	-9.64668	0
0.146048	-8.61995	0.351145	0.146048	-8.61995	0
1.17182	-8.57371	0.325263	1.17182	-8.57371	0
2.22734	-8.61159	0.289107	2.22734	-8.61159	0
3.24798	-8.66875	0.322397	3.24798	-8.66875	0
4.25202	-8.64501	0.320065	4.25202	-8.64501	0
5.2953	-8.65348	0.307218	5.2953	-8.65348	0
6.30081	-8.59144	0.325045	6.30081	-8.59144	0
7.36559	-8.65852	0.315176	7.36559	-8.65852	0
8.42061	-8.61814	0.297333	8.42061	-8.61814	0
9.43241	-8.61854	0.309603	9.43241	-8.61854	0
10.542	-8.65054	0.311348	10.542	-8.65054	0
11.5834	-8.63006	0.334346	11.5834	-8.63006	0
-11.1729	-8.63798	0.327314	-11.1729	-8.63798	0
-10.2152	-8.6435	0.315477	-10.2152	-8.6435	0
-9.19778	-8.67527	0.320855	-9.19778	-8.67527	0
-8.16262	-8.6059	0.330341	-8.16262	-8.6059	0
-7.06472	-8.62922	0.342191	-7.06472	-8.62922	0
-6.0659	-8.66478	0.308107	-6.0659	-8.66478	0
-4.97228	-8.67642	0.313393	-4.97228	-8.67642	0
-3.92439	-8.65201	0.341792	-3.92439	-8.65201	0
-2.91561	-8.63005	0.321257	-2.91561	-8.63005	0
-1.86992	-8.61788	0.316591	-1.86992	-8.61788	0
-0.900991	-8.60746	0.317991	-0.900991	-8.60746	0
0.0980319	-7.57577	0.327728	0.0980319	-7.57577	0
1.11449	-7.59261	0.311567	1.11449	-7.59261	0
2.1693	-7.54572	0.317145	2.1693	-7.54572	0
3.21246	-7.61377	0.317257	3.21246	-7.61377	0
4.28306	-7.58019	0.325879	4.28306	-7.58019	0
5.27512	-7.62866	0.331837	5.27512	-7.62866	0
6.4021	-7.58839	0.30529	6.4021	-7.58839	0
7.4283	-7.57002	0.329223	7.4283	-7.57002	0
8.48867	-7.57513	0.334875	8.48867	-7.57513	0
9.48184	-7.57425	0.333689	9.48184	-7.57425	0
10.5047	-7.63	0.274857	10.5047	-7.63	0
11.521	-7.57413	0.320777	11.521	-7.57413	0
-11.2675	-7.60387	0.340617	-11.2675	-7.60387	0
-10.1731	-7.55643	0.328964	-10.1731	-7.55643	0
-9.17761	-7.61402	0.304383	-9.17761	-7.61402	0
-8.12395	-7.58263	0.313881	-8.12395	-7.58263	0
-7.10371	-7.56082	0.314756	-7.10371	-7.56082	0
-6.06408	-7.58174	0.29776	-6.06408	-7.58174	0
-5.00974	-7.64716	0.324551	-5.00974	-7.64716	0
-3.93923	-7.58514	0.296803	-3.93923	-7.58514	0
-2.97873	-7.60022	0.327954	-2.97873	-7.60022	0
-1.96583	-7.56285	0.334595	-1.96583	-7.56285	0
-0.918921	-7.57904	0.348182	-0.918921	-7.57904	0
0.108795	-6.55208	0.316051	0.108795	-6.55208	0
1.12095	-6.54379	0.341161	1.12095	-6.54379	0
2.20401	-6.51838	0.330326	2.20401	-6.51838	0
3.2563	-6.55505	0.316134	3.2563	-6.55505	0
4.3216	-6.53245	0.315349	4.3216	-6.53245	0
5.30159	-6.55997	0.319843	5.30159	-6.55997	0
6.33944	-6.58362	0.330473	6.33944	-6.58362	0
7.32973	-6.58843	0.311535	7.32973	-6.58843	0
8.40734	-6.56121	0.305056	8.40734	-6.56121	0
9.43683	-6.55943	0.279082	9.43683	-6.55943	0
10.4831	-6.57385	0.326155	10.4831	-6.57385	0
11.5348	-6.51425	0.30743	11.5348	-6.51425	0
-11.2265	-6.56921	0.326381	-11.2265	-6.56921	0
-10.2254	-6.55474	0.300193	-10.2254	-6.55474	0
-9.15449	-6.60889	0.309299	-9.15449	-6.60889	0
-8.12503	-6.59308	0.313473	-8.12503	-6.59308	0
-7.04041	-6.49588	0.293203	-7.04041	-6.49588	0
-6.0084	-6.60212	0.309331	-6.0084	-6.60212	0
-5.00675	-6.60898	0.314273	-5.00675	-6.60898	0
-4.03688	-6.56449	0.328196	-4.03688	-6.56449	0
-2.92263	-6.49944	0.329085	-2.92263	-6.49944	0
-1.90334	-6.55433	0.311031	-1.90334	-6.55433	0
-0.848678	-6.52818	0.321104	-0.848678	-6.52818	0
0.13058	-5.53584	0.31897	0.13058	-5.53584	0
1.1902	-5.55133	0.306939	1.1902	-5.55133	0
2.25392	-5.51866	0.327327	2.25392	-5.51866	0
3.2621	-5.52315	0.353858	3.2621	-5.52315	0
4.30713	-5.51469	0.316177	4.30713	-5.51469	0
5.363	-5.5593	0.289062	5.363	-5.5593	0
6.3811	-5.55427	0.307091	6.3811	-5.55427	0
7.39774	-5.53442	0.330504	7.39774	-5.53442	0
8.42341	-5.56619	0.332069	8.42341	-5.56619	0
9.45804	-5.52931	0.325696	9.45804	-5.52931	0
10.5047	-5.52066	0.310333	10.5047	-5.52066	0
11.4855	-5.51559	0.307266	11.4855	-5.51559	0
-11.2295	-5.52316	0.321786	-11.2295	-5.52316	0
-10.1098	-5.54674	0.32648	-10.1098	-5.54674	0
-9.11926	-5.56937	0.302975	-9.11926	-5.56937	0
-8.12977	-5.5884	0.323336	-8.12977	-5.5884	0
-7.08711	-5.50721	0.32865	-7.08711	-5.50721	0
-6.05075	-5.52042	0.294473	-6.05075	-5.52042	0
-5.04889	-5.61076	0.313926	-5.04889	-5.61076	0
-4.05165	-5.52734	0.313193	-4.05165	-5.52734	0
-3.02661	-5.4859	0.326186	-3.02661	-5.4859	0
-1.85626	-5.53895	0.305573	-1.85626	-5.53895	0
-0.875448	-5.53248	0.316965	-0.875448	-5.53248	0
0.129272	-4.4763	0.310925	0.129272	-4.4763	0
1.18784	-4.46362	0.326398	1.18784	-4.46362	0
2.18225	-4.50574	0.321709	2.18225	-4.50574	0
3.21316	-4.51623	0.327275	3.21316	-4.51623	0
4.25601	-4.51837	0.293281	4.25601	-4.51837	0
5.23505	-4.51747	0.332826	5.23505	-4.51747	0
6.30773	-4.52798	0.30193	6.30773	-4.52798	0
7.32179	-4.5338	0.309242	7.32179	-4.5338	0
8.42446	-4.53705	0.315755	8.42446	-4.53705	0
9.46499	-4.54163	0.314886	9.46499	-4.54163	0
10.4658	-4.52669	0.284546	10.4658	-4.52669	0
11.5528	-4.54204	0.308569	11.5528	-4.54204	0
-11.1808	-4.5113	0.329307	-11.1808	-4.5113	0
-10.1156	-4.53284	0.293694	-10.1156	-4.53284	0
-9.14083	-4.52661	0.324196	-9.14083	-4.52661	0
-8.11089	-4.5281	0.318368	-8.11089	-4.5281	0
-7.10945	-4.49558	0.317397	-7.10945	-4.49558	0
-6.00252	-4.51709	0.321053	-6.00252	-4.51709	0
-4.99257	-4.54514	0.335732	-4.99257	-4.54514	0
-3.96319	-4.4113	0.333265	-3.96319	-4.4113	0
-2.94961	-4.4745	0.301563	-2.94961	-4.4745	0
-1.95477	-4.50086	0.331604	-1.95477	-4.50086	0
-0.953783	-4.51345	0.314794	-0.953783	-4.51345	0
0.117315	-3.49311	0.31331	0.117315	-3.49311	0
1.19641	-3.47868	0.327823	1.19641	-3.47868	0
2.21103	-3.48651	0.330632	2.21103	-3.48651	0
3.2558	-3.42195	0.291278	3.2558	-3.42195	0
4.25165	-3.48352	0.327672	4.25165	-3.48352	0
5.3074	-3.4341	0.321628	5.3074	-3.4341	0
6.34957	-3.5186	0.34538	6.34957	-3.5186	0
7.3782	-3.50612	0.313901	7.3782	-3.50612	0
8.4787	-3.44629	0.326721	8.4787	-3.44629	0
9.51231	-3.46326	0.339447	9.51231	-3.46326	0
10.5491	-3.47318	0.28561	10.5491	-3.47318	0
11.5594	-3.48181	0.301764	11.5594	-3.48181	0
-11.2024	-3.47113	0.305079	-11.2024	-3.47113	0
-10.1786	-3.4677	0.293278	-10.1786	-3.4677	0
-9.10546	-3.46488	0.304182	-9.10546	-3.46488	0
-8.10913	-3.45462	0.293975	-8.10913	-3.45462	0
-7.08002	-3.48709	0.313344	-7.08002	-3.48709	0
-6.0244	-3.46738	0.32139	-6.0244	-3.46738	0
-4.99048	-3.50621	0.31953	-4.99048	-3.50621	0
-3.99023	-3.46727	0.276536	-3.99023	-3.46727	0
-2.98622	-3.42406	0.347347	-2.98622	-3.42406	0
-1.95133	-3.40879	0.311475	-1.95133	-3.40879	0
-0.912965	-3.42982	0.3019	-0.912965	-3.42982	0
0.136719	-2.45651	0.299226	0.136719	-2.45651	0
1.18376	-2.44102	0.31878	1.18376	-2.44102	0
2.22955	-2.40343	0.332324	2.22955	-2.40343	0
3.27187	-2.47733	0.302883	3.27187	-2.47733	0
4.31846	-2.42414	0.324748	4.31846	-2.42414	0
5.3336	-2.42482	0.299201	5.3336	-2.42482	0
6.36464	-2.42877	0.300534	6.36464	-2.42877	0
7.39929	-2.43039	0.327795	7.39929	-2.43039	0
8.42335	-2.41741	0.31352	8.42335	-2.41741	0
9.43159	-2.40882	0.299609	9.43159	-2.40882	0
10.4962	-2.42412	0.304478	10.4962	-2.42412	0
11.5568	-2.43445	0.313562	11.5568	-2.43445	0
-11.1986	-2.36441	0.27762	-11.1986	-2.36441	0
-10.1947	-2.48052	0.301384	-10.1947	-2.48052	0
-9.18727	-2.44384	0.315952	-9.18727	-2.44384	0
-8.07273	-2.39972	0.280492	-8.07273	-2.39972	0
-7.01314	-2.40872	0.289624	-7.01314	-2.40872	0
-6.00305	-2.41545	0.329503	-6.00305	-2.41545	0
-4.98831	-2.4343	0.332369	-4.98831	-2.4343	0
-4.00185	-2.45327	0.301876	-4.00185	-2.45327	0
-2.98913	-2.37933	0.314868	-2.98913	-2.37933	0
-1.96392	-2.40586	0.304053	-1.96392	-2.40586	0
-0.916052	-2.43248	0.356593	-0.916052	-2.43248	0
0.115722	-1.43606	0.321019	0.115722	-1.43606	0
1.17032	-1.40196	0.357506	1.17032	-1.40196	0
2.20926	-1.38161	0.322492	2.20926	-1.38161	0
3.17267	-1.47511	0.331544	3.17267	-1.47511	0
4.26605	-1.4062	0.331899	4.26605	-1.4062	0
5.32469	-1.41771	0.32372	5.32469	-1.41771	0
6.31678	-1.41977	0.314824	6.31678	-1.41977	0
7.38789	-1.41844	0.305958	7.38789	-1.41844	0
8.39515	-1.33966	0.311671	8.39515	-1.33966	0
9.44545	-1.37415	0.317939	9.44545	-1.37415	0
10.4856	-1.36343	0.330773	10.4856	-1.36343	0
11.5365	-1.40191	0.351357	11.5365	-1.40191	0
-11.2247	-1.38532	0.309648	-11.2247	-1.38532	0
-10.2055	-1.40165	0.317674	-10.2055	-1.40165	0
-9.19668	-1.36768	0.319034	-9.19668	-1.36768	0
-8.09697	-1.36653	0.341019	-8.09697	-1.36653	0
-7.06021	-1.41932	0.293094	-7.06021	-1.41932	0
-6.07924	-1.40003	0.31868	-6.07924	-1.40003	0
-5.03886	-1.4115	0.334168	-5.03886	-1.4115	0
-3.9695	-1.38185	0.318063	-3.9695	-1.38185	0
-2.99111	-1.38855	0.300113	-2.99111	-1.38855	0
-1.94401	-1.36414	0.313991	-1.94401	-1.36414	0
-0.88614	-1.37302	0.333989	-0.88614	-1.37302	0
0.0998311	-0.416327	0.310883	0.0998311	-0.416327	0
1.07888	-0.425302	0.319894	1.07888	-0.425302	0
2.15354	-0.370959	0.283188	2.15354	-0.370959	0
3.17366	-0.379396	0.320992	3.17366	-0.379396	0
4.21507	-0.360039	0.331759	4.21507	-0.360039	0
5.26537	-0.341548	0.341276	5.26537	-0.341548	0
6.33224	-0.382435	0.325986	6.33224	-0.382435	0
7.33125	-0.349619	0.310281	7.33125	-0.349619	0
8.3737	-0.305893	0.328188	8.3737	-0.305893	0
9.46211	-0.345126	0.2952	9.46211	-0.345126	0
10.4508	-0.36825	0.322074	10.4508	-0.36825	0
11.5238	-0.373466	0.315366	11.5238	-0.373466	0
-11.2236	-0.332234	0.318619	-11.2236	-0.332234	0
-10.1949	-0.321287	0.327979	-10.1949	-0.321287	0
-9.20472	-0.334336	0.334523	-9.20472	-0.334336	0
-8.16657	-0.346046	0.337952	-8.16657	-0.346046	0
-7.141	-0.38268	0.314469	-7.141	-0.38268	0
-6.07253	-0.357688	0.336746	-6.07253	-0.357688	0
-5.07985	-0.351319	0.342288	-5.07985	-0.351319	0
-4.07112	-0.296861	0.306421	-4.07112	-0.296861	0
-2.97646	-0.363927	0.301888	-2.97646	-0.363927	0
-1.93175	-0.36838	0.290631	-1.93175	-0.36838	0
-0.878955	-0.347337	0.341583	-0.878955	-0.347337	0
