-0.4608	-0.113921	-0.325794	-0.4608	-0.113921	0
0.582634	-0.137799	-0.332815	0.582634	-0.137799	0
1.60794	-0.0497373	-0.3384	1.60794	-0.0497373	0
2.59914	-0.0706376	-0.308993	2.59914	-0.0706376	0
3.64045	-0.0608067	-0.30799	3.64045	-0.0608067	0
4.64759	-0.068931	-0.305155	4.64759	-0.068931	0
5.67829	-0.0394391	-0.331364	5.67829	-0.0394391	0
6.71658	-0.147505	-0.301991	6.71658	-0.147505	0
7.75782	-0.142108	-0.325888	7.75782	-0.142108	0
8.78017	-0.0643883	-0.329219	8.78017	-0.0643883	0
9.87069	-0.017482	-0.311613	9.87069	-0.017482	0
10.8723	-0.110228	-0.297225	10.8723	-0.110228	0
-11.841	-0.0807953	-0.295281	-11.841	-0.0807953	0
-10.7704	-0.088434	-0.341475	-10.7704	-0.088434	0
-9.75006	-0.0750445	-0.339932	-9.75006	-0.0750445	0
-8.68643	-0.0844088	-0.298275	-8.68643	-0.0844088	0
-7.62715	-0.0670207	-0.318256	-7.62715	-0.0670207	0
-6.67184	-0.142251	-0.289198	-6.67184	-0.142251	0
-5.68048	-0.123193	-0.307473	-5.68048	-0.123193	0
-4.59316	-0.117199	-0.309273	-4.59316	-0.117199	0
-3.56706	-0.0766241	-0.313511	-3.56706	-0.0766241	0
-2.55464	-0.139657	-0.307501	-2.55464	-0.139657	0
-1.48882	-0.159278	-0.305228	-1.48882	-0.159278	0
-0.467574	0.901105	-0.320511	-0.467574	0.901105	0
0.574988	0.928764	-0.320006	0.574988	0.928764	0
1.61382	0.93964	-0.314354	1.61382	0.93964	0
2.67628	0.946846	-0.345839	2.67628	0.946846	0
3.68294	1.00069	-0.32905	3.68294	1.00069	0
4.66272	1.01782	-0.320072	4.66272	1.01782	0
5.70653	0.973677	-0.323022	5.70653	0.973677	0
6.70909	0.885691	-0.336272	6.70909	0.885691	0
7.71584	0.943879	-0.309234	7.71584	0.943879	0
8.783	0.928623	-0.304587	8.783	0.928623	0
9.80886	0.983932	-0.330668	9.80886	0.983932	0
10.8276	0.957859	-0.335202	10.8276	0.957859	0
-11.8854	0.954254	-0.329241	-11.8854	0.954254	0
-10.7868	0.981587	-0.312124	-10.7868	0.981587	0
-9.76187	0.965412	-0.315667	-9.76187	0.965412	0
-8.74298	0.920893	-0.306867	-8.74298	0.920893	0
-7.64637	0.936414	-0.306443	-7.64637	0.936414	0
-6.6333	0.909954	-0.335989	-6.6333	0.909954	0
-5.62238	0.884167	-0.328837	-5.62238	0.884167	0
-4.56178	0.931002	-0.34285	-4.56178	0.931002	0
-3.59809	0.964796	-0.284981	-3.59809	0.964796	0
-2.4875	0.924621	-0.333126	-2.4875	0.924621	0
-1.4812	0.907672	-0.31806	-1.4812	0.907672	0
-0.445248	2.00174	-0.335893	-0.445248	2.00174	0
0.559532	1.93724	-0.327573	0.559532	1.93724	0
1.64144	1.92275	-0.302709	1.64144	1.92275	0
2.67138	2.06172	-0.324764	2.67138	2.06172	0
3.63747	1.98137	-0.330866	3.63747	1.98137	0
4.64706	2.05355	-0.315829	4.64706	2.05355	0
5.68677	1.94009	-0.30718	5.68677	1.94009	0
6.73156	1.92352	-0.335782	6.73156	1.92352	0
7.73824	1.98004	-0.318236	7.73824	1.98004	0
8.81297	1.94791	-0.318593	8.81297	1.94791	0
9.84156	2.03571	-0.307223	9.84156	2.03571	0
10.9213	1.99339	-0.309557	10.9213	1.99339	0
-11.8717	1.94717	-0.307158	-11.8717	1.94717	0
-10.8704	1.9777	-0.335023	-10.8704	1.9777	0
-9.80641	1.91293	-0.326481	-9.80641	1.91293	0
-8.7344	1.94051	-0.30302	-8.7344	1.94051	0
-7.68588	1.9407	-0.308105	-7.68588	1.9407	0
-6.62025	1.96691	-0.304321	-6.62025	1.96691	0
-5.6487	1.93617	-0.310482	-5.6487	1.93617	0
-4.59437	1.96621	-0.308317	-4.59437	1.96621	0
-3.58644	2.00321	-0.315914	-3.58644	2.00321	0
-2.52322	1.95556	-0.335674	-2.52322	1.95556	0
-1.50152	1.91734	-0.286757	-1.50152	1.91734	0
-0.463019	3.01242	-0.303891	-0.463019	3.01242	0
0.5599	2.98357	-0.302895	0.5599	2.98357	0
1.56201	3.0225	-0.302278	1.56201	3.0225	0
2.58029	3.02161	-0.335442	2.58029	3.02161	0
3.67551	3.03281	-0.304866	3.67551	3.03281	0
4.72858	3.10903	-0.328134	4.72858	3.10903	0
5.72265	3.02707	-0.313107	5.72265	3.02707	0
6.71488	3.0348	-0.345418	6.71488	3.0348	0
7.75944	3.01553	-0.330765	7.75944	3.01553	0
8.80016	3.02768	-0.302065	8.80016	3.02768	0
9.81078	3.04275	-0.331579	9.81078	3.04275	0
10.8727	2.98262	-0.311641	10.8727	2.98262	0
11.8609	2.93558	-0.307208	11.8609	2.93558	0
-10.8681	2.97938	-0.328174	-10.8681	2.97938	0
-9.85038	2.97438	-0.346435	-9.85038	2.97438	0
-8.79809	2.93639	-0.308114	-8.79809	2.93639	0
-7.71443	2.96913	-0.332449	-7.71443	2.96913	0
-6.58776	2.9624	-0.34327	-6.58776	2.9624	0
-5.6162	2.98713	-0.32498	-5.6162	2.98713	0
-4.58813	3.02066	-0.304495	-4.58813	3.02066	0
-3.56013	3.01955	-0.322748	-3.56013	3.01955	0
-2.47983	2.95773	-0.342656	-2.47983	2.95773	0
-1.5022	2.89449	-0.316121	-1.5022	2.89449	0
-0.468587	3.95944	-0.339615	-0.468587	3.95944	0
0.560606	3.96799	-0.315614	0.560606	3.96799	0
1.55073	4.07311	-0.311211	1.55073	4.07311	0
2.56167	4.09522	-0.323612	2.56167	4.09522	0
3.5871	4.07818	-0.303808	3.5871	4.07818	0
4.66355	4.07655	-0.338855	4.66355	4.07655	0
5.71965	4.03668	-0.301506	5.71965	4.03668	0
6.73421	4.05816	-0.283557	6.73421	4.05816	0
7.7288	3.99027	-0.30857	7.7288	3.99027	0
8.76514	4.07354	-0.293201	8.76514	4.07354	0
9.84798	4.00988	-0.34474	9.84798	4.00988	0
10.8888	4.03073	-0.304872	10.8888	4.03073	0
-11.8335	3.98364	-0.321037	-11.8335	3.98364	0
-10.7874	3.99799	-0.321366	-10.7874	3.99799	0
-9.78111	4.03438	-0.335039	-9.78111	4.03438	0
-8.72019	4.01355	-0.333527	-8.72019	4.01355	0
-7.71588	4.04517	-0.301485	-7.71588	4.04517	0
-6.63805	3.97104	-0.320416	-6.63805	3.97104	0
-5.58114	4.03085	-0.303205	-5.58114	4.03085	0
-4.5658	4.04991	-0.304281	-4.5658	4.04991	0
-3.50653	4.02836	-0.316675	-3.50653	4.02836	0
-2.52328	4.00803	-0.324168	-2.52328	4.00803	0
-1.47597	4.00003	-0.331566	-1.47597	4.00003	0
-0.449777	5.07783	-0.333793	-0.449777	5.07783	0
0.578329	5.01082	-0.306727	0.578329	5.01082	0
1.57989	5.05742	-0.316505	1.57989	5.05742	0
2.6301	5.15041	-0.306811	2.6301	5.15041	0
3.61509	5.17336	-0.345617	3.61509	5.17336	0
4.7001	5.14956	-0.325275	4.7001	5.14956	0
5.71326	5.13376	-0.312179	5.71326	5.13376	0
6.67493	5.03078	-0.304788	6.67493	5.03078	0
7.73351	5.04225	-0.34088	7.73351	5.04225	0
8.76823	5.09608	-0.329239	8.76823	5.09608	0
9.88222	5.04699	-0.345066	9.88222	5.04699	0
10.945	5.00078	-0.307731	10.945	5.00078	0
-11.8283	5.0415	-0.322601	-11.8283	5.0415	0
-10.8062	5.00831	-0.314691	-10.8062	5.00831	0
-9.71733	5.04076	-0.30247	-9.71733	5.04076	0
-8.68362	5.07692	-0.334984	-8.68362	5.07692	0
-7.6646	5.08382	-0.31281	-7.6646	5.08382	0
-6.68334	5.00603	-0.327124	-6.68334	5.00603	0
-5.64841	5.05779	-0.323073	-5.64841	5.05779	0
-4.5902	5.06424	-0.313975	-4.5902	5.06424	0
-3.56245	5.05523	-0.323362	-3.56245	5.05523	0
-2.54928	5.08977	-0.328543	-2.54928	5.08977	0
-1.47333	5.03884	-0.319398	-1.47333	5.03884	0
-0.441581	6.08809	-0.309633	-0.441581	6.08809	0
0.490254	6.11019	-0.330505	0.490254	6.11019	0
1.63403	6.1366	-0.34311	1.63403	6.1366	0
2.64084	6.17424	-0.317232	2.64084	6.17424	0
3.68143	6.22204	-0.3015	3.68143	6.22204	0
4.69308	6.16498	-0.336308	4.69308	6.16498	0
5.72366	6.16309	-0.341307	5.72366	6.16309	0
6.78764	6.12259	-0.309236	6.78764	6.12259	0
7.76598	6.13885	-0.326251	7.76598	6.13885	0
8.83443	6.11411	-0.322804	8.83443	6.11411	0
9.85767	6.08898	-0.311349	9.85767	6.08898	0
10.9097	6.08265	-0.317508	10.9097	6.08265	0
-11.8502	6.05848	-0.321927	-11.8502	6.05848	0
-10.8123	6.05842	-0.304125	-10.8123	6.05842	0
-9.80639	6.08573	-0.308032	-9.80639	6.08573	0
-8.67757	6.10418	-0.323346	-8.67757	6.10418	0
-7.6729	6.11556	-0.306309	-7.6729	6.11556	0
-6.61892	6.06421	-0.311729	-6.61892	6.06421	0
-5.6094	6.06693	-0.289009	-5.6094	6.06693	0
-4.59766	6.11079	-0.303772	-4.59766	6.11079	0
-3.52185	6.10121	-0.345685	-3.52185	6.10121	0
-2.50736	6.1503	-0.335258	-2.50736	6.1503	0
-1.46501	6.09207	-0.310368	-1.46501	6.09207	0
-0.42276	7.14531	-0.300154	-0.42276	7.14531	0
0.559556	7.10229	-0.304295	0.559556	7.10229	0
1.66126	7.1425	-0.323859	1.66126	7.1425	0
2.65011	7.22696	-0.291735	2.65011	7.22696	0
3.69816	7.23933	-0.319817	3.69816	7.23933	0
4.71144	7.18033	-0.315269	4.71144	7.18033	0
5.76793	7.18085	-0.299453	5.76793	7.18085	0
6.78939	7.17306	-0.318692	6.78939	7.17306	0
7.75965	7.08637	-0.312518	7.75965	7.08637	0
8.85838	7.10719	-0.332407	8.85838	7.10719	0
9.88737	7.12104	-0.329268	9.88737	7.12104	0
10.9635	7.14518	-0.308042	10.9635	7.14518	0
-11.8228	7.11942	-0.319976	-11.8228	7.11942	0
-10.7803	7.05938	-0.326362	-10.7803	7.05938	0
-9.76827	7.07048	-0.289412	-9.76827	7.07048	0
-8.70617	7.12679	-0.303431	-8.70617	7.12679	0
-7.68395	7.14662	-0.312279	-7.68395	7.14662	0
-6.65259	7.09746	-0.324229	-6.65259	7.09746	0
-5.63552	7.11537	-0.327822	-5.63552	7.11537	0
-4.58198	7.16305	-0.304321	-4.58198	7.16305	0
-3.48416	7.13912	-0.312012	-3.48416	7.13912	0
-2.45935	7.1471	-0.313094	-2.45935	7.1471	0
-1.46101	7.12672	-0.320706	-1.46101	7.12672	0
-0.467867	8.2498	-0.302265	-0.467867	8.2498	0
0.546211	8.22493	-0.313899	0.546211	8.22493	0
1.58683	8.19571	-0.338825	1.58683	8.19571	0
2.687	8.26424	-0.289318	2.687	8.26424	0
3.74059	8.23765	-0.333514	3.74059	8.23765	0
4.77181	8.24961	-0.341974	4.77181	8.24961	0
5.77428	8.21217	-0.334021	5.77428	8.21217	0
6.74002	8.18971	-0.309457	6.74002	8.18971	0
7.79414	8.16185	-0.30367	7.79414	8.16185	0
8.81632	8.18352	-0.302316	8.81632	8.18352	0
9.8287	8.12571	-0.298899	9.8287	8.12571	0
10.9463	8.1867	-0.331932	10.9463	8.1867	0
-11.8402	8.12609	-0.307023	-11.8402	8.12609	0
-10.7806	8.10861	-0.312269	-10.7806	8.10861	0
-9.76716	8.10583	-0.324994	-9.76716	8.10583	0
-8.72374	8.13118	-0.326026	-8.72374	8.13118	0
-7.70693	8.19391	-0.343122	-7.70693	8.19391	0
-6.57137	8.16539	-0.345754	-6.57137	8.16539	0
-5.59229	8.18666	-0.327606	-5.59229	8.18666	0
-4.56962	8.16276	-0.33818	-4.56962	8.16276	0
-3.53715	8.20967	-0.32094	-3.53715	8.20967	0
-2.49915	8.22342	-0.298966	-2.49915	8.22342	0
-1.43601	8.18203	-0.306593	-1.43601	8.18203	0
-0.443215	9.31121	-0.29528	-0.443215	9.31121	0
0.542122	9.24718	-0.321771	0.542122	9.24718	0
1.59424	9.19656	-0.285834	1.59424	9.19656	0
2.67483	9.28691	-0.327953	2.67483	9.28691	0
3.7162	9.27027	-0.321331	3.7162	9.27027	0
4.78171	9.27804	-0.317464	4.78171	9.27804	0
5.82589	9.29919	-0.314187	5.82589	9.29919	0
6.81884	9.24106	-0.287315	6.81884	9.24106	0
7.80452	9.2305	-0.315513	7.80452	9.2305	0
8.81671	9.19429	-0.330018	8.81671	9.19429	0
9.8604	9.19249	-0.316578	9.8604	9.19249	0
10.938	9.15901	-0.319378	10.938	9.15901	0
-11.8141	9.13059	-0.311446	-11.8141	9.13059	0
-10.8139	9.16165	-0.315814	-10.8139	9.16165	0
-9.70712	9.18054	-0.30205	-9.70712	9.18054	0
-8.66532	9.11977	-0.321548	-8.66532	9.11977	0
-7.67298	9.23632	-0.326096	-7.67298	9.23632	0
-6.62066	9.1862	-0.342564	-6.62066	9.1862	0
-5.59667	9.18965	-0.290693	-5.59667	9.18965	0
-4.55787	9.1902	-0.338645	-4.55787	9.1902	0
-3.56888	9.23495	-0.323195	-3.56888	9.23495	0
-2.58492	9.24602	-0.3206	-2.58492	9.24602	0
-1.49101	9.24752	-0.322763	-1.49101	9.24752	0
-0.485639	10.3363	-0.295414	-0.485639	10.3363	0
0.576355	10.2932	-0.329481	0.576355	10.2932	0
1.64602	10.2428	-0.307565	1.64602	10.2428	0
2.67098	10.2566	-0.303732	2.67098	10.2566	0
3.74267	10.2699	-0.311159	3.74267	10.2699	0
4.80414	10.2579	-0.333339	4.80414	10.2579	0
5.76798	10.3202	-0.305894	5.76798	10.3202	0
6.86702	10.2852	-0.299586	6.86702	10.2852	0
7.85837	10.2177	-0.342966	7.85837	10.2177	0
8.88384	10.2399	-0.336224	8.88384	10.2399	0
9.96223	10.1896	-0.304393	9.96223	10.1896	0
10.9626	10.1813	-0.304565	10.9626	10.1813	0
-11.7756	10.1593	-0.330877	-11.7756	10.1593	0
-10.7693	10.2042	-0.303669	-10.7693	10.2042	0
-9.70897	10.1694	-0.294274	-9.70897	10.1694	0
-8.68787	10.243	-0.312977	-8.68787	10.243	0
-7.63613	10.1879	-0.330763	-7.63613	10.1879	0
-6.56711	10.2147	-0.342602	-6.56711	10.2147	0
-5.58611	10.228	-0.311077	-5.58611	10.228	0
-4.54455	10.2003	-0.322595	-4.54455	10.2003	0
-3.55162	10.2745	-0.308404	-3.55162	10.2745	0
-2.54633	10.285	-0.320193	-2.54633	10.285	0
-1.55744	10.255	-0.323083	-1.55744	10.255	0
-0.459208	11.32	-0.326293	-0.459208	11.32	0
0.624712	11.3431	-0.32035	0.624712	11.3431	0
1.61391	11.3705	-0.333897	1.61391	11.3705	0
2.67151	11.3169	-0.31046	2.67151	11.3169	0
3.70429	11.2677	-0.330047	3.70429	11.2677	0
4.75748	11.3232	-0.326839	4.75748	11.3232	0
5.77759	11.2943	-0.316293	5.77759	11.2943	0
6.80577	11.2807	-0.302065	6.80577	11.2807	0
7.87937	11.2796	-0.30624	7.87937	11.2796	0
8.87211	11.2721	-0.327763	8.87211	11.2721	0
9.91445	11.2971	-0.321843	9.91445	11.2971	0
10.9309	11.1813	-0.353944	10.9309	11.1813	0
-11.8022	11.2072	-0.334444	-11.8022	11.2072	0
-10.7664	11.2357	-0.304627	-10.7664	11.2357	0
-9.72838	11.1967	-0.329233	-9.72838	11.1967	0
-8.68022	11.2364	-0.309082	-8.68022	11.2364	0
-7.66662	11.1901	-0.293726	-7.66662	11.1901	0
-6.61311	11.2113	-0.312408	-6.61311	11.2113	0
-5.56953	11.2453	-0.33803	-5.56953	11.2453	0
-4.56791	11.3104	-0.316683	-4.56791	11.3104	0
-3.55747	11.3068	-0.314382	-3.55747	11.3068	0
-2.51612	11.3471	-0.30169	-2.51612	11.3471	0
-1.48331	11.2794	-0.321772	-1.48331	11.2794	0
-0.429289	-11.4486	-0.326898	-0.429289	-11.4486	0
0.648243	-11.4498	-0.29696	0.648243	-11.4498	0
1.62769	-11.4038	-0.274963	1.62769	-11.4038	0
2.6797	-11.432	-0.333253	2.6797	-11.432	0
3.74595	-11.4639	-0.313063	3.74595	-11.4639	0
4.78041	-11.4294	-0.293936	4.78041	-11.4294	0
5.79822	-11.4532	-0.293747	5.79822	-11.4532	0
6.84575	-11.4491	-0.330955	6.84575	-11.4491	0
7.86684	-11.4833	-0.348572	7.86684	-11.4833	0
8.86357	-11.5048	-0.33615	8.86357	-11.5048	0
9.87765	-11.4972	-0.327608	9.87765	-11.4972	0
10.9297	-11.5804	-0.323427	10.9297	-11.5804	0
-11.8203	-11.5965	-0.329434	-11.8203	-11.5965	0
-10.7707	-11.5098	-0.313266	-10.7707	-11.5098	0
-9.70084	-11.4865	-0.333654	-9.70084	-11.4865	0
-8.66779	-11.5422	-0.310321	-8.66779	-11.5422	0
-7.63055	-11.5408	-0.30848	-7.63055	-11.5408	0
-6.60879	-11.504	-0.338757	-6.60879	-11.504	0
-5.5963	-11.4621	-0.307895	-5.5963	-11.4621	0
-4.52029	-11.4095	-0.283599	-4.52029	-11.4095	0
-3.45677	-11.4122	-0.339863	-3.45677	-11.4122	0
-2.52102	-11.4304	-0.306936	-2.52102	-11.4304	0
-1.48827	-11.5123	-0.321291	-1.48827	-11.5123	0
-0.431757	-10.3938	-0.31289	-0.431757	-10.3938	0
0.587959	-10.4719	-0.317246	0.587959	-10.4719	0
1.66888	-10.3996	-0.295729	1.66888	-10.3996	0
2.70553	-10.4203	-0.316329	2.70553	-10.4203	0
3.71591	-10.3707	-0.322056	3.71591	-10.3707	0
4.73136	-10.3895	-0.308271	4.73136	-10.3895	0
5.77835	-10.3791	-0.299606	5.77835	-10.3791	0
6.7946	-10.4129	-0.316597	6.7946	-10.4129	0
7.8578	-10.4637	-0.33684	7.8578	-10.4637	0
8.88968	-10.4996	-0.283747	8.88968	-10.4996	0
9.90781	-10.4326	-0.340803	9.90781	-10.4326	0
10.9544	-10.5305	-0.309146	10.9544	-10.5305	0
-11.815	-10.5559	-0.329466	-11.815	-10.5559	0
-10.7103	-10.5141	-0.301383	-10.7103	-10.5141	0
-9.70527	-10.4729	-0.34258	-9.70527	-10.4729	0
-8.67701	-10.5402	-0.302797	-8.67701	-10.5402	0
-7.66226	-10.4468	-0.329231	-7.66226	-10.4468	0
-6.64277	-10.4312	-0.298984	-6.64277	-10.4312	0
-5.56494	-10.4297	-0.318499	-5.56494	-10.4297	0
-4.56267	-10.4193	-0.302174	-4.56267	-10.4193	0
-3.52625	-10.3781	-0.322744	-3.52625	-10.3781	0
-2.47827	-10.3811	-0.313537	-2.47827	-10.3811	0
-1.45992	-10.4262	-0.34134	-1.45992	-10.4262	0
-0.390397	-9.40434	-0.328545	-0.390397	-9.40434	0
0.650921	-9.34108	-0.317592	0.650921	-9.34108	0
1.71675	-9.39316	-0.291952	1.71675	-9.39316	0
2.72184	-9.30691	-0.315267	2.72184	-9.30691	0
3.7307	-9.31379	-0.326402	3.7307	-9.31379	0
4.81826	-9.38061	-0.334371	4.81826	-9.38061	0
5.8317	-9.37753	-0.312549	5.8317	-9.37753	0
6.8579	-9.47771	-0.344099	6.8579	-9.47771	0
7.84587	-9.44975	-0.323684	7.84587	-9.44975	0
8.8762	-9.45581	-0.328214	8.8762	-9.45581	0
9.86461	-9.37528	-0.297283	9.86461	-9.37528	0
10.934	-9.44895	-0.294796	10.934	-9.44895	0
-11.8327	-9.49797	-0.304995	-11.8327	-9.49797	0
-10.7026	-9.56029	-0.305145	-10.7026	-9.56029	0
-9.68746	-9.44822	-0.306104	-9.68746	-9.44822	0
-8.70705	-9.50641	-0.309664	-8.70705	-9.50641	0
-7.6764	-9.44354	-0.318539	-7.6764	-9.44354	0
-6.64171	-9.42695	-0.313309	-6.64171	-9.42695	0
-5.64361	-9.42952	-0.293968	-5.64361	-9.42952	0
-4.6414	-9.4327	-0.322589	-4.6414	-9.4327	0
-3.56708	-9.35062	-0.302445	-3.56708	-9.35062	0
-2.51718	-9.32644	-0.307999	-2.51718	-9.32644	0
-1.42167	-9.37037	-0.317277	-1.42167	-9.37037	0
-0.481459	-8.3107	-0.316716	-0.481459	-8.3107	0
0.550909	-8.30282	-0.296632	0.550909	-8.30282	0
1.59136	-8.37146	-0.31258	1.59136	-8.37146	0
2.67292	-8.2694	-0.333098	2.67292	-8.2694	0
3.7095	-8.3576	-0.303615	3.7095	-8.3576	0
4.74678	-8.38208	-0.32445	4.74678	-8.38208	0
5.79719	-8.31096	-0.345494	5.79719	-8.31096	0
6.79244	-8.38879	-0.295926	6.79244	-8.38879	0
7.8524	-8.41915	-0.314842	7.8524	-8.41915	0
8.86296	-8.3988	-0.326717	8.86296	-8.3988	0
9.91138	-8.39415	-0.304195	9.91138	-8.39415	0
10.9696	-8.43474	-0.320941	10.9696	-8.43474	0
-11.8181	-8.49043	-0.319155	-11.8181	-8.49043	0
-10.7496	-8.44757	-0.315648	-10.7496	-8.44757	0
-9.70614	-8.45043	-0.293181	-9.70614	-8.45043	0
-8.6961	-8.49076	-0.310732	-8.6961	-8.49076	0
-7.64139	-8.40851	-0.327824	-7.64139	-8.40851	0
-6.71383	-8.38253	-0.30691	-6.71383	-8.38253	0
-5.62804	-8.39476	-0.298293	-5.62804	-8.39476	0
-4.64307	-8.37716	-0.299233	-4.64307	-8.37716	0
-3.58847	-8.34787	-0.328289	-3.58847	-8.34787	0
-2.47964	-8.29144	-0.301466	-2.47964	-8.29144	0
-1.50431	-8.36058	-0.329473	-1.50431	-8.36058	0
-0.403981	-7.19662	-0.351605	-0.403981	-7.19662	0
0.64148	-7.29903	-0.319964	0.64148	-7.29903	0
1.6936	-7.35668	-0.343486	1.6936	-7.35668	0
2.62841	-7.2674	-0.321087	2.62841	-7.2674	0
3.68228	-7.31728	-0.327359	3.68228	-7.31728	0
4.76293	-7.29639	-0.30712	4.76293	-7.29639	0
5.78691	-7.28726	-0.307069	5.78691	-7.28726	0
6.81264	-7.32977	-0.313017	6.81264	-7.32977	0
7.83413	-7.40159	-0.323696	7.83413	-7.40159	0
8.82703	-7.39815	-0.335765	8.82703	-7.39815	0
9.88243	-7.34848	-0.299544	9.88243	-7.34848	0
10.8954	-7.35839	-0.333478	10.8954	-7.35839	0
-11.8827	-7.38316	-0.326746	-11.8827	-7.38316	0
-10.8437	-7.37792	-0.335481	-10.8437	-7.37792	0
-9.81883	-7.3658	-0.295663	-9.81883	-7.3658	0
-8.72901	-7.3369	-0.300638	-8.72901	-7.3369	0
-7.75443	-7.38147	-0.300994	-7.75443	-7.38147	0
-6.6946	-7.3496	-0.321013	-6.6946	-7.3496	0
-5.71705	-7.36101	-0.319981	-5.71705	-7.36101	0
-4.6216	-7.33503	-0.304662	-4.6216	-7.33503	0
-3.51284	-7.27429	-0.331327	-3.51284	-7.27429	0
-2.52142	-7.30681	-0.32114	-2.52142	-7.30681	0
-1.43357	-7.31504	-0.298304	-1.43357	-7.31504	0
-0.441785	-6.24147	-0.335202	-0.441785	-6.24147	0
0.5648	-6.27396	-0.311678	0.5648	-6.27396	0
1.56318	-6.29515	-0.319906	1.56318	-6.29515	0
2.61283	-6.26517	-0.281751	2.61283	-6.26517	0
3.66692	-6.30307	-0.305339	3.66692	-6.30307	0
4.74812	-6.28163	-0.301982	4.74812	-6.28163	0
5.76119	-6.25105	-0.299682	5.76119	-6.25105	0
6.76019	-6.31048	-0.329088	6.76019	-6.31048	0
7.86746	-6.28176	-0.303909	7.86746	-6.28176	0
8.87256	-6.32519	-0.31012	8.87256	-6.32519	0
9.8984	-6.26661	-0.327262	9.8984	-6.26661	0
10.9266	-6.28596	-0.292565	10.9266	-6.28596	0
-11.8923	-6.33241	-0.310489	-11.8923	-6.33241	0
-10.8523	-6.36541	-0.305953	-10.8523	-6.36541	0
-9.84327	-6.35484	-0.314581	-9.84327	-6.35484	0
-8.74486	-6.32855	-0.32499	-8.74486	-6.32855	0
-7.75987	-6.28576	-0.293401	-7.75987	-6.28576	0
-6.72427	-6.28357	-0.304882	-6.72427	-6.28357	0
-5.67039	-6.30743	-0.327558	-5.67039	-6.30743	0
-4.6368	-6.24838	-0.290288	-4.6368	-6.24838	0
-3.55322	-6.30643	-0.302448	-3.55322	-6.30643	0
-2.51602	-6.28077	-0.281638	-2.51602	-6.28077	0
-1.53077	-6.29433	-0.313508	-1.53077	-6.29433	0
-0.479793	-5.26089	-0.301208	-0.479793	-5.26089	0
0.574157	-5.29738	-0.307341	0.574157	-5.29738	0
1.59029	-5.29011	-0.33341	1.59029	-5.29011	0
2.62713	-5.23432	-0.309762	2.62713	-5.23432	0
3.67328	-5.25768	-0.305494	3.67328	-5.25768	0
4.72576	-5.2708	-0.308258	4.72576	-5.2708	0
5.78862	-5.22914	-0.329791	5.78862	-5.22914	0
6.80296	-5.28419	-0.310429	6.80296	-5.28419	0
7.89476	-5.27529	-0.341053	7.89476	-5.27529	0
8.92358	-5.28115	-0.312511	8.92358	-5.28115	0
9.93189	-5.26403	-0.312025	9.93189	-5.26403	0
10.952	-5.20819	-0.325659	10.952	-5.20819	0
-11.8319	-5.22024	-0.324128	-11.8319	-5.22024	0
-10.8296	-5.31592	-0.322594	-10.8296	-5.31592	0
-9.80392	-5.32467	-0.314374	-9.80392	-5.32467	0
-8.77562	-5.32828	-0.338735	-8.77562	-5.32828	0
-7.79702	-5.25128	-0.331291	-7.79702	-5.25128	0
-6.69525	-5.23307	-0.314319	-6.69525	-5.23307	0
-5.64487	-5.28229	-0.297349	-5.64487	-5.28229	0
-4.6436	-5.26485	-0.316894	-4.6436	-5.26485	0
-3.58766	-5.27846	-0.343964	-3.58766	-5.27846	0
-2.55614	-5.23185	-0.324138	-2.55614	-5.23185	0
-1.53153	-5.24949	-0.326346	-1.53153	-5.24949	0
-0.508761	-4.30863	-0.309789	-0.508761	-4.30863	0
0.572668	-4.28754	-0.326224	0.572668	-4.28754	0
1.59017	-4.17998	-0.33965	1.59017	-4.17998	0
2.60892	-4.25553	-0.329235	2.60892	-4.25553	0
3.62226	-4.19235	-0.313915	3.62226	-4.19235	0
4.72436	-4.24516	-0.332643	4.72436	-4.24516	0
5.75589	-4.22111	-0.330105	5.75589	-4.22111	0
6.76626	-4.23361	-0.327602	6.76626	-4.23361	0
7.85785	-4.29047	-0.299032	7.85785	-4.29047	0
8.85869	-4.23883	-0.282439	8.85869	-4.23883	0
9.86963	-4.26762	-0.304085	9.86963	-4.26762	0
10.8918	-4.22352	-0.318039	10.8918	-4.22352	0
-11.8726	-4.21616	-0.330084	-11.8726	-4.21616	0
-10.8782	-4.22215	-0.321747	-10.8782	-4.22215	0
-9.77711	-4.2986	-0.326411	-9.77711	-4.2986	0
-8.77402	-4.30731	-0.312522	-8.77402	-4.30731	0
-7.74382	-4.29194	-0.328398	-7.74382	-4.29194	0
-6.76196	-4.25395	-0.321572	-6.76196	-4.25395	0
-5.65603	-4.19895	-0.327005	-5.65603	-4.19895	0
-4.64774	-4.18405	-0.320406	-4.64774	-4.18405	0
-3.64162	-4.2085	-0.326635	-3.64162	-4.2085	0
-2.59819	-4.22863	-0.320276	-2.59819	-4.22863	0
-1.51484	-4.24116	-0.325441	-1.51484	-4.24116	0
-0.540895	-3.28203	-0.305497	-0.540895	-3.28203	0
0.510461	-3.17963	-0.304655	0.510461	-3.17963	0
1.56778	-3.18515	-0.335295	1.56778	-3.18515	0
2.64098	-3.25729	-0.31662	2.64098	-3.25729	0
3.63158	-3.22294	-0.305246	3.63158	-3.22294	0
4.73339	-3.15169	-0.303041	4.73339	-3.15169	0
5.74713	-3.19414	-0.316326	5.74713	-3.19414	0
6.80567	-3.25171	-0.345044	6.80567	-3.25171	0
7.87228	-3.25488	-0.316306	7.87228	-3.25488	0
8.88983	-3.24298	-0.29868	8.88983	-3.24298	0
9.85441	-3.22398	-0.334208	9.85441	-3.22398	0
10.9638	-3.10956	-0.336331	10.9638	-3.10956	0
-11.777	-3.20431	-0.331748	-11.777	-3.20431	0
-10.786	-3.21759	-0.326132	-10.786	-3.21759	0
-9.81673	-3.24564	-0.325242	-9.81673	-3.24564	0
-8.79	-3.234	-0.287723	-8.79	-3.234	0
-7.72098	-3.21997	-0.318831	-7.72098	-3.21997	0
-6.69285	-3.22221	-0.323903	-6.69285	-3.22221	0
-5.6229	-3.20967	-0.293845	-5.6229	-3.20967	0
-4.60146	-3.18138	-0.324134	-4.60146	-3.18138	0
-3.66655	-3.19822	-0.297455	-3.66655	-3.19822	0
-2.60935	-3.22444	-0.307341	-2.60935	-3.22444	0
-1.56525	-3.23122	-0.329546	-1.56525	-3.23122	0
-0.432312	-2.17618	-0.322481	-0.432312	-2.17618	0
0.588138	-2.18841	-0.309523	0.588138	-2.18841	0
1.64178	-2.17547	-0.334857	1.64178	-2.17547	0
2.65741	-2.20188	-0.310836	2.65741	-2.20188	0
3.66551	-2.17668	-0.32037	3.66551	-2.17668	0
4.71673	-2.14781	-0.339781	4.71673	-2.14781	0
5.79346	-2.11694	-0.308405	5.79346	-2.11694	0
6.84295	-2.22142	-0.332261	6.84295	-2.22142	0
7.82398	-2.15543	-0.308063	7.82398	-2.15543	0
8.85247	-2.14009	-0.312156	8.85247	-2.14009	0
9.88143	-2.10051	-0.297124	9.88143	-2.10051	0
10.9541	-2.14109	-0.291369	10.9541	-2.14109	0
-11.7648	-2.1617	-0.320347	-11.7648	-2.1617	0
-10.7562	-2.20592	-0.309795	-10.7562	-2.20592	0
-9.78172	-2.14977	-0.326988	-9.78172	-2.14977	0
-8.771	-2.19406	-0.305317	-8.771	-2.19406	0
-7.71503	-2.20514	-0.332102	-7.71503	-2.20514	0
-6.75236	-2.19432	-0.312416	-6.75236	-2.19432	0
-5.6602	-2.14652	-0.356345	-5.6602	-2.14652	0
-4.60702	-2.16295	-0.306306	-4.60702	-2.16295	0
-3.59763	-2.17605	-0.313983	-3.59763	-2.17605	0
-2.57046	-2.2033	-0.303099	-2.57046	-2.2033	0
-1.56155	-2.22624	-0.344789	-1.56155	-2.22624	0
-0.517794	-1.20953	-0.312372	-0.517794	-1.20953	0
0.585966	-1.14202	-0.31204	0.585966	-1.14202	0
1.60583	-1.11323	-0.301814	1.60583	-1.11323	0
2.59516	-1.22704	-0.311672	2.59516	-1.22704	0
3.65616	-1.12932	-0.327985	3.65616	-1.12932	0
4.69907	-1.03817	-0.292331	4.69907	-1.03817	0
5.69249	-1.07148	-0.322232	5.69249	-1.07148	0
6.73306	-1.1866	-0.301734	6.73306	-1.1866	0
7.81411	-1.13942	-0.329994	7.81411	-1.13942	0
8.80893	-1.05992	-0.340722	8.80893	-1.05992	0
9.85101	-1.07757	-0.319414	9.85101	-1.07757	0
10.9216	-1.1093	-0.289985	10.9216	-1.1093	0
-11.8702	-1.13032	-0.28176	-11.8702	-1.13032	0
-10.8039	-1.11051	-0.304325	-10.8039	-1.11051	0
-9.78121	-1.09872	-0.306167	-9.78121	-1.09872	0
-8.73416	-1.14935	-0.328329	-8.73416	-1.14935	0
-7.74549	-1.14092	-0.316131	-7.74549	-1.14092	0
-6.69549	-1.19213	-0.307567	-6.69549	-1.19213	0
-5.6581	-1.15106	-0.310209	-5.6581	-1.15106	0
-4.64665	-1.09853	-0.325749	-4.64665	-1.09853	0
-3.62492	-1.14823	-0.323325	-3.62492	-1.14823	0
-2.50772	-1.13227	-0.302946	-2.50772	-1.13227	0
-1.53781	-1.18213	-0.316737	-1.53781	-1.18213	0
0.0312188	0.410234	0.303321	0.0312188	0.410234	0
1.0976	0.418723	0.31664	1.0976	0.418723	0
2.0714	0.416364	0.321067	2.0714	0.416364	0
3.10587	0.428345	0.298458	3.10587	0.428345	0
4.1342	0.466939	0.300184	4.1342	0.466939	0
5.13693	0.503964	0.304659	5.13693	0.503964	0
6.19805	0.415579	0.311015	6.19805	0.415579	0
7.22102	0.383288	0.329751	7.22102	0.383288	0
8.24727	0.446567	0.329273	8.24727	0.446567	0
9.30113	0.417725	0.325199	9.30113	0.417725	0
10.3489	0.48191	0.322079	10.3489	0.48191	0
11.377	0.474756	0.337744	11.377	0.474756	0
-11.3517	0.467167	0.312728	-11.3517	0.467167	0
-10.2832	0.447496	0.302818	-10.2832	0.447496	0
-9.24378	0.377357	0.33279	-9.24378	0.377357	0
-8.19199	0.442249	0.341993	-8.19199	0.442249	0
-7.12431	0.444452	0.322337	-7.12431	0.444452	0
-6.12087	0.367559	0.324663	-6.12087	0.367559	0
-5.07679	0.400039	0.333146	-5.07679	0.400039	0
-4.07339	0.411426	0.3215	-4.07339	0.411426	0
-3.03779	0.469344	0.299008	-3.03779	0.469344	0
-1.97821	0.347675	0.349047	-1.97821	0.347675	0
-1.00762	0.366049	0.327121	-1.00762	0.366049	0
0.0433763	1.40879	0.321389	0.0433763	1.40879	0
1.06119	1.44308	0.317838	1.06119	1.44308	0
2.13031	1.47421	0.337829	2.13031	1.47421	0
3.14332	1.46244	0.323019	3.14332	1.46244	0
4.17436	1.55933	0.320806	4.17436	1.55933	0
5.14909	1.5038	0.308341	5.14909	1.5038	0
6.20685	1.45304	0.317009	6.20685	1.45304	0
7.24997	1.42419	0.322864	7.24997	1.42419	0
8.24513	1.47389	0.348467	8.24513	1.47389	0
9.29372	1.46089	0.314726	9.29372	1.46089	0
10.3495	1.50712	0.310673	10.3495	1.50712	0
11.3796	1.44945	0.285324	11.3796	1.44945	0
-11.3439	1.42909	0.313542	-11.3439	1.42909	0
-10.3272	1.45935	0.332722	-10.3272	1.45935	0
-9.25306	1.43496	0.350617	-9.25306	1.43496	0
-8.22829	1.41084	0.314582	-8.22829	1.41084	0
-7.13214	1.44738	0.317904	-7.13214	1.44738	0
-6.08428	1.43015	0.348764	-6.08428	1.43015	0
-5.09187	1.46427	0.322674	-5.09187	1.46427	0
-4.05581	1.51022	0.334385	-4.05581	1.51022	0
-3.02279	1.4752	0.321499	-3.02279	1.4752	0
-1.99955	1.43488	0.336983	-1.99955	1.43488	0
-0.91853	1.40543	0.301243	-0.91853	1.40543	0
0.0541502	2.48688	0.327828	0.0541502	2.48688	0
1.0958	2.46991	0.335614	1.0958	2.46991	0
2.14839	2.56982	0.325768	2.14839	2.56982	0
3.13122	2.51493	0.328547	3.13122	2.51493	0
4.22314	2.56489	0.305027	4.22314	2.56489	0
5.21575	2.59048	0.294686	5.21575	2.59048	0
6.20104	2.42853	0.289606	6.20104	2.42853	0
7.24232	2.47534	0.307312	7.24232	2.47534	0
8.24431	2.4861	0.296335	8.24431	2.4861	0
9.29567	2.51305	0.288945	9.29567	2.51305	0
10.333	2.51651	0.314022	10.333	2.51651	0
11.3288	2.4845	0.348129	11.3288	2.4845	0
-11.3904	2.50095	0.317077	-11.3904	2.50095	0
-10.3416	2.47598	0.29071	-10.3416	2.47598	0
-9.28905	2.45703	0.300211	-9.28905	2.45703	0
-8.1876	2.47498	0.305633	-8.1876	2.47498	0
-7.15914	2.52912	0.307788	-7.15914	2.52912	0
-6.1183	2.4829	0.309821	-6.1183	2.4829	0
-5.11214	2.49733	0.326158	-5.11214	2.49733	0
-4.04451	2.51629	0.317705	-4.04451	2.51629	0
-3.00278	2.50513	0.324221	-3.00278	2.50513	0
-2.02587	2.43597	0.315397	-2.02587	2.43597	0
-0.960796	2.43213	0.345731	-0.960796	2.43213	0
0.0656036	3.50262	0.358374	0.0656036	3.50262	0
1.12514	3.49406	0.328407	1.12514	3.49406	0
2.07671	3.54799	0.348311	2.07671	3.54799	0
3.07366	3.53615	0.315946	3.07366	3.53615	0
4.14641	3.55893	0.284884	4.14641	3.55893	0
5.18665	3.6173	0.329022	5.18665	3.6173	0
6.19522	3.4547	0.318276	6.19522	3.4547	0
7.21205	3.53568	0.340732	7.21205	3.53568	0
8.27463	3.50428	0.314218	8.27463	3.50428	0
9.27803	3.51717	0.32287	9.27803	3.51717	0
10.3329	3.53639	0.312126	10.3329	3.53639	0
11.3934	3.50939	0.299318	11.3934	3.50939	0
-11.3444	3.51846	0.331131	-11.3444	3.51846	0
-10.3058	3.4954	0.314278	-10.3058	3.4954	0
-9.2873	3.50758	0.303105	-9.2873	3.50758	0
-8.24438	3.52623	0.270368	-8.24438	3.52623	0
-7.23789	3.46687	0.290944	-7.23789	3.46687	0
-6.10995	3.49746	0.310828	-6.10995	3.49746	0
-5.10589	3.54434	0.348113	-5.10589	3.54434	0
-4.09246	3.52527	0.331252	-4.09246	3.52527	0
-2.98649	3.50006	0.34056	-2.98649	3.50006	0
-1.98965	3.48291	0.310063	-1.98965	3.48291	0
-0.976273	3.45152	0.304396	-0.976273	3.45152	0
0.0150227	4.51202	0.305281	0.0150227	4.51202	0
1.056	4.55862	0.34522	1.056	4.55862	0
2.09905	4.58699	0.324235	2.09905	4.58699	0
3.10527	4.58194	0.31904	3.10527	4.58194	0
4.13943	4.61243	0.266364	4.13943	4.61243	0
5.21457	4.5995	0.330909	5.21457	4.5995	0
6.20872	4.49573	0.320768	6.20872	4.49573	0
7.29454	4.56737	0.318448	7.29454	4.56737	0
8.27891	4.64784	0.329186	8.27891	4.64784	0
9.34364	4.54543	0.307956	9.34364	4.54543	0
10.3622	4.54786	0.310847	10.3622	4.54786	0
11.4441	4.50738	0.320972	11.4441	4.50738	0
-11.3167	4.5227	0.295054	-11.3167	4.5227	0
-10.2581	4.49488	0.313546	-10.2581	4.49488	0
-9.228	4.56691	0.322684	-9.228	4.56691	0
-8.23316	4.57764	0.307293	-8.23316	4.57764	0
-7.16478	4.51409	0.330982	-7.16478	4.51409	0
-6.16468	4.50945	0.279526	-6.16468	4.50945	0
-5.1006	4.56838	0.298022	-5.1006	4.56838	0
-4.05301	4.59692	0.310671	-4.05301	4.59692	0
-3.01464	4.58047	0.322781	-3.01464	4.58047	0
-1.99782	4.51006	0.286702	-1.99782	4.51006	0
-0.998562	4.49973	0.29468	-0.998562	4.49973	0
0.0860618	5.52322	0.334531	0.0860618	5.52322	0
1.10205	5.65776	0.298512	1.10205	5.65776	0
2.11463	5.63195	0.312437	2.11463	5.63195	0
3.13567	5.65859	0.311442	3.13567	5.65859	0
4.17713	5.64955	0.311245	4.17713	5.64955	0
5.20168	5.69113	0.31241	5.20168	5.69113	0
6.2001	5.64663	0.312563	6.2001	5.64663	0
7.30113	5.56324	0.305589	7.30113	5.56324	0
8.29475	5.63368	0.300567	8.29475	5.63368	0
9.33627	5.55142	0.275833	9.33627	5.55142	0
10.4164	5.55154	0.299822	10.4164	5.55154	0
11.4358	5.60806	0.318466	11.4358	5.60806	0
-11.3351	5.53633	0.323263	-11.3351	5.53633	0
-10.3007	5.49626	0.32225	-10.3007	5.49626	0
-9.23281	5.53731	0.316746	-9.23281	5.53731	0
-8.14923	5.59259	0.288244	-8.14923	5.59259	0
-7.17742	5.57758	0.301589	-7.17742	5.57758	0
-6.14734	5.52681	0.319035	-6.14734	5.52681	0
-5.16686	5.57425	0.324673	-5.16686	5.57425	0
-4.06297	5.63521	0.295488	-4.06297	5.63521	0
-3.02264	5.58627	0.328864	-3.02264	5.58627	0
-2.01601	5.60496	0.298896	-2.01601	5.60496	0
-0.998698	5.53083	0.343588	-0.998698	5.53083	0
0.0321949	6.6169	0.336235	0.0321949	6.6169	0
1.13264	6.59196	0.314846	1.13264	6.59196	0
2.19063	6.62297	0.333015	2.19063	6.62297	0
3.21898	6.7518	0.336815	3.21898	6.7518	0
4.23867	6.69707	0.315584	4.23867	6.69707	0
5.24467	6.68101	0.312623	5.24467	6.68101	0
6.28677	6.71683	0.334038	6.28677	6.71683	0
7.25221	6.65491	0.358207	7.25221	6.65491	0
8.37633	6.62819	0.316105	8.37633	6.62819	0
9.39503	6.58389	0.332547	9.39503	6.58389	0
10.4005	6.61568	0.301793	10.4005	6.61568	0
11.4486	6.61106	0.311718	11.4486	6.61106	0
-11.3225	6.57533	0.327918	-11.3225	6.57533	0
-10.2812	6.57758	0.324618	-10.2812	6.57758	0
-9.21787	6.58021	0.317282	-9.21787	6.58021	0
-8.175	6.59129	0.329484	-8.175	6.59129	0
-7.17826	6.61378	0.346525	-7.17826	6.61378	0
-6.11187	6.62088	0.325287	-6.11187	6.62088	0
-5.11242	6.60147	0.311471	-5.11242	6.60147	0
-4.05325	6.64458	0.302419	-4.05325	6.64458	0
-3.0052	6.61264	0.304975	-3.0052	6.61264	0
-2.00629	6.65503	0.333896	-2.00629	6.65503	0
-0.915181	6.59752	0.323331	-0.915181	6.59752	0
0.0849859	7.66992	0.280988	0.0849859	7.66992	0
1.0891	7.64275	0.302071	1.0891	7.64275	0
2.12074	7.72617	0.323634	2.12074	7.72617	0
3.21487	7.74819	0.318271	3.21487	7.74819	0
4.21996	7.74337	0.315728	4.21996	7.74337	0
5.23613	7.71375	0.309617	5.23613	7.71375	0
6.23237	7.68496	0.333182	6.23237	7.68496	0
7.26577	7.70828	0.329599	7.26577	7.70828	0
8.28875	7.66471	0.299931	8.28875	7.66471	0
9.34205	7.62896	0.313823	9.34205	7.62896	0
10.3828	7.61778	0.310084	10.3828	7.61778	0
11.4375	7.63253	0.333113	11.4375	7.63253	0
-11.3399	7.57806	0.320557	-11.3399	7.57806	0
-10.2987	7.56808	0.318131	-10.2987	7.56808	0
-9.22698	7.61533	0.34097	-9.22698	7.61533	0
-8.20959	7.64605	0.328335	-8.20959	7.64605	0
-7.14255	7.61668	0.293131	-7.14255	7.61668	0
-6.16066	7.58916	0.313018	-6.16066	7.58916	0
-5.06933	7.62161	0.279464	-5.06933	7.62161	0
-4.04013	7.65589	0.286148	-4.04013	7.65589	0
-2.96437	7.67834	0.315574	-2.96437	7.67834	0
-1.9557	7.66579	0.296543	-1.9557	7.66579	0
-0.914353	7.6116	0.338775	-0.914353	7.6116	0
0.0645624	8.7565	0.321336	0.0645624	8.7565	0
1.11243	8.67406	0.305829	1.11243	8.67406	0
2.13654	8.75063	0.326205	2.13654	8.75063	0
3.21382	8.77236	0.321971	3.21382	8.77236	0
4.27446	8.74232	0.290809	4.27446	8.74232	0
5.34336	8.74596	0.322669	5.34336	8.74596	0
6.28098	8.71642	0.332387	6.28098	8.71642	0
7.27053	8.74485	0.320972	7.27053	8.74485	0
8.29466	8.69657	0.296248	8.29466	8.69657	0
9.35923	8.68713	0.305076	9.35923	8.68713	0
10.4267	8.6633	0.317486	10.4267	8.6633	0
11.4179	8.66392	0.314975	11.4179	8.66392	0
-11.2811	8.66354	0.333302	-11.2811	8.66354	0
-10.2255	8.67236	0.306362	-10.2255	8.67236	0
-9.19781	8.61357	0.333168	-9.19781	8.61357	0
-8.1742	8.67241	0.317784	-8.1742	8.67241	0
-7.19094	8.65558	0.325455	-7.19094	8.65558	0
-6.16083	8.62389	0.334309	-6.16083	8.62389	0
-5.14354	8.66985	0.3215	-5.14354	8.66985	0
-4.07519	8.68353	0.297258	-4.07519	8.68353	0
-3.0644	8.72185	0.321612	-3.0644	8.72185	0
-2.01367	8.68934	0.311326	-2.01367	8.68934	0
-0.96492	8.76606	0.320483	-0.96492	8.76606	0
0.0589472	9.76648	0.325237	0.0589472	9.76648	0
1.11095	9.80172	0.327252	1.11095	9.80172	0
2.16313	9.73741	0.337404	2.16313	9.73741	0
3.27614	9.78574	0.329582	3.27614	9.78574	0
4.27052	9.79771	0.296783	4.27052	9.79771	0
5.30811	9.79804	0.349377	5.30811	9.79804	0
6.32956	9.81332	0.315684	6.32956	9.81332	0
7.37792	9.721	0.314238	7.37792	9.721	0
8.38589	9.75013	0.312955	8.38589	9.75013	0
9.37391	9.68424	0.309794	9.37391	9.68424	0
10.3751	9.63065	0.311004	10.3751	9.63065	0
11.4726	9.67794	0.309824	11.4726	9.67794	0
-11.3014	9.68743	0.307545	-11.3014	9.68743	0
-10.2547	9.68624	0.28411	-10.2547	9.68624	0
-9.14658	9.62942	0.324461	-9.14658	9.62942	0
-8.17526	9.71575	0.309937	-8.17526	9.71575	0
-7.13797	9.6885	0.302668	-7.13797	9.6885	0
-6.04443	9.68389	0.33137	-6.04443	9.68389	0
-5.07042	9.7006	0.329625	-5.07042	9.7006	0
-4.07858	9.73074	0.317207	-4.07858	9.73074	0
-3.06405	9.78951	0.33886	-3.06405	9.78951	0
-2.07125	9.70068	0.330085	-2.07125	9.70068	0
-1.00034	9.80024	0.31805	-1.00034	9.80024	0
0.0807334	10.8201	0.320034	0.0807334	10.8201	0
1.15871	10.7798	0.275311	1.15871	10.7798	0
2.15347	10.8123	0.318688	2.15347	10.8123	0
3.18989	10.7893	0.312634	3.18989	10.7893	0
4.26667	10.8256	0.288934	4.26667	10.8256	0
5.22959	10.8306	0.305793	5.22959	10.8306	0
6.29207	10.8166	0.348421	6.29207	10.8166	0
7.38875	10.7574	0.320259	7.38875	10.7574	0
8.3442	10.7665	0.313376	8.3442	10.7665	0
9.40405	10.7231	0.306344	9.40405	10.7231	0
10.4335	10.7485	0.317257	10.4335	10.7485	0
11.4552	10.7377	0.286364	11.4552	10.7377	0
-11.3418	10.7345	0.336269	-11.3418	10.7345	0
-10.219	10.7161	0.322496	-10.219	10.7161	0
-9.18875	10.7113	0.332953	-9.18875	10.7113	0
-8.14211	10.7235	0.339076	-8.14211	10.7235	0
-7.11291	10.6566	0.320558	-7.11291	10.6566	0
-6.10674	10.7103	0.324137	-6.10674	10.7103	0
-5.04923	10.7635	0.308801	-5.04923	10.7635	0
-4.03835	10.7613	0.322932	-4.03835	10.7613	0
-3.05959	10.8038	0.307161	-3.05959	10.8038	0
-2.07282	10.7707	0.336664	-2.07282	10.7707	0
-0.983265	10.7915	0.332924	-0.983265	10.7915	0
0.0785623	11.7812	0.305011	0.0785623	11.7812	0
1.13896	11.8093	0.351736	1.13896	11.8093	0
2.18811	11.8458	0.293844	2.18811	11.8458	0
3.22858	11.8125	0.321247	3.22858	11.8125	0
4.24358	11.8088	0.314521	4.24358	11.8088	0
5.28759	11.8252	0.30874	5.28759	11.8252	0
6.32967	11.825	0.296037	6.32967	11.825	0
7.28699	11.8165	0.333425	7.28699	11.8165	0
8.38824	11.8076	0.318117	8.38824	11.8076	0
9.38774	11.8015	0.317233	9.38774	11.8015	0
10.3889	11.793	0.320513	10.3889	11.793	0
11.467	11.7243	0.31361	11.467	11.7243	0
-11.2472	11.736	0.311926	-11.2472	11.736	0
-10.1906	11.7475	0.300342	-10.1906	11.7475	0
-9.202	11.7049	0.320545	-9.202	11.7049	0
-8.14954	11.7298	0.333498	-8.14954	11.7298	0
-7.11816	11.7101	0.293833	-7.11816	11.7101	0
-6.13179	11.7399	0.298436	-6.13179	11.7399	0
-5.13058	11.7601	0.3017	-5.13058	11.7601	0
-4.04279	11.851	0.313712	-4.04279	11.851	0
-3.0295	11.8423	0.329774	-3.0295	11.8423	0
-1.9783	11.8216	0.313053	-1.9783	11.8216	0
-0.95289	11.7827	0.333365	-0.95289	11.7827	0
0.03665	-10.9234	0.337793	0.03665	-10.9234	0
1.0878	-10.9321	0.33877	1.0878	-10.9321	0
2.16821	-10.9122	0.299864	2.16821	-10.9122	0
3.2238	-10.9449	0.266059	3.2238	-10.9449	0
4.20641	-10.9167	0.314662	4.20641	-10.9167	0
5.29018	-10.8829	0.34591	5.29018	-10.8829	0
6.28599	-10.8762	0.315704	6.28599	-10.8762	0
7.3371	-10.94	0.346025	7.3371	-10.94	0
8.38473	-11.0231	0.315128	8.38473	-11.0231	0
9.4404	-10.9801	0.302031	9.4404	-10.9801	0
10.4467	-10.9584	0.336314	10.4467	-10.9584	0
11.4241	-11.0186	0.317684	11.4241	-11.0186	0
-11.301	-11.0003	0.298106	-11.301	-11.0003	0
-10.2036	-11.0027	0.31135	-10.2036	-11.0027	0
-9.16705	-11.0233	0.318306	-9.16705	-11.0233	0
-8.11705	-10.9983	0.343048	-8.11705	-10.9983	0
-7.15436	-10.9567	0.299372	-7.15436	-10.9567	0
-6.10331	-10.9171	0.292418	-6.10331	-10.9171	0
-5.08921	-10.9501	0.341922	-5.08921	-10.9501	0
-4.02944	-10.927	0.306596	-4.02944	-10.927	0
-3.01721	-10.8836	0.306869	-3.01721	-10.8836	0
-1.9627	-10.9425	0.332226	-1.9627	-10.9425	0
-0.964838	-10.971	0.31575	-0.964838	-10.971	0
0.059295	-9.92026	0.312243	0.059295	-9.92026	0
1.09945	-9.89498	0.316536	1.09945	-9.89498	0
2.22353	-9.83336	0.332197	2.22353	-9.83336	0
3.24523	-9.83679	0.337745	3.24523	-9.83679	0
4.25109	-9.85242	0.340827	4.25109	-9.85242	0
5.29032	-9.88762	0.307245	5.29032	-9.88762	0
6.30283	-9.86756	0.33338	6.30283	-9.86756	0
7.35068	-9.93794	0.311888	7.35068	-9.93794	0
8.35997	-9.97113	0.3188	8.35997	-9.97113	0
9.391	-9.93348	0.329262	9.391	-9.93348	0
10.4124	-9.91717	0.305808	10.4124	-9.91717	0
11.4269	-10.0067	0.316025	11.4269	-10.0067	0
-11.2773	-10.0105	0.33058	-11.2773	-10.0105	0
-10.1613	-10.0058	0.314986	-10.1613	-10.0058	0
-9.20675	-9.97131	0.321169	-9.20675	-9.97131	0
-8.21021	-9.98479	0.316903	-8.21021	-9.98479	0
-7.16814	-9.90482	0.345388	-7.16814	-9.90482	0
-6.13773	-9.93668	0.331591	-6.13773	-9.93668	0
-5.088	-9.93755	0.341199	-5.088	-9.93755	0
-4.07937	-9.92372	0.313516	-4.07937	-9.92372	0
-3.02937	-9.86682	0.309993	-3.02937	-9.86682	0
-1.95371	-9.88213	0.316634	-1.95371	-9.88213	0
-0.956907	-9.92391	0.344803	-0.956907	-9.92391	0
0.0934235	-8.85017	0.292773	0.0934235	-8.85017	0
1.13889	-8.89889	0.308327	1.13889	-8.89889	0
2.12437	-8.84926	0.336714	2.12437	-8.84926	0
3.18944	-8.79082	0.3085	3.18944	-8.79082	0
4.27469	-8.86201	0.303657	4.27469	-8.86201	0
5.29813	-8.84078	0.319859	5.29813	-8.84078	0
6.30263	-8.89007	0.342688	6.30263	-8.89007	0
7.34023	-8.90414	0.315498	7.34023	-8.90414	0
8.38057	-8.92545	0.308505	8.38057	-8.92545	0
9.33703	-8.91959	0.297595	9.33703	-8.91959	0
10.4271	-8.88563	0.312122	10.4271	-8.88563	0
11.4725	-8.91987	0.317962	11.4725	-8.91987	0
-11.2986	-8.98726	0.298214	-11.2986	-8.98726	0
-10.2623	-8.98323	0.305983	-10.2623	-8.98323	0
-9.16423	-8.96103	0.32092	-9.16423	-8.96103	0
-8.12168	-8.95556	0.32916	-8.12168	-8.95556	0
-7.14166	-8.90088	0.310216	-7.14166	-8.90088	0
-6.1832	-8.88291	0.299333	-6.1832	-8.88291	0
-5.10532	-8.92962	0.318386	-5.10532	-8.92962	0
-4.11703	-8.86285	0.309152	-4.11703	-8.86285	0
-3.04141	-8.83571	0.322411	-3.04141	-8.83571	0
-1.94595	-8.88137	0.333368	-1.94595	-8.88137	0
-0.883908	-8.88935	0.340711	-0.883908	-8.88935	0
0.0396695	-7.77957	0.328765	0.0396695	-7.77957	0
1.13133	-7.83581	0.353463	1.13133	-7.83581	0
2.14927	-7.81936	0.307505	2.14927	-7.81936	0
3.14407	-7.78988	0.319642	3.14407	-7.78988	0
4.21455	-7.82943	0.313977	4.21455	-7.82943	0
5.24492	-7.84153	0.328258	5.24492	-7.84153	0
6.26227	-7.85737	0.328536	6.26227	-7.85737	0
7.32104	-7.85183	0.325637	7.32104	-7.85183	0
8.33935	-7.90815	0.319886	8.33935	-7.90815	0
9.38538	-7.92889	0.314451	9.38538	-7.92889	0
10.4374	-7.83974	0.3322	10.4374	-7.83974	0
11.4879	-7.90666	0.318559	11.4879	-7.90666	0
-11.2974	-7.94376	0.298619	-11.2974	-7.94376	0
-10.2584	-7.93159	0.330945	-10.2584	-7.93159	0
-9.2322	-7.84896	0.307928	-9.2322	-7.84896	0
-8.29225	-7.96145	0.313673	-8.29225	-7.96145	0
-7.1816	-7.83537	0.324973	-7.1816	-7.83537	0
-6.20953	-7.87957	0.315962	-6.20953	-7.87957	0
-5.17635	-7.86323	0.31149	-5.17635	-7.86323	0
-4.12761	-7.86487	0.290314	-4.12761	-7.86487	0
-3.05862	-7.85654	0.339608	-3.05862	-7.85654	0
-1.99584	-7.80837	0.352601	-1.99584	-7.80837	0
-0.957503	-7.791	0.299441	-0.957503	-7.791	0
0.136879	-6.78074	0.308135	0.136879	-6.78074	0
1.13051	-6.8516	0.32934	1.13051	-6.8516	0
2.11469	-6.77147	0.312594	2.11469	-6.77147	0
3.1761	-6.79701	0.315719	3.1761	-6.79701	0
4.22634	-6.81359	0.32309	4.22634	-6.81359	0
5.24566	-6.82332	0.344768	5.24566	-6.82332	0
6.30384	-6.78272	0.339226	6.30384	-6.78272	0
7.33242	-6.80052	0.287626	7.33242	-6.80052	0
8.30905	-6.89761	0.314924	8.30905	-6.89761	0
9.37772	-6.7997	0.300378	9.37772	-6.7997	0
10.3891	-6.79386	0.339586	10.3891	-6.79386	0
11.3943	-6.88103	0.322198	11.3943	-6.88103	0
-11.4059	-6.87644	0.30225	-11.4059	-6.87644	0
-10.3323	-6.8839	0.344644	-10.3323	-6.8839	0
-9.28489	-6.75903	0.323939	-9.28489	-6.75903	0
-8.25926	-6.82847	0.331173	-8.25926	-6.82847	0
-7.23213	-6.86474	0.300094	-7.23213	-6.86474	0
-6.19548	-6.8712	0.348798	-6.19548	-6.8712	0
-5.17372	-6.81733	0.281028	-5.17372	-6.81733	0
-4.13084	-6.84691	0.321861	-4.13084	-6.84691	0
-3.03621	-6.83659	0.34174	-3.03621	-6.83659	0
-1.92207	-6.80773	0.354108	-1.92207	-6.80773	0
-0.914355	-6.77408	0.315674	-0.914355	-6.77408	0
0.0584349	-5.7696	0.326407	0.0584349	-5.7696	0
1.07318	-5.77744	0.329884	1.07318	-5.77744	0
2.10492	-5.70399	0.321685	2.10492	-5.70399	0
3.17054	-5.73141	0.314008	3.17054	-5.73141	0
4.18732	-5.80918	0.317786	4.18732	-5.80918	0
5.19915	-5.72233	0.326924	5.19915	-5.72233	0
6.27414	-5.75877	0.348393	6.27414	-5.75877	0
7.2878	-5.79179	0.315406	7.2878	-5.79179	0
8.35672	-5.76412	0.307427	8.35672	-5.76412	0
9.37799	-5.80953	0.309964	9.37799	-5.80953	0
10.3936	-5.76465	0.309006	10.3936	-5.76465	0
11.432	-5.75668	0.283531	11.432	-5.75668	0
-11.3555	-5.81319	0.341555	-11.3555	-5.81319	0
-10.3838	-5.85254	0.329807	-10.3838	-5.85254	0
-9.3064	-5.77986	0.327956	-9.3064	-5.77986	0
-8.29678	-5.80588	0.338215	-8.29678	-5.80588	0
-7.21731	-5.77797	0.334122	-7.21731	-5.77797	0
-6.18141	-5.74266	0.307167	-6.18141	-5.74266	0
-5.16069	-5.77884	0.329153	-5.16069	-5.77884	0
-4.09792	-5.8008	0.34417	-4.09792	-5.8008	0
-3.06338	-5.7659	0.314826	-3.06338	-5.7659	0
-2.05175	-5.75242	0.34996	-2.05175	-5.75242	0
-1.01219	-5.76863	0.319075	-1.01219	-5.76863	0
0.0747641	-4.76032	0.310526	0.0747641	-4.76032	0
1.08045	-4.71395	0.327778	1.08045	-4.71395	0
2.05031	-4.738	0.308857	2.05031	-4.738	0
3.10221	-4.72826	0.351099	3.10221	-4.72826	0
4.19132	-4.72602	0.306826	4.19132	-4.72602	0
5.25384	-4.7443	0.310781	5.25384	-4.7443	0
6.25231	-4.73556	0.305227	6.25231	-4.73556	0
7.24633	-4.77102	0.30034	7.24633	-4.77102	0
8.38507	-4.73419	0.308447	8.38507	-4.73419	0
9.38935	-4.81987	0.339912	9.38935	-4.81987	0
10.423	-4.76119	0.332187	10.423	-4.76119	0
11.4323	-4.77132	0.342916	11.4323	-4.77132	0
-11.3344	-4.77756	0.333257	-11.3344	-4.77756	0
-10.3539	-4.79167	0.309753	-10.3539	-4.79167	0
-9.28757	-4.82302	0.322587	-9.28757	-4.82302	0
-8.26977	-4.78212	0.332517	-8.26977	-4.78212	0
-7.21411	-4.7773	0.321383	-7.21411	-4.7773	0
-6.16835	-4.72428	0.300071	-6.16835	-4.72428	0
-5.13997	-4.71276	0.324397	-5.13997	-4.71276	0
-4.12495	-4.76124	0.321974	-4.12495	-4.76124	0
-3.08414	-4.74715	0.299066	-3.08414	-4.74715	0
-2.03876	-4.72994	0.313908	-2.03876	-4.72994	0
-1.02388	-4.78594	0.327279	-1.02388	-4.78594	0
-0.00545786	-3.74848	0.305601	-0.00545786	-3.74848	0
1.04497	-3.69161	0.308651	1.04497	-3.69161	0
2.09683	-3.75511	0.300684	2.09683	-3.75511	0
3.10159	-3.72088	0.332341	3.10159	-3.72088	0
4.1894	-3.72563	0.301238	4.1894	-3.72563	0
5.22562	-3.70459	0.315854	5.22562	-3.70459	0
6.26105	-3.71425	0.317377	6.26105	-3.71425	0
7.33948	-3.75712	0.332146	7.33948	-3.75712	0
8.36571	-3.71669	0.321209	8.36571	-3.71669	0
9.40438	-3.73357	0.33977	9.40438	-3.73357	0
10.4326	-3.67814	0.283006	10.4326	-3.67814	0
11.4275	-3.68198	0.308529	11.4275	-3.68198	0
-11.365	-3.73654	0.336722	-11.365	-3.73654	0
-10.3373	-3.75556	0.344353	-10.3373	-3.75556	0
-9.25878	-3.75437	0.320444	-9.25878	-3.75437	0
-8.24722	-3.75684	0.330853	-8.24722	-3.75684	0
-7.2085	-3.73246	0.336452	-7.2085	-3.73246	0
-6.19858	-3.71497	0.296323	-6.19858	-3.71497	0
-5.09935	-3.70855	0.311327	-5.09935	-3.70855	0
-4.15981	-3.73892	0.318319	-4.15981	-3.73892	0
-3.11449	-3.73594	0.331227	-3.11449	-3.73594	0
-2.07454	-3.69572	0.338651	-2.07454	-3.69572	0
-1.0771	-3.74831	0.342404	-1.0771	-3.74831	0
0.00517867	-2.71506	0.315697	0.00517867	-2.71506	0
1.07799	-2.6522	0.332034	1.07799	-2.6522	0
2.12144	-2.77231	0.326102	2.12144	-2.77231	0
3.12983	-2.67549	0.32183	3.12983	-2.67549	0
4.21791	-2.67044	0.312439	4.21791	-2.67044	0
5.23115	-2.67416	0.328781	5.23115	-2.67416	0
6.31271	-2.73187	0.313774	6.31271	-2.73187	0
7.34691	-2.69816	0.320161	7.34691	-2.69816	0
8.35805	-2.67934	0.317195	8.35805	-2.67934	0
9.38055	-2.6277	0.279082	9.38055	-2.6277	0
10.3758	-2.65066	0.310388	10.3758	-2.65066	0
11.4889	-2.65257	0.313504	11.4889	-2.65257	0
-11.2524	-2.72744	0.356512	-11.2524	-2.72744	0
-10.2802	-2.70838	0.309893	-10.2802	-2.70838	0
-9.27986	-2.65639	0.309227	-9.27986	-2.65639	0
-8.21382	-2.74598	0.325809	-8.21382	-2.74598	0
-7.23261	-2.72281	0.319863	-7.23261	-2.72281	0
-6.14404	-2.6679	0.324853	-6.14404	-2.6679	0
-5.14812	-2.66519	0.303492	-5.14812	-2.66519	0
-4.10027	-2.68134	0.342252	-4.10027	-2.68134	0
-3.1235	-2.68802	0.334509	-3.1235	-2.68802	0
-2.08927	-2.69533	0.344304	-2.08927	-2.69533	0
-1.03953	-2.73646	0.295347	-1.03953	-2.73646	0
0.096815	-1.67768	0.314149	0.096815	-1.67768	0
1.13075	-1.65079	0.317908	1.13075	-1.65079	0
2.15615	-1.67143	0.311502	2.15615	-1.67143	0
3.1816	-1.66894	0.328184	3.1816	-1.66894	0
4.20505	-1.65055	0.314004	4.20505	-1.65055	0
5.18142	-1.63661	0.295263	5.18142	-1.63661	0
6.24551	-1.71049	0.311413	6.24551	-1.71049	0
7.25839	-1.61713	0.309999	7.25839	-1.61713	0
8.35623	-1.62529	0.326946	8.35623	-1.62529	0
9.31673	-1.60709	0.322374	9.31673	-1.60709	0
10.433	-1.57193	0.310743	10.433	-1.57193	0
11.4573	-1.64891	0.335745	11.4573	-1.64891	0
-11.279	-1.67179	0.324623	-11.279	-1.67179	0
-10.2929	-1.63196	0.316021	-10.2929	-1.63196	0
-9.24719	-1.68781	0.304733	-9.24719	-1.68781	0
-8.23081	-1.70142	0.314381	-8.23081	-1.70142	0
-7.22062	-1.66347	0.339169	-7.22062	-1.66347	0
-6.18173	-1.70494	0.320453	-6.18173	-1.70494	0
-5.11609	-1.65702	0.295516	-5.11609	-1.65702	0
-4.09692	-1.65671	0.302644	-4.09692	-1.65671	0
-3.0498	-1.6751	0.302531	-3.0498	-1.6751	0
-2.03757	-1.64851	0.329635	-2.03757	-1.64851	0
-0.990679	-1.73863	0.31195	-0.990679	-1.73863	0
0.0466086	-0.617693	0.295934	0.0466086	-0.617693	0
1.11704	-0.618437	0.307458	1.11704	-0.618437	0
2.15872	-0.631927	0.307543	2.15872	-0.631927	0
3.10136	-0.623528	0.32149	3.10136	-0.623528	0
4.10065	-0.599809	0.326654	4.10065	-0.599809	0
5.21685	-0.548314	0.318942	5.21685	-0.548314	0
6.22219	-0.618786	0.324001	6.22219	-0.618786	0
7.25409	-0.666582	0.30045	7.25409	-0.666582	0
8.28863	-0.605719	0.302757	8.28863	-0.605719	0
9.29997	-0.556369	0.318332	9.29997	-0.556369	0
10.3763	-0.581971	0.324928	10.3763	-0.581971	0
11.4736	-0.572698	0.331309	11.4736	-0.572698	0
-11.3316	-0.599313	0.291029	-11.3316	-0.599313	0
-10.2954	-0.590032	0.316572	-10.2954	-0.590032	0
-9.21063	-0.629529	0.271841	-9.21063	-0.629529	0
-8.1866	-0.598389	0.325964	-8.1866	-0.598389	0
-7.18385	-0.617951	0.311181	-7.18385	-0.617951	0
-6.2043	-0.663254	0.317604	-6.2043	-0.663254	0
-5.16807	-0.606798	0.346073	-5.16807	-0.606798	0
-4.12125	-0.607406	0.293131	-4.12125	-0.607406	0
-3.07396	-0.624166	0.310548	-3.07396	-0.624166	0
-1.99003	-0.630287	0.315727	-1.99003	-0.630287	0
-1.00242	-0.698538	0.323528	-1.00242	-0.698538	0
