-0.3969	0.177458	-0.327658	-0.3969	0.177458	0
0.673318	0.26164	-0.320769	0.673318	0.26164	0
1.71026	0.300451	-0.331241	1.71026	0.300451	0
2.75588	0.251229	-0.306997	2.75588	0.251229	0
3.80256	0.280217	-0.351131	3.80256	0.280217	0
4.78791	0.26856	-0.344399	4.78791	0.26856	0
5.85528	0.183233	-0.327426	5.85528	0.183233	0
6.84928	0.17379	-0.317557	6.84928	0.17379	0
7.89218	0.174269	-0.315076	7.89218	0.174269	0
8.92598	0.172975	-0.286685	8.92598	0.172975	0
9.94917	0.252393	-0.318521	9.94917	0.252393	0
10.97	0.230816	-0.321487	10.97	0.230816	0
-11.7809	0.134916	-0.286422	-11.7809	0.134916	0
-10.7475	0.157303	-0.305643	-10.7475	0.157303	0
-9.67633	0.167245	-0.29766	-9.67633	0.167245	0
-8.62607	0.139445	-0.307064	-8.62607	0.139445	0
-7.62227	0.116055	-0.308729	-7.62227	0.116055	0
-6.55164	0.133526	-0.317022	-6.55164	0.133526	0
-5.49545	0.192501	-0.298553	-5.49545	0.192501	0
-4.49785	0.150319	-0.338958	-4.49785	0.150319	0
-3.43643	0.0769339	-0.318919	-3.43643	0.0769339	0
-2.40326	0.155618	-0.312288	-2.40326	0.155618	0
-1.39142	0.183713	-0.29164	-1.39142	0.183713	0
-0.31312	1.19677	-0.327912	-0.31312	1.19677	0
0.719117	1.23928	-0.332454	0.719117	1.23928	0
1.73937	1.35684	-0.284564	1.73937	1.35684	0
2.75921	1.25221	-0.326905	2.75921	1.25221	0
3.75363	1.34091	-0.343886	3.75363	1.34091	0
4.79356	1.27021	-0.327881	4.79356	1.27021	0
5.80314	1.25363	-0.334653	5.80314	1.25363	0
6.87263	1.19846	-0.327182	6.87263	1.19846	0
7.89207	1.26152	-0.319173	7.89207	1.26152	0
8.91647	1.20018	-0.314371	8.91647	1.20018	0
9.95393	1.27891	-0.338323	9.95393	1.27891	0
10.9449	1.24742	-0.324582	10.9449	1.24742	0
-11.7565	1.23591	-0.330825	-11.7565	1.23591	0
-10.73	1.18154	-0.254045	-10.73	1.18154	0
-9.6872	1.19344	-0.34181	-9.6872	1.19344	0
-8.60527	1.18109	-0.297612	-8.60527	1.18109	0
-7.54788	1.14982	-0.312729	-7.54788	1.14982	0
-6.52152	1.20047	-0.337723	-6.52152	1.20047	0
-5.5096	1.16797	-0.320485	-5.5096	1.16797	0
-4.48538	1.19675	-0.315348	-4.48538	1.19675	0
-3.41125	1.21567	-0.32376	-3.41125	1.21567	0
-2.41498	1.28369	-0.308668	-2.41498	1.28369	0
-1.43504	1.27535	-0.292273	-1.43504	1.27535	0
-0.331307	2.24299	-0.303837	-0.331307	2.24299	0
0.750221	2.32017	-0.320769	0.750221	2.32017	0
1.77893	2.34885	-0.341527	1.77893	2.34885	0
2.82938	2.25181	-0.302749	2.82938	2.25181	0
3.80978	2.32913	-0.33368	3.80978	2.32913	0
4.81361	2.26192	-0.324737	4.81361	2.26192	0
5.8538	2.29914	-0.331509	5.8538	2.29914	0
6.86354	2.23882	-0.321686	6.86354	2.23882	0
7.92833	2.2627	-0.287787	7.92833	2.2627	0
8.97121	2.27662	-0.320277	8.97121	2.27662	0
9.98803	2.27145	-0.301154	9.98803	2.27145	0
11.0615	2.30276	-0.330344	11.0615	2.30276	0
-11.7073	2.23262	-0.31159	-11.7073	2.23262	0
-10.7067	2.18155	-0.327189	-10.7067	2.18155	0
-9.61845	2.24195	-0.321475	-9.61845	2.24195	0
-8.55594	2.2266	-0.282574	-8.55594	2.2266	0
-7.58464	2.22634	-0.328683	-7.58464	2.22634	0
-6.52073	2.24809	-0.332497	-6.52073	2.24809	0
-5.51742	2.29777	-0.305601	-5.51742	2.29777	0
-4.45695	2.21638	-0.309547	-4.45695	2.21638	0
-3.43419	2.26178	-0.33319	-3.43419	2.26178	0
-2.38537	2.28251	-0.303542	-2.38537	2.28251	0
-1.34319	2.28519	-0.345495	-1.34319	2.28519	0
-0.328354	3.26258	-0.314043	-0.328354	3.26258	0
0.74611	3.33164	-0.307326	0.74611	3.33164	0
1.71429	3.33329	-0.299348	1.71429	3.33329	0
2.79586	3.25976	-0.324791	2.79586	3.25976	0
3.83221	3.36149	-0.326639	3.83221	3.36149	0
4.85097	3.28607	-0.329616	4.85097	3.28607	0
5.88226	3.31579	-0.310299	5.88226	3.31579	0
6.9714	3.29685	-0.332349	6.9714	3.29685	0
7.98476	3.23439	-0.301976	7.98476	3.23439	0
8.99145	3.26867	-0.311627	8.99145	3.26867	0
10.0287	3.37771	-0.316374	10.0287	3.37771	0
11.0422	3.37081	-0.315538	11.0422	3.37081	0
-11.7357	3.28511	-0.311326	-11.7357	3.28511	0
-10.6745	3.24941	-0.315568	-10.6745	3.24941	0
-9.62389	3.23379	-0.311781	-9.62389	3.23379	0
-8.62539	3.27397	-0.298226	-8.62539	3.27397	0
-7.57906	3.24892	-0.340097	-7.57906	3.24892	0
-6.59543	3.2658	-0.321272	-6.59543	3.2658	0
-5.52134	3.30293	-0.330251	-5.52134	3.30293	0
-4.52234	3.22661	-0.282568	-4.52234	3.22661	0
-3.47646	3.27296	-0.31059	-3.47646	3.27296	0
-2.44761	3.3376	-0.336071	-2.44761	3.3376	0
-1.36661	3.30273	-0.337099	-1.36661	3.30273	0
-0.305059	4.32033	-0.319988	-0.305059	4.32033	0
0.720286	4.35058	-0.305592	0.720286	4.35058	0
1.78124	4.38264	-0.289314	1.78124	4.38264	0
2.75323	4.35436	-0.31818	2.75323	4.35436	0
3.81749	4.34384	-0.292148	3.81749	4.34384	0
4.84155	4.3485	-0.301618	4.84155	4.3485	0
5.88889	4.36386	-0.324066	5.88889	4.36386	0
6.93737	4.34013	-0.330159	6.93737	4.34013	0
7.93971	4.29171	-0.309831	7.93971	4.29171	0
8.9485	4.29529	-0.333063	8.9485	4.29529	0
9.97439	4.4077	-0.325686	9.97439	4.4077	0
11.0786	4.3897	-0.294204	11.0786	4.3897	0
-11.6466	4.32386	-0.289532	-11.6466	4.32386	0
-10.6264	4.27119	-0.31982	-10.6264	4.27119	0
-9.60474	4.29178	-0.296534	-9.60474	4.29178	0
-8.59163	4.31498	-0.308555	-8.59163	4.31498	0
-7.60025	4.30989	-0.288625	-7.60025	4.30989	0
-6.56731	4.31634	-0.293739	-6.56731	4.31634	0
-5.51922	4.27828	-0.333325	-5.51922	4.27828	0
-4.47204	4.26739	-0.327328	-4.47204	4.26739	0
-3.40153	4.36109	-0.304171	-3.40153	4.36109	0
-2.40659	4.39397	-0.323185	-2.40659	4.39397	0
-1.38495	4.33373	-0.328737	-1.38495	4.33373	0
-0.38829	5.30471	-0.325736	-0.38829	5.30471	0
0.683103	5.38253	-0.295037	0.683103	5.38253	0
1.73556	5.43667	-0.343783	1.73556	5.43667	0
2.81502	5.34778	-0.321239	2.81502	5.34778	0
3.79891	5.43729	-0.333482	3.79891	5.43729	0
4.84044	5.42089	-0.280994	4.84044	5.42089	0
5.79602	5.38331	-0.339659	5.79602	5.38331	0
6.85376	5.38505	-0.331703	6.85376	5.38505	0
7.92576	5.39743	-0.310437	7.92576	5.39743	0
8.94203	5.34944	-0.364902	8.94203	5.34944	0
9.99866	5.36432	-0.330105	9.99866	5.36432	0
11.0531	5.39316	-0.329771	11.0531	5.39316	0
-11.6964	5.38652	-0.322459	-11.6964	5.38652	0
-10.6765	5.35865	-0.27973	-10.6765	5.35865	0
-9.66313	5.35209	-0.32553	-9.66313	5.35209	0
-8.63508	5.30913	-0.317662	-8.63508	5.30913	0
-7.66362	5.3763	-0.311959	-7.66362	5.3763	0
-6.59278	5.31701	-0.306582	-6.59278	5.31701	0
-5.54251	5.30943	-0.350663	-5.54251	5.30943	0
-4.48573	5.29663	-0.300917	-4.48573	5.29663	0
-3.42999	5.31537	-0.314684	-3.42999	5.31537	0
-2.38736	5.45489	-0.324331	-2.38736	5.45489	0
-1.3718	5.37816	-0.307892	-1.3718	5.37816	0
-0.336927	6.39898	-0.32171	-0.336927	6.39898	0
0.698084	6.40651	-0.336587	0.698084	6.40651	0
1.75346	6.44558	-0.313965	1.75346	6.44558	0
2.81847	6.43223	-0.29206	2.81847	6.43223	0
3.81625	6.4912	-0.301391	3.81625	6.4912	0
4.86173	6.47936	-0.299665	4.86173	6.47936	0
5.89338	6.42131	-0.314373	5.89338	6.42131	0
6.92615	6.43075	-0.316762	6.92615	6.43075	0
7.97455	6.41465	-0.327989	7.97455	6.41465	0
8.98727	6.39496	-0.318251	8.98727	6.39496	0
10.0207	6.38547	-0.335042	10.0207	6.38547	0
11.0264	6.41854	-0.297448	11.0264	6.41854	0
-11.7374	6.40285	-0.343104	-11.7374	6.40285	0
-10.6666	6.39046	-0.319319	-10.6666	6.39046	0
-9.62273	6.36968	-0.326724	-9.62273	6.36968	0
-8.56214	6.35141	-0.299274	-8.56214	6.35141	0
-7.58037	6.32811	-0.307865	-7.58037	6.32811	0
-6.55056	6.31264	-0.313906	-6.55056	6.31264	0
-5.51808	6.37289	-0.334467	-5.51808	6.37289	0
-4.53876	6.32694	-0.336766	-4.53876	6.32694	0
-3.46782	6.39812	-0.310506	-3.46782	6.39812	0
-2.45301	6.42703	-0.303004	-2.45301	6.42703	0
-1.3877	6.41245	-0.29463	-1.3877	6.41245	0
-0.299121	7.42014	-0.339493	-0.299121	7.42014	0
0.718413	7.48265	-0.317061	0.718413	7.48265	0
1.71043	7.50196	-0.334408	1.71043	7.50196	0
2.78598	7.4512	-0.326988	2.78598	7.4512	0
3.84154	7.5132	-0.330651	3.84154	7.5132	0
4.88857	7.50603	-0.319282	4.88857	7.50603	0
5.9278	7.45502	-0.313274	5.9278	7.45502	0
6.92968	7.42826	-0.311069	6.92968	7.42826	0
7.95688	7.45741	-0.311286	7.95688	7.45741	0
8.97708	7.46171	-0.309108	8.97708	7.46171	0
10.016	7.40151	-0.313582	10.016	7.40151	0
11.0677	7.45145	-0.319045	11.0677	7.45145	0
-11.65	7.4503	-0.294237	-11.65	7.4503	0
-10.6778	7.39961	-0.311337	-10.6778	7.39961	0
-9.61824	7.45035	-0.305951	-9.61824	7.45035	0
-8.61406	7.36439	-0.296042	-8.61406	7.36439	0
-7.56424	7.39167	-0.323043	-7.56424	7.39167	0
-6.5681	7.40666	-0.29354	-6.5681	7.40666	0
-5.54118	7.37509	-0.315227	-5.54118	7.37509	0
-4.48789	7.38037	-0.323871	-4.48789	7.38037	0
-3.48439	7.45134	-0.32477	-3.48439	7.45134	0
-2.44992	7.4985	-0.306548	-2.44992	7.4985	0
-1.44758	7.41764	-0.283981	-1.44758	7.41764	0
-0.45065	8.505	-0.327658	-0.45065	8.505	0
0.602014	8.49484	-0.339356	0.602014	8.49484	0
1.7074	8.45129	-0.315118	1.7074	8.45129	0
2.82358	8.4731	-0.342791	2.82358	8.4731	0
3.83146	8.51829	-0.292331	3.83146	8.51829	0
4.84617	8.50432	-0.278668	4.84617	8.50432	0
5.96398	8.49775	-0.308892	5.96398	8.49775	0
6.95652	8.49423	-0.301027	6.95652	8.49423	0
7.99707	8.53573	-0.302335	7.99707	8.53573	0
9.06845	8.50222	-0.306043	9.06845	8.50222	0
10.0423	8.45626	-0.298191	10.0423	8.45626	0
11.0897	8.45963	-0.324676	11.0897	8.45963	0
-11.6831	8.46574	-0.314883	-11.6831	8.46574	0
-10.6685	8.51344	-0.351588	-10.6685	8.51344	0
-9.64082	8.47967	-0.287176	-9.64082	8.47967	0
-8.58076	8.41807	-0.312515	-8.58076	8.41807	0
-7.57415	8.46694	-0.324029	-7.57415	8.46694	0
-6.57921	8.44055	-0.323848	-6.57921	8.44055	0
-5.56535	8.45142	-0.314641	-5.56535	8.45142	0
-4.51555	8.41681	-0.296936	-4.51555	8.41681	0
-3.44801	8.46593	-0.345452	-3.44801	8.46593	0
-2.48051	8.50107	-0.310862	-2.48051	8.50107	0
-1.42324	8.50175	-0.309059	-1.42324	8.50175	0
-0.346318	9.55973	-0.300922	-0.346318	9.55973	0
0.680989	9.47802	-0.328354	0.680989	9.47802	0
1.74185	9.48803	-0.29831	1.74185	9.48803	0
2.85556	9.48229	-0.354139	2.85556	9.48229	0
3.82948	9.52964	-0.313061	3.82948	9.52964	0
4.86417	9.5168	-0.3365	4.86417	9.5168	0
5.95195	9.51704	-0.337201	5.95195	9.51704	0
6.95503	9.55755	-0.307073	6.95503	9.55755	0
7.9433	9.51216	-0.337737	7.9433	9.51216	0
9.03818	9.48773	-0.32814	9.03818	9.48773	0
10.0411	9.49602	-0.311854	10.0411	9.49602	0
11.0722	9.46256	-0.339191	11.0722	9.46256	0
-11.6389	9.52378	-0.298806	-11.6389	9.52378	0
-10.6212	9.61527	-0.310938	-10.6212	9.61527	0
-9.59712	9.47757	-0.304394	-9.59712	9.47757	0
-8.49367	9.54671	-0.296635	-8.49367	9.54671	0
-7.50171	9.51368	-0.284005	-7.50171	9.51368	0
-6.52827	9.49918	-0.311684	-6.52827	9.49918	0
-5.5118	9.43402	-0.31569	-5.5118	9.43402	0
-4.46288	9.49401	-0.318808	-4.46288	9.49401	0
-3.45865	9.47545	-0.314979	-3.45865	9.47545	0
-2.3973	9.49197	-0.315276	-2.3973	9.49197	0
-1.36593	9.55051	-0.321247	-1.36593	9.55051	0
-0.334949	10.5584	-0.289377	-0.334949	10.5584	0
0.672422	10.5315	-0.332625	0.672422	10.5315	0
1.81262	10.5213	-0.310171	1.81262	10.5213	0
2.80331	10.5647	-0.315765	2.80331	10.5647	0
3.80842	10.5844	-0.335211	3.80842	10.5844	0
4.81945	10.5836	-0.338907	4.81945	10.5836	0
5.85968	10.5742	-0.317265	5.85968	10.5742	0
6.89096	10.5268	-0.323751	6.89096	10.5268	0
7.94176	10.5635	-0.284096	7.94176	10.5635	0
9.00003	10.5027	-0.31428	9.00003	10.5027	0
10.0471	10.5392	-0.302149	10.0471	10.5392	0
11.0475	10.5633	-0.326355	11.0475	10.5633	0
-11.705	10.5621	-0.304638	-11.705	10.5621	0
-10.6454	10.5805	-0.330836	-10.6454	10.5805	0
-9.58544	10.5232	-0.323137	-9.58544	10.5232	0
-8.50886	10.6214	-0.322272	-8.50886	10.6214	0
-7.49958	10.5537	-0.333692	-7.49958	10.5537	0
-6.46702	10.5921	-0.315938	-6.46702	10.5921	0
-5.43124	10.5138	-0.304603	-5.43124	10.5138	0
-4.44767	10.4985	-0.299436	-4.44767	10.4985	0
-3.41118	10.5396	-0.308161	-3.41118	10.5396	0
-2.42338	10.5641	-0.34126	-2.42338	10.5641	0
-1.3874	10.5645	-0.329237	-1.3874	10.5645	0
-0.26191	11.5426	-0.329809	-0.26191	11.5426	0
0.698408	11.5684	-0.309032	0.698408	11.5684	0
1.71289	11.5566	-0.313062	1.71289	11.5566	0
2.80178	11.6387	-0.345401	2.80178	11.6387	0
3.8377	11.6229	-0.309773	3.8377	11.6229	0
4.88273	11.6166	-0.313077	4.88273	11.6166	0
5.90433	11.5839	-0.324386	5.90433	11.5839	0
6.90257	11.6056	-0.307714	6.90257	11.6056	0
7.98733	11.6051	-0.333036	7.98733	11.6051	0
8.99702	11.525	-0.306869	8.99702	11.525	0
10.0034	11.5324	-0.311164	10.0034	11.5324	0
11.0934	11.5266	-0.331556	11.0934	11.5266	0
-11.6797	11.5652	-0.341357	-11.6797	11.5652	0
-10.6969	11.5882	-0.316428	-10.6969	11.5882	0
-9.65428	11.6189	-0.319372	-9.65428	11.6189	0
-8.66614	11.6092	-0.297845	-8.66614	11.6092	0
-7.60373	11.5843	-0.300958	-7.60373	11.5843	0
-6.60713	11.6231	-0.313215	-6.60713	11.6231	0
-5.52495	11.5234	-0.332311	-5.52495	11.5234	0
-4.48439	11.5473	-0.335014	-4.48439	11.5473	0
-3.39542	11.5512	-0.297374	-3.39542	11.5512	0
-2.35475	11.5567	-0.316585	-2.35475	11.5567	0
-1.29026	11.6455	-0.32001	-1.29026	11.6455	0
-0.298556	-11.1803	-0.337501	-0.298556	-11.1803	0
0.673286	-11.165	-0.31495	0.673286	-11.165	0
1.74164	-11.1979	-0.312975	1.74164	-11.1979	0
2.7345	-11.1301	-0.32602	2.7345	-11.1301	0
3.81732	-11.1552	-0.314522	3.81732	-11.1552	0
4.86005	-11.1821	-0.330477	4.86005	-11.1821	0
5.86416	-11.1513	-0.341731	5.86416	-11.1513	0
6.90689	-11.1502	-0.327941	6.90689	-11.1502	0
7.932	-11.1725	-0.320627	7.932	-11.1725	0
8.90007	-11.202	-0.298538	8.90007	-11.202	0
9.9903	-11.1996	-0.29402	9.9903	-11.1996	0
11.013	-11.1905	-0.329229	11.013	-11.1905	0
-11.7011	-11.2142	-0.338398	-11.7011	-11.2142	0
-10.6426	-11.2196	-0.346482	-10.6426	-11.2196	0
-9.67697	-11.1109	-0.337549	-9.67697	-11.1109	0
-8.65	-11.139	-0.29554	-8.65	-11.139	0
-7.55299	-11.1212	-0.294256	-7.55299	-11.1212	0
-6.54425	-11.1739	-0.293596	-6.54425	-11.1739	0
-5.47443	-11.2466	-0.315699	-5.47443	-11.2466	0
-4.39198	-11.2269	-0.315883	-4.39198	-11.2269	0
-3.38219	-11.1578	-0.333047	-3.38219	-11.1578	0
-2.34016	-11.2256	-0.312743	-2.34016	-11.2256	0
-1.31186	-11.1667	-0.318196	-1.31186	-11.1667	0
-0.294	-10.1365	-0.334254	-0.294	-10.1365	0
0.714063	-10.155	-0.336951	0.714063	-10.155	0
1.76879	-10.1618	-0.337965	1.76879	-10.1618	0
2.73184	-10.1056	-0.300048	2.73184	-10.1056	0
3.759	-10.0827	-0.310635	3.759	-10.0827	0
4.84536	-10.1004	-0.313859	4.84536	-10.1004	0
5.83944	-10.1262	-0.333753	5.83944	-10.1262	0
6.91218	-10.1444	-0.298669	6.91218	-10.1444	0
7.95813	-10.1819	-0.322936	7.95813	-10.1819	0
8.94138	-10.1473	-0.326189	8.94138	-10.1473	0
10.0274	-10.1027	-0.318556	10.0274	-10.1027	0
11.0963	-10.1108	-0.307335	11.0963	-10.1108	0
-11.6677	-10.147	-0.304932	-11.6677	-10.147	0
-10.6484	-10.1673	-0.321341	-10.6484	-10.1673	0
-9.63302	-10.0512	-0.299843	-9.63302	-10.0512	0
-8.63417	-10.0634	-0.303156	-8.63417	-10.0634	0
-7.5062	-10.1122	-0.303084	-7.5062	-10.1122	0
-6.48886	-10.142	-0.318491	-6.48886	-10.142	0
-5.41021	-10.1483	-0.298498	-5.41021	-10.1483	0
-4.40334	-10.1646	-0.337473	-4.40334	-10.1646	0
-3.39919	-10.1099	-0.314152	-3.39919	-10.1099	0
-2.38232	-10.183	-0.340506	-2.38232	-10.183	0
-1.37646	-10.1744	-0.333437	-1.37646	-10.1744	0
-0.303263	-9.18669	-0.317647	-0.303263	-9.18669	0
0.711816	-9.07254	-0.317119	0.711816	-9.07254	0
1.74481	-9.09529	-0.322908	1.74481	-9.09529	0
2.8039	-9.08285	-0.306848	2.8039	-9.08285	0
3.85252	-8.96976	-0.302737	3.85252	-8.96976	0
4.85346	-9.05041	-0.320159	4.85346	-9.05041	0
5.8779	-9.03389	-0.328499	5.8779	-9.03389	0
6.91658	-9.07944	-0.309945	6.91658	-9.07944	0
7.96181	-9.11048	-0.336356	7.96181	-9.11048	0
9.00156	-9.0768	-0.306925	9.00156	-9.0768	0
9.9662	-9.07331	-0.321006	9.9662	-9.07331	0
11.0709	-9.07821	-0.317063	11.0709	-9.07821	0
-11.7186	-9.0716	-0.309488	-11.7186	-9.0716	0
-10.6612	-9.1362	-0.278778	-10.6612	-9.1362	0
-9.62227	-9.03217	-0.328092	-9.62227	-9.03217	0
-8.55286	-9.06772	-0.3024	-8.55286	-9.06772	0
-7.53528	-9.07971	-0.324709	-7.53528	-9.07971	0
-6.46947	-9.14052	-0.296806	-6.46947	-9.14052	0
-5.47674	-9.11605	-0.317678	-5.47674	-9.11605	0
-4.37737	-9.10604	-0.324391	-4.37737	-9.10604	0
-3.41121	-9.09362	-0.320439	-3.41121	-9.09362	0
-2.38532	-9.03476	-0.340961	-2.38532	-9.03476	0
-1.35841	-9.08647	-0.350299	-1.35841	-9.08647	0
-0.322364	-8.12512	-0.345059	-0.322364	-8.12512	0
0.697919	-8.05268	-0.318808	0.697919	-8.05268	0
1.74961	-8.04532	-0.316295	1.74961	-8.04532	0
2.74528	-8.07575	-0.312634	2.74528	-8.07575	0
3.86524	-8.00989	-0.295657	3.86524	-8.00989	0
4.83309	-7.95276	-0.327441	4.83309	-7.95276	0
5.83566	-7.98851	-0.330984	5.83566	-7.98851	0
6.84842	-8.05522	-0.316474	6.84842	-8.05522	0
7.89611	-8.06283	-0.35499	7.89611	-8.06283	0
8.95631	-8.04345	-0.326254	8.95631	-8.04345	0
9.97436	-8.09839	-0.29814	9.97436	-8.09839	0
11.0364	-8.05637	-0.308922	11.0364	-8.05637	0
-11.7023	-8.05861	-0.311168	-11.7023	-8.05861	0
-10.6771	-8.0473	-0.338153	-10.6771	-8.0473	0
-9.6293	-8.00057	-0.318215	-9.6293	-8.00057	0
-8.59292	-8.04936	-0.322223	-8.59292	-8.04936	0
-7.53967	-8.08357	-0.290376	-7.53967	-8.08357	0
-6.47838	-8.07958	-0.328588	-6.47838	-8.07958	0
-5.44803	-8.06407	-0.329688	-5.44803	-8.06407	0
-4.45377	-8.03132	-0.310736	-4.45377	-8.03132	0
-3.43133	-8.09691	-0.319234	-3.43133	-8.09691	0
-2.39419	-8.05617	-0.330128	-2.39419	-8.05617	0
-1.36505	-8.099	-0.31366	-1.36505	-8.099	0
-0.309201	-7.10739	-0.320944	-0.309201	-7.10739	0
0.753126	-7.04527	-0.292508	0.753126	-7.04527	0
1.75821	-7.04164	-0.320698	1.75821	-7.04164	0
2.79928	-6.96313	-0.344582	2.79928	-6.96313	0
3.83414	-6.93017	-0.309781	3.83414	-6.93017	0
4.80445	-6.92506	-0.349007	4.80445	-6.92506	0
5.87958	-6.99613	-0.300712	5.87958	-6.99613	0
6.87089	-7.03464	-0.356545	6.87089	-7.03464	0
7.95208	-7.06664	-0.347942	7.95208	-7.06664	0
8.97926	-7.02854	-0.317585	8.97926	-7.02854	0
9.95218	-7.02347	-0.288462	9.95218	-7.02347	0
11.0333	-7.01514	-0.305529	11.0333	-7.01514	0
-11.7731	-6.983	-0.318254	-11.7731	-6.983	0
-10.7616	-6.98636	-0.319733	-10.7616	-6.98636	0
-9.66706	-7.02655	-0.298054	-9.66706	-7.02655	0
-8.57248	-6.99817	-0.310211	-8.57248	-6.99817	0
-7.5203	-7.00885	-0.324154	-7.5203	-7.00885	0
-6.49407	-7.04835	-0.287282	-6.49407	-7.04835	0
-5.50626	-7.08042	-0.314139	-5.50626	-7.08042	0
-4.40087	-7.02919	-0.362278	-4.40087	-7.02919	0
-3.33023	-6.972	-0.347185	-3.33023	-6.972	0
-2.35263	-7.01426	-0.330831	-2.35263	-7.01426	0
-1.33522	-7.01505	-0.322564	-1.33522	-7.01505	0
-0.281842	-6.03995	-0.332611	-0.281842	-6.03995	0
0.725156	-6.00849	-0.324963	0.725156	-6.00849	0
1.73267	-5.95801	-0.288276	1.73267	-5.95801	0
2.72541	-5.88481	-0.314105	2.72541	-5.88481	0
3.721	-5.89735	-0.305473	3.721	-5.89735	0
4.81201	-5.92309	-0.337037	4.81201	-5.92309	0
5.889	-5.98074	-0.313709	5.889	-5.98074	0
6.89776	-6.01283	-0.313723	6.89776	-6.01283	0
7.87246	-5.9537	-0.353295	7.87246	-5.9537	0
8.88095	-5.96267	-0.332121	8.88095	-5.96267	0
9.97178	-5.96413	-0.323101	9.97178	-5.96413	0
11.0303	-5.94806	-0.326267	11.0303	-5.94806	0
-11.7371	-5.9743	-0.316929	-11.7371	-5.9743	0
-10.7218	-5.99346	-0.333448	-10.7218	-5.99346	0
-9.66763	-6.00773	-0.333325	-9.66763	-6.00773	0
-8.6108	-5.98048	-0.320468	-8.6108	-5.98048	0
-7.53637	-5.99302	-0.297901	-7.53637	-5.99302	0
-6.51149	-5.9925	-0.310646	-6.51149	-5.9925	0
-5.50865	-6.03629	-0.336516	-5.50865	-6.03629	0
-4.494	-6.00622	-0.317766	-4.494	-6.00622	0
-3.44332	-5.98995	-0.306252	-3.44332	-5.98995	0
-2.38829	-6.00338	-0.325072	-2.38829	-6.00338	0
-1.33309	-5.98134	-0.313518	-1.33309	-5.98134	0
-0.328745	-4.95676	-0.344419	-0.328745	-4.95676	0
0.712054	-4.98719	-0.340655	0.712054	-4.98719	0
1.73545	-4.92753	-0.323389	1.73545	-4.92753	0
2.79298	-4.88024	-0.32106	2.79298	-4.88024	0
3.77659	-4.91385	-0.309242	3.77659	-4.91385	0
4.80315	-4.92334	-0.316777	4.80315	-4.92334	0
5.80376	-4.90504	-0.321283	5.80376	-4.90504	0
6.8955	-4.9392	-0.318832	6.8955	-4.9392	0
7.91359	-4.96401	-0.320096	7.91359	-4.96401	0
8.89185	-4.94619	-0.329218	8.89185	-4.94619	0
9.98647	-4.92102	-0.293682	9.98647	-4.92102	0
10.9646	-4.90209	-0.326851	10.9646	-4.90209	0
-11.7777	-4.98028	-0.336603	-11.7777	-4.98028	0
-10.742	-4.93313	-0.332767	-10.742	-4.93313	0
-9.6966	-4.93662	-0.303356	-9.6966	-4.93662	0
-8.64001	-4.95718	-0.289785	-8.64001	-4.95718	0
-7.5499	-4.99542	-0.322894	-7.5499	-4.99542	0
-6.48904	-4.95098	-0.336159	-6.48904	-4.95098	0
-5.48607	-4.9531	-0.335278	-5.48607	-4.9531	0
-4.47392	-5.00574	-0.294865	-4.47392	-5.00574	0
-3.35299	-4.94478	-0.329143	-3.35299	-4.94478	0
-2.36261	-5.01896	-0.332544	-2.36261	-5.01896	0
-1.33385	-4.92002	-0.323819	-1.33385	-4.92002	0
-0.328671	-3.89711	-0.301228	-0.328671	-3.89711	0
0.741225	-3.93566	-0.309736	0.741225	-3.93566	0
1.70487	-3.87772	-0.297596	1.70487	-3.87772	0
2.72877	-3.80079	-0.310417	2.72877	-3.80079	0
3.76907	-3.85857	-0.327081	3.76907	-3.85857	0
4.8206	-3.93498	-0.329548	4.8206	-3.93498	0
5.85653	-3.9314	-0.315572	5.85653	-3.9314	0
6.86469	-3.90918	-0.311441	6.86469	-3.90918	0
7.93151	-3.87985	-0.290801	7.93151	-3.87985	0
8.95163	-3.91686	-0.321999	8.95163	-3.91686	0
9.95664	-3.90694	-0.331744	9.95664	-3.90694	0
11.0355	-3.85315	-0.308784	11.0355	-3.85315	0
-11.7912	-3.89353	-0.28252	-11.7912	-3.89353	0
-10.7588	-3.86779	-0.315523	-10.7588	-3.86779	0
-9.66166	-3.89913	-0.301899	-9.66166	-3.89913	0
-8.62995	-4.00453	-0.327172	-8.62995	-4.00453	0
-7.55698	-3.99444	-0.317539	-7.55698	-3.99444	0
-6.55927	-3.94708	-0.342888	-6.55927	-3.94708	0
-5.48033	-3.95455	-0.322521	-5.48033	-3.95455	0
-4.47691	-3.97518	-0.307886	-4.47691	-3.97518	0
-3.49037	-3.9124	-0.322353	-3.49037	-3.9124	0
-2.39475	-3.97536	-0.3368	-2.39475	-3.97536	0
-1.35051	-3.9592	-0.331943	-1.35051	-3.9592	0
-0.346954	-2.81756	-0.309214	-0.346954	-2.81756	0
0.652048	-2.88417	-0.333541	0.652048	-2.88417	0
1.69805	-2.87179	-0.327243	1.69805	-2.87179	0
2.77225	-2.7716	-0.315181	2.77225	-2.7716	0
3.82074	-2.82398	-0.303353	3.82074	-2.82398	0
4.85894	-2.88766	-0.321343	4.85894	-2.88766	0
5.82165	-2.90364	-0.307383	5.82165	-2.90364	0
6.86212	-2.91357	-0.325799	6.86212	-2.91357	0
7.90416	-2.87948	-0.326878	7.90416	-2.87948	0
8.92813	-2.8974	-0.341007	8.92813	-2.8974	0
9.97137	-2.93928	-0.336416	9.97137	-2.93928	0
10.9647	-2.81747	-0.270034	10.9647	-2.81747	0
-11.7908	-2.83352	-0.303091	-11.7908	-2.83352	0
-10.7426	-2.87148	-0.321639	-10.7426	-2.87148	0
-9.70007	-2.80207	-0.308736	-9.70007	-2.80207	0
-8.68959	-2.88768	-0.34761	-8.68959	-2.88768	0
-7.60334	-2.96708	-0.310666	-7.60334	-2.96708	0
-6.59507	-2.93463	-0.328838	-6.59507	-2.93463	0
-5.51456	-2.94216	-0.321796	-5.51456	-2.94216	0
-4.49575	-2.94502	-0.348037	-4.49575	-2.94502	0
-3.47187	-2.92977	-0.330549	-3.47187	-2.92977	0
-2.3977	-2.93812	-0.311121	-2.3977	-2.93812	0
-1.39281	-2.85415	-0.291641	-1.39281	-2.85415	0
-0.336852	-1.76352	-0.31823	-0.336852	-1.76352	0
0.656293	-1.84257	-0.313862	0.656293	-1.84257	0
1.69063	-1.80419	-0.305485	1.69063	-1.80419	0
2.72658	-1.7555	-0.323825	2.72658	-1.7555	0
3.76696	-1.79247	-0.325297	3.76696	-1.79247	0
4.78282	-1.80877	-0.331193	4.78282	-1.80877	0
5.80404	-1.83212	-0.304495	5.80404	-1.83212	0
6.77738	-1.88167	-0.305213	6.77738	-1.88167	0
7.79716	-1.86572	-0.321225	7.79716	-1.86572	0
8.86392	-1.80988	-0.293027	8.86392	-1.80988	0
9.85303	-1.86396	-0.312051	9.85303	-1.86396	0
10.9208	-1.84724	-0.339644	10.9208	-1.84724	0
-11.7772	-1.81717	-0.307138	-11.7772	-1.81717	0
-10.7262	-1.858	-0.29728	-10.7262	-1.858	0
-9.62074	-1.83756	-0.312632	-9.62074	-1.83756	0
-8.62351	-1.83612	-0.311112	-8.62351	-1.83612	0
-7.60902	-1.92532	-0.328148	-7.60902	-1.92532	0
-6.55994	-1.88764	-0.2977	-6.55994	-1.88764	0
-5.52389	-1.92876	-0.31023	-5.52389	-1.92876	0
-4.51258	-1.93093	-0.313783	-4.51258	-1.93093	0
-3.43898	-1.90845	-0.298045	-3.43898	-1.90845	0
-2.39311	-1.88111	-0.332092	-2.39311	-1.88111	0
-1.37513	-1.86027	-0.31302	-1.37513	-1.86027	0
-0.365703	-0.78349	-0.317517	-0.365703	-0.78349	0
0.650199	-0.740897	-0.322971	0.650199	-0.740897	0
1.69232	-0.767159	-0.292413	1.69232	-0.767159	0
2.67542	-0.785612	-0.339627	2.67542	-0.785612	0
3.7553	-0.787701	-0.323058	3.7553	-0.787701	0
4.78124	-0.786158	-0.293736	4.78124	-0.786158	0
5.83213	-0.812695	-0.320496	5.83213	-0.812695	0
6.85851	-0.820373	-0.323057	6.85851	-0.820373	0
7.83248	-0.845581	-0.32472	7.83248	-0.845581	0
8.87296	-0.781805	-0.313043	8.87296	-0.781805	0
9.95816	-0.791346	-0.315218	9.95816	-0.791346	0
10.9548	-0.821547	-0.326023	10.9548	-0.821547	0
-11.7814	-0.83101	-0.309367	-11.7814	-0.83101	0
-10.7954	-0.843155	-0.321631	-10.7954	-0.843155	0
-9.70594	-0.841683	-0.339173	-9.70594	-0.841683	0
-8.63008	-0.84574	-0.320039	-8.63008	-0.84574	0
-7.58484	-0.907343	-0.323897	-7.58484	-0.907343	0
-6.55836	-0.894064	-0.299392	-6.55836	-0.894064	0
-5.49752	-0.894583	-0.327858	-5.49752	-0.894583	0
-4.51255	-0.906525	-0.335593	-4.51255	-0.906525	0
-3.49442	-0.900679	-0.322826	-3.49442	-0.900679	0
-2.37143	-0.861482	-0.327964	-2.37143	-0.861482	0
-1.31065	-0.806577	-0.302949	-1.31065	-0.806577	0
0.134009	0.70685	0.334216	0.134009	0.70685	0
1.21188	0.745153	0.325898	1.21188	0.745153	0
2.23575	0.820828	0.317826	2.23575	0.820828	0
3.27633	0.753727	0.303936	3.27633	0.753727	0
4.2654	0.784656	0.300796	4.2654	0.784656	0
5.32696	0.773617	0.33678	5.32696	0.773617	0
6.3537	0.731652	0.311426	6.3537	0.731652	0
7.37596	0.693054	0.319958	7.37596	0.693054	0
8.37278	0.701318	0.303168	8.37278	0.701318	0
9.46172	0.702611	0.315174	9.46172	0.702611	0
10.4513	0.805859	0.308347	10.4513	0.805859	0
11.5045	0.720799	0.287525	11.5045	0.720799	0
-11.2914	0.707666	0.337451	-11.2914	0.707666	0
-10.2169	0.662166	0.330061	-10.2169	0.662166	0
-9.17459	0.680186	0.325555	-9.17459	0.680186	0
-8.07929	0.636729	0.321106	-8.07929	0.636729	0
-7.08327	0.623928	0.335873	-7.08327	0.623928	0
-6.04428	0.661081	0.312748	-6.04428	0.661081	0
-4.99826	0.690009	0.292168	-4.99826	0.690009	0
-3.94272	0.684774	0.276958	-3.94272	0.684774	0
-2.91314	0.626376	0.292643	-2.91314	0.626376	0
-1.85906	0.668303	0.321698	-1.85906	0.668303	0
-0.850401	0.697358	0.298978	-0.850401	0.697358	0
0.199864	1.77582	0.305534	0.199864	1.77582	0
1.20935	1.7862	0.32924	1.20935	1.7862	0
2.29039	1.79812	0.330447	2.29039	1.79812	0
3.30826	1.81767	0.299301	3.30826	1.81767	0
4.31969	1.76724	0.344364	4.31969	1.76724	0
5.38331	1.77907	0.31958	5.38331	1.77907	0
6.34819	1.74891	0.314512	6.34819	1.74891	0
7.34077	1.6954	0.32577	7.34077	1.6954	0
8.45006	1.73963	0.321518	8.45006	1.73963	0
9.47955	1.74602	0.314718	9.47955	1.74602	0
10.5279	1.7462	0.323712	10.5279	1.7462	0
11.5462	1.76381	0.300631	11.5462	1.76381	0
-11.2469	1.70197	0.311672	-11.2469	1.70197	0
-10.1577	1.73099	0.304365	-10.1577	1.73099	0
-9.11711	1.69088	0.291	-9.11711	1.69088	0
-8.04469	1.67367	0.315687	-8.04469	1.67367	0
-6.98763	1.70917	0.287272	-6.98763	1.70917	0
-5.97232	1.76662	0.337399	-5.97232	1.76662	0
-4.99057	1.67212	0.308938	-4.99057	1.67212	0
-3.9272	1.67528	0.316588	-3.9272	1.67528	0
-2.92967	1.76649	0.325489	-2.92967	1.76649	0
-1.85984	1.76902	0.32092	-1.85984	1.76902	0
-0.816091	1.70485	0.296686	-0.816091	1.70485	0
0.183989	2.76947	0.34331	0.183989	2.76947	0
1.17049	2.80343	0.34868	1.17049	2.80343	0
2.26924	2.78538	0.33038	2.26924	2.78538	0
3.34555	2.84275	0.298225	3.34555	2.84275	0
4.30374	2.79177	0.311527	4.30374	2.79177	0
5.32355	2.82579	0.320179	5.32355	2.82579	0
6.37725	2.80488	0.306487	6.37725	2.80488	0
7.36764	2.73775	0.35215	7.36764	2.73775	0
8.40951	2.73322	0.343524	8.40951	2.73322	0
9.51521	2.8484	0.315268	9.51521	2.8484	0
10.5573	2.84434	0.302398	10.5573	2.84434	0
11.5894	2.80077	0.317751	11.5894	2.80077	0
-11.188	2.74715	0.32767	-11.188	2.74715	0
-10.1489	2.72929	0.292745	-10.1489	2.72929	0
-9.0928	2.67576	0.331871	-9.0928	2.67576	0
-8.04831	2.739	0.331516	-8.04831	2.739	0
-7.08807	2.71304	0.315999	-7.08807	2.71304	0
-6.04974	2.79487	0.320466	-6.04974	2.79487	0
-5.00158	2.73636	0.322493	-5.00158	2.73636	0
-3.94476	2.72456	0.319747	-3.94476	2.72456	0
-2.88278	2.7936	0.317508	-2.88278	2.7936	0
-1.83717	2.83697	0.313578	-1.83717	2.83697	0
-0.839277	2.76361	0.314324	-0.839277	2.76361	0
0.24022	3.83437	0.315155	0.24022	3.83437	0
1.23478	3.87109	0.317717	1.23478	3.87109	0
2.25189	3.82224	0.3067	2.25189	3.82224	0
3.3071	3.81592	0.313437	3.3071	3.81592	0
4.33187	3.85431	0.32872	4.33187	3.85431	0
5.38896	3.86186	0.320888	5.38896	3.86186	0
6.4236	3.82511	0.319422	6.4236	3.82511	0
7.45588	3.81308	0.306035	7.45588	3.81308	0
8.45751	3.81911	0.324955	8.45751	3.81911	0
9.47252	3.85193	0.311129	9.47252	3.85193	0
10.5306	3.87464	0.314191	10.5306	3.87464	0
11.5401	3.85166	0.333207	11.5401	3.85166	0
-11.1761	3.76167	0.329075	-11.1761	3.76167	0
-10.1088	3.73731	0.309062	-10.1088	3.73731	0
-9.14847	3.75374	0.290264	-9.14847	3.75374	0
-8.09002	3.75185	0.298788	-8.09002	3.75185	0
-7.09403	3.72144	0.300426	-7.09403	3.72144	0
-6.0379	3.80848	0.320031	-6.0379	3.80848	0
-5.00623	3.80698	0.334385	-5.00623	3.80698	0
-3.94842	3.80703	0.308931	-3.94842	3.80703	0
-2.9054	3.85	0.327337	-2.9054	3.85	0
-1.94273	3.84304	0.321263	-1.94273	3.84304	0
-0.869757	3.7997	0.311158	-0.869757	3.7997	0
0.207108	4.88174	0.326069	0.207108	4.88174	0
1.27824	4.88184	0.313497	1.27824	4.88184	0
2.29387	4.88388	0.316311	2.29387	4.88388	0
3.30832	4.8585	0.294911	3.30832	4.8585	0
4.3494	4.86905	0.296504	4.3494	4.86905	0
5.34728	4.90327	0.335165	5.34728	4.90327	0
6.35128	4.87512	0.306622	6.35128	4.87512	0
7.39441	4.90106	0.332882	7.39441	4.90106	0
8.38524	4.84288	0.31137	8.38524	4.84288	0
9.44352	4.86794	0.335993	9.44352	4.86794	0
10.54	4.90989	0.317339	10.54	4.90989	0
11.6104	4.85303	0.325768	11.6104	4.85303	0
-11.1576	4.83704	0.31806	-11.1576	4.83704	0
-10.1383	4.81988	0.295622	-10.1383	4.81988	0
-9.1442	4.82998	0.336755	-9.1442	4.82998	0
-8.08662	4.84757	0.344105	-8.08662	4.84757	0
-7.09145	4.82703	0.335832	-7.09145	4.82703	0
-6.02072	4.83154	0.332187	-6.02072	4.83154	0
-5.01786	4.78094	0.307757	-5.01786	4.78094	0
-3.99392	4.79374	0.312702	-3.99392	4.79374	0
-2.87244	4.87792	0.323909	-2.87244	4.87792	0
-1.88081	4.87737	0.3148	-1.88081	4.87737	0
-0.865656	4.81602	0.331563	-0.865656	4.81602	0
0.1586	5.89939	0.337457	0.1586	5.89939	0
1.17763	5.90912	0.315644	1.17763	5.90912	0
2.22078	5.90488	0.319647	2.22078	5.90488	0
3.28476	5.93247	0.329672	3.28476	5.93247	0
4.34929	5.95698	0.30333	4.34929	5.95698	0
5.35953	5.96764	0.345143	5.35953	5.96764	0
6.34546	5.90814	0.313862	6.34546	5.90814	0
7.41971	5.89907	0.322907	7.41971	5.89907	0
8.49068	5.86282	0.295094	8.49068	5.86282	0
9.46763	5.88221	0.302145	9.46763	5.88221	0
10.5329	5.89623	0.313319	10.5329	5.89623	0
11.5917	5.93002	0.299424	11.5917	5.93002	0
-11.2125	5.87969	0.305203	-11.2125	5.87969	0
-10.1383	5.86178	0.315403	-10.1383	5.86178	0
-9.14297	5.87103	0.303969	-9.14297	5.87103	0
-8.12466	5.80982	0.350687	-8.12466	5.80982	0
-7.02905	5.82749	0.321519	-7.02905	5.82749	0
-6.01651	5.86313	0.317479	-6.01651	5.86313	0
-5.04413	5.83408	0.334323	-5.04413	5.83408	0
-3.96185	5.86237	0.298802	-3.96185	5.86237	0
-2.96028	5.92843	0.311184	-2.96028	5.92843	0
-1.89428	5.88793	0.333319	-1.89428	5.88793	0
-0.831704	5.90513	0.319801	-0.831704	5.90513	0
0.189819	6.93258	0.331788	0.189819	6.93258	0
1.1974	6.98058	0.297773	1.1974	6.98058	0
2.22955	6.96947	0.318023	2.22955	6.96947	0
3.25971	6.93475	0.329302	3.25971	6.93475	0
4.34564	6.96344	0.316828	4.34564	6.96344	0
5.40979	6.9711	0.314881	5.40979	6.9711	0
6.41276	6.9054	0.335833	6.41276	6.9054	0
7.44	6.92148	0.319467	7.44	6.92148	0
8.44265	6.95066	0.32343	8.44265	6.95066	0
9.49117	6.90909	0.307171	9.49117	6.90909	0
10.524	6.90876	0.319175	10.524	6.90876	0
11.5414	6.93974	0.308605	11.5414	6.93974	0
-11.2319	6.86542	0.32595	-11.2319	6.86542	0
-10.1261	6.94792	0.316657	-10.1261	6.94792	0
-9.12235	6.86444	0.311315	-9.12235	6.86444	0
-8.05345	6.85105	0.332656	-8.05345	6.85105	0
-7.11966	6.86608	0.334929	-7.11966	6.86608	0
-6.08593	6.84703	0.313346	-6.08593	6.84703	0
-4.99391	6.8833	0.321745	-4.99391	6.8833	0
-4.01728	6.89635	0.334471	-4.01728	6.89635	0
-3.00611	6.94566	0.307988	-3.00611	6.94566	0
-1.96212	6.90249	0.295364	-1.96212	6.90249	0
-0.794252	6.92796	0.302924	-0.794252	6.92796	0
0.110387	7.9475	0.347943	0.110387	7.9475	0
1.2046	7.98309	0.323263	1.2046	7.98309	0
2.28307	7.93162	0.30547	2.28307	7.93162	0
3.31132	7.92905	0.322167	3.31132	7.92905	0
4.3172	7.99268	0.354172	4.3172	7.99268	0
5.40128	8.03839	0.318278	5.40128	8.03839	0
6.46067	7.94595	0.328113	6.46067	7.94595	0
7.47039	8.01919	0.313069	7.47039	8.01919	0
8.50975	8.00576	0.287627	8.50975	8.00576	0
9.56657	7.94144	0.32734	9.56657	7.94144	0
10.5555	7.93365	0.309707	10.5555	7.93365	0
11.5602	7.93283	0.333186	11.5602	7.93283	0
-11.2223	7.9518	0.320386	-11.2223	7.9518	0
-10.1898	7.96562	0.327487	-10.1898	7.96562	0
-9.07769	7.9353	0.327149	-9.07769	7.9353	0
-8.07979	7.90489	0.33071	-8.07979	7.90489	0
-7.1086	7.92668	0.352779	-7.1086	7.92668	0
-6.02028	7.90801	0.324347	-6.02028	7.90801	0
-5.04761	7.88351	0.310789	-5.04761	7.88351	0
-3.97318	7.93658	0.337381	-3.97318	7.93658	0
-2.97846	7.96593	0.313053	-2.97846	7.96593	0
-1.88642	7.98569	0.327404	-1.88642	7.98569	0
-0.86283	7.93742	0.279322	-0.86283	7.93742	0
0.0639147	8.99728	0.329604	0.0639147	8.99728	0
1.20321	8.96237	0.300341	1.20321	8.96237	0
2.27446	8.97317	0.281915	2.27446	8.97317	0
3.27791	9.03187	0.342099	3.27791	9.03187	0
4.37306	9.09148	0.316497	4.37306	9.09148	0
5.43069	9.05729	0.327152	5.43069	9.05729	0
6.49014	9.02699	0.310271	6.49014	9.02699	0
7.43895	9.03464	0.348894	7.43895	9.03464	0
8.51379	8.95429	0.30645	8.51379	8.95429	0
9.54934	9.00707	0.352781	9.54934	9.00707	0
10.5485	9.00735	0.300919	10.5485	9.00735	0
11.6101	8.98051	0.329218	11.6101	8.98051	0
-11.1718	8.99257	0.345407	-11.1718	8.99257	0
-10.1834	9.0011	0.301442	-10.1834	9.0011	0
-9.0863	8.96271	0.31189	-9.0863	8.96271	0
-8.05546	8.9171	0.337314	-8.05546	8.9171	0
-7.06539	8.96433	0.319427	-7.06539	8.96433	0
-6.07654	8.94696	0.319064	-6.07654	8.94696	0
-5.00801	9.0026	0.337332	-5.00801	9.0026	0
-3.99618	8.963	0.329169	-3.99618	8.963	0
-2.94904	9.0387	0.34193	-2.94904	9.0387	0
-1.94404	9.0101	0.315493	-1.94404	9.0101	0
-0.889028	8.95682	0.337009	-0.889028	8.95682	0
0.182516	10.0151	0.322701	0.182516	10.0151	0
1.18819	10.038	0.316902	1.18819	10.038	0
2.23751	10.025	0.303401	2.23751	10.025	0
3.26354	10.0289	0.293471	3.26354	10.0289	0
4.29158	10.0884	0.289029	4.29158	10.0884	0
5.32368	10.0643	0.274064	5.32368	10.0643	0
6.38319	10.0449	0.309368	6.38319	10.0449	0
7.46654	10.0418	0.338022	7.46654	10.0418	0
8.48259	9.98795	0.317454	8.48259	9.98795	0
9.50787	10.0231	0.338993	9.50787	10.0231	0
10.5615	10.0302	0.338654	10.5615	10.0302	0
11.5595	9.9894	0.315531	11.5595	9.9894	0
-11.201	10.0823	0.324131	-11.201	10.0823	0
-10.0522	10.04	0.306219	-10.0522	10.04	0
-9.01192	10.0399	0.30298	-9.01192	10.0399	0
-8.01783	10.0631	0.307039	-8.01783	10.0631	0
-6.96995	10.0462	0.328953	-6.96995	10.0462	0
-5.96961	9.99998	0.286051	-5.96961	9.99998	0
-4.93166	9.99808	0.29991	-4.93166	9.99808	0
-3.92103	10.0243	0.290571	-3.92103	10.0243	0
-2.92315	10.0404	0.292622	-2.92315	10.0404	0
-1.93455	10.032	0.309254	-1.93455	10.032	0
-0.907525	10.0996	0.349035	-0.907525	10.0996	0
0.197138	10.9971	0.304245	0.197138	10.9971	0
1.21626	11.0464	0.294655	1.21626	11.0464	0
2.34396	11.0784	0.325469	2.34396	11.0784	0
3.29097	11.1018	0.292739	3.29097	11.1018	0
4.36873	11.0636	0.311585	4.36873	11.0636	0
5.38522	11.119	0.324553	5.38522	11.119	0
6.36576	11.1037	0.330162	6.36576	11.1037	0
7.41186	11.0793	0.3226	7.41186	11.0793	0
8.48281	11.004	0.310116	8.48281	11.004	0
9.536	11.0562	0.327275	9.536	11.0562	0
10.5454	11.0659	0.28402	10.5454	11.0659	0
11.5667	11.068	0.342004	11.5667	11.068	0
-11.1807	11.0785	0.328278	-11.1807	11.0785	0
-10.1401	11.0533	0.344591	-10.1401	11.0533	0
-9.15962	11.0691	0.313902	-9.15962	11.0691	0
-8.05281	11.0813	0.313865	-8.05281	11.0813	0
-7.02412	11.0604	0.322014	-7.02412	11.0604	0
-5.95218	11.091	0.334781	-5.95218	11.091	0
-4.94876	11.0374	0.343972	-4.94876	11.0374	0
-3.95076	11.0498	0.270917	-3.95076	11.0498	0
-2.88247	11.0598	0.323087	-2.88247	11.0598	0
-1.88392	11.0262	0.338494	-1.88392	11.0262	0
-0.805665	11.0725	0.318689	-0.805665	11.0725	0
0.214537	-11.7096	0.315163	0.214537	-11.7096	0
1.23792	-11.7154	0.305878	1.23792	-11.7154	0
2.27108	-11.6978	0.319453	2.27108	-11.6978	0
3.28207	-11.6584	0.327705	3.28207	-11.6584	0
4.34782	-11.641	0.326183	4.34782	-11.641	0
5.36996	-11.634	0.316059	5.36996	-11.634	0
6.381	-11.6247	0.308491	6.381	-11.6247	0
7.41295	-11.6884	0.301372	7.41295	-11.6884	0
8.45029	-11.6895	0.341097	8.45029	-11.6895	0
9.43159	-11.6942	0.335567	9.43159	-11.6942	0
10.534	-11.7045	0.322589	10.534	-11.7045	0
11.5444	-11.6966	0.324041	11.5444	-11.6966	0
-11.2383	-11.662	0.296164	-11.2383	-11.662	0
-10.1587	-11.644	0.32239	-10.1587	-11.644	0
-9.19753	-11.6174	0.31846	-9.19753	-11.6174	0
-8.12993	-11.6606	0.308647	-8.12993	-11.6606	0
-7.07491	-11.6461	0.336886	-7.07491	-11.6461	0
-6.02507	-11.7023	0.342124	-6.02507	-11.7023	0
-4.97771	-11.7674	0.295259	-4.97771	-11.7674	0
-3.95451	-11.7113	0.330372	-3.95451	-11.7113	0
-2.87301	-11.6863	0.309783	-2.87301	-11.6863	0
-1.8505	-11.7284	0.335641	-1.8505	-11.7284	0
-0.787015	-11.6652	0.343831	-0.787015	-11.6652	0
0.181302	-10.6478	0.322137	0.181302	-10.6478	0
1.30247	-10.658	0.309493	1.30247	-10.658	0
2.26243	-10.7087	0.332022	2.26243	-10.7087	0
3.27976	-10.6147	0.309411	3.27976	-10.6147	0
4.30688	-10.617	0.295306	4.30688	-10.617	0
5.32851	-10.6337	0.305299	5.32851	-10.6337	0
6.36601	-10.6537	0.288555	6.36601	-10.6537	0
7.47967	-10.6792	0.307614	7.47967	-10.6792	0
8.43519	-10.6807	0.338085	8.43519	-10.6807	0
9.45437	-10.6551	0.313865	9.45437	-10.6551	0
10.5413	-10.7035	0.301485	10.5413	-10.7035	0
11.6014	-10.6874	0.301447	11.6014	-10.6874	0
-11.1942	-10.7046	0.310298	-11.1942	-10.7046	0
-10.1222	-10.6343	0.320296	-10.1222	-10.6343	0
-9.16684	-10.6073	0.314866	-9.16684	-10.6073	0
-8.10334	-10.6156	0.290367	-8.10334	-10.6156	0
-7.04995	-10.652	0.316722	-7.04995	-10.652	0
-5.93079	-10.6935	0.288795	-5.93079	-10.6935	0
-4.92702	-10.7033	0.283614	-4.92702	-10.7033	0
-3.93088	-10.6657	0.316882	-3.93088	-10.6657	0
-2.91349	-10.6618	0.319922	-2.91349	-10.6618	0
-1.86298	-10.6606	0.322797	-1.86298	-10.6606	0
-0.83186	-10.6376	0.337984	-0.83186	-10.6376	0
0.265969	-9.60084	0.324986	0.265969	-9.60084	0
1.2718	-9.63696	0.295412	1.2718	-9.63696	0
2.23902	-9.59161	0.307093	2.23902	-9.59161	0
3.28592	-9.56943	0.335157	3.28592	-9.56943	0
4.33187	-9.53176	0.320621	4.33187	-9.53176	0
5.37983	-9.64518	0.339371	5.37983	-9.64518	0
6.35834	-9.65632	0.326013	6.35834	-9.65632	0
7.47781	-9.64972	0.283469	7.47781	-9.64972	0
8.45574	-9.60759	0.339772	8.45574	-9.60759	0
9.50247	-9.60476	0.348847	9.50247	-9.60476	0
10.5539	-9.61774	0.322395	10.5539	-9.61774	0
11.6264	-9.65982	0.335365	11.6264	-9.65982	0
-11.1382	-9.61311	0.347813	-11.1382	-9.61311	0
-10.1149	-9.58781	0.343797	-10.1149	-9.58781	0
-9.09864	-9.5493	0.315457	-9.09864	-9.5493	0
-8.0268	-9.61035	0.308477	-8.0268	-9.61035	0
-7.00933	-9.65925	0.344399	-7.00933	-9.65925	0
-5.9725	-9.64724	0.313183	-5.9725	-9.64724	0
-4.83448	-9.61558	0.304592	-4.83448	-9.61558	0
-3.89363	-9.61689	0.350665	-3.89363	-9.61689	0
-2.86263	-9.61467	0.295497	-2.86263	-9.61467	0
-1.87526	-9.63178	0.269627	-1.87526	-9.63178	0
-0.832042	-9.61148	0.312157	-0.832042	-9.61148	0
0.157294	-8.5941	0.300342	0.157294	-8.5941	0
1.19485	-8.57001	0.304635	1.19485	-8.57001	0
2.26574	-8.57169	0.324487	2.26574	-8.57169	0
3.2854	-8.50858	0.303004	3.2854	-8.50858	0
4.35372	-8.49685	0.327904	4.35372	-8.49685	0
5.34905	-8.53891	0.305507	5.34905	-8.53891	0
6.39396	-8.61609	0.319771	6.39396	-8.61609	0
7.42284	-8.6039	0.280282	7.42284	-8.6039	0
8.41682	-8.56679	0.304122	8.41682	-8.56679	0
9.46047	-8.58696	0.315026	9.46047	-8.58696	0
10.5611	-8.55782	0.313283	10.5611	-8.55782	0
11.5632	-8.58461	0.31725	11.5632	-8.58461	0
-11.2022	-8.57763	0.305446	-11.2022	-8.57763	0
-10.1613	-8.49953	0.306289	-10.1613	-8.49953	0
-9.13353	-8.53895	0.304147	-9.13353	-8.53895	0
-8.05947	-8.56915	0.304245	-8.05947	-8.56915	0
-7.01991	-8.60352	0.336995	-7.01991	-8.60352	0
-5.94761	-8.59381	0.324404	-5.94761	-8.59381	0
-4.93371	-8.58627	0.31406	-4.93371	-8.58627	0
-3.94972	-8.53969	0.326715	-3.94972	-8.53969	0
-2.90125	-8.62025	0.322125	-2.90125	-8.62025	0
-1.90103	-8.55379	0.335842	-1.90103	-8.55379	0
-0.832067	-8.60846	0.315451	-0.832067	-8.60846	0
0.214649	-7.57713	0.315167	0.214649	-7.57713	0
1.24152	-7.56422	0.306382	1.24152	-7.56422	0
2.26597	-7.51921	0.329268	2.26597	-7.51921	0
3.25575	-7.44844	0.287091	3.25575	-7.44844	0
4.30466	-7.45249	0.333752	4.30466	-7.45249	0
5.33633	-7.48932	0.337218	5.33633	-7.48932	0
6.42185	-7.53479	0.327674	6.42185	-7.53479	0
7.41693	-7.54882	0.31144	7.41693	-7.54882	0
8.49056	-7.55564	0.299268	8.49056	-7.55564	0
9.49402	-7.56169	0.347092	9.49402	-7.56169	0
10.523	-7.48613	0.311528	10.523	-7.48613	0
11.5267	-7.55011	0.316546	11.5267	-7.55011	0
-11.254	-7.55287	0.306344	-11.254	-7.55287	0
-10.1941	-7.45554	0.324151	-10.1941	-7.45554	0
-9.08451	-7.55635	0.305991	-9.08451	-7.55635	0
-8.06508	-7.5133	0.312771	-8.06508	-7.5133	0
-7.00633	-7.5661	0.311128	-7.00633	-7.5661	0
-5.96455	-7.55684	0.324073	-5.96455	-7.55684	0
-4.96712	-7.52	0.298627	-4.96712	-7.52	0
-3.87613	-7.52002	0.312174	-3.87613	-7.52002	0
-2.8697	-7.59681	0.309429	-2.8697	-7.59681	0
-1.87426	-7.5451	0.294103	-1.87426	-7.5451	0
-0.870986	-7.5675	0.285423	-0.870986	-7.5675	0
0.163474	-6.58124	0.326228	0.163474	-6.58124	0
1.21017	-6.50094	0.324443	1.21017	-6.50094	0
2.24491	-6.49433	0.309985	2.24491	-6.49433	0
3.2592	-6.42781	0.315266	3.2592	-6.42781	0
4.3229	-6.43732	0.310432	4.3229	-6.43732	0
5.36638	-6.45113	0.307408	5.36638	-6.45113	0
6.41263	-6.52843	0.31993	6.41263	-6.52843	0
7.42163	-6.5264	0.309421	7.42163	-6.5264	0
8.44305	-6.55196	0.29141	8.44305	-6.55196	0
9.42692	-6.45393	0.322058	9.42692	-6.45393	0
10.4702	-6.45176	0.313081	10.4702	-6.45176	0
11.4844	-6.49141	0.30642	11.4844	-6.49141	0
-11.2428	-6.50735	0.340007	-11.2428	-6.50735	0
-10.1938	-6.41541	0.308492	-10.1938	-6.41541	0
-9.144	-6.55229	0.30418	-9.144	-6.55229	0
-8.10797	-6.47644	0.324615	-8.10797	-6.47644	0
-7.03801	-6.50046	0.31399	-7.03801	-6.50046	0
-6.0105	-6.49692	0.335848	-6.0105	-6.49692	0
-4.97519	-6.53325	0.313549	-4.97519	-6.53325	0
-3.95731	-6.5231	0.337301	-3.95731	-6.5231	0
-2.88425	-6.52705	0.316145	-2.88425	-6.52705	0
-1.84729	-6.45703	0.30611	-1.84729	-6.45703	0
-0.813894	-6.52187	0.281825	-0.813894	-6.52187	0
0.149163	-5.5443	0.320389	0.149163	-5.5443	0
1.1712	-5.50223	0.333434	1.1712	-5.50223	0
2.2551	-5.37851	0.325932	2.2551	-5.37851	0
3.28704	-5.36482	0.356075	3.28704	-5.36482	0
4.28947	-5.42605	0.315415	4.28947	-5.42605	0
5.30535	-5.4517	0.300301	5.30535	-5.4517	0
6.38113	-5.45796	0.312304	6.38113	-5.45796	0
7.41379	-5.47392	0.329407	7.41379	-5.47392	0
8.4128	-5.51306	0.335178	8.4128	-5.51306	0
9.40164	-5.4573	0.311532	9.40164	-5.4573	0
10.4412	-5.43809	0.31606	10.4412	-5.43809	0
11.4805	-5.46524	0.34091	11.4805	-5.46524	0
-11.2152	-5.42306	0.316869	-11.2152	-5.42306	0
-10.1882	-5.46072	0.34423	-10.1882	-5.46072	0
-9.18738	-5.51373	0.301644	-9.18738	-5.51373	0
-8.09271	-5.47384	0.30921	-8.09271	-5.47384	0
-6.99755	-5.50537	0.332072	-6.99755	-5.50537	0
-6.01147	-5.46297	0.336785	-6.01147	-5.46297	0
-4.98834	-5.52863	0.303811	-4.98834	-5.52863	0
-3.93721	-5.48311	0.326036	-3.93721	-5.48311	0
-2.88458	-5.46042	0.323426	-2.88458	-5.46042	0
-1.8681	-5.4836	0.300178	-1.8681	-5.4836	0
-0.797338	-5.5082	0.301621	-0.797338	-5.5082	0
0.138356	-4.47039	0.301947	0.138356	-4.47039	0
1.20575	-4.44784	0.329034	1.20575	-4.44784	0
2.18958	-4.32529	0.329837	2.18958	-4.32529	0
3.23748	-4.31844	0.33616	3.23748	-4.31844	0
4.3238	-4.42764	0.323867	4.3238	-4.42764	0
5.3087	-4.40469	0.311457	5.3087	-4.40469	0
6.3955	-4.42891	0.341155	6.3955	-4.42891	0
7.44627	-4.45374	0.32582	7.44627	-4.45374	0
8.50958	-4.40595	0.314997	8.50958	-4.40595	0
9.43975	-4.46891	0.332646	9.43975	-4.46891	0
10.4369	-4.44551	0.326302	10.4369	-4.44551	0
11.5125	-4.44265	0.320468	11.5125	-4.44265	0
-11.2766	-4.42192	0.314323	-11.2766	-4.42192	0
-10.2618	-4.37863	0.31494	-10.2618	-4.37863	0
-9.16192	-4.40733	0.317334	-9.16192	-4.40733	0
-8.09525	-4.45694	0.32992	-8.09525	-4.45694	0
-7.04194	-4.4923	0.330763	-7.04194	-4.4923	0
-6.00952	-4.43105	0.307677	-6.00952	-4.43105	0
-4.95564	-4.50892	0.335831	-4.95564	-4.50892	0
-3.91202	-4.46366	0.317803	-3.91202	-4.46366	0
-2.90779	-4.45176	0.327531	-2.90779	-4.45176	0
-1.91827	-4.46614	0.308997	-1.91827	-4.46614	0
-0.863322	-4.43697	0.317158	-0.863322	-4.43697	0
0.162433	-3.38027	0.335487	0.162433	-3.38027	0
1.14643	-3.36358	0.312433	1.14643	-3.36358	0
2.20954	-3.35298	0.333376	2.20954	-3.35298	0
3.28598	-3.31	0.316276	3.28598	-3.31	0
4.31325	-3.3263	0.30585	4.31325	-3.3263	0
5.35082	-3.41259	0.327155	5.35082	-3.41259	0
6.35947	-3.40384	0.315847	6.35947	-3.40384	0
7.42282	-3.43611	0.315482	7.42282	-3.43611	0
8.41063	-3.36578	0.320148	8.41063	-3.36578	0
9.43498	-3.40631	0.315348	9.43498	-3.40631	0
10.4866	-3.4198	0.338195	10.4866	-3.4198	0
11.5276	-3.36297	0.326117	11.5276	-3.36297	0
-11.2354	-3.34409	0.307023	-11.2354	-3.34409	0
-10.2616	-3.35877	0.311586	-10.2616	-3.35877	0
-9.16591	-3.41553	0.304069	-9.16591	-3.41553	0
-8.11771	-3.45786	0.303641	-8.11771	-3.45786	0
-7.08506	-3.46355	0.318594	-7.08506	-3.46355	0
-6.05009	-3.41207	0.323713	-6.05009	-3.41207	0
-5.0325	-3.47675	0.307137	-5.0325	-3.47675	0
-3.99381	-3.44963	0.292485	-3.99381	-3.44963	0
-2.95084	-3.45165	0.336184	-2.95084	-3.45165	0
-1.89329	-3.48615	0.3057	-1.89329	-3.48615	0
-0.810824	-3.35283	0.307335	-0.810824	-3.35283	0
0.124084	-2.29004	0.325837	0.124084	-2.29004	0
1.13793	-2.34452	0.335357	1.13793	-2.34452	0
2.23511	-2.34868	0.31684	2.23511	-2.34868	0
3.24628	-2.26997	0.304762	3.24628	-2.26997	0
4.35832	-2.35025	0.322891	4.35832	-2.35025	0
5.34796	-2.31745	0.324144	5.34796	-2.31745	0
6.31882	-2.41655	0.339939	6.31882	-2.41655	0
7.31857	-2.35192	0.303928	7.31857	-2.35192	0
8.33972	-2.35655	0.337473	8.33972	-2.35655	0
9.38007	-2.36036	0.311311	9.38007	-2.36036	0
10.3808	-2.3852	0.32515	10.3808	-2.3852	0
11.4769	-2.37664	0.312317	11.4769	-2.37664	0
-11.249	-2.34993	0.313478	-11.249	-2.34993	0
-10.2129	-2.32952	0.326935	-10.2129	-2.32952	0
-9.14519	-2.34365	0.335351	-9.14519	-2.34365	0
-8.13843	-2.41022	0.303381	-8.13843	-2.41022	0
-7.09029	-2.43267	0.286021	-7.09029	-2.43267	0
-6.07013	-2.41543	0.327877	-6.07013	-2.41543	0
-4.99443	-2.48521	0.303999	-4.99443	-2.48521	0
-3.99302	-2.43408	0.297948	-3.99302	-2.43408	0
-2.94389	-2.42912	0.307255	-2.94389	-2.42912	0
-1.92998	-2.40626	0.311818	-1.92998	-2.40626	0
-0.892338	-2.363	0.337442	-0.892338	-2.363	0
0.178322	-1.28044	0.324359	0.178322	-1.28044	0
1.18385	-1.33883	0.318451	1.18385	-1.33883	0
2.22642	-1.31605	0.326367	2.22642	-1.31605	0
3.2615	-1.29011	0.308498	3.2615	-1.29011	0
4.28799	-1.28726	0.297103	4.28799	-1.28726	0
5.2931	-1.29727	0.310655	5.2931	-1.29727	0
6.32106	-1.35403	0.319548	6.32106	-1.35403	0
7.30662	-1.37715	0.327812	7.30662	-1.37715	0
8.36502	-1.30567	0.320857	8.36502	-1.30567	0
9.44795	-1.25813	0.345349	9.44795	-1.25813	0
10.4509	-1.35823	0.310222	10.4509	-1.35823	0
11.4724	-1.31952	0.338741	11.4724	-1.31952	0
-11.2531	-1.34402	0.339258	-11.2531	-1.34402	0
-10.1836	-1.30862	0.322542	-10.1836	-1.30862	0
-9.15454	-1.28559	0.330085	-9.15454	-1.28559	0
-8.09539	-1.36926	0.322922	-8.09539	-1.36926	0
-7.14653	-1.41614	0.31812	-7.14653	-1.41614	0
-6.05361	-1.36863	0.333413	-6.05361	-1.36863	0
-5.05912	-1.4142	0.307539	-5.05912	-1.4142	0
-4.0342	-1.447	0.326843	-4.0342	-1.447	0
-2.93964	-1.39648	0.31354	-2.93964	-1.39648	0
-1.90552	-1.34643	0.32026	-1.90552	-1.34643	0
-0.876746	-1.34428	0.342084	-0.876746	-1.34428	0
0.173608	-0.271042	0.320056	0.173608	-0.271042	0
1.20261	-0.294802	0.298291	1.20261	-0.294802	0
2.23033	-0.216351	0.313056	2.23033	-0.216351	0
3.24916	-0.28131	0.306187	3.24916	-0.28131	0
4.26767	-0.232464	0.300913	4.26767	-0.232464	0
5.32717	-0.269221	0.327547	5.32717	-0.269221	0
6.31839	-0.297968	0.32649	6.31839	-0.297968	0
7.37212	-0.316336	0.337139	7.37212	-0.316336	0
8.28729	-0.342727	0.300154	8.28729	-0.342727	0
9.39411	-0.31994	0.328198	9.39411	-0.31994	0
10.4578	-0.260627	0.293682	10.4578	-0.260627	0
11.4315	-0.300954	0.307841	11.4315	-0.300954	0
-11.2401	-0.314402	0.327806	-11.2401	-0.314402	0
-10.1762	-0.314802	0.344632	-10.1762	-0.314802	0
-9.13263	-0.359796	0.322226	-9.13263	-0.359796	0
-8.09785	-0.413182	0.318106	-8.09785	-0.413182	0
-7.03809	-0.375832	0.311153	-7.03809	-0.375832	0
-6.01958	-0.416026	0.305255	-6.01958	-0.416026	0
-5.01388	-0.408643	0.327992	-5.01388	-0.408643	0
-3.97438	-0.389161	0.295187	-3.97438	-0.389161	0
-2.89814	-0.398981	0.329338	-2.89814	-0.398981	0
-1.83784	-0.330557	0.324064	-1.83784	-0.330557	0
-0.838098	-0.305085	0.339404	-0.838098	-0.305085	0
