-0.288848	-0.0669381	-0.297645	-0.288848	-0.0669381	0
0.811077	-0.0791979	-0.315732	0.811077	-0.0791979	0
1.83498	-0.0862368	-0.342028	1.83498	-0.0862368	0
2.84498	-0.0717744	-0.312135	2.84498	-0.0717744	0
3.85495	-0.0464	-0.326034	3.85495	-0.0464	0
4.90438	-0.0623218	-0.312227	4.90438	-0.0623218	0
5.90571	-0.063084	-0.332359	5.90571	-0.063084	0
6.91653	-0.0261356	-0.294712	6.91653	-0.0261356	0
8.01061	-0.0832114	-0.319904	8.01061	-0.0832114	0
9.06805	-0.0855578	-0.318423	9.06805	-0.0855578	0
10.1067	-0.0701797	-0.330842	10.1067	-0.0701797	0
11.1073	-0.0794145	-0.311717	11.1073	-0.0794145	0
-11.6292	-0.0936879	-0.323809	-11.6292	-0.0936879	0
-10.5802	-0.121344	-0.321543	-10.5802	-0.121344	0
-9.6167	-0.135353	-0.307719	-9.6167	-0.135353	0
-8.55417	-0.122268	-0.322925	-8.55417	-0.122268	0
-7.57526	-0.110246	-0.293703	-7.57526	-0.110246	0
-6.55695	-0.048761	-0.298574	-6.55695	-0.048761	0
-5.47068	-0.0516265	-0.31999	-5.47068	-0.0516265	0
-4.43818	-0.0484127	-0.327887	-4.43818	-0.0484127	0
-3.41269	-0.0778868	-0.294702	-3.41269	-0.0778868	0
-2.40114	-0.0555573	-0.330682	-2.40114	-0.0555573	0
-1.31703	-0.090077	-0.310518	-1.31703	-0.090077	0
-0.258065	0.997031	-0.272539	-0.258065	0.997031	0
0.783275	0.922028	-0.314688	0.783275	0.922028	0
1.80804	0.945572	-0.273863	1.80804	0.945572	0
2.87917	0.938102	-0.337432	2.87917	0.938102	0
3.8753	1.00751	-0.293082	3.8753	1.00751	0
4.83791	0.963722	-0.356997	4.83791	0.963722	0
5.87681	0.987454	-0.321338	5.87681	0.987454	0
6.94394	0.955614	-0.311467	6.94394	0.955614	0
8.00615	0.984568	-0.28078	8.00615	0.984568	0
9.04339	0.953335	-0.330118	9.04339	0.953335	0
10.1072	0.970516	-0.301433	10.1072	0.970516	0
11.1137	0.977069	-0.320967	11.1137	0.977069	0
-11.635	1.00686	-0.319231	-11.635	1.00686	0
-10.6365	0.93086	-0.333034	-10.6365	0.93086	0
-9.58421	0.898746	-0.273856	-9.58421	0.898746	0
-8.56103	0.930909	-0.320364	-8.56103	0.930909	0
-7.55402	0.920483	-0.335992	-7.55402	0.920483	0
-6.47153	0.971192	-0.319687	-6.47153	0.971192	0
-5.4682	0.984658	-0.338682	-5.4682	0.984658	0
-4.42442	0.929464	-0.317685	-4.42442	0.929464	0
-3.37774	0.965069	-0.336094	-3.37774	0.965069	0
-2.3109	0.928364	-0.317811	-2.3109	0.928364	0
-1.26887	0.939596	-0.31805	-1.26887	0.939596	0
-0.289763	1.92085	-0.273732	-0.289763	1.92085	0
0.777431	1.94607	-0.319793	0.777431	1.94607	0
1.84393	1.98661	-0.341292	1.84393	1.98661	0
2.8619	1.99429	-0.326866	2.8619	1.99429	0
3.89461	1.98417	-0.304008	3.89461	1.98417	0
4.9526	2.04366	-0.326089	4.9526	2.04366	0
5.97756	1.96256	-0.320077	5.97756	1.96256	0
7.02424	1.97816	-0.343527	7.02424	1.97816	0
8.03859	1.96032	-0.307548	8.03859	1.96032	0
9.0616	1.99599	-0.319166	9.0616	1.99599	0
10.0252	1.93098	-0.302824	10.0252	1.93098	0
11.1096	1.93558	-0.33127	11.1096	1.93558	0
-11.634	2.01109	-0.307986	-11.634	2.01109	0
-10.597	1.9586	-0.296475	-10.597	1.9586	0
-9.53216	2.01975	-0.332797	-9.53216	2.01975	0
-8.52546	1.95224	-0.289101	-8.52546	1.95224	0
-7.52343	1.95026	-0.308944	-7.52343	1.95026	0
-6.4764	2.00449	-0.338078	-6.4764	2.00449	0
-5.44276	2.01793	-0.331342	-5.44276	2.01793	0
-4.42253	1.97383	-0.330214	-4.42253	1.97383	0
-3.39387	1.96542	-0.34201	-3.39387	1.96542	0
-2.35858	1.95048	-0.34263	-2.35858	1.95048	0
-1.29427	2.01955	-0.315977	-1.29427	2.01955	0
-0.29503	3.01364	-0.331469	-0.29503	3.01364	0
0.85891	3.03855	-0.327863	0.85891	3.03855	0
1.84694	2.97846	-0.32027	1.84694	2.97846	0
2.9082	3.02576	-0.315983	2.9082	3.02576	0
3.93089	3.04335	-0.323934	3.93089	3.04335	0
4.96102	3.0694	-0.322862	4.96102	3.0694	0
5.96113	3.11349	-0.325936	5.96113	3.11349	0
7.03947	3.0366	-0.33131	7.03947	3.0366	0
8.03036	3.03447	-0.334758	8.03036	3.03447	0
9.01693	2.99242	-0.29198	9.01693	2.99242	0
10.0297	2.97903	-0.336562	10.0297	2.97903	0
11.0997	2.99451	-0.296075	11.0997	2.99451	0
-11.6568	3.0322	-0.296859	-11.6568	3.0322	0
-10.6292	3.03665	-0.311761	-10.6292	3.03665	0
-9.62442	3.04177	-0.302792	-9.62442	3.04177	0
-8.5949	3.04534	-0.303267	-8.5949	3.04534	0
-7.52922	2.993	-0.323192	-7.52922	2.993	0
-6.54835	3.01522	-0.300855	-6.54835	3.01522	0
-5.50941	3.04865	-0.318837	-5.50941	3.04865	0
-4.41057	2.99411	-0.32453	-4.41057	2.99411	0
-3.3215	2.99582	-0.294655	-3.3215	2.99582	0
-2.34425	2.98597	-0.332464	-2.34425	2.98597	0
-1.29386	2.95379	-0.310879	-1.29386	2.95379	0
-0.272147	4.01054	-0.316798	-0.272147	4.01054	0
0.772534	4.01147	-0.320328	0.772534	4.01147	0
1.83186	4.01648	-0.300532	1.83186	4.01648	0
2.83013	4.00522	-0.347442	2.83013	4.00522	0
3.87168	4.1231	-0.314861	3.87168	4.1231	0
4.91938	4.11134	-0.298985	4.91938	4.11134	0
5.90703	4.10038	-0.299153	5.90703	4.10038	0
6.98236	4.07503	-0.326944	6.98236	4.07503	0
8.08259	4.0408	-0.308894	8.08259	4.0408	0
9.05263	4.05425	-0.320816	9.05263	4.05425	0
10.07	4.06923	-0.29946	10.07	4.06923	0
11.1003	4.08795	-0.301587	11.1003	4.08795	0
-11.6783	4.10389	-0.300116	-11.6783	4.10389	0
-10.6525	4.08339	-0.345492	-10.6525	4.08339	0
-9.61823	4.08078	-0.342205	-9.61823	4.08078	0
-8.56653	4.08565	-0.299822	-8.56653	4.08565	0
-7.5317	4.03433	-0.305798	-7.5317	4.03433	0
-6.52784	4.03453	-0.314044	-6.52784	4.03453	0
-5.45441	4.00003	-0.329893	-5.45441	4.00003	0
-4.38442	3.98379	-0.327114	-4.38442	3.98379	0
-3.34837	4.00399	-0.305929	-3.34837	4.00399	0
-2.3053	4.0109	-0.31912	-2.3053	4.0109	0
-1.26051	4.03042	-0.338761	-1.26051	4.03042	0
-0.219377	5.03084	-0.321903	-0.219377	5.03084	0
0.790331	5.06991	-0.326886	0.790331	5.06991	0
1.81889	5.03959	-0.328696	1.81889	5.03959	0
2.80078	5.14352	-0.307526	2.80078	5.14352	0
3.84517	5.12622	-0.331834	3.84517	5.12622	0
4.90009	5.1323	-0.317842	4.90009	5.1323	0
5.91903	5.13489	-0.322566	5.91903	5.13489	0
6.92528	5.10754	-0.350295	6.92528	5.10754	0
8.04463	5.13721	-0.308803	8.04463	5.13721	0
9.0546	5.12434	-0.309777	9.0546	5.12434	0
10.0604	5.11498	-0.297189	10.0604	5.11498	0
11.0831	5.08645	-0.287934	11.0831	5.08645	0
-11.6756	5.11959	-0.304973	-11.6756	5.11959	0
-10.6472	5.09735	-0.326873	-10.6472	5.09735	0
-9.58052	5.10108	-0.329241	-9.58052	5.10108	0
-8.53562	5.03971	-0.336975	-8.53562	5.03971	0
-7.49013	5.11664	-0.321384	-7.49013	5.11664	0
-6.44915	5.07173	-0.325501	-6.44915	5.07173	0
-5.40755	5.03466	-0.321191	-5.40755	5.03466	0
-4.42278	5.03271	-0.34284	-4.42278	5.03271	0
-3.38147	4.98836	-0.332752	-3.38147	4.98836	0
-2.32614	4.98354	-0.320412	-2.32614	4.98354	0
-1.26595	5.03373	-0.295956	-1.26595	5.03373	0
-0.280128	6.08565	-0.323781	-0.280128	6.08565	0
0.764862	6.07894	-0.298701	0.764862	6.07894	0
1.82681	6.14103	-0.303239	1.82681	6.14103	0
2.82722	6.14691	-0.318061	2.82722	6.14691	0
3.86718	6.13396	-0.331404	3.86718	6.13396	0
4.9085	6.16957	-0.320033	4.9085	6.16957	0
5.95728	6.17667	-0.309982	5.95728	6.17667	0
6.99875	6.16111	-0.312742	6.99875	6.16111	0
8.01694	6.13315	-0.316379	8.01694	6.13315	0
9.05179	6.19961	-0.321937	9.05179	6.19961	0
10.1164	6.14406	-0.334987	10.1164	6.14406	0
11.1409	6.08857	-0.327189	11.1409	6.08857	0
-11.6271	6.10712	-0.293304	-11.6271	6.10712	0
-10.6097	6.10192	-0.317878	-10.6097	6.10192	0
-9.52322	6.12764	-0.281959	-9.52322	6.12764	0
-8.51674	6.12819	-0.290613	-8.51674	6.12819	0
-7.54046	6.12743	-0.26652	-7.54046	6.12743	0
-6.46251	6.11338	-0.3302	-6.46251	6.11338	0
-5.42144	6.07277	-0.316423	-5.42144	6.07277	0
-4.3958	6.1016	-0.309673	-4.3958	6.1016	0
-3.34993	6.06145	-0.308705	-3.34993	6.06145	0
-2.30114	6.04932	-0.300897	-2.30114	6.04932	0
-1.29181	6.08772	-0.297244	-1.29181	6.08772	0
-0.187007	7.09706	-0.336856	-0.187007	7.09706	0
0.790454	7.12076	-0.312242	0.790454	7.12076	0
1.85567	7.16046	-0.311534	1.85567	7.16046	0
2.87821	7.18017	-0.339119	2.87821	7.18017	0
3.88239	7.15009	-0.304016	3.88239	7.15009	0
4.92255	7.19651	-0.323551	4.92255	7.19651	0
5.90525	7.21208	-0.333192	5.90525	7.21208	0
6.98393	7.14951	-0.323635	6.98393	7.14951	0
7.97578	7.17185	-0.281305	7.97578	7.17185	0
8.99951	7.19709	-0.322978	8.99951	7.19709	0
10.125	7.19264	-0.337645	10.125	7.19264	0
11.1595	7.10507	-0.344108	11.1595	7.10507	0
-11.5995	7.10068	-0.292183	-11.5995	7.10068	0
-10.5753	7.18414	-0.338873	-10.5753	7.18414	0
-9.5043	7.19928	-0.279295	-9.5043	7.19928	0
-8.50566	7.17335	-0.341456	-8.50566	7.17335	0
-7.44016	7.13238	-0.313242	-7.44016	7.13238	0
-6.42115	7.12486	-0.279279	-6.42115	7.12486	0
-5.43147	7.16523	-0.30176	-5.43147	7.16523	0
-4.39613	7.13233	-0.323808	-4.39613	7.13233	0
-3.33057	7.14597	-0.341487	-3.33057	7.14597	0
-2.28253	7.11837	-0.313456	-2.28253	7.11837	0
-1.27701	7.11375	-0.325749	-1.27701	7.11375	0
-0.230277	8.13595	-0.32613	-0.230277	8.13595	0
0.775333	8.16195	-0.340988	0.775333	8.16195	0
1.8613	8.22835	-0.350802	1.8613	8.22835	0
2.85521	8.20743	-0.313906	2.85521	8.20743	0
3.91482	8.1656	-0.325402	3.91482	8.1656	0
4.9063	8.27335	-0.324047	4.9063	8.27335	0
5.92944	8.22632	-0.320523	5.92944	8.22632	0
6.99178	8.22729	-0.317061	6.99178	8.22729	0
8.0393	8.24633	-0.302563	8.0393	8.24633	0
9.07697	8.20866	-0.312848	9.07697	8.20866	0
10.1091	8.18624	-0.313813	10.1091	8.18624	0
11.1666	8.11004	-0.335002	11.1666	8.11004	0
-11.5899	8.17468	-0.324261	-11.5899	8.17468	0
-10.5685	8.21759	-0.327187	-10.5685	8.21759	0
-9.53883	8.17401	-0.305515	-9.53883	8.17401	0
-8.47272	8.25165	-0.348544	-8.47272	8.25165	0
-7.46494	8.13893	-0.328058	-7.46494	8.13893	0
-6.45042	8.21381	-0.341676	-6.45042	8.21381	0
-5.44576	8.16949	-0.31297	-5.44576	8.16949	0
-4.40856	8.15185	-0.300336	-4.40856	8.15185	0
-3.34667	8.13898	-0.31348	-3.34667	8.13898	0
-2.29013	8.14867	-0.335383	-2.29013	8.14867	0
-1.29348	8.12211	-0.324051	-1.29348	8.12211	0
-0.229625	9.19462	-0.31103	-0.229625	9.19462	0
0.856857	9.2609	-0.289585	0.856857	9.2609	0
1.8757	9.24076	-0.299411	1.8757	9.24076	0
2.86424	9.23626	-0.299197	2.86424	9.23626	0
3.93761	9.23019	-0.327513	3.93761	9.23019	0
4.97783	9.25078	-0.314851	4.97783	9.25078	0
6.04967	9.26569	-0.305354	6.04967	9.26569	0
7.02279	9.29444	-0.311505	7.02279	9.29444	0
8.08239	9.28838	-0.324121	8.08239	9.28838	0
9.12171	9.27013	-0.320104	9.12171	9.27013	0
10.1311	9.18789	-0.313451	10.1311	9.18789	0
11.1144	9.14963	-0.312373	11.1144	9.14963	0
-11.6619	9.24758	-0.312802	-11.6619	9.24758	0
-10.5964	9.22082	-0.310632	-10.5964	9.22082	0
-9.57798	9.20457	-0.31728	-9.57798	9.20457	0
-8.48467	9.26607	-0.314518	-8.48467	9.26607	0
-7.45674	9.19633	-0.311568	-7.45674	9.19633	0
-6.38263	9.23124	-0.320146	-6.38263	9.23124	0
-5.3735	9.20807	-0.302267	-5.3735	9.20807	0
-4.38812	9.21521	-0.327412	-4.38812	9.21521	0
-3.31817	9.1321	-0.297735	-3.31817	9.1321	0
-2.31593	9.22464	-0.300614	-2.31593	9.22464	0
-1.2831	9.20368	-0.323346	-1.2831	9.20368	0
-0.220271	10.2545	-0.310269	-0.220271	10.2545	0
0.802207	10.1816	-0.335519	0.802207	10.1816	0
1.79045	10.2347	-0.312737	1.79045	10.2347	0
2.88816	10.2311	-0.327428	2.88816	10.2311	0
3.89303	10.276	-0.304211	3.89303	10.276	0
4.93584	10.3	-0.342208	4.93584	10.3	0
5.9997	10.2209	-0.339332	5.9997	10.2209	0
6.99283	10.2514	-0.31441	6.99283	10.2514	0
8.03548	10.289	-0.328645	8.03548	10.289	0
9.0892	10.2428	-0.3362	9.0892	10.2428	0
10.0839	10.2292	-0.314469	10.0839	10.2292	0
11.0894	10.2581	-0.310909	11.0894	10.2581	0
-11.6839	10.1989	-0.326591	-11.6839	10.1989	0
-10.6274	10.2418	-0.315143	-10.6274	10.2418	0
-9.59583	10.2547	-0.286109	-9.59583	10.2547	0
-8.50776	10.2398	-0.293842	-8.50776	10.2398	0
-7.49322	10.302	-0.312568	-7.49322	10.302	0
-6.4862	10.2827	-0.34634	-6.4862	10.2827	0
-5.41295	10.2492	-0.315379	-5.41295	10.2492	0
-4.36826	10.2513	-0.332112	-4.36826	10.2513	0
-3.30421	10.2729	-0.326255	-3.30421	10.2729	0
-2.28807	10.1902	-0.367085	-2.28807	10.1902	0
-1.24609	10.2187	-0.323357	-1.24609	10.2187	0
-0.234456	11.2779	-0.341851	-0.234456	11.2779	0
0.818256	11.2389	-0.31652	0.818256	11.2389	0
1.86585	11.2535	-0.321759	1.86585	11.2535	0
2.93676	11.2255	-0.326994	2.93676	11.2255	0
3.98054	11.2681	-0.327042	3.98054	11.2681	0
4.98875	11.2987	-0.317497	4.98875	11.2987	0
6.00298	11.2836	-0.324106	6.00298	11.2836	0
7.00724	11.2805	-0.300733	7.00724	11.2805	0
8.04164	11.3364	-0.302396	8.04164	11.3364	0
9.05446	11.3096	-0.306901	9.05446	11.3096	0
10.145	11.284	-0.324918	10.145	11.284	0
11.1316	11.3113	-0.295055	11.1316	11.3113	0
-11.6639	11.2031	-0.327535	-11.6639	11.2031	0
-10.5969	11.221	-0.323314	-10.5969	11.221	0
-9.53429	11.2521	-0.313862	-9.53429	11.2521	0
-8.53949	11.3175	-0.306894	-8.53949	11.3175	0
-7.51181	11.3323	-0.309413	-7.51181	11.3323	0
-6.43194	11.2482	-0.304107	-6.43194	11.2482	0
-5.37883	11.2815	-0.287914	-5.37883	11.2815	0
-4.34823	11.2897	-0.317716	-4.34823	11.2897	0
-3.32164	11.2392	-0.285808	-3.32164	11.2392	0
-2.22012	11.2467	-0.316973	-2.22012	11.2467	0
-1.23565	11.3081	-0.300753	-1.23565	11.3081	0
-0.181583	-11.4985	-0.296983	-0.181583	-11.4985	0
0.800249	-11.4925	-0.31033	0.800249	-11.4925	0
1.81712	-11.4466	-0.340865	1.81712	-11.4466	0
2.89332	-11.4984	-0.315148	2.89332	-11.4984	0
3.94204	-11.4973	-0.318465	3.94204	-11.4973	0
4.99732	-11.511	-0.310035	4.99732	-11.511	0
6.00192	-11.444	-0.300552	6.00192	-11.444	0
7.03116	-11.4106	-0.313297	7.03116	-11.4106	0
8.02378	-11.3733	-0.333503	8.02378	-11.3733	0
9.09544	-11.4484	-0.34302	9.09544	-11.4484	0
10.0607	-11.5079	-0.288361	10.0607	-11.5079	0
11.0542	-11.4959	-0.323694	11.0542	-11.4959	0
-11.6216	-11.5294	-0.318847	-11.6216	-11.5294	0
-10.5761	-11.4906	-0.308176	-10.5761	-11.4906	0
-9.54327	-11.4747	-0.308196	-9.54327	-11.4747	0
-8.53616	-11.4385	-0.300391	-8.53616	-11.4385	0
-7.4458	-11.4631	-0.337153	-7.4458	-11.4631	0
-6.39094	-11.4846	-0.314873	-6.39094	-11.4846	0
-5.35135	-11.4969	-0.303176	-5.35135	-11.4969	0
-4.34191	-11.4664	-0.316417	-4.34191	-11.4664	0
-3.27014	-11.5216	-0.318023	-3.27014	-11.5216	0
-2.28066	-11.4594	-0.308075	-2.28066	-11.4594	0
-1.26109	-11.4793	-0.295973	-1.26109	-11.4793	0
-0.213367	-10.4285	-0.29855	-0.213367	-10.4285	0
0.815372	-10.472	-0.309276	0.815372	-10.472	0
1.85126	-10.4454	-0.29361	1.85126	-10.4454	0
2.86162	-10.4692	-0.319899	2.86162	-10.4692	0
3.89401	-10.4616	-0.293927	3.89401	-10.4616	0
4.97881	-10.4114	-0.319751	4.97881	-10.4114	0
5.95606	-10.4005	-0.355788	5.95606	-10.4005	0
6.99009	-10.3598	-0.33988	6.99009	-10.3598	0
7.98189	-10.375	-0.30512	7.98189	-10.375	0
8.97681	-10.4041	-0.324328	8.97681	-10.4041	0
10.0392	-10.4532	-0.309933	10.0392	-10.4532	0
11.1009	-10.4509	-0.32158	11.1009	-10.4509	0
-11.6991	-10.4523	-0.318271	-11.6991	-10.4523	0
-10.6046	-10.4417	-0.34289	-10.6046	-10.4417	0
-9.53518	-10.4409	-0.362129	-9.53518	-10.4409	0
-8.4779	-10.4094	-0.314162	-8.4779	-10.4094	0
-7.48154	-10.4592	-0.32631	-7.48154	-10.4592	0
-6.38972	-10.4737	-0.327269	-6.38972	-10.4737	0
-5.32199	-10.4362	-0.334924	-5.32199	-10.4362	0
-4.26368	-10.475	-0.333703	-4.26368	-10.475	0
-3.27124	-10.4908	-0.318292	-3.27124	-10.4908	0
-2.30248	-10.458	-0.299237	-2.30248	-10.458	0
-1.20659	-10.4261	-0.31276	-1.20659	-10.4261	0
-0.228499	-9.45163	-0.313774	-0.228499	-9.45163	0
0.767049	-9.36549	-0.314373	0.767049	-9.36549	0
1.79524	-9.37509	-0.309779	1.79524	-9.37509	0
2.8832	-9.37326	-0.32963	2.8832	-9.37326	0
3.85906	-9.43557	-0.296109	3.85906	-9.43557	0
4.89254	-9.32732	-0.320535	4.89254	-9.32732	0
5.8825	-9.33739	-0.327929	5.8825	-9.33739	0
6.9716	-9.3306	-0.2983	6.9716	-9.3306	0
8.02101	-9.34849	-0.300644	8.02101	-9.34849	0
9.04718	-9.35597	-0.317679	9.04718	-9.35597	0
10.0103	-9.43208	-0.30894	10.0103	-9.43208	0
11.0462	-9.37593	-0.306472	11.0462	-9.37593	0
-11.6803	-9.40826	-0.349493	-11.6803	-9.40826	0
-10.6387	-9.42668	-0.321929	-10.6387	-9.42668	0
-9.57716	-9.37281	-0.309855	-9.57716	-9.37281	0
-8.543	-9.41588	-0.303571	-8.543	-9.41588	0
-7.43898	-9.43942	-0.317806	-7.43898	-9.43942	0
-6.41081	-9.46769	-0.297148	-6.41081	-9.46769	0
-5.40501	-9.40236	-0.310961	-5.40501	-9.40236	0
-4.3998	-9.44948	-0.283098	-4.3998	-9.44948	0
-3.33595	-9.4414	-0.338995	-3.33595	-9.4414	0
-2.30614	-9.41393	-0.320239	-2.30614	-9.41393	0
-1.24848	-9.41248	-0.332856	-1.24848	-9.41248	0
-0.299038	-8.37416	-0.347109	-0.299038	-8.37416	0
0.739671	-8.3467	-0.32287	0.739671	-8.3467	0
1.81447	-8.34632	-0.315599	1.81447	-8.34632	0
2.84402	-8.41469	-0.340235	2.84402	-8.41469	0
3.88056	-8.40951	-0.312588	3.88056	-8.40951	0
4.87408	-8.3245	-0.301225	4.87408	-8.3245	0
5.89856	-8.2734	-0.32149	5.89856	-8.2734	0
6.98204	-8.31533	-0.320124	6.98204	-8.31533	0
8.01554	-8.30149	-0.321149	8.01554	-8.30149	0
9.04163	-8.3259	-0.302905	9.04163	-8.3259	0
10.0676	-8.37565	-0.29986	10.0676	-8.37565	0
11.0858	-8.34729	-0.321743	11.0858	-8.34729	0
-11.6372	-8.37788	-0.309672	-11.6372	-8.37788	0
-10.6216	-8.37688	-0.318868	-10.6216	-8.37688	0
-9.59772	-8.39735	-0.313902	-9.59772	-8.39735	0
-8.57791	-8.43426	-0.3152	-8.57791	-8.43426	0
-7.52455	-8.41031	-0.318439	-7.52455	-8.41031	0
-6.49254	-8.41368	-0.313735	-6.49254	-8.41368	0
-5.4012	-8.39917	-0.32067	-5.4012	-8.39917	0
-4.42712	-8.39191	-0.301908	-4.42712	-8.39191	0
-3.3879	-8.37193	-0.323868	-3.3879	-8.37193	0
-2.35461	-8.40784	-0.29835	-2.35461	-8.40784	0
-1.31944	-8.35454	-0.306669	-1.31944	-8.35454	0
-0.245826	-7.33496	-0.311864	-0.245826	-7.33496	0
0.828252	-7.32875	-0.323586	0.828252	-7.32875	0
1.84102	-7.35961	-0.292975	1.84102	-7.35961	0
2.80156	-7.38833	-0.307646	2.80156	-7.38833	0
3.85409	-7.34717	-0.285364	3.85409	-7.34717	0
4.87792	-7.28155	-0.342682	4.87792	-7.28155	0
5.89534	-7.26822	-0.322676	5.89534	-7.26822	0
6.95792	-7.30829	-0.34082	6.95792	-7.30829	0
7.97189	-7.30044	-0.323204	7.97189	-7.30044	0
9.02717	-7.31214	-0.325515	9.02717	-7.31214	0
10.0536	-7.29316	-0.30498	10.0536	-7.29316	0
11.1279	-7.34994	-0.304124	11.1279	-7.34994	0
-11.6311	-7.28114	-0.321964	-11.6311	-7.28114	0
-10.5938	-7.31842	-0.312423	-10.5938	-7.31842	0
-9.62889	-7.33912	-0.326742	-9.62889	-7.33912	0
-8.58015	-7.36128	-0.327314	-8.58015	-7.36128	0
-7.58755	-7.41028	-0.343743	-7.58755	-7.41028	0
-6.52904	-7.35991	-0.33577	-6.52904	-7.35991	0
-5.47451	-7.34243	-0.293875	-5.47451	-7.34243	0
-4.45229	-7.40072	-0.315248	-4.45229	-7.40072	0
-3.44701	-7.3371	-0.300045	-3.44701	-7.3371	0
-2.37648	-7.36972	-0.329505	-2.37648	-7.36972	0
-1.30476	-7.28205	-0.317889	-1.30476	-7.28205	0
-0.330556	-6.31755	-0.31516	-0.330556	-6.31755	0
0.801403	-6.2847	-0.315797	0.801403	-6.2847	0
1.76927	-6.35884	-0.32816	1.76927	-6.35884	0
2.80521	-6.28264	-0.302415	2.80521	-6.28264	0
3.84356	-6.35529	-0.296546	3.84356	-6.35529	0
4.8522	-6.23859	-0.333401	4.8522	-6.23859	0
5.88878	-6.26913	-0.331172	5.88878	-6.26913	0
6.89167	-6.27483	-0.3212	6.89167	-6.27483	0
7.93005	-6.24966	-0.321384	7.93005	-6.24966	0
8.99191	-6.27051	-0.316133	8.99191	-6.27051	0
10.0589	-6.26865	-0.33799	10.0589	-6.26865	0
11.0512	-6.30312	-0.312465	11.0512	-6.30312	0
-11.6852	-6.30023	-0.32206	-11.6852	-6.30023	0
-10.6195	-6.32001	-0.299816	-10.6195	-6.32001	0
-9.55193	-6.3129	-0.305298	-9.55193	-6.3129	0
-8.56663	-6.30941	-0.330745	-8.56663	-6.30941	0
-7.49029	-6.35469	-0.324219	-7.49029	-6.35469	0
-6.47402	-6.34968	-0.327133	-6.47402	-6.34968	0
-5.4656	-6.3043	-0.294839	-5.4656	-6.3043	0
-4.41787	-6.321	-0.291704	-4.41787	-6.321	0
-3.40145	-6.30115	-0.310347	-3.40145	-6.30115	0
-2.35513	-6.31665	-0.34122	-2.35513	-6.31665	0
-1.36751	-6.22722	-0.286774	-1.36751	-6.22722	0
-0.276216	-5.24388	-0.322454	-0.276216	-5.24388	0
0.726821	-5.30715	-0.312668	0.726821	-5.30715	0
1.71178	-5.24748	-0.311753	1.71178	-5.24748	0
2.73207	-5.23286	-0.345501	2.73207	-5.23286	0
3.80429	-5.27333	-0.301883	3.80429	-5.27333	0
4.78995	-5.24569	-0.328923	4.78995	-5.24569	0
5.8525	-5.23258	-0.318808	5.8525	-5.23258	0
6.88011	-5.2517	-0.289382	6.88011	-5.2517	0
7.94327	-5.27082	-0.313775	7.94327	-5.27082	0
8.98081	-5.27976	-0.299776	8.98081	-5.27976	0
10.1039	-5.27472	-0.332186	10.1039	-5.27472	0
11.143	-5.26233	-0.302485	11.143	-5.26233	0
-11.6681	-5.25116	-0.32535	-11.6681	-5.25116	0
-10.5733	-5.29936	-0.318839	-10.5733	-5.29936	0
-9.54069	-5.33229	-0.281215	-9.54069	-5.33229	0
-8.57662	-5.28223	-0.317893	-8.57662	-5.28223	0
-7.48049	-5.30654	-0.309984	-7.48049	-5.30654	0
-6.42126	-5.34356	-0.300322	-6.42126	-5.34356	0
-5.44126	-5.25232	-0.320069	-5.44126	-5.25232	0
-4.432	-5.27607	-0.310585	-4.432	-5.27607	0
-3.38156	-5.29453	-0.347209	-3.38156	-5.29453	0
-2.36722	-5.2535	-0.32508	-2.36722	-5.2535	0
-1.35007	-5.30463	-0.327937	-1.35007	-5.30463	0
-0.373247	-4.23722	-0.296573	-0.373247	-4.23722	0
0.666752	-4.26869	-0.310183	0.666752	-4.26869	0
1.69368	-4.22573	-0.325327	1.69368	-4.22573	0
2.76919	-4.19016	-0.296992	2.76919	-4.19016	0
3.76907	-4.29149	-0.32786	3.76907	-4.29149	0
4.85712	-4.20559	-0.339967	4.85712	-4.20559	0
5.89226	-4.25138	-0.344686	5.89226	-4.25138	0
6.98165	-4.22271	-0.314423	6.98165	-4.22271	0
8.00782	-4.24331	-0.347624	8.00782	-4.24331	0
9.01139	-4.27362	-0.316328	9.01139	-4.27362	0
10.0349	-4.28397	-0.294476	10.0349	-4.28397	0
11.071	-4.2009	-0.300885	11.071	-4.2009	0
-11.589	-4.24028	-0.322167	-11.589	-4.24028	0
-10.6026	-4.24388	-0.331375	-10.6026	-4.24388	0
-9.57143	-4.28148	-0.316923	-9.57143	-4.28148	0
-8.50789	-4.19994	-0.319143	-8.50789	-4.19994	0
-7.51241	-4.30247	-0.342713	-7.51241	-4.30247	0
-6.45072	-4.26579	-0.282878	-6.45072	-4.26579	0
-5.43963	-4.27698	-0.287289	-5.43963	-4.27698	0
-4.41305	-4.24801	-0.33547	-4.41305	-4.24801	0
-3.40508	-4.22792	-0.325782	-3.40508	-4.22792	0
-2.36681	-4.23359	-0.305373	-2.36681	-4.23359	0
-1.35718	-4.23559	-0.316863	-1.35718	-4.23559	0
-0.35964	-3.19758	-0.334666	-0.35964	-3.19758	0
0.687	-3.16187	-0.308732	0.687	-3.16187	0
1.72035	-3.21935	-0.284084	1.72035	-3.21935	0
2.8144	-3.21441	-0.289845	2.8144	-3.21441	0
3.85207	-3.18081	-0.340451	3.85207	-3.18081	0
4.8378	-3.13804	-0.325309	4.8378	-3.13804	0
5.89429	-3.12919	-0.291826	5.89429	-3.12919	0
6.93421	-3.14355	-0.324261	6.93421	-3.14355	0
8.03848	-3.18596	-0.324063	8.03848	-3.18596	0
9.0555	-3.18793	-0.316864	9.0555	-3.18793	0
10.0104	-3.17808	-0.328589	10.0104	-3.17808	0
11.0859	-3.20392	-0.317831	11.0859	-3.20392	0
-11.6499	-3.12099	-0.285414	-11.6499	-3.12099	0
-10.6129	-3.20351	-0.320323	-10.6129	-3.20351	0
-9.55706	-3.1735	-0.331805	-9.55706	-3.1735	0
-8.48389	-3.17755	-0.313938	-8.48389	-3.17755	0
-7.48408	-3.21066	-0.310352	-7.48408	-3.21066	0
-6.47347	-3.24587	-0.361952	-6.47347	-3.24587	0
-5.4598	-3.26632	-0.339582	-5.4598	-3.26632	0
-4.41115	-3.20679	-0.310879	-4.41115	-3.20679	0
-3.38636	-3.14635	-0.303895	-3.38636	-3.14635	0
-2.36054	-3.18666	-0.307572	-2.36054	-3.18666	0
-1.31843	-3.13217	-0.339706	-1.31843	-3.13217	0
-0.329245	-2.10034	-0.3131	-0.329245	-2.10034	0
0.749397	-2.17623	-0.323113	0.749397	-2.17623	0
1.77838	-2.14264	-0.334174	1.77838	-2.14264	0
2.85072	-2.14752	-0.313356	2.85072	-2.14752	0
3.82437	-2.13929	-0.307908	3.82437	-2.13929	0
4.87496	-2.11368	-0.300612	4.87496	-2.11368	0
5.89706	-2.14382	-0.260005	5.89706	-2.14382	0
6.91018	-2.1507	-0.298661	6.91018	-2.1507	0
7.94125	-2.11668	-0.336017	7.94125	-2.11668	0
9.00899	-2.18319	-0.316124	9.00899	-2.18319	0
10.0242	-2.17028	-0.309725	10.0242	-2.17028	0
11.0313	-2.19196	-0.3363	11.0313	-2.19196	0
-11.7075	-2.12513	-0.343961	-11.7075	-2.12513	0
-10.6628	-2.14472	-0.339323	-10.6628	-2.14472	0
-9.63017	-2.1743	-0.307044	-9.63017	-2.1743	0
-8.59068	-2.15627	-0.322924	-8.59068	-2.15627	0
-7.50344	-2.18971	-0.34633	-7.50344	-2.18971	0
-6.49533	-2.15621	-0.294437	-6.49533	-2.15621	0
-5.52827	-2.17621	-0.327926	-5.52827	-2.17621	0
-4.46593	-2.15692	-0.320858	-4.46593	-2.15692	0
-3.49253	-2.14545	-0.331712	-3.49253	-2.14545	0
-2.46478	-2.10333	-0.323438	-2.46478	-2.10333	0
-1.37559	-2.09957	-0.324361	-1.37559	-2.09957	0
-0.254673	-1.14349	-0.317849	-0.254673	-1.14349	0
0.739658	-1.07475	-0.327235	0.739658	-1.07475	0
1.81013	-1.10076	-0.316739	1.81013	-1.10076	0
2.83925	-1.1051	-0.326844	2.83925	-1.1051	0
3.84765	-1.08618	-0.318867	3.84765	-1.08618	0
4.85477	-1.03312	-0.329508	4.85477	-1.03312	0
5.93114	-1.05637	-0.31832	5.93114	-1.05637	0
6.91364	-1.04506	-0.342315	6.91364	-1.04506	0
8.06221	-1.07572	-0.302973	8.06221	-1.07572	0
9.06999	-1.1451	-0.345802	9.06999	-1.1451	0
10.0862	-1.10671	-0.338585	10.0862	-1.10671	0
11.0673	-1.14795	-0.306175	11.0673	-1.14795	0
-11.6928	-1.10989	-0.320256	-11.6928	-1.10989	0
-10.6113	-1.15852	-0.313054	-10.6113	-1.15852	0
-9.59454	-1.19403	-0.343731	-9.59454	-1.19403	0
-8.57282	-1.16507	-0.362191	-8.57282	-1.16507	0
-7.48672	-1.15552	-0.300557	-7.48672	-1.15552	0
-6.46812	-1.09802	-0.330917	-6.46812	-1.09802	0
-5.45876	-1.10361	-0.291848	-5.45876	-1.10361	0
-4.45641	-1.08496	-0.327759	-4.45641	-1.08496	0
-3.44231	-1.06976	-0.330214	-3.44231	-1.06976	0
-2.41142	-1.11971	-0.31909	-2.41142	-1.11971	0
-1.39192	-1.09593	-0.308791	-1.39192	-1.09593	0
0.245033	0.396273	0.293631	0.245033	0.396273	0
1.31766	0.402636	0.313677	1.31766	0.402636	0
2.324	0.441232	0.311728	2.324	0.441232	0
3.36408	0.479753	0.3336	3.36408	0.479753	0
4.36356	0.468873	0.284975	4.36356	0.468873	0
5.39964	0.434266	0.322958	5.39964	0.434266	0
6.39928	0.491786	0.300482	6.39928	0.491786	0
7.50615	0.414505	0.316133	7.50615	0.414505	0
8.56574	0.447667	0.331559	8.56574	0.447667	0
9.52885	0.429482	0.318122	9.52885	0.429482	0
10.591	0.43568	0.338652	10.591	0.43568	0
11.6562	0.466936	0.299478	11.6562	0.466936	0
-11.1202	0.48065	0.339502	-11.1202	0.48065	0
-10.1429	0.403765	0.308882	-10.1429	0.403765	0
-9.05813	0.377244	0.329508	-9.05813	0.377244	0
-8.04616	0.394196	0.32747	-8.04616	0.394196	0
-7.04958	0.428332	0.315025	-7.04958	0.428332	0
-5.95735	0.487656	0.272356	-5.95735	0.487656	0
-4.97142	0.474776	0.306319	-4.97142	0.474776	0
-3.93845	0.470781	0.335057	-3.93845	0.470781	0
-2.90008	0.429221	0.322603	-2.90008	0.429221	0
-1.8227	0.406706	0.314245	-1.8227	0.406706	0
-0.775549	0.395646	0.313336	-0.775549	0.395646	0
0.273067	1.47722	0.322206	0.273067	1.47722	0
1.2912	1.46014	0.311413	1.2912	1.46014	0
2.36686	1.44966	0.31517	2.36686	1.44966	0
3.38246	1.52461	0.306922	3.38246	1.52461	0
4.40627	1.53928	0.31796	4.40627	1.53928	0
5.39116	1.46725	0.319035	5.39116	1.46725	0
6.42931	1.51171	0.320161	6.42931	1.51171	0
7.45639	1.50555	0.313329	7.45639	1.50555	0
8.52681	1.47471	0.312227	8.52681	1.47471	0
9.58222	1.3992	0.324405	9.58222	1.3992	0
10.5868	1.45913	0.335847	10.5868	1.45913	0
11.6116	1.51211	0.334906	11.6116	1.51211	0
-11.1366	1.49928	0.324285	-11.1366	1.49928	0
-10.0698	1.42448	0.325736	-10.0698	1.42448	0
-9.06958	1.4532	0.290482	-9.06958	1.4532	0
-8.01397	1.39144	0.340398	-8.01397	1.39144	0
-6.9673	1.46177	0.341584	-6.9673	1.46177	0
-5.95054	1.49309	0.321749	-5.95054	1.49309	0
-4.95669	1.4546	0.299449	-4.95669	1.4546	0
-3.92015	1.45596	0.297406	-3.92015	1.45596	0
-2.87612	1.3957	0.309331	-2.87612	1.3957	0
-1.82739	1.43522	0.317142	-1.82739	1.43522	0
-0.81112	1.45743	0.330731	-0.81112	1.45743	0
0.299068	2.4868	0.300854	0.299068	2.4868	0
1.32585	2.48249	0.283275	1.32585	2.48249	0
2.36617	2.51952	0.31665	2.36617	2.51952	0
3.42317	2.53078	0.307342	3.42317	2.53078	0
4.49157	2.56961	0.322874	4.49157	2.56961	0
5.47752	2.54226	0.287269	5.47752	2.54226	0
6.52022	2.55932	0.283032	6.52022	2.55932	0
7.50436	2.50157	0.334094	7.50436	2.50157	0
8.52441	2.46882	0.304521	8.52441	2.46882	0
9.55002	2.45621	0.345245	9.55002	2.45621	0
10.5925	2.48695	0.297485	10.5925	2.48695	0
11.6658	2.47405	0.316586	11.6658	2.47405	0
-11.0782	2.53864	0.335667	-11.0782	2.53864	0
-10.0789	2.47489	0.321823	-10.0789	2.47489	0
-9.02126	2.51006	0.309355	-9.02126	2.51006	0
-8.06286	2.49387	0.307116	-8.06286	2.49387	0
-7.02658	2.49125	0.29523	-7.02658	2.49125	0
-5.96455	2.4895	0.303531	-5.96455	2.4895	0
-4.95155	2.56638	0.318272	-4.95155	2.56638	0
-3.8877	2.48786	0.298733	-3.8877	2.48786	0
-2.87561	2.40875	0.352597	-2.87561	2.40875	0
-1.85928	2.47847	0.320294	-1.85928	2.47847	0
-0.76443	2.49636	0.329412	-0.76443	2.49636	0
0.254314	3.48288	0.29867	0.254314	3.48288	0
1.35969	3.50936	0.330756	1.35969	3.50936	0
2.34795	3.5068	0.305399	2.34795	3.5068	0
3.40471	3.61754	0.317334	3.40471	3.61754	0
4.44078	3.57851	0.30632	4.44078	3.57851	0
5.44432	3.53209	0.334594	5.44432	3.53209	0
6.52932	3.54343	0.295283	6.52932	3.54343	0
7.53155	3.55723	0.312474	7.53155	3.55723	0
8.5451	3.54195	0.312905	8.5451	3.54195	0
9.56368	3.54345	0.343201	9.56368	3.54345	0
10.5679	3.5089	0.259078	10.5679	3.5089	0
11.5963	3.56313	0.336012	11.5963	3.56313	0
-11.1326	3.56001	0.296767	-11.1326	3.56001	0
-10.1305	3.59824	0.304337	-10.1305	3.59824	0
-9.0894	3.60173	0.304488	-9.0894	3.60173	0
-8.07786	3.53141	0.31232	-8.07786	3.53141	0
-7.05449	3.53621	0.332078	-7.05449	3.53621	0
-6.0036	3.56833	0.324808	-6.0036	3.56833	0
-4.8952	3.49992	0.311431	-4.8952	3.49992	0
-3.88801	3.47574	0.323017	-3.88801	3.47574	0
-2.8183	3.42042	0.371294	-2.8183	3.42042	0
-1.79872	3.49155	0.315457	-1.79872	3.49155	0
-0.782966	3.5148	0.302596	-0.782966	3.5148	0
0.297329	4.53282	0.291933	0.297329	4.53282	0
1.28923	4.49535	0.338223	1.28923	4.49535	0
2.32962	4.54204	0.312899	2.32962	4.54204	0
3.31238	4.58803	0.302231	3.31238	4.58803	0
4.38425	4.6464	0.317155	4.38425	4.6464	0
5.42605	4.68527	0.333398	5.42605	4.68527	0
6.45281	4.60897	0.305023	6.45281	4.60897	0
7.49435	4.56435	0.276885	7.49435	4.56435	0
8.5309	4.59345	0.315896	8.5309	4.59345	0
9.55394	4.59347	0.319945	9.55394	4.59347	0
10.5902	4.57679	0.343794	10.5902	4.57679	0
11.6214	4.59956	0.331517	11.6214	4.59956	0
-11.1334	4.54922	0.316838	-11.1334	4.54922	0
-10.1063	4.57269	0.333642	-10.1063	4.57269	0
-9.12922	4.54866	0.302221	-9.12922	4.54866	0
-7.99659	4.53319	0.289235	-7.99659	4.53319	0
-6.98763	4.57834	0.284696	-6.98763	4.57834	0
-5.95828	4.53649	0.321379	-5.95828	4.53649	0
-4.94248	4.49896	0.298218	-4.94248	4.49896	0
-3.91097	4.48931	0.334427	-3.91097	4.48931	0
-2.83542	4.48105	0.338015	-2.83542	4.48105	0
-1.76963	4.51174	0.321034	-1.76963	4.51174	0
-0.733426	4.55566	0.370068	-0.733426	4.55566	0
0.255076	5.57696	0.304576	0.255076	5.57696	0
1.30634	5.57034	0.326001	1.30634	5.57034	0
2.30403	5.60942	0.318297	2.30403	5.60942	0
3.3711	5.58117	0.339656	3.3711	5.58117	0
4.40926	5.62528	0.306522	4.40926	5.62528	0
5.45745	5.66272	0.320478	5.45745	5.66272	0
6.46566	5.67426	0.329087	6.46566	5.67426	0
7.46868	5.57582	0.316449	7.46868	5.57582	0
8.56929	5.63603	0.31006	8.56929	5.63603	0
9.58041	5.6528	0.337855	9.58041	5.6528	0
10.5716	5.65811	0.332794	10.5716	5.65811	0
11.6659	5.61247	0.335999	11.6659	5.61247	0
-11.1001	5.57078	0.354603	-11.1001	5.57078	0
-10.0664	5.64634	0.3278	-10.0664	5.64634	0
-9.06407	5.62773	0.335805	-9.06407	5.62773	0
-8.04624	5.53327	0.313515	-8.04624	5.53327	0
-6.96608	5.58021	0.319867	-6.96608	5.58021	0
-5.94332	5.56927	0.329705	-5.94332	5.56927	0
-4.86089	5.59806	0.359132	-4.86089	5.59806	0
-3.84925	5.49481	0.292077	-3.84925	5.49481	0
-2.82575	5.49037	0.281336	-2.82575	5.49037	0
-1.78474	5.49672	0.307865	-1.78474	5.49672	0
-0.814256	5.59408	0.301957	-0.814256	5.59408	0
0.284202	6.5755	0.351879	0.284202	6.5755	0
1.28663	6.59481	0.29916	1.28663	6.59481	0
2.35219	6.63751	0.326106	2.35219	6.63751	0
3.36361	6.64493	0.309258	3.36361	6.64493	0
4.38864	6.64634	0.329664	4.38864	6.64634	0
5.42492	6.70132	0.311605	5.42492	6.70132	0
6.46616	6.65647	0.328133	6.46616	6.65647	0
7.49443	6.63176	0.336665	7.49443	6.63176	0
8.55128	6.64986	0.337469	8.55128	6.64986	0
9.58154	6.70529	0.305709	9.58154	6.70529	0
10.6585	6.65684	0.327533	10.6585	6.65684	0
11.6335	6.62153	0.321684	11.6335	6.62153	0
-11.1064	6.61228	0.308234	-11.1064	6.61228	0
-10.0768	6.65292	0.31435	-10.0768	6.65292	0
-9.03165	6.68575	0.323407	-9.03165	6.68575	0
-8.00074	6.59992	0.339814	-8.00074	6.59992	0
-6.94843	6.60461	0.317262	-6.94843	6.60461	0
-5.90139	6.60299	0.333222	-5.90139	6.60299	0
-4.932	6.62708	0.298887	-4.932	6.62708	0
-3.86154	6.61365	0.308534	-3.86154	6.61365	0
-2.86595	6.6265	0.30616	-2.86595	6.6265	0
-1.82283	6.63207	0.319789	-1.82283	6.63207	0
-0.756125	6.66935	0.318912	-0.756125	6.66935	0
0.213169	7.63097	0.315774	0.213169	7.63097	0
1.2949	7.64819	0.297134	1.2949	7.64819	0
2.32306	7.73051	0.297207	2.32306	7.73051	0
3.43391	7.68828	0.322648	3.43391	7.68828	0
4.42454	7.70182	0.310029	4.42454	7.70182	0
5.41526	7.73622	0.327803	5.41526	7.73622	0
6.44512	7.73536	0.30334	6.44512	7.73536	0
7.46593	7.72235	0.327416	7.46593	7.72235	0
8.53794	7.74571	0.309955	8.53794	7.74571	0
9.58386	7.65299	0.313777	9.58386	7.65299	0
10.6525	7.66415	0.299048	10.6525	7.66415	0
11.672	7.57368	0.31634	11.672	7.57368	0
-11.056	7.66534	0.321461	-11.056	7.66534	0
-10.0327	7.66157	0.338444	-10.0327	7.66157	0
-8.9442	7.71699	0.320125	-8.9442	7.71699	0
-7.98343	7.65752	0.290767	-7.98343	7.65752	0
-6.97129	7.66831	0.310299	-6.97129	7.66831	0
-5.96127	7.67908	0.355299	-5.96127	7.67908	0
-4.89901	7.62629	0.313642	-4.89901	7.62629	0
-3.87177	7.64178	0.313987	-3.87177	7.64178	0
-2.81978	7.61749	0.308165	-2.81978	7.61749	0
-1.80842	7.67979	0.331119	-1.80842	7.67979	0
-0.812801	7.64817	0.315949	-0.812801	7.64817	0
0.310426	8.64512	0.310649	0.310426	8.64512	0
1.31879	8.68602	0.32127	1.31879	8.68602	0
2.31482	8.69276	0.312486	2.31482	8.69276	0
3.41467	8.71114	0.308484	3.41467	8.71114	0
4.41051	8.79208	0.328405	4.41051	8.79208	0
5.48762	8.77033	0.312361	5.48762	8.77033	0
6.54437	8.76592	0.321838	6.54437	8.76592	0
7.55752	8.77205	0.298194	7.55752	8.77205	0
8.57782	8.73854	0.299921	8.57782	8.73854	0
9.62976	8.67233	0.317888	9.62976	8.67233	0
10.6477	8.71984	0.337254	10.6477	8.71984	0
11.6827	8.63774	0.310592	11.6827	8.63774	0
-11.1232	8.70209	0.297569	-11.1232	8.70209	0
-10.0577	8.65938	0.313184	-10.0577	8.65938	0
-8.99495	8.74993	0.317453	-8.99495	8.74993	0
-7.92848	8.68585	0.305369	-7.92848	8.68585	0
-6.89874	8.70833	0.323527	-6.89874	8.70833	0
-5.93983	8.68571	0.322891	-5.93983	8.68571	0
-4.8861	8.7006	0.323456	-4.8861	8.7006	0
-3.87508	8.65533	0.336787	-3.87508	8.65533	0
-2.83746	8.65531	0.309464	-2.83746	8.65531	0
-1.77908	8.69711	0.323114	-1.77908	8.69711	0
-0.799118	8.65504	0.307087	-0.799118	8.65504	0
0.293091	9.66464	0.318266	0.293091	9.66464	0
1.34829	9.75701	0.329647	1.34829	9.75701	0
2.34694	9.7484	0.331434	2.34694	9.7484	0
3.39659	9.74426	0.29495	3.39659	9.74426	0
4.43168	9.75527	0.339065	4.43168	9.75527	0
5.4167	9.79587	0.336092	5.4167	9.79587	0
6.46347	9.80456	0.339474	6.46347	9.80456	0
7.5291	9.75658	0.299186	7.5291	9.75658	0
8.61489	9.78996	0.320797	8.61489	9.78996	0
9.61587	9.69188	0.340618	9.61587	9.69188	0
10.595	9.72188	0.290314	10.595	9.72188	0
11.6082	9.71293	0.312213	11.6082	9.71293	0
-11.1487	9.74115	0.289287	-11.1487	9.74115	0
-10.1564	9.6916	0.30951	-10.1564	9.6916	0
-9.05091	9.69302	0.312627	-9.05091	9.69302	0
-7.94777	9.75498	0.342279	-7.94777	9.75498	0
-6.93015	9.76565	0.309167	-6.93015	9.76565	0
-5.96813	9.76926	0.31889	-5.96813	9.76926	0
-4.84716	9.70594	0.325769	-4.84716	9.70594	0
-3.83406	9.70085	0.267016	-3.83406	9.70085	0
-2.81419	9.68421	0.322133	-2.81419	9.68421	0
-1.77305	9.76968	0.33658	-1.77305	9.76968	0
-0.678208	9.69906	0.305716	-0.678208	9.69906	0
0.315346	10.7068	0.316761	0.315346	10.7068	0
1.30866	10.8002	0.30834	1.30866	10.8002	0
2.40535	10.7806	0.317936	2.40535	10.7806	0
3.41858	10.7934	0.330656	3.41858	10.7934	0
4.44503	10.7812	0.324849	4.44503	10.7812	0
5.49175	10.7729	0.303234	5.49175	10.7729	0
6.4719	10.8033	0.326935	6.4719	10.8033	0
7.48044	10.782	0.31464	7.48044	10.782	0
8.50361	10.7935	0.325937	8.50361	10.7935	0
9.57645	10.7873	0.280613	9.57645	10.7873	0
10.5596	10.7361	0.314282	10.5596	10.7361	0
11.5866	10.7958	0.327896	11.5866	10.7958	0
-11.0634	10.7329	0.331895	-11.0634	10.7329	0
-10.0579	10.7667	0.325999	-10.0579	10.7667	0
-9.02231	10.7583	0.314121	-9.02231	10.7583	0
-8.00122	10.7492	0.324593	-8.00122	10.7492	0
-6.99185	10.7727	0.364446	-6.99185	10.7727	0
-5.90069	10.7829	0.315813	-5.90069	10.7829	0
-4.89875	10.7164	0.326811	-4.89875	10.7164	0
-3.86582	10.7705	0.309547	-3.86582	10.7705	0
-2.72496	10.7261	0.326579	-2.72496	10.7261	0
-1.72562	10.7866	0.336255	-1.72562	10.7866	0
-0.708525	10.7753	0.337709	-0.708525	10.7753	0
0.322809	11.7491	0.324638	0.322809	11.7491	0
1.35059	11.8199	0.306013	1.35059	11.8199	0
2.33102	11.7549	0.335858	2.33102	11.7549	0
3.39886	11.788	0.318943	3.39886	11.788	0
4.48249	11.7864	0.318843	4.48249	11.7864	0
5.52897	11.7469	0.322439	5.52897	11.7469	0
6.54697	11.8138	0.292479	6.54697	11.8138	0
7.52554	11.9061	0.324762	7.52554	-11.88	0
8.51867	11.8038	0.315566	8.51867	11.8038	0
9.56344	11.7562	0.328453	9.56344	11.7562	0
10.5979	11.7655	0.322016	10.5979	11.7655	0
11.6596	11.799	0.322044	11.6596	11.799	0
-11.1142	11.771	0.302725	-11.1142	11.771	0
-10.0401	11.7582	0.321141	-10.0401	11.7582	0
-9.03185	11.7774	0.322905	-9.03185	11.7774	0
-7.98759	11.8237	0.295049	-7.98759	11.8237	0
-6.96206	11.8047	0.316719	-6.96206	11.8047	0
-5.91127	11.8171	0.295617	-5.91127	11.8171	0
-4.84687	11.7895	0.326046	-4.84687	11.7895	0
-3.85501	11.7736	0.340671	-3.85501	11.7736	0
-2.77245	11.7459	0.301968	-2.77245	11.7459	0
-1.74731	11.799	0.316104	-1.74731	11.799	0
-0.699572	11.8037	0.292549	-0.699572	11.8037	0
0.282769	-10.9362	0.330293	0.282769	-10.9362	0
1.3448	-10.9801	0.324894	1.3448	-10.9801	0
2.33208	-10.9902	0.307319	2.33208	-10.9902	0
3.37883	-11.0082	0.303828	3.37883	-11.0082	0
4.45436	-10.9683	0.313794	4.45436	-10.9683	0
5.44739	-10.9225	0.327942	5.44739	-10.9225	0
6.48685	-10.8831	0.313877	6.48685	-10.8831	0
7.50072	-10.8712	0.29495	7.50072	-10.8712	0
8.51958	-10.9526	0.32552	8.51958	-10.9526	0
9.52192	-10.9205	0.324027	9.52192	-10.9205	0
10.5528	-10.9427	0.289072	10.5528	-10.9427	0
11.66	-11.0434	0.303602	11.66	-11.0434	0
-11.1056	-10.9379	0.320893	-11.1056	-10.9379	0
-10.0619	-10.9231	0.297619	-10.0619	-10.9231	0
-9.04444	-10.9105	0.308061	-9.04444	-10.9105	0
-7.96263	-10.9689	0.325585	-7.96263	-10.9689	0
-6.89291	-10.9602	0.273908	-6.89291	-10.9602	0
-5.88935	-10.9506	0.32815	-5.88935	-10.9506	0
-4.81953	-10.947	0.316802	-4.81953	-10.947	0
-3.8046	-11.0269	0.356923	-3.8046	-11.0269	0
-2.7904	-11.004	0.341568	-2.7904	-11.004	0
-1.75083	-10.9686	0.343022	-1.75083	-10.9686	0
-0.756354	-10.9635	0.293183	-0.756354	-10.9635	0
0.334474	-9.93386	0.317695	0.334474	-9.93386	0
1.30064	-9.87011	0.318959	1.30064	-9.87011	0
2.32648	-9.86516	0.309716	2.32648	-9.86516	0
3.34008	-9.94056	0.313782	3.34008	-9.94056	0
4.43386	-9.92323	0.311113	4.43386	-9.92323	0
5.43886	-9.87543	0.320019	5.43886	-9.87543	0
6.43947	-9.84782	0.303827	6.43947	-9.84782	0
7.463	-9.81903	0.321593	7.463	-9.81903	0
8.47505	-9.88743	0.307511	8.47505	-9.88743	0
9.48358	-9.91958	0.338194	9.48358	-9.91958	0
10.5535	-9.91273	0.310923	10.5535	-9.91273	0
11.6044	-9.9371	0.305158	11.6044	-9.9371	0
-11.1655	-9.94727	0.304335	-11.1655	-9.94727	0
-10.112	-9.89621	0.312441	-10.112	-9.89621	0
-9.08978	-9.92893	0.281747	-9.08978	-9.92893	0
-7.96417	-9.89062	0.330976	-7.96417	-9.89062	0
-6.98752	-9.96131	0.306372	-6.98752	-9.96131	0
-5.84174	-9.94812	0.312588	-5.84174	-9.94812	0
-4.83783	-9.92652	0.349937	-4.83783	-9.92652	0
-3.81914	-9.9505	0.342042	-3.81914	-9.9505	0
-2.81406	-9.93614	0.332966	-2.81406	-9.93614	0
-1.76718	-9.93273	0.332254	-1.76718	-9.93273	0
-0.76228	-9.8993	0.325249	-0.76228	-9.8993	0
0.228846	-8.82541	0.320028	0.228846	-8.82541	0
1.2438	-8.84622	0.292084	1.2438	-8.84622	0
2.2782	-8.88642	0.307893	2.2782	-8.88642	0
3.3286	-8.89659	0.320615	3.3286	-8.89659	0
4.32418	-8.90331	0.34995	4.32418	-8.90331	0
5.3821	-8.81272	0.317938	5.3821	-8.81272	0
6.41925	-8.82132	0.293075	6.41925	-8.82132	0
7.50671	-8.7897	0.318293	7.50671	-8.7897	0
8.56354	-8.82753	0.302413	8.56354	-8.82753	0
9.53457	-8.90411	0.314384	9.53457	-8.90411	0
10.5777	-8.88154	0.305037	10.5777	-8.88154	0
11.6079	-8.90394	0.302079	11.6079	-8.90394	0
-11.1308	-8.92293	0.29833	-11.1308	-8.92293	0
-10.1059	-8.90977	0.325877	-10.1059	-8.90977	0
-9.09056	-8.89531	0.322781	-9.09056	-8.89531	0
-8.02557	-8.93525	0.301825	-8.02557	-8.93525	0
-6.98133	-8.96204	0.328272	-6.98133	-8.96204	0
-5.91434	-8.93018	0.331051	-5.91434	-8.93018	0
-4.89122	-8.91372	0.32016	-4.89122	-8.91372	0
-3.8523	-8.94144	0.283863	-3.8523	-8.94144	0
-2.87876	-8.94837	0.324907	-2.87876	-8.94837	0
-1.8049	-8.90606	0.324126	-1.8049	-8.90606	0
-0.789244	-8.8529	0.322933	-0.789244	-8.8529	0
0.255188	-7.84997	0.312307	0.255188	-7.84997	0
1.30097	-7.83986	0.320931	1.30097	-7.83986	0
2.3675	-7.87643	0.338925	2.3675	-7.87643	0
3.36521	-7.88417	0.318691	3.36521	-7.88417	0
4.40336	-7.83432	0.293164	4.40336	-7.83432	0
5.3825	-7.8166	0.366937	5.3825	-7.8166	0
6.45542	-7.81955	0.307468	6.45542	-7.81955	0
7.48032	-7.79875	0.307617	7.48032	-7.79875	0
8.57038	-7.75961	0.34065	8.57038	-7.75961	0
9.55452	-7.84712	0.318756	9.55452	-7.84712	0
10.5256	-7.83214	0.334144	10.5256	-7.83214	0
11.6303	-7.8561	0.300538	11.6303	-7.8561	0
-11.1146	-7.82277	0.293626	-11.1146	-7.82277	0
-10.0719	-7.87075	0.315265	-10.0719	-7.87075	0
-9.07657	-7.88031	0.303491	-9.07657	-7.88031	0
-8.02863	-7.9406	0.316427	-8.02863	-7.9406	0
-7.01924	-7.89781	0.30599	-7.01924	-7.89781	0
-6.01596	-7.88622	0.31671	-6.01596	-7.88622	0
-4.96216	-7.84609	0.33268	-4.96216	-7.84609	0
-3.90734	-7.85026	0.338885	-3.90734	-7.85026	0
-2.84625	-7.86797	0.335253	-2.84625	-7.86797	0
-1.83548	-7.83032	0.301482	-1.83548	-7.83032	0
-0.760653	-7.81818	0.343459	-0.760653	-7.81818	0
0.269578	-6.82669	0.310909	0.269578	-6.82669	0
1.31307	-6.82601	0.317987	1.31307	-6.82601	0
2.29469	-6.7832	0.313018	2.29469	-6.7832	0
3.31951	-6.85907	0.318663	3.31951	-6.85907	0
4.40883	-6.77562	0.298164	4.40883	-6.77562	0
5.37916	-6.82059	0.318256	5.37916	-6.82059	0
6.45112	-6.84018	0.3023	6.45112	-6.84018	0
7.46389	-6.79911	0.30263	7.46389	-6.79911	0
8.45405	-6.80891	0.287245	8.45405	-6.80891	0
9.50061	-6.78742	0.311694	9.50061	-6.78742	0
10.5371	-6.81361	0.322638	10.5371	-6.81361	0
11.5665	-6.78461	0.322214	11.5665	-6.78461	0
-11.1167	-6.83681	0.298641	-11.1167	-6.83681	0
-10.102	-6.78082	0.313938	-10.102	-6.78082	0
-9.04657	-6.86278	0.319435	-9.04657	-6.86278	0
-8.02187	-6.87809	0.277769	-8.02187	-6.87809	0
-7.0376	-6.89692	0.313279	-7.0376	-6.89692	0
-6.04974	-6.87341	0.317747	-6.04974	-6.87341	0
-4.95666	-6.79568	0.316475	-4.95666	-6.79568	0
-3.95855	-6.8577	0.321508	-3.95855	-6.8577	0
-2.87161	-6.8187	0.300267	-2.87161	-6.8187	0
-1.89797	-6.79517	0.317341	-1.89797	-6.79517	0
-0.784852	-6.81832	0.325959	-0.784852	-6.81832	0
0.195677	-5.83679	0.305191	0.195677	-5.83679	0
1.25733	-5.78144	0.318695	1.25733	-5.78144	0
2.26498	-5.78791	0.307477	2.26498	-5.78791	0
3.32085	-5.7852	0.31742	3.32085	-5.7852	0
4.34265	-5.75592	0.307789	4.34265	-5.75592	0
5.36468	-5.78204	0.327026	5.36468	-5.78204	0
6.37436	-5.76258	0.324965	6.37436	-5.76258	0
7.45382	-5.77816	0.310555	7.45382	-5.77816	0
8.5009	-5.7829	0.305729	8.5009	-5.7829	0
9.51411	-5.81518	0.303067	9.51411	-5.81518	0
10.5529	-5.76912	0.335647	10.5529	-5.76912	0
11.648	-5.71151	0.33471	11.648	-5.71151	0
-11.1218	-5.76613	0.29311	-11.1218	-5.76613	0
-10.0849	-5.83422	0.3584	-10.0849	-5.83422	0
-9.06068	-5.86493	0.34486	-9.06068	-5.86493	0
-8.03645	-5.85639	0.323385	-8.03645	-5.85639	0
-6.96181	-5.83021	0.304958	-6.96181	-5.83021	0
-5.96575	-5.78926	0.340363	-5.96575	-5.78926	0
-4.94624	-5.80569	0.30773	-4.94624	-5.80569	0
-3.89054	-5.78448	0.320471	-3.89054	-5.78448	0
-2.8756	-5.72943	0.323582	-2.8756	-5.72943	0
-1.88154	-5.76197	0.345288	-1.88154	-5.76197	0
-0.835703	-5.76549	0.315531	-0.835703	-5.76549	0
0.183665	-4.74617	0.296813	0.183665	-4.74617	0
1.2075	-4.73739	0.298602	1.2075	-4.73739	0
2.231	-4.76669	0.312887	2.231	-4.76669	0
3.21622	-4.77852	0.322394	3.21622	-4.77852	0
4.3137	-4.72375	0.30887	4.3137	-4.72375	0
5.33675	-4.73958	0.321654	5.33675	-4.73958	0
6.38418	-4.72888	0.293286	6.38418	-4.72888	0
7.45011	-4.76487	0.335589	7.45011	-4.76487	0
8.46446	-4.78382	0.3309	8.46446	-4.78382	0
9.56118	-4.79812	0.315597	9.56118	-4.79812	0
10.5874	-4.78571	0.302718	10.5874	-4.78571	0
11.6319	-4.70764	0.335557	11.6319	-4.70764	0
-11.1554	-4.78166	0.298361	-11.1554	-4.78166	0
-10.0633	-4.81174	0.32023	-10.0633	-4.81174	0
-9.07095	-4.75774	0.317013	-9.07095	-4.75774	0
-8.02448	-4.78754	0.30898	-8.02448	-4.78754	0
-7.01432	-4.75305	0.314566	-7.01432	-4.75305	0
-5.95859	-4.77206	0.349702	-5.95859	-4.77206	0
-4.9058	-4.73723	0.326628	-4.9058	-4.73723	0
-3.91407	-4.76071	0.312436	-3.91407	-4.76071	0
-2.92037	-4.68841	0.30592	-2.92037	-4.68841	0
-1.84697	-4.73416	0.331782	-1.84697	-4.73416	0
-0.809121	-4.76399	0.319772	-0.809121	-4.76399	0
0.176903	-3.7052	0.343092	0.176903	-3.7052	0
1.19417	-3.69719	0.308263	1.19417	-3.69719	0
2.22049	-3.70367	0.316074	2.22049	-3.70367	0
3.33099	-3.68405	0.32383	3.33099	-3.68405	0
4.31648	-3.73257	0.28466	4.31648	-3.73257	0
5.35341	-3.69058	0.313164	5.35341	-3.69058	0
6.38193	-3.72683	0.322287	6.38193	-3.72683	0
7.44409	-3.73416	0.325432	7.44409	-3.73416	0
8.48338	-3.74821	0.30757	8.48338	-3.74821	0
9.49882	-3.69441	0.310908	9.49882	-3.69441	0
10.5037	-3.74541	0.307822	10.5037	-3.74541	0
11.6537	-3.73398	0.305826	11.6537	-3.73398	0
-11.0481	-3.67451	0.332805	-11.0481	-3.67451	0
-10.0479	-3.74643	0.316688	-10.0479	-3.74643	0
-9.02708	-3.702	0.301997	-9.02708	-3.702	0
-7.98984	-3.75274	0.348809	-7.98984	-3.75274	0
-6.93878	-3.71631	0.312962	-6.93878	-3.71631	0
-5.95167	-3.71762	0.33395	-5.95167	-3.71762	0
-4.9224	-3.72059	0.324356	-4.9224	-3.72059	0
-3.86331	-3.68594	0.340308	-3.86331	-3.68594	0
-2.86208	-3.7212	0.313167	-2.86208	-3.7212	0
-1.87557	-3.67512	0.313915	-1.87557	-3.67512	0
-0.85121	-3.73329	0.330169	-0.85121	-3.73329	0
0.16497	-2.62135	0.328568	0.16497	-2.62135	0
1.25004	-2.68724	0.366041	1.25004	-2.68724	0
2.30994	-2.69204	0.338888	2.30994	-2.69204	0
3.37145	-2.67224	0.33527	3.37145	-2.67224	0
4.34922	-2.65627	0.330092	4.34922	-2.65627	0
5.36688	-2.63124	0.331584	5.36688	-2.63124	0
6.45417	-2.69015	0.344158	6.45417	-2.69015	0
7.46766	-2.69861	0.312088	7.46766	-2.69861	0
8.47534	-2.68061	0.324891	8.47534	-2.68061	0
9.55717	-2.68459	0.343493	9.55717	-2.68459	0
10.5642	-2.67645	0.314252	10.5642	-2.67645	0
11.5969	-2.64494	0.298933	11.5969	-2.64494	0
-11.118	-2.64118	0.338086	-11.118	-2.64118	0
-10.1022	-2.67746	0.324248	-10.1022	-2.67746	0
-9.05978	-2.6834	0.338701	-9.05978	-2.6834	0
-8.00865	-2.6705	0.317646	-8.00865	-2.6705	0
-7.0267	-2.67204	0.315411	-7.0267	-2.67204	0
-5.96998	-2.67752	0.294134	-5.96998	-2.67752	0
-4.96932	-2.70899	0.303889	-4.96932	-2.70899	0
-3.98007	-2.65895	0.319313	-3.98007	-2.65895	0
-2.90503	-2.68138	0.340589	-2.90503	-2.68138	0
-1.92153	-2.61665	0.315763	-1.92153	-2.61665	0
-0.849953	-2.62315	0.301549	-0.849953	-2.62315	0
0.292692	-1.61698	0.329941	0.292692	-1.61698	0
1.25978	-1.61876	0.280225	1.25978	-1.61876	0
2.27852	-1.69433	0.308913	2.27852	-1.69433	0
3.32374	-1.59476	0.303201	3.32374	-1.59476	0
4.3477	-1.63068	0.325016	4.3477	-1.63068	0
5.37182	-1.57152	0.325119	5.37182	-1.57152	0
6.41922	-1.59339	0.271031	6.41922	-1.59339	0
7.43542	-1.62931	0.321276	7.43542	-1.62931	0
8.51329	-1.65177	0.294237	8.51329	-1.65177	0
9.5386	-1.6935	0.315695	9.5386	-1.6935	0
10.5202	-1.6322	0.327202	10.5202	-1.6322	0
11.5268	-1.68264	0.331544	11.5268	-1.68264	0
-11.1785	-1.64025	0.301512	-11.1785	-1.64025	0
-10.1538	-1.67225	0.315655	-10.1538	-1.67225	0
-9.06109	-1.60419	0.299638	-9.06109	-1.60419	0
-8.00856	-1.66589	0.326621	-8.00856	-1.66589	0
-6.98897	-1.60799	0.3403	-6.98897	-1.60799	0
-6.01477	-1.58788	0.324931	-6.01477	-1.58788	0
-4.99167	-1.65319	0.305634	-4.99167	-1.65319	0
-3.99319	-1.65118	0.29148	-3.99319	-1.65118	0
-2.95794	-1.63526	0.329817	-2.95794	-1.63526	0
-1.9165	-1.60836	0.324148	-1.9165	-1.60836	0
-0.85448	-1.58867	0.313333	-0.85448	-1.58867	0
0.246162	-0.621659	0.314829	0.246162	-0.621659	0
1.28234	-0.629517	0.305549	1.28234	-0.629517	0
2.31427	-0.592426	0.331805	2.31427	-0.592426	0
3.31398	-0.571873	0.333924	3.31398	-0.571873	0
4.29945	-0.573182	0.332488	4.29945	-0.573182	0
5.4325	-0.566126	0.326261	5.4325	-0.566126	0
6.44339	-0.573415	0.321457	6.44339	-0.573415	0
7.45481	-0.59246	0.318377	7.45481	-0.59246	0
8.55697	-0.578851	0.314751	8.55697	-0.578851	0
9.54394	-0.654692	0.306468	9.54394	-0.654692	0
10.6003	-0.581557	0.330193	10.6003	-0.581557	0
11.5884	-0.649415	0.32936	11.5884	-0.649415	0
-11.1259	-0.599321	0.302566	-11.1259	-0.599321	0
-10.0608	-0.646415	0.330054	-10.0608	-0.646415	0
-9.07625	-0.641593	0.333411	-9.07625	-0.641593	0
-8.0178	-0.673151	0.298753	-8.0178	-0.673151	0
-6.99941	-0.565846	0.304444	-6.99941	-0.565846	0
-6.02897	-0.539436	0.299261	-6.02897	-0.539436	0
-4.95248	-0.548132	0.318116	-4.95248	-0.548132	0
-3.96363	-0.560219	0.329714	-3.96363	-0.560219	0
-2.90502	-0.589363	0.323888	-2.90502	-0.589363	0
-1.91582	-0.574005	0.286846	-1.91582	-0.574005	0
-0.805005	-0.612422	0.319053	-0.805005	-0.612422	0
