-0.506497	-0.219711	-0.30092	-0.506497	-0.219711	0
0.567691	-0.160726	-0.312911	0.567691	-0.160726	0
1.58028	-0.271832	-0.311726	1.58028	-0.271832	0
2.6096	-0.283313	-0.295056	2.6096	-0.283313	0
3.62477	-0.294138	-0.331851	3.62477	-0.294138	0
4.64046	-0.241489	-0.312743	4.64046	-0.241489	0
5.64179	-0.220851	-0.297642	5.64179	-0.220851	0
6.71021	-0.222604	-0.340857	6.71021	-0.222604	0
7.7763	-0.228599	-0.30261	7.7763	-0.228599	0
8.82298	-0.226908	-0.327392	8.82298	-0.226908	0
9.81514	-0.207286	-0.313074	9.81514	-0.207286	0
10.8563	-0.259584	-0.306124	10.8563	-0.259584	0
-11.8491	-0.185057	-0.312384	-11.8491	-0.185057	0
-10.8342	-0.232493	-0.320432	-10.8342	-0.232493	0
-9.79081	-0.214706	-0.306016	-9.79081	-0.214706	0
-8.79713	-0.214569	-0.315351	-8.79713	-0.214569	0
-7.75084	-0.232083	-0.323185	-7.75084	-0.232083	0
-6.72541	-0.213015	-0.325404	-6.72541	-0.213015	0
-5.69173	-0.210383	-0.316949	-5.69173	-0.210383	0
-4.67124	-0.258721	-0.326584	-4.67124	-0.258721	0
-3.62239	-0.228551	-0.283461	-3.62239	-0.228551	0
-2.61381	-0.147131	-0.31587	-2.61381	-0.147131	0
-1.55462	-0.222379	-0.326973	-1.55462	-0.222379	0
-0.489237	0.822976	-0.344174	-0.489237	0.822976	0
0.539643	0.822189	-0.326255	0.539643	0.822189	0
1.59971	0.853653	-0.298078	1.59971	0.853653	0
2.59829	0.796454	-0.296385	2.59829	0.796454	0
3.67054	0.722067	-0.33597	3.67054	0.722067	0
4.64788	0.784682	-0.312643	4.64788	0.784682	0
5.64271	0.804685	-0.296041	5.64271	0.804685	0
6.64924	0.774314	-0.32818	6.64924	0.774314	0
7.73705	0.78456	-0.32439	7.73705	0.78456	0
8.74209	0.810225	-0.30735	8.74209	0.810225	0
9.79387	0.865599	-0.308759	9.79387	0.865599	0
10.8213	0.788138	-0.328663	10.8213	0.788138	0
11.8937	0.811594	-0.317983	-11.8923	0.811594	0
-10.8138	0.806773	-0.34009	-10.8138	0.806773	0
-9.80806	0.796547	-0.315268	-9.80806	0.796547	0
-8.79095	0.820028	-0.322562	-8.79095	0.820028	0
-7.70938	0.794664	-0.332427	-7.70938	0.794664	0
-6.67702	0.779489	-0.29763	-6.67702	0.779489	0
-5.62867	0.813383	-0.315192	-5.62867	0.813383	0
-4.5965	0.785859	-0.307794	-4.5965	0.785859	0
-3.64129	0.817525	-0.287111	-3.64129	0.817525	0
-2.57276	0.835479	-0.342185	-2.57276	0.835479	0
-1.49252	0.818904	-0.288128	-1.49252	0.818904	0
-0.489891	1.8582	-0.310363	-0.489891	1.8582	0
0.559006	1.90563	-0.326756	0.559006	1.90563	0
1.61283	1.82886	-0.310072	1.61283	1.82886	0
2.60796	1.75714	-0.338636	2.60796	1.75714	0
3.62302	1.83661	-0.301244	3.62302	1.83661	0
4.65905	1.81319	-0.328624	4.65905	1.81319	0
5.64085	1.81567	-0.320039	5.64085	1.81567	0
6.66067	1.80537	-0.317846	6.66067	1.80537	0
7.69203	1.79021	-0.341841	7.69203	1.79021	0
8.79463	1.8568	-0.320073	8.79463	1.8568	0
9.78129	1.86725	-0.322323	9.78129	1.86725	0
10.7992	1.8536	-0.311835	10.7992	1.8536	0
11.8533	1.85071	-0.317202	11.8533	1.85071	0
-10.9344	1.81727	-0.320665	-10.9344	1.81727	0
-9.82447	1.78922	-0.325005	-9.82447	1.78922	0
-8.75322	1.82604	-0.300394	-8.75322	1.82604	0
-7.7099	1.8062	-0.302995	-7.7099	1.8062	0
-6.71872	1.79725	-0.32038	-6.71872	1.79725	0
-5.6642	1.84517	-0.320971	-5.6642	1.84517	0
-4.65661	1.84365	-0.325251	-4.65661	1.84365	0
-3.57527	1.81763	-0.310679	-3.57527	1.81763	0
-2.48445	1.82955	-0.31981	-2.48445	1.82955	0
-1.50993	1.87802	-0.267167	-1.50993	1.87802	0
-0.458672	2.88111	-0.353441	-0.458672	2.88111	0
0.501363	2.94522	-0.340716	0.501363	2.94522	0
1.55742	2.90296	-0.313895	1.55742	2.90296	0
2.56965	2.83991	-0.306807	2.56965	2.83991	0
3.55748	2.86945	-0.293516	3.55748	2.86945	0
4.60335	2.8625	-0.350531	4.60335	2.8625	0
5.6397	2.84383	-0.329805	5.6397	2.84383	0
6.74118	2.85907	-0.322778	6.74118	2.85907	0
7.74622	2.82985	-0.303584	7.74622	2.82985	0
8.74679	2.85796	-0.32717	8.74679	2.85796	0
9.82843	2.87751	-0.29702	9.82843	2.87751	0
10.8541	2.8798	-0.328649	10.8541	2.8798	0
-11.921	2.88796	-0.313836	11.865	2.88796	0
-10.8528	2.87744	-0.313695	-10.8528	2.87744	0
-9.78233	2.82992	-0.306246	-9.78233	2.82992	0
-8.76786	2.80319	-0.323313	-8.76786	2.80319	0
-7.74881	2.82322	-0.334573	-7.74881	2.82322	0
-6.75165	2.78928	-0.332972	-6.75165	2.78928	0
-5.71696	2.8739	-0.311385	-5.71696	2.8739	0
-4.67027	2.87618	-0.320752	-4.67027	2.87618	0
-3.67911	2.88918	-0.293612	-3.67911	2.88918	0
-2.53691	2.90575	-0.330378	-2.53691	2.90575	0
-1.53031	2.89923	-0.314195	-1.53031	2.89923	0
-0.536693	3.97475	-0.337064	-0.536693	3.97475	0
0.51843	3.95648	-0.345493	0.51843	3.95648	0
1.55231	3.92483	-0.281617	1.55231	3.92483	0
2.54431	3.89307	-0.313619	2.54431	3.89307	0
3.59457	3.90595	-0.323099	3.59457	3.90595	0
4.64232	3.88761	-0.301965	4.64232	3.88761	0
5.68395	3.85033	-0.332927	5.68395	3.85033	0
6.69107	3.91078	-0.32178	6.69107	3.91078	0
7.70816	3.88868	-0.301112	7.70816	3.88868	0
8.77619	3.86236	-0.316508	8.77619	3.86236	0
9.77103	3.87314	-0.301888	9.77103	3.87314	0
10.8215	3.8508	-0.340138	10.8215	3.8508	0
-11.9056	3.91571	-0.30335	11.8805	3.91571	0
-10.84	3.92227	-0.314418	-10.84	3.92227	0
-9.86025	3.85759	-0.323003	-9.86025	3.85759	0
-8.81998	3.88394	-0.323877	-8.81998	3.88394	0
-7.74414	3.86934	-0.333405	-7.74414	3.86934	0
-6.72397	3.82447	-0.323825	-6.72397	3.82447	0
-5.73685	3.86707	-0.327829	-5.73685	3.86707	0
-4.69531	3.88587	-0.319001	-4.69531	3.88587	0
-3.60557	3.89389	-0.328925	-3.60557	3.89389	0
-2.5732	3.92349	-0.347237	-2.5732	3.92349	0
-1.57225	3.87098	-0.305112	-1.57225	3.87098	0
-0.506482	4.9749	-0.309597	-0.506482	4.9749	0
0.556909	4.98042	-0.315236	0.556909	4.98042	0
1.57434	4.97446	-0.316666	1.57434	4.97446	0
2.59298	4.91404	-0.307492	2.59298	4.91404	0
3.61597	4.93896	-0.302536	3.61597	4.93896	0
4.61628	4.88074	-0.329771	4.61628	4.88074	0
5.66593	4.86399	-0.344015	5.66593	4.86399	0
6.68181	4.87564	-0.284559	6.68181	4.87564	0
7.70604	4.85916	-0.296514	7.70604	4.85916	0
8.72897	4.88255	-0.326223	8.72897	4.88255	0
9.83124	4.88295	-0.282139	9.83124	4.88295	0
10.7885	4.89584	-0.346302	10.7885	4.89584	0
11.842	4.95995	-0.301607	11.842	4.95995	0
-10.9132	4.9666	-0.32953	-10.9132	4.9666	0
-9.87765	4.92051	-0.358453	-9.87765	4.92051	0
-8.84137	4.92328	-0.296943	-8.84137	4.92328	0
-7.84894	4.94418	-0.340658	-7.84894	4.94418	0
-6.795	4.9767	-0.314865	-6.795	4.9767	0
-5.72331	4.92348	-0.292367	-5.72331	4.92348	0
-4.69696	4.8797	-0.340214	-4.69696	4.8797	0
-3.65329	4.95498	-0.321401	-3.65329	4.95498	0
-2.61796	4.96827	-0.312066	-2.61796	4.96827	0
-1.56084	4.94219	-0.311537	-1.56084	4.94219	0
-0.62407	6.0037	-0.326457	-0.62407	6.0037	0
0.432563	6.03552	-0.327151	0.432563	6.03552	0
1.52058	5.96653	-0.284282	1.52058	5.96653	0
2.56835	6.06098	-0.317487	2.56835	6.06098	0
3.62343	5.93132	-0.285872	3.62343	5.93132	0
4.67787	5.89968	-0.307325	4.67787	5.89968	0
5.66093	5.93325	-0.304117	5.66093	5.93325	0
6.70822	5.90773	-0.317364	6.70822	5.90773	0
7.70445	5.92025	-0.334924	7.70445	5.92025	0
8.74181	5.90867	-0.332431	8.74181	5.90867	0
9.81018	5.89966	-0.309412	9.81018	5.89966	0
10.8346	6.00008	-0.307106	10.8346	6.00008	0
11.8427	5.98225	-0.309625	11.8427	5.98225	0
-10.955	5.9732	-0.288429	-10.955	5.9732	0
-9.90044	5.92805	-0.305572	-9.90044	5.92805	0
-8.89112	5.95348	-0.310483	-8.89112	5.95348	0
-7.83384	6.02314	-0.33317	-7.83384	6.02314	0
-6.7857	6.01308	-0.292081	-6.7857	6.01308	0
-5.76331	5.89377	-0.322395	-5.76331	5.89377	0
-4.71823	5.90678	-0.319655	-4.71823	5.90678	0
-3.67149	5.96427	-0.311969	-3.67149	5.96427	0
-2.5847	5.99205	-0.303054	-2.5847	5.99205	0
-1.57208	5.99695	-0.286501	-1.57208	5.99695	0
-0.575392	7.01323	-0.323576	-0.575392	7.01323	0
0.451366	7.06469	-0.3059	0.451366	7.06469	0
1.48049	7.0133	-0.329633	1.48049	7.0133	0
2.61283	7.03162	-0.331555	2.61283	7.03162	0
3.56013	6.94278	-0.327206	3.56013	6.94278	0
4.67335	6.93738	-0.31769	4.67335	6.93738	0
5.6976	6.93149	-0.290352	5.6976	6.93149	0
6.72183	6.94081	-0.286856	6.72183	6.94081	0
7.74824	6.92581	-0.295856	7.74824	6.92581	0
8.7796	7.02791	-0.287979	8.7796	7.02791	0
9.80042	7.04331	-0.329948	9.80042	7.04331	0
10.8746	7.00956	-0.319561	10.8746	7.00956	0
11.8972	7.01802	-0.346688	-11.8889	7.01802	0
-10.9206	6.97412	-0.315177	-10.9206	6.97412	0
-9.8966	6.97528	-0.328612	-9.8966	6.97528	0
-8.86028	6.93598	-0.288405	-8.86028	6.93598	0
-7.78895	7.00735	-0.325277	-7.78895	7.00735	0
-6.81292	7.025	-0.304749	-6.81292	7.025	0
-5.77542	7.00444	-0.2913	-5.77542	7.00444	0
-4.72285	6.95447	-0.292662	-4.72285	6.95447	0
-3.68548	7.00028	-0.311843	-3.68548	7.00028	0
-2.61294	7.03811	-0.290421	-2.61294	7.03811	0
-1.61554	7.07343	-0.311373	-1.61554	7.07343	0
-0.532521	8.05243	-0.294056	-0.532521	8.05243	0
0.505134	8.06202	-0.304566	0.505134	8.06202	0
1.55288	8.11045	-0.272907	1.55288	8.11045	0
2.59171	8.05106	-0.349332	2.59171	8.05106	0
3.64115	8.00403	-0.316331	3.64115	8.00403	0
4.67649	7.94999	-0.283371	4.67649	7.94999	0
5.70266	7.98582	-0.317016	5.70266	7.98582	0
6.67673	7.993	-0.323938	6.67673	7.993	0
7.73535	8.02378	-0.337497	7.73535	8.02378	0
8.77088	8.0318	-0.308271	8.77088	8.0318	0
9.75271	8.0658	-0.321775	9.75271	8.0658	0
10.7983	8.04257	-0.332733	10.7983	8.04257	0
11.8801	8.03491	-0.335531	11.8801	8.03491	0
-10.9073	7.99404	-0.327557	-10.9073	7.99404	0
-9.87477	8.00645	-0.326524	-9.87477	8.00645	0
-8.89504	7.96538	-0.323081	-8.89504	7.96538	0
-7.81375	8.0635	-0.340952	-7.81375	8.0635	0
-6.79978	8.08514	-0.317814	-6.79978	8.08514	0
-5.78437	8.0451	-0.324734	-5.78437	8.0451	0
-4.69834	8.00802	-0.320009	-4.69834	8.00802	0
-3.71083	7.97814	-0.325498	-3.71083	7.97814	0
-2.62758	8.01947	-0.331178	-2.62758	8.01947	0
-1.60635	8.06949	-0.311327	-1.60635	8.06949	0
-0.554928	9.05538	-0.308233	-0.554928	9.05538	0
0.473258	9.10072	-0.304556	0.473258	9.10072	0
1.47466	9.13552	-0.310655	1.47466	9.13552	0
2.58748	9.07782	-0.328771	2.58748	9.07782	0
3.60148	9.02435	-0.338455	3.60148	9.02435	0
4.62501	8.94218	-0.318484	4.62501	8.94218	0
5.72914	9.06645	-0.290729	5.72914	9.06645	0
6.7386	8.97113	-0.31646	6.7386	8.97113	0
7.71784	9.04291	-0.338485	7.71784	9.04291	0
8.76592	9.02756	-0.273635	8.76592	9.02756	0
9.76026	9.10918	-0.313177	9.76026	9.10918	0
10.7914	9.12279	-0.290589	10.7914	9.12279	0
11.8732	9.05817	-0.313841	11.8732	9.05817	0
-10.8874	9.06486	-0.296142	-10.8874	9.06486	0
-9.87414	8.98104	-0.331391	-9.87414	8.98104	0
-8.78326	9.04777	-0.328671	-8.78326	9.04777	0
-7.81446	9.11823	-0.316296	-7.81446	9.11823	0
-6.74921	9.05247	-0.335995	-6.74921	9.05247	0
-5.75016	9.08107	-0.303138	-5.75016	9.08107	0
-4.65047	9.07786	-0.332606	-4.65047	9.07786	0
-3.62898	9.03875	-0.318562	-3.62898	9.03875	0
-2.6225	9.07862	-0.318948	-2.6225	9.07862	0
-1.61895	9.06858	-0.284388	-1.61895	9.06858	0
-0.57264	10.1113	-0.312588	-0.57264	10.1113	0
0.492814	10.1058	-0.305396	0.492814	10.1058	0
1.51441	10.1759	-0.30876	1.51441	10.1759	0
2.56123	10.0122	-0.327162	2.56123	10.0122	0
3.56253	10.0753	-0.321247	3.56253	10.0753	0
4.6477	10.07	-0.327274	4.6477	10.07	0
5.64801	10.0336	-0.273464	5.64801	10.0336	0
6.66192	10.0705	-0.323372	6.66192	10.0705	0
7.70426	10.0386	-0.339029	7.70426	10.0386	0
8.7056	10.1022	-0.330119	8.7056	10.1022	0
9.73263	10.1094	-0.312885	9.73263	10.1094	0
10.7497	10.146	-0.292072	10.7497	10.146	0
11.8019	10.0989	-0.323883	11.8019	10.0989	0
-10.892	10.0277	-0.327055	-10.892	10.0277	0
-9.86272	9.9808	-0.33596	-9.86272	9.9808	0
-8.81956	10.0379	-0.333861	-8.81956	10.0379	0
-7.77346	10.1148	-0.311466	-7.77346	10.1148	0
-6.71213	10.1451	-0.314046	-6.71213	10.1451	0
-5.65151	10.1123	-0.319724	-5.65151	10.1123	0
-4.66726	10.0931	-0.356808	-4.66726	10.0931	0
-3.63266	10.0795	-0.305042	-3.63266	10.0795	0
-2.6517	10.1806	-0.312152	-2.6517	10.1806	0
-1.61016	10.1292	-0.298512	-1.61016	10.1292	0
-0.521532	11.1273	-0.314082	-0.521532	11.1273	0
0.504985	11.1237	-0.320045	0.504985	11.1237	0
1.53583	11.1536	-0.335168	1.53583	11.1536	0
2.55707	11.0956	-0.351485	2.55707	11.0956	0
3.60665	11.1029	-0.33267	3.60665	11.1029	0
4.62152	11.0757	-0.322723	4.62152	11.0757	0
5.67992	11.1035	-0.338599	5.67992	11.1035	0
6.72958	11.1023	-0.304281	6.72958	11.1023	0
7.71931	11.0818	-0.328636	7.71931	11.0818	0
8.71352	11.1639	-0.312839	8.71352	11.1639	0
9.77885	11.1729	-0.322242	9.77885	11.1729	0
10.7889	11.1341	-0.307142	10.7889	11.1341	0
11.8522	11.0773	-0.30791	11.8522	11.0773	0
-10.9343	11.0839	-0.329101	-10.9343	11.0839	0
-9.92317	11.0888	-0.309685	-9.92317	11.0888	0
-8.93648	11.0819	-0.335924	-8.93648	11.0819	0
-7.80969	11.1313	-0.303401	-7.80969	11.1313	0
-6.74235	11.1441	-0.303435	-6.74235	11.1441	0
-5.70395	11.1486	-0.309322	-5.70395	11.1486	0
-4.67369	11.1531	-0.296182	-4.67369	11.1531	0
-3.66562	11.1148	-0.316341	-3.66562	11.1148	0
-2.5848	11.184	-0.330618	-2.5848	11.184	0
-1.54138	11.1679	-0.318262	-1.54138	11.1679	0
-0.510914	-11.58	-0.325514	-0.510914	-11.58	0
0.460123	-11.6177	-0.325915	0.460123	-11.6177	0
1.5093	-11.6443	-0.324459	1.5093	-11.6443	0
2.57386	-11.6162	-0.321713	2.57386	-11.6162	0
3.59062	-11.6593	-0.279582	3.59062	-11.6593	0
4.65658	-11.6806	-0.303606	4.65658	-11.6806	0
5.68271	-11.6203	-0.316191	5.68271	-11.6203	0
6.75769	-11.5976	-0.33935	6.75769	-11.5976	0
7.74669	-11.6012	-0.292234	7.74669	-11.6012	0
8.77546	-11.5548	-0.322389	8.77546	-11.5548	0
9.77964	-11.5158	-0.313588	9.77964	-11.5158	0
10.8271	-11.6013	-0.30273	10.8271	-11.6013	0
11.8349	-11.6922	-0.302242	11.8349	-11.6922	0
-10.9008	-11.6899	-0.326922	-10.9008	-11.6899	0
-9.84944	-11.7073	-0.298688	-9.84944	-11.7073	0
-8.82898	-11.6198	-0.308841	-8.82898	-11.6198	0
-7.79906	-11.6831	-0.320197	-7.79906	-11.6831	0
-6.7202	-11.6375	-0.322103	-6.7202	-11.6375	0
-5.7311	-11.6336	-0.332258	-5.7311	-11.6336	0
-4.65607	-11.5901	-0.311382	-4.65607	-11.5901	0
-3.6382	-11.6614	-0.310925	-3.6382	-11.6614	0
-2.60808	-11.619	-0.299318	-2.60808	-11.619	0
-1.53351	-11.5938	-0.31157	-1.53351	-11.5938	0
-0.543922	-10.5485	-0.326947	-0.543922	-10.5485	0
0.476355	-10.5536	-0.31615	0.476355	-10.5536	0
1.55247	-10.6192	-0.32768	1.55247	-10.6192	0
2.6382	-10.5809	-0.328971	2.6382	-10.5809	0
3.65336	-10.6347	-0.301013	3.65336	-10.6347	0
4.66721	-10.629	-0.308093	4.66721	-10.629	0
5.71505	-10.5684	-0.291385	5.71505	-10.5684	0
6.72833	-10.6212	-0.345995	6.72833	-10.6212	0
7.73372	-10.5411	-0.307674	7.73372	-10.5411	0
8.8029	-10.5241	-0.312258	8.8029	-10.5241	0
9.7993	-10.4654	-0.335265	9.7993	-10.4654	0
10.7951	-10.5364	-0.290906	10.7951	-10.5364	0
11.8688	-10.6632	-0.323398	11.8688	-10.6632	0
-10.9142	-10.6296	-0.300739	-10.9142	-10.6296	0
-9.90072	-10.5919	-0.310602	-9.90072	-10.5919	0
-8.83924	-10.6006	-0.279982	-8.83924	-10.6006	0
-7.7272	-10.5579	-0.307693	-7.7272	-10.5579	0
-6.77726	-10.6418	-0.304389	-6.77726	-10.6418	0
-5.70978	-10.6418	-0.31578	-5.70978	-10.6418	0
-4.66887	-10.5997	-0.331578	-4.66887	-10.5997	0
-3.68712	-10.5576	-0.342511	-3.68712	-10.5576	0
-2.60241	-10.594	-0.31004	-2.60241	-10.594	0
-1.63286	-10.5921	-0.32113	-1.63286	-10.5921	0
-0.499624	-9.55263	-0.324226	-0.499624	-9.55263	0
0.539192	-9.55932	-0.331751	0.539192	-9.55932	0
1.57646	-9.61316	-0.307259	1.57646	-9.61316	0
2.56947	-9.58062	-0.302139	2.56947	-9.58062	0
3.65247	-9.57688	-0.322942	3.65247	-9.57688	0
4.68114	-9.62501	-0.322509	4.68114	-9.62501	0
5.69436	-9.57159	-0.321582	5.69436	-9.57159	0
6.75054	-9.47263	-0.342583	6.75054	-9.47263	0
7.77037	-9.55696	-0.320512	7.77037	-9.55696	0
8.80812	-9.49969	-0.342397	8.80812	-9.49969	0
9.81748	-9.45255	-0.324396	9.81748	-9.45255	0
10.9219	-9.55373	-0.349094	10.9219	-9.55373	0
-11.8568	-9.51076	-0.311618	-11.8568	-9.51076	0
-10.8562	-9.61659	-0.314486	-10.8562	-9.61659	0
-9.82205	-9.5449	-0.306457	-9.82205	-9.5449	0
-8.79709	-9.58412	-0.307568	-8.79709	-9.58412	0
-7.79087	-9.56579	-0.307186	-7.79087	-9.56579	0
-6.76202	-9.56422	-0.328448	-6.76202	-9.56422	0
-5.67012	-9.55923	-0.302485	-5.67012	-9.55923	0
-4.69046	-9.48889	-0.325367	-4.69046	-9.48889	0
-3.63117	-9.48488	-0.299537	-3.63117	-9.48488	0
-2.62943	-9.50274	-0.327063	-2.62943	-9.50274	0
-1.62224	-9.54235	-0.341342	-1.62224	-9.54235	0
-0.468493	-8.4821	-0.339914	-0.468493	-8.4821	0
0.54442	-8.48544	-0.342207	0.54442	-8.48544	0
1.59978	-8.58514	-0.33549	1.59978	-8.58514	0
2.57379	-8.53092	-0.297294	2.57379	-8.53092	0
3.61984	-8.55372	-0.295978	3.61984	-8.55372	0
4.60013	-8.53473	-0.30404	4.60013	-8.53473	0
5.63067	-8.495	-0.324609	5.63067	-8.495	0
6.71782	-8.5068	-0.320742	6.71782	-8.5068	0
7.69818	-8.50694	-0.307445	7.69818	-8.50694	0
8.78882	-8.45419	-0.287698	8.78882	-8.45419	0
9.87266	-8.46158	-0.316453	9.87266	-8.46158	0
10.9107	-8.48483	-0.328074	10.9107	-8.48483	0
-11.8725	-8.4748	-0.318213	-11.8725	-8.4748	0
-10.8788	-8.54731	-0.285622	-10.8788	-8.54731	0
-9.81258	-8.54093	-0.326069	-9.81258	-8.54093	0
-8.82827	-8.54563	-0.329877	-8.82827	-8.54563	0
-7.76188	-8.50508	-0.31575	-7.76188	-8.50508	0
-6.76165	-8.48176	-0.324231	-6.76165	-8.48176	0
-5.70128	-8.52274	-0.318329	-5.70128	-8.52274	0
-4.66444	-8.46604	-0.287581	-4.66444	-8.46604	0
-3.65527	-8.4763	-0.316739	-3.65527	-8.4763	0
-2.60069	-8.53811	-0.296631	-2.60069	-8.53811	0
-1.5553	-8.50021	-0.322489	-1.5553	-8.50021	0
-0.534823	-7.43353	-0.322917	-0.534823	-7.43353	0
0.553282	-7.44491	-0.332868	0.553282	-7.44491	0
1.58623	-7.51667	-0.323833	1.58623	-7.51667	0
2.58569	-7.45672	-0.328547	2.58569	-7.45672	0
3.64927	-7.50007	-0.329378	3.64927	-7.50007	0
4.61562	-7.47778	-0.312999	4.61562	-7.47778	0
5.71316	-7.43827	-0.333957	5.71316	-7.43827	0
6.73067	-7.50945	-0.300813	6.73067	-7.50945	0
7.77417	-7.46743	-0.290718	7.77417	-7.46743	0
8.76645	-7.43238	-0.282131	8.76645	-7.43238	0
9.81149	-7.48224	-0.335109	9.81149	-7.48224	0
10.9312	-7.43036	-0.33749	10.9312	-7.43036	0
-11.8409	-7.41233	-0.3192	-11.8409	-7.41233	0
-10.8367	-7.47675	-0.320338	-10.8367	-7.47675	0
-9.82569	-7.45627	-0.312571	-9.82569	-7.45627	0
-8.80813	-7.51388	-0.348302	-8.80813	-7.51388	0
-7.78432	-7.44567	-0.31832	-7.78432	-7.44567	0
-6.73192	-7.46643	-0.338223	-6.73192	-7.46643	0
-5.72784	-7.47421	-0.317949	-5.72784	-7.47421	0
-4.67374	-7.39747	-0.317301	-4.67374	-7.39747	0
-3.60245	-7.50576	-0.307125	-3.60245	-7.50576	0
-2.61324	-7.48933	-0.309878	-2.61324	-7.48933	0
-1.56249	-7.45568	-0.326421	-1.56249	-7.45568	0
-0.496446	-6.37672	-0.279699	-0.496446	-6.37672	0
0.507598	-6.4315	-0.325678	0.507598	-6.4315	0
1.6036	-6.41786	-0.310406	1.6036	-6.41786	0
2.554	-6.48519	-0.3254	2.554	-6.48519	0
3.63118	-6.49216	-0.31687	3.63118	-6.49216	0
4.62661	-6.42255	-0.32602	4.62661	-6.42255	0
5.69839	-6.44697	-0.31122	5.69839	-6.44697	0
6.69615	-6.46091	-0.300927	6.69615	-6.46091	0
7.72344	-6.40419	-0.314335	7.72344	-6.40419	0
8.81039	-6.41654	-0.285057	8.81039	-6.41654	0
9.86475	-6.46463	-0.339039	9.86475	-6.46463	0
10.8902	-6.42001	-0.298951	10.8902	-6.42001	0
-11.91	-6.38483	-0.323561	11.876	-6.38483	0
-10.8479	-6.43959	-0.314211	-10.8479	-6.43959	0
-9.85162	-6.42988	-0.348354	-9.85162	-6.42988	0
-8.83917	-6.46675	-0.305596	-8.83917	-6.46675	0
-7.73735	-6.46775	-0.316191	-7.73735	-6.46775	0
-6.71329	-6.50293	-0.324733	-6.71329	-6.50293	0
-5.69224	-6.40562	-0.294387	-5.69224	-6.40562	0
-4.62752	-6.4408	-0.323985	-4.62752	-6.4408	0
-3.61361	-6.42555	-0.339171	-3.61361	-6.42555	0
-2.5765	-6.47983	-0.321344	-2.5765	-6.47983	0
-1.5669	-6.44424	-0.355457	-1.5669	-6.44424	0
-0.493482	-5.30165	-0.318621	-0.493482	-5.30165	0
0.573791	-5.40607	-0.301334	0.573791	-5.40607	0
1.54223	-5.41171	-0.288956	1.54223	-5.41171	0
2.57072	-5.43557	-0.308707	2.57072	-5.43557	0
3.5936	-5.42657	-0.31916	3.5936	-5.42657	0
4.5739	-5.37416	-0.33915	4.5739	-5.37416	0
5.6771	-5.39733	-0.321288	5.6771	-5.39733	0
6.68166	-5.36258	-0.302434	6.68166	-5.36258	0
7.74706	-5.3523	-0.335933	7.74706	-5.3523	0
8.79595	-5.36917	-0.296534	8.79595	-5.36917	0
9.81322	-5.38955	-0.3283	9.81322	-5.38955	0
10.8533	-5.36975	-0.307663	10.8533	-5.36975	0
11.8947	-5.35595	-0.304889	-11.8914	-5.35595	0
-10.8512	-5.33409	-0.3014	-10.8512	-5.33409	0
-9.77136	-5.37012	-0.301494	-9.77136	-5.37012	0
-8.72246	-5.42771	-0.300835	-8.72246	-5.42771	0
-7.71002	-5.40058	-0.30599	-7.71002	-5.40058	0
-6.68359	-5.4733	-0.315257	-6.68359	-5.4733	0
-5.6958	-5.42112	-0.323701	-5.6958	-5.42112	0
-4.71001	-5.40194	-0.312178	-4.71001	-5.40194	0
-3.67611	-5.39827	-0.323855	-3.67611	-5.39827	0
-2.55586	-5.44665	-0.317791	-2.55586	-5.44665	0
-1.54997	-5.39924	-0.322667	-1.54997	-5.39924	0
-0.471992	-4.33302	-0.316718	-0.471992	-4.33302	0
0.510491	-4.33846	-0.296748	0.510491	-4.33846	0
1.53197	-4.38181	-0.304614	1.53197	-4.38181	0
2.5925	-4.3262	-0.320593	2.5925	-4.3262	0
3.57293	-4.3585	-0.303007	3.57293	-4.3585	0
4.60349	-4.36458	-0.3014	4.60349	-4.36458	0
5.6817	-4.28923	-0.316293	5.6817	-4.28923	0
6.71899	-4.30952	-0.324169	6.71899	-4.30952	0
7.7478	-4.34791	-0.317821	7.7478	-4.34791	0
8.76065	-4.32556	-0.297896	8.76065	-4.32556	0
9.85435	-4.29668	-0.316445	9.85435	-4.29668	0
10.8651	-4.37009	-0.332044	10.8651	-4.37009	0
11.9123	-4.38515	-0.331878	-11.8737	-4.38515	0
-10.8018	-4.41013	-0.328748	-10.8018	-4.41013	0
-9.81415	-4.36573	-0.32344	-9.81415	-4.36573	0
-8.77164	-4.32917	-0.310329	-8.77164	-4.32917	0
-7.70227	-4.41107	-0.309029	-7.70227	-4.41107	0
-6.70598	-4.37831	-0.30713	-6.70598	-4.37831	0
-5.75175	-4.39677	-0.311455	-5.75175	-4.39677	0
-4.70007	-4.36797	-0.307523	-4.70007	-4.36797	0
-3.62	-4.34504	-0.329656	-3.62	-4.34504	0
-2.62456	-4.41181	-0.293094	-2.62456	-4.41181	0
-1.63014	-4.37038	-0.335625	-1.63014	-4.37038	0
-0.545786	-3.3278	-0.317668	-0.545786	-3.3278	0
0.476209	-3.33757	-0.306903	0.476209	-3.33757	0
1.55992	-3.32323	-0.307371	1.55992	-3.32323	0
2.55034	-3.29146	-0.343316	2.55034	-3.29146	0
3.60018	-3.29013	-0.322709	3.60018	-3.29013	0
4.60913	-3.30327	-0.322595	4.60913	-3.30327	0
5.65695	-3.26487	-0.275451	5.65695	-3.26487	0
6.72169	-3.32062	-0.302237	6.72169	-3.32062	0
7.81387	-3.26312	-0.329768	7.81387	-3.26312	0
8.81972	-3.27724	-0.319888	8.81972	-3.27724	0
9.847	-3.28041	-0.32507	9.847	-3.28041	0
10.8957	-3.26899	-0.312888	10.8957	-3.26899	0
11.9116	-3.36292	-0.327499	-11.8744	-3.36292	0
-10.826	-3.25849	-0.33122	-10.826	-3.25849	0
-9.81442	-3.3344	-0.309542	-9.81442	-3.3344	0
-8.73156	-3.32869	-0.336628	-8.73156	-3.32869	0
-7.728	-3.33362	-0.3243	-7.728	-3.33362	0
-6.68136	-3.33308	-0.32492	-6.68136	-3.33308	0
-5.71724	-3.40068	-0.329044	-5.71724	-3.40068	0
-4.63678	-3.33551	-0.329915	-4.63678	-3.33551	0
-3.61774	-3.28346	-0.323661	-3.61774	-3.28346	0
-2.58275	-3.37034	-0.315334	-2.58275	-3.37034	0
-1.54448	-3.28847	-0.340856	-1.54448	-3.28847	0
-0.506799	-2.31112	-0.315419	-0.506799	-2.31112	0
0.520607	-2.29436	-0.334353	0.520607	-2.29436	0
1.56972	-2.3024	-0.327033	1.56972	-2.3024	0
2.58437	-2.2998	-0.341126	2.58437	-2.2998	0
3.62907	-2.2566	-0.340373	3.62907	-2.2566	0
4.67837	-2.30211	-0.315327	4.67837	-2.30211	0
5.70176	-2.22494	-0.294384	5.70176	-2.22494	0
6.70376	-2.24449	-0.294578	6.70376	-2.24449	0
7.798	-2.24515	-0.345457	7.798	-2.24515	0
8.8356	-2.20402	-0.32282	8.8356	-2.20402	0
9.87831	-2.24885	-0.306731	9.87831	-2.24885	0
10.9536	-2.24611	-0.291729	10.9536	-2.24611	0
-11.8406	-2.28244	-0.344529	-11.8406	-2.28244	0
-10.8014	-2.30042	-0.303248	-10.8014	-2.30042	0
-9.77171	-2.28663	-0.306851	-9.77171	-2.28663	0
-8.73624	-2.30303	-0.302488	-8.73624	-2.30303	0
-7.74029	-2.2902	-0.301326	-7.74029	-2.2902	0
-6.73055	-2.29847	-0.287673	-6.73055	-2.29847	0
-5.71449	-2.34339	-0.32637	-5.71449	-2.34339	0
-4.61462	-2.30602	-0.342451	-4.61462	-2.30602	0
-3.59639	-2.28629	-0.339627	-3.59639	-2.28629	0
-2.52308	-2.30966	-0.311282	-2.52308	-2.30966	0
-1.54208	-2.28223	-0.325232	-1.54208	-2.28223	0
-0.516892	-1.23888	-0.324856	-0.516892	-1.23888	0
0.473961	-1.25212	-0.327534	0.473961	-1.25212	0
1.48737	-1.2906	-0.322131	1.48737	-1.2906	0
2.56818	-1.26939	-0.331834	2.56818	-1.26939	0
3.60543	-1.28972	-0.320445	3.60543	-1.28972	0
4.67658	-1.2475	-0.290675	4.67658	-1.2475	0
5.737	-1.20163	-0.333706	5.737	-1.20163	0
6.75246	-1.26534	-0.331789	6.75246	-1.26534	0
7.71461	-1.2304	-0.319468	7.71461	-1.2304	0
8.7	-1.18743	-0.304976	8.7	-1.18743	0
9.78312	-1.23395	-0.302252	9.78312	-1.23395	0
10.8928	-1.2559	-0.326387	10.8928	-1.2559	0
-11.8164	-1.20958	-0.307803	-11.8164	-1.20958	0
-10.8373	-1.2628	-0.307411	-10.8373	-1.2628	0
-9.756	-1.24492	-0.330413	-9.756	-1.24492	0
-8.75822	-1.25487	-0.329394	-8.75822	-1.25487	0
-7.71612	-1.24707	-0.328428	-7.71612	-1.24707	0
-6.66592	-1.26813	-0.31456	-6.66592	-1.26813	0
-5.67114	-1.29278	-0.308056	-5.67114	-1.29278	0
-4.65248	-1.3226	-0.321217	-4.65248	-1.3226	0
-3.63409	-1.26497	-0.309276	-3.63409	-1.26497	0
-2.6392	-1.22254	-0.30221	-2.6392	-1.22254	0
-1.55643	-1.23591	-0.326808	-1.55643	-1.23591	0
0.0392383	0.304246	0.329891	0.0392383	0.304246	0
1.09957	0.349967	0.307651	1.09957	0.349967	0
2.08941	0.246883	0.299183	2.08941	0.246883	0
3.13353	0.249936	0.307288	3.13353	0.249936	0
4.11527	0.237743	0.319525	4.11527	0.237743	0
5.13548	0.258275	0.333029	5.13548	0.258275	0
6.1843	0.263941	0.338513	6.1843	0.263941	0
7.23902	0.288394	0.303206	7.23902	0.288394	0
8.28697	0.334321	0.357343	8.28697	0.334321	0
9.26937	0.326748	0.324478	9.26937	0.326748	0
10.3603	0.302983	0.297286	10.3603	0.302983	0
11.372	0.295826	0.335429	11.372	0.295826	0
-11.3445	0.307103	0.328983	-11.3445	0.307103	0
-10.3447	0.280861	0.351149	-10.3447	0.280861	0
-9.25778	0.260077	0.340338	-9.25778	0.260077	0
-8.25612	0.299724	0.314262	-8.25612	0.299724	0
-7.24621	0.307939	0.314881	-7.24621	0.307939	0
-6.15729	0.288794	0.333426	-6.15729	0.288794	0
-5.15224	0.280717	0.340741	-5.15224	0.280717	0
-4.14405	0.233355	0.336815	-4.14405	0.233355	0
-3.0861	0.403155	0.339447	-3.0861	0.403155	0
-2.0147	0.304576	0.320746	-2.0147	0.304576	0
-0.930649	0.336612	0.309519	-0.930649	0.336612	0
0.0418143	1.33426	0.285235	0.0418143	1.33426	0
1.04679	1.32959	0.305429	1.04679	1.32959	0
2.11886	1.3069	0.322556	2.11886	1.3069	0
3.14902	1.27157	0.315892	3.14902	1.27157	0
4.15673	1.34573	0.30195	4.15673	1.34573	0
5.15495	1.28853	0.329836	5.15495	1.28853	0
6.1562	1.29982	0.34198	6.1562	1.29982	0
7.17914	1.29484	0.312799	7.17914	1.29484	0
8.19723	1.34855	0.313743	8.19723	1.34855	0
9.25967	1.34428	0.321279	9.25967	1.34428	0
10.3187	1.34647	0.342194	10.3187	1.34647	0
11.3621	1.27868	0.327795	11.3621	1.27868	0
-11.4135	1.29751	0.3276	-11.4135	1.29751	0
-10.348	1.32721	0.322217	-10.348	1.32721	0
-9.28076	1.29482	0.308977	-9.28076	1.29482	0
-8.23774	1.31155	0.326036	-8.23774	1.31155	0
-7.18321	1.29532	0.299617	-7.18321	1.29532	0
-6.15878	1.34345	0.328101	-6.15878	1.34345	0
-5.15903	1.3207	0.313207	-5.15903	1.3207	0
-4.0929	1.36142	0.306344	-4.0929	1.36142	0
-3.01361	1.37283	0.325975	-3.01361	1.37283	0
-2.01699	1.30163	0.323122	-2.01699	1.30163	0
-0.967056	1.32749	0.335933	-0.967056	1.32749	0
0.0135099	2.39677	0.279185	0.0135099	2.39677	0
1.017	2.419	0.339723	1.017	2.419	0
2.08831	2.36068	0.332125	2.08831	2.36068	0
3.09579	2.31251	0.333828	3.09579	2.31251	0
4.13887	2.3735	0.322713	4.13887	2.3735	0
5.13415	2.33525	0.329693	5.13415	2.33525	0
6.17231	2.35666	0.309661	6.17231	2.35666	0
7.19008	2.30048	0.323615	7.19008	2.30048	0
8.24488	2.32824	0.319649	8.24488	2.32824	0
9.28649	2.38718	0.321457	9.28649	2.38718	0
10.3619	2.35318	0.332448	10.3619	2.35318	0
11.363	2.33541	0.307604	11.363	2.33541	0
-11.4002	2.32052	0.332881	-11.4002	2.32052	0
-10.3321	2.32304	0.302966	-10.3321	2.32304	0
-9.28295	2.31561	0.329931	-9.28295	2.31561	0
-8.24568	2.3841	0.337051	-8.24568	2.3841	0
-7.24865	2.31991	0.335255	-7.24865	2.31991	0
-6.24145	2.32846	0.317147	-6.24145	2.32846	0
-5.13848	2.38604	0.328006	-5.13848	2.38604	0
-4.15235	2.35844	0.293146	-4.15235	2.35844	0
-3.03414	2.40129	0.281815	-3.03414	2.40129	0
-2.03497	2.43578	0.339317	-2.03497	2.43578	0
-0.967306	2.44064	0.319457	-0.967306	2.44064	0
-0.0241614	3.49025	0.306396	-0.0241614	3.49025	0
0.975979	3.43191	0.311397	0.975979	3.43191	0
2.04765	3.38707	0.291194	2.04765	3.38707	0
3.0645	3.39962	0.301943	3.0645	3.39962	0
4.1218	3.37683	0.310945	4.1218	3.37683	0
5.18121	3.34443	0.311528	5.18121	3.34443	0
6.16838	3.34379	0.312572	6.16838	3.34379	0
7.24666	3.33366	0.335466	7.24666	3.33366	0
8.2428	3.35554	0.345241	8.2428	3.35554	0
9.27889	3.34986	0.323573	9.27889	3.34986	0
10.3312	3.38324	0.34614	10.3312	3.38324	0
11.3307	3.39155	0.35543	11.3307	3.39155	0
-11.3736	3.39745	0.339357	-11.3736	3.39745	0
-10.3604	3.36814	0.316601	-10.3604	3.36814	0
-9.3024	3.33131	0.32151	-9.3024	3.33131	0
-8.25376	3.37919	0.327189	-8.25376	3.37919	0
-7.23942	3.33199	0.310823	-7.23942	3.33199	0
-6.22449	3.3834	0.317504	-6.22449	3.3834	0
-5.19261	3.41964	0.345785	-5.19261	3.41964	0
-4.22258	3.37849	0.339695	-4.22258	3.37849	0
-3.11085	3.40311	0.307602	-3.11085	3.40311	0
-2.10554	3.43016	0.306226	-2.10554	3.43016	0
-1.04073	3.44092	0.307159	-1.04073	3.44092	0
0.0103647	4.51375	0.271031	0.0103647	4.51375	0
1.04061	4.49531	0.324325	1.04061	4.49531	0
2.07691	4.43998	0.295986	2.07691	4.43998	0
3.10355	4.43365	0.349729	3.10355	4.43365	0
4.09602	4.38248	0.284145	4.09602	4.38248	0
5.157	4.36503	0.341372	5.157	4.36503	0
6.14421	4.38378	0.336289	6.14421	4.38378	0
7.17031	4.43311	0.336786	7.17031	4.43311	0
8.2601	4.38273	0.310354	8.2601	4.38273	0
9.24809	4.40658	0.321101	9.24809	4.40658	0
10.373	4.38119	0.311229	10.373	4.38119	0
11.3289	4.40296	0.328414	11.3289	4.40296	0
-11.3547	4.46364	0.315321	-11.3547	4.46364	0
-10.3488	4.45854	0.311129	-10.3488	4.45854	0
-9.40396	4.4254	0.305931	-9.40396	4.4254	0
-8.25942	4.37822	0.300005	-8.25942	4.37822	0
-7.26844	4.40001	0.287639	-7.26844	4.40001	0
-6.29102	4.38829	0.314731	-6.29102	4.38829	0
-5.19647	4.45232	0.308681	-5.19647	4.45232	0
-4.11929	4.38372	0.318849	-4.11929	4.38372	0
-3.0681	4.40593	0.315339	-3.0681	4.40593	0
-2.11518	4.42348	0.297912	-2.11518	4.42348	0
-1.01953	4.4792	0.317266	-1.01953	4.4792	0
-0.0201115	5.53157	0.314237	-0.0201115	5.53157	0
0.982733	5.50645	0.337089	0.982733	5.50645	0
2.0374	5.46251	0.299812	2.0374	5.46251	0
3.08873	5.48894	0.33266	3.08873	5.48894	0
4.17098	5.43927	0.317066	4.17098	5.43927	0
5.12444	5.37125	0.34662	5.12444	5.37125	0
6.15101	5.41114	0.331929	6.15101	5.41114	0
7.19129	5.4035	0.328024	7.19129	5.4035	0
8.24302	5.39693	0.30398	8.24302	5.39693	0
9.27972	5.40516	0.327182	9.27972	5.40516	0
10.358	5.48447	0.315906	10.358	5.48447	0
11.3533	5.4604	0.323716	11.3533	5.4604	0
-11.4746	5.45867	0.327406	-11.4746	5.45867	0
-10.4147	5.45275	0.321977	-10.4147	5.45275	0
-9.36625	5.39666	0.333231	-9.36625	5.39666	0
-8.32028	5.43657	0.321782	-8.32028	5.43657	0
-7.34461	5.46414	0.31248	-7.34461	5.46414	0
-6.2574	5.47602	0.354793	-6.2574	5.47602	0
-5.2313	5.45128	0.31345	-5.2313	5.45128	0
-4.18922	5.40929	0.307012	-4.18922	5.40929	0
-3.13537	5.48876	0.339998	-3.13537	5.48876	0
-2.06472	5.42717	0.313048	-2.06472	5.42717	0
-1.08433	5.47741	0.329766	-1.08433	5.47741	0
-0.0746313	6.48168	0.342311	-0.0746313	6.48168	0
0.981736	6.48524	0.317134	0.981736	6.48524	0
2.06319	6.50926	0.308591	2.06319	6.50926	0
3.05668	6.4816	0.329163	3.05668	6.4816	0
4.15235	6.45999	0.313007	4.15235	6.45999	0
5.11708	6.4262	0.324526	5.11708	6.4262	0
6.20071	6.42944	0.341144	6.20071	6.42944	0
7.20482	6.43319	0.317263	7.20482	6.43319	0
8.30165	6.37854	0.327675	8.30165	6.37854	0
9.3042	6.43215	0.320623	9.3042	6.43215	0
10.2883	6.53384	0.297533	10.2883	6.53384	0
11.3063	6.50689	0.35323	11.3063	6.50689	0
-11.4988	6.51971	0.324828	-11.4988	6.51971	0
-10.4152	6.48076	0.292	-10.4152	6.48076	0
-9.38689	6.45456	0.310323	-9.38689	6.45456	0
-8.32255	6.48511	0.296806	-8.32255	6.48511	0
-7.34975	6.47905	0.329973	-7.34975	6.47905	0
-6.27577	6.5325	0.313422	-6.27577	6.5325	0
-5.25735	6.45661	0.359508	-5.25735	6.45661	0
-4.2669	6.4019	0.328151	-4.2669	6.4019	0
-3.16098	6.49058	0.30463	-3.16098	6.49058	0
-2.13099	6.56172	0.333729	-2.13099	6.56172	0
-1.04861	6.5497	0.347839	-1.04861	6.5497	0
-0.0379113	7.52935	0.304614	-0.0379113	7.52935	0
1.02206	7.55236	0.316252	1.02206	7.55236	0
2.06509	7.51815	0.315371	2.06509	7.51815	0
3.09624	7.51234	0.295424	3.09624	7.51234	0
4.13825	7.45097	0.300525	4.13825	7.45097	0
5.21029	7.45824	0.31278	5.21029	7.45824	0
6.18678	7.49999	0.333225	6.18678	7.49999	0
7.18867	7.52694	0.29958	7.18867	7.52694	0
8.26615	7.50169	0.313585	8.26615	7.50169	0
9.28907	7.47651	0.336913	9.28907	7.47651	0
10.3308	7.53322	0.269639	10.3308	7.53322	0
11.3633	7.5111	0.278506	11.3633	7.5111	0
-11.4142	7.52242	0.303006	-11.4142	7.52242	0
-10.3822	7.47466	0.324352	-10.3822	7.47466	0
-9.36993	7.43588	0.329429	-9.36993	7.43588	0
-8.36092	7.50891	0.281967	-8.36092	7.50891	0
-7.32305	7.57807	0.317725	-7.32305	7.57807	0
-6.27207	7.53162	0.304219	-6.27207	7.53162	0
-5.2811	7.51265	0.321936	-5.2811	7.51265	0
-4.24593	7.48118	0.338722	-4.24593	7.48118	0
-3.17173	7.50974	0.327144	-3.17173	7.50974	0
-2.08716	7.57141	0.332013	-2.08716	7.57141	0
-1.01617	7.53107	0.316667	-1.01617	7.53107	0
-0.0376733	8.52576	0.319907	-0.0376733	8.52576	0
0.973417	8.59564	0.326539	0.973417	8.59564	0
2.04091	8.64617	0.305688	2.04091	8.64617	0
3.08452	8.49962	0.314969	3.08452	8.49962	0
4.0536	8.52939	0.328236	4.0536	8.52939	0
5.18001	8.48109	0.326654	5.18001	8.48109	0
6.19245	8.50093	0.302103	6.19245	8.50093	0
7.20616	8.47639	0.342502	7.20616	8.47639	0
8.20345	8.51292	0.305041	8.20345	8.51292	0
9.29091	8.54876	0.313985	9.29091	8.54876	0
10.2919	8.58202	0.307458	10.2919	8.58202	0
11.3127	8.53364	0.301233	11.3127	8.53364	0
-11.3813	8.55685	0.309602	-11.3813	8.55685	0
-10.3927	8.48842	0.317002	-10.3927	8.48842	0
-9.30963	8.50233	0.330186	-9.30963	8.50233	0
-8.31786	8.52762	0.302106	-8.31786	8.52762	0
-7.29646	8.58138	0.296519	-7.29646	8.58138	0
-6.23616	8.58394	0.320129	-6.23616	8.58394	0
-5.17993	8.54912	0.305386	-5.17993	8.54912	0
-4.15002	8.52812	0.320814	-4.15002	8.52812	0
-3.07781	8.52706	0.297665	-3.07781	8.52706	0
-2.10739	8.58909	0.344081	-2.10739	8.58909	0
-1.07944	8.58103	0.320782	-1.07944	8.58103	0
-0.0802714	9.58194	0.324211	-0.0802714	9.58194	0
0.976717	9.60827	0.323515	0.976717	9.60827	0
2.07999	9.61978	0.311784	2.07999	9.61978	0
3.12752	9.54206	0.310573	3.12752	9.54206	0
4.12641	9.55854	0.294654	4.12641	9.55854	0
5.12128	9.5326	0.302388	5.12128	9.5326	0
6.20645	9.53813	0.311505	6.20645	9.53813	0
7.20047	9.55997	0.309473	7.20047	9.55997	0
8.21741	9.54538	0.313669	8.21741	9.54538	0
9.24471	9.59336	0.338104	9.24471	9.59336	0
10.2933	9.64984	0.339496	10.2933	9.64984	0
11.3304	9.58238	0.330858	11.3304	9.58238	0
-11.4111	9.5825	0.34616	-11.4111	9.5825	0
-10.3304	9.49802	0.343891	-10.3304	9.49802	0
-9.31352	9.53385	0.307555	-9.31352	9.53385	0
-8.29081	9.61256	0.330276	-8.29081	9.61256	0
-7.31418	9.56237	0.33215	-7.31418	9.56237	0
-6.26741	9.60597	0.328911	-6.26741	9.60597	0
-5.22571	9.55828	0.311976	-5.22571	9.55828	0
-4.16725	9.59735	0.317884	-4.16725	9.59735	0
-3.16462	9.54886	0.331881	-3.16462	9.54886	0
-2.14446	9.67312	0.328063	-2.14446	9.67312	0
-1.10145	9.61173	0.325113	-1.10145	9.61173	0
0.00238343	10.6217	0.345034	0.00238343	10.6217	0
0.985134	10.6292	0.359171	0.985134	10.6292	0
2.03988	10.6403	0.337835	2.03988	10.6403	0
3.07754	10.5447	0.325479	3.07754	10.5447	0
4.08088	10.552	0.313902	4.08088	10.552	0
5.06767	10.5949	0.337439	5.06767	10.5949	0
6.14317	10.6038	0.334024	6.14317	10.6038	0
7.1967	10.5413	0.303826	7.1967	10.5413	0
8.21599	10.6204	0.323202	8.21599	10.6204	0
9.21297	10.5947	0.301232	9.21297	10.5947	0
10.2111	10.6409	0.317719	10.2111	10.6409	0
11.3336	10.5834	0.302754	11.3336	10.5834	0
-11.4195	10.5529	0.297681	-11.4195	10.5529	0
-10.4163	10.5334	0.288559	-10.4163	10.5334	0
-9.41953	10.5428	0.299219	-9.41953	10.5428	0
-8.3527	10.6417	0.315477	-8.3527	10.6417	0
-7.25162	10.6576	0.320087	-7.25162	10.6576	0
-6.15715	10.6426	0.326917	-6.15715	10.6426	0
-5.17474	10.6051	0.270414	-5.17474	10.6051	0
-4.17748	10.6298	0.332531	-4.17748	10.6298	0
-3.14866	10.6136	0.315707	-3.14866	10.6136	0
-2.10697	10.6587	0.309155	-2.10697	10.6587	0
-1.07644	10.6249	0.317711	-1.07644	10.6249	0
0.00278311	11.6686	0.296872	0.00278311	11.6686	0
0.992584	11.6589	0.284528	0.992584	11.6589	0
2.05107	11.6294	0.295906	2.05107	11.6294	0
3.04141	11.58	0.313492	3.04141	11.58	0
4.12865	11.5674	0.3233	4.12865	11.5674	0
5.17428	11.6021	0.299226	5.17428	11.6021	0
6.1929	11.6668	0.324411	6.1929	11.6668	0
7.17883	11.6192	0.321181	7.17883	11.6192	0
8.25387	11.6588	0.326602	8.25387	11.6588	0
9.29848	11.6497	0.282613	9.29848	11.6497	0
10.3	11.6736	0.30295	10.3	11.6736	0
11.3035	11.6263	0.334811	11.3035	11.6263	0
-11.4725	11.5945	0.330016	-11.4725	11.5945	0
-10.4167	11.5829	0.309852	-10.4167	11.5829	0
-9.35358	11.5713	0.342996	-9.35358	11.5713	0
-8.34793	11.6431	0.303296	-8.34793	11.6431	0
-7.2694	11.6564	0.306936	-7.2694	11.6564	0
-6.22869	11.6484	0.307915	-6.22869	11.6484	0
-5.18147	11.65	0.320533	-5.18147	11.65	0
-4.15515	11.6624	0.3155	-4.15515	11.6624	0
-3.11392	11.653	0.317463	-3.11392	11.653	0
-2.03725	11.6781	0.308077	-2.03725	11.6781	0
-0.993644	11.642	0.339557	-0.993644	11.642	0
-0.0277785	-11.0992	0.329202	-0.0277785	-11.0992	0
0.992882	-11.1272	0.26043	0.992882	-11.1272	0
2.04876	-11.1527	0.324925	2.04876	-11.1527	0
3.0941	-11.1231	0.330988	3.0941	-11.1231	0
4.14161	-11.1772	0.325513	4.14161	-11.1772	0
5.1805	-11.1124	0.31064	5.1805	-11.1124	0
6.19737	-11.1032	0.340794	6.19737	-11.1032	0
7.23551	-11.1141	0.314483	7.23551	-11.1141	0
8.22386	-11.0494	0.324693	8.22386	-11.0494	0
9.26828	-11.0356	0.33678	9.26828	-11.0356	0
10.2684	-11.0621	0.308658	10.2684	-11.0621	0
11.3383	-11.1078	0.327376	11.3383	-11.1078	0
-11.4343	-11.1494	0.316951	-11.4343	-11.1494	0
-10.4418	-11.203	0.314014	-10.4418	-11.203	0
-9.38223	-11.1386	0.296265	-9.38223	-11.1386	0
-8.26565	-11.1394	0.324539	-8.26565	-11.1394	0
-7.25858	-11.1601	0.300171	-7.25858	-11.1601	0
-6.26384	-11.1166	0.350316	-6.26384	-11.1166	0
-5.21485	-11.1345	0.306985	-5.21485	-11.1345	0
-4.13553	-11.1012	0.307533	-4.13553	-11.1012	0
-3.11782	-11.0918	0.323186	-3.11782	-11.0918	0
-2.05673	-11.1363	0.321628	-2.05673	-11.1363	0
-1.04348	-11.0796	0.322832	-1.04348	-11.0796	0
-0.0535481	-10.0691	0.325737	-0.0535481	-10.0691	0
1.058	-10.1076	0.308477	1.058	-10.1076	0
2.06655	-10.2154	0.323902	2.06655	-10.2154	0
3.17111	-10.1076	0.311483	3.17111	-10.1076	0
4.17271	-10.1403	0.332415	4.17271	-10.1403	0
5.19853	-10.0707	0.312401	5.19853	-10.0707	0
6.25445	-10.0021	0.315187	6.25445	-10.0021	0
7.19604	-10.0165	0.294487	7.19604	-10.0165	0
8.29461	-10.0003	0.304436	8.29461	-10.0003	0
9.30049	-9.96158	0.313871	9.30049	-9.96158	0
10.3416	-9.93918	0.323947	10.3416	-9.93918	0
11.4023	-10.0174	0.323959	11.4023	-10.0174	0
-11.427	-10.0766	0.294763	-11.427	-10.0766	0
-10.3276	-10.0974	0.310948	-10.3276	-10.0974	0
-9.32335	-10.0721	0.296816	-9.32335	-10.0721	0
-8.27747	-10.1399	0.316395	-8.27747	-10.1399	0
-7.22905	-10.0544	0.344903	-7.22905	-10.0544	0
-6.25254	-10.108	0.302334	-6.25254	-10.108	0
-5.17684	-10.0908	0.274928	-5.17684	-10.0908	0
-4.15122	-10.0386	0.306808	-4.15122	-10.0386	0
-3.11464	-10.0855	0.2916	-3.11464	-10.0855	0
-2.09685	-9.98335	0.325075	-2.09685	-9.98335	0
-1.1203	-10.0664	0.323347	-1.1203	-10.0664	0
0.0249066	-8.98656	0.282142	0.0249066	-8.98656	0
1.03151	-9.05385	0.311927	1.03151	-9.05385	0
2.07198	-9.12064	0.325439	2.07198	-9.12064	0
3.1121	-9.03005	0.265389	3.1121	-9.03005	0
4.17308	-9.15099	0.323925	4.17308	-9.15099	0
5.12787	-9.04414	0.31937	5.12787	-9.04414	0
6.17727	-9.03079	0.297114	6.17727	-9.03079	0
7.22798	-9.04761	0.334947	7.22798	-9.04761	0
8.22851	-9.01568	0.319039	8.22851	-9.01568	0
9.25525	-8.98791	0.306348	9.25525	-8.98791	0
10.3451	-8.94906	0.325179	10.3451	-8.94906	0
11.427	-8.98634	0.304943	11.427	-8.98634	0
-11.39	-9.05682	0.327728	-11.39	-9.05682	0
-10.3618	-9.03439	0.319923	-10.3618	-9.03439	0
-9.27902	-9.07238	0.303619	-9.27902	-9.07238	0
-8.27277	-9.05632	0.317113	-8.27277	-9.05632	0
-7.26786	-9.05828	0.305107	-7.26786	-9.05828	0
-6.20123	-9.06021	0.302212	-6.20123	-9.06021	0
-5.1704	-8.99345	0.338575	-5.1704	-8.99345	0
-4.17951	-8.99247	0.345785	-4.17951	-8.99247	0
-3.11556	-8.9893	0.332892	-3.11556	-8.9893	0
-2.06112	-9.0183	0.332224	-2.06112	-9.0183	0
-1.06009	-9.08247	0.298571	-1.06009	-9.08247	0
-0.0308069	-7.95576	0.297317	-0.0308069	-7.95576	0
1.04978	-8.02559	0.332253	1.04978	-8.02559	0
2.03171	-8.05017	0.31691	2.03171	-8.05017	0
3.05986	-8.00058	0.301631	3.05986	-8.00058	0
4.10176	-8.02315	0.341318	4.10176	-8.02315	0
5.13822	-7.96673	0.310724	5.13822	-7.96673	0
6.16311	-7.97471	0.309658	6.16311	-7.97471	0
7.23248	-8.05376	0.318742	7.23248	-8.05376	0
8.21706	-7.97534	0.324409	8.21706	-7.97534	0
9.33815	-7.9348	0.307997	9.33815	-7.9348	0
10.3508	-7.91052	0.305745	10.3508	-7.91052	0
11.4252	-7.95197	0.308176	11.4252	-7.95197	0
-11.3461	-8.00702	0.309488	-11.3461	-8.00702	0
-10.2957	-7.99041	0.302321	-10.2957	-7.99041	0
-9.31761	-7.99916	0.292671	-9.31761	-7.99916	0
-8.29721	-8.06228	0.296177	-8.29721	-8.06228	0
-7.26331	-7.98044	0.303338	-7.26331	-7.98044	0
-6.27067	-8.0025	0.328714	-6.27067	-8.0025	0
-5.21784	-7.99123	0.31008	-5.21784	-7.99123	0
-4.15257	-7.9404	0.337029	-4.15257	-7.9404	0
-3.07427	-8.02218	0.321795	-3.07427	-8.02218	0
-2.06441	-7.98416	0.315181	-2.06441	-7.98416	0
-1.0186	-8	0.300469	-1.0186	-8	0
0.0264693	-6.95999	0.319243	0.0264693	-6.95999	0
1.07832	-6.97768	0.313639	1.07832	-6.97768	0
2.10824	-6.99905	0.340732	2.10824	-6.99905	0
3.16517	-7.00478	0.323656	3.16517	-7.00478	0
4.14672	-6.93014	0.31614	4.14672	-6.93014	0
5.1123	-6.92874	0.318259	5.1123	-6.92874	0
6.22451	-6.94058	0.320363	6.22451	-6.94058	0
7.23807	-7.01659	0.320461	7.23807	-7.01659	0
8.29359	-6.90984	0.321656	8.29359	-6.90984	0
9.31172	-6.97027	0.301582	9.31172	-6.97027	0
10.3801	-6.96493	0.312862	10.3801	-6.96493	0
11.386	-6.93975	0.322693	11.386	-6.93975	0
-11.3748	-6.86478	0.32064	-11.3748	-6.86478	0
-10.3109	-6.9173	0.317327	-10.3109	-6.9173	0
-9.31231	-6.96016	0.286152	-9.31231	-6.96016	0
-8.28414	-6.96608	0.324161	-8.28414	-6.96608	0
-7.21086	-6.978	0.30535	-7.21086	-6.978	0
-6.1617	-6.92495	0.309122	-6.1617	-6.92495	0
-5.14599	-6.95153	0.326048	-5.14599	-6.95153	0
-4.10267	-6.90924	0.326744	-4.10267	-6.90924	0
-3.07535	-6.93408	0.335867	-3.07535	-6.93408	0
-2.09151	-6.95007	0.322111	-2.09151	-6.95007	0
-1.03787	-6.94287	0.315612	-1.03787	-6.94287	0
0.0392813	-5.9069	0.328217	0.0392813	-5.9069	0
1.08251	-5.97014	0.317395	1.08251	-5.97014	0
2.07289	-5.88793	0.341957	2.07289	-5.88793	0
3.12509	-5.97002	0.304293	3.12509	-5.97002	0
4.1155	-5.88723	0.328941	4.1155	-5.88723	0
5.1497	-5.91362	0.311715	5.1497	-5.91362	0
6.17387	-5.88442	0.324626	6.17387	-5.88442	0
7.24026	-5.8878	0.283121	7.24026	-5.8878	0
8.25593	-5.89394	0.278665	8.25593	-5.89394	0
9.33677	-5.88342	0.300804	9.33677	-5.88342	0
10.3649	-5.87132	0.317835	10.3649	-5.87132	0
11.376	-5.89134	0.350002	11.376	-5.89134	0
-11.3891	-5.87067	0.32198	-11.3891	-5.87067	0
-10.3516	-5.92536	0.314806	-10.3516	-5.92536	0
-9.2832	-5.95565	0.300948	-9.2832	-5.95565	0
-8.27437	-5.98363	0.2836	-8.27437	-5.98363	0
-7.23644	-5.96217	0.310766	-7.23644	-5.96217	0
-6.21069	-5.92172	0.321377	-6.21069	-5.92172	0
-5.18202	-5.95883	0.338448	-5.18202	-5.95883	0
-4.16008	-5.87958	0.302265	-4.16008	-5.87958	0
-3.14219	-5.90795	0.347378	-3.14219	-5.90795	0
-2.08328	-5.96782	0.302239	-2.08328	-5.96782	0
-1.05561	-5.89513	0.34906	-1.05561	-5.89513	0
0.0423443	-4.91239	0.332747	0.0423443	-4.91239	0
1.04178	-4.90303	0.322926	1.04178	-4.90303	0
2.06188	-4.86216	0.306848	2.06188	-4.86216	0
3.03885	-4.89997	0.322845	3.03885	-4.89997	0
4.04895	-4.89011	0.324883	4.04895	-4.89011	0
5.14308	-4.89678	0.289887	5.14308	-4.89678	0
6.18176	-4.78881	0.304275	6.18176	-4.78881	0
7.21195	-4.83402	0.327735	7.21195	-4.83402	0
8.32903	-4.85441	0.349934	8.32903	-4.85441	0
9.31298	-4.80053	0.312453	9.31298	-4.80053	0
10.3238	-4.86921	0.310705	10.3238	-4.86921	0
11.3791	-4.86261	0.320752	11.3791	-4.86261	0
-11.4058	-4.8422	0.331149	-11.4058	-4.8422	0
-10.3064	-4.90851	0.341577	-10.3064	-4.90851	0
-9.25958	-4.90329	0.317426	-9.25958	-4.90329	0
-8.20709	-4.82416	0.318775	-8.20709	-4.82416	0
-7.16624	-4.96391	0.319966	-7.16624	-4.96391	0
-6.17947	-4.90729	0.32048	-6.17947	-4.90729	0
-5.1965	-4.87832	0.335538	-5.1965	-4.87832	0
-4.06013	-4.86346	0.321177	-4.06013	-4.86346	0
-3.09778	-4.93219	0.31759	-3.09778	-4.93219	0
-2.09268	-4.90604	0.338909	-2.09268	-4.90604	0
-1.08425	-4.89962	0.293402	-1.08425	-4.89962	0
-0.0260554	-3.83232	0.343045	-0.0260554	-3.83232	0
1.04369	-3.87789	0.318353	1.04369	-3.87789	0
2.0699	-3.84026	0.345899	2.0699	-3.84026	0
3.10957	-3.8173	0.292997	3.10957	-3.8173	0
4.12684	-3.81027	0.317718	4.12684	-3.81027	0
5.11025	-3.76407	0.297479	5.11025	-3.76407	0
6.22237	-3.8303	0.31717	6.22237	-3.8303	0
7.28453	-3.77651	0.298702	7.28453	-3.77651	0
8.25901	-3.7999	0.296687	8.25901	-3.7999	0
9.30806	-3.78599	0.3111	9.30806	-3.78599	0
10.4158	-3.78505	0.301878	10.4158	-3.78505	0
11.4028	-3.89619	0.318669	11.4028	-3.89619	0
-11.3398	-3.83341	0.300156	-11.3398	-3.83341	0
-10.3496	-3.80894	0.318633	-10.3496	-3.80894	0
-9.33192	-3.88598	0.321895	-9.33192	-3.88598	0
-8.2591	-3.81005	0.326941	-8.2591	-3.81005	0
-7.25685	-3.85753	0.340303	-7.25685	-3.85753	0
-6.21402	-3.86128	0.337731	-6.21402	-3.86128	0
-5.18327	-3.87143	0.296345	-5.18327	-3.87143	0
-4.1286	-3.80756	0.296357	-4.1286	-3.80756	0
-3.10632	-3.86755	0.33674	-3.10632	-3.86755	0
-2.08652	-3.83615	0.281004	-2.08652	-3.83615	0
-1.0362	-3.85052	0.295755	-1.0362	-3.85052	0
-0.0357017	-2.82678	0.312974	-0.0357017	-2.82678	0
1.00727	-2.82204	0.323812	1.00727	-2.82204	0
2.0668	-2.80664	0.335239	2.0668	-2.80664	0
3.05631	-2.7695	0.326473	3.05631	-2.7695	0
4.06847	-2.77404	0.284872	4.06847	-2.77404	0
5.18539	-2.74397	0.312798	5.18539	-2.74397	0
6.22818	-2.80704	0.311146	6.22818	-2.80704	0
7.25138	-2.73609	0.299601	7.25138	-2.73609	0
8.33376	-2.75342	0.329669	8.33376	-2.75342	0
9.35384	-2.76927	0.305077	9.35384	-2.76927	0
10.407	-2.80905	0.318542	10.407	-2.80905	0
11.4598	-2.81642	0.313742	11.4598	-2.81642	0
-11.362	-2.86049	0.278134	-11.362	-2.86049	0
-10.2881	-2.78446	0.323119	-10.2881	-2.78446	0
-9.26506	-2.86184	0.336982	-9.26506	-2.86184	0
-8.20674	-2.80439	0.349704	-8.20674	-2.80439	0
-7.20547	-2.81712	0.335681	-7.20547	-2.81712	0
-6.12591	-2.79066	0.335501	-6.12591	-2.79066	0
-5.12093	-2.84395	0.312278	-5.12093	-2.84395	0
-4.10507	-2.82466	0.318739	-4.10507	-2.82466	0
-3.08487	-2.78768	0.285476	-3.08487	-2.78768	0
-2.09926	-2.81587	0.325755	-2.09926	-2.81587	0
-1.07991	-2.85812	0.343495	-1.07991	-2.85812	0
0.00145174	-1.78515	0.324786	0.00145174	-1.78515	0
1.00414	-1.83082	0.299125	1.00414	-1.83082	0
2.09247	-1.82421	0.317227	2.09247	-1.82421	0
3.07237	-1.78131	0.288842	3.07237	-1.78131	0
4.15344	-1.78105	0.321783	4.15344	-1.78105	0
5.18915	-1.73452	0.329958	5.18915	-1.73452	0
6.26006	-1.76538	0.339521	6.26006	-1.76538	0
7.2901	-1.74467	0.327016	7.2901	-1.74467	0
8.26979	-1.70603	0.323691	8.26979	-1.70603	0
9.27887	-1.71195	0.30803	9.27887	-1.71195	0
10.3507	-1.76325	0.301467	10.3507	-1.76325	0
11.4417	-1.72485	0.325396	11.4417	-1.72485	0
-11.3099	-1.76965	0.319746	-11.3099	-1.76965	0
-10.2773	-1.73667	0.328513	-10.2773	-1.73667	0
-9.24665	-1.80369	0.330585	-9.24665	-1.80369	0
-8.24008	-1.75327	0.327742	-8.24008	-1.75327	0
-7.24249	-1.74186	0.318785	-7.24249	-1.74186	0
-6.16377	-1.77328	0.323625	-6.16377	-1.77328	0
-5.16792	-1.838	0.286696	-5.16792	-1.838	0
-4.15777	-1.8288	0.31788	-4.15777	-1.8288	0
-3.09607	-1.77004	0.3101	-3.09607	-1.77004	0
-2.04827	-1.7494	0.298096	-2.04827	-1.7494	0
-1.03918	-1.77607	0.312804	-1.03918	-1.77607	0
-0.012358	-0.725608	0.317875	-0.012358	-0.725608	0
1.03481	-0.7347	0.312748	1.03481	-0.7347	0
2.0259	-0.847899	0.296067	2.0259	-0.847899	0
3.09258	-0.78927	0.3287	3.09258	-0.78927	0
4.16751	-0.777624	0.300093	4.16751	-0.777624	0
5.16366	-0.758542	0.333054	5.16366	-0.758542	0
6.22003	-0.714809	0.304863	6.22003	-0.714809	0
7.21447	-0.713479	0.326471	7.21447	-0.713479	0
8.21068	-0.706151	0.349069	8.21068	-0.706151	0
9.21819	-0.697097	0.31791	9.21819	-0.697097	0
10.3269	-0.749104	0.296431	10.3269	-0.749104	0
11.4289	-0.718206	0.291205	11.4289	-0.718206	0
-11.3348	-0.691192	0.31599	-11.3348	-0.691192	0
-10.3021	-0.73609	0.293604	-10.3021	-0.73609	0
-9.26574	-0.788804	0.329981	-9.26574	-0.788804	0
-8.26496	-0.714887	0.319893	-8.26496	-0.714887	0
-7.25909	-0.705713	0.323203	-7.25909	-0.705713	0
-6.19285	-0.759311	0.312165	-6.19285	-0.759311	0
-5.12843	-0.738728	0.328576	-5.12843	-0.738728	0
-4.16496	-0.794372	0.301263	-4.16496	-0.794372	0
-3.1067	-0.75048	0.328166	-3.1067	-0.75048	0
-2.06729	-0.683755	0.308978	-2.06729	-0.683755	0
-1.03392	-0.743042	0.336527	-1.03392	-0.743042	0
