-0.693787	-0.389418	-0.320304	-0.693787	-0.389418	0
0.312453	-0.405279	-0.292804	0.312453	-0.405279	0
1.38554	-0.337771	-0.280922	1.38554	-0.337771	0
2.46579	-0.388635	-0.311393	2.46579	-0.388635	0
3.52033	-0.368255	-0.324965	3.52033	-0.368255	0
4.53195	-0.371999	-0.35297	4.53195	-0.371999	0
5.53545	-0.388335	-0.28254	5.53545	-0.388335	0
6.52718	-0.405694	-0.305461	6.52718	-0.405694	0
7.61152	-0.374809	-0.327493	7.61152	-0.374809	0
8.60914	-0.3526	-0.3397	8.60914	-0.3526	0
9.70103	-0.357885	-0.307039	9.70103	-0.357885	0
10.6892	-0.369964	-0.320066	10.6892	-0.369964	0
11.715	-0.337368	-0.322354	11.715	-0.337368	0
-11.0034	-0.317147	-0.311092	-11.0034	-0.317147	0
-9.97504	-0.398901	-0.341438	-9.97504	-0.398901	0
-8.88598	-0.368555	-0.315644	-8.88598	-0.368555	0
-7.84687	-0.295565	-0.317379	-7.84687	-0.295565	0
-6.82814	-0.407219	-0.347962	-6.82814	-0.407219	0
-5.84263	-0.372504	-0.292937	-5.84263	-0.372504	0
-4.846	-0.390561	-0.353278	-4.846	-0.390561	0
-3.83677	-0.333078	-0.280193	-3.83677	-0.333078	0
-2.75747	-0.450046	-0.309335	-2.75747	-0.450046	0
-1.75448	-0.392241	-0.290371	-1.75448	-0.392241	0
-0.70955	0.682501	-0.33577	-0.70955	0.682501	0
0.278954	0.685232	-0.287545	0.278954	0.685232	0
1.34481	0.637469	-0.300728	1.34481	0.637469	0
2.47908	0.603767	-0.30208	2.47908	0.603767	0
3.48396	0.67916	-0.311109	3.48396	0.67916	0
4.49915	0.646822	-0.322603	4.49915	0.646822	0
5.51443	0.622774	-0.284996	5.51443	0.622774	0
6.54141	0.598629	-0.333649	6.54141	0.598629	0
7.62432	0.677072	-0.286555	7.62432	0.677072	0
8.61091	0.677444	-0.313941	8.61091	0.677444	0
9.64574	0.686977	-0.317236	9.64574	0.686977	0
10.7542	0.68395	-0.299897	10.7542	0.68395	0
11.766	0.677144	-0.31999	11.766	0.677144	0
-10.9876	0.730586	-0.298172	-10.9876	0.730586	0
-9.89631	0.603072	-0.28188	-9.89631	0.603072	0
-8.91443	0.665321	-0.312156	-8.91443	0.665321	0
-7.89239	0.656849	-0.316084	-7.89239	0.656849	0
-6.87609	0.668866	-0.321693	-6.87609	0.668866	0
-5.79921	0.671109	-0.325236	-5.79921	0.671109	0
-4.82646	0.597786	-0.301941	-4.82646	0.597786	0
-3.77772	0.645546	-0.319932	-3.77772	0.645546	0
-2.73373	0.636072	-0.293354	-2.73373	0.636072	0
-1.74493	0.597384	-0.297154	-1.74493	0.597384	0
-0.78296	1.67143	-0.312913	-0.78296	1.67143	0
0.269275	1.67834	-0.321569	0.269275	1.67834	0
1.29585	1.67602	-0.301036	1.29585	1.67602	0
2.3814	1.67717	-0.315605	2.3814	1.67717	0
3.45527	1.66463	-0.317962	3.45527	1.66463	0
4.52181	1.70153	-0.337926	4.52181	1.70153	0
5.55045	1.69995	-0.304328	5.55045	1.69995	0
6.58698	1.64589	-0.329946	6.58698	1.64589	0
7.57261	1.68673	-0.324188	7.57261	1.68673	0
8.62861	1.72154	-0.325154	8.62861	1.72154	0
9.67057	1.70552	-0.329543	9.67057	1.70552	0
10.6751	1.68962	-0.294035	10.6751	1.68962	0
11.7274	1.71995	-0.296659	11.7274	1.71995	0
-10.9321	1.72052	-0.311891	-10.9321	1.72052	0
-9.95392	1.73851	-0.336856	-9.95392	1.73851	0
-8.90366	1.67117	-0.31961	-8.90366	1.67117	0
-7.92994	1.64985	-0.311804	-7.92994	1.64985	0
-6.88642	1.65163	-0.321555	-6.88642	1.65163	0
-5.86532	1.70298	-0.316227	-5.86532	1.70298	0
-4.81704	1.59922	-0.355918	-4.81704	1.59922	0
-3.83502	1.6866	-0.331109	-3.83502	1.6866	0
-2.81003	1.67238	-0.289087	-2.81003	1.67238	0
-1.82419	1.68645	-0.32479	-1.82419	1.68645	0
-0.760464	2.70616	-0.323489	-0.760464	2.70616	0
0.298076	2.70162	-0.332138	0.298076	2.70162	0
1.3426	2.67476	-0.312885	1.3426	2.67476	0
2.38877	2.70423	-0.303065	2.38877	2.70423	0
3.42618	2.705	-0.337451	3.42618	2.705	0
4.43034	2.69731	-0.340246	4.43034	2.69731	0
5.49177	2.68054	-0.331957	5.49177	2.68054	0
6.50277	2.7488	-0.311668	6.50277	2.7488	0
7.52292	2.65729	-0.326054	7.52292	2.65729	0
8.57839	2.71836	-0.33727	8.57839	2.71836	0
9.59123	2.72409	-0.30823	9.59123	2.72409	0
10.6621	2.75607	-0.337669	10.6621	2.75607	0
11.7388	2.71506	-0.295907	11.7388	2.71506	0
-10.9834	2.65051	-0.325355	-10.9834	2.65051	0
-9.96073	2.7269	-0.321424	-9.96073	2.7269	0
-8.91469	2.70301	-0.333285	-8.91469	2.70301	0
-7.89416	2.73558	-0.31718	-7.89416	2.73558	0
-6.91401	2.7086	-0.341734	-6.91401	2.7086	0
-5.84478	2.68184	-0.36231	-5.84478	2.68184	0
-4.86717	2.70776	-0.326261	-4.86717	2.70776	0
-3.8185	2.70496	-0.313895	-3.8185	2.70496	0
-2.75749	2.71847	-0.345988	-2.75749	2.71847	0
-1.77735	2.70162	-0.311003	-1.77735	2.70162	0
-0.732544	3.72085	-0.319882	-0.732544	3.72085	0
0.364193	3.72769	-0.306288	0.364193	3.72769	0
1.34332	3.71685	-0.295311	1.34332	3.71685	0
2.36702	3.73668	-0.302093	2.36702	3.73668	0
3.36996	3.72242	-0.293733	3.36996	3.72242	0
4.37105	3.71087	-0.292133	4.37105	3.71087	0
5.51746	3.78908	-0.330923	5.51746	3.78908	0
6.54078	3.76802	-0.339504	6.54078	3.76802	0
7.54229	3.7198	-0.312518	7.54229	3.7198	0
8.54748	3.72557	-0.339108	8.54748	3.72557	0
9.60542	3.72651	-0.318421	9.60542	3.72651	0
10.6429	3.72924	-0.325242	10.6429	3.72924	0
11.7515	3.76675	-0.317986	11.7515	3.76675	0
-10.9686	3.73988	-0.336624	-10.9686	3.73988	0
-9.94025	3.87869	-0.317946	-9.94025	3.87869	0
-8.95626	3.74806	-0.322704	-8.95626	3.74806	0
-7.90766	3.74763	-0.336928	-7.90766	3.74763	0
-6.86078	3.72674	-0.315877	-6.86078	3.72674	0
-5.83434	3.73076	-0.318591	-5.83434	3.73076	0
-4.83869	3.77659	-0.290206	-4.83869	3.77659	0
-3.79779	3.7441	-0.333472	-3.79779	3.7441	0
-2.78685	3.78015	-0.310669	-2.78685	3.78015	0
-1.73223	3.73655	-0.311363	-1.73223	3.73655	0
-0.702414	4.76206	-0.281692	-0.702414	4.76206	0
0.312188	4.74613	-0.322878	0.312188	4.74613	0
1.30894	4.80703	-0.346657	1.30894	4.80703	0
2.37076	4.743	-0.304844	2.37076	4.743	0
3.39655	4.79901	-0.304433	3.39655	4.79901	0
4.44359	4.78923	-0.310386	4.44359	4.78923	0
5.48775	4.74076	-0.300608	5.48775	4.74076	0
6.55152	4.78657	-0.301552	6.55152	4.78657	0
7.54463	4.76202	-0.311701	7.54463	4.76202	0
8.59189	4.7518	-0.305999	8.59189	4.7518	0
9.6336	4.79096	-0.324377	9.6336	4.79096	0
10.7244	4.79724	-0.333111	10.7244	4.79724	0
11.7283	4.76433	-0.295656	11.7283	4.76433	0
-10.9965	4.81721	-0.328706	-10.9965	4.81721	0
-9.97855	4.87568	-0.305761	-9.97855	4.87568	0
-8.8988	4.82141	-0.321237	-8.8988	4.82141	0
-7.87871	4.81474	-0.309802	-7.87871	4.81474	0
-6.86114	4.8202	-0.317725	-6.86114	4.8202	0
-5.87741	4.77551	-0.294172	-5.87741	4.77551	0
-4.87826	4.78087	-0.296983	-4.87826	4.78087	0
-3.79592	4.7795	-0.338424	-3.79592	4.7795	0
-2.71353	4.75984	-0.320507	-2.71353	4.75984	0
-1.70573	4.76035	-0.32801	-1.70573	4.76035	0
-0.700956	5.83239	-0.316527	-0.700956	5.83239	0
0.277056	5.79399	-0.300218	0.277056	5.79399	0
1.34467	5.76871	-0.323575	1.34467	5.76871	0
2.38734	5.76684	-0.307552	2.38734	5.76684	0
3.3741	5.818	-0.310231	3.3741	5.818	0
4.45247	5.80773	-0.320686	4.45247	5.80773	0
5.42164	5.77233	-0.322343	5.42164	5.77233	0
6.48309	5.73821	-0.33381	6.48309	5.73821	0
7.54293	5.78727	-0.305308	7.54293	5.78727	0
8.58876	5.72143	-0.324871	8.58876	5.72143	0
9.6761	5.79946	-0.347755	9.6761	5.79946	0
10.6899	5.8159	-0.307708	10.6899	5.8159	0
11.7186	5.78615	-0.316581	11.7186	5.78615	0
-11.0296	5.84741	-0.331166	-11.0296	5.84741	0
-9.99007	5.86257	-0.328011	-9.99007	5.86257	0
-8.96629	5.79085	-0.310331	-8.96629	5.79085	0
-7.91268	5.82549	-0.29393	-7.91268	5.82549	0
-6.90306	5.78575	-0.324623	-6.90306	5.78575	0
-5.91614	5.82162	-0.323199	-5.91614	5.82162	0
-4.85117	5.84677	-0.325126	-4.85117	5.84677	0
-3.7806	5.78192	-0.330012	-3.7806	5.78192	0
-2.72242	5.77687	-0.305546	-2.72242	5.77687	0
-1.71926	5.82953	-0.321795	-1.71926	5.82953	0
-0.646834	6.86299	-0.293446	-0.646834	6.86299	0
0.319781	6.83387	-0.286803	0.319781	6.83387	0
1.39676	6.80716	-0.29923	1.39676	6.80716	0
2.40679	6.86544	-0.308373	2.40679	6.86544	0
3.40382	6.86462	-0.304387	3.40382	6.86462	0
4.50488	6.81945	-0.31307	4.50488	6.81945	0
5.52334	6.87957	-0.316941	5.52334	6.87957	0
6.58625	6.8535	-0.300036	6.58625	6.8535	0
7.56386	6.80783	-0.303065	7.56386	6.80783	0
8.56491	6.84518	-0.292951	8.56491	6.84518	0
9.58667	6.79445	-0.321845	9.58667	6.79445	0
10.6361	6.85031	-0.309089	10.6361	6.85031	0
11.7056	6.89068	-0.325825	11.7056	6.89068	0
-11.083	6.91753	-0.327022	-11.083	6.91753	0
-10.0472	6.86792	-0.324148	-10.0472	6.86792	0
-9.01519	6.8629	-0.343875	-9.01519	6.8629	0
-7.97978	6.83988	-0.321054	-7.97978	6.83988	0
-6.8983	6.87946	-0.340067	-6.8983	6.87946	0
-5.90875	6.86212	-0.293101	-5.90875	6.86212	0
-4.83855	6.83563	-0.323217	-4.83855	6.83563	0
-3.80279	6.8077	-0.321246	-3.80279	6.8077	0
-2.76295	6.80577	-0.32637	-2.76295	6.80577	0
-1.67503	6.92591	-0.340654	-1.67503	6.92591	0
-0.69182	7.9003	-0.32746	-0.69182	7.9003	0
0.338479	7.8717	-0.301931	0.338479	7.8717	0
1.36129	7.92242	-0.289538	1.36129	7.92242	0
2.43976	7.88986	-0.332732	2.43976	7.88986	0
3.45313	7.9376	-0.297243	3.45313	7.9376	0
4.43107	7.82665	-0.299187	4.43107	7.82665	0
5.4804	7.90216	-0.315369	5.4804	7.90216	0
6.53716	7.8714	-0.360477	6.53716	7.8714	0
7.54879	7.87262	-0.320441	7.54879	7.87262	0
8.59152	7.88075	-0.329965	8.59152	7.88075	0
9.66065	7.8359	-0.328457	9.66065	7.8359	0
10.6729	7.82467	-0.294463	10.6729	7.82467	0
11.6826	7.95085	-0.352605	11.6826	7.95085	0
-11.075	7.95097	-0.282838	-11.075	7.95097	0
-10.0505	7.90787	-0.323907	-10.0505	7.90787	0
-8.93817	7.92015	-0.324815	-8.93817	7.92015	0
-7.94524	7.87378	-0.311201	-7.94524	7.87378	0
-6.92725	7.89137	-0.320387	-6.92725	7.89137	0
-5.86483	7.90167	-0.307073	-5.86483	7.90167	0
-4.83159	7.82891	-0.323312	-4.83159	7.82891	0
-3.84086	7.8707	-0.333348	-3.84086	7.8707	0
-2.75036	7.87877	-0.343399	-2.75036	7.87877	0
-1.75474	7.93208	-0.313868	-1.75474	7.93208	0
-0.66615	8.90578	-0.315187	-0.66615	8.90578	0
0.312275	8.93294	-0.294363	0.312275	8.93294	0
1.31049	8.95711	-0.307255	1.31049	8.95711	0
2.39253	8.91671	-0.337807	2.39253	8.91671	0
3.45597	8.86832	-0.309408	3.45597	8.86832	0
4.46818	8.9303	-0.3085	4.46818	8.9303	0
5.53078	8.92373	-0.310793	5.53078	8.92373	0
6.53343	8.89907	-0.298641	6.53343	8.89907	0
7.57741	8.95004	-0.32555	7.57741	8.95004	0
8.60934	8.88663	-0.299636	8.60934	8.88663	0
9.60896	8.86346	-0.329654	9.60896	8.86346	0
10.6215	8.92234	-0.354168	10.6215	8.92234	0
11.6459	8.93732	-0.331333	11.6459	8.93732	0
-11.0847	8.94369	-0.335591	-11.0847	8.94369	0
-10.039	8.96143	-0.334283	-10.039	8.96143	0
-8.95196	8.96602	-0.300311	-8.95196	8.96602	0
-7.93485	8.91203	-0.314672	-7.93485	8.91203	0
-6.89511	8.97515	-0.323064	-6.89511	8.97515	0
-5.8855	8.89477	-0.295178	-5.8855	8.89477	0
-4.85301	8.81917	-0.33193	-4.85301	8.81917	0
-3.83988	8.90254	-0.314074	-3.83988	8.90254	0
-2.86102	8.8836	-0.295459	-2.86102	8.8836	0
-1.7533	8.94035	-0.313016	-1.7533	8.94035	0
-0.715405	9.98698	-0.338914	-0.715405	9.98698	0
0.306363	9.93718	-0.297439	0.306363	9.93718	0
1.3463	9.96564	-0.313013	1.3463	9.96564	0
2.39181	9.90641	-0.352954	2.39181	9.90641	0
3.4434	9.96989	-0.337917	3.4434	9.96989	0
4.39334	9.96726	-0.324565	4.39334	9.96726	0
5.53103	9.98905	-0.29284	5.53103	9.98905	0
6.52425	10.0096	-0.338974	6.52425	10.0096	0
7.51096	9.95442	-0.337103	7.51096	9.95442	0
8.55033	9.94408	-0.333406	8.55033	9.94408	0
9.56038	9.9552	-0.333827	9.56038	9.9552	0
10.5755	9.95311	-0.304112	10.5755	9.95311	0
11.6596	9.99418	-0.313094	11.6596	9.99418	0
-11.0979	9.96248	-0.35107	-11.0979	9.96248	0
-10.0573	9.95779	-0.335839	-10.0573	9.95779	0
-9.06078	9.91442	-0.277605	-9.06078	9.91442	0
-8.00542	9.93416	-0.316809	-8.00542	9.93416	0
-6.94375	9.97526	-0.290895	-6.94375	9.97526	0
-5.87589	9.95424	-0.317652	-5.87589	9.95424	0
-4.88373	9.88956	-0.323908	-4.88373	9.88956	0
-3.90457	9.92745	-0.289969	-3.90457	9.92745	0
-2.77642	9.95288	-0.318625	-2.77642	9.95288	0
-1.78796	9.9665	-0.310878	-1.78796	9.9665	0
-0.771577	10.9982	-0.314867	-0.771577	10.9982	0
0.296282	11.0156	-0.324732	0.296282	11.0156	0
1.31865	10.9722	-0.313511	1.31865	10.9722	0
2.38224	10.979	-0.31988	2.38224	10.979	0
3.35747	10.9807	-0.299763	3.35747	10.9807	0
4.38014	11.0168	-0.333197	4.38014	11.0168	0
5.45897	11.041	-0.308621	5.45897	11.041	0
6.46609	10.997	-0.306496	6.46609	10.997	0
7.54326	11.0187	-0.355806	7.54326	11.0187	0
8.59225	10.9845	-0.288059	8.59225	10.9845	0
9.6203	10.9759	-0.292778	9.6203	10.9759	0
10.6496	11.0146	-0.30622	10.6496	11.0146	0
11.6641	11.0329	-0.325517	11.6641	11.0329	0
-10.9839	10.985	-0.323754	-10.9839	10.985	0
-9.98769	11.0013	-0.326087	-9.98769	11.0013	0
-8.9803	10.998	-0.327311	-8.9803	10.998	0
-8.03708	10.953	-0.326374	-8.03708	10.953	0
-6.92584	10.9696	-0.357864	-6.92584	10.9696	0
-5.92582	10.9331	-0.302819	-5.92582	10.9331	0
-4.82029	10.9521	-0.32522	-4.82029	10.9521	0
-3.8439	10.9386	-0.298959	-3.8439	10.9386	0
-2.81841	10.9981	-0.314286	-2.81841	10.9981	0
-1.77226	10.9926	-0.329497	-1.77226	10.9926	0
-0.760505	-11.81	-0.323719	-0.760505	-11.81	0
0.282135	-11.7467	-0.312818	0.282135	-11.7467	0
1.27055	-11.8334	-0.315608	1.27055	-11.8334	0
2.36392	-11.8	-0.314039	2.36392	-11.8	0
3.40588	-11.7905	-0.315919	3.40588	-11.7905	0
4.40757	-11.7423	-0.313219	4.40757	-11.7423	0
5.41712	-11.7218	-0.350436	5.41712	-11.7218	0
6.40924	-11.7792	-0.337452	6.40924	-11.7792	0
7.46658	-11.777	-0.321205	7.46658	-11.777	0
8.55581	-11.7767	-0.31279	8.55581	-11.7767	0
9.57603	-11.8261	-0.32075	9.57603	-11.8261	0
10.6636	-11.764	-0.299651	10.6636	-11.764	0
11.6932	-11.7361	-0.315706	11.6932	-11.7361	0
-10.9702	-11.7889	-0.287143	-10.9702	-11.7889	0
-10.0271	-11.7324	-0.313057	-10.0271	-11.7324	0
-8.98381	-11.6884	-0.359735	-8.98381	-11.6884	0
-7.97318	-11.7651	-0.323362	-7.97318	-11.7651	0
-6.96951	-11.7499	-0.324081	-6.96951	-11.7499	0
-5.87686	-11.7966	-0.335156	-5.87686	-11.7966	0
-4.83823	-11.8154	-0.322457	-4.83823	-11.8154	0
-3.83106	-11.7688	-0.320414	-3.83106	-11.7688	0
-2.87734	-11.7244	-0.30796	-2.87734	-11.7244	0
-1.82244	-11.7453	-0.34719	-1.82244	-11.7453	0
-0.741754	-10.781	-0.333895	-0.741754	-10.781	0
0.274463	-10.7343	-0.327278	0.274463	-10.7343	0
1.29966	-10.805	-0.331304	1.29966	-10.805	0
2.32802	-10.7602	-0.32179	2.32802	-10.7602	0
3.33531	-10.7617	-0.307536	3.33531	-10.7617	0
4.42545	-10.7039	-0.337894	4.42545	-10.7039	0
5.41292	-10.7158	-0.330732	5.41292	-10.7158	0
6.42967	-10.6753	-0.295089	6.42967	-10.6753	0
7.48119	-10.7383	-0.324821	7.48119	-10.7383	0
8.50737	-10.7816	-0.316913	8.50737	-10.7816	0
9.5396	-10.7316	-0.309354	9.5396	-10.7316	0
10.6512	-10.6952	-0.27652	10.6512	-10.6952	0
11.6232	-10.7473	-0.324754	11.6232	-10.7473	0
-11.1082	-10.7282	-0.323643	-11.1082	-10.7282	0
-10.1087	-10.7275	-0.318695	-10.1087	-10.7275	0
-9.0642	-10.6744	-0.337613	-9.0642	-10.6744	0
-7.99905	-10.7861	-0.310431	-7.99905	-10.7861	0
-7.0122	-10.7436	-0.313007	-7.0122	-10.7436	0
-5.94971	-10.7807	-0.317505	-5.94971	-10.7807	0
-4.90645	-10.7247	-0.312545	-4.90645	-10.7247	0
-3.88251	-10.7352	-0.321031	-3.88251	-10.7352	0
-2.82249	-10.6965	-0.311098	-2.82249	-10.6965	0
-1.82336	-10.7867	-0.297286	-1.82336	-10.7867	0
-0.752966	-9.663	-0.307576	-0.752966	-9.663	0
0.239391	-9.744	-0.319591	0.239391	-9.744	0
1.23999	-9.7572	-0.322243	1.23999	-9.7572	0
2.27791	-9.73787	-0.350776	2.27791	-9.73787	0
3.32303	-9.73907	-0.304083	3.32303	-9.73907	0
4.35488	-9.63317	-0.344878	4.35488	-9.63317	0
5.42146	-9.65941	-0.308694	5.42146	-9.65941	0
6.39525	-9.70288	-0.326107	6.39525	-9.70288	0
7.47624	-9.70471	-0.31698	7.47624	-9.70471	0
8.49072	-9.76957	-0.329951	8.49072	-9.76957	0
9.52545	-9.69161	-0.298516	9.52545	-9.69161	0
10.5805	-9.71292	-0.336202	10.5805	-9.71292	0
11.6424	-9.6544	-0.300462	11.6424	-9.6544	0
-11.148	-9.65735	-0.265135	-11.148	-9.65735	0
-10.1402	-9.65234	-0.330211	-10.1402	-9.65234	0
-9.1408	-9.66503	-0.335964	-9.1408	-9.66503	0
-8.05925	-9.70529	-0.344744	-8.05925	-9.70529	0
-7.01195	-9.74597	-0.31065	-7.01195	-9.74597	0
-5.94565	-9.73981	-0.277811	-5.94565	-9.73981	0
-4.93093	-9.753	-0.316637	-4.93093	-9.753	0
-3.89324	-9.69206	-0.323765	-3.89324	-9.69206	0
-2.84117	-9.73725	-0.325509	-2.84117	-9.73725	0
-1.76368	-9.70297	-0.328434	-1.76368	-9.70297	0
-0.793444	-8.64736	-0.346961	-0.793444	-8.64736	0
0.172555	-8.66039	-0.299437	0.172555	-8.66039	0
1.24722	-8.7008	-0.33484	1.24722	-8.7008	0
2.2305	-8.72114	-0.315287	2.2305	-8.72114	0
3.33484	-8.6626	-0.315379	3.33484	-8.6626	0
4.33959	-8.6172	-0.328199	4.33959	-8.6172	0
5.4382	-8.63011	-0.349798	5.4382	-8.63011	0
6.44136	-8.64848	-0.281909	6.44136	-8.64848	0
7.4939	-8.67874	-0.319642	7.4939	-8.67874	0
8.531	-8.76154	-0.331493	8.531	-8.76154	0
9.50534	-8.66942	-0.299047	9.50534	-8.66942	0
10.6375	-8.6483	-0.318866	10.6375	-8.6483	0
11.6518	-8.57339	-0.335177	11.6518	-8.57339	0
-11.0757	-8.59809	-0.311441	-11.0757	-8.59809	0
-10.0786	-8.66256	-0.306634	-10.0786	-8.66256	0
-9.04564	-8.68568	-0.327563	-9.04564	-8.68568	0
-8.01313	-8.68529	-0.298716	-8.01313	-8.68529	0
-6.95438	-8.70319	-0.305669	-6.95438	-8.70319	0
-5.95996	-8.69226	-0.353795	-5.95996	-8.69226	0
-4.85321	-8.73237	-0.325054	-4.85321	-8.73237	0
-3.85031	-8.71153	-0.318077	-3.85031	-8.71153	0
-2.83897	-8.70788	-0.314	-2.83897	-8.70788	0
-1.86595	-8.6446	-0.310324	-1.86595	-8.6446	0
-0.723076	-7.58527	-0.300309	-0.723076	-7.58527	0
0.253754	-7.63503	-0.315483	0.253754	-7.63503	0
1.22723	-7.60436	-0.347166	1.22723	-7.60436	0
2.29296	-7.68029	-0.313859	2.29296	-7.68029	0
3.31753	-7.6843	-0.321468	3.31753	-7.6843	0
4.35111	-7.61837	-0.296509	4.35111	-7.61837	0
5.3963	-7.52358	-0.323048	5.3963	-7.52358	0
6.50896	-7.63069	-0.298625	6.50896	-7.63069	0
7.46004	-7.63536	-0.300779	7.46004	-7.63536	0
8.56253	-7.61986	-0.341361	8.56253	-7.61986	0
9.58389	-7.6361	-0.285782	9.58389	-7.6361	0
10.6021	-7.64742	-0.326206	10.6021	-7.64742	0
11.6551	-7.57226	-0.312604	11.6551	-7.57226	0
-11.0615	-7.62803	-0.320621	-11.0615	-7.62803	0
-10.0479	-7.60588	-0.336177	-10.0479	-7.60588	0
-8.98929	-7.67075	-0.32692	-8.98929	-7.67075	0
-7.99173	-7.65511	-0.329809	-7.99173	-7.65511	0
-6.94822	-7.61579	-0.326933	-6.94822	-7.61579	0
-5.91712	-7.67115	-0.321605	-5.91712	-7.67115	0
-4.90382	-7.67225	-0.3076	-4.90382	-7.67225	0
-3.88891	-7.69947	-0.289639	-3.88891	-7.69947	0
-2.84726	-7.67091	-0.310483	-2.84726	-7.67091	0
-1.79922	-7.57994	-0.327189	-1.79922	-7.57994	0
-0.799981	-6.60511	-0.326361	-0.799981	-6.60511	0
0.23981	-6.62399	-0.308998	0.23981	-6.62399	0
1.32988	-6.61938	-0.331681	1.32988	-6.61938	0
2.30576	-6.56217	-0.317337	2.30576	-6.56217	0
3.35011	-6.59313	-0.303661	3.35011	-6.59313	0
4.34799	-6.57417	-0.330132	4.34799	-6.57417	0
5.41786	-6.51805	-0.320182	5.41786	-6.51805	0
6.47755	-6.60021	-0.316554	6.47755	-6.60021	0
7.5177	-6.64241	-0.29863	7.5177	-6.64241	0
8.54624	-6.59912	-0.306581	8.54624	-6.59912	0
9.53043	-6.56239	-0.314186	9.53043	-6.56239	0
10.5608	-6.60991	-0.347258	10.5608	-6.60991	0
11.5891	-6.5448	-0.31421	11.5891	-6.5448	0
-11.1534	-6.59628	-0.326405	-11.1534	-6.59628	0
-10.07	-6.61094	-0.333591	-10.07	-6.61094	0
-9.01571	-6.63933	-0.317656	-9.01571	-6.63933	0
-8.00185	-6.63669	-0.318727	-8.00185	-6.63669	0
-6.9638	-6.61757	-0.320429	-6.9638	-6.61757	0
-5.97089	-6.62201	-0.304452	-5.97089	-6.62201	0
-4.95443	-6.59925	-0.305979	-4.95443	-6.59925	0
-3.9347	-6.6689	-0.333605	-3.9347	-6.6689	0
-2.90367	-6.67795	-0.297429	-2.90367	-6.67795	0
-1.81144	-6.60512	-0.32246	-1.81144	-6.60512	0
-0.748642	-5.54351	-0.313026	-0.748642	-5.54351	0
0.325638	-5.57757	-0.335887	0.325638	-5.57757	0
1.30124	-5.54912	-0.316172	1.30124	-5.54912	0
2.31983	-5.51876	-0.314148	2.31983	-5.51876	0
3.44137	-5.56026	-0.309377	3.44137	-5.56026	0
4.44774	-5.57127	-0.317454	4.44774	-5.57127	0
5.43414	-5.50463	-0.304973	5.43414	-5.50463	0
6.46973	-5.55556	-0.30607	6.46973	-5.55556	0
7.50477	-5.56536	-0.302828	7.50477	-5.56536	0
8.53858	-5.49467	-0.321428	8.53858	-5.49467	0
9.5675	-5.52402	-0.315404	9.5675	-5.52402	0
10.6031	-5.53741	-0.312565	10.6031	-5.53741	0
11.6273	-5.514	-0.325031	11.6273	-5.514	0
-11.1083	-5.53321	-0.29773	-11.1083	-5.53321	0
-10.0364	-5.57341	-0.33678	-10.0364	-5.57341	0
-9.01536	-5.55624	-0.31287	-9.01536	-5.55624	0
-7.98801	-5.57014	-0.332723	-7.98801	-5.57014	0
-6.95947	-5.59366	-0.314854	-6.95947	-5.59366	0
-5.94302	-5.56134	-0.312673	-5.94302	-5.56134	0
-4.87779	-5.5745	-0.330464	-4.87779	-5.5745	0
-3.86901	-5.58942	-0.309062	-3.86901	-5.58942	0
-2.83213	-5.60039	-0.319856	-2.83213	-5.60039	0
-1.85352	-5.63093	-0.346071	-1.85352	-5.63093	0
-0.727895	-4.49607	-0.30116	-0.727895	-4.49607	0
0.28339	-4.4957	-0.344089	0.28339	-4.4957	0
1.29021	-4.50455	-0.330697	1.29021	-4.50455	0
2.36865	-4.56787	-0.323343	2.36865	-4.56787	0
3.38159	-4.48019	-0.32438	3.38159	-4.48019	0
4.43982	-4.50921	-0.3229	4.43982	-4.50921	0
5.52063	-4.53775	-0.353417	5.52063	-4.53775	0
6.54716	-4.46241	-0.327162	6.54716	-4.46241	0
7.57565	-4.52987	-0.300485	7.57565	-4.52987	0
8.56178	-4.52671	-0.306522	8.56178	-4.52671	0
9.65982	-4.47375	-0.33018	9.65982	-4.47375	0
10.6431	-4.55108	-0.314636	10.6431	-4.55108	0
11.6267	-4.48469	-0.32333	11.6267	-4.48469	0
-11.0525	-4.51453	-0.318332	-11.0525	-4.51453	0
-10.0248	-4.52094	-0.32333	-10.0248	-4.52094	0
-8.98373	-4.55755	-0.321713	-8.98373	-4.55755	0
-7.98843	-4.51748	-0.321534	-7.98843	-4.51748	0
-6.97956	-4.54854	-0.328577	-6.97956	-4.54854	0
-6.00826	-4.51564	-0.336005	-6.00826	-4.51564	0
-4.9559	-4.55977	-0.310605	-4.9559	-4.55977	0
-3.84063	-4.56663	-0.320715	-3.84063	-4.56663	0
-2.72829	-4.61483	-0.32422	-2.72829	-4.61483	0
-1.7489	-4.53269	-0.344794	-1.7489	-4.53269	0
-0.731497	-3.42121	-0.298668	-0.731497	-3.42121	0
0.323603	-3.4654	-0.291359	0.323603	-3.4654	0
1.33072	-3.50094	-0.316864	1.33072	-3.50094	0
2.39769	-3.52885	-0.32339	2.39769	-3.52885	0
3.37549	-3.48602	-0.337598	3.37549	-3.48602	0
4.40864	-3.45897	-0.31778	4.40864	-3.45897	0
5.45208	-3.46156	-0.317934	5.45208	-3.46156	0
6.4622	-3.47004	-0.312211	6.4622	-3.47004	0
7.52828	-3.48521	-0.342059	7.52828	-3.48521	0
8.61316	-3.49972	-0.318365	8.61316	-3.49972	0
9.667	-3.48742	-0.29159	9.667	-3.48742	0
10.6665	-3.44026	-0.302181	10.6665	-3.44026	0
11.6941	-3.50754	-0.338737	11.6941	-3.50754	0
-11.0375	-3.5165	-0.342323	-11.0375	-3.5165	0
-10.0757	-3.50785	-0.301909	-10.0757	-3.50785	0
-8.97151	-3.47804	-0.296715	-8.97151	-3.47804	0
-7.98519	-3.4903	-0.30213	-7.98519	-3.4903	0
-6.96966	-3.49223	-0.344967	-6.96966	-3.49223	0
-5.92641	-3.52799	-0.329806	-5.92641	-3.52799	0
-4.87788	-3.52353	-0.335854	-4.87788	-3.52353	0
-3.78926	-3.5294	-0.322594	-3.78926	-3.5294	0
-2.8136	-3.60068	-0.32503	-2.8136	-3.60068	0
-1.75298	-3.52529	-0.328145	-1.75298	-3.52529	0
-0.723528	-2.47313	-0.297259	-0.723528	-2.47313	0
0.307302	-2.4191	-0.31613	0.307302	-2.4191	0
1.34198	-2.42808	-0.337793	1.34198	-2.42808	0
2.40825	-2.50488	-0.329555	2.40825	-2.50488	0
3.41915	-2.42472	-0.320153	3.41915	-2.42472	0
4.44559	-2.46843	-0.297449	4.44559	-2.46843	0
5.51059	-2.41184	-0.302526	5.51059	-2.41184	0
6.51651	-2.4417	-0.316389	6.51651	-2.4417	0
7.52389	-2.43526	-0.286585	7.52389	-2.43526	0
8.56625	-2.50041	-0.302727	8.56625	-2.50041	0
9.59086	-2.41676	-0.330888	9.59086	-2.41676	0
10.675	-2.41951	-0.315192	10.675	-2.41951	0
11.7218	-2.43389	-0.302995	11.7218	-2.43389	0
-11.0728	-2.39033	-0.306766	-11.0728	-2.39033	0
-10.0257	-2.4543	-0.308284	-10.0257	-2.4543	0
-9.03499	-2.41966	-0.307645	-9.03499	-2.41966	0
-7.98203	-2.44448	-0.344449	-7.98203	-2.44448	0
-6.94776	-2.48664	-0.321446	-6.94776	-2.48664	0
-5.89162	-2.45924	-0.334853	-5.89162	-2.45924	0
-4.8437	-2.47265	-0.304015	-4.8437	-2.47265	0
-3.8261	-2.43968	-0.322189	-3.8261	-2.43968	0
-2.80703	-2.52392	-0.304978	-2.80703	-2.52392	0
-1.81505	-2.50915	-0.30904	-1.81505	-2.50915	0
-0.741405	-1.43404	-0.309483	-0.741405	-1.43404	0
0.288996	-1.38518	-0.336109	0.288996	-1.38518	0
1.41947	-1.35241	-0.314621	1.41947	-1.35241	0
2.44372	-1.38835	-0.332006	2.44372	-1.38835	0
3.45371	-1.39918	-0.332792	3.45371	-1.39918	0
4.48596	-1.40562	-0.327724	4.48596	-1.40562	0
5.46616	-1.3722	-0.306433	5.46616	-1.3722	0
6.5879	-1.43255	-0.330336	6.5879	-1.43255	0
7.6627	-1.40086	-0.29363	7.6627	-1.40086	0
8.66188	-1.42806	-0.305926	8.66188	-1.42806	0
9.64167	-1.4199	-0.292932	9.64167	-1.4199	0
10.6976	-1.36027	-0.332154	10.6976	-1.36027	0
11.7296	-1.37974	-0.331041	11.7296	-1.37974	0
-11.0557	-1.375	-0.321687	-11.0557	-1.375	0
-9.99662	-1.3981	-0.275632	-9.99662	-1.3981	0
-8.90601	-1.39823	-0.30067	-8.90601	-1.39823	0
-7.85676	-1.3755	-0.341515	-7.85676	-1.3755	0
-6.88184	-1.41853	-0.337847	-6.88184	-1.41853	0
-5.90189	-1.43752	-0.318667	-5.90189	-1.43752	0
-4.85675	-1.44205	-0.300983	-4.85675	-1.44205	0
-3.80997	-1.40697	-0.292234	-3.80997	-1.40697	0
-2.75861	-1.44986	-0.30411	-2.75861	-1.44986	0
-1.72114	-1.42755	-0.343205	-1.72114	-1.42755	0
-0.177908	0.127327	0.325032	-0.177908	0.127327	0
0.823765	0.150512	0.33189	0.823765	0.150512	0
1.91621	0.101491	0.329777	1.91621	0.101491	0
3.0055	0.141757	0.325622	3.0055	0.141757	0
3.98769	0.137853	0.308371	3.98769	0.137853	0
4.97606	0.124368	0.338698	4.97606	0.124368	0
6.04695	0.122663	0.355574	6.04695	0.122663	0
7.05878	0.133923	0.30498	7.05878	0.133923	0
8.08182	0.141023	0.290111	8.08182	0.141023	0
9.17116	0.194783	0.305771	9.17116	0.194783	0
10.2226	0.176009	0.322572	10.2226	0.176009	0
11.2157	0.105679	0.317201	11.2157	0.105679	0
-11.5136	0.191539	0.327656	-11.5136	0.191539	0
-10.4433	0.174126	0.29451	-10.4433	0.174126	0
-9.45637	0.116412	0.324416	-9.45637	0.116412	0
-8.40388	0.139974	0.338441	-8.40388	0.139974	0
-7.32588	0.095773	0.312709	-7.32588	0.095773	0
-6.32445	0.167493	0.295641	-6.32445	0.167493	0
-5.29445	0.0739571	0.330499	-5.29445	0.0739571	0
-4.34135	0.154314	0.368228	-4.34135	0.154314	0
-3.29878	0.114721	0.346054	-3.29878	0.114721	0
-2.27039	0.0903039	0.309899	-2.27039	0.0903039	0
-1.14569	0.139836	0.304483	-1.14569	0.139836	0
-0.23879	1.15779	0.307505	-0.23879	1.15779	0
0.8686	1.19705	0.324063	0.8686	1.19705	0
1.89351	1.11585	0.300522	1.89351	1.11585	0
2.93513	1.17765	0.313569	2.93513	1.17765	0
4.0065	1.20337	0.317716	4.0065	1.20337	0
5.03106	1.1405	0.300933	5.03106	1.1405	0
6.03968	1.19036	0.33055	6.03968	1.19036	0
7.10112	1.14008	0.323913	7.10112	1.14008	0
8.1075	1.22233	0.336861	8.1075	1.22233	0
9.17257	1.2452	0.298942	9.17257	1.2452	0
10.1743	1.16588	0.328933	10.1743	1.16588	0
11.2467	1.21351	0.289692	11.2467	1.21351	0
-11.4761	1.25893	0.31385	-11.4761	1.25893	0
-10.5014	1.18479	0.35507	-10.5014	1.18479	0
-9.44907	1.15685	0.308954	-9.44907	1.15685	0
-8.42346	1.15824	0.325681	-8.42346	1.15824	0
-7.38693	1.16565	0.338619	-7.38693	1.16565	0
-6.35533	1.16672	0.334976	-6.35533	1.16672	0
-5.30697	1.15712	0.337335	-5.30697	1.15712	0
-4.32821	1.12876	0.313714	-4.32821	1.12876	0
-3.28735	1.16004	0.289716	-3.28735	1.16004	0
-2.22024	1.12469	0.351162	-2.22024	1.12469	0
-1.27772	1.18613	0.323285	-1.27772	1.18613	0
-0.24286	2.19449	0.290577	-0.24286	2.19449	0
0.736915	2.19204	0.311563	0.736915	2.19204	0
1.82677	2.17698	0.318975	1.82677	2.17698	0
2.90954	2.20951	0.287016	2.90954	2.20951	0
3.97968	2.16184	0.30009	3.97968	2.16184	0
5.03512	2.19439	0.313232	5.03512	2.19439	0
6.05889	2.23828	0.3253	6.05889	2.23828	0
7.03364	2.16339	0.288293	7.03364	2.16339	0
8.06165	2.17667	0.326823	8.06165	2.17667	0
9.06513	2.23333	0.298679	9.06513	2.23333	0
10.1229	2.20583	0.313477	10.1229	2.20583	0
11.1806	2.23732	0.306183	11.1806	2.23732	0
-11.5106	2.26771	0.306497	-11.5106	2.26771	0
-10.4805	2.23391	0.322843	-10.4805	2.23391	0
-9.40226	2.19526	0.288033	-9.40226	2.19526	0
-8.36584	2.216	0.33482	-8.36584	2.216	0
-7.40217	2.2132	0.313791	-7.40217	2.2132	0
-6.42582	2.2004	0.312782	-6.42582	2.2004	0
-5.32569	2.17899	0.299359	-5.32569	2.17899	0
-4.37769	2.20844	0.334196	-4.37769	2.20844	0
-3.32676	2.21373	0.321864	-3.32676	2.21373	0
-2.32405	2.14566	0.307017	-2.32405	2.14566	0
-1.24704	2.16864	0.329756	-1.24704	2.16864	0
-0.185377	3.21816	0.341029	-0.185377	3.21816	0
0.839988	3.14342	0.308432	0.839988	3.14342	0
1.84156	3.22125	0.328898	1.84156	3.22125	0
2.87603	3.20785	0.343938	2.87603	3.20785	0
3.88984	3.19508	0.331623	3.88984	3.19508	0
4.93806	3.21873	0.291462	4.93806	3.21873	0
5.98376	3.27474	0.335386	5.98376	3.27474	0
7.03182	3.18426	0.326368	7.03182	3.18426	0
8.07755	3.19623	0.290258	8.07755	3.19623	0
9.06514	3.20163	0.310507	9.06514	3.20163	0
10.1333	3.2016	0.336156	10.1333	3.2016	0
11.1622	3.2701	0.318879	11.1622	3.2701	0
-11.5042	3.28596	0.309002	-11.5042	3.28596	0
-10.5078	3.22542	0.290874	-10.5078	3.22542	0
-9.493	3.27443	0.30948	-9.493	3.27443	0
-8.40974	3.25667	0.321702	-8.40974	3.25667	0
-7.42259	3.25182	0.328006	-7.42259	3.25182	0
-6.37259	3.22858	0.316133	-6.37259	3.22858	0
-5.33025	3.23552	0.315769	-5.33025	3.23552	0
-4.31866	3.21444	0.328206	-4.31866	3.21444	0
-3.31614	3.24457	0.306807	-3.31614	3.24457	0
-2.3099	3.22885	0.330709	-2.3099	3.22885	0
-1.22395	3.19492	0.326571	-1.22395	3.19492	0
-0.151335	4.21803	0.323133	-0.151335	4.21803	0
0.825067	4.27798	0.300849	0.825067	4.27798	0
1.80398	4.26874	0.335822	1.80398	4.26874	0
2.86605	4.26161	0.308845	2.86605	4.26161	0
3.87732	4.25902	0.319269	3.87732	4.25902	0
4.9011	4.21202	0.287738	4.9011	4.21202	0
6.04988	4.26346	0.322229	6.04988	4.26346	0
7.04258	4.24758	0.312281	7.04258	4.24758	0
8.0434	4.19421	0.325581	8.0434	4.19421	0
9.065	4.21361	0.337854	9.065	4.21361	0
10.1501	4.20507	0.294533	10.1501	4.20507	0
11.2132	4.23558	0.277503	11.2132	4.23558	0
-11.5261	4.31397	0.33492	-11.5261	4.31397	0
-10.4801	4.30854	0.320673	-10.4801	4.30854	0
-9.42626	4.34345	0.320711	-9.42626	4.34345	0
-8.40277	4.28429	0.295786	-8.40277	4.28429	0
-7.40229	4.26098	0.297034	-7.40229	4.26098	0
-6.40144	4.257	0.305945	-6.40144	4.257	0
-5.37928	4.26695	0.319466	-5.37928	4.26695	0
-4.30855	4.30382	0.335442	-4.30855	4.30382	0
-3.29114	4.26591	0.302974	-3.29114	4.26591	0
-2.20456	4.26393	0.297544	-2.20456	4.26393	0
-1.20608	4.25985	0.331011	-1.20608	4.25985	0
-0.20202	5.2767	0.344748	-0.20202	5.2767	0
0.812474	5.32594	0.308498	0.812474	5.32594	0
1.84752	5.2537	0.328138	1.84752	5.2537	0
2.86828	5.22704	0.35309	2.86828	5.22704	0
3.90126	5.31895	0.293439	3.90126	5.31895	0
4.92714	5.28891	0.343294	4.92714	5.28891	0
5.93766	5.29531	0.3174	5.93766	5.29531	0
6.99937	5.26449	0.331065	6.99937	5.26449	0
8.08622	5.25152	0.331829	8.08622	5.25152	0
9.12629	5.2744	0.302264	9.12629	5.2744	0
10.1936	5.25486	0.300851	10.1936	5.25486	0
11.2301	5.25538	0.326393	11.2301	5.25538	0
-11.5526	5.25813	0.320724	-11.5526	5.25813	0
-10.5431	5.343	0.333462	-10.5431	5.343	0
-9.48839	5.36272	0.298548	-9.48839	5.36272	0
-8.41395	5.3423	0.309943	-8.41395	5.3423	0
-7.37829	5.31157	0.323338	-7.37829	5.31157	0
-6.36413	5.32958	0.340546	-6.36413	5.32958	0
-5.33821	5.31203	0.329927	-5.33821	5.31203	0
-4.32925	5.30847	0.324161	-4.32925	5.30847	0
-3.28074	5.28394	0.301424	-3.28074	5.28394	0
-2.19878	5.24729	0.310312	-2.19878	5.24729	0
-1.21651	5.30197	0.289042	-1.21651	5.30197	0
-0.219395	6.31994	0.324252	-0.219395	6.31994	0
0.865969	6.33124	0.312094	0.865969	6.33124	0
1.89399	6.2945	0.335234	1.89399	6.2945	0
2.86967	6.28708	0.304688	2.86967	6.28708	0
3.93562	6.30441	0.321385	3.93562	6.30441	0
4.99458	6.34154	0.335934	4.99458	6.34154	0
6.01938	6.32844	0.279678	6.01938	6.32844	0
7.02654	6.29976	0.327124	7.02654	6.29976	0
8.05006	6.28575	0.331103	8.05006	6.28575	0
9.09264	6.28218	0.30995	9.09264	6.28218	0
10.1349	6.32317	0.297558	10.1349	6.32317	0
11.1914	6.32457	0.332063	11.1914	6.32457	0
-11.6151	6.37449	0.305492	-11.6151	6.37449	0
-10.5373	6.37895	0.290068	-10.5373	6.37895	0
-9.53427	6.37298	0.325203	-9.53427	6.37298	0
-8.52094	6.38637	0.300057	-8.52094	6.38637	0
-7.38074	6.37687	0.303876	-7.38074	6.37687	0
-6.40613	6.34299	0.271559	-6.40613	6.34299	0
-5.35047	6.33184	0.294313	-5.35047	6.33184	0
-4.3116	6.3139	0.291007	-4.3116	6.3139	0
-3.27629	6.27678	0.319828	-3.27629	6.27678	0
-2.20606	6.29653	0.30536	-2.20606	6.29653	0
-1.1986	6.3661	0.336207	-1.1986	6.3661	0
-0.154411	7.37264	0.3286	-0.154411	7.37264	0
0.894683	7.3253	0.316082	0.894683	7.3253	0
1.89588	7.36327	0.31585	1.89588	7.36327	0
2.95276	7.37195	0.314235	2.95276	7.37195	0
3.9687	7.32263	0.309574	3.9687	7.32263	0
5.01248	7.37435	0.333076	5.01248	7.37435	0
6.02074	7.34838	0.327095	6.02074	7.34838	0
7.01299	7.398	0.308125	7.01299	7.398	0
8.07669	7.34946	0.316999	8.07669	7.34946	0
9.10743	7.32166	0.288661	9.10743	7.32166	0
10.113	7.29786	0.317656	10.113	7.29786	0
11.1878	7.40589	0.338149	11.1878	7.40589	0
-11.5999	7.51532	0.325767	-11.5999	7.51532	0
-10.5292	7.39736	0.315222	-10.5292	7.39736	0
-9.4754	7.42555	0.324616	-9.4754	7.42555	0
-8.49623	7.41529	0.343762	-8.49623	7.41529	0
-7.42794	7.35289	0.318987	-7.42794	7.35289	0
-6.39651	7.36842	0.313604	-6.39651	7.36842	0
-5.37497	7.36769	0.318422	-5.37497	7.36769	0
-4.33067	7.32613	0.30498	-4.33067	7.32613	0
-3.29859	7.34542	0.295914	-3.29859	7.34542	0
-2.27904	7.30001	0.322113	-2.27904	7.30001	0
-1.20333	7.41327	0.306901	-1.20333	7.41327	0
-0.139235	8.36943	0.319164	-0.139235	8.36943	0
0.871699	8.37019	0.324661	0.871699	8.37019	0
1.92195	8.37841	0.296582	1.92195	8.37841	0
2.92189	8.39305	0.338352	2.92189	8.39305	0
4.00681	8.38457	0.341829	4.00681	8.38457	0
4.98088	8.38942	0.289224	4.98088	8.38942	0
5.99564	8.33786	0.320956	5.99564	8.33786	0
7.00025	8.41348	0.30519	7.00025	8.41348	0
8.02966	8.39936	0.2802	8.02966	8.39936	0
9.09593	8.34262	0.322823	9.09593	8.34262	0
10.1398	8.38224	0.31262	10.1398	8.38224	0
11.1105	8.42611	0.272369	11.1105	8.42611	0
-11.6384	8.47226	0.334997	-11.6384	8.47226	0
-10.4892	8.415	0.328868	-10.4892	8.415	0
-9.49953	8.44712	0.2963	-9.49953	8.44712	0
-8.43627	8.46221	0.329551	-8.43627	8.46221	0
-7.42217	8.39697	0.297944	-7.42217	8.39697	0
-6.39426	8.41961	0.297822	-6.39426	8.41961	0
-5.29813	8.38997	0.339645	-5.29813	8.38997	0
-4.33009	8.30167	0.334473	-4.33009	8.30167	0
-3.32138	8.39018	0.316575	-3.32138	8.39018	0
-2.27807	8.3727	0.349688	-2.27807	8.3727	0
-1.22802	8.42471	0.325723	-1.22802	8.42471	0
-0.258589	9.4173	0.339058	-0.258589	9.4173	0
0.789892	9.4395	0.343493	0.789892	9.4395	0
1.87701	9.41154	0.299188	1.87701	9.41154	0
2.95301	9.41358	0.307341	2.95301	9.41358	0
3.93569	9.44823	0.30366	3.93569	9.44823	0
4.97935	9.45382	0.288061	4.97935	9.45382	0
5.99293	9.47058	0.318736	5.99293	9.47058	0
6.9822	9.42133	0.309772	6.9822	9.42133	0
8.0673	9.41966	0.309504	8.0673	9.41966	0
9.11048	9.43987	0.277788	9.11048	9.43987	0
10.1692	9.41637	0.308391	10.1692	9.41637	0
11.1285	9.43413	0.288737	11.1285	9.43413	0
-11.6281	9.49704	0.313773	-11.6281	9.49704	0
-10.6193	9.38362	0.322653	-10.6193	9.38362	0
-9.55684	9.42829	0.318595	-9.55684	9.42829	0
-8.44401	9.42991	0.324666	-8.44401	9.42991	0
-7.44912	9.3787	0.345227	-7.44912	9.3787	0
-6.38853	9.43945	0.317623	-6.38853	9.43945	0
-5.37316	9.39622	0.312165	-5.37316	9.39622	0
-4.40573	9.34075	0.328225	-4.40573	9.34075	0
-3.36094	9.4275	0.32177	-3.36094	9.4275	0
-2.31071	9.41211	0.305584	-2.31071	9.41211	0
-1.23657	9.45613	0.327436	-1.23657	9.45613	0
-0.193911	10.4845	0.273214	-0.193911	10.4845	0
0.829078	10.4648	0.332732	0.829078	10.4648	0
1.88281	10.4464	0.313389	1.88281	10.4464	0
2.89354	10.4179	0.288263	2.89354	10.4179	0
3.90297	10.5145	0.332198	3.90297	10.5145	0
4.90705	10.4983	0.269309	4.90705	10.4983	0
5.96774	10.5445	0.343028	5.96774	10.5445	0
7.02121	10.4865	0.309115	7.02121	10.4865	0
8.03472	10.5264	0.292926	8.03472	10.5264	0
9.08148	10.4559	0.321232	9.08148	10.4559	0
10.0626	10.459	0.336313	10.0626	10.459	0
11.1328	10.4459	0.313139	11.1328	10.4459	0
-11.5863	10.5046	0.297102	-11.5863	10.5046	0
-10.4901	10.4684	0.311047	-10.4901	10.4684	0
-9.50184	10.5129	0.316936	-9.50184	10.5129	0
-8.51548	10.4786	0.324711	-8.51548	10.4786	0
-7.50507	10.482	0.329998	-7.50507	10.482	0
-6.41971	10.4451	0.317244	-6.41971	10.4451	0
-5.35235	10.4741	0.32333	-5.35235	10.4741	0
-4.35727	10.3948	0.331961	-4.35727	10.3948	0
-3.32374	10.4763	0.303424	-3.32374	10.4763	0
-2.329	10.4826	0.305338	-2.329	10.4826	0
-1.26244	10.4917	0.324598	-1.26244	10.4917	0
-0.250313	11.5009	0.337863	-0.250313	11.5009	0
0.763918	11.4797	0.327474	0.763918	11.4797	0
1.80498	11.4924	0.307487	1.80498	11.4924	0
2.85992	11.4857	0.330633	2.85992	11.4857	0
3.87039	11.5253	0.346231	3.87039	11.5253	0
4.90772	11.5276	0.303837	4.90772	11.5276	0
5.91792	11.5266	0.339966	5.91792	11.5266	0
6.97889	11.5372	0.318121	6.97889	11.5372	0
7.98156	11.5269	0.292993	7.98156	11.5269	0
9.10296	11.5057	0.301205	9.10296	11.5057	0
10.1516	11.5137	0.32295	10.1516	11.5137	0
11.2143	11.5041	0.340446	11.2143	11.5041	0
-11.5528	11.5346	0.327937	-11.5528	11.5346	0
-10.4926	11.515	0.326394	-10.4926	11.515	0
-9.44304	11.5282	0.290841	-9.44304	11.5282	0
-8.48723	11.5197	0.28965	-8.48723	11.5197	0
-7.51756	11.4669	0.29837	-7.51756	11.4669	0
-6.41332	11.5091	0.320808	-6.41332	11.5091	0
-5.33452	11.5172	0.337899	-5.33452	11.5172	0
-4.31743	11.4847	0.296897	-4.31743	11.4847	0
-3.3632	11.502	0.317977	-3.3632	11.502	0
-2.2754	11.4705	0.320166	-2.2754	11.4705	0
-1.24106	11.4973	0.32353	-1.24106	11.4973	0
-0.281619	-11.2571	0.33461	-0.281619	-11.2571	0
0.785907	-11.2705	0.343247	0.785907	-11.2705	0
1.81919	-11.3165	0.299123	1.81919	-11.3165	0
2.86862	-11.2858	0.326541	2.86862	-11.2858	0
3.87613	-11.1827	0.299181	3.87613	-11.1827	0
4.91417	-11.2048	0.297662	4.91417	-11.2048	0
5.93658	-11.2273	0.310432	5.93658	-11.2273	0
6.94869	-11.2192	0.321435	6.94869	-11.2192	0
8.00973	-11.258	0.336488	8.00973	-11.258	0
9.06101	-11.2595	0.2991	9.06101	-11.2595	0
10.0836	-11.2289	0.301277	10.0836	-11.2289	0
11.137	-11.2537	0.335234	11.137	-11.2537	0
-11.5407	-11.2207	0.32409	-11.5407	-11.2207	0
-10.5312	-11.2177	0.312848	-10.5312	-11.2177	0
-9.5462	-11.1828	0.322816	-9.5462	-11.1828	0
-8.52346	-11.3027	0.328342	-8.52346	-11.3027	0
-7.46461	-11.2633	0.30685	-7.46461	-11.2633	0
-6.4745	-11.2617	0.33039	-6.4745	-11.2617	0
-5.40152	-11.2881	0.318054	-5.40152	-11.2881	0
-4.35018	-11.2586	0.320102	-4.35018	-11.2586	0
-3.38641	-11.2341	0.338513	-3.38641	-11.2341	0
-2.33382	-11.2745	0.300368	-2.33382	-11.2745	0
-1.26652	-11.262	0.326977	-1.26652	-11.262	0
-0.295451	-10.2619	0.294975	-0.295451	-10.2619	0
0.817745	-10.2396	0.31627	0.817745	-10.2396	0
1.80999	-10.2486	0.289938	1.80999	-10.2486	0
2.76769	-10.2296	0.318738	2.76769	-10.2296	0
3.87807	-10.2011	0.318006	3.87807	-10.2011	0
4.88699	-10.1357	0.283026	4.88699	-10.1357	0
5.88434	-10.2025	0.318877	5.88434	-10.2025	0
6.98456	-10.1976	0.317571	6.98456	-10.1976	0
7.97057	-10.1995	0.304352	7.97057	-10.1995	0
8.99896	-10.2284	0.328059	8.99896	-10.2284	0
10.0594	-10.2202	0.327044	10.0594	-10.2202	0
11.1369	-10.16	0.294257	11.1369	-10.16	0
-11.6699	-10.1999	0.275933	-11.6699	-10.1999	0
-10.6361	-10.1873	0.31707	-10.6361	-10.1873	0
-9.62985	-10.1721	0.293752	-9.62985	-10.1721	0
-8.52309	-10.2774	0.3024	-8.52309	-10.2774	0
-7.51506	-10.2073	0.311263	-7.51506	-10.2073	0
-6.47547	-10.2632	0.32051	-6.47547	-10.2632	0
-5.4351	-10.2686	0.338557	-5.4351	-10.2686	0
-4.36889	-10.2116	0.307069	-4.36889	-10.2116	0
-3.31085	-10.22	0.288524	-3.31085	-10.22	0
-2.30912	-10.1918	0.312241	-2.30912	-10.1918	0
-1.25119	-10.1865	0.297812	-1.25119	-10.1865	0
-0.278344	-9.14544	0.301344	-0.278344	-9.14544	0
0.686596	-9.21788	0.325274	0.686596	-9.21788	0
1.76855	-9.25188	0.315942	1.76855	-9.25188	0
2.81729	-9.23766	0.301297	2.81729	-9.23766	0
3.83621	-9.15764	0.290371	3.83621	-9.15764	0
4.89913	-9.12404	0.312748	4.89913	-9.12404	0
5.94669	-9.20945	0.332136	5.94669	-9.20945	0
6.94626	-9.19176	0.332504	6.94626	-9.19176	0
7.97893	-9.21116	0.309518	7.97893	-9.21116	0
9.01901	-9.19318	0.339831	9.01901	-9.19318	0
10.0343	-9.21246	0.331949	10.0343	-9.21246	0
11.0751	-9.11517	0.323055	11.0751	-9.11517	0
-11.6973	-9.10162	0.285777	-11.6973	-9.10162	0
-10.6265	-9.14857	0.309769	-10.6265	-9.14857	0
-9.58682	-9.15943	0.300384	-9.58682	-9.15943	0
-8.52915	-9.24509	0.308653	-8.52915	-9.24509	0
-7.51076	-9.17264	0.329177	-7.51076	-9.17264	0
-6.48571	-9.24371	0.321122	-6.48571	-9.24371	0
-5.42952	-9.16594	0.302238	-5.42952	-9.16594	0
-4.36807	-9.22729	0.303976	-4.36807	-9.22729	0
-3.39493	-9.24069	0.318139	-3.39493	-9.24069	0
-2.30311	-9.24173	0.31996	-2.30311	-9.24173	0
-1.29135	-9.13885	0.313939	-1.29135	-9.13885	0
-0.281969	-8.14608	0.337598	-0.281969	-8.14608	0
0.727845	-8.22073	0.309866	0.727845	-8.22073	0
1.7062	-8.13998	0.302673	1.7062	-8.13998	0
2.76451	-8.24677	0.332252	2.76451	-8.24677	0
3.83265	-8.11049	0.329729	3.83265	-8.11049	0
4.90763	-8.05207	0.294128	4.90763	-8.05207	0
5.91429	-8.11968	0.33571	5.91429	-8.11968	0
7.008	-8.19413	0.304789	7.008	-8.19413	0
8.07216	-8.14361	0.284144	8.07216	-8.14361	0
9.01219	-8.18305	0.29935	9.01219	-8.18305	0
10.096	-8.19066	0.330987	10.096	-8.19066	0
11.0911	-8.07978	0.30664	11.0911	-8.07978	0
-11.6636	-8.06819	0.31546	-11.6636	-8.06819	0
-10.5528	-8.14485	0.360024	-10.5528	-8.14485	0
-9.53828	-8.16859	0.318277	-9.53828	-8.16859	0
-8.49003	-8.21944	0.332192	-8.49003	-8.21944	0
-7.4952	-8.15625	0.306425	-7.4952	-8.15625	0
-6.47459	-8.1242	0.304551	-6.47459	-8.1242	0
-5.43889	-8.17521	0.295283	-5.43889	-8.17521	0
-4.43066	-8.19466	0.34416	-4.43066	-8.19466	0
-3.38454	-8.18533	0.326382	-3.38454	-8.18533	0
-2.34882	-8.21021	0.318911	-2.34882	-8.21021	0
-1.33221	-8.13704	0.334879	-1.33221	-8.13704	0
-0.251632	-7.16136	0.31895	-0.251632	-7.16136	0
0.749964	-7.13807	0.320652	0.749964	-7.13807	0
1.78429	-7.16519	0.321104	1.78429	-7.16519	0
2.77894	-7.13805	0.289501	2.77894	-7.13805	0
3.80578	-7.10729	0.319273	3.80578	-7.10729	0
4.83762	-7.06179	0.293869	4.83762	-7.06179	0
5.98277	-7.10349	0.307925	5.98277	-7.10349	0
7.00024	-7.12535	0.327717	7.00024	-7.12535	0
8.03109	-7.13012	0.321077	8.03109	-7.13012	0
9.07639	-7.08173	0.321278	9.07639	-7.08173	0
10.06	-7.08032	0.315656	10.06	-7.08032	0
11.0979	-7.0788	0.288436	11.0979	-7.0788	0
-11.6889	-7.07493	0.32071	-11.6889	-7.07493	0
-10.6302	-7.13247	0.304002	-10.6302	-7.13247	0
-9.50823	-7.18631	0.315463	-9.50823	-7.18631	0
-8.49499	-7.14456	0.339677	-8.49499	-7.14456	0
-7.47301	-7.08072	0.328073	-7.47301	-7.08072	0
-6.45268	-7.14758	0.334521	-6.45268	-7.14758	0
-5.4382	-7.15682	0.285057	-5.4382	-7.15682	0
-4.44369	-7.19169	0.325339	-4.44369	-7.19169	0
-3.40873	-7.13923	0.327625	-3.40873	-7.13923	0
-2.32581	-7.16219	0.312127	-2.32581	-7.16219	0
-1.27851	-7.08612	0.344864	-1.27851	-7.08612	0
-0.240607	-6.05496	0.300165	-0.240607	-6.05496	0
0.775191	-6.11703	0.301129	0.775191	-6.11703	0
1.79486	-6.11146	0.335398	1.79486	-6.11146	0
2.83496	-6.10272	0.340259	2.83496	-6.10272	0
3.85759	-6.10699	0.360667	3.85759	-6.10699	0
4.90447	-6.08836	0.307502	4.90447	-6.08836	0
5.97904	-6.03762	0.314259	5.97904	-6.03762	0
7.00572	-6.03411	0.325567	7.00572	-6.03411	0
8.0226	-6.09161	0.295064	8.0226	-6.09161	0
9.05936	-6.03389	0.311217	9.05936	-6.03389	0
10.0886	-6.08354	0.311219	10.0886	-6.08354	0
11.0777	-6.07601	0.326175	11.0777	-6.07601	0
-11.66	-6.04584	0.310142	-11.66	-6.04584	0
-10.6222	-6.1001	0.270438	-10.6222	-6.1001	0
-9.53141	-6.07802	0.31662	-9.53141	-6.07802	0
-8.49877	-6.07443	0.310711	-8.49877	-6.07443	0
-7.48448	-6.08733	0.314441	-7.48448	-6.08733	0
-6.45517	-6.09441	0.32046	-6.45517	-6.09441	0
-5.45843	-6.06431	0.28347	-5.45843	-6.06431	0
-4.37989	-6.10558	0.30626	-4.37989	-6.10558	0
-3.37239	-6.13076	0.314797	-3.37239	-6.13076	0
-2.37188	-6.13011	0.325819	-2.37188	-6.13011	0
-1.28635	-6.05791	0.323146	-1.28635	-6.05791	0
-0.207694	-5.03757	0.316588	-0.207694	-5.03757	0
0.788169	-5.03675	0.308852	0.788169	-5.03675	0
1.83765	-5.04198	0.327814	1.83765	-5.04198	0
2.89363	-5.08571	0.302059	2.89363	-5.08571	0
3.90109	-5.05939	0.299279	3.90109	-5.05939	0
4.95752	-5.0432	0.323745	4.95752	-5.0432	0
6.04979	-4.99088	0.31357	6.04979	-4.99088	0
7.04685	-5.00659	0.326214	7.04685	-5.00659	0
8.02189	-5.02851	0.32683	8.02189	-5.02851	0
9.10307	-4.99704	0.322203	9.10307	-4.99704	0
10.0728	-4.99743	0.326654	10.0728	-4.99743	0
11.088	-5.03867	0.308931	11.088	-5.03867	0
-11.6877	-5.01967	0.310859	-11.6877	-5.01967	0
-10.566	-5.0371	0.311734	-10.566	-5.0371	0
-9.53214	-5.073	0.32235	-9.53214	-5.073	0
-8.43705	-5.07059	0.338691	-8.43705	-5.07059	0
-7.4427	-5.02785	0.320205	-7.4427	-5.02785	0
-6.43441	-5.08269	0.315406	-6.43441	-5.08269	0
-5.41692	-5.09901	0.328598	-5.41692	-5.09901	0
-4.39861	-5.0517	0.319789	-4.39861	-5.0517	0
-3.33965	-5.10565	0.342055	-3.33965	-5.10565	0
-2.21192	-5.10445	0.343347	-2.21192	-5.10445	0
-1.23751	-4.99542	0.304311	-1.23751	-4.99542	0
-0.190028	-3.9606	0.294365	-0.190028	-3.9606	0
0.773167	-3.97995	0.319958	0.773167	-3.97995	0
1.81802	-4.00883	0.33543	1.81802	-4.00883	0
2.84548	-4.02444	0.342366	2.84548	-4.02444	0
3.87388	-4.00477	0.314195	3.87388	-4.00477	0
4.94599	-3.9862	0.267078	4.94599	-3.9862	0
5.99691	-3.94668	0.314421	5.99691	-3.94668	0
7.03666	-3.96516	0.31171	7.03666	-3.96516	0
8.0858	-4.00766	0.34392	8.0858	-4.00766	0
9.13313	-4.02507	0.312733	9.13313	-4.02507	0
10.2002	-4.02456	0.290913	10.2002	-4.02456	0
11.1536	-4.02184	0.328852	11.1536	-4.02184	0
-11.5509	-3.96934	0.334162	-11.5509	-3.96934	0
-10.4983	-4.0179	0.332619	-10.4983	-4.0179	0
-9.48505	-4.02281	0.32052	-9.48505	-4.02281	0
-8.46831	-3.99269	0.332508	-8.46831	-3.99269	0
-7.48427	-4.00415	0.313909	-7.48427	-4.00415	0
-6.506	-4.05164	0.324559	-6.506	-4.05164	0
-5.42997	-4.01302	0.348606	-5.42997	-4.01302	0
-4.38889	-4.01114	0.309749	-4.38889	-4.01114	0
-3.27636	-4.10044	0.299994	-3.27636	-4.10044	0
-2.26683	-4.12111	0.332173	-2.26683	-4.12111	0
-1.24194	-3.96833	0.297842	-1.24194	-3.96833	0
-0.148258	-2.95646	0.316173	-0.148258	-2.95646	0
0.889137	-2.92017	0.314138	0.889137	-2.92017	0
1.85642	-2.96972	0.291033	1.85642	-2.96972	0
2.88016	-2.99271	0.339333	2.88016	-2.99271	0
3.92379	-2.93937	0.32991	3.92379	-2.93937	0
4.96709	-2.98515	0.313028	4.96709	-2.98515	0
5.97987	-2.97144	0.319424	5.97987	-2.97144	0
6.99798	-2.97511	0.3033	6.99798	-2.97511	0
8.07444	-3.01026	0.33974	8.07444	-3.01026	0
9.15169	-2.96336	0.308987	9.15169	-2.96336	0
10.1725	-2.91812	0.316556	10.1725	-2.91812	0
11.2248	-2.96611	0.302727	11.2248	-2.96611	0
-11.5178	-2.95058	0.32997	-11.5178	-2.95058	0
-10.55	-2.92869	0.292211	-10.55	-2.92869	0
-9.51777	-2.98854	0.311061	-9.51777	-2.98854	0
-8.47144	-2.90733	0.340713	-8.47144	-2.90733	0
-7.45161	-2.92614	0.324562	-7.45161	-2.92614	0
-6.42443	-3.01767	0.331671	-6.42443	-3.01767	0
-5.4044	-2.99691	0.273713	-5.4044	-2.99691	0
-4.31749	-3.02316	0.282382	-4.31749	-3.02316	0
-3.29909	-2.98144	0.314714	-3.29909	-2.98144	0
-2.2753	-3.06248	0.309175	-2.2753	-3.06248	0
-1.25181	-2.98603	0.333287	-1.25181	-2.98603	0
-0.217529	-1.92036	0.312669	-0.217529	-1.92036	0
0.865112	-1.89609	0.292081	0.865112	-1.89609	0
1.8735	-1.94693	0.313629	1.8735	-1.94693	0
2.86949	-1.95302	0.287795	2.86949	-1.95302	0
3.89478	-1.9025	0.315604	3.89478	-1.9025	0
4.93027	-1.9398	0.32031	4.93027	-1.9398	0
5.97897	-1.93594	0.309599	5.97897	-1.93594	0
7.05656	-1.9251	0.306821	7.05656	-1.9251	0
8.09572	-1.96737	0.30972	8.09572	-1.96737	0
9.14294	-1.91461	0.329254	9.14294	-1.91461	0
10.1938	-1.8764	0.316918	10.1938	-1.8764	0
11.1925	-1.90799	0.280883	11.1925	-1.90799	0
-11.6005	-1.86445	0.352587	-11.6005	-1.86445	0
-10.5627	-1.917	0.308416	-10.5627	-1.917	0
-9.4655	-1.89836	0.324555	-9.4655	-1.89836	0
-8.4477	-1.91005	0.329133	-8.4477	-1.91005	0
-7.43062	-1.86455	0.313545	-7.43062	-1.86455	0
-6.44936	-1.98752	0.330339	-6.44936	-1.98752	0
-5.37529	-1.95771	0.285221	-5.37529	-1.95771	0
-4.33669	-1.98781	0.330204	-4.33669	-1.98781	0
-3.30163	-1.91813	0.332484	-3.30163	-1.91813	0
-2.27968	-1.99678	0.333512	-2.27968	-1.99678	0
-1.26548	-1.98294	0.322682	-1.26548	-1.98294	0
-0.239663	-0.902405	0.334756	-0.239663	-0.902405	0
0.856288	-0.916698	0.336371	0.856288	-0.916698	0
1.96362	-0.9257	0.331633	1.96362	-0.9257	0
2.98757	-0.924622	0.314448	2.98757	-0.924622	0
4.00667	-0.862097	0.307399	4.00667	-0.862097	0
4.99673	-0.867229	0.338661	4.99673	-0.867229	0
6.07179	-0.950101	0.303469	6.07179	-0.950101	0
7.10521	-0.942541	0.328578	7.10521	-0.942541	0
8.20327	-0.925486	0.333646	8.20327	-0.925486	0
9.20713	-0.862488	0.312106	9.20713	-0.862488	0
10.2118	-0.911869	0.330887	10.2118	-0.911869	0
11.1956	-0.870147	0.322206	11.1956	-0.870147	0
-11.5904	-0.875931	0.307984	-11.5904	-0.875931	0
-10.4986	-0.851439	0.300967	-10.4986	-0.851439	0
-9.40793	-0.935015	0.309076	-9.40793	-0.935015	0
-8.37525	-0.88902	0.277613	-8.37525	-0.88902	0
-7.39062	-0.830661	0.338496	-7.39062	-0.830661	0
-6.39464	-0.88728	0.321222	-6.39464	-0.88728	0
-5.35259	-0.938432	0.296974	-5.35259	-0.938432	0
-4.36533	-0.933099	0.307055	-4.36533	-0.933099	0
-3.32242	-0.908309	0.31813	-3.32242	-0.908309	0
-2.2191	-0.972064	0.321094	-2.2191	-0.972064	0
-1.21724	-0.920606	0.325685	-1.21724	-0.920606	0
