-0.722503	-0.292776	-0.34656	-0.722503	-0.292776	0
0.322886	-0.31634	-0.344282	0.322886	-0.31634	0
1.37898	-0.373537	-0.312783	1.37898	-0.373537	0
2.3785	-0.356233	-0.330146	2.3785	-0.356233	0
3.49119	-0.333666	-0.318003	3.49119	-0.333666	0
4.5564	-0.38489	-0.288215	4.5564	-0.38489	0
5.5931	-0.366189	-0.317127	5.5931	-0.366189	0
6.61021	-0.3441	-0.315648	6.61021	-0.3441	0
7.62255	-0.363397	-0.347758	7.62255	-0.363397	0
8.63743	-0.313245	-0.31686	8.63743	-0.313245	0
9.65687	-0.328103	-0.352123	9.65687	-0.328103	0
10.6616	-0.361355	-0.318594	10.6616	-0.361355	0
11.7143	-0.282342	-0.319249	11.7143	-0.282342	0
-11.1012	-0.30202	-0.324586	-11.1012	-0.30202	0
-10.0404	-0.287717	-0.340956	-10.0404	-0.287717	0
-8.92665	-0.309009	-0.30409	-8.92665	-0.309009	0
-7.87376	-0.366038	-0.334866	-7.87376	-0.366038	0
-6.85241	-0.330662	-0.298671	-6.85241	-0.330662	0
-5.77925	-0.335458	-0.332836	-5.77925	-0.335458	0
-4.74411	-0.331848	-0.327931	-4.74411	-0.331848	0
-3.76411	-0.402957	-0.293247	-3.76411	-0.402957	0
-2.7608	-0.289313	-0.284484	-2.7608	-0.289313	0
-1.74264	-0.231068	-0.319454	-1.74264	-0.231068	0
-0.70346	0.717005	-0.33154	-0.70346	0.717005	0
0.369911	0.657752	-0.328909	0.369911	0.657752	0
1.37321	0.703189	-0.327378	1.37321	0.703189	0
2.43543	0.690596	-0.308786	2.43543	0.690596	0
3.50849	0.67906	-0.315215	3.50849	0.67906	0
4.53884	0.659985	-0.324936	4.53884	0.659985	0
5.5091	0.715805	-0.31647	5.5091	0.715805	0
6.52605	0.695135	-0.321398	6.52605	0.695135	0
7.48492	0.679979	-0.320796	7.48492	0.679979	0
8.58096	0.727538	-0.344015	8.58096	0.727538	0
9.63381	0.709736	-0.319584	9.63381	0.709736	0
10.6898	0.711297	-0.296502	10.6898	0.711297	0
11.7091	0.713921	-0.304253	11.7091	0.713921	0
-11.0276	0.703633	-0.335605	-11.0276	0.703633	0
-9.93333	0.691525	-0.298728	-9.93333	0.691525	0
-8.94834	0.712277	-0.292714	-8.94834	0.712277	0
-7.86443	0.682687	-0.32555	-7.86443	0.682687	0
-6.89847	0.648836	-0.31888	-6.89847	0.648836	0
-5.80403	0.708706	-0.334899	-5.80403	0.708706	0
-4.77277	0.710108	-0.299368	-4.77277	0.710108	0
-3.77498	0.653504	-0.323754	-3.77498	0.653504	0
-2.76451	0.716264	-0.301537	-2.76451	0.716264	0
-1.71281	0.754741	-0.326408	-1.71281	0.754741	0
-0.708994	1.805	-0.33282	-0.708994	1.805	0
0.377793	1.68529	-0.28484	0.377793	1.68529	0
1.37247	1.76138	-0.321777	1.37247	1.76138	0
2.43098	1.6731	-0.327254	2.43098	1.6731	0
3.45186	1.65573	-0.341751	3.45186	1.65573	0
4.4574	1.70126	-0.335923	4.4574	1.70126	0
5.4816	1.70833	-0.332102	5.4816	1.70833	0
6.59425	1.69955	-0.330927	6.59425	1.69955	0
7.58386	1.77057	-0.310593	7.58386	1.77057	0
8.60168	1.76272	-0.321304	8.60168	1.76272	0
9.64535	1.74351	-0.342339	9.64535	1.74351	0
10.7071	1.77743	-0.31933	10.7071	1.77743	0
11.6771	1.75204	-0.341395	11.6771	1.75204	0
-11.0205	1.73257	-0.309621	-11.0205	1.73257	0
-9.97504	1.75087	-0.301501	-9.97504	1.75087	0
-8.98228	1.74304	-0.299871	-8.98228	1.74304	0
-7.91699	1.7551	-0.322058	-7.91699	1.7551	0
-6.88779	1.70031	-0.294046	-6.88779	1.70031	0
-5.90219	1.76267	-0.298712	-5.90219	1.76267	0
-4.83658	1.75712	-0.320313	-4.83658	1.75712	0
-3.79927	1.73983	-0.326638	-3.79927	1.73983	0
-2.79688	1.80246	-0.302646	-2.79688	1.80246	0
-1.7352	1.75035	-0.318464	-1.7352	1.75035	0
-0.705509	2.81302	-0.33082	-0.705509	2.81302	0
0.324468	2.72603	-0.316289	0.324468	2.72603	0
1.35076	2.72528	-0.346018	1.35076	2.72528	0
2.34147	2.72241	-0.321401	2.34147	2.72241	0
3.37998	2.65016	-0.284068	3.37998	2.65016	0
4.41712	2.64906	-0.31024	4.41712	2.64906	0
5.48514	2.71806	-0.346683	5.48514	2.71806	0
6.50146	2.71382	-0.32371	6.50146	2.71382	0
7.57623	2.82927	-0.321091	7.57623	2.82927	0
8.5752	2.78478	-0.290977	8.5752	2.78478	0
9.58495	2.78012	-0.29477	9.58495	2.78012	0
10.6734	2.78755	-0.295116	10.6734	2.78755	0
11.7289	2.78117	-0.307245	11.7289	2.78117	0
-10.9875	2.78435	-0.323939	-10.9875	2.78435	0
-9.93118	2.75742	-0.309438	-9.93118	2.75742	0
-8.9308	2.76275	-0.341813	-8.9308	2.76275	0
-7.90211	2.80662	-0.301178	-7.90211	2.80662	0
-6.87746	2.7447	-0.303898	-6.87746	2.7447	0
-5.89651	2.80742	-0.312367	-5.89651	2.80742	0
-4.85626	2.80228	-0.315895	-4.85626	2.80228	0
-3.81065	2.79447	-0.3122	-3.81065	2.79447	0
-2.75532	2.78496	-0.323346	-2.75532	2.78496	0
-1.7639	2.84926	-0.294235	-1.7639	2.84926	0
-0.768519	3.84329	-0.331849	-0.768519	3.84329	0
0.314011	3.78372	-0.29302	0.314011	3.78372	0
1.38384	3.78744	-0.336968	1.38384	3.78744	0
2.38798	3.79914	-0.326846	2.38798	3.79914	0
3.42576	3.72844	-0.301951	3.42576	3.72844	0
4.47564	3.66531	-0.335028	4.47564	3.66531	0
5.4741	3.75086	-0.325138	5.4741	3.75086	0
6.51389	3.78205	-0.324627	6.51389	3.78205	0
7.5942	3.81232	-0.327351	7.5942	3.81232	0
8.6326	3.85319	-0.329184	8.6326	3.85319	0
9.61655	3.79563	-0.326752	9.61655	3.79563	0
10.6188	3.76557	-0.324215	10.6188	3.76557	0
11.7033	3.80412	-0.336727	11.7033	3.80412	0
-11.0104	3.81491	-0.330239	-11.0104	3.81491	0
-9.95952	3.85917	-0.327542	-9.95952	3.85917	0
-8.94948	3.83371	-0.31393	-8.94948	3.83371	0
-7.96788	3.80261	-0.316667	-7.96788	3.80261	0
-6.88141	3.7632	-0.30087	-6.88141	3.7632	0
-5.88173	3.81724	-0.326225	-5.88173	3.81724	0
-4.86187	3.81005	-0.329754	-4.86187	3.81005	0
-3.80613	3.86564	-0.316151	-3.80613	3.86564	0
-2.75125	3.81857	-0.329702	-2.75125	3.81857	0
-1.7753	3.83444	-0.298246	-1.7753	3.83444	0
-0.726985	4.81955	-0.311516	-0.726985	4.81955	0
0.333613	4.79327	-0.318615	0.333613	4.79327	0
1.37268	4.85557	-0.296238	1.37268	4.85557	0
2.40702	4.82982	-0.338978	2.40702	4.82982	0
3.46879	4.7928	-0.299222	3.46879	4.7928	0
4.51304	4.80086	-0.309929	4.51304	4.80086	0
5.49272	4.79363	-0.293305	5.49272	4.79363	0
6.49808	4.79431	-0.30866	6.49808	4.79431	0
7.53801	4.83626	-0.296405	7.53801	4.83626	0
8.65049	4.92464	-0.312351	8.65049	4.92464	0
9.70038	4.79875	-0.32514	9.70038	4.79875	0
10.7178	4.8336	-0.321287	10.7178	4.8336	0
11.6436	4.87306	-0.295664	11.6436	4.87306	0
-11.1053	4.85324	-0.333423	-11.1053	4.85324	0
-10.0538	4.8525	-0.313613	-10.0538	4.8525	0
-9.00922	4.82335	-0.274919	-9.00922	4.82335	0
-7.95841	4.79217	-0.332104	-7.95841	4.79217	0
-6.87413	4.80202	-0.308168	-6.87413	4.80202	0
-5.86686	4.83597	-0.324355	-5.86686	4.83597	0
-4.81814	4.85957	-0.311294	-4.81814	4.85957	0
-3.84603	4.88165	-0.302247	-3.84603	4.88165	0
-2.79023	4.86026	-0.327747	-2.79023	4.86026	0
-1.78043	4.86842	-0.337593	-1.78043	4.86842	0
-0.727825	5.89552	-0.298337	-0.727825	5.89552	0
0.322435	5.84145	-0.346629	0.322435	5.84145	0
1.34372	5.81799	-0.314819	1.34372	5.81799	0
2.42528	5.85973	-0.346652	2.42528	5.85973	0
3.3954	5.91708	-0.323928	3.3954	5.91708	0
4.51293	5.86863	-0.303647	4.51293	5.86863	0
5.56878	5.85704	-0.328172	5.56878	5.85704	0
6.54872	5.83044	-0.322611	6.54872	5.83044	0
7.57588	5.87997	-0.318905	7.57588	5.87997	0
8.67065	5.941	-0.328937	8.67065	5.941	0
9.67994	5.90535	-0.330303	9.67994	5.90535	0
10.7032	5.89027	-0.314187	10.7032	5.89027	0
11.7257	5.92291	-0.306934	11.7257	5.92291	0
-11.0248	5.865	-0.330143	-11.0248	5.865	0
-10.0403	5.88606	-0.323132	-10.0403	5.88606	0
-8.96332	5.92036	-0.29696	-8.96332	5.92036	0
-7.93082	5.87202	-0.320137	-7.93082	5.87202	0
-6.90564	5.89555	-0.320511	-6.90564	5.89555	0
-5.82158	5.86799	-0.328205	-5.82158	5.86799	0
-4.83716	5.86473	-0.321375	-4.83716	5.86473	0
-3.80642	5.89271	-0.301766	-3.80642	5.89271	0
-2.79217	5.93497	-0.305401	-2.79217	5.93497	0
-1.78336	5.89607	-0.333302	-1.78336	5.89607	0
-0.633495	6.89321	-0.293715	-0.633495	6.89321	0
0.351949	6.85515	-0.318005	0.351949	6.85515	0
1.3891	6.84358	-0.291665	1.3891	6.84358	0
2.4705	6.87598	-0.323584	2.4705	6.87598	0
3.43489	6.88704	-0.32306	3.43489	6.88704	0
4.46228	6.91187	-0.282068	4.46228	6.91187	0
5.46203	6.83705	-0.32973	5.46203	6.83705	0
6.57171	6.86574	-0.324591	6.57171	6.86574	0
7.59131	6.87829	-0.328264	7.59131	6.87829	0
8.6461	6.96094	-0.325865	8.6461	6.96094	0
9.63601	6.92582	-0.297422	9.63601	6.92582	0
10.6465	6.90729	-0.302738	10.6465	6.90729	0
11.6812	6.95008	-0.330116	11.6812	6.95008	0
-11.0958	6.94018	-0.339368	-11.0958	6.94018	0
-10.0488	6.8454	-0.312441	-10.0488	6.8454	0
-8.95697	6.9395	-0.306165	-8.95697	6.9395	0
-7.92966	6.87255	-0.308181	-7.92966	6.87255	0
-6.85981	6.88591	-0.322578	-6.85981	6.88591	0
-5.84316	6.92457	-0.323657	-5.84316	6.92457	0
-4.84961	6.97334	-0.31607	-4.84961	6.97334	0
-3.83312	6.96726	-0.306239	-3.83312	6.96726	0
-2.74876	6.97653	-0.308422	-2.74876	6.97653	0
-1.70442	6.90753	-0.302179	-1.70442	6.90753	0
-0.698342	7.91372	-0.33702	-0.698342	7.91372	0
0.393431	7.91493	-0.335616	0.393431	7.91493	0
1.38868	7.86731	-0.318912	1.38868	7.86731	0
2.37968	7.97343	-0.321092	2.37968	7.97343	0
3.44353	7.95442	-0.321377	3.44353	7.95442	0
4.46199	7.91204	-0.317625	4.46199	7.91204	0
5.4561	7.93748	-0.301928	5.4561	7.93748	0
6.50906	7.94629	-0.324203	6.50906	7.94629	0
7.5003	7.97359	-0.322357	7.5003	7.97359	0
8.50522	7.98897	-0.320772	8.50522	7.98897	0
9.5895	7.99818	-0.326617	9.5895	7.99818	0
10.5972	7.90832	-0.336275	10.5972	7.90832	0
11.663	7.96839	-0.307064	11.663	7.96839	0
-11.1511	8.01131	-0.295279	-11.1511	8.01131	0
-10.1018	8.00878	-0.319307	-10.1018	8.00878	0
-9.00406	7.97467	-0.317291	-9.00406	7.97467	0
-7.93192	7.8649	-0.288627	-7.93192	7.8649	0
-6.91573	7.88723	-0.336862	-6.91573	7.88723	0
-5.86784	7.97285	-0.318134	-5.86784	7.97285	0
-4.84751	8.03919	-0.318015	-4.84751	8.03919	0
-3.82999	7.98724	-0.33007	-3.82999	7.98724	0
-2.79286	7.93293	-0.336408	-2.79286	7.93293	0
-1.72057	7.96225	-0.336299	-1.72057	7.96225	0
-0.682942	8.89506	-0.315161	-0.682942	8.89506	0
0.324352	8.95845	-0.328237	0.324352	8.95845	0
1.41002	8.94421	-0.324881	1.41002	8.94421	0
2.40944	8.97503	-0.305129	2.40944	8.97503	0
3.42478	9.00277	-0.291601	3.42478	9.00277	0
4.43935	8.95	-0.315244	4.43935	8.95	0
5.52244	8.91474	-0.303362	5.52244	8.91474	0
6.49991	8.97548	-0.329163	6.49991	8.97548	0
7.53377	9.05611	-0.339186	7.53377	9.05611	0
8.5182	9.03749	-0.319448	8.5182	9.03749	0
9.54735	9.0075	-0.328293	9.54735	9.0075	0
10.6424	9.02063	-0.309294	10.6424	9.02063	0
11.6457	8.97701	-0.284008	11.6457	8.97701	0
-11.0689	9.00185	-0.327837	-11.0689	9.00185	0
-10.033	9.00444	-0.323692	-10.033	9.00444	0
-8.96695	8.99833	-0.327871	-8.96695	8.99833	0
-7.99864	8.91599	-0.308148	-7.99864	8.91599	0
-6.90658	8.97429	-0.326568	-6.90658	8.97429	0
-5.87743	8.99434	-0.358259	-5.87743	8.99434	0
-4.82551	9.01472	-0.321337	-4.82551	9.01472	0
-3.78799	9.02818	-0.310218	-3.78799	9.02818	0
-2.77955	8.96122	-0.332815	-2.77955	8.96122	0
-1.78932	8.94304	-0.307117	-1.78932	8.94304	0
-0.73537	9.93575	-0.31407	-0.73537	9.93575	0
0.334004	9.95328	-0.31808	0.334004	9.95328	0
1.41991	10.0225	-0.33161	1.41991	10.0225	0
2.38947	9.9779	-0.32995	2.38947	9.9779	0
3.43363	9.9959	-0.321142	3.43363	9.9959	0
4.48435	10.0085	-0.323407	4.48435	10.0085	0
5.52396	10.0058	-0.312189	5.52396	10.0058	0
6.52429	10.0518	-0.302953	6.52429	10.0518	0
7.52325	10.0842	-0.350637	7.52325	10.0842	0
8.52591	10.0119	-0.320905	8.52591	10.0119	0
9.57597	9.9949	-0.327915	9.57597	9.9949	0
10.6196	10.0979	-0.313576	10.6196	10.0979	0
11.7316	10.0218	-0.286477	11.7316	10.0218	0
-11.0274	10.052	-0.347296	-11.0274	10.052	0
-10.0023	10.0493	-0.326828	-10.0023	10.0493	0
-8.97706	10.002	-0.310869	-8.97706	10.002	0
-7.95376	10.0447	-0.330194	-7.95376	10.0447	0
-6.94725	10.0075	-0.30006	-6.94725	10.0075	0
-5.87304	9.9702	-0.354197	-5.87304	9.9702	0
-4.86025	10.022	-0.32762	-4.86025	10.022	0
-3.85278	10.0429	-0.31801	-3.85278	10.0429	0
-2.77734	10.0263	-0.303695	-2.77734	10.0263	0
-1.74924	9.97332	-0.320665	-1.74924	9.97332	0
-0.712383	11.0056	-0.317253	-0.712383	11.0056	0
0.284348	10.9884	-0.326829	0.284348	10.9884	0
1.30245	11.016	-0.303714	1.30245	11.016	0
2.42034	11.0328	-0.319914	2.42034	11.0328	0
3.45652	11.0188	-0.274996	3.45652	11.0188	0
4.50683	11.1161	-0.317464	4.50683	11.1161	0
5.53721	11.0595	-0.317476	5.53721	11.0595	0
6.56004	11.028	-0.314571	6.56004	11.028	0
7.54918	11.1319	-0.317813	7.54918	11.1319	0
8.64803	11.0261	-0.3361	8.64803	11.0261	0
9.67992	11.0271	-0.315725	9.67992	11.0271	0
10.6962	11.0663	-0.317231	10.6962	11.0663	0
11.7263	11.0361	-0.298914	11.7263	11.0361	0
-10.9679	11.0771	-0.326271	-10.9679	11.0771	0
-9.96729	11.0382	-0.299662	-9.96729	11.0382	0
-8.99028	11.0425	-0.311749	-8.99028	11.0425	0
-7.90371	11.1486	-0.344899	-7.90371	11.1486	0
-6.92032	11.0592	-0.306659	-6.92032	11.0592	0
-5.95463	11.0348	-0.31718	-5.95463	11.0348	0
-4.8298	11.059	-0.314069	-4.8298	11.059	0
-3.81654	11.1183	-0.331988	-3.81654	11.1183	0
-2.77627	11.0366	-0.318797	-2.77627	11.0366	0
-1.68178	10.9985	-0.318264	-1.68178	10.9985	0
-0.685501	-11.7069	-0.299659	-0.685501	-11.7069	0
0.341386	-11.743	-0.319389	0.341386	-11.743	0
1.36599	-11.6658	-0.311039	1.36599	-11.6658	0
2.38787	-11.7358	-0.32181	2.38787	-11.7358	0
3.4318	-11.6992	-0.295833	3.4318	-11.6992	0
4.46532	-11.6796	-0.329215	4.46532	-11.6796	0
5.5078	-11.649	-0.304864	5.5078	-11.649	0
6.555	-11.6901	-0.317063	6.555	-11.6901	0
7.57802	-11.6699	-0.350443	7.57802	-11.6699	0
8.66979	-11.7675	-0.328954	8.66979	-11.7675	0
9.62888	-11.6951	-0.308609	9.62888	-11.6951	0
10.713	-11.6622	-0.343651	10.713	-11.6622	0
11.7289	-11.6597	-0.328055	11.7289	-11.6597	0
-10.9748	-11.6466	-0.309629	-10.9748	-11.6466	0
-10.0145	-11.7152	-0.309844	-10.0145	-11.7152	0
-8.90325	-11.6528	-0.306882	-8.90325	-11.6528	0
-7.90392	-11.6682	-0.305381	-7.90392	-11.6682	0
-6.88324	-11.6453	-0.316471	-6.88324	-11.6453	0
-5.88576	-11.6322	-0.301883	-5.88576	-11.6322	0
-4.85405	-11.6948	-0.322907	-4.85405	-11.6948	0
-3.78818	-11.7048	-0.307901	-3.78818	-11.7048	0
-2.72512	-11.6941	-0.33992	-2.72512	-11.6941	0
-1.71076	-11.7465	-0.316678	-1.71076	-11.7465	0
-0.733518	-10.6987	-0.309337	-0.733518	-10.6987	0
0.360328	-10.6737	-0.339572	0.360328	-10.6737	0
1.38231	-10.6691	-0.327127	1.38231	-10.6691	0
2.40034	-10.6642	-0.335269	2.40034	-10.6642	0
3.43249	-10.6676	-0.326605	3.43249	-10.6676	0
4.47031	-10.6727	-0.291351	4.47031	-10.6727	0
5.54892	-10.6169	-0.313994	5.54892	-10.6169	0
6.58235	-10.6182	-0.355273	6.58235	-10.6182	0
7.60073	-10.6066	-0.284423	7.60073	-10.6066	0
8.57573	-10.6529	-0.334637	8.57573	-10.6529	0
9.63704	-10.6786	-0.343775	9.63704	-10.6786	0
10.7072	-10.7159	-0.326635	10.7072	-10.7159	0
11.7621	-10.6316	-0.319861	11.7621	-10.6316	0
-11.0242	-10.662	-0.276796	-11.0242	-10.662	0
-9.95268	-10.671	-0.284751	-9.95268	-10.671	0
-8.93675	-10.6783	-0.302962	-8.93675	-10.6783	0
-7.92064	-10.6674	-0.325603	-7.92064	-10.6674	0
-6.88981	-10.6422	-0.316583	-6.88981	-10.6422	0
-5.85534	-10.6092	-0.307851	-5.85534	-10.6092	0
-4.80058	-10.6302	-0.338383	-4.80058	-10.6302	0
-3.74833	-10.6658	-0.310512	-3.74833	-10.6658	0
-2.79394	-10.6736	-0.292581	-2.79394	-10.6736	0
-1.72875	-10.7547	-0.308741	-1.72875	-10.7547	0
-0.644144	-9.63406	-0.334296	-0.644144	-9.63406	0
0.385887	-9.62518	-0.335904	0.385887	-9.62518	0
1.49179	-9.66714	-0.320796	1.49179	-9.66714	0
2.46615	-9.6807	-0.293583	2.46615	-9.6807	0
3.45976	-9.5953	-0.311657	3.45976	-9.5953	0
4.50782	-9.62992	-0.338141	4.50782	-9.62992	0
5.56152	-9.63313	-0.333388	5.56152	-9.63313	0
6.60619	-9.5967	-0.319398	6.60619	-9.5967	0
7.57414	-9.60969	-0.324594	7.57414	-9.60969	0
8.7094	-9.63095	-0.313769	8.7094	-9.63095	0
9.69072	-9.66448	-0.292603	9.69072	-9.66448	0
10.7199	-9.64409	-0.33179	10.7199	-9.64409	0
11.7839	-9.60465	-0.314815	11.7839	-9.60465	0
-10.9706	-9.6668	-0.333395	-10.9706	-9.6668	0
-9.96932	-9.60477	-0.326796	-9.96932	-9.60477	0
-8.96974	-9.61392	-0.321543	-8.96974	-9.61392	0
-7.88363	-9.62659	-0.331657	-7.88363	-9.62659	0
-6.87237	-9.61175	-0.303463	-6.87237	-9.61175	0
-5.79795	-9.62036	-0.30752	-5.79795	-9.62036	0
-4.77756	-9.66407	-0.346134	-4.77756	-9.66407	0
-3.77603	-9.66347	-0.321738	-3.77603	-9.66347	0
-2.75211	-9.59629	-0.305014	-2.75211	-9.59629	0
-1.70007	-9.62591	-0.293607	-1.70007	-9.62591	0
-0.67162	-8.60335	-0.278658	-0.67162	-8.60335	0
0.356522	-8.56988	-0.303934	0.356522	-8.56988	0
1.43511	-8.6031	-0.316818	1.43511	-8.6031	0
2.46317	-8.5978	-0.315596	2.46317	-8.5978	0
3.47288	-8.61366	-0.325949	3.47288	-8.61366	0
4.49303	-8.61022	-0.316887	4.49303	-8.61022	0
5.46971	-8.6128	-0.329481	5.46971	-8.6128	0
6.55434	-8.52658	-0.321647	6.55434	-8.52658	0
7.56977	-8.52226	-0.329851	7.56977	-8.52226	0
8.63367	-8.61833	-0.333703	8.63367	-8.61833	0
9.69103	-8.58185	-0.308337	9.69103	-8.58185	0
10.7284	-8.58945	-0.332131	10.7284	-8.58945	0
11.774	-8.60394	-0.308142	11.774	-8.60394	0
-11.0004	-8.57197	-0.338836	-11.0004	-8.57197	0
-9.9705	-8.57406	-0.320233	-9.9705	-8.57406	0
-8.89935	-8.61816	-0.323763	-8.89935	-8.61816	0
-7.83212	-8.6119	-0.320815	-7.83212	-8.6119	0
-6.83008	-8.56313	-0.317779	-6.83008	-8.56313	0
-5.81194	-8.58735	-0.325325	-5.81194	-8.58735	0
-4.82214	-8.61023	-0.344718	-4.82214	-8.61023	0
-3.75868	-8.55172	-0.335747	-3.75868	-8.55172	0
-2.72019	-8.54688	-0.313222	-2.72019	-8.54688	0
-1.6758	-8.60235	-0.297072	-1.6758	-8.60235	0
-0.636436	-7.54468	-0.326711	-0.636436	-7.54468	0
0.385071	-7.52749	-0.315532	0.385071	-7.52749	0
1.39056	-7.59	-0.333817	1.39056	-7.59	0
2.40783	-7.60903	-0.329746	2.40783	-7.60903	0
3.45856	-7.54275	-0.325531	3.45856	-7.54275	0
4.51002	-7.53577	-0.332629	4.51002	-7.53577	0
5.5747	-7.53859	-0.321942	5.5747	-7.53859	0
6.59215	-7.48618	-0.31902	6.59215	-7.48618	0
7.58291	-7.50453	-0.311373	7.58291	-7.50453	0
8.60161	-7.56153	-0.292819	8.60161	-7.56153	0
9.68611	-7.55239	-0.312906	9.68611	-7.55239	0
10.775	-7.54842	-0.318343	10.775	-7.54842	0
11.7542	-7.61357	-0.332077	11.7542	-7.61357	0
-10.9957	-7.57699	-0.335778	-10.9957	-7.57699	0
-9.90095	-7.51135	-0.325493	-9.90095	-7.51135	0
-8.86286	-7.54031	-0.293844	-8.86286	-7.54031	0
-7.90436	-7.56529	-0.315964	-7.90436	-7.56529	0
-6.84505	-7.5125	-0.299284	-6.84505	-7.5125	0
-5.81424	-7.59657	-0.300495	-5.81424	-7.59657	0
-4.81245	-7.52604	-0.299262	-4.81245	-7.52604	0
-3.80166	-7.53181	-0.311081	-3.80166	-7.53181	0
-2.7239	-7.52569	-0.340523	-2.7239	-7.52569	0
-1.70435	-7.54723	-0.341625	-1.70435	-7.54723	0
-0.71656	-6.46584	-0.327384	-0.71656	-6.46584	0
0.376279	-6.53503	-0.309122	0.376279	-6.53503	0
1.36776	-6.55841	-0.321964	1.36776	-6.55841	0
2.40256	-6.58114	-0.322138	2.40256	-6.58114	0
3.428	-6.51181	-0.30159	3.428	-6.51181	0
4.46782	-6.52536	-0.312202	4.46782	-6.52536	0
5.46666	-6.51872	-0.31268	5.46666	-6.51872	0
6.56487	-6.4922	-0.315111	6.56487	-6.4922	0
7.58691	-6.47807	-0.334516	7.58691	-6.47807	0
8.62819	-6.53307	-0.321185	8.62819	-6.53307	0
9.674	-6.5069	-0.334829	9.674	-6.5069	0
10.8276	-6.58951	-0.332996	10.8276	-6.58951	0
11.7902	-6.5326	-0.320064	11.7902	-6.5326	0
-10.9659	-6.5284	-0.318818	-10.9659	-6.5284	0
-9.94378	-6.52608	-0.325082	-9.94378	-6.52608	0
-8.9184	-6.52473	-0.319741	-8.9184	-6.52473	0
-7.89458	-6.48573	-0.31699	-7.89458	-6.48573	0
-6.85595	-6.4954	-0.313518	-6.85595	-6.4954	0
-5.82858	-6.52507	-0.314812	-5.82858	-6.52507	0
-4.80595	-6.50954	-0.313231	-4.80595	-6.50954	0
-3.67588	-6.53963	-0.313131	-3.67588	-6.53963	0
-2.69543	-6.52367	-0.317195	-2.69543	-6.52367	0
-1.69316	-6.5199	-0.333559	-1.69316	-6.5199	0
-0.628634	-5.49115	-0.332307	-0.628634	-5.49115	0
0.340452	-5.48167	-0.316964	0.340452	-5.48167	0
1.32896	-5.57332	-0.347538	1.32896	-5.57332	0
2.41208	-5.50495	-0.304932	2.41208	-5.50495	0
3.44452	-5.42183	-0.319629	3.44452	-5.42183	0
4.48079	-5.4744	-0.330247	4.48079	-5.4744	0
5.49534	-5.48225	-0.305382	5.49534	-5.48225	0
6.58368	-5.48585	-0.298398	6.58368	-5.48585	0
7.6475	-5.45108	-0.30138	7.6475	-5.45108	0
8.65389	-5.52509	-0.307343	8.65389	-5.52509	0
9.68309	-5.54628	-0.335637	9.68309	-5.54628	0
10.7841	-5.5602	-0.320962	10.7841	-5.5602	0
11.8257	-5.48585	-0.32601	11.8257	-5.48585	0
-10.9194	-5.49122	-0.357257	-10.9194	-5.49122	0
-9.88583	-5.4538	-0.323237	-9.88583	-5.4538	0
-8.93976	-5.52684	-0.343187	-8.93976	-5.52684	0
-7.90514	-5.43837	-0.3134	-7.90514	-5.43837	0
-6.80795	-5.42423	-0.294869	-6.80795	-5.42423	0
-5.82234	-5.53041	-0.31001	-5.82234	-5.53041	0
-4.80919	-5.47315	-0.34894	-4.80919	-5.47315	0
-3.75838	-5.49989	-0.333583	-3.75838	-5.49989	0
-2.75577	-5.45722	-0.315961	-2.75577	-5.45722	0
-1.64072	-5.46871	-0.339257	-1.64072	-5.46871	0
-0.62959	-4.46906	-0.315546	-0.62959	-4.46906	0
0.381131	-4.46804	-0.307793	0.381131	-4.46804	0
1.41196	-4.44466	-0.30653	1.41196	-4.44466	0
2.42968	-4.43028	-0.315253	2.42968	-4.43028	0
3.48962	-4.39759	-0.308725	3.48962	-4.39759	0
4.47174	-4.49751	-0.297838	4.47174	-4.49751	0
5.52516	-4.46322	-0.297132	5.52516	-4.46322	0
6.60442	-4.44538	-0.320494	6.60442	-4.44538	0
7.65087	-4.46312	-0.34947	7.65087	-4.46312	0
8.71098	-4.44865	-0.339771	8.71098	-4.44865	0
9.71116	-4.48378	-0.31244	9.71116	-4.48378	0
10.763	-4.48293	-0.323778	10.763	-4.48293	0
11.7745	-4.48017	-0.345376	11.7745	-4.48017	0
-10.9423	-4.4603	-0.322688	-10.9423	-4.4603	0
-9.9232	-4.46772	-0.324639	-9.9232	-4.46772	0
-8.88286	-4.43343	-0.295474	-8.88286	-4.43343	0
-7.89116	-4.42372	-0.308241	-7.89116	-4.42372	0
-6.84882	-4.43166	-0.310126	-6.84882	-4.43166	0
-5.83121	-4.47058	-0.311262	-5.83121	-4.47058	0
-4.75101	-4.50573	-0.321881	-4.75101	-4.50573	0
-3.79071	-4.47643	-0.312042	-3.79071	-4.47643	0
-2.70715	-4.4494	-0.313379	-2.70715	-4.4494	0
-1.6833	-4.47442	-0.322793	-1.6833	-4.47442	0
-0.662956	-3.38149	-0.302516	-0.662956	-3.38149	0
0.384804	-3.39756	-0.306541	0.384804	-3.39756	0
1.3816	-3.42226	-0.321535	1.3816	-3.42226	0
2.43458	-3.39994	-0.313965	2.43458	-3.39994	0
3.50801	-3.41023	-0.334103	3.50801	-3.41023	0
4.56755	-3.4377	-0.354802	4.56755	-3.4377	0
5.57996	-3.47465	-0.311695	5.57996	-3.47465	0
6.59628	-3.47964	-0.314165	6.59628	-3.47964	0
7.62501	-3.4328	-0.294759	7.62501	-3.4328	0
8.68265	-3.46736	-0.358022	8.68265	-3.46736	0
9.79241	-3.42853	-0.325301	9.79241	-3.42853	0
10.774	-3.51772	-0.332168	10.774	-3.51772	0
11.8423	-3.43315	-0.316021	11.8423	-3.43315	0
-10.9575	-3.44953	-0.287248	-10.9575	-3.44953	0
-10.0125	-3.38902	-0.302139	-10.0125	-3.38902	0
-8.90839	-3.35419	-0.335604	-8.90839	-3.35419	0
-7.88568	-3.44587	-0.275318	-7.88568	-3.44587	0
-6.83297	-3.45971	-0.342157	-6.83297	-3.45971	0
-5.81354	-3.39248	-0.320309	-5.81354	-3.39248	0
-4.7538	-3.46995	-0.329047	-4.7538	-3.46995	0
-3.7337	-3.43003	-0.303996	-3.7337	-3.43003	0
-2.69265	-3.40478	-0.329755	-2.69265	-3.40478	0
-1.69925	-3.3702	-0.338194	-1.69925	-3.3702	0
-0.690201	-2.36688	-0.305741	-0.690201	-2.36688	0
0.42364	-2.4026	-0.314898	0.42364	-2.4026	0
1.44265	-2.40967	-0.301794	1.44265	-2.40967	0
2.48361	-2.37774	-0.302385	2.48361	-2.37774	0
3.48682	-2.36117	-0.34348	3.48682	-2.36117	0
4.57374	-2.39394	-0.331834	4.57374	-2.39394	0
5.62315	-2.41247	-0.29774	5.62315	-2.41247	0
6.58208	-2.42366	-0.330019	6.58208	-2.42366	0
7.58303	-2.36329	-0.319545	7.58303	-2.36329	0
8.67707	-2.38691	-0.341075	8.67707	-2.38691	0
9.66709	-2.44655	-0.32439	9.66709	-2.44655	0
10.7208	-2.38732	-0.363759	10.7208	-2.38732	0
11.7741	-2.38244	-0.30531	11.7741	-2.38244	0
-11.0235	-2.3387	-0.342914	-11.0235	-2.3387	0
-9.96218	-2.32313	-0.32176	-9.96218	-2.32313	0
-8.90111	-2.36176	-0.314348	-8.90111	-2.36176	0
-7.84785	-2.37603	-0.330959	-7.84785	-2.37603	0
-6.84869	-2.34948	-0.299914	-6.84869	-2.34948	0
-5.84897	-2.4245	-0.30316	-5.84897	-2.4245	0
-4.81793	-2.43414	-0.300089	-4.81793	-2.43414	0
-3.781	-2.39011	-0.296287	-3.781	-2.39011	0
-2.73017	-2.37037	-0.325758	-2.73017	-2.37037	0
-1.71474	-2.32043	-0.344231	-1.71474	-2.32043	0
-0.75243	-1.3385	-0.327855	-0.75243	-1.3385	0
0.330359	-1.35069	-0.333448	0.330359	-1.35069	0
1.3894	-1.36296	-0.330884	1.3894	-1.36296	0
2.44963	-1.39972	-0.312336	2.44963	-1.39972	0
3.45577	-1.33002	-0.322749	3.45577	-1.33002	0
4.5372	-1.43656	-0.317919	4.5372	-1.43656	0
5.60489	-1.36666	-0.287416	5.60489	-1.36666	0
6.63729	-1.43055	-0.328013	6.63729	-1.43055	0
7.64401	-1.36274	-0.282692	7.64401	-1.36274	0
8.68164	-1.38484	-0.3287	8.68164	-1.38484	0
9.66103	-1.34019	-0.293273	9.66103	-1.34019	0
10.7109	-1.33634	-0.316549	10.7109	-1.33634	0
11.6824	-1.36638	-0.306731	11.6824	-1.36638	0
-11.0142	-1.33528	-0.321929	-11.0142	-1.33528	0
-10.0255	-1.24294	-0.329942	-10.0255	-1.24294	0
-9.00772	-1.35526	-0.341609	-9.00772	-1.35526	0
-7.90658	-1.35526	-0.327961	-7.90658	-1.35526	0
-6.88355	-1.31886	-0.356232	-6.88355	-1.31886	0
-5.82042	-1.41847	-0.320529	-5.82042	-1.41847	0
-4.84904	-1.35916	-0.307072	-4.84904	-1.35916	0
-3.76653	-1.38587	-0.30789	-3.76653	-1.38587	0
-2.67783	-1.2591	-0.290491	-2.67783	-1.2591	0
-1.70757	-1.25019	-0.33319	-1.70757	-1.25019	0
-0.186073	0.228417	0.330671	-0.186073	0.228417	0
0.888678	0.125569	0.319576	0.888678	0.125569	0
1.91118	0.165415	0.329082	1.91118	0.165415	0
2.91677	0.111539	0.319797	2.91677	0.111539	0
4.05045	0.13928	0.316267	4.05045	0.13928	0
5.07162	0.155035	0.317006	5.07162	0.155035	0
6.06632	0.188373	0.340468	6.06632	0.188373	0
7.08442	0.191823	0.339896	7.08442	0.191823	0
8.11826	0.14651	0.292815	8.11826	0.14651	0
9.16309	0.196153	0.331189	9.16309	0.196153	0
10.1614	0.171622	0.283942	10.1614	0.171622	0
11.1499	0.169887	0.335745	11.1499	0.169887	0
-11.5244	0.199623	0.333458	-11.5244	0.199623	0
-10.5071	0.259252	0.29689	-10.5071	0.259252	0
-9.4309	0.212143	0.336171	-9.4309	0.212143	0
-8.41569	0.24383	0.330978	-8.41569	0.24383	0
-7.41713	0.112283	0.335877	-7.41713	0.112283	0
-6.28846	0.14109	0.309383	-6.28846	0.14109	0
-5.2937	0.18798	0.341703	-5.2937	0.18798	0
-4.26885	0.175318	0.323438	-4.26885	0.175318	0
-3.29623	0.155403	0.318202	-3.29623	0.155403	0
-2.22847	0.194976	0.322087	-2.22847	0.194976	0
-1.19481	0.270109	0.312278	-1.19481	0.270109	0
-0.122409	1.19197	0.289683	-0.122409	1.19197	0
0.90654	1.18328	0.326505	0.90654	1.18328	0
1.90916	1.19166	0.296151	1.90916	1.19166	0
2.91643	1.14869	0.330879	2.91643	1.14869	0
4.00418	1.17583	0.307721	4.00418	1.17583	0
5.01882	1.18193	0.311192	5.01882	1.18193	0
6.04086	1.19356	0.308923	6.04086	1.19356	0
7.06489	1.2345	0.317091	7.06489	1.2345	0
8.11343	1.20619	0.312763	8.11343	1.20619	0
9.0905	1.23457	0.282722	9.0905	1.23457	0
10.1193	1.26932	0.336686	10.1193	1.26932	0
11.2109	1.2501	0.337718	11.2109	1.2501	0
-11.5483	1.23154	0.331381	-11.5483	1.23154	0
-10.4775	1.22784	0.29326	-10.4775	1.22784	0
-9.49364	1.25962	0.31593	-9.49364	1.25962	0
-8.43955	1.24218	0.281492	-8.43955	1.24218	0
-7.39946	1.19397	0.320958	-7.39946	1.19397	0
-6.37588	1.18575	0.314323	-6.37588	1.18575	0
-5.38162	1.23558	0.310935	-5.38162	1.23558	0
-4.29992	1.23322	0.312378	-4.29992	1.23322	0
-3.2571	1.22092	0.32814	-3.2571	1.22092	0
-2.25463	1.27295	0.32394	-2.25463	1.27295	0
-1.15977	1.25891	0.325552	-1.15977	1.25891	0
-0.20904	2.22164	0.3275	-0.20904	2.22164	0
0.855717	2.25088	0.314024	0.855717	2.25088	0
1.88556	2.27689	0.342867	1.88556	2.27689	0
2.86526	2.19361	0.316525	2.86526	2.19361	0
3.90363	2.15279	0.342097	3.90363	2.15279	0
4.98495	2.20823	0.293489	4.98495	2.20823	0
6.00918	2.16921	0.310216	6.00918	2.16921	0
7.03398	2.3291	0.338576	7.03398	2.3291	0
8.08609	2.27918	0.315654	8.08609	2.27918	0
9.11638	2.27728	0.341241	9.11638	2.27728	0
10.1257	2.27036	0.292752	10.1257	2.27036	0
11.179	2.26015	0.356394	11.179	2.26015	0
-11.5507	2.26148	0.301166	-11.5507	2.26148	0
-10.5369	2.26577	0.293887	-10.5369	2.26577	0
-9.46301	2.31316	0.331243	-9.46301	2.31316	0
-8.43794	2.30462	0.303184	-8.43794	2.30462	0
-7.39303	2.21766	0.32361	-7.39303	2.21766	0
-6.3653	2.22537	0.332744	-6.3653	2.22537	0
-5.3436	2.27168	0.313578	-5.3436	2.27168	0
-4.36957	2.28052	0.304248	-4.36957	2.28052	0
-3.31394	2.29176	0.333737	-3.31394	2.29176	0
-2.22432	2.29968	0.301185	-2.22432	2.29968	0
-1.18476	2.31263	0.308742	-1.18476	2.31263	0
-0.244897	3.3006	0.309445	-0.244897	3.3006	0
0.865109	3.22769	0.290655	0.865109	3.22769	0
1.85162	3.2885	0.276555	1.85162	3.2885	0
2.85337	3.22094	0.296507	2.85337	3.22094	0
3.91533	3.22738	0.307531	3.91533	3.22738	0
4.91112	3.20459	0.330419	4.91112	3.20459	0
5.99139	3.23096	0.301318	5.99139	3.23096	0
7.0273	3.35187	0.319298	7.0273	3.35187	0
8.0982	3.31196	0.30993	8.0982	3.31196	0
9.07747	3.28815	0.299688	9.07747	3.28815	0
10.1256	3.29181	0.341792	10.1256	3.29181	0
11.2481	3.27083	0.302229	11.2481	3.27083	0
-11.516	3.30119	0.293954	-11.516	3.30119	0
-10.4676	3.26051	0.307985	-10.4676	3.26051	0
-9.41946	3.27614	0.329069	-9.41946	3.27614	0
-8.41943	3.28721	0.319269	-8.41943	3.28721	0
-7.40082	3.27132	0.338276	-7.40082	3.27132	0
-6.41065	3.3092	0.337941	-6.41065	3.3092	0
-5.40814	3.27971	0.318466	-5.40814	3.27971	0
-4.31293	3.31158	0.324135	-4.31293	3.31158	0
-3.33112	3.31335	0.324012	-3.33112	3.31335	0
-2.30223	3.33169	0.345598	-2.30223	3.33169	0
-1.23181	3.33693	0.323195	-1.23181	3.33693	0
-0.193864	4.3075	0.318941	-0.193864	4.3075	0
0.892225	4.26133	0.319725	0.892225	4.26133	0
1.90593	4.31658	0.304354	1.90593	4.31658	0
2.88769	4.29332	0.313816	2.88769	4.29332	0
3.97484	4.25506	0.302405	3.97484	4.25506	0
4.9873	4.25811	0.330971	4.9873	4.25811	0
6.01688	4.27228	0.333118	6.01688	4.27228	0
7.07613	4.3273	0.321084	7.07613	4.3273	0
8.11916	4.32846	0.302969	8.11916	4.32846	0
9.11402	4.348	0.30018	9.11402	4.348	0
10.1654	4.30754	0.307183	10.1654	4.30754	0
11.1654	4.26695	0.330261	11.1654	4.26695	0
-11.6103	4.32422	0.314479	-11.6103	4.32422	0
-10.5376	4.34079	0.337156	-10.5376	4.34079	0
-9.49859	4.33034	0.305217	-9.49859	4.33034	0
-8.42012	4.33283	0.316191	-8.42012	4.33283	0
-7.39755	4.29238	0.297365	-7.39755	4.29238	0
-6.38982	4.34678	0.345536	-6.38982	4.34678	0
-5.36441	4.31057	0.319857	-5.36441	4.31057	0
-4.31917	4.33125	0.309739	-4.31917	4.33125	0
-3.28923	4.29341	0.285489	-3.28923	4.29341	0
-2.266	4.39863	0.320273	-2.266	4.39863	0
-1.26056	4.33356	0.304769	-1.26056	4.33356	0
-0.180977	5.28234	0.304368	-0.180977	5.28234	0
0.852823	5.32984	0.321389	0.852823	5.32984	0
1.9096	5.3608	0.311629	1.9096	5.3608	0
2.93034	5.3428	0.299343	2.93034	5.3428	0
3.96215	5.31146	0.315939	3.96215	5.31146	0
5.04344	5.29874	0.301852	5.04344	5.29874	0
5.99442	5.36565	0.313017	5.99442	5.36565	0
7.03874	5.37538	0.321208	7.03874	5.37538	0
8.13048	5.36021	0.295197	8.13048	5.36021	0
9.17523	5.38057	0.29634	9.17523	5.38057	0
10.2238	5.36583	0.295214	10.2238	5.36583	0
11.2032	5.40932	0.31468	11.2032	5.40932	0
-11.5555	5.37756	0.324428	-11.5555	5.37756	0
-10.5362	5.34613	0.313357	-10.5362	5.34613	0
-9.49551	5.36773	0.307377	-9.49551	5.36773	0
-8.48732	5.36425	0.307989	-8.48732	5.36425	0
-7.42224	5.38646	0.304475	-7.42224	5.38646	0
-6.38772	5.39848	0.336831	-6.38772	5.39848	0
-5.38453	5.34907	0.326058	-5.38453	5.34907	0
-4.36085	5.39979	0.335995	-4.36085	5.39979	0
-3.31459	5.31841	0.307131	-3.31459	5.31841	0
-2.28422	5.42319	0.315767	-2.28422	5.42319	0
-1.26926	5.35735	0.302669	-1.26926	5.35735	0
-0.12799	6.33075	0.312207	-0.12799	6.33075	0
0.869794	6.32982	0.341373	0.869794	6.32982	0
1.9191	6.34243	0.312688	1.9191	6.34243	0
2.93676	6.36957	0.305464	2.93676	6.36957	0
3.9613	6.3022	0.312669	3.9613	6.3022	0
5.00657	6.37026	0.330669	5.00657	6.37026	0
6.05329	6.3888	0.311984	6.05329	6.3888	0
7.10023	6.35026	0.327267	7.10023	6.35026	0
8.15309	6.39756	0.276498	8.15309	6.39756	0
9.17531	6.4414	0.321642	9.17531	6.4414	0
10.1574	6.34181	0.325097	10.1574	6.34181	0
11.1803	6.40434	0.329296	11.1803	6.40434	0
-11.5871	6.44038	0.320494	-11.5871	6.44038	0
-10.6146	6.414	0.326095	-10.6146	6.414	0
-9.50975	6.37355	0.328924	-9.50975	6.37355	0
-8.45945	6.40812	0.321085	-8.45945	6.40812	0
-7.38223	6.37878	0.315192	-7.38223	6.37878	0
-6.31248	6.40148	0.309059	-6.31248	6.40148	0
-5.29858	6.44516	0.329015	-5.29858	6.44516	0
-4.31378	6.41844	0.334287	-4.31378	6.41844	0
-3.3252	6.4625	0.305289	-3.3252	6.4625	0
-2.24799	6.40732	0.335674	-2.24799	6.40732	0
-1.23732	6.36905	0.313142	-1.23732	6.36905	0
-0.124799	7.41645	0.316958	-0.124799	7.41645	0
0.934255	7.38629	0.346083	0.934255	7.38629	0
1.9369	7.32923	0.296381	1.9369	7.32923	0
2.971	7.44457	0.305883	2.971	7.44457	0
3.96344	7.458	0.330693	3.96344	7.458	0
5.01139	7.36329	0.370833	5.01139	7.36329	0
6.00854	7.37543	0.298563	6.00854	7.37543	0
7.02882	7.43133	0.291956	7.02882	7.43133	0
8.0484	7.43251	0.29654	8.0484	7.43251	0
9.09018	7.44614	0.306564	9.09018	7.44614	0
10.1011	7.46484	0.311237	10.1011	7.46484	0
11.1639	7.43591	0.33391	11.1639	7.43591	0
-11.5739	7.44947	0.319669	-11.5739	7.44947	0
-10.5145	7.47389	0.318284	-10.5145	7.47389	0
-9.54367	7.49987	0.298586	-9.54367	7.49987	0
-8.47962	7.44265	0.309321	-8.47962	7.44265	0
-7.44373	7.39861	0.311964	-7.44373	7.39861	0
-6.39115	7.40272	0.296148	-6.39115	7.40272	0
-5.37628	7.49348	0.33023	-5.37628	7.49348	0
-4.31428	7.51608	0.338605	-4.31428	7.51608	0
-3.31059	7.45743	0.314331	-3.31059	7.45743	0
-2.25989	7.44188	0.318242	-2.25989	7.44188	0
-1.19995	7.42639	0.308836	-1.19995	7.42639	0
-0.17042	8.38566	0.33461	-0.17042	8.38566	0
0.873706	8.44743	0.304938	0.873706	8.44743	0
1.82266	8.43061	0.319492	1.82266	8.43061	0
2.87539	8.41671	0.327698	2.87539	8.41671	0
3.91625	8.45463	0.341765	3.91625	8.45463	0
4.90893	8.48838	0.311807	4.90893	8.48838	0
5.97354	8.40926	0.302764	5.97354	8.40926	0
6.9739	8.49963	0.317476	6.9739	8.49963	0
7.96429	8.50423	0.308555	7.96429	8.50423	0
9.05567	8.48412	0.291659	9.05567	8.48412	0
10.1186	8.56311	0.305551	10.1186	8.56311	0
11.1229	8.46665	0.296552	11.1229	8.46665	0
-11.6043	8.52544	0.320582	-11.6043	8.52544	0
-10.5878	8.50687	0.32591	-10.5878	8.50687	0
-9.54327	8.50462	0.305296	-9.54327	8.50462	0
-8.48557	8.48878	0.323056	-8.48557	8.48878	0
-7.45109	8.44295	0.291394	-7.45109	8.44295	0
-6.45399	8.41755	0.322693	-6.45399	8.41755	0
-5.40046	8.55096	0.318378	-5.40046	8.55096	0
-4.32863	8.52827	0.308375	-4.32863	8.52827	0
-3.28979	8.51184	0.324007	-3.28979	8.51184	0
-2.28794	8.45861	0.306836	-2.28794	8.45861	0
-1.23227	8.39746	0.304869	-1.23227	8.39746	0
-0.186471	9.43891	0.330559	-0.186471	9.43891	0
0.877907	9.47528	0.300757	0.877907	9.47528	0
1.86383	9.44804	0.32948	1.86383	9.44804	0
2.89587	9.47474	0.315967	2.89587	9.47474	0
3.96676	9.48919	0.311712	3.96676	9.48919	0
5.00378	9.49149	0.313886	5.00378	9.49149	0
5.99091	9.46407	0.317868	5.99091	9.46407	0
7.0055	9.48394	0.337528	7.0055	9.48394	0
8.02368	9.51783	0.329461	8.02368	9.51783	0
9.02036	9.49152	0.325042	9.02036	9.49152	0
10.1393	9.57696	0.337297	10.1393	9.57696	0
11.1583	9.52237	0.286448	11.1583	9.52237	0
-11.5588	9.511	0.328206	-11.5588	9.511	0
-10.5226	9.52358	0.310848	-10.5226	9.52358	0
-9.50786	9.47074	0.321509	-9.50786	9.47074	0
-8.48451	9.50661	0.321663	-8.48451	9.50661	0
-7.47804	9.46344	0.290847	-7.47804	9.46344	0
-6.45155	9.49267	0.333422	-6.45155	9.49267	0
-5.38061	9.55096	0.291673	-5.38061	9.55096	0
-4.33728	9.56976	0.297337	-4.33728	9.56976	0
-3.25941	9.51146	0.321227	-3.25941	9.51146	0
-2.27148	9.49928	0.306762	-2.27148	9.49928	0
-1.19862	9.42423	0.330228	-1.19862	9.42423	0
-0.177362	10.4748	0.315619	-0.177362	10.4748	0
0.82302	10.4835	0.301231	0.82302	10.4835	0
1.89534	10.5549	0.296282	1.89534	10.5549	0
2.90662	10.4614	0.312057	2.90662	10.4614	0
3.97434	10.4988	0.328319	3.97434	10.4988	0
4.97616	10.5763	0.315105	4.97616	10.5763	0
6.01247	10.4974	0.325286	6.01247	10.4974	0
7.06059	10.5265	0.33729	7.06059	10.5265	0
8.09221	10.5891	0.319382	8.09221	10.5891	0
9.09409	10.5199	0.308875	9.09409	10.5199	0
10.1553	10.5469	0.33878	10.1553	10.5469	0
11.1717	10.5462	0.304543	11.1717	10.5462	0
-11.4899	10.5422	0.307463	-11.4899	10.5422	0
-10.5457	10.571	0.327658	-10.5457	10.571	0
-9.49944	10.4782	0.343821	-9.49944	10.4782	0
-8.4366	10.5849	0.293889	-8.4366	10.5849	0
-7.48003	10.5352	0.300427	-7.48003	10.5352	0
-6.42781	10.5152	0.326124	-6.42781	10.5152	0
-5.37469	10.5596	0.299661	-5.37469	10.5596	0
-4.31302	10.5721	0.310577	-4.31302	10.5721	0
-3.3052	10.5764	0.2995	-3.3052	10.5764	0
-2.24448	10.4965	0.311613	-2.24448	10.4965	0
-1.18783	10.4534	0.335488	-1.18783	10.4534	0
-0.181227	11.5522	0.333063	-0.181227	11.5522	0
0.852935	11.5638	0.303056	0.852935	11.5638	0
1.83199	11.5747	0.286942	1.83199	11.5747	0
2.93418	11.5361	0.314578	2.93418	11.5361	0
3.98351	11.5936	0.341219	3.98351	11.5936	0
5.03986	11.5793	0.33326	5.03986	11.5793	0
6.01698	11.6026	0.28427	6.01698	11.6026	0
7.01737	11.5577	0.303785	7.01737	11.5577	0
8.09666	11.6319	0.323174	8.09666	11.6319	0
9.17306	11.4934	0.327519	9.17306	11.4934	0
10.1935	11.6051	0.31449	10.1935	11.6051	0
11.232	11.5848	0.324123	11.232	11.5848	0
-11.4969	11.5864	0.29105	-11.4969	11.5864	0
-10.4813	11.5706	0.316696	-10.4813	11.5706	0
-9.47682	11.5547	0.323127	-9.47682	11.5547	0
-8.45628	11.6002	0.329545	-8.45628	11.6002	0
-7.38698	11.5878	0.319643	-7.38698	11.5878	0
-6.37591	11.5649	0.307758	-6.37591	11.5649	0
-5.39966	11.5786	0.314078	-5.39966	11.5786	0
-4.35281	11.5653	0.310105	-4.35281	11.5653	0
-3.27848	11.5603	0.286303	-3.27848	11.5603	0
-2.25236	11.5225	0.315811	-2.25236	11.5225	0
-1.23562	11.4868	0.320109	-1.23562	11.4868	0
-0.153349	-11.2007	0.286242	-0.153349	-11.2007	0
0.859097	-11.1443	0.328383	0.859097	-11.1443	0
1.88927	-11.2096	0.310757	1.88927	-11.2096	0
2.87044	-11.2347	0.286549	2.87044	-11.2347	0
3.9537	-11.1649	0.333945	3.9537	-11.1649	0
4.99735	-11.193	0.33561	4.99735	-11.193	0
6.04072	-11.1302	0.315798	6.04072	-11.1302	0
7.07637	-11.1862	0.311076	7.07637	-11.1862	0
8.10883	-11.1507	0.305789	8.10883	-11.1507	0
9.10752	-11.2238	0.3237	9.10752	-11.2238	0
10.1561	-11.1602	0.337911	10.1561	-11.1602	0
11.2253	-11.171	0.327971	11.2253	-11.171	0
-11.5498	-11.1696	0.324993	-11.5498	-11.1696	0
-10.4647	-11.1533	0.324538	-10.4647	-11.1533	0
-9.47547	-11.2031	0.31825	-9.47547	-11.2031	0
-8.44932	-11.1933	0.329414	-8.44932	-11.1933	0
-7.39538	-11.1785	0.337568	-7.39538	-11.1785	0
-6.39747	-11.142	0.321779	-6.39747	-11.142	0
-5.33736	-11.1267	0.331184	-5.33736	-11.1267	0
-4.30845	-11.1987	0.334686	-4.30845	-11.1987	0
-3.26021	-11.2025	0.338829	-3.26021	-11.2025	0
-2.27801	-11.2451	0.311647	-2.27801	-11.2451	0
-1.18317	-11.236	0.327017	-1.18317	-11.236	0
-0.145402	-10.1255	0.326483	-0.145402	-10.1255	0
0.871897	-10.1643	0.292462	0.871897	-10.1643	0
1.91122	-10.1909	0.331957	1.91122	-10.1909	0
2.97519	-10.1847	0.313268	2.97519	-10.1847	0
3.94349	-10.1165	0.297946	3.94349	-10.1165	0
5.02563	-10.1005	0.309361	5.02563	-10.1005	0
6.0238	-10.1357	0.318475	6.0238	-10.1357	0
7.07668	-10.1178	0.322901	7.07668	-10.1178	0
8.09285	-10.0829	0.320911	8.09285	-10.0829	0
9.16672	-10.1909	0.32929	9.16672	-10.1909	0
10.2059	-10.1588	0.298439	10.2059	-10.1588	0
11.2344	-10.1694	0.300497	11.2344	-10.1694	0
-11.4596	-10.1383	0.353595	-11.4596	-10.1383	0
-10.4622	-10.0925	0.318997	-10.4622	-10.0925	0
-9.44654	-10.1605	0.300174	-9.44654	-10.1605	0
-8.39355	-10.0769	0.328173	-8.39355	-10.0769	0
-7.396	-10.1617	0.330813	-7.396	-10.1617	0
-6.36194	-10.1126	0.319926	-6.36194	-10.1126	0
-5.27524	-10.1591	0.319231	-5.27524	-10.1591	0
-4.23884	-10.1406	0.335804	-4.23884	-10.1406	0
-3.21408	-10.1097	0.319921	-3.21408	-10.1097	0
-2.23073	-10.1473	0.304716	-2.23073	-10.1473	0
-1.17595	-10.164	0.326575	-1.17595	-10.164	0
-0.11224	-9.1521	0.324759	-0.11224	-9.1521	0
0.940793	-9.12287	0.291841	0.940793	-9.12287	0
1.93351	-9.13571	0.307863	1.93351	-9.13571	0
2.95699	-9.10697	0.341234	2.95699	-9.10697	0
4.01515	-9.10924	0.336598	4.01515	-9.10924	0
4.98464	-9.10094	0.315207	4.98464	-9.10094	0
6.03127	-9.07896	0.302926	6.03127	-9.07896	0
7.0834	-9.08027	0.308095	7.0834	-9.08027	0
8.12262	-9.06301	0.29364	8.12262	-9.06301	0
9.16141	-9.08965	0.342562	9.16141	-9.08965	0
10.1964	-9.14093	0.3048	10.1964	-9.14093	0
11.2226	-9.14045	0.330435	11.2226	-9.14045	0
-11.4661	-9.12485	0.309252	-11.4661	-9.12485	0
-10.4716	-9.06699	0.322483	-10.4716	-9.06699	0
-9.44921	-9.11053	0.291007	-9.44921	-9.11053	0
-8.36317	-9.06995	0.318351	-8.36317	-9.06995	0
-7.36412	-9.11555	0.331872	-7.36412	-9.11555	0
-6.29216	-9.09709	0.321952	-6.29216	-9.09709	0
-5.26624	-9.12934	0.307269	-5.26624	-9.12934	0
-4.27599	-9.08661	0.251694	-4.27599	-9.08661	0
-3.2687	-9.03927	0.313708	-3.2687	-9.03927	0
-2.22199	-9.09967	0.31707	-2.22199	-9.09967	0
-1.18786	-9.16578	0.318722	-1.18786	-9.16578	0
-0.105947	-8.03778	0.313049	-0.105947	-8.03778	0
0.876421	-8.06829	0.30037	0.876421	-8.06829	0
1.89243	-8.11401	0.336762	1.89243	-8.11401	0
2.97614	-8.10528	0.320124	2.97614	-8.10528	0
3.96707	-8.11135	0.301024	3.96707	-8.11135	0
5.04504	-8.0893	0.319	5.04504	-8.0893	0
6.04615	-8.04891	0.277336	6.04615	-8.04891	0
7.03764	-8.03324	0.305378	7.03764	-8.03324	0
8.11062	-8.05335	0.31611	8.11062	-8.05335	0
9.12672	-8.09673	0.29923	9.12672	-8.09673	0
10.2446	-8.10513	0.297886	10.2446	-8.10513	0
11.2381	-8.13179	0.320235	11.2381	-8.13179	0
-11.483	-8.12892	0.339966	-11.483	-8.12892	0
-10.4168	-7.99021	0.302778	-10.4168	-7.99021	0
-9.39818	-8.12529	0.298718	-9.39818	-8.12529	0
-8.35944	-8.08792	0.313713	-8.35944	-8.08792	0
-7.37901	-8.06582	0.29743	-7.37901	-8.06582	0
-6.36948	-8.07413	0.325652	-6.36948	-8.07413	0
-5.29478	-8.12162	0.333318	-5.29478	-8.12162	0
-4.3081	-8.08404	0.331706	-4.3081	-8.08404	0
-3.26445	-8.01196	0.313102	-3.26445	-8.01196	0
-2.19465	-8.05606	0.329876	-2.19465	-8.05606	0
-1.13716	-8.05581	0.301815	-1.13716	-8.05581	0
-0.157113	-6.99111	0.305125	-0.157113	-6.99111	0
0.881237	-7.03657	0.30581	0.881237	-7.03657	0
1.92007	-7.10721	0.360606	1.92007	-7.10721	0
2.90328	-7.08189	0.310288	2.90328	-7.08189	0
4.0092	-7.04175	0.313984	4.0092	-7.04175	0
5.01629	-7.06645	0.315377	5.01629	-7.06645	0
6.04087	-6.99048	0.306856	6.04087	-6.99048	0
7.0899	-6.99821	0.324709	7.0899	-6.99821	0
8.09366	-7.04507	0.309222	8.09366	-7.04507	0
9.19806	-7.02603	0.280754	9.19806	-7.02603	0
10.1845	-7.06792	0.299799	10.1845	-7.06792	0
11.2962	-7.07219	0.323035	11.2962	-7.07219	0
-11.4858	-7.07932	0.312774	-11.4858	-7.07932	0
-10.4403	-7.05272	0.317354	-10.4403	-7.05272	0
-9.45437	-7.03647	0.314228	-9.45437	-7.03647	0
-8.38415	-7.00435	0.310894	-8.38415	-7.00435	0
-7.41522	-7.05462	0.313876	-7.41522	-7.05462	0
-6.34799	-7.04677	0.302371	-6.34799	-7.04677	0
-5.34685	-7.06019	0.307182	-5.34685	-7.06019	0
-4.31695	-7.03331	0.288242	-4.31695	-7.03331	0
-3.20786	-7.02436	0.329	-3.20786	-7.02436	0
-2.20335	-7.03571	0.30842	-2.20335	-7.03571	0
-1.1764	-7.06519	0.309213	-1.1764	-7.06519	0
-0.171485	-6.01589	0.306957	-0.171485	-6.01589	0
0.816121	-6.06615	0.326784	0.816121	-6.06615	0
1.86906	-6.05408	0.297433	1.86906	-6.05408	0
2.94345	-6.01006	0.303072	2.94345	-6.01006	0
3.93574	-5.99476	0.30457	3.93574	-5.99476	0
5.00291	-6.00345	0.311453	5.00291	-6.00345	0
6.00472	-6.00177	0.297941	6.00472	-6.00177	0
7.07204	-5.98285	0.316769	7.07204	-5.98285	0
8.13514	-5.99108	0.326197	8.13514	-5.99108	0
9.18247	-6.0144	0.333637	9.18247	-6.0144	0
10.3195	-6.08663	0.282817	10.3195	-6.08663	0
11.3331	-6.00689	0.296938	11.3331	-6.00689	0
-11.4526	-6.04763	0.295654	-11.4526	-6.04763	0
-10.4234	-6.02949	0.298081	-10.4234	-6.02949	0
-9.41218	-6.01623	0.314237	-9.41218	-6.01623	0
-8.39361	-5.9819	0.337114	-8.39361	-5.9819	0
-7.34227	-5.95563	0.303869	-7.34227	-5.95563	0
-6.31005	-6.03286	0.312088	-6.31005	-6.03286	0
-5.2572	-5.96121	0.331758	-5.2572	-5.96121	0
-4.30204	-6.03359	0.312776	-4.30204	-6.03359	0
-3.26376	-5.95601	0.312974	-3.26376	-5.95601	0
-2.18403	-5.98228	0.30249	-2.18403	-5.98228	0
-1.19461	-6.02228	0.336239	-1.19461	-6.02228	0
-0.156385	-4.99435	0.333404	-0.156385	-4.99435	0
0.881477	-4.95968	0.295571	0.881477	-4.95968	0
1.89785	-4.9771	0.294885	1.89785	-4.9771	0
2.91488	-4.9301	0.337673	2.91488	-4.9301	0
3.94879	-4.98447	0.33209	3.94879	-4.98447	0
4.97385	-4.97254	0.323956	4.97385	-4.97254	0
6.04961	-4.95213	0.319957	6.04961	-4.95213	0
7.11424	-4.94187	0.324686	7.11424	-4.94187	0
8.17435	-4.97838	0.290917	8.17435	-4.97838	0
9.22977	-4.98244	0.305124	9.22977	-4.98244	0
10.261	-5.05068	0.311456	10.261	-5.05068	0
11.263	-4.98355	0.300817	11.263	-4.98355	0
-11.4477	-4.97062	0.322374	-11.4477	-4.97062	0
-10.4377	-5.0036	0.317602	-10.4377	-5.0036	0
-9.43949	-4.9643	0.323865	-9.43949	-4.9643	0
-8.41463	-4.95767	0.303367	-8.41463	-4.95767	0
-7.37788	-4.93551	0.315666	-7.37788	-4.93551	0
-6.30003	-4.97542	0.336006	-6.30003	-4.97542	0
-5.32443	-5.01167	0.317497	-5.32443	-5.01167	0
-4.29101	-5.02903	0.321451	-4.29101	-5.02903	0
-3.25434	-4.94996	0.323828	-3.25434	-4.94996	0
-2.21053	-4.97783	0.299483	-2.21053	-4.97783	0
-1.15132	-4.94508	0.346299	-1.15132	-4.94508	0
-0.114711	-3.95731	0.290037	-0.114711	-3.95731	0
0.842833	-3.9181	0.299657	0.842833	-3.9181	0
1.95773	-3.89788	0.319805	1.95773	-3.89788	0
2.9661	-3.92504	0.330125	2.9661	-3.92504	0
3.98641	-3.93344	0.326875	3.98641	-3.93344	0
5.04825	-3.92671	0.296062	5.04825	-3.92671	0
6.1197	-3.9814	0.339747	6.1197	-3.9814	0
7.16418	-3.94247	0.296791	7.16418	-3.94247	0
8.10753	-3.95789	0.289919	8.10753	-3.95789	0
9.21865	-3.99279	0.294003	9.21865	-3.99279	0
10.2379	-3.97304	0.333945	10.2379	-3.97304	0
11.3334	-3.96243	0.308377	11.3334	-3.96243	0
-11.5103	-3.95685	0.307419	-11.5103	-3.95685	0
-10.463	-3.98286	0.35462	-10.463	-3.98286	0
-9.41845	-3.92095	0.30709	-9.41845	-3.92095	0
-8.38926	-3.90069	0.326337	-8.38926	-3.90069	0
-7.32326	-3.93802	0.319618	-7.32326	-3.93802	0
-6.25546	-3.94927	0.32109	-6.25546	-3.94927	0
-5.28568	-3.95499	0.307366	-5.28568	-3.95499	0
-4.20586	-3.96024	0.347049	-4.20586	-3.96024	0
-3.19992	-3.93691	0.291736	-3.19992	-3.93691	0
-2.15942	-3.92974	0.324759	-2.15942	-3.92974	0
-1.17679	-3.9199	0.326766	-1.17679	-3.9199	0
-0.098488	-2.88263	0.314876	-0.098488	-2.88263	0
0.910436	-2.91004	0.316754	0.910436	-2.91004	0
1.9644	-2.91274	0.320261	1.9644	-2.91274	0
3.01605	-2.85548	0.299995	3.01605	-2.85548	0
4.03144	-2.92476	0.328574	4.03144	-2.92476	0
5.02519	-2.93997	0.281485	5.02519	-2.93997	0
6.09498	-2.97627	0.303857	6.09498	-2.97627	0
7.04818	-2.89894	0.306105	7.04818	-2.89894	0
8.16674	-2.87976	0.301374	8.16674	-2.87976	0
9.19538	-2.9971	0.334709	9.19538	-2.9971	0
10.266	-2.89486	0.276613	10.266	-2.89486	0
11.2915	-2.97531	0.278225	11.2915	-2.97531	0
-11.4459	-2.86828	0.323627	-11.4459	-2.86828	0
-10.4762	-2.85485	0.319964	-10.4762	-2.85485	0
-9.47157	-2.89876	0.276216	-9.47157	-2.89876	0
-8.44293	-2.84873	0.324526	-8.44293	-2.84873	0
-7.3799	-2.89759	0.328087	-7.3799	-2.89759	0
-6.40128	-2.9158	0.331182	-6.40128	-2.9158	0
-5.27483	-2.98072	0.327907	-5.27483	-2.98072	0
-4.23176	-2.94673	0.33291	-4.23176	-2.94673	0
-3.2362	-2.85696	0.324075	-3.2362	-2.85696	0
-2.19088	-2.82794	0.317671	-2.19088	-2.82794	0
-1.2066	-2.85808	0.275593	-1.2066	-2.85808	0
-0.121949	-1.89267	0.29943	-0.121949	-1.89267	0
0.896557	-1.86998	0.297598	0.896557	-1.86998	0
1.92943	-1.88034	0.319333	1.92943	-1.88034	0
3.03619	-1.83341	0.299456	3.03619	-1.83341	0
4.01242	-1.88882	0.314728	4.01242	-1.88882	0
5.10126	-1.93228	0.30466	5.10126	-1.93228	0
6.10884	-1.86735	0.325338	6.10884	-1.86735	0
7.15386	-1.83569	0.348476	7.15386	-1.83569	0
8.21349	-1.90857	0.302648	8.21349	-1.90857	0
9.18967	-1.91464	0.329129	9.18967	-1.91464	0
10.2215	-1.93453	0.321695	10.2215	-1.93453	0
11.1911	-1.8953	0.323752	11.1911	-1.8953	0
-11.5301	-1.83691	0.302669	-11.5301	-1.83691	0
-10.498	-1.84784	0.323363	-10.498	-1.84784	0
-9.4863	-1.83589	0.305914	-9.4863	-1.83589	0
-8.50153	-1.83578	0.315616	-8.50153	-1.83578	0
-7.39986	-1.84707	0.331997	-7.39986	-1.84707	0
-6.37448	-1.91273	0.343501	-6.37448	-1.91273	0
-5.3557	-1.90743	0.305832	-5.3557	-1.90743	0
-4.31671	-1.9143	0.318921	-4.31671	-1.9143	0
-3.24972	-1.83233	0.316043	-3.24972	-1.83233	0
-2.18367	-1.82331	0.329922	-2.18367	-1.82331	0
-1.18084	-1.82254	0.33521	-1.18084	-1.82254	0
-0.220968	-0.846558	0.311413	-0.220968	-0.846558	0
0.800867	-0.850718	0.323602	0.800867	-0.850718	0
1.85745	-0.890629	0.336707	1.85745	-0.890629	0
2.93127	-0.841445	0.278631	2.93127	-0.841445	0
3.98665	-0.868171	0.333731	3.98665	-0.868171	0
5.09848	-0.91332	0.318122	5.09848	-0.91332	0
6.15634	-0.857727	0.297948	6.15634	-0.857727	0
7.16863	-0.849158	0.321915	7.16863	-0.849158	0
8.19084	-0.866624	0.30313	8.19084	-0.866624	0
9.1561	-0.861403	0.331493	9.1561	-0.861403	0
10.1563	-0.862806	0.329422	10.1563	-0.862806	0
11.2189	-0.848641	0.324862	11.2189	-0.848641	0
-11.6118	-0.823968	0.318972	-11.6118	-0.823968	0
-10.5662	-0.801744	0.328657	-10.5662	-0.801744	0
-9.45947	-0.815774	0.332023	-9.45947	-0.815774	0
-8.40337	-0.817007	0.280886	-8.40337	-0.817007	0
-7.3426	-0.823734	0.342718	-7.3426	-0.823734	0
-6.28321	-0.892745	0.284416	-6.28321	-0.892745	0
-5.32065	-0.828582	0.325667	-5.32065	-0.828582	0
-4.30634	-0.890795	0.335612	-4.30634	-0.890795	0
-3.24377	-0.853277	0.336904	-3.24377	-0.853277	0
-2.21493	-0.759999	0.336173	-2.21493	-0.759999	0
-1.2271	-0.770721	0.321299	-1.2271	-0.770721	0
