-0.485778	-0.260756	-0.315912	-0.485778	-0.260756	0
0.531615	-0.201981	-0.313261	0.531615	-0.201981	0
1.56136	-0.197333	-0.313778	1.56136	-0.197333	0
2.59613	-0.214392	-0.322843	2.59613	-0.214392	0
3.60477	-0.178042	-0.320362	3.60477	-0.178042	0
4.66385	-0.199527	-0.329992	4.66385	-0.199527	0
5.70428	-0.252385	-0.318969	5.70428	-0.252385	0
6.76167	-0.304356	-0.332415	6.76167	-0.304356	0
7.80428	-0.205545	-0.307405	7.80428	-0.205545	0
8.88274	-0.12892	-0.341295	8.88274	-0.12892	0
9.8287	-0.255604	-0.314253	9.8287	-0.255604	0
10.9347	-0.258607	-0.3154	10.9347	-0.258607	0
-11.82	-0.182026	-0.311243	-11.82	-0.182026	0
-10.7871	-0.234182	-0.314544	-10.7871	-0.234182	0
-9.75981	-0.231374	-0.333106	-9.75981	-0.231374	0
-8.73819	-0.229617	-0.336566	-8.73819	-0.229617	0
-7.66972	-0.185543	-0.315606	-7.66972	-0.185543	0
-6.63069	-0.246661	-0.277602	-6.63069	-0.246661	0
-5.61213	-0.190684	-0.287666	-5.61213	-0.190684	0
-4.57642	-0.174895	-0.306751	-4.57642	-0.174895	0
-3.57714	-0.181651	-0.325837	-3.57714	-0.181651	0
-2.52824	-0.214596	-0.327128	-2.52824	-0.214596	0
-1.55882	-0.257734	-0.347721	-1.55882	-0.257734	0
-0.516869	0.777248	-0.304173	-0.516869	0.777248	0
0.451636	0.857624	-0.306149	0.451636	0.857624	0
1.50766	0.861614	-0.322706	1.50766	0.861614	0
2.58883	0.820359	-0.32018	2.58883	0.820359	0
3.61921	0.815686	-0.289378	3.61921	0.815686	0
4.6779	0.807764	-0.317369	4.6779	0.807764	0
5.72059	0.775854	-0.313112	5.72059	0.775854	0
6.77808	0.755607	-0.330715	6.77808	0.755607	0
7.77291	0.833048	-0.300344	7.77291	0.833048	0
8.77588	0.82155	-0.34235	8.77588	0.82155	0
9.824	0.771989	-0.341347	9.824	0.771989	0
10.8711	0.779966	-0.293132	10.8711	0.779966	0
-11.8813	0.81107	-0.30685	-11.8813	0.81107	0
-10.854	0.855238	-0.325863	-10.854	0.855238	0
-9.84254	0.761762	-0.324438	-9.84254	0.761762	0
-8.7874	0.752453	-0.304246	-8.7874	0.752453	0
-7.73199	0.813458	-0.336728	-7.73199	0.813458	0
-6.67052	0.88324	-0.308147	-6.67052	0.88324	0
-5.66632	0.880304	-0.327567	-5.66632	0.880304	0
-4.61154	0.873579	-0.32944	-4.61154	0.873579	0
-3.55199	0.858068	-0.293957	-3.55199	0.858068	0
-2.53413	0.862505	-0.304093	-2.53413	0.862505	0
-1.5429	0.793482	-0.31032	-1.5429	0.793482	0
-0.442817	1.86461	-0.31138	-0.442817	1.86461	0
0.569128	1.86669	-0.292766	0.569128	1.86669	0
1.54987	1.88933	-0.327191	1.54987	1.88933	0
2.61909	1.90196	-0.336451	2.61909	1.90196	0
3.63009	1.87029	-0.29558	3.63009	1.87029	0
4.66879	1.80627	-0.303308	4.66879	1.80627	0
5.66746	1.85499	-0.328609	5.66746	1.85499	0
6.70106	1.81134	-0.316498	6.70106	1.81134	0
7.72654	1.84408	-0.309714	7.72654	1.84408	0
8.78251	1.80263	-0.312026	8.78251	1.80263	0
9.81279	1.893	-0.322046	9.81279	1.893	0
10.8299	1.84094	-0.32983	10.8299	1.84094	0
11.898	1.82803	-0.316026	-11.888	1.82803	0
-10.8465	1.84085	-0.29741	-10.8465	1.84085	0
-9.83396	1.74661	-0.3307	-9.83396	1.74661	0
-8.77545	1.83519	-0.311637	-8.77545	1.83519	0
-7.71706	1.838	-0.301363	-7.71706	1.838	0
-6.67443	1.92464	-0.284087	-6.67443	1.92464	0
-5.67681	1.89905	-0.294919	-5.67681	1.89905	0
-4.62527	1.86505	-0.317929	-4.62527	1.86505	0
-3.60883	1.90161	-0.325778	-3.60883	1.90161	0
-2.50002	1.8866	-0.328387	-2.50002	1.8866	0
-1.49474	1.8986	-0.327005	-1.49474	1.8986	0
-0.45768	2.89585	-0.334771	-0.45768	2.89585	0
0.517083	2.9376	-0.317433	0.517083	2.9376	0
1.63419	2.88334	-0.308399	1.63419	2.88334	0
2.65405	2.94283	-0.301402	2.65405	2.94283	0
3.65561	2.87828	-0.346473	3.65561	2.87828	0
4.71904	2.86059	-0.3279	4.71904	2.86059	0
5.71199	2.85943	-0.337729	5.71199	2.85943	0
6.68316	2.79955	-0.331801	6.68316	2.79955	0
7.76969	2.88394	-0.306266	7.76969	2.88394	0
8.7898	2.91463	-0.307656	8.7898	2.91463	0
9.8679	2.84683	-0.335351	9.8679	2.84683	0
10.8704	2.85468	-0.312581	10.8704	2.85468	0
11.9493	2.83629	-0.306445	-11.8367	2.83629	0
-10.7695	2.81745	-0.304344	-10.7695	2.81745	0
-9.75727	2.82164	-0.339628	-9.75727	2.82164	0
-8.73317	2.86281	-0.299591	-8.73317	2.86281	0
-7.72662	2.92435	-0.32971	-7.72662	2.92435	0
-6.64826	2.95566	-0.311643	-6.64826	2.95566	0
-5.59417	2.92962	-0.323419	-5.59417	2.92962	0
-4.55426	2.89471	-0.30932	-4.55426	2.89471	0
-3.53944	2.91536	-0.315649	-3.53944	2.91536	0
-2.51057	2.90005	-0.312929	-2.51057	2.90005	0
-1.48123	2.88973	-0.32103	-1.48123	2.88973	0
-0.474107	3.96227	-0.270777	-0.474107	3.96227	0
0.612662	3.90451	-0.309277	0.612662	3.90451	0
1.64342	3.95907	-0.330594	1.64342	3.95907	0
2.63852	3.92752	-0.34431	2.63852	3.92752	0
3.65174	3.94613	-0.335031	3.65174	3.94613	0
4.74271	3.90461	-0.321316	4.74271	3.90461	0
5.70489	3.91314	-0.311699	5.70489	3.91314	0
6.76092	3.8399	-0.349469	6.76092	3.8399	0
7.78439	3.92006	-0.2917	7.78439	3.92006	0
8.80251	3.91662	-0.328968	8.80251	3.91662	0
9.81678	3.89801	-0.301411	9.81678	3.89801	0
10.8009	3.90254	-0.32073	10.8009	3.90254	0
-11.8879	3.87453	-0.322045	-11.8879	3.87453	0
-10.8157	3.90245	-0.341562	-10.8157	3.90245	0
-9.79507	3.88493	-0.296692	-9.79507	3.88493	0
-8.74862	3.90674	-0.327659	-8.74862	3.90674	0
-7.71235	3.9179	-0.311086	-7.71235	3.9179	0
-6.61233	3.90214	-0.332123	-6.61233	3.90214	0
-5.53553	3.94133	-0.310236	-5.53553	3.94133	0
-4.57854	4.00377	-0.302534	-4.57854	4.00377	0
-3.62677	3.93016	-0.328751	-3.62677	3.93016	0
-2.55913	3.91701	-0.33646	-2.55913	3.91701	0
-1.51067	3.94408	-0.303108	-1.51067	3.94408	0
-0.488524	4.96284	-0.327896	-0.488524	4.96284	0
0.520188	4.92585	-0.344496	0.520188	4.92585	0
1.60391	4.96125	-0.318731	1.60391	4.96125	0
2.61935	4.91388	-0.337024	2.61935	4.91388	0
3.66325	4.92467	-0.287438	3.66325	4.92467	0
4.71659	4.97811	-0.314356	4.71659	4.97811	0
5.73586	4.97909	-0.312341	5.73586	4.97909	0
6.71856	4.89856	-0.31607	6.71856	4.89856	0
7.75169	4.93409	-0.345288	7.75169	4.93409	0
8.80621	4.98019	-0.305726	8.80621	4.98019	0
9.8315	4.91996	-0.316033	9.8315	4.91996	0
10.872	4.94877	-0.316602	10.872	4.94877	0
-11.8634	4.89825	-0.321499	-11.8634	4.89825	0
-10.8627	4.92164	-0.325485	-10.8627	4.92164	0
-9.79461	4.91207	-0.328626	-9.79461	4.91207	0
-8.73941	4.88358	-0.302922	-8.73941	4.88358	0
-7.70696	4.97271	-0.342742	-7.70696	4.97271	0
-6.58954	4.99192	-0.329047	-6.58954	4.99192	0
-5.62958	5.03567	-0.323681	-5.62958	5.03567	0
-4.58524	4.98286	-0.297006	-4.58524	4.98286	0
-3.59037	4.94916	-0.330831	-3.59037	4.94916	0
-2.57222	4.97165	-0.304055	-2.57222	4.97165	0
-1.54408	4.96944	-0.309119	-1.54408	4.96944	0
-0.489389	5.98504	-0.322784	-0.489389	5.98504	0
0.550607	5.89592	-0.326437	0.550607	5.89592	0
1.57589	5.94155	-0.321043	1.57589	5.94155	0
2.57954	6.00485	-0.330741	2.57954	6.00485	0
3.62422	5.95347	-0.328508	3.62422	5.95347	0
4.74816	5.98197	-0.316295	4.74816	5.98197	0
5.74399	6.01916	-0.316421	5.74399	6.01916	0
6.74172	5.96618	-0.319488	6.74172	5.96618	0
7.80152	5.98594	-0.320858	7.80152	5.98594	0
8.77	6.01299	-0.30533	8.77	6.01299	0
9.87376	6.00972	-0.305821	9.87376	6.00972	0
10.8958	5.97419	-0.302516	10.8958	5.97419	0
-11.8681	5.94668	-0.335406	-11.8681	5.94668	0
-10.8785	5.93437	-0.316706	-10.8785	5.93437	0
-9.77031	5.89996	-0.297219	-9.77031	5.89996	0
-8.71056	5.8883	-0.319435	-8.71056	5.8883	0
-7.65655	5.99865	-0.309396	-7.65655	5.99865	0
-6.6615	6.03606	-0.323329	-6.6615	6.03606	0
-5.73353	6.07906	-0.300178	-5.73353	6.07906	0
-4.6543	5.96499	-0.308351	-4.6543	5.96499	0
-3.58633	6.02059	-0.329865	-3.58633	6.02059	0
-2.47249	6.00646	-0.303197	-2.47249	6.00646	0
-1.43792	6.02744	-0.32544	-1.43792	6.02744	0
-0.474087	7.10339	-0.312125	-0.474087	7.10339	0
0.490165	7.02474	-0.313245	0.490165	7.02474	0
1.51621	6.97843	-0.316092	1.51621	6.97843	0
2.59973	7.00757	-0.346738	2.59973	7.00757	0
3.63209	7.01616	-0.327852	3.63209	7.01616	0
4.64195	6.99568	-0.318069	4.64195	6.99568	0
5.67803	7.03427	-0.316894	5.67803	7.03427	0
6.69649	7.01591	-0.318853	6.69649	7.01591	0
7.76311	6.98229	-0.297105	7.76311	6.98229	0
8.8662	7.05788	-0.329721	8.8662	7.05788	0
9.88515	7.00035	-0.326562	9.88515	7.00035	0
10.8826	7.04385	-0.288017	10.8826	7.04385	0
-11.8774	6.99804	-0.332216	-11.8774	6.99804	0
-10.8609	6.95215	-0.304999	-10.8609	6.95215	0
-9.78684	6.95308	-0.316033	-9.78684	6.95308	0
-8.74466	6.93202	-0.297148	-8.74466	6.93202	0
-7.74848	7.0267	-0.307161	-7.74848	7.0267	0
-6.67489	7.06932	-0.323316	-6.67489	7.06932	0
-5.62719	7.07233	-0.309896	-5.62719	7.07233	0
-4.6068	7.0364	-0.329704	-4.6068	7.0364	0
-3.5327	7.02835	-0.304314	-3.5327	7.02835	0
-2.55719	7.03065	-0.315111	-2.55719	7.03065	0
-1.51738	7.08127	-0.332239	-1.51738	7.08127	0
-0.499609	8.0542	-0.321458	-0.499609	8.0542	0
0.535336	8.11181	-0.330212	0.535336	8.11181	0
1.59284	8.01102	-0.310725	1.59284	8.01102	0
2.62964	8.03875	-0.273678	2.62964	8.03875	0
3.63598	8.08776	-0.329791	3.63598	8.08776	0
4.66815	8.06402	-0.331163	4.66815	8.06402	0
5.65202	8.04157	-0.291788	5.65202	8.04157	0
6.69676	8.05705	-0.324143	6.69676	8.05705	0
7.79556	8.05671	-0.315346	7.79556	8.05671	0
8.83997	8.07247	-0.31362	8.83997	8.07247	0
9.83947	8.06415	-0.307104	9.83947	8.06415	0
10.898	8.04265	-0.320918	10.898	8.04265	0
-11.8674	8.03165	-0.337172	-11.8674	8.03165	0
-10.8236	8.00001	-0.335427	-10.8236	8.00001	0
-9.80424	7.99501	-0.311762	-9.80424	7.99501	0
-8.75952	8.02528	-0.326582	-8.75952	8.02528	0
-7.69508	8.04393	-0.301296	-7.69508	8.04393	0
-6.72301	8.11057	-0.32699	-6.72301	8.11057	0
-5.64372	8.05017	-0.314394	-5.64372	8.05017	0
-4.5806	8.03642	-0.299028	-4.5806	8.03642	0
-3.59944	8.17049	-0.289841	-3.59944	8.17049	0
-2.60652	8.07988	-0.348148	-2.60652	8.07988	0
-1.52178	8.09411	-0.326699	-1.52178	8.09411	0
-0.486028	9.11535	-0.305621	-0.486028	9.11535	0
0.496357	9.09576	-0.335279	0.496357	9.09576	0
1.5645	8.97953	-0.274563	1.5645	8.97953	0
2.6106	9.0445	-0.323979	2.6106	9.0445	0
3.67317	9.08394	-0.304206	3.67317	9.08394	0
4.66703	9.09587	-0.304056	4.66703	9.09587	0
5.72176	9.08099	-0.318364	5.72176	9.08099	0
6.77394	9.05896	-0.317226	6.77394	9.05896	0
7.75214	9.01472	-0.318179	7.75214	9.01472	0
8.76363	9.0828	-0.310348	8.76363	9.0828	0
9.81876	9.07073	-0.304749	9.81876	9.07073	0
10.8552	9.10462	-0.33263	10.8552	9.10462	0
11.9284	9.08306	-0.324091	-11.8577	9.08306	0
-10.7921	9.03151	-0.307276	-10.7921	9.03151	0
-9.76159	9.02939	-0.295929	-9.76159	9.02939	0
-8.76685	9.085	-0.294105	-8.76685	9.085	0
-7.74064	9.09373	-0.332749	-7.74064	9.09373	0
-6.67029	9.13549	-0.304499	-6.67029	9.13549	0
-5.6537	9.09539	-0.340461	-5.6537	9.09539	0
-4.6236	9.13509	-0.29136	-4.6236	9.13509	0
-3.54612	9.18027	-0.327853	-3.54612	9.18027	0
-2.58817	9.13921	-0.322344	-2.58817	9.13921	0
-1.56352	9.10497	-0.312116	-1.56352	9.10497	0
-0.531844	10.121	-0.306397	-0.531844	10.121	0
0.549905	10.1037	-0.302321	0.549905	10.1037	0
1.50815	10.0082	-0.311884	1.50815	10.0082	0
2.60819	10.0267	-0.335166	2.60819	10.0267	0
3.67882	10.1137	-0.363176	3.67882	10.1137	0
4.7421	10.1572	-0.316833	4.7421	10.1572	0
5.73975	10.1116	-0.291446	5.73975	10.1116	0
6.73301	10.0949	-0.303758	6.73301	10.0949	0
7.80796	10.0892	-0.330298	7.80796	10.0892	0
8.80241	10.1289	-0.30461	8.80241	10.1289	0
9.85976	10.1044	-0.322211	9.85976	10.1044	0
10.892	10.0978	-0.311178	10.892	10.0978	0
-11.8547	10.0798	-0.303717	-11.8547	10.0798	0
-10.8188	10.0325	-0.304085	-10.8188	10.0325	0
-9.7844	10.1362	-0.328027	-9.7844	10.1362	0
-8.77851	10.0958	-0.33583	-8.77851	10.0958	0
-7.71799	10.1071	-0.328386	-7.71799	10.1071	0
-6.64937	10.1548	-0.311106	-6.64937	10.1548	0
-5.60785	10.1104	-0.320982	-5.60785	10.1104	0
-4.60172	10.1265	-0.315513	-4.60172	10.1265	0
-3.5664	10.1666	-0.293049	-3.5664	10.1666	0
-2.53505	10.2109	-0.304654	-2.53505	10.2109	0
-1.47483	10.1469	-0.287858	-1.47483	10.1469	0
-0.438785	11.1575	-0.317321	-0.438785	11.1575	0
0.580198	11.1406	-0.323898	0.580198	11.1406	0
1.56972	11.0858	-0.308931	1.56972	11.0858	0
2.57435	10.9987	-0.317522	2.57435	10.9987	0
3.65705	11.1461	-0.320346	3.65705	11.1461	0
4.76646	11.1402	-0.326067	4.76646	11.1402	0
5.76365	11.1327	-0.325979	5.76365	11.1327	0
6.7879	11.0746	-0.312767	6.7879	11.0746	0
7.81899	11.1161	-0.325768	7.81899	11.1161	0
8.86063	11.1572	-0.317482	8.86063	11.1572	0
9.86418	11.1241	-0.309423	9.86418	11.1241	0
10.9132	11.1543	-0.319459	10.9132	11.1543	0
-11.8725	11.1271	-0.326481	-11.8725	11.1271	0
-10.8686	11.1266	-0.325514	-10.8686	11.1266	0
-9.81247	11.1698	-0.331036	-9.81247	11.1698	0
-8.73501	11.145	-0.32275	-8.73501	11.145	0
-7.70222	11.1862	-0.299655	-7.70222	11.1862	0
-6.61634	11.1828	-0.321219	-6.61634	11.1828	0
-5.5909	11.1103	-0.32248	-5.5909	11.1103	0
-4.58607	11.197	-0.34109	-4.58607	11.197	0
-3.57597	11.1923	-0.30967	-3.57597	11.1923	0
-2.52787	11.211	-0.312191	-2.52787	11.211	0
-1.43987	11.1774	-0.337239	-1.43987	11.1774	0
-0.416696	-11.6101	-0.335082	-0.416696	-11.6101	0
0.602795	-11.5753	-0.296966	0.602795	-11.5753	0
1.63258	-11.6244	-0.308644	1.63258	-11.6244	0
2.66581	-11.64	-0.299813	2.66581	-11.64	0
3.66695	-11.6052	-0.344632	3.66695	-11.6052	0
4.74937	-11.6004	-0.310647	4.74937	-11.6004	0
5.80646	-11.5908	-0.31991	5.80646	-11.5908	0
6.77459	-11.586	-0.296373	6.77459	-11.586	0
7.76428	-11.666	-0.336399	7.76428	-11.666	0
8.81614	-11.5829	-0.357023	8.81614	-11.5829	0
9.89397	-11.6209	-0.324841	9.89397	-11.6209	0
10.8675	-11.6381	-0.316834	10.8675	-11.6381	0
-11.8271	-11.6504	-0.311439	-11.8271	-11.6504	0
-10.7782	-11.6036	-0.315458	-10.7782	-11.6036	0
-9.76546	-11.6018	-0.321889	-9.76546	-11.6018	0
-8.7802	-11.6039	-0.333162	-8.7802	-11.6039	0
-7.70556	-11.6103	-0.313127	-7.70556	-11.6103	0
-6.67251	-11.5852	-0.324586	-6.67251	-11.5852	0
-5.54839	-11.6254	-0.295611	-5.54839	-11.6254	0
-4.49592	-11.5968	-0.325478	-4.49592	-11.5968	0
-3.48942	-11.5442	-0.324547	-3.48942	-11.5442	0
-2.50558	-11.479	-0.341307	-2.50558	-11.479	0
-1.46457	-11.5283	-0.313299	-1.46457	-11.5283	0
-0.45946	-10.5674	-0.355733	-0.45946	-10.5674	0
0.574441	-10.5557	-0.304304	0.574441	-10.5557	0
1.60567	-10.5871	-0.314021	1.60567	-10.5871	0
2.65986	-10.6596	-0.308733	2.65986	-10.6596	0
3.7111	-10.5924	-0.304476	3.7111	-10.5924	0
4.7623	-10.571	-0.305998	4.7623	-10.571	0
5.73363	-10.5604	-0.32965	5.73363	-10.5604	0
6.80112	-10.6055	-0.30876	6.80112	-10.6055	0
7.85882	-10.6393	-0.333247	7.85882	-10.6393	0
8.89516	-10.5622	-0.278158	8.89516	-10.5622	0
9.90411	-10.5294	-0.31468	9.90411	-10.5294	0
10.9022	-10.5589	-0.305886	10.9022	-10.5589	0
-11.8446	-10.6425	-0.32955	-11.8446	-10.6425	0
-10.8207	-10.5952	-0.328732	-10.8207	-10.5952	0
-9.72245	-10.5239	-0.315642	-9.72245	-10.5239	0
-8.7539	-10.5785	-0.332012	-8.7539	-10.5785	0
-7.66544	-10.5144	-0.32849	-7.66544	-10.5144	0
-6.63279	-10.5635	-0.329558	-6.63279	-10.5635	0
-5.59615	-10.6175	-0.300172	-5.59615	-10.6175	0
-4.50939	-10.6331	-0.342273	-4.50939	-10.6331	0
-3.47047	-10.506	-0.317888	-3.47047	-10.506	0
-2.46063	-10.4227	-0.295327	-2.46063	-10.4227	0
-1.46087	-10.5441	-0.275391	-1.46087	-10.5441	0
-0.376149	-9.44036	-0.323292	-0.376149	-9.44036	0
0.666427	-9.43468	-0.352924	0.666427	-9.43468	0
1.67548	-9.52842	-0.315206	1.67548	-9.52842	0
2.72744	-9.51382	-0.336017	2.72744	-9.51382	0
3.72954	-9.59273	-0.296146	3.72954	-9.59273	0
4.72064	-9.51027	-0.2938	4.72064	-9.51027	0
5.77227	-9.46576	-0.340802	5.77227	-9.46576	0
6.78962	-9.60167	-0.299089	6.78962	-9.60167	0
7.82593	-9.54733	-0.328837	7.82593	-9.54733	0
8.82872	-9.61254	-0.325823	8.82872	-9.61254	0
9.96047	-9.52897	-0.325306	9.96047	-9.52897	0
10.948	-9.51546	-0.307304	10.948	-9.51546	0
-11.8081	-9.55838	-0.286795	-11.8081	-9.55838	0
-10.7934	-9.57512	-0.309365	-10.7934	-9.57512	0
-9.80838	-9.51932	-0.318278	-9.80838	-9.51932	0
-8.78011	-9.5204	-0.312079	-8.78011	-9.5204	0
-7.62369	-9.4979	-0.301455	-7.62369	-9.4979	0
-6.64621	-9.54093	-0.319037	-6.64621	-9.54093	0
-5.60164	-9.52958	-0.301388	-5.60164	-9.52958	0
-4.55739	-9.46399	-0.340181	-4.55739	-9.46399	0
-3.50114	-9.53876	-0.308853	-3.50114	-9.53876	0
-2.46882	-9.43151	-0.321397	-2.46882	-9.43151	0
-1.40703	-9.49437	-0.327492	-1.40703	-9.49437	0
-0.419759	-8.44671	-0.29953	-0.419759	-8.44671	0
0.603363	-8.41557	-0.299941	0.603363	-8.41557	0
1.65161	-8.45864	-0.328314	1.65161	-8.45864	0
2.6588	-8.51974	-0.320373	2.6588	-8.51974	0
3.69934	-8.49976	-0.284103	3.69934	-8.49976	0
4.75274	-8.45578	-0.286717	4.75274	-8.45578	0
5.81252	-8.4472	-0.314782	5.81252	-8.4472	0
6.88138	-8.527	-0.339393	6.88138	-8.527	0
7.92414	-8.56457	-0.306476	7.92414	-8.56457	0
8.94084	-8.54631	-0.324734	8.94084	-8.54631	0
9.96764	-8.46469	-0.348878	9.96764	-8.46469	0
10.9636	-8.4748	-0.32016	10.9636	-8.4748	0
-11.7638	-8.50135	-0.301812	-11.7638	-8.50135	0
-10.7627	-8.49249	-0.321672	-10.7627	-8.49249	0
-9.78933	-8.50882	-0.321179	-9.78933	-8.50882	0
-8.69112	-8.48551	-0.308238	-8.69112	-8.48551	0
-7.65758	-8.48925	-0.336944	-7.65758	-8.48925	0
-6.63086	-8.46676	-0.30397	-6.63086	-8.46676	0
-5.63668	-8.46097	-0.305863	-5.63668	-8.46097	0
-4.56933	-8.45821	-0.348741	-4.56933	-8.45821	0
-3.60965	-8.46343	-0.326116	-3.60965	-8.46343	0
-2.51062	-8.35391	-0.297995	-2.51062	-8.35391	0
-1.46025	-8.39552	-0.281672	-1.46025	-8.39552	0
-0.376688	-7.43368	-0.321193	-0.376688	-7.43368	0
0.684674	-7.42556	-0.315493	0.684674	-7.42556	0
1.67496	-7.42595	-0.33931	1.67496	-7.42595	0
2.6997	-7.49009	-0.327381	2.6997	-7.49009	0
3.74006	-7.4665	-0.352612	3.74006	-7.4665	0
4.79201	-7.42552	-0.291228	4.79201	-7.42552	0
5.84332	-7.434	-0.318237	5.84332	-7.434	0
6.84985	-7.48105	-0.311938	6.84985	-7.48105	0
7.8573	-7.56241	-0.306711	7.8573	-7.56241	0
8.89995	-7.51739	-0.318821	8.89995	-7.51739	0
9.86803	-7.47291	-0.327388	9.86803	-7.47291	0
10.9848	-7.43306	-0.325974	10.9848	-7.43306	0
-11.8044	-7.42886	-0.30209	-11.8044	-7.42886	0
-10.7436	-7.39584	-0.313961	-10.7436	-7.39584	0
-9.68081	-7.39708	-0.312897	-9.68081	-7.39708	0
-8.6925	-7.46389	-0.299977	-8.6925	-7.46389	0
-7.69717	-7.48944	-0.313916	-7.69717	-7.48944	0
-6.69533	-7.44701	-0.302293	-6.69533	-7.44701	0
-5.66004	-7.443	-0.329749	-5.66004	-7.443	0
-4.67301	-7.4012	-0.317836	-4.67301	-7.4012	0
-3.59874	-7.39349	-0.337717	-3.59874	-7.39349	0
-2.50411	-7.3608	-0.297633	-2.50411	-7.3608	0
-1.45228	-7.43112	-0.349219	-1.45228	-7.43112	0
-0.413812	-6.35993	-0.300086	-0.413812	-6.35993	0
0.684502	-6.39117	-0.307785	0.684502	-6.39117	0
1.71828	-6.42861	-0.320669	1.71828	-6.42861	0
2.7041	-6.42586	-0.334662	2.7041	-6.42586	0
3.73929	-6.41287	-0.313925	3.73929	-6.41287	0
4.76637	-6.45821	-0.312157	4.76637	-6.45821	0
5.80122	-6.41475	-0.314581	5.80122	-6.41475	0
6.83663	-6.47082	-0.317708	6.83663	-6.47082	0
7.87884	-6.47657	-0.315098	7.87884	-6.47657	0
8.87937	-6.43845	-0.285428	8.87937	-6.43845	0
9.87935	-6.38575	-0.311738	9.87935	-6.38575	0
10.8732	-6.44984	-0.311534	10.8732	-6.44984	0
-11.8691	-6.398	-0.325581	-11.8691	-6.398	0
-10.7977	-6.3786	-0.308481	-10.7977	-6.3786	0
-9.79656	-6.35428	-0.323524	-9.79656	-6.35428	0
-8.74692	-6.4446	-0.343583	-8.74692	-6.4446	0
-7.67797	-6.42049	-0.314213	-7.67797	-6.42049	0
-6.65876	-6.39161	-0.353838	-6.65876	-6.39161	0
-5.67301	-6.3877	-0.301391	-5.67301	-6.3877	0
-4.63158	-6.35269	-0.306304	-4.63158	-6.35269	0
-3.59739	-6.37486	-0.297898	-3.59739	-6.37486	0
-2.58442	-6.36071	-0.337915	-2.58442	-6.36071	0
-1.4973	-6.36048	-0.335719	-1.4973	-6.36048	0
-0.397136	-5.36863	-0.326341	-0.397136	-5.36863	0
0.662452	-5.41206	-0.327767	0.662452	-5.41206	0
1.6489	-5.39981	-0.33367	1.6489	-5.39981	0
2.72921	-5.35853	-0.307078	2.72921	-5.35853	0
3.77664	-5.40804	-0.3296	3.77664	-5.40804	0
4.76207	-5.39716	-0.321034	4.76207	-5.39716	0
5.76117	-5.43092	-0.326391	5.76117	-5.43092	0
6.77641	-5.38738	-0.32352	6.77641	-5.38738	0
7.80373	-5.42386	-0.303398	7.80373	-5.42386	0
8.80118	-5.3929	-0.29163	8.80118	-5.3929	0
9.80918	-5.37304	-0.307431	9.80918	-5.37304	0
10.8866	-5.32746	-0.322673	10.8866	-5.32746	0
-11.9278	-5.41315	-0.2971	11.8582	-5.41315	0
-10.8812	-5.39846	-0.325426	-10.8812	-5.39846	0
-9.85924	-5.37963	-0.332602	-9.85924	-5.37963	0
-8.72843	-5.38477	-0.317656	-8.72843	-5.38477	0
-7.70123	-5.38247	-0.334061	-7.70123	-5.38247	0
-6.6941	-5.37976	-0.347668	-6.6941	-5.37976	0
-5.67303	-5.40996	-0.32578	-5.67303	-5.40996	0
-4.64621	-5.37328	-0.312473	-4.64621	-5.37328	0
-3.61575	-5.30572	-0.319618	-3.61575	-5.30572	0
-2.54232	-5.33233	-0.322027	-2.54232	-5.33233	0
-1.48613	-5.36576	-0.311303	-1.48613	-5.36576	0
-0.389733	-4.33378	-0.292007	-0.389733	-4.33378	0
0.612143	-4.35751	-0.318782	0.612143	-4.35751	0
1.63798	-4.36097	-0.334868	1.63798	-4.36097	0
2.66672	-4.36004	-0.296712	2.66672	-4.36004	0
3.74878	-4.37249	-0.298243	3.74878	-4.37249	0
4.72134	-4.39952	-0.326082	4.72134	-4.39952	0
5.74017	-4.38778	-0.336475	5.74017	-4.38778	0
6.7589	-4.34396	-0.327029	6.7589	-4.34396	0
7.81984	-4.3301	-0.311407	7.81984	-4.3301	0
8.81323	-4.3185	-0.31831	8.81323	-4.3185	0
9.82143	-4.32723	-0.332909	9.82143	-4.32723	0
10.8155	-4.35048	-0.301189	10.8155	-4.35048	0
-11.9245	-4.31999	-0.339753	11.8615	-4.31999	0
-10.8143	-4.33499	-0.327936	-10.8143	-4.33499	0
-9.78839	-4.40612	-0.34886	-9.78839	-4.40612	0
-8.75993	-4.38918	-0.299253	-8.75993	-4.38918	0
-7.68257	-4.34671	-0.305788	-7.68257	-4.34671	0
-6.6635	-4.33473	-0.31694	-6.6635	-4.33473	0
-5.67565	-4.34432	-0.34038	-5.67565	-4.34432	0
-4.59863	-4.29715	-0.306358	-4.59863	-4.29715	0
-3.57504	-4.31789	-0.310111	-3.57504	-4.31789	0
-2.49981	-4.3814	-0.31951	-2.49981	-4.3814	0
-1.4435	-4.36741	-0.322815	-1.4435	-4.36741	0
-0.400255	-3.2786	-0.306309	-0.400255	-3.2786	0
0.609264	-3.33096	-0.321305	0.609264	-3.33096	0
1.64267	-3.28394	-0.322402	1.64267	-3.28394	0
2.65986	-3.32914	-0.329619	2.65986	-3.32914	0
3.73607	-3.32968	-0.326616	3.73607	-3.32968	0
4.72851	-3.38291	-0.303208	4.72851	-3.38291	0
5.75906	-3.29771	-0.302733	5.75906	-3.29771	0
6.73884	-3.34031	-0.315185	6.73884	-3.34031	0
7.76298	-3.32456	-0.325808	7.76298	-3.32456	0
8.78888	-3.33536	-0.310249	8.78888	-3.33536	0
9.81988	-3.24944	-0.331674	9.81988	-3.24944	0
10.853	-3.30222	-0.308003	10.853	-3.30222	0
-11.8932	-3.36393	-0.338467	11.8928	-3.36393	0
-10.8506	-3.30318	-0.30639	-10.8506	-3.30318	0
-9.81293	-3.34378	-0.299819	-9.81293	-3.34378	0
-8.7895	-3.3171	-0.328919	-8.7895	-3.3171	0
-7.73709	-3.33974	-0.34798	-7.73709	-3.33974	0
-6.73425	-3.29287	-0.2929	-6.73425	-3.29287	0
-5.65436	-3.29853	-0.31789	-5.65436	-3.29853	0
-4.60908	-3.30357	-0.316122	-4.60908	-3.30357	0
-3.53108	-3.31979	-0.306085	-3.53108	-3.31979	0
-2.51706	-3.34847	-0.328737	-2.51706	-3.34847	0
-1.43394	-3.36023	-0.305112	-1.43394	-3.36023	0
-0.492722	-2.26541	-0.305302	-0.492722	-2.26541	0
0.558659	-2.30034	-0.305637	0.558659	-2.30034	0
1.60024	-2.28743	-0.311566	1.60024	-2.28743	0
2.62035	-2.2622	-0.331339	2.62035	-2.2622	0
3.65	-2.32586	-0.313572	3.65	-2.32586	0
4.64271	-2.34557	-0.318704	4.64271	-2.34557	0
5.66061	-2.286	-0.311519	5.66061	-2.286	0
6.72182	-2.29307	-0.325583	6.72182	-2.29307	0
7.7831	-2.24553	-0.324219	7.7831	-2.24553	0
8.82142	-2.30895	-0.329088	8.82142	-2.30895	0
9.85888	-2.25	-0.311912	9.85888	-2.25	0
10.8773	-2.28642	-0.3129	10.8773	-2.28642	0
-11.8834	-2.2942	-0.319241	-11.8834	-2.2942	0
-10.8594	-2.27993	-0.307568	-10.8594	-2.27993	0
-9.78749	-2.29468	-0.300647	-9.78749	-2.29468	0
-8.82265	-2.26773	-0.306984	-8.82265	-2.26773	0
-7.76251	-2.29512	-0.297417	-7.76251	-2.29512	0
-6.71756	-2.28073	-0.318492	-6.71756	-2.28073	0
-5.62321	-2.26424	-0.336236	-5.62321	-2.26424	0
-4.59475	-2.3144	-0.328251	-4.59475	-2.3144	0
-3.54821	-2.2717	-0.289692	-3.54821	-2.2717	0
-2.54223	-2.34272	-0.334834	-2.54223	-2.34272	0
-1.53317	-2.34352	-0.320464	-1.53317	-2.34352	0
-0.48658	-1.28117	-0.305039	-0.48658	-1.28117	0
0.572291	-1.27092	-0.284028	0.572291	-1.27092	0
1.57859	-1.21276	-0.295869	1.57859	-1.21276	0
2.59841	-1.22079	-0.330977	2.59841	-1.22079	0
3.58018	-1.26976	-0.3138	3.58018	-1.26976	0
4.6183	-1.30281	-0.355639	4.6183	-1.30281	0
5.69785	-1.26832	-0.300401	5.69785	-1.26832	0
6.74192	-1.25661	-0.32482	6.74192	-1.25661	0
7.77936	-1.21263	-0.336312	7.77936	-1.21263	0
8.83182	-1.20385	-0.323778	8.83182	-1.20385	0
9.84254	-1.21215	-0.28777	9.84254	-1.21215	0
10.8775	-1.26331	-0.325021	10.8775	-1.26331	0
-11.8855	-1.29258	-0.293807	-11.8855	-1.29258	0
-10.8824	-1.24183	-0.314279	-10.8824	-1.24183	0
-9.82536	-1.24767	-0.335477	-9.82536	-1.24767	0
-8.7833	-1.29461	-0.32512	-8.7833	-1.29461	0
-7.64995	-1.23582	-0.298595	-7.64995	-1.23582	0
-6.6319	-1.23317	-0.301632	-6.6319	-1.23317	0
-5.58434	-1.25367	-0.319224	-5.58434	-1.25367	0
-4.56948	-1.26712	-0.342463	-4.56948	-1.26712	0
-3.57358	-1.19394	-0.32175	-3.57358	-1.19394	0
-2.55633	-1.31196	-0.333258	-2.55633	-1.31196	0
-1.54613	-1.32792	-0.326105	-1.54613	-1.32792	0
0.0162708	0.271955	0.32264	0.0162708	0.271955	0
1.0099	0.342984	0.282449	1.0099	0.342984	0
2.02303	0.355537	0.319419	2.02303	0.355537	0
3.08304	0.289148	0.317522	3.08304	0.289148	0
4.16645	0.298802	0.292575	4.16645	0.298802	0
5.16612	0.276194	0.301106	5.16612	0.276194	0
6.20155	0.302232	0.284022	6.20155	0.302232	0
7.24212	0.250172	0.322413	7.24212	0.250172	0
8.29105	0.312915	0.3254	8.29105	0.312915	0
9.33059	0.371642	0.312421	9.33059	0.371642	0
10.3639	0.236376	0.297186	10.3639	0.236376	0
11.3883	0.281053	0.340049	11.3883	0.281053	0
-11.3317	0.364124	0.327147	-11.3317	0.364124	0
-10.3088	0.304782	0.307346	-10.3088	0.304782	0
-9.24704	0.237236	0.307544	-9.24704	0.237236	0
-8.24202	0.297009	0.312983	-8.24202	0.297009	0
-7.13169	0.311628	0.327193	-7.13169	0.311628	0
-6.15106	0.335079	0.310822	-6.15106	0.335079	0
-5.11114	0.365554	0.293084	-5.11114	0.365554	0
-4.11534	0.346519	0.322676	-4.11534	0.346519	0
-3.03714	0.374319	0.312684	-3.03714	0.374319	0
-2.07213	0.264164	0.323048	-2.07213	0.264164	0
-1.00673	0.243501	0.33402	-1.00673	0.243501	0
6.1533e-05	1.36128	0.316341	6.1533e-05	1.36128	0
1.01918	1.32384	0.336774	1.01918	1.32384	0
2.05095	1.36651	0.310956	2.05095	1.36651	0
3.08993	1.34788	0.326949	3.08993	1.34788	0
4.11254	1.31637	0.297578	4.11254	1.31637	0
5.19829	1.28223	0.305833	5.19829	1.28223	0
6.17127	1.29632	0.315542	6.17127	1.29632	0
7.24594	1.30434	0.3085	7.24594	1.30434	0
8.2535	1.3819	0.340641	8.2535	1.3819	0
9.32606	1.35924	0.275519	9.32606	1.35924	0
10.3663	1.29039	0.302364	10.3663	1.29039	0
11.3594	1.30798	0.33245	11.3594	1.30798	0
-11.4123	1.34521	0.310736	-11.4123	1.34521	0
-10.3093	1.32579	0.336238	-10.3093	1.32579	0
-9.24284	1.27121	0.303281	-9.24284	1.27121	0
-8.25201	1.31273	0.280441	-8.25201	1.31273	0
-7.20355	1.39366	0.315406	-7.20355	1.39366	0
-6.19549	1.37968	0.313188	-6.19549	1.37968	0
-5.12757	1.32414	0.312555	-5.12757	1.32414	0
-4.11725	1.38307	0.321033	-4.11725	1.38307	0
-3.01303	1.39866	0.304028	-3.01303	1.39866	0
-1.97358	1.31266	0.310553	-1.97358	1.31266	0
-1.00938	1.3015	0.315495	-1.00938	1.3015	0
0.0435337	2.39085	0.324576	0.0435337	2.39085	0
1.11291	2.38524	0.339255	1.11291	2.38524	0
2.1277	2.35773	0.310743	2.1277	2.35773	0
3.15854	2.40538	0.294765	3.15854	2.40538	0
4.15095	2.39873	0.328672	4.15095	2.39873	0
5.18319	2.3626	0.336207	5.18319	2.3626	0
6.19658	2.30929	0.322765	6.19658	2.30929	0
7.25141	2.36988	0.319492	7.25141	2.36988	0
8.28235	2.39681	0.310023	8.28235	2.39681	0
9.31448	2.32386	0.307166	9.31448	2.32386	0
10.3177	2.31365	0.327616	10.3177	2.31365	0
11.3388	2.30814	0.32519	11.3388	2.30814	0
-11.3341	2.33912	0.318584	-11.3341	2.33912	0
-10.2495	2.38241	0.344685	-10.2495	2.38241	0
-9.30793	2.26423	0.299519	-9.30793	2.26423	0
-8.24061	2.34388	0.314762	-8.24061	2.34388	0
-7.17021	2.46428	0.310944	-7.17021	2.46428	0
-6.10733	2.48307	0.324662	-6.10733	2.48307	0
-5.13025	2.38107	0.29859	-5.13025	2.38107	0
-4.10839	2.42086	0.33118	-4.10839	2.42086	0
-3.06273	2.41746	0.328086	-3.06273	2.41746	0
-1.98652	2.37054	0.311854	-1.98652	2.37054	0
-0.940565	2.34797	0.309837	-0.940565	2.34797	0
0.00967352	3.44848	0.311801	0.00967352	3.44848	0
1.14161	3.42303	0.346797	1.14161	3.42303	0
2.1592	3.37187	0.305663	2.1592	3.37187	0
3.13306	3.44047	0.31341	3.13306	3.44047	0
4.1405	3.45555	0.2994	4.1405	3.45555	0
5.19642	3.43193	0.314598	5.19642	3.43193	0
6.17696	3.3798	0.318569	6.17696	3.3798	0
7.2529	3.37248	0.312635	7.2529	3.37248	0
8.33778	3.42833	0.320129	8.33778	3.42833	0
9.36465	3.34187	0.319245	9.36465	3.34187	0
10.3788	3.35866	0.313752	10.3788	3.35866	0
11.4112	3.32011	0.291628	11.4112	3.32011	0
-11.3237	3.39997	0.301843	-11.3237	3.39997	0
-10.2523	3.36045	0.297821	-10.2523	3.36045	0
-9.26642	3.35723	0.320828	-9.26642	3.35723	0
-8.25724	3.40411	0.28097	-8.25724	3.40411	0
-7.18196	3.45671	0.320716	-7.18196	3.45671	0
-6.08384	3.4736	0.28499	-6.08384	3.4736	0
-5.02917	3.43318	0.316405	-5.02917	3.43318	0
-4.07128	3.40532	0.323628	-4.07128	3.40532	0
-3.07956	3.40205	0.293351	-3.07956	3.40205	0
-2.02539	3.42496	0.307913	-2.02539	3.42496	0
-1.01893	3.37721	0.319626	-1.01893	3.37721	0
0.0523545	4.45812	0.315069	0.0523545	4.45812	0
1.02914	4.43733	0.330989	1.02914	4.43733	0
2.17458	4.39684	0.334565	2.17458	4.39684	0
3.13219	4.43585	0.324997	3.13219	4.43585	0
4.20705	4.48866	0.328686	4.20705	4.48866	0
5.24068	4.46406	0.316283	5.24068	4.46406	0
6.24438	4.41019	0.345473	6.24438	4.41019	0
7.23312	4.35714	0.310387	7.23312	4.35714	0
8.31394	4.47133	0.311774	8.31394	4.47133	0
9.25816	4.37726	0.32623	9.25816	4.37726	0
10.3307	4.39026	0.316053	10.3307	4.39026	0
11.3747	4.40061	0.321894	11.3747	4.40061	0
-11.3812	4.40026	0.310472	-11.3812	4.40026	0
-10.3185	4.37592	0.318766	-10.3185	4.37592	0
-9.22945	4.37594	0.335823	-9.22945	4.37594	0
-8.19844	4.40962	0.328704	-8.19844	4.40962	0
-7.12371	4.45522	0.285993	-7.12371	4.45522	0
-6.10965	4.43781	0.309765	-6.10965	4.43781	0
-5.13785	4.4729	0.333922	-5.13785	4.4729	0
-4.06316	4.47802	0.328427	-4.06316	4.47802	0
-3.08935	4.42089	0.317701	-3.08935	4.42089	0
-2.08886	4.46302	0.332208	-2.08886	4.46302	0
-1.04118	4.4778	0.339211	-1.04118	4.4778	0
0.0464931	5.45696	0.308501	0.0464931	5.45696	0
1.07237	5.46369	0.298103	1.07237	5.46369	0
2.09824	5.43792	0.321628	2.09824	5.43792	0
3.13382	5.43258	0.313048	3.13382	5.43258	0
4.17033	5.48488	0.273766	4.17033	5.48488	0
5.19085	5.47299	0.311843	5.19085	5.47299	0
6.21399	5.50866	0.322936	6.21399	5.50866	0
7.23738	5.42107	0.288961	7.23738	5.42107	0
8.27866	5.45853	0.314511	8.27866	5.45853	0
9.34991	5.42546	0.340127	9.34991	5.42546	0
10.3713	5.49169	0.305935	10.3713	5.49169	0
11.4107	5.43397	0.305529	11.4107	5.43397	0
-11.3621	5.43335	0.306101	-11.3621	5.43335	0
-10.2956	5.47493	0.302784	-10.2956	5.47493	0
-9.22686	5.35221	0.319195	-9.22686	5.35221	0
-8.21671	5.47399	0.325417	-8.21671	5.47399	0
-7.1773	5.43399	0.306101	-7.1773	5.43399	0
-6.1967	5.54093	0.323532	-6.1967	5.54093	0
-5.12691	5.51197	0.323676	-5.12691	5.51197	0
-4.09705	5.51276	0.328214	-4.09705	5.51276	0
-3.08785	5.47413	0.301093	-3.08785	5.47413	0
-1.97339	5.51141	0.316142	-1.97339	5.51141	0
-1.01568	5.45756	0.304983	-1.01568	5.45756	0
-0.0332689	6.47446	0.328083	-0.0332689	6.47446	0
1.02263	6.4437	0.2987	1.02263	6.4437	0
2.04321	6.49895	0.319623	2.04321	6.49895	0
3.07519	6.48203	0.342062	3.07519	6.48203	0
4.13365	6.46369	0.316317	4.13365	6.46369	0
5.19308	6.53434	0.322666	5.19308	6.53434	0
6.24511	6.52618	0.323572	6.24511	6.52618	0
7.25549	6.4677	0.311682	7.25549	6.4677	0
8.32861	6.51573	0.329622	8.32861	6.51573	0
9.33643	6.45678	0.319283	9.33643	6.45678	0
10.3832	6.51257	0.291822	10.3832	6.51257	0
11.3977	6.46369	0.297513	11.3977	6.46369	0
-11.3637	6.48546	0.34556	-11.3637	6.48546	0
-10.3334	6.44606	0.302678	-10.3334	6.44606	0
-9.2555	6.46	0.317563	-9.2555	6.46	0
-8.23443	6.46598	0.312276	-8.23443	6.46598	0
-7.22295	6.49938	0.327858	-7.22295	6.49938	0
-6.19654	6.5964	0.328814	-6.19654	6.5964	0
-5.16607	6.52889	0.334622	-5.16607	6.52889	0
-4.15219	6.50225	0.312994	-4.15219	6.50225	0
-3.05421	6.44393	0.312402	-3.05421	6.44393	0
-2.03462	6.57927	0.295552	-2.03462	6.57927	0
-1.00337	6.53775	0.318902	-1.00337	6.53775	0
0.0225358	7.54222	0.326827	0.0225358	7.54222	0
1.03324	7.49783	0.305494	1.03324	7.49783	0
2.12557	7.47353	0.340589	2.12557	7.47353	0
3.1646	7.51529	0.290997	3.1646	7.51529	0
4.14699	7.52424	0.309359	4.14699	7.52424	0
5.11354	7.52393	0.331832	5.11354	7.52393	0
6.18299	7.52473	0.326559	6.18299	7.52473	0
7.23208	7.55028	0.268213	7.23208	7.55028	0
8.30307	7.52817	0.329947	8.30307	7.52817	0
9.33596	7.50753	0.296153	9.33596	7.50753	0
10.3799	7.54418	0.320141	10.3799	7.54418	0
11.4194	7.53449	0.303712	11.4194	7.53449	0
-11.3615	7.50238	0.305877	-11.3615	7.50238	0
-10.3309	7.49978	0.312372	-10.3309	7.49978	0
-9.28873	7.48165	0.324892	-9.28873	7.48165	0
-8.24946	7.5079	0.294551	-8.24946	7.5079	0
-7.20634	7.53066	0.326757	-7.20634	7.53066	0
-6.16618	7.61289	0.299766	-6.16618	7.61289	0
-5.11685	7.55865	0.327186	-5.11685	7.55865	0
-4.03447	7.52661	0.306624	-4.03447	7.52661	0
-3.07592	7.58201	0.288551	-3.07592	7.58201	0
-2.05088	7.61396	0.294862	-2.05088	7.61396	0
-0.979658	7.61532	0.321704	-0.979658	7.61532	0
0.0165166	8.57984	0.322825	0.0165166	8.57984	0
1.0479	8.50482	0.332988	1.0479	8.50482	0
2.11783	8.53927	0.310848	2.11783	8.53927	0
3.17867	8.51199	0.339437	3.17867	8.51199	0
4.19079	8.57035	0.328292	4.19079	8.57035	0
5.15634	8.59353	0.315586	5.15634	8.59353	0
6.21844	8.56064	0.321438	6.21844	8.56064	0
7.2326	8.566	0.318964	7.2326	8.566	0
8.29016	8.51711	0.346347	8.29016	8.51711	0
9.33478	8.59295	0.350831	9.33478	8.59295	0
10.399	8.54391	0.31977	10.399	8.54391	0
11.427	8.59338	0.324486	11.427	8.59338	0
-11.3328	8.5042	0.34321	-11.3328	8.5042	0
-10.2542	8.53547	0.331452	-10.2542	8.53547	0
-9.25102	8.4667	0.327465	-9.25102	8.4667	0
-8.23181	8.50903	0.316034	-8.23181	8.50903	0
-7.18743	8.58571	0.295844	-7.18743	8.58571	0
-6.16483	8.59705	0.323	-6.16483	8.59705	0
-5.10652	8.56526	0.316012	-5.10652	8.56526	0
-4.13183	8.62158	0.318618	-4.13183	8.62158	0
-3.08559	8.5952	0.345408	-3.08559	8.5952	0
-2.10472	8.60304	0.323879	-2.10472	8.60304	0
-1.00774	8.60505	0.3132	-1.00774	8.60505	0
0.00932832	9.59974	0.338907	0.00932832	9.59974	0
1.05105	9.51814	0.316455	1.05105	9.51814	0
2.11632	9.54614	0.332375	2.11632	9.54614	0
3.15784	9.56641	0.322542	3.15784	9.56641	0
4.15449	9.61529	0.285999	4.15449	9.61529	0
5.20979	9.58678	0.305387	5.20979	9.58678	0
6.2234	9.61389	0.350055	6.2234	9.61389	0
7.24266	9.63637	0.313905	7.24266	9.63637	0
8.23546	9.55125	0.330044	8.23546	9.55125	0
9.2882	9.60495	0.318025	9.2882	9.60495	0
10.3994	9.56941	0.322326	10.3994	9.56941	0
11.3911	9.57995	0.324701	11.3911	9.57995	0
-11.3316	9.54463	0.335117	-11.3316	9.54463	0
-10.2655	9.53376	0.325248	-10.2655	9.53376	0
-9.26077	9.60619	0.296297	-9.26077	9.60619	0
-8.25396	9.63626	0.31632	-8.25396	9.63626	0
-7.2101	9.60205	0.317135	-7.2101	9.60205	0
-6.13004	9.62383	0.326339	-6.13004	9.62383	0
-5.12122	9.64236	0.339404	-5.12122	9.64236	0
-4.09033	9.63231	0.312081	-4.09033	9.63231	0
-3.03416	9.65195	0.328757	-3.03416	9.65195	0
-2.03595	9.64155	0.319025	-2.03595	9.64155	0
-1.03852	9.57418	0.351231	-1.03852	9.57418	0
0.0281275	10.6165	0.326244	0.0281275	10.6165	0
1.07354	10.6091	0.318371	1.07354	10.6091	0
2.05515	10.519	0.289799	2.05515	10.519	0
3.1534	10.5652	0.317038	3.1534	10.5652	0
4.15597	10.6182	0.291825	4.15597	10.6182	0
5.17051	10.6219	0.330009	5.17051	10.6219	0
6.25641	10.6604	0.292659	6.25641	10.6604	0
7.29547	10.611	0.32858	7.29547	10.611	0
8.26814	10.5944	0.314868	8.26814	10.5944	0
9.3307	10.6019	0.310253	9.3307	10.6019	0
10.3813	10.6094	0.324392	10.3813	10.6094	0
11.3883	10.6075	0.341057	11.3883	10.6075	0
-11.348	10.5868	0.34498	-11.348	10.5868	0
-10.3629	10.5868	0.314171	-10.3629	10.5868	0
-9.28674	10.6508	0.32012	-9.28674	10.6508	0
-8.22931	10.6176	0.323705	-8.22931	10.6176	0
-7.19219	10.6353	0.327643	-7.19219	10.6353	0
-6.11346	10.6324	0.307388	-6.11346	10.6324	0
-5.10267	10.6817	0.342704	-5.10267	10.6817	0
-4.10668	10.6717	0.303211	-4.10668	10.6717	0
-3.05915	10.7231	0.329259	-3.05915	10.7231	0
-1.9813	10.71	0.327184	-1.9813	10.71	0
-0.964838	10.6461	0.313894	-0.964838	10.6461	0
0.119601	11.6911	0.300583	0.119601	11.6911	0
1.11921	11.6321	0.277373	1.11921	11.6321	0
2.13216	11.5939	0.286287	2.13216	11.5939	0
3.12498	11.5622	0.330434	3.12498	11.5622	0
4.19345	11.6475	0.315773	4.19345	11.6475	0
5.30237	11.6811	0.297211	5.30237	11.6811	0
6.2825	11.6562	0.324524	6.2825	11.6562	0
7.25732	11.6026	0.311609	7.25732	11.6026	0
8.2797	11.6871	0.315208	8.2797	11.6871	0
9.33425	11.6709	0.31979	9.33425	11.6709	0
10.4211	11.6651	0.313234	10.4211	11.6651	0
11.437	11.6393	0.325972	11.437	11.6393	0
-11.2853	11.6199	0.298553	-11.2853	11.6199	0
-10.2965	11.661	0.30825	-10.2965	11.661	0
-9.2864	11.6528	0.293422	-9.2864	11.6528	0
-8.29398	11.6825	0.305308	-8.29398	11.6825	0
-7.15558	11.6934	0.324403	-7.15558	11.6934	0
-6.11731	11.6125	0.32612	-6.11731	11.6125	0
-5.01148	11.6847	0.322263	-5.01148	11.6847	0
-4.03626	11.6837	0.328841	-4.03626	11.6837	0
-3.00379	11.7505	0.328805	-3.00379	11.7505	0
-2.001	11.6947	0.291437	-2.001	11.6947	0
-0.928075	11.6689	0.311208	-0.928075	11.6689	0
0.0369714	-11.0241	0.313681	0.0369714	-11.0241	0
1.14041	-11.0687	0.334036	1.14041	-11.0687	0
2.1312	-11.1238	0.322113	2.1312	-11.1238	0
3.15545	-11.1281	0.34404	3.15545	-11.1281	0
4.17974	-11.1299	0.319064	4.17974	-11.1299	0
5.23488	-11.0825	0.325765	5.23488	-11.0825	0
6.2901	-11.0804	0.326349	6.2901	-11.0804	0
7.33131	-11.1343	0.337696	7.33131	-11.1343	0
8.317	-11.0728	0.302792	8.317	-11.0728	0
9.33298	-11.101	0.310677	9.33298	-11.101	0
10.3788	-11.074	0.319424	10.3788	-11.074	0
11.3752	-11.136	0.310539	11.3752	-11.136	0
-11.3526	-11.0992	0.31468	-11.3526	-11.0992	0
-10.2281	-11.0716	0.295808	-10.2281	-11.0716	0
-9.24114	-11.0791	0.335393	-9.24114	-11.0791	0
-8.19487	-11.0984	0.308059	-8.19487	-11.0984	0
-7.18802	-11.0344	0.282748	-7.18802	-11.0344	0
-6.14372	-11.1465	0.330789	-6.14372	-11.1465	0
-5.05562	-11.0732	0.316362	-5.05562	-11.0732	0
-3.98351	-11.0708	0.319119	-3.98351	-11.0708	0
-3.00589	-10.9759	0.341042	-3.00589	-10.9759	0
-2.01356	-11.0206	0.333104	-2.01356	-11.0206	0
-0.948623	-11.0777	0.321219	-0.948623	-11.0777	0
0.048304	-10.002	0.296564	0.048304	-10.002	0
1.07929	-10.0211	0.318772	1.07929	-10.0211	0
2.15319	-10.0681	0.321791	2.15319	-10.0681	0
3.13936	-10.1057	0.326117	3.13936	-10.1057	0
4.25337	-10.0873	0.315157	4.25337	-10.0873	0
5.29021	-9.95527	0.28309	5.29021	-9.95527	0
6.23791	-10.0422	0.331712	6.23791	-10.0422	0
7.33212	-10.0832	0.282787	7.33212	-10.0832	0
8.29715	-10.0973	0.336289	8.29715	-10.0973	0
9.40342	-10.005	0.307782	9.40342	-10.005	0
10.4395	-10.0016	0.338192	10.4395	-10.0016	0
11.4408	-10.0283	0.296227	11.4408	-10.0283	0
-11.309	-10.0685	0.314934	-11.309	-10.0685	0
-10.2719	-10.1022	0.340129	-10.2719	-10.1022	0
-9.26114	-10.0203	0.329093	-9.26114	-10.0203	0
-8.23096	-10.0639	0.286459	-8.23096	-10.0639	0
-7.14017	-10.0358	0.333529	-7.14017	-10.0358	0
-6.12872	-10.0829	0.314666	-6.12872	-10.0829	0
-5.02259	-10.076	0.284602	-5.02259	-10.076	0
-4.02135	-10.0521	0.29968	-4.02135	-10.0521	0
-2.98828	-9.96694	0.330444	-2.98828	-9.96694	0
-1.95434	-9.93495	0.315733	-1.95434	-9.93495	0
-0.879733	-9.98456	0.319605	-0.879733	-9.98456	0
0.122088	-8.99094	0.328724	0.122088	-8.99094	0
1.18236	-9.03186	0.319305	1.18236	-9.03186	0
2.16682	-9.00233	0.314798	2.16682	-9.00233	0
3.23155	-9.03616	0.315269	3.23155	-9.03616	0
4.19565	-9.03007	0.295882	4.19565	-9.03007	0
5.26362	-8.96032	0.320072	5.26362	-8.96032	0
6.30426	-9.03805	0.321593	6.30426	-9.03805	0
7.33626	-9.02758	0.327386	7.33626	-9.02758	0
8.40229	-9.07517	0.32109	8.40229	-9.07517	0
9.4326	-9.01355	0.304857	9.4326	-9.01355	0
10.4101	-8.94725	0.316306	10.4101	-8.94725	0
11.4666	-8.99979	0.310652	11.4666	-8.99979	0
-11.2391	-9.05603	0.312332	-11.2391	-9.05603	0
-10.2818	-9.03043	0.319056	-10.2818	-9.03043	0
-9.27052	-8.98647	0.334653	-9.27052	-8.98647	0
-8.21861	-9.06047	0.309718	-8.21861	-9.06047	0
-7.13992	-8.96887	0.329102	-7.13992	-8.96887	0
-6.09104	-9.05335	0.339657	-6.09104	-9.05335	0
-5.05614	-8.98721	0.305154	-5.05614	-8.98721	0
-4.03905	-8.98027	0.31928	-4.03905	-8.98027	0
-2.98546	-8.9521	0.315478	-2.98546	-8.9521	0
-1.98448	-8.95301	0.290833	-1.98448	-8.95301	0
-0.975349	-8.96424	0.292993	-0.975349	-8.96424	0
0.0795768	-7.92918	0.343617	0.0795768	-7.92918	0
1.10821	-7.95514	0.335168	1.10821	-7.95514	0
2.12493	-7.96838	0.322473	2.12493	-7.96838	0
3.15934	-7.91263	0.299248	3.15934	-7.91263	0
4.21598	-7.95874	0.307908	4.21598	-7.95874	0
5.34269	-8.01078	0.320729	5.34269	-8.01078	0
6.41759	-8.0094	0.309855	6.41759	-8.0094	0
7.40387	-8.06357	0.338064	7.40387	-8.06357	0
8.41237	-8.05341	0.306087	8.41237	-8.05341	0
9.46341	-8.0483	0.326874	9.46341	-8.0483	0
10.5102	-7.95436	0.30689	10.5102	-7.95436	0
11.5322	-7.96799	0.294597	11.5322	-7.96799	0
-11.2514	-7.96411	0.303094	-11.2514	-7.96411	0
-10.2471	-7.94826	0.338256	-10.2471	-7.94826	0
-9.2288	-7.98535	0.328101	-9.2288	-7.98535	0
-8.21151	-8.04755	0.331005	-8.21151	-8.04755	0
-7.20227	-7.93553	0.323202	-7.20227	-7.93553	0
-6.12882	-7.95842	0.329613	-6.12882	-7.95842	0
-5.09265	-7.98533	0.309118	-5.09265	-7.98533	0
-4.1074	-7.9562	0.288323	-4.1074	-7.9562	0
-3.09564	-7.90013	0.320165	-3.09564	-7.90013	0
-1.97896	-7.86801	0.317814	-1.97896	-7.86801	0
-0.898097	-7.89229	0.346029	-0.898097	-7.89229	0
0.135805	-6.88022	0.29391	0.135805	-6.88022	0
1.20258	-6.9272	0.307715	1.20258	-6.9272	0
2.22029	-6.96898	0.317942	2.22029	-6.96898	0
3.22526	-6.93547	0.295036	3.22526	-6.93547	0
4.22644	-6.93544	0.306735	4.22644	-6.93544	0
5.32806	-6.93468	0.314933	5.32806	-6.93468	0
6.36761	-6.95852	0.317861	6.36761	-6.95852	0
7.37281	-6.96118	0.304317	7.37281	-6.96118	0
8.41902	-7.01158	0.320863	8.41902	-7.01158	0
9.44885	-6.93251	0.303235	9.44885	-6.93251	0
10.4173	-6.95637	0.319978	10.4173	-6.95637	0
11.4799	-6.91874	0.322047	11.4799	-6.91874	0
-11.3154	-6.90422	0.317501	-11.3154	-6.90422	0
-10.2837	-6.90012	0.347465	-10.2837	-6.90012	0
-9.2561	-6.90027	0.319429	-9.2561	-6.90027	0
-8.20682	-6.93914	0.338779	-8.20682	-6.93914	0
-7.19327	-6.9241	0.311099	-7.19327	-6.9241	0
-6.19695	-6.91231	0.330224	-6.19695	-6.91231	0
-5.11863	-6.85058	0.322762	-5.11863	-6.85058	0
-4.12489	-6.89431	0.3197	-4.12489	-6.89431	0
-3.09644	-6.87178	0.308143	-3.09644	-6.87178	0
-2.00889	-6.82172	0.298036	-2.00889	-6.82172	0
-1.00706	-6.87459	0.265151	-1.00706	-6.87459	0
0.0930732	-5.85005	0.308971	0.0930732	-5.85005	0
1.18717	-5.91677	0.340634	1.18717	-5.91677	0
2.1921	-5.89683	0.318053	2.1921	-5.89683	0
3.23206	-5.87656	0.315992	3.23206	-5.87656	0
4.26971	-5.95011	0.298375	4.26971	-5.95011	0
5.25995	-5.95613	0.31163	5.25995	-5.95613	0
6.30467	-5.89194	0.325192	6.30467	-5.89194	0
7.32088	-5.94906	0.321114	7.32088	-5.94906	0
8.31807	-5.94858	0.339705	8.31807	-5.94858	0
9.29646	-5.85457	0.329653	9.29646	-5.85457	0
10.384	-5.8546	0.326098	10.384	-5.8546	0
11.3179	-5.89276	0.31036	11.3179	-5.89276	0
-11.3911	-5.90762	0.302574	-11.3911	-5.90762	0
-10.3239	-5.87703	0.34642	-10.3239	-5.87703	0
-9.28167	-5.89921	0.339131	-9.28167	-5.89921	0
-8.19965	-5.87386	0.311587	-8.19965	-5.87386	0
-7.19501	-5.90897	0.316894	-7.19501	-5.90897	0
-6.2312	-5.90911	0.333893	-6.2312	-5.90911	0
-5.16402	-5.83604	0.325626	-5.16402	-5.83604	0
-4.07122	-5.86559	0.294633	-4.07122	-5.86559	0
-3.05682	-5.86979	0.297357	-3.05682	-5.86979	0
-2.02385	-5.87533	0.291609	-2.02385	-5.87533	0
-0.963437	-5.83779	0.313983	-0.963437	-5.83779	0
0.111304	-4.85613	0.328628	0.111304	-4.85613	0
1.12427	-4.85796	0.322328	1.12427	-4.85796	0
2.1647	-4.86869	0.313904	2.1647	-4.86869	0
3.20415	-4.82004	0.329981	3.20415	-4.82004	0
4.24092	-4.88301	0.324047	4.24092	-4.88301	0
5.22219	-4.8893	0.341906	5.22219	-4.8893	0
6.26816	-4.89517	0.309421	6.26816	-4.89517	0
7.30905	-4.89186	0.329178	7.30905	-4.89186	0
8.33476	-4.86668	0.32514	8.33476	-4.86668	0
9.32154	-4.80343	0.311583	9.32154	-4.80343	0
10.3159	-4.87685	0.319559	10.3159	-4.87685	0
11.388	-4.82093	0.322224	11.388	-4.82093	0
-11.4144	-4.81357	0.280553	-11.4144	-4.81357	0
-10.3486	-4.85346	0.318658	-10.3486	-4.85346	0
-9.28932	-4.8334	0.311869	-9.28932	-4.8334	0
-8.20904	-4.8385	0.316082	-8.20904	-4.8385	0
-7.18164	-4.88233	0.337057	-7.18164	-4.88233	0
-6.17531	-4.86389	0.327272	-6.17531	-4.86389	0
-5.1503	-4.84673	0.300597	-5.1503	-4.84673	0
-4.10048	-4.83623	0.33556	-4.10048	-4.83623	0
-3.08346	-4.81824	0.315242	-3.08346	-4.81824	0
-1.97785	-4.86174	0.319583	-1.97785	-4.86174	0
-0.968605	-4.83641	0.319975	-0.968605	-4.83641	0
0.114913	-3.83425	0.327204	0.114913	-3.83425	0
1.15759	-3.87208	0.315357	1.15759	-3.87208	0
2.17752	-3.81228	0.347004	2.17752	-3.81228	0
3.22554	-3.83047	0.316363	3.22554	-3.83047	0
4.25453	-3.85816	0.327233	4.25453	-3.85816	0
5.22769	-3.84182	0.336434	5.22769	-3.84182	0
6.25314	-3.87168	0.306535	6.25314	-3.87168	0
7.25674	-3.84772	0.301551	7.25674	-3.84772	0
8.30278	-3.80713	0.324353	8.30278	-3.80713	0
9.33973	-3.75783	0.32181	9.33973	-3.75783	0
10.2838	-3.77995	0.309622	10.2838	-3.77995	0
11.3709	-3.83664	0.318555	11.3709	-3.83664	0
-11.3336	-3.82961	0.316495	-11.3336	-3.82961	0
-10.335	-3.85726	0.324382	-10.335	-3.85726	0
-9.30225	-3.85627	0.308166	-9.30225	-3.85627	0
-8.27425	-3.82526	0.314456	-8.27425	-3.82526	0
-7.18818	-3.8294	0.343748	-7.18818	-3.8294	0
-6.17494	-3.83334	0.330614	-6.17494	-3.83334	0
-5.12645	-3.81977	0.358952	-5.12645	-3.81977	0
-4.06817	-3.81648	0.333581	-4.06817	-3.81648	0
-3.0095	-3.8219	0.312685	-3.0095	-3.8219	0
-1.99546	-3.84424	0.29823	-1.99546	-3.84424	0
-0.896451	-3.82356	0.321342	-0.896451	-3.82356	0
0.0710581	-2.77835	0.318601	0.0710581	-2.77835	0
1.10043	-2.84325	0.310356	1.10043	-2.84325	0
2.17811	-2.81623	0.334137	2.17811	-2.81623	0
3.19128	-2.80977	0.295476	3.19128	-2.80977	0
4.18336	-2.8231	0.336683	4.18336	-2.8231	0
5.2028	-2.82912	0.325817	5.2028	-2.82912	0
6.23621	-2.7715	0.300916	6.23621	-2.7715	0
7.26916	-2.82301	0.300773	7.26916	-2.82301	0
8.32185	-2.75197	0.307852	8.32185	-2.75197	0
9.33965	-2.7354	0.321439	9.33965	-2.7354	0
10.3436	-2.80585	0.31158	10.3436	-2.80585	0
11.3997	-2.78484	0.337379	11.3997	-2.78484	0
-11.3743	-2.79681	0.286551	-11.3743	-2.79681	0
-10.2976	-2.7845	0.315723	-10.2976	-2.7845	0
-9.31452	-2.84657	0.285911	-9.31452	-2.84657	0
-8.30572	-2.76753	0.345841	-8.30572	-2.76753	0
-7.28421	-2.81114	0.324715	-7.28421	-2.81114	0
-6.16002	-2.75292	0.288052	-6.16002	-2.75292	0
-5.13808	-2.75425	0.344447	-5.13808	-2.75425	0
-4.06626	-2.81263	0.304264	-4.06626	-2.81263	0
-3.01689	-2.77987	0.307099	-3.01689	-2.77987	0
-2.00699	-2.81988	0.321902	-2.00699	-2.81988	0
-0.943021	-2.83488	0.329383	-0.943021	-2.83488	0
0.0536764	-1.78702	0.345052	0.0536764	-1.78702	0
1.0811	-1.79292	0.304325	1.0811	-1.79292	0
2.10576	-1.71735	0.296673	2.10576	-1.71735	0
3.07906	-1.82489	0.345258	3.07906	-1.82489	0
4.1227	-1.73547	0.345038	4.1227	-1.73547	0
5.14794	-1.78001	0.298182	5.14794	-1.78001	0
6.18283	-1.7495	0.331324	6.18283	-1.7495	0
7.24062	-1.75211	0.307225	7.24062	-1.75211	0
8.29961	-1.75706	0.319435	8.29961	-1.75706	0
9.28617	-1.71828	0.318869	9.28617	-1.71828	0
10.3808	-1.75523	0.322776	10.3808	-1.75523	0
11.3584	-1.77015	0.319198	11.3584	-1.77015	0
-11.4108	-1.79472	0.327782	-11.4108	-1.79472	0
-10.3546	-1.7675	0.301249	-10.3546	-1.7675	0
-9.37859	-1.76508	0.3266	-9.37859	-1.76508	0
-8.25618	-1.71979	0.308038	-8.25618	-1.71979	0
-7.16119	-1.79478	0.313035	-7.16119	-1.79478	0
-6.12844	-1.7667	0.296777	-6.12844	-1.7667	0
-5.07869	-1.76287	0.320082	-5.07869	-1.76287	0
-4.12102	-1.81064	0.298283	-4.12102	-1.81064	0
-3.07193	-1.76528	0.340057	-3.07193	-1.76528	0
-2.06808	-1.78704	0.326629	-2.06808	-1.78704	0
-0.98988	-1.80836	0.333836	-0.98988	-1.80836	0
0.0351194	-0.747064	0.292754	0.0351194	-0.747064	0
1.02938	-0.677988	0.315343	1.02938	-0.677988	0
2.06161	-0.719041	0.315867	2.06161	-0.719041	0
3.12455	-0.784142	0.318024	3.12455	-0.784142	0
4.12703	-0.698724	0.304993	4.12703	-0.698724	0
5.13437	-0.779654	0.331168	5.13437	-0.779654	0
6.18978	-0.71347	0.335347	6.18978	-0.71347	0
7.24585	-0.750996	0.300603	7.24585	-0.750996	0
8.30141	-0.720122	0.323027	8.30141	-0.720122	0
9.29083	-0.697128	0.325497	9.29083	-0.697128	0
10.3737	-0.771018	0.301911	10.3737	-0.771018	0
11.4236	-0.747969	0.277044	11.4236	-0.747969	0
-11.3013	-0.737908	0.310426	-11.3013	-0.737908	0
-10.2851	-0.73656	0.33339	-10.2851	-0.73656	0
-9.24155	-0.752003	0.293407	-9.24155	-0.752003	0
-8.21569	-0.746258	0.298314	-8.21569	-0.746258	0
-7.16889	-0.751722	0.332188	-7.16889	-0.751722	0
-6.13675	-0.737247	0.35275	-6.13675	-0.737247	0
-5.11994	-0.741859	0.317429	-5.11994	-0.741859	0
-4.08587	-0.73073	0.309049	-4.08587	-0.73073	0
-3.02346	-0.719238	0.321426	-3.02346	-0.719238	0
-2.02863	-0.77979	0.29812	-2.02863	-0.77979	0
-1.03346	-0.752968	0.309111	-1.03346	-0.752968	0
