-0.440522	0.016889	-0.291644	-0.440522	0.016889	0
0.607584	0.0789201	-0.32217	0.607584	0.0789201	0
1.67697	0.0466508	-0.322719	1.67697	0.0466508	0
2.78565	0.125478	-0.289103	2.78565	0.125478	0
3.82638	0.16581	-0.283316	3.82638	0.16581	0
4.82565	0.168678	-0.30806	4.82565	0.168678	0
5.88598	0.198689	-0.34001	5.88598	0.198689	0
6.91511	0.195304	-0.321396	6.91511	0.195304	0
7.91933	0.127667	-0.321145	7.91933	0.127667	0
8.92224	0.148552	-0.308806	8.92224	0.148552	0
9.9584	0.21086	-0.337098	9.9584	0.21086	0
10.995	0.162262	-0.307207	10.995	0.162262	0
-11.7812	0.140959	-0.325636	-11.7812	0.140959	0
-10.7355	0.127917	-0.325341	-10.7355	0.127917	0
-9.65333	0.173007	-0.298308	-9.65333	0.173007	0
-8.64236	0.177126	-0.295014	-8.64236	0.177126	0
-7.60785	0.161926	-0.314431	-7.60785	0.161926	0
-6.56729	0.162131	-0.290249	-6.56729	0.162131	0
-5.57103	0.0842884	-0.300238	-5.57103	0.0842884	0
-4.5443	0.0973547	-0.295938	-4.5443	0.0973547	0
-3.50681	0.0698193	-0.304149	-3.50681	0.0698193	0
-2.46112	0.102444	-0.317565	-2.46112	0.102444	0
-1.42421	0.0758278	-0.316893	-1.42421	0.0758278	0
-0.365938	1.08727	-0.302597	-0.365938	1.08727	0
0.624412	1.09875	-0.309188	0.624412	1.09875	0
1.70317	1.09466	-0.315842	1.70317	1.09466	0
2.73282	1.1148	-0.307756	2.73282	1.1148	0
3.77922	1.17968	-0.30477	3.77922	1.17968	0
4.82091	1.14015	-0.290221	4.82091	1.14015	0
5.87789	1.25265	-0.317688	5.87789	1.25265	0
6.84851	1.19525	-0.313031	6.84851	1.19525	0
7.89905	1.13873	-0.324625	7.89905	1.13873	0
8.94842	1.18641	-0.287015	8.94842	1.18641	0
9.94326	1.24073	-0.320567	9.94326	1.24073	0
10.9115	1.21727	-0.327455	10.9115	1.21727	0
-11.818	1.17674	-0.319027	-11.818	1.17674	0
-10.7547	1.14188	-0.341911	-10.7547	1.14188	0
-9.70652	1.20642	-0.317936	-9.70652	1.20642	0
-8.72834	1.20429	-0.32906	-8.72834	1.20429	0
-7.68216	1.16233	-0.328516	-7.68216	1.16233	0
-6.56636	1.12327	-0.283399	-6.56636	1.12327	0
-5.61609	1.14978	-0.320221	-5.61609	1.14978	0
-4.52138	1.08746	-0.304914	-4.52138	1.08746	0
-3.44647	1.11345	-0.318059	-3.44647	1.11345	0
-2.421	1.12905	-0.321189	-2.421	1.12905	0
-1.4062	1.12718	-0.299275	-1.4062	1.12718	0
-0.428374	2.199	-0.291991	-0.428374	2.199	0
0.597247	2.16785	-0.31932	0.597247	2.16785	0
1.63645	2.10641	-0.281119	1.63645	2.10641	0
2.67753	2.12645	-0.300857	2.67753	2.12645	0
3.78193	2.14694	-0.307052	3.78193	2.14694	0
4.82373	2.21991	-0.296207	4.82373	2.21991	0
5.88096	2.30216	-0.291286	5.88096	2.30216	0
6.89206	2.24206	-0.32289	6.89206	2.24206	0
7.89638	2.23533	-0.33174	7.89638	2.23533	0
8.95302	2.26539	-0.311498	8.95302	2.26539	0
9.95226	2.27676	-0.314268	9.95226	2.27676	0
11.0367	2.2434	-0.298843	11.0367	2.2434	0
-11.7513	2.25263	-0.333792	-11.7513	2.25263	0
-10.7243	2.25534	-0.303445	-10.7243	2.25534	0
-9.74902	2.20286	-0.276577	-9.74902	2.20286	0
-8.70373	2.25451	-0.327106	-8.70373	2.25451	0
-7.71614	2.15933	-0.313307	-7.71614	2.15933	0
-6.65684	2.14069	-0.321032	-6.65684	2.14069	0
-5.558	2.1191	-0.311543	-5.558	2.1191	0
-4.56573	2.15075	-0.290135	-4.56573	2.15075	0
-3.52613	2.10981	-0.313757	-3.52613	2.10981	0
-2.51177	2.14938	-0.347809	-2.51177	2.14938	0
-1.43917	2.13999	-0.305545	-1.43917	2.13999	0
-0.376151	3.18911	-0.324918	-0.376151	3.18911	0
0.636457	3.25415	-0.30605	0.636457	3.25415	0
1.68168	3.14552	-0.315616	1.68168	3.14552	0
2.74428	3.09801	-0.320584	2.74428	3.09801	0
3.78959	3.17015	-0.334089	3.78959	3.17015	0
4.81727	3.22956	-0.327748	4.81727	3.22956	0
5.84325	3.27165	-0.296602	5.84325	3.27165	0
6.89423	3.32175	-0.305748	6.89423	3.32175	0
7.90661	3.24016	-0.296995	7.90661	3.24016	0
8.95037	3.24501	-0.338624	8.95037	3.24501	0
9.98772	3.35463	-0.331697	9.98772	3.35463	0
11.0257	3.28623	-0.302006	11.0257	3.28623	0
-11.7389	3.33568	-0.339813	-11.7389	3.33568	0
-10.7322	3.31516	-0.322903	-10.7322	3.31516	0
-9.71631	3.25482	-0.355177	-9.71631	3.25482	0
-8.65289	3.25289	-0.321915	-8.65289	3.25289	0
-7.68172	3.28706	-0.293519	-7.68172	3.28706	0
-6.61164	3.1553	-0.3354	-6.61164	3.1553	0
-5.63841	3.16635	-0.28359	-5.63841	3.16635	0
-4.57417	3.18959	-0.292448	-4.57417	3.18959	0
-3.47005	3.16383	-0.311245	-3.47005	3.16383	0
-2.50122	3.21959	-0.315419	-2.50122	3.21959	0
-1.45613	3.18676	-0.324535	-1.45613	3.18676	0
-0.396295	4.23219	-0.344477	-0.396295	4.23219	0
0.693184	4.25152	-0.291383	0.693184	4.25152	0
1.75776	4.2476	-0.324036	1.75776	4.2476	0
2.76107	4.16443	-0.325872	2.76107	4.16443	0
3.76448	4.2674	-0.318672	3.76448	4.2674	0
4.83001	4.31807	-0.319868	4.83001	4.31807	0
5.81815	4.3013	-0.330073	5.81815	4.3013	0
6.90694	4.34333	-0.29094	6.90694	4.34333	0
7.89574	4.31796	-0.293324	7.89574	4.31796	0
8.95025	4.28005	-0.339783	8.95025	4.28005	0
9.98908	4.29215	-0.298941	9.98908	4.29215	0
11.0187	4.34343	-0.30937	11.0187	4.34343	0
-11.7323	4.34813	-0.320224	-11.7323	4.34813	0
-10.6926	4.33422	-0.316324	-10.6926	4.33422	0
-9.67795	4.31675	-0.324509	-9.67795	4.31675	0
-8.69002	4.31736	-0.334836	-8.69002	4.31736	0
-7.60901	4.29641	-0.305346	-7.60901	4.29641	0
-6.60252	4.27962	-0.30918	-6.60252	4.27962	0
-5.5693	4.25304	-0.300764	-5.5693	4.25304	0
-4.41944	4.15522	-0.317248	-4.41944	4.15522	0
-3.43921	4.16723	-0.337781	-3.43921	4.16723	0
-2.37534	4.24553	-0.315648	-2.37534	4.24553	0
-1.35456	4.22103	-0.313648	-1.35456	4.22103	0
-0.375739	5.29967	-0.337257	-0.375739	5.29967	0
0.679602	5.25803	-0.306588	0.679602	5.25803	0
1.72989	5.25235	-0.306455	1.72989	5.25235	0
2.79794	5.27859	-0.307111	2.79794	5.27859	0
3.86281	5.26262	-0.296523	3.86281	5.26262	0
4.85462	5.2933	-0.327067	4.85462	5.2933	0
5.88152	5.33485	-0.315375	5.88152	5.33485	0
6.94206	5.34067	-0.327579	6.94206	5.34067	0
7.94329	5.32263	-0.294349	7.94329	5.32263	0
8.99621	5.27845	-0.334982	8.99621	5.27845	0
10.006	5.25843	-0.332549	10.006	5.25843	0
11.0299	5.33593	-0.279502	11.0299	5.33593	0
-11.688	5.32611	-0.319768	-11.688	5.32611	0
-10.6527	5.31012	-0.33918	-10.6527	5.31012	0
-9.57613	5.33688	-0.31697	-9.57613	5.33688	0
-8.60906	5.39542	-0.314148	-8.60906	5.39542	0
-7.60575	5.33175	-0.340419	-7.60575	5.33175	0
-6.54767	5.32751	-0.318861	-6.54767	5.32751	0
-5.52594	5.31248	-0.31278	-5.52594	5.31248	0
-4.52189	5.23127	-0.304269	-4.52189	5.23127	0
-3.50224	5.25354	-0.321414	-3.50224	5.25354	0
-2.37768	5.27055	-0.346677	-2.37768	5.27055	0
-1.37772	5.25623	-0.302232	-1.37772	5.25623	0
-0.313782	6.34658	-0.342546	-0.313782	6.34658	0
0.636924	6.31214	-0.332586	0.636924	6.31214	0
1.67768	6.27873	-0.318523	1.67768	6.27873	0
2.75298	6.32418	-0.303137	2.75298	6.32418	0
3.80127	6.27722	-0.323615	3.80127	6.27722	0
4.82488	6.34593	-0.309244	4.82488	6.34593	0
5.88186	6.38105	-0.285642	5.88186	6.38105	0
6.86424	6.36423	-0.315014	6.86424	6.36423	0
7.98497	6.30231	-0.321789	7.98497	6.30231	0
9.00486	6.31051	-0.318152	9.00486	6.31051	0
9.98338	6.34019	-0.307747	9.98338	6.34019	0
11.0259	6.37059	-0.350723	11.0259	6.37059	0
-11.7221	6.32905	-0.313686	-11.7221	6.32905	0
-10.7028	6.31927	-0.314553	-10.7028	6.31927	0
-9.63933	6.36709	-0.324838	-9.63933	6.36709	0
-8.67275	6.42692	-0.332637	-8.67275	6.42692	0
-7.57486	6.38758	-0.339826	-7.57486	6.38758	0
-6.55436	6.33104	-0.297129	-6.55436	6.33104	0
-5.53154	6.31932	-0.293889	-5.53154	6.31932	0
-4.51992	6.2555	-0.301854	-4.51992	6.2555	0
-3.44207	6.29054	-0.338473	-3.44207	6.29054	0
-2.39892	6.3355	-0.330428	-2.39892	6.3355	0
-1.38485	6.30662	-0.323457	-1.38485	6.30662	0
-0.35577	7.35	-0.339059	-0.35577	7.35	0
0.637	7.34165	-0.343834	0.637	7.34165	0
1.66597	7.35219	-0.319484	1.66597	7.35219	0
2.70759	7.30931	-0.301504	2.70759	7.30931	0
3.71422	7.2763	-0.302251	3.71422	7.2763	0
4.76001	7.35445	-0.303158	4.76001	7.35445	0
5.84396	7.41927	-0.322955	5.84396	7.41927	0
6.95381	7.40597	-0.334534	6.95381	7.40597	0
7.95717	7.33515	-0.311002	7.95717	7.33515	0
8.97446	7.387	-0.340129	8.97446	7.387	0
10.0221	7.43611	-0.340718	10.0221	7.43611	0
11.0535	7.39875	-0.299376	11.0535	7.39875	0
-11.7386	7.37087	-0.301468	-11.7386	7.37087	0
-10.6599	7.36137	-0.31769	-10.6599	7.36137	0
-9.68921	7.41702	-0.321162	-9.68921	7.41702	0
-8.68914	7.43128	-0.339117	-8.68914	7.43128	0
-7.58852	7.43501	-0.326284	-7.58852	7.43501	0
-6.52116	7.44904	-0.311187	-6.52116	7.44904	0
-5.54985	7.35851	-0.326538	-5.54985	7.35851	0
-4.47236	7.35392	-0.309757	-4.47236	7.35392	0
-3.46739	7.36593	-0.306433	-3.46739	7.36593	0
-2.47242	7.36495	-0.300905	-2.47242	7.36495	0
-1.47038	7.37712	-0.326706	-1.47038	7.37712	0
-0.425253	8.39324	-0.314292	-0.425253	8.39324	0
0.625369	8.35319	-0.319776	0.625369	8.35319	0
1.67142	8.37312	-0.317857	1.67142	8.37312	0
2.74109	8.34822	-0.302937	2.74109	8.34822	0
3.71276	8.36116	-0.315137	3.71276	8.36116	0
4.78412	8.37696	-0.313207	4.78412	8.37696	0
5.82696	8.37662	-0.314224	5.82696	8.37662	0
6.85332	8.39984	-0.322318	6.85332	8.39984	0
7.92847	8.38826	-0.300395	7.92847	8.38826	0
8.95191	8.4217	-0.321908	8.95191	8.4217	0
9.97873	8.41946	-0.321081	9.97873	8.41946	0
10.9861	8.4114	-0.330765	10.9861	8.4114	0
-11.7408	8.37682	-0.32426	-11.7408	8.37682	0
-10.6784	8.40389	-0.328859	-10.6784	8.40389	0
-9.64636	8.43237	-0.349407	-9.64636	8.43237	0
-8.63886	8.50949	-0.324047	-8.63886	8.50949	0
-7.59561	8.44697	-0.291459	-7.59561	8.44697	0
-6.55838	8.44005	-0.323422	-6.55838	8.44005	0
-5.51471	8.37693	-0.296372	-5.51471	8.37693	0
-4.49643	8.44709	-0.296815	-4.49643	8.44709	0
-3.50321	8.40593	-0.31708	-3.50321	8.40593	0
-2.43984	8.36993	-0.311439	-2.43984	8.36993	0
-1.42551	8.40479	-0.280855	-1.42551	8.40479	0
-0.471823	9.42733	-0.313632	-0.471823	9.42733	0
0.594322	9.4054	-0.294911	0.594322	9.4054	0
1.62476	9.43367	-0.33188	1.62476	9.43367	0
2.67014	9.42208	-0.311388	2.67014	9.42208	0
3.72322	9.43515	-0.309253	3.72322	9.43515	0
4.81333	9.41344	-0.297716	4.81333	9.41344	0
5.86576	9.42094	-0.307928	5.86576	9.42094	0
6.85823	9.40376	-0.322316	6.85823	9.40376	0
7.90372	9.41951	-0.315941	7.90372	9.41951	0
9.03763	9.46313	-0.328327	9.03763	9.46313	0
10.043	9.4644	-0.343439	10.043	9.4644	0
11.012	9.45139	-0.312654	11.012	9.45139	0
-11.7437	9.40629	-0.346738	-11.7437	9.40629	0
-10.723	9.42829	-0.317766	-10.723	9.42829	0
-9.66621	9.49449	-0.349038	-9.66621	9.49449	0
-8.6358	9.51335	-0.305557	-8.6358	9.51335	0
-7.61763	9.49445	-0.328393	-7.61763	9.49445	0
-6.55133	9.46175	-0.325775	-6.55133	9.46175	0
-5.54851	9.44746	-0.301945	-5.54851	9.44746	0
-4.52311	9.46593	-0.324658	-4.52311	9.46593	0
-3.53204	9.46406	-0.304767	-3.53204	9.46406	0
-2.50057	9.43386	-0.349052	-2.50057	9.43386	0
-1.44524	9.42787	-0.31601	-1.44524	9.42787	0
-0.377177	10.4621	-0.338129	-0.377177	10.4621	0
0.693198	10.4355	-0.313852	0.693198	10.4355	0
1.69235	10.5156	-0.315284	1.69235	10.5156	0
2.67634	10.4419	-0.31956	2.67634	10.4419	0
3.72381	10.408	-0.329624	3.72381	10.408	0
4.77025	10.3797	-0.319931	4.77025	10.3797	0
5.80933	10.4421	-0.312874	5.80933	10.4421	0
6.89796	10.4784	-0.347749	6.89796	10.4784	0
7.99271	10.4824	-0.326605	7.99271	10.4824	0
9.01819	10.4941	-0.317732	9.01819	10.4941	0
10.0474	10.5346	-0.325427	10.0474	10.5346	0
11.043	10.5045	-0.264195	11.043	10.5045	0
-11.7438	10.4759	-0.326693	-11.7438	10.4759	0
-10.7093	10.499	-0.30904	-10.7093	10.499	0
-9.68278	10.5275	-0.316657	-9.68278	10.5275	0
-8.62886	10.5628	-0.326281	-8.62886	10.5628	0
-7.56301	10.5408	-0.315931	-7.56301	10.5408	0
-6.54371	10.4773	-0.30175	-6.54371	10.4773	0
-5.54457	10.4394	-0.321751	-5.54457	10.4394	0
-4.51092	10.481	-0.28737	-4.51092	10.481	0
-3.50683	10.4879	-0.321725	-3.50683	10.4879	0
-2.49118	10.4993	-0.301975	-2.49118	10.4993	0
-1.48704	10.4682	-0.328316	-1.48704	10.4682	0
-0.417083	11.5099	-0.333832	-0.417083	11.5099	0
0.693964	11.4716	-0.297755	0.693964	11.4716	0
1.68185	11.57	-0.299309	1.68185	11.57	0
2.74094	11.5016	-0.331005	2.74094	11.5016	0
3.79128	11.4627	-0.336293	3.79128	11.4627	0
4.81585	11.43	-0.300927	4.81585	11.43	0
5.85947	11.4804	-0.316653	5.85947	11.4804	0
6.8841	11.4879	-0.311615	6.8841	11.4879	0
7.94966	11.4831	-0.288324	7.94966	11.4831	0
8.94581	11.5377	-0.330625	8.94581	11.5377	0
9.96435	11.5584	-0.285462	9.96435	11.5584	0
10.9794	11.5429	-0.304165	10.9794	11.5429	0
-11.7283	11.5689	-0.32334	-11.7283	11.5689	0
-10.6909	11.5413	-0.299419	-10.6909	11.5413	0
-9.6724	11.5725	-0.29997	-9.6724	11.5725	0
-8.65777	11.5498	-0.325214	-8.65777	11.5498	0
-7.62565	11.523	-0.313017	-7.62565	11.523	0
-6.58994	11.5133	-0.334146	-6.58994	11.5133	0
-5.61776	11.5237	-0.332906	-5.61776	11.5237	0
-4.59117	11.5039	-0.313055	-4.59117	11.5039	0
-3.45604	11.4983	-0.325569	-3.45604	11.4983	0
-2.44727	11.519	-0.315175	-2.44727	11.519	0
-1.4298	11.5011	-0.324876	-1.4298	11.5011	0
-0.372048	-11.266	-0.322742	-0.372048	-11.266	0
0.65075	-11.1979	-0.2894	0.65075	-11.1979	0
1.71036	-11.2234	-0.301637	1.71036	-11.2234	0
2.74745	-11.2543	-0.308496	2.74745	-11.2543	0
3.72309	-11.2724	-0.336365	3.72309	-11.2724	0
4.79668	-11.3063	-0.327806	4.79668	-11.3063	0
5.81276	-11.3773	-0.331272	5.81276	-11.3773	0
6.87627	-11.3161	-0.337566	6.87627	-11.3161	0
7.84947	-11.194	-0.327201	7.84947	-11.194	0
8.9106	-11.1941	-0.316128	8.9106	-11.1941	0
9.94432	-11.1779	-0.317478	9.94432	-11.1779	0
10.9754	-11.1623	-0.331241	10.9754	-11.1623	0
-11.7731	-11.1497	-0.331059	-11.7731	-11.1497	0
-10.7407	-11.225	-0.338831	-10.7407	-11.225	0
-9.63981	-11.2039	-0.332821	-9.63981	-11.2039	0
-8.64834	-11.1408	-0.342962	-8.64834	-11.1408	0
-7.68923	-11.2615	-0.33036	-7.68923	-11.2615	0
-6.62361	-11.2375	-0.345758	-6.62361	-11.2375	0
-5.54166	-11.2659	-0.320988	-5.54166	-11.2659	0
-4.50228	-11.2575	-0.333575	-4.50228	-11.2575	0
-3.48843	-11.2874	-0.278725	-3.48843	-11.2874	0
-2.37224	-11.239	-0.323034	-2.37224	-11.239	0
-1.32621	-11.239	-0.310705	-1.32621	-11.239	0
-0.387734	-10.2177	-0.360586	-0.387734	-10.2177	0
0.642999	-10.1838	-0.30331	0.642999	-10.1838	0
1.65037	-10.1859	-0.30957	1.65037	-10.1859	0
2.67808	-10.2212	-0.297138	2.67808	-10.2212	0
3.71272	-10.2431	-0.321442	3.71272	-10.2431	0
4.72841	-10.2463	-0.331302	4.72841	-10.2463	0
5.83469	-10.3065	-0.320042	5.83469	-10.3065	0
6.83953	-10.2672	-0.342706	6.83953	-10.2672	0
7.86122	-10.1669	-0.306728	7.86122	-10.1669	0
8.90496	-10.1978	-0.33336	8.90496	-10.1978	0
9.96992	-10.1572	-0.302634	9.96992	-10.1572	0
11.007	-10.1584	-0.334819	11.007	-10.1584	0
-11.7456	-10.1185	-0.291651	-11.7456	-10.1185	0
-10.7347	-10.1754	-0.33307	-10.7347	-10.1754	0
-9.70856	-10.1771	-0.328314	-9.70856	-10.1771	0
-8.75313	-10.1376	-0.313405	-8.75313	-10.1376	0
-7.62012	-10.2048	-0.324468	-7.62012	-10.2048	0
-6.56215	-10.2524	-0.316768	-6.56215	-10.2524	0
-5.5871	-10.2502	-0.303977	-5.5871	-10.2502	0
-4.55974	-10.2255	-0.310013	-4.55974	-10.2255	0
-3.46803	-10.2577	-0.316553	-3.46803	-10.2577	0
-2.40662	-10.2114	-0.262733	-2.40662	-10.2114	0
-1.4343	-10.1866	-0.330156	-1.4343	-10.1866	0
-0.310308	-9.17207	-0.303842	-0.310308	-9.17207	0
0.71194	-9.16025	-0.320804	0.71194	-9.16025	0
1.69004	-9.13273	-0.327411	1.69004	-9.13273	0
2.64153	-9.14982	-0.300955	2.64153	-9.14982	0
3.73042	-9.22141	-0.286946	3.73042	-9.22141	0
4.83316	-9.19588	-0.308679	4.83316	-9.19588	0
5.8448	-9.24671	-0.317995	5.8448	-9.24671	0
6.90325	-9.20974	-0.325612	6.90325	-9.20974	0
7.91911	-9.15989	-0.299707	7.91911	-9.15989	0
8.94927	-9.16584	-0.320012	8.94927	-9.16584	0
10.0197	-9.18613	-0.320195	10.0197	-9.18613	0
11.039	-9.11717	-0.311506	11.039	-9.11717	0
-11.7038	-9.13658	-0.312234	-11.7038	-9.13658	0
-10.6665	-9.12622	-0.316309	-10.6665	-9.12622	0
-9.6719	-9.15626	-0.330639	-9.6719	-9.15626	0
-8.62389	-9.17647	-0.309977	-8.62389	-9.17647	0
-7.57786	-9.178	-0.312129	-7.57786	-9.178	0
-6.56717	-9.20149	-0.341321	-6.56717	-9.20149	0
-5.54939	-9.25113	-0.332954	-5.54939	-9.25113	0
-4.51055	-9.18033	-0.308794	-4.51055	-9.18033	0
-3.51746	-9.16903	-0.350096	-3.51746	-9.16903	0
-2.46563	-9.16439	-0.304861	-2.46563	-9.16439	0
-1.39761	-9.18053	-0.295087	-1.39761	-9.18053	0
-0.347954	-8.15315	-0.319119	-0.347954	-8.15315	0
0.656554	-8.13132	-0.30794	0.656554	-8.13132	0
1.74542	-8.11462	-0.316518	1.74542	-8.11462	0
2.76129	-8.14465	-0.309079	2.76129	-8.14465	0
3.82169	-8.25547	-0.319083	3.82169	-8.25547	0
4.82335	-8.15988	-0.315739	4.82335	-8.15988	0
5.87947	-8.12963	-0.326453	5.87947	-8.12963	0
6.95108	-8.1023	-0.314302	6.95108	-8.1023	0
7.95365	-8.15034	-0.319912	7.95365	-8.15034	0
8.93319	-8.14736	-0.323681	8.93319	-8.14736	0
9.98088	-8.1819	-0.315642	9.98088	-8.1819	0
11.0089	-8.1007	-0.310685	11.0089	-8.1007	0
-11.6914	-8.06253	-0.320906	-11.6914	-8.06253	0
-10.6569	-8.04743	-0.320399	-10.6569	-8.04743	0
-9.64996	-8.1041	-0.318282	-9.64996	-8.1041	0
-8.58264	-8.13377	-0.326176	-8.58264	-8.13377	0
-7.55373	-8.05811	-0.335008	-7.55373	-8.05811	0
-6.52631	-8.14304	-0.301251	-6.52631	-8.14304	0
-5.50694	-8.17636	-0.32074	-5.50694	-8.17636	0
-4.42561	-8.12657	-0.318342	-4.42561	-8.12657	0
-3.41186	-8.12327	-0.354428	-3.41186	-8.12327	0
-2.41123	-8.13139	-0.319491	-2.41123	-8.13139	0
-1.38601	-8.12825	-0.312838	-1.38601	-8.12825	0
-0.34989	-7.11185	-0.288675	-0.34989	-7.11185	0
0.678396	-7.06112	-0.327701	0.678396	-7.06112	0
1.74259	-7.11071	-0.304452	1.74259	-7.11071	0
2.80867	-7.12348	-0.313931	2.80867	-7.12348	0
3.78999	-7.13657	-0.342743	3.78999	-7.13657	0
4.83952	-7.11019	-0.340274	4.83952	-7.11019	0
5.89536	-7.08528	-0.310568	5.89536	-7.08528	0
6.88664	-7.10492	-0.323751	6.88664	-7.10492	0
7.94048	-7.10616	-0.302408	7.94048	-7.10616	0
8.99146	-7.08473	-0.345633	8.99146	-7.08473	0
10.0166	-7.14644	-0.352141	10.0166	-7.14644	0
10.968	-7.06236	-0.333363	10.968	-7.06236	0
-11.7314	-7.06096	-0.309601	-11.7314	-7.06096	0
-10.6698	-7.08281	-0.304067	-10.6698	-7.08281	0
-9.5992	-7.11146	-0.315823	-9.5992	-7.11146	0
-8.63586	-7.08151	-0.335791	-8.63586	-7.08151	0
-7.54662	-7.02994	-0.307912	-7.54662	-7.02994	0
-6.53798	-7.11505	-0.327158	-6.53798	-7.11505	0
-5.45299	-7.09777	-0.32402	-5.45299	-7.09777	0
-4.46574	-7.08661	-0.323937	-4.46574	-7.08661	0
-3.39538	-7.14257	-0.318379	-3.39538	-7.14257	0
-2.39725	-7.11756	-0.319202	-2.39725	-7.11756	0
-1.3818	-7.10441	-0.3022	-1.3818	-7.10441	0
-0.316168	-6.10875	-0.334042	-0.316168	-6.10875	0
0.723764	-6.06269	-0.331469	0.723764	-6.06269	0
1.75951	-6.18028	-0.312182	1.75951	-6.18028	0
2.78442	-6.08322	-0.348759	2.78442	-6.08322	0
3.82873	-6.09002	-0.314985	3.82873	-6.09002	0
4.82527	-6.10933	-0.313884	4.82527	-6.10933	0
5.83663	-6.01888	-0.315083	5.83663	-6.01888	0
6.91459	-6.00888	-0.292657	6.91459	-6.00888	0
7.92916	-6.0215	-0.312403	7.92916	-6.0215	0
8.96891	-6.01353	-0.306497	8.96891	-6.01353	0
9.93852	-6.01283	-0.317815	9.93852	-6.01283	0
10.9643	-6.03713	-0.288872	10.9643	-6.03713	0
-11.7691	-6.0256	-0.32067	-11.7691	-6.0256	0
-10.6921	-6.02745	-0.332831	-10.6921	-6.02745	0
-9.65657	-6.07907	-0.32284	-9.65657	-6.07907	0
-8.64195	-6.05842	-0.312813	-8.64195	-6.05842	0
-7.60171	-6.03361	-0.316224	-7.60171	-6.03361	0
-6.52946	-6.03998	-0.308625	-6.52946	-6.03998	0
-5.48348	-6.05889	-0.327536	-5.48348	-6.05889	0
-4.45018	-6.04978	-0.327902	-4.45018	-6.04978	0
-3.42845	-6.10465	-0.333478	-3.42845	-6.10465	0
-2.44139	-6.12603	-0.325281	-2.44139	-6.12603	0
-1.34447	-6.08822	-0.311191	-1.34447	-6.08822	0
-0.354055	-5.07822	-0.266342	-0.354055	-5.07822	0
0.69579	-5.04751	-0.334334	0.69579	-5.04751	0
1.73557	-5.10249	-0.318608	1.73557	-5.10249	0
2.72769	-5.04287	-0.348174	2.72769	-5.04287	0
3.75446	-5.02619	-0.324785	3.75446	-5.02619	0
4.87438	-4.99304	-0.335031	4.87438	-4.99304	0
5.867	-5.04457	-0.302064	5.867	-5.04457	0
6.86611	-4.95224	-0.30737	6.86611	-4.95224	0
7.89959	-5.01474	-0.321839	7.89959	-5.01474	0
8.92413	-4.99245	-0.331839	8.92413	-4.99245	0
9.97485	-4.98354	-0.335212	9.97485	-4.98354	0
10.9672	-5.02701	-0.341861	10.9672	-5.02701	0
-11.7572	-4.9794	-0.295345	-11.7572	-4.9794	0
-10.7472	-5.0665	-0.330678	-10.7472	-5.0665	0
-9.71594	-5.03246	-0.338299	-9.71594	-5.03246	0
-8.66814	-5.04767	-0.318375	-8.66814	-5.04767	0
-7.56261	-5.05709	-0.320457	-7.56261	-5.05709	0
-6.51032	-5.03076	-0.329622	-6.51032	-5.03076	0
-5.48416	-4.99125	-0.333568	-5.48416	-4.99125	0
-4.48439	-5.09679	-0.297741	-4.48439	-5.09679	0
-3.47028	-5.07678	-0.314321	-3.47028	-5.07678	0
-2.44699	-5.10879	-0.321478	-2.44699	-5.10879	0
-1.37582	-5.02115	-0.328152	-1.37582	-5.02115	0
-0.393335	-4.02687	-0.318693	-0.393335	-4.02687	0
0.611188	-4.01493	-0.297967	0.611188	-4.01493	0
1.6949	-4.04973	-0.345586	1.6949	-4.04973	0
2.72319	-4.06839	-0.305213	2.72319	-4.06839	0
3.74454	-4.00645	-0.291006	3.74454	-4.00645	0
4.75841	-3.98834	-0.316493	4.75841	-3.98834	0
5.83124	-3.96539	-0.311945	5.83124	-3.96539	0
6.82608	-3.92789	-0.321736	6.82608	-3.92789	0
7.84494	-3.96071	-0.30226	7.84494	-3.96071	0
8.94496	-4.00837	-0.313137	8.94496	-4.00837	0
9.97442	-3.9399	-0.313573	9.97442	-3.9399	0
11.0393	-3.9853	-0.300985	11.0393	-3.9853	0
-11.746	-3.99958	-0.29262	-11.746	-3.99958	0
-10.7072	-4.04285	-0.368422	-10.7072	-4.04285	0
-9.67792	-3.94583	-0.310659	-9.67792	-3.94583	0
-8.64247	-4.06519	-0.330678	-8.64247	-4.06519	0
-7.62682	-4.01491	-0.32721	-7.62682	-4.01491	0
-6.60246	-4.03948	-0.343521	-6.60246	-4.03948	0
-5.5367	-3.9932	-0.306962	-5.5367	-3.9932	0
-4.5294	-4.06215	-0.313868	-4.5294	-4.06215	0
-3.5021	-4.08116	-0.333356	-3.5021	-4.08116	0
-2.40104	-4.01078	-0.28507	-2.40104	-4.01078	0
-1.386	-3.9638	-0.323037	-1.386	-3.9638	0
-0.366241	-3.00837	-0.307053	-0.366241	-3.00837	0
0.656184	-3.03603	-0.305517	0.656184	-3.03603	0
1.75119	-3.04091	-0.33221	1.75119	-3.04091	0
2.74606	-3.01936	-0.320169	2.74606	-3.01936	0
3.74596	-2.95255	-0.325987	3.74596	-2.95255	0
4.78109	-2.90726	-0.302605	4.78109	-2.90726	0
5.78513	-2.95168	-0.314808	5.78513	-2.95168	0
6.85692	-2.92022	-0.318375	6.85692	-2.92022	0
7.98006	-2.87365	-0.336836	7.98006	-2.87365	0
8.96703	-2.97394	-0.326969	8.96703	-2.97394	0
10.0041	-2.89479	-0.332125	10.0041	-2.89479	0
11.0373	-2.94937	-0.344366	11.0373	-2.94937	0
-11.7299	-2.96487	-0.342024	-11.7299	-2.96487	0
-10.713	-2.94636	-0.319084	-10.713	-2.94636	0
-9.62741	-2.96542	-0.303407	-9.62741	-2.96542	0
-8.61168	-2.99171	-0.329715	-8.61168	-2.99171	0
-7.59932	-2.99421	-0.30754	-7.59932	-2.99421	0
-6.58751	-3.00113	-0.315498	-6.58751	-3.00113	0
-5.55396	-2.93209	-0.294482	-5.55396	-2.93209	0
-4.51264	-3.02146	-0.320984	-4.51264	-3.02146	0
-3.44195	-3.02192	-0.333918	-3.44195	-3.02192	0
-2.47272	-3.00389	-0.31301	-2.47272	-3.00389	0
-1.42838	-2.97463	-0.307515	-1.42838	-2.97463	0
-0.333334	-2.01526	-0.291559	-0.333334	-2.01526	0
0.656976	-2.02102	-0.327719	0.656976	-2.02102	0
1.66366	-2.01759	-0.309611	1.66366	-2.01759	0
2.72032	-1.91285	-0.339744	2.72032	-1.91285	0
3.75482	-1.93478	-0.320281	3.75482	-1.93478	0
4.79704	-1.90189	-0.334575	4.79704	-1.90189	0
5.80375	-1.85159	-0.323762	5.80375	-1.85159	0
6.80001	-1.84675	-0.326981	6.80001	-1.84675	0
7.93221	-1.87168	-0.340675	7.93221	-1.87168	0
8.94484	-1.93226	-0.310858	8.94484	-1.93226	0
9.9488	-1.87922	-0.297442	9.9488	-1.87922	0
11.0407	-1.89934	-0.322713	11.0407	-1.89934	0
-11.7734	-1.89736	-0.289745	-11.7734	-1.89736	0
-10.7266	-1.9486	-0.294854	-10.7266	-1.9486	0
-9.63445	-1.96189	-0.33607	-9.63445	-1.96189	0
-8.59553	-1.94961	-0.307031	-8.59553	-1.94961	0
-7.60873	-1.89258	-0.284065	-7.60873	-1.89258	0
-6.56095	-1.93226	-0.312772	-6.56095	-1.93226	0
-5.52848	-1.89889	-0.31837	-5.52848	-1.89889	0
-4.49132	-1.94448	-0.291205	-4.49132	-1.94448	0
-3.5182	-1.9915	-0.305173	-3.5182	-1.9915	0
-2.50901	-1.98448	-0.304895	-2.50901	-1.98448	0
-1.40574	-2.01145	-0.302748	-1.40574	-2.01145	0
-0.358493	-1.0011	-0.33448	-0.358493	-1.0011	0
0.680531	-0.977444	-0.316293	0.680531	-0.977444	0
1.77023	-0.961118	-0.28971	1.77023	-0.961118	0
2.77359	-0.8969	-0.288164	2.77359	-0.8969	0
3.80174	-0.910164	-0.322715	3.80174	-0.910164	0
4.89826	-0.853931	-0.33592	4.89826	-0.853931	0
5.88166	-0.814334	-0.331122	5.88166	-0.814334	0
6.88324	-0.881406	-0.322803	6.88324	-0.881406	0
7.88886	-0.898448	-0.2885	7.88886	-0.898448	0
8.92165	-0.883419	-0.334801	8.92165	-0.883419	0
9.98626	-0.840298	-0.334981	9.98626	-0.840298	0
11.0064	-0.920382	-0.328144	11.0064	-0.920382	0
-11.7252	-0.861507	-0.320661	-11.7252	-0.861507	0
-10.6963	-0.865139	-0.351957	-10.6963	-0.865139	0
-9.62858	-0.864961	-0.315312	-9.62858	-0.864961	0
-8.63898	-0.862148	-0.316613	-8.63898	-0.862148	0
-7.61867	-0.896381	-0.339542	-7.61867	-0.896381	0
-6.60277	-0.927144	-0.330495	-6.60277	-0.927144	0
-5.55299	-0.920622	-0.326086	-5.55299	-0.920622	0
-4.48647	-0.89147	-0.346983	-4.48647	-0.89147	0
-3.46846	-0.943201	-0.319253	-3.46846	-0.943201	0
-2.413	-0.985511	-0.317904	-2.413	-0.985511	0
-1.38976	-0.994479	-0.338334	-1.38976	-0.994479	0
0.107713	0.553839	0.319595	0.107713	0.553839	0
1.16521	0.560753	0.275337	1.16521	0.560753	0
2.25154	0.605288	0.333231	2.25154	0.605288	0
3.26667	0.642011	0.315157	3.26667	0.642011	0
4.29056	0.681516	0.341161	4.29056	0.681516	0
5.36327	0.673211	0.311527	5.36327	0.673211	0
6.35212	0.646305	0.314028	6.35212	0.646305	0
7.39225	0.699024	0.330874	7.39225	0.699024	0
8.42563	0.679817	0.334753	8.42563	0.679817	0
9.4674	0.638337	0.311523	9.4674	0.638337	0
10.4648	0.659649	0.293733	10.4648	0.659649	0
11.5245	0.697551	0.320669	11.5245	0.697551	0
-11.2496	0.667666	0.308063	-11.2496	0.667666	0
-10.2333	0.660936	0.313014	-10.2333	0.660936	0
-9.2155	0.691118	0.328987	-9.2155	0.691118	0
-8.17646	0.688061	0.318058	-8.17646	0.688061	0
-7.12184	0.696476	0.319555	-7.12184	0.696476	0
-6.05857	0.584148	0.331349	-6.05857	0.584148	0
-5.07295	0.642706	0.320843	-5.07295	0.642706	0
-3.97164	0.616603	0.314203	-3.97164	0.616603	0
-2.90149	0.611319	0.308549	-2.90149	0.611319	0
-1.89446	0.56833	0.345363	-1.89446	0.56833	0
-0.899881	0.560765	0.323132	-0.899881	0.560765	0
0.0894903	1.64025	0.331074	0.0894903	1.64025	0
1.0805	1.62164	0.346316	1.0805	1.62164	0
2.17716	1.61142	0.328721	2.17716	1.61142	0
3.22536	1.64603	0.293636	3.22536	1.64603	0
4.32416	1.71686	0.310575	4.32416	1.71686	0
5.33875	1.71278	0.31377	5.33875	1.71278	0
6.39855	1.73678	0.290344	6.39855	1.73678	0
7.38733	1.73419	0.354335	7.38733	1.73419	0
8.43458	1.74046	0.283447	8.43458	1.74046	0
9.43032	1.74528	0.290668	9.43032	1.74528	0
10.4377	1.7428	0.322535	10.4377	1.7428	0
11.5204	1.68429	0.316842	11.5204	1.68429	0
-11.264	1.70761	0.323632	-11.264	1.70761	0
-10.2523	1.6914	0.330815	-10.2523	1.6914	0
-9.22273	1.72114	0.334883	-9.22273	1.72114	0
-8.23848	1.68307	0.324048	-8.23848	1.68307	0
-7.19351	1.70134	0.318147	-7.19351	1.70134	0
-6.14876	1.62916	0.326583	-6.14876	1.62916	0
-5.11172	1.61884	0.318211	-5.11172	1.61884	0
-4.02739	1.59899	0.316402	-4.02739	1.59899	0
-2.97351	1.60786	0.324304	-2.97351	1.60786	0
-1.926	1.63689	0.321939	-1.926	1.63689	0
-0.873344	1.61317	0.319853	-0.873344	1.61317	0
0.122587	2.7429	0.309048	0.122587	2.7429	0
1.12114	2.67222	0.309445	1.12114	2.67222	0
2.18188	2.67463	0.337651	2.18188	2.67463	0
3.2258	2.63576	0.306794	3.2258	2.63576	0
4.25101	2.74128	0.315101	4.25101	2.74128	0
5.31348	2.74861	0.336516	5.31348	2.74861	0
6.41202	2.8088	0.32358	6.41202	2.8088	0
7.41987	2.7114	0.332827	7.41987	2.7114	0
8.48926	2.74889	0.326444	8.48926	2.74889	0
9.51338	2.80543	0.318218	9.51338	2.80543	0
10.5071	2.77296	0.280237	10.5071	2.77296	0
11.5838	2.83437	0.315653	11.5838	2.83437	0
-11.1787	2.75897	0.323908	-11.1787	2.75897	0
-10.2058	2.78225	0.304903	-10.2058	2.78225	0
-9.2137	2.71572	0.310574	-9.2137	2.71572	0
-8.16994	2.75019	0.324978	-8.16994	2.75019	0
-7.1816	2.72642	0.31406	-7.1816	2.72642	0
-6.10279	2.60887	0.30926	-6.10279	2.60887	0
-5.05357	2.69224	0.345447	-5.05357	2.69224	0
-4.04916	2.67789	0.314405	-4.04916	2.67789	0
-2.97132	2.63834	0.298052	-2.97132	2.63834	0
-1.94141	2.70204	0.306439	-1.94141	2.70204	0
-0.91804	2.72803	0.350151	-0.91804	2.72803	0
0.134255	3.74422	0.313481	0.134255	3.74422	0
1.22532	3.6689	0.307815	1.22532	3.6689	0
2.19883	3.67205	0.29123	2.19883	3.67205	0
3.26735	3.68822	0.318446	3.26735	3.68822	0
4.30501	3.74616	0.290902	4.30501	3.74616	0
5.35509	3.75759	0.330403	5.35509	3.75759	0
6.37089	3.81752	0.284472	6.37089	3.81752	0
7.42081	3.77444	0.323533	7.42081	3.77444	0
8.45622	3.76383	0.296464	8.45622	3.76383	0
9.4238	3.80771	0.320826	9.4238	3.80771	0
10.5306	3.79717	0.31705	10.5306	3.79717	0
11.5089	3.85836	0.333797	11.5089	3.85836	0
-11.225	3.81944	0.315901	-11.225	3.81944	0
-10.2127	3.75369	0.324541	-10.2127	3.75369	0
-9.22885	3.75537	0.313115	-9.22885	3.75537	0
-8.18093	3.82639	0.320419	-8.18093	3.82639	0
-7.11266	3.73354	0.306601	-7.11266	3.73354	0
-6.13961	3.71719	0.312255	-6.13961	3.71719	0
-5.11366	3.72782	0.286133	-5.11366	3.72782	0
-3.99473	3.64346	0.342553	-3.99473	3.64346	0
-2.91018	3.75013	0.320933	-2.91018	3.75013	0
-1.88521	3.73902	0.312757	-1.88521	3.73902	0
-0.887108	3.7213	0.327574	-0.887108	3.7213	0
0.172239	4.76197	0.324416	0.172239	4.76197	0
1.2294	4.7162	0.328353	1.2294	4.7162	0
2.30431	4.73057	0.320787	2.30431	4.73057	0
3.34041	4.72525	0.310846	3.34041	4.72525	0
4.34583	4.77622	0.313725	4.34583	4.77622	0
5.33764	4.80424	0.340651	5.33764	4.80424	0
6.33905	4.84012	0.301401	6.33905	4.84012	0
7.41449	4.8483	0.328241	7.41449	4.8483	0
8.45845	4.74908	0.31312	8.45845	4.74908	0
9.45222	4.77953	0.327379	9.45222	4.77953	0
10.5525	4.83999	0.33323	10.5525	4.83999	0
11.5546	4.83175	0.337941	11.5546	4.83175	0
-11.23	4.78389	0.314984	-11.23	4.78389	0
-10.1937	4.80979	0.341038	-10.1937	4.80979	0
-9.13495	4.79588	0.351633	-9.13495	4.79588	0
-8.10935	4.86597	0.321241	-8.10935	4.86597	0
-7.1351	4.80143	0.332682	-7.1351	4.80143	0
-6.02346	4.79503	0.318615	-6.02346	4.79503	0
-5.00236	4.71091	0.312153	-5.00236	4.71091	0
-3.93998	4.70918	0.299886	-3.93998	4.70918	0
-2.94697	4.78128	0.293264	-2.94697	4.78128	0
-1.87525	4.78174	0.305856	-1.87525	4.78174	0
-0.846316	4.76639	0.346458	-0.846316	4.76639	0
0.134998	5.77408	0.329246	0.134998	5.77408	0
1.2069	5.78155	0.314192	1.2069	5.78155	0
2.23767	5.75893	0.311958	2.23767	5.75893	0
3.32564	5.78115	0.343514	3.32564	5.78115	0
4.36444	5.79161	0.330632	4.36444	5.79161	0
5.37487	5.8623	0.334245	5.37487	5.8623	0
6.39483	5.86331	0.318949	6.39483	5.86331	0
7.41918	5.87889	0.311401	7.41918	5.87889	0
8.52422	5.80487	0.304455	8.52422	5.80487	0
9.5236	5.7861	0.297333	9.5236	5.7861	0
10.5225	5.87408	0.307133	10.5225	5.87408	0
11.5369	5.8463	0.296412	11.5369	5.8463	0
-11.1356	5.79837	0.331244	-11.1356	5.79837	0
-10.1167	5.82989	0.29784	-10.1167	5.82989	0
-9.13259	5.90378	0.324273	-9.13259	5.90378	0
-8.08418	5.91472	0.30373	-8.08418	5.91472	0
-7.09494	5.86824	0.320056	-7.09494	5.86824	0
-6.06684	5.81741	0.320694	-6.06684	5.81741	0
-5.01288	5.78471	0.326607	-5.01288	5.78471	0
-3.97189	5.74524	0.315492	-3.97189	5.74524	0
-2.88038	5.77821	0.28581	-2.88038	5.77821	0
-1.87954	5.79081	0.29579	-1.87954	5.79081	0
-0.871448	5.7705	0.300542	-0.871448	5.7705	0
0.120663	6.81822	0.326963	0.120663	6.81822	0
1.14013	6.78404	0.33002	1.14013	6.78404	0
2.17861	6.82522	0.331091	2.17861	6.82522	0
3.24822	6.78165	0.347474	3.24822	6.78165	0
4.28339	6.80297	0.335772	4.28339	6.80297	0
5.37608	6.85367	0.295392	5.37608	6.85367	0
6.40141	6.91148	0.310974	6.40141	6.91148	0
7.45029	6.88488	0.306626	7.45029	6.88488	0
8.46797	6.85323	0.282782	8.46797	6.85323	0
9.47419	6.85155	0.293015	9.47419	6.85155	0
10.4879	6.86499	0.313196	10.4879	6.86499	0
11.5053	6.87034	0.310859	11.5053	6.87034	0
-11.2267	6.88469	0.304991	-11.2267	6.88469	0
-10.1754	6.8054	0.324659	-10.1754	6.8054	0
-9.17642	6.923	0.337116	-9.17642	6.923	0
-8.13851	6.92739	0.304957	-8.13851	6.92739	0
-7.02715	6.91234	0.298654	-7.02715	6.91234	0
-6.05941	6.85919	0.317149	-6.05941	6.85919	0
-4.98543	6.81591	0.331071	-4.98543	6.81591	0
-3.94646	6.79063	0.320307	-3.94646	6.79063	0
-2.93417	6.83066	0.3212	-2.93417	6.83066	0
-1.91463	6.83371	0.332918	-1.91463	6.83371	0
-0.85874	6.78633	0.328761	-0.85874	6.78633	0
0.153923	7.84753	0.311283	0.153923	7.84753	0
1.18219	7.84906	0.316465	1.18219	7.84906	0
2.19695	7.81272	0.295984	2.19695	7.81272	0
3.24308	7.79824	0.310891	3.24308	7.79824	0
4.2609	7.85906	0.302697	4.2609	7.85906	0
5.30286	7.86448	0.331363	5.30286	7.86448	0
6.3941	7.88016	0.314971	6.3941	7.88016	0
7.41613	7.90769	0.295348	7.41613	7.90769	0
8.46024	7.89261	0.284754	8.46024	7.89261	0
9.46374	7.8897	0.320904	9.46374	7.8897	0
10.4843	7.92852	0.321556	10.4843	7.92852	0
11.5164	7.89834	0.341916	11.5164	7.89834	0
-11.1886	7.90336	0.319175	-11.1886	7.90336	0
-10.1866	7.93275	0.302146	-10.1866	7.93275	0
-9.14502	7.97069	0.308224	-9.14502	7.97069	0
-8.1209	7.94604	0.308893	-8.1209	7.94604	0
-7.07884	7.96813	0.312893	-7.07884	7.96813	0
-6.00755	7.88755	0.324665	-6.00755	7.88755	0
-4.97353	7.89245	0.299097	-4.97353	7.89245	0
-3.9607	7.87363	0.314219	-3.9607	7.87363	0
-2.98036	7.87833	0.342063	-2.98036	7.87833	0
-1.95124	7.88974	0.324583	-1.95124	7.88974	0
-0.8769	7.7931	0.317088	-0.8769	7.7931	0
0.113187	8.87949	0.293354	0.113187	8.87949	0
1.10403	8.84286	0.299079	1.10403	8.84286	0
2.12594	8.9449	0.334607	2.12594	8.9449	0
3.20302	8.88962	0.328819	3.20302	8.88962	0
4.2748	8.90185	0.307706	4.2748	8.90185	0
5.35454	8.8819	0.271936	5.35454	8.8819	0
6.37631	8.90833	0.328143	6.37631	8.90833	0
7.38239	8.89654	0.295618	7.38239	8.89654	0
8.46742	8.9028	0.308804	8.46742	8.9028	0
9.4981	8.98254	0.313152	9.4981	8.98254	0
10.4444	8.90071	0.31168	10.4444	8.90071	0
11.5327	8.92222	0.298186	11.5327	8.92222	0
-11.2117	8.91968	0.316074	-11.2117	8.91968	0
-10.1655	8.94727	0.331469	-10.1655	8.94727	0
-9.19395	8.99173	0.315797	-9.19395	8.99173	0
-8.1229	8.9796	0.319417	-8.1229	8.9796	0
-7.10725	8.98667	0.28643	-7.10725	8.98667	0
-6.03425	8.9282	0.310675	-6.03425	8.9282	0
-5.01852	8.95168	0.317249	-5.01852	8.95168	0
-3.96944	8.87977	0.315844	-3.96944	8.87977	0
-2.99379	8.8833	0.302897	-2.99379	8.8833	0
-2.01559	8.96639	0.326684	-2.01559	8.96639	0
-0.950544	8.92349	0.341865	-0.950544	8.92349	0
0.0928187	9.93477	0.322776	0.0928187	9.93477	0
1.15113	9.88378	0.313989	1.15113	9.88378	0
2.16641	9.94573	0.305845	2.16641	9.94573	0
3.19055	9.91191	0.292734	3.19055	9.91191	0
4.21828	9.94667	0.313583	4.21828	9.94667	0
5.3211	9.93713	0.327456	5.3211	9.93713	0
6.38406	9.95645	0.298781	6.38406	9.95645	0
7.42214	9.97935	0.312037	7.42214	9.97935	0
8.4525	9.94107	0.284611	8.4525	9.94107	0
9.52054	9.97027	0.333543	9.52054	9.97027	0
10.5279	9.97143	0.307926	10.5279	9.97143	0
11.5917	9.95122	0.334612	11.5917	9.95122	0
-11.1981	9.95911	0.322943	-11.1981	9.95911	0
-10.1585	9.99156	0.317828	-10.1585	9.99156	0
-9.14043	10.0103	0.317837	-9.14043	10.0103	0
-8.12717	10.0432	0.304202	-8.12717	10.0432	0
-7.08848	10.0277	0.308085	-7.08848	10.0277	0
-6.09224	9.94002	0.326181	-6.09224	9.94002	0
-5.03472	9.94365	0.304828	-5.03472	9.94365	0
-3.98961	9.96654	0.348669	-3.98961	9.96654	0
-3.0018	9.94932	0.283353	-3.0018	9.94932	0
-1.97898	9.93997	0.299391	-1.97898	9.93997	0
-0.978782	10.0103	0.309783	-0.978782	10.0103	0
0.173627	10.9909	0.308791	0.173627	10.9909	0
1.21338	10.9727	0.320846	1.21338	10.9727	0
2.1732	11.0031	0.323626	2.1732	11.0031	0
3.21496	10.9792	0.307162	3.21496	10.9792	0
4.25506	10.9718	0.300397	4.25506	10.9718	0
5.30465	10.9361	0.314317	5.30465	10.9361	0
6.33755	10.9992	0.32697	6.33755	10.9992	0
7.37458	10.9356	0.286216	7.37458	10.9356	0
8.44488	11.0203	0.331491	8.44488	11.0203	0
9.5291	11.0139	0.320628	9.5291	11.0139	0
10.5043	11.0185	0.320298	10.5043	11.0185	0
11.5646	11.0459	0.288756	11.5646	11.0459	0
-11.2378	11.023	0.283051	-11.2378	11.023	0
-10.1872	11.0149	0.326327	-10.1872	11.0149	0
-9.11533	11.0604	0.312982	-9.11533	11.0604	0
-8.10249	11.042	0.342611	-8.10249	11.042	0
-7.04481	11.0103	0.332664	-7.04481	11.0103	0
-6.08945	11.0102	0.335703	-6.08945	11.0102	0
-5.09221	10.9718	0.303918	-5.09221	10.9718	0
-4.00754	11.0376	0.314799	-4.00754	11.0376	0
-2.99288	11.0096	0.326856	-2.99288	11.0096	0
-1.98028	11.0129	0.30526	-1.98028	11.0129	0
-0.920181	10.9779	0.325601	-0.920181	10.9779	0
0.133846	-11.779	0.29349	0.133846	-11.779	0
1.17394	-11.7029	0.330536	1.17394	-11.7029	0
2.23352	-11.743	0.322355	2.23352	-11.743	0
3.27232	-11.8353	0.292625	3.27232	-11.8353	0
4.27566	-11.7977	0.30653	4.27566	-11.7977	0
5.31696	-11.8282	0.356771	5.31696	-11.8282	0
6.39297	-11.791	0.313987	6.39297	-11.791	0
7.42847	-11.8015	0.309867	7.42847	-11.8015	0
8.40759	-11.7613	0.311058	8.40759	-11.7613	0
9.4047	-11.7569	0.33503	9.4047	-11.7569	0
10.5254	-11.6947	0.302295	10.5254	-11.6947	0
11.5305	-11.7093	0.29843	11.5305	-11.7093	0
-11.2088	-11.7279	0.309881	-11.2088	-11.7279	0
-10.2232	-11.6426	0.334466	-10.2232	-11.6426	0
-9.15747	-11.7422	0.317292	-9.15747	-11.7422	0
-8.16466	-11.7148	0.309438	-8.16466	-11.7148	0
-7.10821	-11.7298	0.332645	-7.10821	-11.7298	0
-6.07946	-11.7749	0.313066	-6.07946	-11.7749	0
-5.0656	-11.7729	0.315133	-5.0656	-11.7729	0
-4.06593	-11.8001	0.337509	-4.06593	-11.8001	0
-3.02256	-11.8089	0.32257	-3.02256	-11.8089	0
-1.88264	-11.8266	0.333116	-1.88264	-11.8266	0
-0.87096	-11.8312	0.337277	-0.87096	-11.8312	0
0.101891	-10.7418	0.330307	0.101891	-10.7418	0
1.12762	-10.7098	0.338585	1.12762	-10.7098	0
2.18683	-10.7146	0.342737	2.18683	-10.7146	0
3.22434	-10.7549	0.309269	3.22434	-10.7549	0
4.23684	-10.7906	0.317441	4.23684	-10.7906	0
5.33289	-10.8181	0.291204	5.33289	-10.8181	0
6.35059	-10.7789	0.289434	6.35059	-10.7789	0
7.34425	-10.7297	0.315988	7.34425	-10.7297	0
8.32955	-10.7315	0.309052	8.32955	-10.7315	0
9.45801	-10.7138	0.321869	9.45801	-10.7138	0
10.4894	-10.6579	0.325876	10.4894	-10.6579	0
11.4782	-10.6825	0.316594	11.4782	-10.6825	0
-11.2458	-10.6682	0.302037	-11.2458	-10.6682	0
-10.2215	-10.6914	0.303295	-10.2215	-10.6914	0
-9.1926	-10.6992	0.335267	-9.1926	-10.6992	0
-8.16906	-10.7067	0.295129	-8.16906	-10.7067	0
-7.13517	-10.7517	0.317519	-7.13517	-10.7517	0
-6.06283	-10.7237	0.327834	-6.06283	-10.7237	0
-5.0211	-10.7214	0.329607	-5.0211	-10.7214	0
-4.00659	-10.7493	0.315902	-4.00659	-10.7493	0
-2.93725	-10.7526	0.348882	-2.93725	-10.7526	0
-1.88411	-10.786	0.31001	-1.88411	-10.786	0
-0.927131	-10.6956	0.321544	-0.927131	-10.6956	0
0.175704	-9.68631	0.317673	0.175704	-9.68631	0
1.18807	-9.67285	0.314176	1.18807	-9.67285	0
2.15079	-9.66605	0.333352	2.15079	-9.66605	0
3.15952	-9.67212	0.331271	3.15952	-9.67212	0
4.23801	-9.75477	0.31127	4.23801	-9.75477	0
5.26807	-9.80737	0.313412	5.26807	-9.80737	0
6.34387	-9.70133	0.275492	6.34387	-9.70133	0
7.36235	-9.70799	0.318835	7.36235	-9.70799	0
8.43647	-9.68626	0.308345	8.43647	-9.68626	0
9.47251	-9.70915	0.321435	9.47251	-9.70915	0
10.5199	-9.66298	0.332793	10.5199	-9.66298	0
11.501	-9.63259	0.317992	11.501	-9.63259	0
-11.186	-9.65243	0.311985	-11.186	-9.65243	0
-10.234	-9.6873	0.312082	-10.234	-9.6873	0
-9.21126	-9.63299	0.305697	-9.21126	-9.63299	0
-8.10518	-9.70485	0.335597	-8.10518	-9.70485	0
-7.06705	-9.70898	0.315669	-7.06705	-9.70898	0
-6.03399	-9.69478	0.321706	-6.03399	-9.69478	0
-5.01559	-9.71728	0.333492	-5.01559	-9.71728	0
-4.03788	-9.71479	0.277098	-4.03788	-9.71479	0
-3.01881	-9.68342	0.323512	-3.01881	-9.68342	0
-1.94306	-9.68549	0.347766	-1.94306	-9.68549	0
-0.865241	-9.70648	0.306659	-0.865241	-9.70648	0
0.19205	-8.6686	0.315936	0.19205	-8.6686	0
1.18411	-8.61693	0.291473	1.18411	-8.61693	0
2.17827	-8.57409	0.32603	2.17827	-8.57409	0
3.2583	-8.63734	0.298796	3.2583	-8.63734	0
4.28119	-8.73698	0.328187	4.28119	-8.73698	0
5.36216	-8.71526	0.295356	5.36216	-8.71526	0
6.43165	-8.64818	0.302614	6.43165	-8.64818	0
7.39586	-8.64401	0.31088	7.39586	-8.64401	0
8.39408	-8.69893	0.327597	8.39408	-8.69893	0
9.4716	-8.62058	0.326236	9.4716	-8.62058	0
10.5251	-8.66936	0.333514	10.5251	-8.66936	0
11.5844	-8.58916	0.328347	11.5844	-8.58916	0
-11.1604	-8.58984	0.282078	-11.1604	-8.58984	0
-10.1412	-8.65586	0.296436	-10.1412	-8.65586	0
-9.1084	-8.65666	0.310242	-9.1084	-8.65666	0
-8.03965	-8.58705	0.322205	-8.03965	-8.58705	0
-7.06951	-8.63614	0.299186	-7.06951	-8.63614	0
-6.02637	-8.65838	0.317715	-6.02637	-8.65838	0
-5.01684	-8.64802	0.318089	-5.01684	-8.64802	0
-3.9416	-8.56986	0.331929	-3.9416	-8.56986	0
-2.9664	-8.69617	0.304909	-2.9664	-8.69617	0
-1.90381	-8.59674	0.31841	-1.90381	-8.59674	0
-0.859881	-8.65419	0.32945	-0.859881	-8.65419	0
0.180675	-7.58269	0.29842	0.180675	-7.58269	0
1.17905	-7.59621	0.323788	1.17905	-7.59621	0
2.26237	-7.61343	0.285024	2.26237	-7.61343	0
3.33437	-7.67153	0.3095	3.33437	-7.67153	0
4.31384	-7.64665	0.304413	4.31384	-7.64665	0
5.32295	-7.59654	0.298172	5.32295	-7.59654	0
6.39671	-7.64207	0.324512	6.39671	-7.64207	0
7.45717	-7.58388	0.323676	7.45717	-7.58388	0
8.49183	-7.626	0.289223	8.49183	-7.626	0
9.48747	-7.56824	0.3315	9.48747	-7.56824	0
10.4556	-7.62612	0.342185	10.4556	-7.62612	0
11.492	-7.56597	0.281088	11.492	-7.56597	0
-11.1814	-7.5951	0.335812	-11.1814	-7.5951	0
-10.1207	-7.6091	0.308134	-10.1207	-7.6091	0
-9.09176	-7.6568	0.294103	-9.09176	-7.6568	0
-8.07768	-7.56488	0.304686	-8.07768	-7.56488	0
-7.05954	-7.5997	0.312203	-7.05954	-7.5997	0
-5.99458	-7.60407	0.289755	-5.99458	-7.60407	0
-4.98303	-7.58436	0.327096	-4.98303	-7.58436	0
-3.92514	-7.63061	0.319997	-3.92514	-7.63061	0
-2.91236	-7.62837	0.346664	-2.91236	-7.62837	0
-1.84362	-7.59406	0.317874	-1.84362	-7.59406	0
-0.859121	-7.64306	0.316353	-0.859121	-7.64306	0
0.208267	-6.59162	0.318956	0.208267	-6.59162	0
1.1931	-6.60211	0.298028	1.1931	-6.60211	0
2.29252	-6.63868	0.323541	2.29252	-6.63868	0
3.32827	-6.6378	0.318235	3.32827	-6.6378	0
4.33911	-6.63253	0.316378	4.33911	-6.63253	0
5.3534	-6.61603	0.308304	5.3534	-6.61603	0
6.36393	-6.52501	0.314774	6.36393	-6.52501	0
7.41775	-6.59772	0.328065	7.41775	-6.59772	0
8.48075	-6.57325	0.272865	8.48075	-6.57325	0
9.48111	-6.52256	0.314099	9.48111	-6.52256	0
10.4596	-6.56588	0.296684	10.4596	-6.56588	0
11.5093	-6.52248	0.308214	11.5093	-6.52248	0
-11.2017	-6.56286	0.289254	-11.2017	-6.56286	0
-10.1593	-6.55551	0.319133	-10.1593	-6.55551	0
-9.11826	-6.60265	0.322978	-9.11826	-6.60265	0
-8.12408	-6.52375	0.319275	-8.12408	-6.52375	0
-7.06156	-6.56285	0.316787	-7.06156	-6.56285	0
-5.97357	-6.59416	0.311624	-5.97357	-6.59416	0
-4.94252	-6.57306	0.329452	-4.94252	-6.57306	0
-3.93975	-6.58257	0.312348	-3.93975	-6.58257	0
-2.93421	-6.6062	0.32954	-2.93421	-6.6062	0
-1.83706	-6.56349	0.326562	-1.83706	-6.56349	0
-0.825428	-6.59943	0.298483	-0.825428	-6.59943	0
0.245722	-5.61555	0.329897	0.245722	-5.61555	0
1.21512	-5.60274	0.294428	1.21512	-5.60274	0
2.25907	-5.62682	0.304002	2.25907	-5.62682	0
3.30915	-5.59485	0.330677	3.30915	-5.59485	0
4.35649	-5.61272	0.284487	4.35649	-5.61272	0
5.35308	-5.52314	0.338837	5.35308	-5.52314	0
6.35888	-5.53954	0.353972	6.35888	-5.53954	0
7.39352	-5.52504	0.367723	7.39352	-5.52504	0
8.42713	-5.49277	0.349299	8.42713	-5.49277	0
9.48365	-5.498	0.32297	9.48365	-5.498	0
10.44	-5.48719	0.314994	10.44	-5.48719	0
11.5018	-5.53772	0.294263	11.5018	-5.53772	0
-11.2542	-5.55639	0.3461	-11.2542	-5.55639	0
-10.194	-5.54968	0.321641	-10.194	-5.54968	0
-9.12456	-5.55583	0.31176	-9.12456	-5.55583	0
-8.10229	-5.52679	0.301668	-8.10229	-5.52679	0
-7.07665	-5.52635	0.323833	-7.07665	-5.52635	0
-5.99338	-5.57742	0.328795	-5.99338	-5.57742	0
-5.02698	-5.62158	0.315598	-5.02698	-5.62158	0
-3.93185	-5.5929	0.334226	-3.93185	-5.5929	0
-2.91268	-5.58721	0.31732	-2.91268	-5.58721	0
-1.8935	-5.59336	0.277933	-1.8935	-5.59336	0
-0.841302	-5.56375	0.308125	-0.841302	-5.56375	0
0.181336	-4.57584	0.34017	0.181336	-4.57584	0
1.20245	-4.52277	0.312737	1.20245	-4.52277	0
2.19448	-4.54703	0.327019	2.19448	-4.54703	0
3.23193	-4.60336	0.357425	3.23193	-4.60336	0
4.22569	-4.56327	0.315502	4.22569	-4.56327	0
5.28431	-4.44892	0.325252	5.28431	-4.44892	0
6.36277	-4.4762	0.298307	6.36277	-4.4762	0
7.3861	-4.49068	0.331296	7.3861	-4.49068	0
8.38591	-4.43739	0.322286	8.38591	-4.43739	0
9.44712	-4.46893	0.305876	9.44712	-4.46893	0
10.5007	-4.46042	0.308517	10.5007	-4.46042	0
11.4602	-4.56557	0.307764	11.4602	-4.56557	0
-11.1881	-4.50214	0.308118	-11.1881	-4.50214	0
-10.1956	-4.5104	0.286131	-10.1956	-4.5104	0
-9.17248	-4.51793	0.314264	-9.17248	-4.51793	0
-8.11789	-4.51721	0.314232	-8.11789	-4.51721	0
-7.06423	-4.53045	0.320383	-7.06423	-4.53045	0
-6.05679	-4.48944	0.339206	-6.05679	-4.48944	0
-4.96514	-4.59015	0.343818	-4.96514	-4.59015	0
-3.99231	-4.56553	0.331651	-3.99231	-4.56553	0
-2.95248	-4.57509	0.313921	-2.95248	-4.57509	0
-1.92265	-4.52807	0.310766	-1.92265	-4.52807	0
-0.89149	-4.50719	0.307773	-0.89149	-4.50719	0
0.156805	-3.51487	0.316094	0.156805	-3.51487	0
1.23686	-3.53534	0.310602	1.23686	-3.53534	0
2.22204	-3.57294	0.324405	2.22204	-3.57294	0
3.23713	-3.4892	0.32058	3.23713	-3.4892	0
4.26591	-3.43351	0.305125	4.26591	-3.43351	0
5.31003	-3.42018	0.310245	5.31003	-3.42018	0
6.32168	-3.43733	0.33835	6.32168	-3.43733	0
7.41506	-3.37881	0.342385	7.41506	-3.37881	0
8.47802	-3.45227	0.327538	8.47802	-3.45227	0
9.47742	-3.46887	0.326152	9.47742	-3.46887	0
10.5409	-3.42943	0.327845	10.5409	-3.42943	0
11.5656	-3.52112	0.324102	11.5656	-3.52112	0
-11.2293	-3.47329	0.307541	-11.2293	-3.47329	0
-10.2287	-3.48154	0.307789	-10.2287	-3.48154	0
-9.13291	-3.48097	0.344096	-9.13291	-3.48097	0
-8.14052	-3.55261	0.304332	-8.14052	-3.55261	0
-7.06962	-3.47928	0.326801	-7.06962	-3.47928	0
-6.08	-3.49654	0.299872	-6.08	-3.49654	0
-5.04729	-3.47954	0.289676	-5.04729	-3.47954	0
-3.97535	-3.52465	0.281723	-3.97535	-3.52465	0
-2.93378	-3.5562	0.309298	-2.93378	-3.5562	0
-1.93218	-3.46694	0.35986	-1.93218	-3.46694	0
-0.853468	-3.49002	0.332924	-0.853468	-3.49002	0
0.201998	-2.47497	0.361723	0.201998	-2.47497	0
1.17873	-2.54769	0.283032	1.17873	-2.54769	0
2.21291	-2.53266	0.344295	2.21291	-2.53266	0
3.19916	-2.48711	0.310942	3.19916	-2.48711	0
4.25927	-2.42394	0.316801	4.25927	-2.42394	0
5.29497	-2.38948	0.317944	5.29497	-2.38948	0
6.30563	-2.3927	0.306533	6.30563	-2.3927	0
7.36681	-2.39031	0.287662	7.36681	-2.39031	0
8.47726	-2.42812	0.331816	8.47726	-2.42812	0
9.48027	-2.45637	0.315658	9.48027	-2.45637	0
10.5481	-2.41258	0.321123	10.5481	-2.41258	0
11.5454	-2.44135	0.303855	11.5454	-2.44135	0
-11.2491	-2.49355	0.308833	-11.2491	-2.49355	0
-10.1776	-2.43303	0.306147	-10.1776	-2.43303	0
-9.13411	-2.5088	0.307392	-9.13411	-2.5088	0
-8.14338	-2.49897	0.291984	-8.14338	-2.49897	0
-7.10678	-2.43538	0.311351	-7.10678	-2.43538	0
-6.08954	-2.43376	0.330969	-6.08954	-2.43376	0
-5.00909	-2.48509	0.353025	-5.00909	-2.48509	0
-4.00205	-2.49267	0.316966	-4.00205	-2.49267	0
-3.01629	-2.5124	0.311092	-3.01629	-2.5124	0
-1.98922	-2.46513	0.307053	-1.98922	-2.46513	0
-0.893473	-2.47406	0.332005	-0.893473	-2.47406	0
0.169739	-1.51206	0.309593	0.169739	-1.51206	0
1.16164	-1.44643	0.319598	1.16164	-1.44643	0
2.18789	-1.52256	0.348162	2.18789	-1.52256	0
3.23753	-1.45876	0.290908	3.23753	-1.45876	0
4.33901	-1.4194	0.303409	4.33901	-1.4194	0
5.3125	-1.34015	0.342141	5.3125	-1.34015	0
6.31308	-1.34539	0.299848	6.31308	-1.34539	0
7.34556	-1.4077	0.315801	7.34556	-1.4077	0
8.44394	-1.40821	0.324152	8.44394	-1.40821	0
9.43268	-1.36605	0.306091	9.43268	-1.36605	0
10.4963	-1.39349	0.324845	10.4963	-1.39349	0
11.5005	-1.402	0.337333	11.5005	-1.402	0
-11.1822	-1.44221	0.309874	-11.1822	-1.44221	0
-10.143	-1.38301	0.27725	-10.143	-1.38301	0
-9.09427	-1.43383	0.308044	-9.09427	-1.43383	0
-8.08706	-1.41031	0.336337	-8.08706	-1.41031	0
-7.04021	-1.41442	0.32642	-7.04021	-1.41442	0
-6.07747	-1.44094	0.29479	-6.07747	-1.44094	0
-5.03067	-1.41473	0.32034	-5.03067	-1.41473	0
-4.01404	-1.44938	0.326431	-4.01404	-1.44938	0
-2.9872	-1.42312	0.297274	-2.9872	-1.42312	0
-1.95669	-1.48592	0.280446	-1.95669	-1.48592	0
-0.859624	-1.47604	0.319322	-0.859624	-1.47604	0
0.134323	-0.456862	0.306734	0.134323	-0.456862	0
1.18486	-0.438647	0.344341	1.18486	-0.438647	0
2.20799	-0.439521	0.313591	2.20799	-0.439521	0
3.25657	-0.409657	0.313825	3.25657	-0.409657	0
4.36538	-0.421733	0.343732	4.36538	-0.421733	0
5.38867	-0.276665	0.297384	5.38867	-0.276665	0
6.40223	-0.335695	0.29361	6.40223	-0.335695	0
7.40726	-0.332758	0.332619	7.40726	-0.332758	0
8.45095	-0.385314	0.346925	8.45095	-0.385314	0
9.41046	-0.35806	0.331757	9.41046	-0.35806	0
10.4945	-0.372772	0.308995	10.4945	-0.372772	0
11.5313	-0.371051	0.32389	11.5313	-0.371051	0
-11.2077	-0.384934	0.330241	-11.2077	-0.384934	0
-10.1697	-0.387758	0.309036	-10.1697	-0.387758	0
-9.14159	-0.371035	0.318751	-9.14159	-0.371035	0
-8.14347	-0.356661	0.311064	-8.14347	-0.356661	0
-7.14153	-0.375226	0.303483	-7.14153	-0.375226	0
-6.09945	-0.469411	0.315654	-6.09945	-0.469411	0
-5.06938	-0.405004	0.304891	-5.06938	-0.405004	0
-3.9891	-0.432119	0.3059	-3.9891	-0.432119	0
-2.93108	-0.419354	0.326315	-2.93108	-0.419354	0
-1.9396	-0.450776	0.315674	-1.9396	-0.450776	0
-0.925182	-0.49993	0.327373	-0.925182	-0.49993	0
