-0.68837	-0.294466	-0.330376	-0.68837	-0.294466	0
0.341497	-0.286338	-0.339895	0.341497	-0.286338	0
1.38276	-0.247179	-0.3197	1.38276	-0.247179	0
2.48868	-0.345311	-0.306932	2.48868	-0.345311	0
3.55207	-0.34378	-0.305979	3.55207	-0.34378	0
4.57358	-0.337065	-0.321888	4.57358	-0.337065	0
5.63321	-0.32083	-0.337981	5.63321	-0.32083	0
6.70727	-0.209867	-0.328159	6.70727	-0.209867	0
7.65896	-0.257299	-0.297966	7.65896	-0.257299	0
8.6805	-0.258415	-0.313112	8.6805	-0.258415	0
9.7364	-0.244057	-0.337549	9.7364	-0.244057	0
10.7568	-0.268737	-0.273377	10.7568	-0.268737	0
11.7852	-0.25395	-0.323901	11.7852	-0.25395	0
-10.9893	-0.239602	-0.292526	-10.9893	-0.239602	0
-9.95092	-0.366846	-0.320242	-9.95092	-0.366846	0
-8.93784	-0.327979	-0.314166	-8.93784	-0.327979	0
-7.91373	-0.315151	-0.302565	-7.91373	-0.315151	0
-6.91594	-0.272752	-0.313975	-6.91594	-0.272752	0
-5.84676	-0.215757	-0.339118	-5.84676	-0.215757	0
-4.77922	-0.248195	-0.329943	-4.77922	-0.248195	0
-3.72737	-0.252217	-0.301082	-3.72737	-0.252217	0
-2.74203	-0.261149	-0.336459	-2.74203	-0.261149	0
-1.68879	-0.306687	-0.33559	-1.68879	-0.306687	0
-0.652061	0.762682	-0.304406	-0.652061	0.762682	0
0.384085	0.758223	-0.316524	0.384085	0.758223	0
1.4538	0.721524	-0.283649	1.4538	0.721524	0
2.5148	0.644204	-0.328943	2.5148	0.644204	0
3.5339	0.741696	-0.310888	3.5339	0.741696	0
4.58496	0.725887	-0.325425	4.58496	0.725887	0
5.59294	0.716136	-0.324759	5.59294	0.716136	0
6.59347	0.747552	-0.323372	6.59347	0.747552	0
7.63927	0.772031	-0.33099	7.63927	0.772031	0
8.67362	0.773633	-0.315237	8.67362	0.773633	0
9.74891	0.835334	-0.307235	9.74891	0.835334	0
10.7351	0.798936	-0.301067	10.7351	0.798936	0
11.7466	0.756759	-0.326944	11.7466	0.756759	0
-11.0293	0.775025	-0.273831	-11.0293	0.775025	0
-9.94582	0.707698	-0.320711	-9.94582	0.707698	0
-8.92373	0.699256	-0.332805	-8.92373	0.699256	0
-7.90085	0.754709	-0.339001	-7.90085	0.754709	0
-6.85015	0.741424	-0.341624	-6.85015	0.741424	0
-5.84233	0.772637	-0.306763	-5.84233	0.772637	0
-4.80044	0.792412	-0.333317	-4.80044	0.792412	0
-3.77935	0.763557	-0.322352	-3.77935	0.763557	0
-2.66219	0.734624	-0.300283	-2.66219	0.734624	0
-1.69212	0.739664	-0.290817	-1.69212	0.739664	0
-0.663659	1.78477	-0.276837	-0.663659	1.78477	0
0.416506	1.75572	-0.299923	0.416506	1.75572	0
1.45296	1.75853	-0.300058	1.45296	1.75853	0
2.43925	1.73924	-0.319193	2.43925	1.73924	0
3.5313	1.73716	-0.301741	3.5313	1.73716	0
4.54402	1.71653	-0.302429	4.54402	1.71653	0
5.53993	1.78395	-0.341469	5.53993	1.78395	0
6.58564	1.77307	-0.32998	6.58564	1.77307	0
7.64438	1.78118	-0.30306	7.64438	1.78118	0
8.65855	1.81827	-0.330374	8.65855	1.81827	0
9.71495	1.80963	-0.325912	9.71495	1.80963	0
10.7609	1.77589	-0.334602	10.7609	1.77589	0
11.7637	1.79763	-0.31748	11.7637	1.79763	0
-10.9618	1.79718	-0.312369	-10.9618	1.79718	0
-9.92988	1.78653	-0.324637	-9.92988	1.78653	0
-8.88667	1.73577	-0.325716	-8.88667	1.73577	0
-7.8531	1.8386	-0.327494	-7.8531	1.8386	0
-6.79016	1.78212	-0.322151	-6.79016	1.78212	0
-5.82708	1.82407	-0.313974	-5.82708	1.82407	0
-4.76836	1.7882	-0.325025	-4.76836	1.7882	0
-3.71325	1.77889	-0.332126	-3.71325	1.77889	0
-2.63612	1.76006	-0.318237	-2.63612	1.76006	0
-1.62373	1.77896	-0.350336	-1.62373	1.77896	0
-0.602743	2.8077	-0.315172	-0.602743	2.8077	0
0.407198	2.78894	-0.320722	0.407198	2.78894	0
1.43156	2.78588	-0.326164	1.43156	2.78588	0
2.45351	2.79852	-0.31854	2.45351	2.79852	0
3.53107	2.73104	-0.321422	3.53107	2.73104	0
4.55018	2.76205	-0.354102	4.55018	2.76205	0
5.63687	2.79667	-0.290853	5.63687	2.79667	0
6.62252	2.7846	-0.320675	6.62252	2.7846	0
7.6596	2.8105	-0.316822	7.6596	2.8105	0
8.68257	2.87183	-0.325977	8.68257	2.87183	0
9.77477	2.7825	-0.315771	9.77477	2.7825	0
10.824	2.8332	-0.334939	10.824	2.8332	0
11.85	2.81858	-0.320593	11.85	2.81858	0
-10.8799	2.81481	-0.273069	-10.8799	2.81481	0
-9.8727	2.81423	-0.317888	-9.8727	2.81423	0
-8.91973	2.79391	-0.294987	-8.91973	2.79391	0
-7.89159	2.8678	-0.29684	-7.89159	2.8678	0
-6.81793	2.85448	-0.327096	-6.81793	2.85448	0
-5.80228	2.84109	-0.297282	-5.80228	2.84109	0
-4.79787	2.79623	-0.308329	-4.79787	2.79623	0
-3.68832	2.775	-0.32374	-3.68832	2.775	0
-2.69854	2.80632	-0.313973	-2.69854	2.80632	0
-1.63237	2.85134	-0.310781	-1.63237	2.85134	0
-0.578896	3.83872	-0.327712	-0.578896	3.83872	0
0.452941	3.79322	-0.345304	0.452941	3.79322	0
1.39812	3.86736	-0.32165	1.39812	3.86736	0
2.49498	3.76854	-0.308477	2.49498	3.76854	0
3.54441	3.8213	-0.321754	3.54441	3.8213	0
4.57196	3.82392	-0.340238	4.57196	3.82392	0
5.61337	3.83289	-0.297068	5.61337	3.83289	0
6.62514	3.82681	-0.316615	6.62514	3.82681	0
7.64812	3.82269	-0.313838	7.64812	3.82269	0
8.7137	3.84176	-0.308464	8.7137	3.84176	0
9.74811	3.82779	-0.310555	9.74811	3.82779	0
10.7845	3.82767	-0.309649	10.7845	3.82767	0
11.853	3.90414	-0.334833	11.853	3.90414	0
-10.8987	3.81717	-0.318743	-10.8987	3.81717	0
-9.91634	3.84424	-0.310926	-9.91634	3.84424	0
-8.89084	3.84499	-0.327797	-8.89084	3.84499	0
-7.82775	3.89089	-0.310017	-7.82775	3.89089	0
-6.84957	3.88411	-0.293735	-6.84957	3.88411	0
-5.76607	3.85495	-0.301821	-5.76607	3.85495	0
-4.78909	3.88285	-0.308796	-4.78909	3.88285	0
-3.71283	3.84144	-0.314144	-3.71283	3.84144	0
-2.6918	3.82338	-0.305733	-2.6918	3.82338	0
-1.63213	3.88073	-0.323667	-1.63213	3.88073	0
-0.592032	4.8543	-0.318092	-0.592032	4.8543	0
0.417552	4.86147	-0.327267	0.417552	4.86147	0
1.40268	4.90025	-0.35872	1.40268	4.90025	0
2.52267	4.89873	-0.307047	2.52267	4.89873	0
3.57739	4.85584	-0.33435	3.57739	4.85584	0
4.54956	4.85815	-0.290724	4.54956	4.85815	0
5.57955	4.84986	-0.332202	5.57955	4.84986	0
6.62167	4.86593	-0.31358	6.62167	4.86593	0
7.63687	4.887	-0.339484	7.63687	4.887	0
8.65782	4.87376	-0.322462	8.65782	4.87376	0
9.78393	4.80617	-0.324876	9.78393	4.80617	0
10.8155	4.87243	-0.338785	10.8155	4.87243	0
11.8794	4.88485	-0.306199	11.8794	4.88485	0
-10.9306	4.86889	-0.332342	-10.9306	4.86889	0
-9.94581	4.90059	-0.318366	-9.94581	4.90059	0
-8.94675	4.91035	-0.330163	-8.94675	4.91035	0
-7.86009	4.93485	-0.308997	-7.86009	4.93485	0
-6.75959	4.90381	-0.329792	-6.75959	4.90381	0
-5.76744	4.90541	-0.323326	-5.76744	4.90541	0
-4.78444	4.8518	-0.3474	-4.78444	4.8518	0
-3.72632	4.88816	-0.302572	-3.72632	4.88816	0
-2.6847	4.83552	-0.334732	-2.6847	4.83552	0
-1.66547	4.87482	-0.299066	-1.66547	4.87482	0
-0.684669	5.88193	-0.343493	-0.684669	5.88193	0
0.305386	5.94515	-0.323313	0.305386	5.94515	0
1.40907	5.94566	-0.309272	1.40907	5.94566	0
2.48248	5.89349	-0.326045	2.48248	5.89349	0
3.52747	5.96587	-0.3286	3.52747	5.96587	0
4.57014	5.8659	-0.317489	4.57014	5.8659	0
5.55754	5.84674	-0.336494	5.55754	5.84674	0
6.65315	5.91325	-0.324267	6.65315	5.91325	0
7.61908	5.93793	-0.301223	7.61908	5.93793	0
8.63048	5.88754	-0.346116	8.63048	5.88754	0
9.73498	5.86305	-0.310204	9.73498	5.86305	0
10.7424	5.87703	-0.300358	10.7424	5.87703	0
11.705	5.88453	-0.341873	11.705	5.88453	0
-11.0753	5.88767	-0.339173	-11.0753	5.88767	0
-9.96555	5.96109	-0.314956	-9.96555	5.96109	0
-8.94347	5.95458	-0.288403	-8.94347	5.95458	0
-7.87134	5.91884	-0.312491	-7.87134	5.91884	0
-6.85885	5.92322	-0.315819	-6.85885	5.92322	0
-5.78701	5.90331	-0.327144	-5.78701	5.90331	0
-4.74417	5.95783	-0.329409	-4.74417	5.95783	0
-3.72248	5.91081	-0.303514	-3.72248	5.91081	0
-2.66059	5.91143	-0.307296	-2.66059	5.91143	0
-1.66767	5.88817	-0.318374	-1.66767	5.88817	0
-0.620508	6.9407	-0.311183	-0.620508	6.9407	0
0.407054	6.95812	-0.337417	0.407054	6.95812	0
1.41218	6.92989	-0.32222	1.41218	6.92989	0
2.45595	6.86382	-0.347575	2.45595	6.86382	0
3.5284	6.94069	-0.348634	3.5284	6.94069	0
4.58102	6.93779	-0.312146	4.58102	6.93779	0
5.57987	6.92523	-0.310536	5.57987	6.92523	0
6.57681	7.01749	-0.291984	6.57681	7.01749	0
7.62248	6.95697	-0.29295	7.62248	6.95697	0
8.63072	6.96057	-0.322335	8.63072	6.96057	0
9.6516	6.94858	-0.327592	9.6516	6.94858	0
10.7011	6.91116	-0.331216	10.7011	6.91116	0
11.7114	6.97913	-0.319345	11.7114	6.97913	0
-11.0632	7.00295	-0.328258	-11.0632	7.00295	0
-10.0346	6.97565	-0.324602	-10.0346	6.97565	0
-8.91727	6.96562	-0.303478	-8.91727	6.96562	0
-7.87145	6.95308	-0.327251	-7.87145	6.95308	0
-6.83318	6.98231	-0.30545	-6.83318	6.98231	0
-5.819	6.99443	-0.339123	-5.819	6.99443	0
-4.78278	6.9604	-0.320006	-4.78278	6.9604	0
-3.79993	6.98019	-0.312624	-3.79993	6.98019	0
-2.78879	6.93209	-0.316244	-2.78879	6.93209	0
-1.66576	6.96281	-0.305629	-1.66576	6.96281	0
-0.570953	7.97823	-0.348174	-0.570953	7.97823	0
0.421606	8.01122	-0.309669	0.421606	8.01122	0
1.44734	7.9585	-0.321431	1.44734	7.9585	0
2.49147	7.96194	-0.323017	2.49147	7.96194	0
3.51167	7.96378	-0.324154	3.51167	7.96378	0
4.50632	7.98501	-0.279177	4.50632	7.98501	0
5.51094	8.03921	-0.319782	5.51094	8.03921	0
6.5469	8.02987	-0.298647	6.5469	8.02987	0
7.628	8.02031	-0.329745	7.628	8.02031	0
8.65285	7.99432	-0.309876	8.65285	7.99432	0
9.67206	8.00405	-0.320737	9.67206	8.00405	0
10.7421	7.90273	-0.310966	10.7421	7.90273	0
11.7578	7.99926	-0.328786	11.7578	7.99926	0
-10.9626	7.99046	-0.318646	-10.9626	7.99046	0
-9.94677	7.94713	-0.283822	-9.94677	7.94713	0
-8.87803	7.99856	-0.267999	-8.87803	7.99856	0
-7.87975	7.97218	-0.336259	-7.87975	7.97218	0
-6.81584	7.95713	-0.316285	-6.81584	7.95713	0
-5.80767	8.00598	-0.318487	-5.80767	8.00598	0
-4.7811	7.99033	-0.313371	-4.7811	7.99033	0
-3.74831	7.9879	-0.330191	-3.74831	7.9879	0
-2.70267	7.94065	-0.330035	-2.70267	7.94065	0
-1.64871	7.95717	-0.317147	-1.64871	7.95717	0
-0.665687	8.97693	-0.330822	-0.665687	8.97693	0
0.315907	8.95368	-0.308647	0.315907	8.95368	0
1.40777	9.01219	-0.322346	1.40777	9.01219	0
2.43678	9.04618	-0.311436	2.43678	9.04618	0
3.48304	9.07288	-0.310448	3.48304	9.07288	0
4.4973	8.99524	-0.289081	4.4973	8.99524	0
5.54374	9.05289	-0.329625	5.54374	9.05289	0
6.62954	8.99907	-0.324774	6.62954	8.99907	0
7.60282	9.04866	-0.327514	7.60282	9.04866	0
8.71585	9.0217	-0.319938	8.71585	9.0217	0
9.70163	9.04693	-0.309602	9.70163	9.04693	0
10.7562	8.98963	-0.346256	10.7562	8.98963	0
11.8309	9.03701	-0.323479	11.8309	9.03701	0
-10.9537	9.07867	-0.310778	-10.9537	9.07867	0
-9.95716	9.01662	-0.315118	-9.95716	9.01662	0
-8.88051	8.99871	-0.303973	-8.88051	8.99871	0
-7.78252	9.02404	-0.307722	-7.78252	9.02404	0
-6.81754	8.99276	-0.313402	-6.81754	8.99276	0
-5.78316	9.00732	-0.330144	-5.78316	9.00732	0
-4.80543	9.00822	-0.332397	-4.80543	9.00822	0
-3.75073	9.05281	-0.344646	-3.75073	9.05281	0
-2.69394	9.03919	-0.280314	-2.69394	9.03919	0
-1.6896	9.03199	-0.320469	-1.6896	9.03199	0
-0.717111	10.0661	-0.312244	-0.717111	10.0661	0
0.318903	10.0783	-0.317367	0.318903	10.0783	0
1.32171	10.0513	-0.322693	1.32171	10.0513	0
2.387	10.0315	-0.321313	2.387	10.0315	0
3.49469	10.0408	-0.31491	3.49469	10.0408	0
4.49269	10.0583	-0.311729	4.49269	10.0583	0
5.57725	10.0632	-0.316653	5.57725	10.0632	0
6.55839	10.0568	-0.341727	6.55839	10.0568	0
7.59718	10.0617	-0.294573	7.59718	10.0617	0
8.646	10.0141	-0.301782	8.646	10.0141	0
9.691	10.0954	-0.335384	9.691	10.0954	0
10.6873	10.0223	-0.304249	10.6873	10.0223	0
11.795	10.0572	-0.281474	11.795	10.0572	0
-10.9833	10.0535	-0.326958	-10.9833	10.0535	0
-9.95465	10.0525	-0.325471	-9.95465	10.0525	0
-8.84348	10.0797	-0.318274	-8.84348	10.0797	0
-7.80228	10.0385	-0.29839	-7.80228	10.0385	0
-6.75284	10.0099	-0.327716	-6.75284	10.0099	0
-5.81881	10.0464	-0.300368	-5.81881	10.0464	0
-4.75162	10.0916	-0.333625	-4.75162	10.0916	0
-3.72771	10.0912	-0.318236	-3.72771	10.0912	0
-2.68008	10.0985	-0.339494	-2.68008	10.0985	0
-1.70727	10.0709	-0.340679	-1.70727	10.0709	0
-0.708759	11.0756	-0.283811	-0.708759	11.0756	0
0.328601	11.1037	-0.299105	0.328601	11.1037	0
1.38622	11.0714	-0.317994	1.38622	11.0714	0
2.44636	11.0599	-0.340812	2.44636	11.0599	0
3.44343	11.089	-0.302628	3.44343	11.089	0
4.49839	11.1276	-0.322412	4.49839	11.1276	0
5.50463	11.0668	-0.314658	5.50463	11.0668	0
6.60665	11.1207	-0.333813	6.60665	11.1207	0
7.63397	11.1076	-0.307579	7.63397	11.1076	0
8.64116	11.1064	-0.33383	8.64116	11.1064	0
9.68546	11.0608	-0.344468	9.68546	11.0608	0
10.7879	11.0733	-0.292582	10.7879	11.0733	0
11.7715	11.1021	-0.303285	11.7715	11.1021	0
-11.0035	11.0719	-0.349873	-11.0035	11.0719	0
-9.93935	11.0869	-0.306565	-9.93935	11.0869	0
-8.91332	11.1142	-0.31413	-8.91332	11.1142	0
-7.84129	11.1067	-0.313922	-7.84129	11.1067	0
-6.77355	11.0464	-0.323942	-6.77355	11.0464	0
-5.78521	11.0769	-0.30936	-5.78521	11.0769	0
-4.79218	11.1327	-0.277714	-4.79218	11.1327	0
-3.76693	11.0866	-0.327049	-3.76693	11.0866	0
-2.71848	11.0928	-0.339233	-2.71848	11.0928	0
-1.73286	11.1604	-0.321192	-1.73286	11.1604	0
-0.663482	-11.6149	-0.323059	-0.663482	-11.6149	0
0.363192	-11.617	-0.328641	0.363192	-11.617	0
1.41448	-11.6397	-0.310913	1.41448	-11.6397	0
2.44572	-11.6937	-0.300007	2.44572	-11.6937	0
3.47557	-11.6713	-0.344211	3.47557	-11.6713	0
4.54263	-11.656	-0.33477	4.54263	-11.656	0
5.56282	-11.6515	-0.341037	5.56282	-11.6515	0
6.57725	-11.6503	-0.319482	6.57725	-11.6503	0
7.647	-11.7157	-0.330672	7.647	-11.7157	0
8.70797	-11.6638	-0.326559	8.70797	-11.6638	0
9.74012	-11.6227	-0.308288	9.74012	-11.6227	0
10.7544	-11.6864	-0.320943	10.7544	-11.6864	0
11.7487	-11.6415	-0.315958	11.7487	-11.6415	0
-10.9099	-11.7283	-0.341425	-10.9099	-11.7283	0
-9.94346	-11.6932	-0.304144	-9.94346	-11.6932	0
-8.91359	-11.6312	-0.297113	-8.91359	-11.6312	0
-7.8611	-11.7075	-0.329687	-7.8611	-11.7075	0
-6.87733	-11.6474	-0.278555	-6.87733	-11.6474	0
-5.90752	-11.6043	-0.320644	-5.90752	-11.6043	0
-4.80265	-11.6709	-0.287752	-4.80265	-11.6709	0
-3.75202	-11.6468	-0.301678	-3.75202	-11.6468	0
-2.71436	-11.6104	-0.297642	-2.71436	-11.6104	0
-1.68604	-11.6158	-0.326018	-1.68604	-11.6158	0
-0.665853	-10.6281	-0.317787	-0.665853	-10.6281	0
0.386669	-10.6142	-0.323092	0.386669	-10.6142	0
1.37981	-10.6241	-0.337373	1.37981	-10.6241	0
2.43808	-10.6335	-0.320523	2.43808	-10.6335	0
3.45098	-10.5924	-0.324752	3.45098	-10.5924	0
4.55161	-10.6741	-0.310434	4.55161	-10.6741	0
5.57329	-10.6454	-0.315883	5.57329	-10.6454	0
6.67136	-10.6268	-0.308364	6.67136	-10.6268	0
7.65113	-10.597	-0.306345	7.65113	-10.597	0
8.64906	-10.6456	-0.312907	8.64906	-10.6456	0
9.70581	-10.6572	-0.310937	9.70581	-10.6572	0
10.8	-10.6549	-0.316036	10.8	-10.6549	0
11.7999	-10.6686	-0.31485	11.7999	-10.6686	0
-10.9952	-10.7045	-0.321429	-10.9952	-10.7045	0
-9.95049	-10.627	-0.338506	-9.95049	-10.627	0
-8.96237	-10.5848	-0.289268	-8.96237	-10.5848	0
-7.90127	-10.6256	-0.335742	-7.90127	-10.6256	0
-6.82518	-10.6257	-0.323912	-6.82518	-10.6257	0
-5.80974	-10.5982	-0.320992	-5.80974	-10.5982	0
-4.83904	-10.5632	-0.293497	-4.83904	-10.5632	0
-3.77726	-10.6017	-0.303119	-3.77726	-10.6017	0
-2.75084	-10.5496	-0.302236	-2.75084	-10.5496	0
-1.68047	-10.6258	-0.313054	-1.68047	-10.6258	0
-0.570213	-9.57565	-0.319188	-0.570213	-9.57565	0
0.422885	-9.53631	-0.311423	0.422885	-9.53631	0
1.4874	-9.57156	-0.279178	1.4874	-9.57156	0
2.49799	-9.62773	-0.335948	2.49799	-9.62773	0
3.5027	-9.59505	-0.317641	3.5027	-9.59505	0
4.54318	-9.63967	-0.302141	4.54318	-9.63967	0
5.58599	-9.60969	-0.326486	5.58599	-9.60969	0
6.57117	-9.64215	-0.321784	6.57117	-9.64215	0
7.71947	-9.57859	-0.346556	7.71947	-9.57859	0
8.72036	-9.6021	-0.336577	8.72036	-9.6021	0
9.68758	-9.66759	-0.305667	9.68758	-9.66759	0
10.7672	-9.61195	-0.307397	10.7672	-9.61195	0
11.7722	-9.61235	-0.319543	11.7722	-9.61235	0
-10.9766	-9.62248	-0.322712	-10.9766	-9.62248	0
-9.96084	-9.59042	-0.28928	-9.96084	-9.59042	0
-8.95826	-9.62623	-0.323503	-8.95826	-9.62623	0
-7.922	-9.56547	-0.3185	-7.922	-9.56547	0
-6.85109	-9.55389	-0.344364	-6.85109	-9.55389	0
-5.85572	-9.59493	-0.331779	-5.85572	-9.59493	0
-4.76446	-9.50839	-0.332713	-4.76446	-9.50839	0
-3.77269	-9.52127	-0.33168	-3.77269	-9.52127	0
-2.65954	-9.53126	-0.309703	-2.65954	-9.53126	0
-1.6196	-9.54999	-0.344208	-1.6196	-9.54999	0
-0.59891	-8.57125	-0.324264	-0.59891	-8.57125	0
0.457995	-8.50726	-0.330785	0.457995	-8.50726	0
1.51533	-8.56373	-0.335527	1.51533	-8.56373	0
2.56048	-8.54404	-0.332235	2.56048	-8.54404	0
3.52096	-8.61072	-0.279978	3.52096	-8.61072	0
4.59183	-8.6069	-0.347623	4.59183	-8.6069	0
5.6274	-8.56858	-0.299241	5.6274	-8.56858	0
6.6533	-8.55782	-0.301267	6.6533	-8.55782	0
7.65027	-8.54026	-0.308881	7.65027	-8.54026	0
8.73546	-8.63527	-0.346834	8.73546	-8.63527	0
9.74126	-8.61155	-0.34573	9.74126	-8.61155	0
10.7483	-8.63348	-0.318081	10.7483	-8.63348	0
11.7316	-8.62863	-0.311459	11.7316	-8.62863	0
-10.9931	-8.58223	-0.335649	-10.9931	-8.58223	0
-9.8999	-8.59021	-0.299868	-9.8999	-8.59021	0
-8.93837	-8.48721	-0.293854	-8.93837	-8.48721	0
-7.92078	-8.53036	-0.325943	-7.92078	-8.53036	0
-6.85174	-8.52586	-0.329954	-6.85174	-8.52586	0
-5.80354	-8.5551	-0.328126	-5.80354	-8.5551	0
-4.77982	-8.51926	-0.306855	-4.77982	-8.51926	0
-3.73632	-8.55087	-0.288158	-3.73632	-8.55087	0
-2.63706	-8.58329	-0.323575	-2.63706	-8.58329	0
-1.59666	-8.49969	-0.326963	-1.59666	-8.49969	0
-0.602093	-7.53578	-0.338657	-0.602093	-7.53578	0
0.473655	-7.50132	-0.308982	0.473655	-7.50132	0
1.52368	-7.49955	-0.338583	1.52368	-7.49955	0
2.55226	-7.56903	-0.327463	2.55226	-7.56903	0
3.58817	-7.57135	-0.324971	3.58817	-7.57135	0
4.60861	-7.60312	-0.313748	4.60861	-7.60312	0
5.59404	-7.50793	-0.330912	5.59404	-7.50793	0
6.68764	-7.5444	-0.321052	6.68764	-7.5444	0
7.69417	-7.53536	-0.341546	7.69417	-7.53536	0
8.7056	-7.61514	-0.275813	8.7056	-7.61514	0
9.72293	-7.53943	-0.34128	9.72293	-7.53943	0
10.7435	-7.53123	-0.331396	10.7435	-7.53123	0
11.7955	-7.57697	-0.322623	11.7955	-7.57697	0
-10.9708	-7.5585	-0.331747	-10.9708	-7.5585	0
-9.92932	-7.507	-0.313483	-9.92932	-7.507	0
-8.88914	-7.4498	-0.33308	-8.88914	-7.4498	0
-7.79595	-7.52174	-0.339267	-7.79595	-7.52174	0
-6.8036	-7.51862	-0.291244	-6.8036	-7.51862	0
-5.77465	-7.50992	-0.331452	-5.77465	-7.50992	0
-4.71082	-7.48485	-0.318208	-4.71082	-7.48485	0
-3.75186	-7.51533	-0.325316	-3.75186	-7.51533	0
-2.63416	-7.50659	-0.324394	-2.63416	-7.50659	0
-1.63616	-7.43702	-0.334951	-1.63616	-7.43702	0
-0.627155	-6.49126	-0.323183	-0.627155	-6.49126	0
0.451891	-6.49204	-0.336672	0.451891	-6.49204	0
1.49886	-6.50429	-0.333164	1.49886	-6.50429	0
2.49161	-6.5587	-0.318793	2.49161	-6.5587	0
3.53661	-6.5471	-0.312753	3.53661	-6.5471	0
4.5617	-6.48169	-0.337236	4.5617	-6.48169	0
5.61047	-6.51048	-0.317462	5.61047	-6.51048	0
6.63638	-6.47978	-0.299289	6.63638	-6.47978	0
7.6974	-6.54689	-0.311047	7.6974	-6.54689	0
8.73877	-6.56989	-0.331468	8.73877	-6.56989	0
9.75966	-6.50663	-0.313934	9.75966	-6.50663	0
10.7373	-6.45144	-0.315542	10.7373	-6.45144	0
11.8164	-6.51438	-0.302505	11.8164	-6.51438	0
-10.9583	-6.48428	-0.293533	-10.9583	-6.48428	0
-9.98086	-6.47539	-0.309067	-9.98086	-6.47539	0
-8.8884	-6.47073	-0.323833	-8.8884	-6.47073	0
-7.84771	-6.514	-0.318881	-7.84771	-6.514	0
-6.78651	-6.5014	-0.311133	-6.78651	-6.5014	0
-5.80422	-6.4991	-0.288299	-5.80422	-6.4991	0
-4.79223	-6.44734	-0.334887	-4.79223	-6.44734	0
-3.67136	-6.47459	-0.339427	-3.67136	-6.47459	0
-2.70648	-6.4726	-0.320572	-2.70648	-6.4726	0
-1.72175	-6.43437	-0.33058	-1.72175	-6.43437	0
-0.635042	-5.46137	-0.302496	-0.635042	-5.46137	0
0.411902	-5.48754	-0.31374	0.411902	-5.48754	0
1.46062	-5.48272	-0.311137	1.46062	-5.48272	0
2.53708	-5.50918	-0.302186	2.53708	-5.50918	0
3.53325	-5.51714	-0.314961	3.53325	-5.51714	0
4.55709	-5.46991	-0.342225	4.55709	-5.46991	0
5.63439	-5.46198	-0.331647	5.63439	-5.46198	0
6.60883	-5.43995	-0.326925	6.60883	-5.43995	0
7.59262	-5.51824	-0.307866	7.59262	-5.51824	0
8.63829	-5.49344	-0.332154	8.63829	-5.49344	0
9.69073	-5.47749	-0.32692	9.69073	-5.47749	0
10.7408	-5.46142	-0.294383	10.7408	-5.46142	0
11.8215	-5.50026	-0.304497	11.8215	-5.50026	0
-10.9657	-5.40781	-0.330221	-10.9657	-5.40781	0
-9.94909	-5.47846	-0.309536	-9.94909	-5.47846	0
-8.91186	-5.42308	-0.329309	-8.91186	-5.42308	0
-7.86931	-5.42561	-0.301938	-7.86931	-5.42561	0
-6.84265	-5.45298	-0.339839	-6.84265	-5.45298	0
-5.81493	-5.43382	-0.336707	-5.81493	-5.43382	0
-4.85271	-5.44621	-0.302455	-4.85271	-5.44621	0
-3.80567	-5.49919	-0.319519	-3.80567	-5.49919	0
-2.71118	-5.42073	-0.312364	-2.71118	-5.42073	0
-1.65353	-5.35862	-0.336285	-1.65353	-5.35862	0
-0.666148	-4.41971	-0.30932	-0.666148	-4.41971	0
0.4236	-4.44987	-0.331395	0.4236	-4.44987	0
1.40113	-4.43641	-0.325828	1.40113	-4.43641	0
2.44365	-4.46957	-0.328709	2.44365	-4.46957	0
3.47256	-4.42095	-0.301049	3.47256	-4.42095	0
4.50899	-4.45695	-0.301841	4.50899	-4.45695	0
5.58213	-4.42228	-0.322802	5.58213	-4.42228	0
6.64322	-4.36112	-0.327333	6.64322	-4.36112	0
7.65781	-4.46953	-0.327786	7.65781	-4.46953	0
8.67567	-4.44174	-0.324291	8.67567	-4.44174	0
9.7159	-4.41695	-0.315524	9.7159	-4.41695	0
10.7635	-4.42504	-0.305011	10.7635	-4.42504	0
11.7654	-4.39921	-0.331941	11.7654	-4.39921	0
-10.961	-4.40605	-0.313814	-10.961	-4.40605	0
-9.94191	-4.40741	-0.315977	-9.94191	-4.40741	0
-8.89022	-4.36597	-0.343264	-8.89022	-4.36597	0
-7.88357	-4.36486	-0.331598	-7.88357	-4.36486	0
-6.81073	-4.37487	-0.323862	-6.81073	-4.37487	0
-5.80857	-4.34385	-0.302508	-5.80857	-4.34385	0
-4.76108	-4.37467	-0.298494	-4.76108	-4.37467	0
-3.77691	-4.35073	-0.316389	-3.77691	-4.35073	0
-2.696	-4.40567	-0.317247	-2.696	-4.40567	0
-1.70447	-4.37457	-0.338317	-1.70447	-4.37457	0
-0.637315	-3.38015	-0.288733	-0.637315	-3.38015	0
0.341604	-3.37601	-0.310161	0.341604	-3.37601	0
1.44122	-3.34884	-0.323535	1.44122	-3.34884	0
2.47801	-3.3913	-0.322867	2.47801	-3.3913	0
3.50101	-3.40031	-0.285519	3.50101	-3.40031	0
4.52362	-3.42687	-0.294112	4.52362	-3.42687	0
5.58662	-3.38229	-0.331773	5.58662	-3.38229	0
6.64704	-3.31356	-0.321627	6.64704	-3.31356	0
7.703	-3.39622	-0.32343	7.703	-3.39622	0
8.7094	-3.39629	-0.294033	8.7094	-3.39629	0
9.72099	-3.40412	-0.297386	9.72099	-3.40412	0
10.7386	-3.38091	-0.308873	10.7386	-3.38091	0
11.7274	-3.36977	-0.317864	11.7274	-3.36977	0
-10.9856	-3.36858	-0.330966	-10.9856	-3.36858	0
-9.95458	-3.35531	-0.32592	-9.95458	-3.35531	0
-8.93123	-3.37703	-0.334661	-8.93123	-3.37703	0
-7.89983	-3.32932	-0.286382	-7.89983	-3.32932	0
-6.89428	-3.3738	-0.330298	-6.89428	-3.3738	0
-5.84367	-3.37655	-0.305048	-5.84367	-3.37655	0
-4.81506	-3.34284	-0.320739	-4.81506	-3.34284	0
-3.76271	-3.3576	-0.337384	-3.76271	-3.3576	0
-2.67014	-3.39959	-0.314101	-2.67014	-3.39959	0
-1.68072	-3.38122	-0.319365	-1.68072	-3.38122	0
-0.698097	-2.28883	-0.312616	-0.698097	-2.28883	0
0.354774	-2.33819	-0.320993	0.354774	-2.33819	0
1.38271	-2.34606	-0.308075	1.38271	-2.34606	0
2.45182	-2.35587	-0.292491	2.45182	-2.35587	0
3.45799	-2.41643	-0.332685	3.45799	-2.41643	0
4.53005	-2.3839	-0.310062	4.53005	-2.3839	0
5.60226	-2.3463	-0.289041	5.60226	-2.3463	0
6.67709	-2.36924	-0.311513	6.67709	-2.36924	0
7.68526	-2.34087	-0.330497	7.68526	-2.34087	0
8.64686	-2.43665	-0.32774	8.64686	-2.43665	0
9.72788	-2.36209	-0.317623	9.72788	-2.36209	0
10.7675	-2.35818	-0.330079	10.7675	-2.35818	0
11.7943	-2.36283	-0.312804	11.7943	-2.36283	0
-10.963	-2.34897	-0.309698	-10.963	-2.34897	0
-9.98759	-2.39373	-0.312681	-9.98759	-2.39373	0
-8.96629	-2.35939	-0.341925	-8.96629	-2.35939	0
-7.91145	-2.33487	-0.328091	-7.91145	-2.33487	0
-6.86924	-2.29748	-0.316067	-6.86924	-2.29748	0
-5.83688	-2.34279	-0.303687	-5.83688	-2.34279	0
-4.81269	-2.3231	-0.321657	-4.81269	-2.3231	0
-3.82189	-2.30395	-0.294981	-3.82189	-2.30395	0
-2.79408	-2.33839	-0.329897	-2.79408	-2.33839	0
-1.73548	-2.36975	-0.321018	-1.73548	-2.36975	0
-0.695151	-1.34733	-0.312262	-0.695151	-1.34733	0
0.382175	-1.36804	-0.347139	0.382175	-1.36804	0
1.4102	-1.37146	-0.308725	1.4102	-1.37146	0
2.45106	-1.34823	-0.302152	2.45106	-1.34823	0
3.50737	-1.38009	-0.349524	3.50737	-1.38009	0
4.54314	-1.30288	-0.314355	4.54314	-1.30288	0
5.57969	-1.33546	-0.333239	5.57969	-1.33546	0
6.65858	-1.31387	-0.329034	6.65858	-1.31387	0
7.68026	-1.33327	-0.313786	7.68026	-1.33327	0
8.67823	-1.28453	-0.34118	8.67823	-1.28453	0
9.66019	-1.31383	-0.335345	9.66019	-1.31383	0
10.7636	-1.35555	-0.322535	10.7636	-1.35555	0
11.7709	-1.30735	-0.33304	11.7709	-1.30735	0
-10.9716	-1.30526	-0.346484	-10.9716	-1.30526	0
-9.97835	-1.33725	-0.302976	-9.97835	-1.33725	0
-8.91914	-1.32258	-0.329737	-8.91914	-1.32258	0
-7.87545	-1.3191	-0.293182	-7.87545	-1.3191	0
-6.84895	-1.31607	-0.334961	-6.84895	-1.31607	0
-5.81864	-1.30683	-0.321568	-5.81864	-1.30683	0
-4.83212	-1.30154	-0.31181	-4.83212	-1.30154	0
-3.79619	-1.27524	-0.343796	-3.79619	-1.27524	0
-2.74053	-1.31309	-0.324901	-2.74053	-1.31309	0
-1.69971	-1.29491	-0.319464	-1.69971	-1.29491	0
-0.169338	0.19725	0.325173	-0.169338	0.19725	0
0.906642	0.217634	0.328963	0.906642	0.217634	0
1.92941	0.186909	0.336899	1.92941	0.186909	0
3.03452	0.159142	0.309887	3.03452	0.159142	0
4.05162	0.183427	0.298289	4.05162	0.183427	0
5.07504	0.184612	0.307883	5.07504	0.184612	0
6.12712	0.193837	0.286847	6.12712	0.193837	0
7.17841	0.279285	0.308941	7.17841	0.279285	0
8.22532	0.25438	0.318042	8.22532	0.25438	0
9.24697	0.270881	0.288908	9.24697	0.270881	0
10.2823	0.248234	0.304954	10.2823	0.248234	0
11.2794	0.266685	0.339374	11.2794	0.266685	0
-11.4817	0.259888	0.323155	-11.4817	0.259888	0
-10.4841	0.270708	0.28855	-10.4841	0.270708	0
-9.43747	0.168478	0.3195	-9.43747	0.168478	0
-8.45654	0.214269	0.309573	-8.45654	0.214269	0
-7.3686	0.289988	0.331562	-7.3686	0.289988	0
-6.367	0.268742	0.339109	-6.367	0.268742	0
-5.31764	0.283112	0.318206	-5.31764	0.283112	0
-4.31826	0.245194	0.334181	-4.31826	0.245194	0
-3.24777	0.233968	0.323641	-3.24777	0.233968	0
-2.21508	0.199461	0.321974	-2.21508	0.199461	0
-1.15957	0.250595	0.307163	-1.15957	0.250595	0
-0.102873	1.27685	0.311452	-0.102873	1.27685	0
0.925989	1.25343	0.344137	0.925989	1.25343	0
2.00906	1.21461	0.342203	2.00906	1.21461	0
3.02825	1.19658	0.292876	3.02825	1.19658	0
4.08541	1.20773	0.356597	4.08541	1.20773	0
5.08887	1.25849	0.318865	5.08887	1.25849	0
6.05827	1.24603	0.322827	6.05827	1.24603	0
7.10363	1.28217	0.323013	7.10363	1.28217	0
8.15125	1.29722	0.32045	8.15125	1.29722	0
9.18342	1.30025	0.320354	9.18342	1.30025	0
10.2025	1.30372	0.32803	10.2025	1.30372	0
11.2155	1.32554	0.337119	11.2155	1.32554	0
-11.5327	1.29926	0.325229	-11.5327	1.29926	0
-10.4584	1.26458	0.291793	-10.4584	1.26458	0
-9.38243	1.21135	0.302333	-9.38243	1.21135	0
-8.36269	1.30592	0.315899	-8.36269	1.30592	0
-7.35056	1.30171	0.312381	-7.35056	1.30171	0
-6.31018	1.27262	0.323682	-6.31018	1.27262	0
-5.31641	1.32662	0.308797	-5.31641	1.32662	0
-4.24718	1.26417	0.315495	-4.24718	1.26417	0
-3.14951	1.29477	0.311457	-3.14951	1.29477	0
-2.11716	1.28107	0.343922	-2.11716	1.28107	0
-1.15189	1.3026	0.318132	-1.15189	1.3026	0
-0.120285	2.30802	0.287057	-0.120285	2.30802	0
0.896985	2.232	0.333957	0.896985	2.232	0
1.9255	2.29006	0.332314	1.9255	2.29006	0
2.99254	2.24285	0.323051	2.99254	2.24285	0
4.05013	2.23987	0.312267	4.05013	2.23987	0
5.11255	2.27846	0.351991	5.11255	2.27846	0
6.09982	2.24713	0.344224	6.09982	2.24713	0
7.16476	2.31152	0.312841	7.16476	2.31152	0
8.17552	2.35168	0.325447	8.17552	2.35168	0
9.18185	2.28397	0.299807	9.18185	2.28397	0
10.2863	2.30981	0.298324	10.2863	2.30981	0
11.2473	2.3014	0.317036	11.2473	2.3014	0
-11.5268	2.29435	0.3182	-11.5268	2.29435	0
-10.4148	2.28284	0.329533	-10.4148	2.28284	0
-9.40982	2.22864	0.316692	-9.40982	2.22864	0
-8.38052	2.32434	0.307471	-8.38052	2.32434	0
-7.36106	2.34	0.300414	-7.36106	2.34	0
-6.36077	2.35372	0.32574	-6.36077	2.35372	0
-5.29071	2.32379	0.338149	-5.29071	2.32379	0
-4.24989	2.32783	0.302541	-4.24989	2.32783	0
-3.18481	2.25312	0.288201	-3.18481	2.25312	0
-2.15501	2.27207	0.285349	-2.15501	2.27207	0
-1.17551	2.32799	0.320518	-1.17551	2.32799	0
-0.134914	3.34277	0.298303	-0.134914	3.34277	0
0.955683	3.31652	0.325193	0.955683	3.31652	0
1.93882	3.32213	0.326968	1.93882	3.32213	0
3.02592	3.28638	0.299794	3.02592	3.28638	0
4.02197	3.31145	0.282884	4.02197	3.31145	0
5.0421	3.30046	0.331138	5.0421	3.30046	0
6.09993	3.29688	0.327745	6.09993	3.29688	0
7.11735	3.30216	0.332712	7.11735	3.30216	0
8.16354	3.37361	0.329045	8.16354	3.37361	0
9.2546	3.28856	0.316722	9.2546	3.28856	0
10.2786	3.31652	0.331184	10.2786	3.31652	0
11.3378	3.34429	0.298531	11.3378	3.34429	0
-11.4453	3.31479	0.313661	-11.4453	3.31479	0
-10.4706	3.3502	0.330741	-10.4706	3.3502	0
-9.42066	3.32721	0.326543	-9.42066	3.32721	0
-8.36771	3.36878	0.32052	-8.36771	3.36878	0
-7.34062	3.40409	0.331825	-7.34062	3.40409	0
-6.33774	3.41594	0.353294	-6.33774	3.41594	0
-5.27986	3.35437	0.342417	-5.27986	3.35437	0
-4.23369	3.30399	0.307669	-4.23369	3.30399	0
-3.18825	3.31412	0.339968	-3.18825	3.31412	0
-2.15324	3.34608	0.295545	-2.15324	3.34608	0
-1.17041	3.42474	0.305812	-1.17041	3.42474	0
-0.0545544	4.34286	0.311306	-0.0545544	4.34286	0
0.919289	4.36884	0.332575	0.919289	4.36884	0
1.97456	4.41364	0.263767	1.97456	4.41364	0
3.05744	4.3238	0.286248	3.05744	4.3238	0
4.08223	4.29817	0.315103	4.08223	4.29817	0
5.09	4.32297	0.298729	5.09	4.32297	0
6.11806	4.33798	0.301251	6.11806	4.33798	0
7.14315	4.29984	0.333066	7.14315	4.29984	0
8.15294	4.33007	0.312321	8.15294	4.33007	0
9.21815	4.33618	0.323718	9.21815	4.33618	0
10.2546	4.36163	0.293739	10.2546	4.36163	0
11.3379	4.41107	0.343885	11.3379	4.41107	0
-11.4193	4.32607	0.344626	-11.4193	4.32607	0
-10.4149	4.32862	0.329724	-10.4149	4.32862	0
-9.40418	4.40409	0.310327	-9.40418	4.40409	0
-8.3888	4.44092	0.317027	-8.3888	4.44092	0
-7.3069	4.41388	0.33702	-7.3069	4.41388	0
-6.23517	4.39331	0.296929	-6.23517	4.39331	0
-5.29274	4.35759	0.325763	-5.29274	4.35759	0
-4.20237	4.26883	0.349645	-4.20237	4.26883	0
-3.21029	4.33058	0.310118	-3.21029	4.33058	0
-2.14964	4.3207	0.332107	-2.14964	4.3207	0
-1.14945	4.4106	0.323805	-1.14945	4.4106	0
-0.11182	5.3723	0.351514	-0.11182	5.3723	0
0.89906	5.37268	0.317146	0.89906	5.37268	0
1.9515	5.377	0.311537	1.9515	5.377	0
3.0305	5.4242	0.33413	3.0305	5.4242	0
4.04788	5.3897	0.30754	4.04788	5.3897	0
5.10145	5.34665	0.332787	5.10145	5.34665	0
6.16515	5.40178	0.307128	6.16515	5.40178	0
7.1573	5.36207	0.317961	7.1573	5.36207	0
8.14011	5.3784	0.301451	8.14011	5.3784	0
9.20011	5.33841	0.328615	9.20011	5.33841	0
10.1646	5.33912	0.326837	10.1646	5.33912	0
11.2553	5.35908	0.329618	11.2553	5.35908	0
-11.5034	5.38289	0.320899	-11.5034	5.38289	0
-10.4887	5.45206	0.319189	-10.4887	5.45206	0
-9.48305	5.44463	0.323978	-9.48305	5.44463	0
-8.40618	5.4325	0.324211	-8.40618	5.4325	0
-7.35379	5.43808	0.327966	-7.35379	5.43808	0
-6.29444	5.37346	0.338359	-6.29444	5.37346	0
-5.26825	5.39211	0.300738	-5.26825	5.39211	0
-4.26195	5.37837	0.287247	-4.26195	5.37837	0
-3.20843	5.36814	0.304588	-3.20843	5.36814	0
-2.20942	5.35995	0.296682	-2.20942	5.35995	0
-1.10196	5.37487	0.314152	-1.10196	5.37487	0
-0.148326	6.44529	0.317607	-0.148326	6.44529	0
0.836268	6.41856	0.319985	0.836268	6.41856	0
1.91196	6.43517	0.325917	1.91196	6.43517	0
2.97761	6.46079	0.327035	2.97761	6.46079	0
4.07217	6.45382	0.293316	4.07217	6.45382	0
5.0766	6.38263	0.323987	5.0766	6.38263	0
6.08285	6.42274	0.292267	6.08285	6.42274	0
7.14504	6.47286	0.316323	7.14504	6.47286	0
8.17995	6.45086	0.309902	8.17995	6.45086	0
9.19632	6.38735	0.310952	9.19632	6.38735	0
10.2319	6.4307	0.307085	10.2319	6.4307	0
11.1902	6.49889	0.298174	11.1902	6.49889	0
-11.5394	6.41417	0.323639	-11.5394	6.41417	0
-10.5115	6.43171	0.288726	-10.5115	6.43171	0
-9.44606	6.44931	0.314515	-9.44606	6.44931	0
-8.32664	6.43784	0.326382	-8.32664	6.43784	0
-7.33524	6.42191	0.322914	-7.33524	6.42191	0
-6.32779	6.42456	0.263575	-6.32779	6.42456	0
-5.301	6.42731	0.30673	-5.301	6.42731	0
-4.26039	6.40373	0.322753	-4.26039	6.40373	0
-3.22984	6.4411	0.326338	-3.22984	6.4411	0
-2.17267	6.43535	0.319293	-2.17267	6.43535	0
-1.15991	6.40862	0.32801	-1.15991	6.40862	0
-0.119053	7.50278	0.340439	-0.119053	7.50278	0
0.894203	7.49887	0.307737	0.894203	7.49887	0
1.93937	7.46182	0.271656	1.93937	7.46182	0
2.95833	7.44463	0.280999	2.95833	7.44463	0
4.00028	7.46186	0.337475	4.00028	7.46186	0
5.06264	7.40635	0.309664	5.06264	7.40635	0
6.0382	7.47522	0.31895	6.0382	7.47522	0
7.07587	7.49965	0.292015	7.07587	7.49965	0
8.13737	7.52361	0.334584	8.13737	7.52361	0
9.13747	7.4334	0.299804	9.13747	7.4334	0
10.1859	7.46056	0.316007	10.1859	7.46056	0
11.2445	7.48754	0.327216	11.2445	7.48754	0
-11.5658	7.45988	0.335591	-11.5658	7.45988	0
-10.5093	7.46599	0.323951	-10.5093	7.46599	0
-9.47041	7.45277	0.344003	-9.47041	7.45277	0
-8.38446	7.48295	0.313039	-8.38446	7.48295	0
-7.30537	7.42839	0.316288	-7.30537	7.42839	0
-6.30682	7.47661	0.329974	-6.30682	7.47661	0
-5.3371	7.41034	0.351906	-5.3371	7.41034	0
-4.24273	7.50861	0.331393	-4.24273	7.50861	0
-3.23771	7.4491	0.319259	-3.23771	7.4491	0
-2.17932	7.44008	0.311636	-2.17932	7.44008	0
-1.14954	7.44627	0.309073	-1.14954	7.44627	0
-0.157406	8.48355	0.337805	-0.157406	8.48355	0
0.941567	8.53446	0.355106	0.941567	8.53446	0
1.99123	8.47577	0.328432	1.99123	8.47577	0
3.01217	8.49265	0.306642	3.01217	8.49265	0
3.99317	8.52241	0.314375	3.99317	8.52241	0
5.02074	8.55472	0.349166	5.02074	8.55472	0
6.04063	8.55501	0.307449	6.04063	8.55501	0
7.10017	8.52626	0.344895	7.10017	8.52626	0
8.16536	8.55047	0.29671	8.16536	8.55047	0
9.1727	8.49349	0.322247	9.1727	8.49349	0
10.2126	8.49687	0.280021	10.2126	8.49687	0
11.2928	8.54683	0.325395	11.2928	8.54683	0
-11.4218	8.51286	0.316402	-11.4218	8.51286	0
-10.4544	8.5086	0.325692	-10.4544	8.5086	0
-9.42988	8.49844	0.309569	-9.42988	8.49844	0
-8.36187	8.53369	0.310894	-8.36187	8.53369	0
-7.33888	8.44834	0.313643	-7.33888	8.44834	0
-6.3122	8.53348	0.328648	-6.3122	8.53348	0
-5.27766	8.44228	0.315717	-5.27766	8.44228	0
-4.25039	8.5187	0.292172	-4.25039	8.5187	0
-3.25	8.508	0.297477	-3.25	8.508	0
-2.19049	8.47192	0.279519	-2.19049	8.47192	0
-1.16766	8.46622	0.30498	-1.16766	8.46622	0
-0.20989	9.53053	0.314921	-0.20989	9.53053	0
0.76615	9.51852	0.291963	0.76615	9.51852	0
1.91344	9.51058	0.305544	1.91344	9.51058	0
2.97785	9.52747	0.317712	2.97785	9.52747	0
3.98849	9.57857	0.331168	3.98849	9.57857	0
5.02288	9.58942	0.291445	5.02288	9.58942	0
6.05818	9.57091	0.306846	6.05818	9.57091	0
7.05546	9.55676	0.296106	7.05546	9.55676	0
8.08629	9.53504	0.320671	8.08629	9.53504	0
9.20566	9.54153	0.319478	9.20566	9.54153	0
10.2232	9.51821	0.34824	10.2232	9.51821	0
11.2943	9.52679	0.324707	11.2943	9.52679	0
-11.4682	9.55007	0.308256	-11.4682	9.55007	0
-10.4432	9.54218	0.322708	-10.4432	9.54218	0
-9.3801	9.50682	0.343848	-9.3801	9.50682	0
-8.35672	9.55761	0.315152	-8.35672	9.55761	0
-7.28974	9.47071	0.326815	-7.28974	9.47071	0
-6.25965	9.51184	0.325389	-6.25965	9.51184	0
-5.27392	9.5586	0.328328	-5.27392	9.5586	0
-4.26987	9.5343	0.318431	-4.26987	9.5343	0
-3.24004	9.59607	0.298458	-3.24004	9.59607	0
-2.23791	9.51327	0.324392	-2.23791	9.51327	0
-1.15035	9.5171	0.306347	-1.15035	9.5171	0
-0.168829	10.5212	0.331154	-0.168829	10.5212	0
0.850767	10.5737	0.317562	0.850767	10.5737	0
1.91527	10.5496	0.325998	1.91527	10.5496	0
2.95939	10.5631	0.31492	2.95939	10.5631	0
4.01268	10.5807	0.274176	4.01268	10.5807	0
5.03418	10.5718	0.315843	5.03418	10.5718	0
6.04848	10.6025	0.308102	6.04848	10.6025	0
7.07584	10.5748	0.305742	7.07584	10.5748	0
8.13384	10.6043	0.294054	8.13384	10.6043	0
9.14486	10.5416	0.315214	9.14486	10.5416	0
10.2592	10.5392	0.333103	10.2592	10.5392	0
11.2177	10.5338	0.31124	11.2177	10.5338	0
-11.4695	10.6013	0.322241	-11.4695	10.6013	0
-10.4641	10.5669	0.314822	-10.4641	10.5669	0
-9.40251	10.5451	0.290871	-9.40251	10.5451	0
-8.31318	10.5929	0.321901	-8.31318	10.5929	0
-7.31367	10.5561	0.311706	-7.31367	10.5561	0
-6.28582	10.5791	0.338176	-6.28582	10.5791	0
-5.2646	10.5858	0.319156	-5.2646	10.5858	0
-4.26263	10.629	0.316994	-4.26263	10.629	0
-3.22066	10.6141	0.296494	-3.22066	10.6141	0
-2.21415	10.6156	0.325072	-2.21415	10.6156	0
-1.26177	10.5916	0.296489	-1.26177	10.5916	0
-0.196572	11.665	0.299443	-0.196572	11.665	0
0.869846	11.6008	0.331326	0.869846	11.6008	0
1.91642	11.5813	0.329012	1.91642	11.5813	0
2.93403	11.6036	0.309722	2.93403	11.6036	0
3.97067	11.6181	0.313454	3.97067	11.6181	0
5.02225	11.6331	0.324083	5.02225	11.6331	0
6.07638	11.587	0.308665	6.07638	11.587	0
7.12089	11.6356	0.323857	7.12089	11.6356	0
8.16385	11.614	0.311524	8.16385	11.614	0
9.21324	11.6349	0.324786	9.21324	11.6349	0
10.1679	11.5322	0.351865	10.1679	11.5322	0
11.2609	11.615	0.327461	11.2609	11.615	0
-11.5139	11.6467	0.306821	-11.5139	11.6467	0
-10.4767	11.5433	0.315717	-10.4767	11.5433	0
-9.42623	11.5943	0.335957	-9.42623	11.5943	0
-8.38325	11.5874	0.341271	-8.38325	11.5874	0
-7.30604	11.5609	0.314782	-7.30604	11.5609	0
-6.35704	11.5698	0.298609	-6.35704	11.5698	0
-5.36954	11.6228	0.319897	-5.36954	11.6228	0
-4.26375	11.6459	0.326396	-4.26375	11.6459	0
-3.23801	11.638	0.300317	-3.23801	11.638	0
-2.21461	11.6348	0.3131	-2.21461	11.6348	0
-1.19259	11.6778	0.30401	-1.19259	11.6778	0
-0.140851	-11.1443	0.30945	-0.140851	-11.1443	0
0.870372	-11.1532	0.300101	0.870372	-11.1532	0
1.87306	-11.1239	0.306007	1.87306	-11.1239	0
2.98667	-11.1692	0.321427	2.98667	-11.1692	0
4.00225	-11.1629	0.307418	4.00225	-11.1629	0
5.05872	-11.1814	0.34845	5.05872	-11.1814	0
6.09076	-11.1629	0.333269	6.09076	-11.1629	0
7.15605	-11.1672	0.3072	7.15605	-11.1672	0
8.17026	-11.1738	0.301731	8.17026	-11.1738	0
9.17057	-11.1568	0.317181	9.17057	-11.1568	0
10.2635	-11.135	0.31745	10.2635	-11.135	0
11.2666	-11.1769	0.32793	11.2666	-11.1769	0
-11.4124	-11.1782	0.308442	-11.4124	-11.1782	0
-10.4709	-11.1481	0.326225	-10.4709	-11.1481	0
-9.45963	-11.1598	0.348545	-9.45963	-11.1598	0
-8.43035	-11.1255	0.308902	-8.43035	-11.1255	0
-7.36294	-11.0811	0.317902	-7.36294	-11.0811	0
-6.32413	-11.1071	0.34241	-6.32413	-11.1071	0
-5.33701	-11.126	0.296588	-5.33701	-11.126	0
-4.32204	-11.0993	0.318388	-4.32204	-11.0993	0
-3.25171	-11.0864	0.334702	-3.25171	-11.0864	0
-2.20602	-11.0915	0.298924	-2.20602	-11.0915	0
-1.18749	-11.0269	0.313736	-1.18749	-11.0269	0
-0.0998548	-10.1169	0.316223	-0.0998548	-10.1169	0
0.892893	-10.0711	0.293522	0.892893	-10.0711	0
1.94447	-10.1521	0.296645	1.94447	-10.1521	0
2.9685	-10.1629	0.336826	2.9685	-10.1629	0
3.99424	-10.136	0.31422	3.99424	-10.136	0
5.01612	-10.1012	0.31038	5.01612	-10.1012	0
6.09424	-10.1084	0.323729	6.09424	-10.1084	0
7.1724	-10.1046	0.314887	7.1724	-10.1046	0
8.1601	-10.0941	0.329205	8.1601	-10.0941	0
9.17418	-10.1613	0.329144	9.17418	-10.1613	0
10.2146	-10.0962	0.350823	10.2146	-10.0962	0
11.2939	-10.1303	0.323527	11.2939	-10.1303	0
-11.4785	-10.1296	0.326682	-11.4785	-10.1296	0
-10.5209	-10.1611	0.305465	-10.5209	-10.1611	0
-9.46366	-10.1238	0.324519	-9.46366	-10.1238	0
-8.36757	-10.1126	0.324164	-8.36757	-10.1126	0
-7.37735	-10.0844	0.296874	-7.37735	-10.0844	0
-6.3506	-10.0623	0.286714	-6.3506	-10.0623	0
-5.28189	-10.0123	0.34092	-5.28189	-10.0123	0
-4.26579	-10.0611	0.321024	-4.26579	-10.0611	0
-3.24228	-10.0881	0.305683	-3.24228	-10.0881	0
-2.11333	-10.0748	0.307289	-2.11333	-10.0748	0
-1.08972	-10.0605	0.287553	-1.08972	-10.0605	0
-0.0758101	-9.05634	0.341804	-0.0758101	-9.05634	0
0.952805	-9.01074	0.309051	0.952805	-9.01074	0
2.00719	-9.06977	0.336814	2.00719	-9.06977	0
3.02658	-9.07892	0.319305	3.02658	-9.07892	0
4.0937	-9.06734	0.310764	4.0937	-9.06734	0
5.06852	-9.0845	0.335852	5.06852	-9.0845	0
6.09809	-9.07978	0.309687	6.09809	-9.07978	0
7.16582	-9.09238	0.320223	7.16582	-9.09238	0
8.2128	-9.07522	0.317401	8.2128	-9.07522	0
9.22484	-9.10551	0.313511	9.22484	-9.10551	0
10.2187	-9.07297	0.347919	10.2187	-9.07297	0
11.2785	-9.14463	0.354511	11.2785	-9.14463	0
-11.4515	-9.10334	0.335634	-11.4515	-9.10334	0
-10.4839	-9.09055	0.316898	-10.4839	-9.09055	0
-9.4028	-9.04934	0.312298	-9.4028	-9.04934	0
-8.42001	-9.05033	0.293005	-8.42001	-9.05033	0
-7.34985	-9.08248	0.273062	-7.34985	-9.08248	0
-6.34997	-9.07486	0.318948	-6.34997	-9.07486	0
-5.33616	-8.99788	0.322044	-5.33616	-8.99788	0
-4.29218	-9.0132	0.330507	-4.29218	-9.0132	0
-3.23649	-9.04436	0.333563	-3.23649	-9.04436	0
-2.17348	-9.09046	0.31233	-2.17348	-9.09046	0
-1.14413	-9.05881	0.304264	-1.14413	-9.05881	0
-0.0337354	-8.03872	0.321792	-0.0337354	-8.03872	0
1.02841	-8.00902	0.285598	1.02841	-8.00902	0
2.00778	-8.05285	0.311436	2.00778	-8.05285	0
3.06863	-8.03786	0.346288	3.06863	-8.03786	0
4.08788	-8.11604	0.311976	4.08788	-8.11604	0
5.09713	-8.05019	0.35277	5.09713	-8.05019	0
6.09633	-8.01387	0.295417	6.09633	-8.01387	0
7.15707	-7.99308	0.332108	7.15707	-7.99308	0
8.19062	-8.08947	0.322527	8.19062	-8.08947	0
9.26209	-8.09065	0.311928	9.26209	-8.09065	0
10.2532	-8.07247	0.321424	10.2532	-8.07247	0
11.2727	-8.06262	0.29311	11.2727	-8.06262	0
-11.5082	-8.08106	0.325321	-11.5082	-8.08106	0
-10.4415	-8.05251	0.289663	-10.4415	-8.05251	0
-9.43711	-7.97956	0.331241	-9.43711	-7.97956	0
-8.39034	-7.96604	0.3198	-8.39034	-7.96604	0
-7.34485	-8.06157	0.326523	-7.34485	-8.06157	0
-6.26782	-8.0486	0.323075	-6.26782	-8.0486	0
-5.30137	-7.99538	0.288701	-5.30137	-7.99538	0
-4.2395	-7.98789	0.328594	-4.2395	-7.98789	0
-3.16245	-8.06298	0.297282	-3.16245	-8.06298	0
-2.16784	-8.04594	0.332708	-2.16784	-8.04594	0
-1.13356	-8.05011	0.324585	-1.13356	-8.05011	0
-0.0777061	-7.01638	0.303688	-0.0777061	-7.01638	0
0.958603	-6.99929	0.320961	0.958603	-6.99929	0
1.9886	-7.08458	0.33676	1.9886	-7.08458	0
3.03661	-7.06285	0.311122	3.03661	-7.06285	0
4.12051	-7.06056	0.301156	4.12051	-7.06056	0
5.09017	-7.08073	0.316948	5.09017	-7.08073	0
6.12792	-6.99111	0.305957	6.12792	-6.99111	0
7.13873	-7.00637	0.335454	7.13873	-7.00637	0
8.14418	-7.07384	0.326888	8.14418	-7.07384	0
9.24448	-7.0539	0.295199	9.24448	-7.0539	0
10.2354	-7.00014	0.337392	10.2354	-7.00014	0
11.2281	-7.06092	0.268322	11.2281	-7.06092	0
-11.5037	-6.98798	0.317602	-11.5037	-6.98798	0
-10.4557	-7.00975	0.327588	-10.4557	-7.00975	0
-9.4134	-6.95316	0.321911	-9.4134	-6.95316	0
-8.40743	-7.01185	0.326556	-8.40743	-7.01185	0
-7.34547	-6.99037	0.333079	-7.34547	-6.99037	0
-6.2861	-7.05417	0.335104	-6.2861	-7.05417	0
-5.22963	-6.97842	0.31382	-5.22963	-6.97842	0
-4.19897	-6.97801	0.314454	-4.19897	-6.97801	0
-3.19738	-7.033	0.290281	-3.19738	-7.033	0
-2.18675	-6.94118	0.320843	-2.18675	-6.94118	0
-1.12499	-7.01398	0.324802	-1.12499	-7.01398	0
-0.0803803	-5.94591	0.319249	-0.0803803	-5.94591	0
0.937273	-5.94989	0.328908	0.937273	-5.94989	0
1.94279	-5.98881	0.340094	1.94279	-5.98881	0
2.97911	-6.00777	0.310585	2.97911	-6.00777	0
4.03272	-5.94986	0.293903	4.03272	-5.94986	0
5.09647	-5.98329	0.303888	5.09647	-5.98329	0
6.1591	-5.96458	0.33637	6.1591	-5.96458	0
7.13248	-6.01075	0.352389	7.13248	-6.01075	0
8.17194	-6.02568	0.290119	8.17194	-6.02568	0
9.18014	-6.04292	0.290511	9.18014	-6.04292	0
10.2025	-5.9423	0.287691	10.2025	-5.9423	0
11.2792	-6.01112	0.322576	11.2792	-6.01112	0
-11.4585	-5.97512	0.337596	-11.4585	-5.97512	0
-10.449	-5.96941	0.325992	-10.449	-5.96941	0
-9.38685	-5.954	0.313655	-9.38685	-5.954	0
-8.35751	-5.99559	0.337156	-8.35751	-5.99559	0
-7.38405	-5.95997	0.310055	-7.38405	-5.95997	0
-6.33804	-5.93355	0.307691	-6.33804	-5.93355	0
-5.32949	-5.91173	0.312466	-5.32949	-5.91173	0
-4.36113	-5.9704	0.318102	-4.36113	-5.9704	0
-3.22668	-5.95567	0.317557	-3.22668	-5.95567	0
-2.11676	-5.8873	0.325883	-2.11676	-5.8873	0
-1.16385	-5.95496	0.32979	-1.16385	-5.95496	0
-0.11444	-4.94976	0.311799	-0.11444	-4.94976	0
0.926653	-4.95192	0.318636	0.926653	-4.95192	0
1.93923	-4.99958	0.314052	1.93923	-4.99958	0
2.9603	-4.98784	0.311386	2.9603	-4.98784	0
4.01801	-4.97276	0.294802	4.01801	-4.97276	0
5.0527	-4.94719	0.317323	5.0527	-4.94719	0
6.15794	-4.92078	0.312834	6.15794	-4.92078	0
7.1071	-4.92916	0.306714	7.1071	-4.92916	0
8.12517	-5.00955	0.328887	8.12517	-5.00955	0
9.2171	-4.95942	0.297174	9.2171	-4.95942	0
10.2041	-4.92102	0.319121	10.2041	-4.92102	0
11.3292	-5.00372	0.297511	11.3292	-5.00372	0
-11.4847	-4.89321	0.313896	-11.4847	-4.89321	0
-10.4164	-4.92666	0.31626	-10.4164	-4.92666	0
-9.37604	-4.91613	0.31652	-9.37604	-4.91613	0
-8.33975	-4.92122	0.331247	-8.33975	-4.92122	0
-7.32644	-4.87431	0.316567	-7.32644	-4.87431	0
-6.34313	-4.93983	0.308765	-6.34313	-4.93983	0
-5.31182	-4.8611	0.307569	-5.31182	-4.8611	0
-4.30415	-4.96436	0.324467	-4.30415	-4.96436	0
-3.28446	-4.93366	0.314442	-3.28446	-4.93366	0
-2.22175	-4.91818	0.320887	-2.22175	-4.91818	0
-1.12134	-4.88871	0.319351	-1.12134	-4.88871	0
-0.0757881	-3.9597	0.30168	-0.0757881	-3.9597	0
0.935052	-3.91431	0.30852	0.935052	-3.91431	0
1.91417	-3.94078	0.283484	1.91417	-3.94078	0
2.91535	-3.90167	0.33109	2.91535	-3.90167	0
4.02912	-3.96672	0.342908	4.02912	-3.96672	0
5.11389	-3.92274	0.325004	5.11389	-3.92274	0
6.11973	-3.86162	0.324758	6.11973	-3.86162	0
7.17631	-3.90509	0.310831	7.17631	-3.90509	0
8.17878	-3.94862	0.34656	8.17878	-3.94862	0
9.16486	-3.92159	0.348085	9.16486	-3.92159	0
10.2311	-3.91874	0.323894	10.2311	-3.91874	0
11.2818	-3.91851	0.326114	11.2818	-3.91851	0
-11.51	-3.8434	0.324849	-11.51	-3.8434	0
-10.5209	-3.82873	0.323281	-10.5209	-3.82873	0
-9.40529	-3.87906	0.302571	-9.40529	-3.87906	0
-8.42146	-3.86669	0.304062	-8.42146	-3.86669	0
-7.41465	-3.86544	0.321922	-7.41465	-3.86544	0
-6.3112	-3.91421	0.319807	-6.3112	-3.91421	0
-5.27035	-3.85203	0.324793	-5.27035	-3.85203	0
-4.2383	-3.82865	0.310479	-4.2383	-3.82865	0
-3.20053	-3.89639	0.306586	-3.20053	-3.89639	0
-2.17485	-3.87964	0.329515	-2.17485	-3.87964	0
-1.16734	-3.85928	0.333832	-1.16734	-3.85928	0
-0.110721	-2.83674	0.325111	-0.110721	-2.83674	0
0.879717	-2.86417	0.331085	0.879717	-2.86417	0
1.91304	-2.87233	0.322717	1.91304	-2.87233	0
2.92364	-2.92181	0.328777	2.92364	-2.92181	0
3.99599	-2.87417	0.311459	3.99599	-2.87417	0
5.094	-2.88971	0.302589	5.094	-2.88971	0
6.13857	-2.83949	0.319898	6.13857	-2.83949	0
7.20645	-2.85215	0.319282	7.20645	-2.85215	0
8.16758	-2.88621	0.332107	8.16758	-2.88621	0
9.22158	-2.87945	0.343773	9.22158	-2.87945	0
10.2197	-2.81663	0.32192	10.2197	-2.81663	0
11.2472	-2.89289	0.324523	11.2472	-2.89289	0
-11.5462	-2.85725	0.352832	-11.5462	-2.85725	0
-10.5143	-2.88151	0.315626	-10.5143	-2.88151	0
-9.43788	-2.86536	0.281855	-9.43788	-2.86536	0
-8.43698	-2.85896	0.318394	-8.43698	-2.85896	0
-7.41278	-2.80807	0.33435	-7.41278	-2.80807	0
-6.30943	-2.83182	0.316481	-6.30943	-2.83182	0
-5.29661	-2.83889	0.316375	-5.29661	-2.83889	0
-4.29355	-2.82486	0.323612	-4.29355	-2.82486	0
-3.23499	-2.87518	0.313676	-3.23499	-2.87518	0
-2.21102	-2.85934	0.31931	-2.21102	-2.85934	0
-1.17072	-2.86982	0.317961	-1.17072	-2.86982	0
-0.159184	-1.83422	0.320224	-0.159184	-1.83422	0
0.819012	-1.83464	0.318778	0.819012	-1.83464	0
1.89725	-1.88799	0.326051	1.89725	-1.88799	0
3.01175	-1.88535	0.346212	3.01175	-1.88535	0
4.04066	-1.90128	0.313063	4.04066	-1.90128	0
5.06989	-1.8887	0.310368	5.06989	-1.8887	0
6.11637	-1.8119	0.336269	6.11637	-1.8119	0
7.17536	-1.8294	0.324468	7.17536	-1.8294	0
8.1999	-1.85006	0.313057	8.1999	-1.85006	0
9.18773	-1.85573	0.30247	9.18773	-1.85573	0
10.2056	-1.78706	0.333167	10.2056	-1.78706	0
11.2817	-1.8408	0.288452	11.2817	-1.8408	0
-11.5042	-1.80405	0.316982	-11.5042	-1.80405	0
-10.4888	-1.8169	0.329632	-10.4888	-1.8169	0
-9.45131	-1.82269	0.323972	-9.45131	-1.82269	0
-8.40805	-1.81175	0.30568	-8.40805	-1.81175	0
-7.40267	-1.78631	0.332065	-7.40267	-1.78631	0
-6.31773	-1.81709	0.31749	-6.31773	-1.81709	0
-5.29961	-1.7965	0.346677	-5.29961	-1.7965	0
-4.28942	-1.79569	0.299807	-4.28942	-1.79569	0
-3.28866	-1.80958	0.301733	-3.28866	-1.80958	0
-2.23693	-1.79507	0.314353	-2.23693	-1.79507	0
-1.2168	-1.80261	0.311122	-1.2168	-1.80261	0
-0.158248	-0.831305	0.297921	-0.158248	-0.831305	0
0.889836	-0.836516	0.301845	0.889836	-0.836516	0
1.9206	-0.775926	0.325194	1.9206	-0.775926	0
3.03044	-0.858349	0.340334	3.03044	-0.858349	0
4.02883	-0.847013	0.310718	4.02883	-0.847013	0
5.05687	-0.793333	0.307782	5.05687	-0.793333	0
6.18089	-0.772345	0.304283	6.18089	-0.772345	0
7.18312	-0.824122	0.308027	7.18312	-0.824122	0
8.17581	-0.822946	0.317011	8.17581	-0.822946	0
9.16771	-0.804428	0.317486	9.16771	-0.804428	0
10.2061	-0.800131	0.287562	10.2061	-0.800131	0
11.2719	-0.823418	0.297933	11.2719	-0.823418	0
-11.5048	-0.81232	0.309181	-11.5048	-0.81232	0
-10.4539	-0.757803	0.346449	-10.4539	-0.757803	0
-9.44922	-0.838892	0.309418	-9.44922	-0.838892	0
-8.41467	-0.853869	0.310763	-8.41467	-0.853869	0
-7.34835	-0.752953	0.333112	-7.34835	-0.752953	0
-6.32119	-0.747869	0.309322	-6.32119	-0.747869	0
-5.27562	-0.744368	0.289586	-5.27562	-0.744368	0
-4.27608	-0.754103	0.301343	-4.27608	-0.754103	0
-3.23204	-0.838042	0.333274	-3.23204	-0.838042	0
-2.20675	-0.834232	0.28907	-2.20675	-0.834232	0
-1.19001	-0.823868	0.312223	-1.19001	-0.823868	0
