-0.712695	-0.316041	-0.298642	-0.712695	-0.316041	0
0.327287	-0.268394	-0.308197	0.327287	-0.268394	0
1.27791	-0.256971	-0.297602	1.27791	-0.256971	0
2.36368	-0.307925	-0.331034	2.36368	-0.307925	0
3.37253	-0.16123	-0.369524	3.37253	-0.16123	0
4.3993	-0.282539	-0.280717	4.3993	-0.282539	0
5.391	-0.265532	-0.335821	5.391	-0.265532	0
6.45867	-0.303927	-0.321278	6.45867	-0.303927	0
7.5051	-0.324131	-0.321804	7.5051	-0.324131	0
8.54895	-0.265295	-0.323569	8.54895	-0.265295	0
9.61331	-0.309157	-0.324578	9.61331	-0.309157	0
10.6892	-0.301595	-0.317927	10.6892	-0.301595	0
11.6744	-0.287681	-0.321227	11.6744	-0.287681	0
-11.0901	-0.276309	-0.329032	-11.0901	-0.276309	0
-10.023	-0.324361	-0.323603	-10.023	-0.324361	0
-8.9736	-0.293615	-0.296217	-8.9736	-0.293615	0
-8.0407	-0.303718	-0.302443	-8.0407	-0.303718	0
-6.98683	-0.294145	-0.295276	-6.98683	-0.294145	0
-5.92851	-0.297429	-0.312365	-5.92851	-0.297429	0
-4.85793	-0.187367	-0.325843	-4.85793	-0.187367	0
-3.85856	-0.250879	-0.296682	-3.85856	-0.250879	0
-2.85675	-0.27151	-0.338653	-2.85675	-0.27151	0
-1.79751	-0.268042	-0.320799	-1.79751	-0.268042	0
-0.783608	0.761305	-0.349934	-0.783608	0.761305	0
0.298095	0.764847	-0.301812	0.298095	0.764847	0
1.31738	0.724376	-0.322673	1.31738	0.724376	0
2.37213	0.72385	-0.329012	2.37213	0.72385	0
3.36547	0.821915	-0.331874	3.36547	0.821915	0
4.37625	0.765771	-0.325126	4.37625	0.765771	0
5.39252	0.783058	-0.333242	5.39252	0.783058	0
6.47407	0.831737	-0.303974	6.47407	0.831737	0
7.4606	0.782813	-0.305342	7.4606	0.782813	0
8.4787	0.779542	-0.344231	8.4787	0.779542	0
9.58215	0.723185	-0.302431	9.58215	0.723185	0
10.5868	0.759608	-0.319521	10.5868	0.759608	0
11.6349	0.7935	-0.311319	11.6349	0.7935	0
-11.1169	0.734479	-0.350823	-11.1169	0.734479	0
-10.0752	0.755099	-0.327293	-10.0752	0.755099	0
-9.08876	0.781981	-0.322303	-9.08876	0.781981	0
-8.05243	0.767403	-0.308908	-8.05243	0.767403	0
-7.03795	0.776649	-0.315014	-7.03795	0.776649	0
-5.95011	0.726042	-0.32608	-5.95011	0.726042	0
-4.89967	0.801254	-0.306005	-4.89967	0.801254	0
-3.85853	0.788759	-0.344597	-3.85853	0.788759	0
-2.86317	0.785205	-0.301821	-2.86317	0.785205	0
-1.80747	0.762307	-0.318008	-1.80747	0.762307	0
-0.791837	1.78157	-0.320247	-0.791837	1.78157	0
0.286372	1.79082	-0.305299	0.286372	1.79082	0
1.34076	1.76088	-0.311949	1.34076	1.76088	0
2.33903	1.79434	-0.324809	2.33903	1.79434	0
3.36648	1.84319	-0.304641	3.36648	1.84319	0
4.33433	1.81218	-0.284942	4.33433	1.81218	0
5.4064	1.80565	-0.306171	5.4064	1.80565	0
6.46602	1.79709	-0.30988	6.46602	1.79709	0
7.55165	1.80544	-0.260364	7.55165	1.80544	0
8.54234	1.7822	-0.315627	8.54234	1.7822	0
9.60676	1.76207	-0.317439	9.60676	1.76207	0
10.5867	1.78899	-0.318752	10.5867	1.78899	0
11.642	1.82133	-0.317428	11.642	1.82133	0
-11.1091	1.812	-0.302344	-11.1091	1.812	0
-10.0734	1.72754	-0.315117	-10.0734	1.72754	0
-9.10436	1.84534	-0.317616	-9.10436	1.84534	0
-8.10064	1.84477	-0.321243	-8.10064	1.84477	0
-7.05072	1.77621	-0.327623	-7.05072	1.77621	0
-5.96574	1.77427	-0.307517	-5.96574	1.77427	0
-4.97897	1.8062	-0.292843	-4.97897	1.8062	0
-3.9297	1.84448	-0.308616	-3.9297	1.84448	0
-2.88066	1.82901	-0.311806	-2.88066	1.82901	0
-1.82702	1.80459	-0.316277	-1.82702	1.80459	0
-0.854442	2.8434	-0.335988	-0.854442	2.8434	0
0.162284	2.8208	-0.316779	0.162284	2.8208	0
1.3065	2.85956	-0.317652	1.3065	2.85956	0
2.25127	2.80902	-0.336069	2.25127	2.80902	0
3.36667	2.84739	-0.333413	3.36667	2.84739	0
4.39223	2.87929	-0.32308	4.39223	2.87929	0
5.39771	2.82559	-0.297872	5.39771	2.82559	0
6.48965	2.79889	-0.279571	6.48965	2.79889	0
7.50825	2.83975	-0.292826	7.50825	2.83975	0
8.55108	2.82078	-0.326676	8.55108	2.82078	0
9.5599	2.77756	-0.315168	9.5599	2.77756	0
10.5838	2.85432	-0.33448	10.5838	2.85432	0
11.6255	2.86695	-0.319297	11.6255	2.86695	0
-11.1301	2.84257	-0.32935	-11.1301	2.84257	0
-10.132	2.83491	-0.304336	-10.132	2.83491	0
-9.10371	2.88089	-0.319219	-9.10371	2.88089	0
-8.02355	2.86077	-0.336447	-8.02355	2.86077	0
-6.96196	2.83934	-0.327379	-6.96196	2.83934	0
-5.94746	2.75949	-0.295546	-5.94746	2.75949	0
-4.97354	2.82533	-0.333174	-4.97354	2.82533	0
-3.87992	2.85895	-0.31563	-3.87992	2.85895	0
-2.92693	2.87987	-0.31415	-2.92693	2.87987	0
-1.85271	2.83866	-0.320075	-1.85271	2.83866	0
-0.784687	3.8891	-0.317604	-0.784687	3.8891	0
0.227098	3.8628	-0.323009	0.227098	3.8628	0
1.27966	3.87124	-0.315089	1.27966	3.87124	0
2.26073	3.83126	-0.319019	2.26073	3.83126	0
3.28569	3.91057	-0.328063	3.28569	3.91057	0
4.39458	3.86862	-0.304834	4.39458	3.86862	0
5.38113	3.82737	-0.32845	5.38113	3.82737	0
6.41452	3.86199	-0.334643	6.41452	3.86199	0
7.5074	3.80017	-0.2977	7.5074	3.80017	0
8.50136	3.83824	-0.345922	8.50136	3.83824	0
9.54433	3.80545	-0.28671	9.54433	3.80545	0
10.5747	3.86997	-0.324946	10.5747	3.86997	0
11.5627	3.9167	-0.325457	11.5627	3.9167	0
-11.1804	3.89459	-0.309695	-11.1804	3.89459	0
-10.1176	3.85787	-0.316753	-10.1176	3.85787	0
-9.1265	3.94176	-0.309905	-9.1265	3.94176	0
-8.06661	3.90629	-0.322101	-8.06661	3.90629	0
-7.01461	3.84232	-0.293941	-7.01461	3.84232	0
-6.0158	3.84174	-0.334704	-6.0158	3.84174	0
-4.96611	3.8575	-0.29099	-4.96611	3.8575	0
-3.96525	3.89659	-0.361991	-3.96525	3.89659	0
-2.84746	3.92299	-0.317129	-2.84746	3.92299	0
-1.83621	3.90589	-0.261015	-1.83621	3.90589	0
-0.748427	4.94998	-0.310501	-0.748427	4.94998	0
0.25223	4.90761	-0.323378	0.25223	4.90761	0
1.29254	4.88377	-0.314395	1.29254	4.88377	0
2.32215	4.87769	-0.345183	2.32215	4.87769	0
3.32893	4.94165	-0.31371	3.32893	4.94165	0
4.34479	4.89941	-0.317463	4.34479	4.89941	0
5.42213	4.88811	-0.340659	5.42213	4.88811	0
6.41955	4.88092	-0.31696	6.41955	4.88092	0
7.44537	4.9397	-0.34342	7.44537	4.9397	0
8.51536	4.8654	-0.305646	8.51536	4.8654	0
9.47932	4.88223	-0.318142	9.47932	4.88223	0
10.5333	4.83969	-0.31454	10.5333	4.83969	0
11.5513	4.92069	-0.328408	11.5513	4.92069	0
-11.1613	4.9254	-0.35846	-11.1613	4.9254	0
-10.1703	4.8757	-0.317434	-10.1703	4.8757	0
-9.10508	4.96987	-0.325198	-9.10508	4.96987	0
-8.04679	4.92872	-0.285824	-8.04679	4.92872	0
-7.02046	4.90546	-0.302054	-7.02046	4.90546	0
-5.94893	4.88569	-0.31217	-5.94893	4.88569	0
-4.86993	4.89887	-0.321	-4.86993	4.89887	0
-3.88151	4.91821	-0.316186	-3.88151	4.91821	0
-2.85121	4.91447	-0.335693	-2.85121	4.91447	0
-1.82828	5.01024	-0.334922	-1.82828	5.01024	0
-0.794606	5.97678	-0.311977	-0.794606	5.97678	0
0.232511	5.94113	-0.30072	0.232511	5.94113	0
1.28848	5.90358	-0.347141	1.28848	5.90358	0
2.28407	5.95609	-0.339222	2.28407	5.95609	0
3.31662	5.9598	-0.296901	3.31662	5.9598	0
4.32346	5.94382	-0.313396	4.32346	5.94382	0
5.39046	5.95192	-0.347284	5.39046	5.95192	0
6.45565	5.95284	-0.307122	6.45565	5.95284	0
7.46233	5.9344	-0.320362	7.46233	5.9344	0
8.45963	5.86313	-0.318828	8.45963	5.86313	0
9.52028	5.93193	-0.321678	9.52028	5.93193	0
10.5474	5.83246	-0.336495	10.5474	5.83246	0
11.5495	5.89825	-0.312101	11.5495	5.89825	0
-11.1901	5.93998	-0.300209	-11.1901	5.93998	0
-10.0973	5.95848	-0.32323	-10.0973	5.95848	0
-9.0768	5.98294	-0.339137	-9.0768	5.98294	0
-8.00356	6.00171	-0.320406	-8.00356	6.00171	0
-6.9593	5.92061	-0.318613	-6.9593	5.92061	0
-5.93189	5.89907	-0.320507	-5.93189	5.89907	0
-4.92159	5.98486	-0.308017	-4.92159	5.98486	0
-3.91157	6.0091	-0.331512	-3.91157	6.0091	0
-2.87767	5.94243	-0.305235	-2.87767	5.94243	0
-1.83717	5.98996	-0.333376	-1.83717	5.98996	0
-0.750166	6.9842	-0.312583	-0.750166	6.9842	0
0.21667	7.00988	-0.320511	0.21667	7.00988	0
1.26125	7.01242	-0.329034	1.26125	7.01242	0
2.30787	6.98044	-0.32576	2.30787	6.98044	0
3.3487	6.97932	-0.30097	3.3487	6.97932	0
4.33169	7.0245	-0.324744	4.33169	7.0245	0
5.38118	6.98347	-0.317462	5.38118	6.98347	0
6.40589	6.96425	-0.291149	6.40589	6.96425	0
7.45367	6.97107	-0.311787	7.45367	6.97107	0
8.45029	6.96166	-0.304645	8.45029	6.96166	0
9.49487	6.97255	-0.310584	9.49487	6.97255	0
10.5325	6.96887	-0.31531	10.5325	6.96887	0
11.5373	6.88708	-0.29368	11.5373	6.88708	0
-11.1549	6.93297	-0.311072	-11.1549	6.93297	0
-10.1362	6.9899	-0.325077	-10.1362	6.9899	0
-9.10764	7.02035	-0.309015	-9.10764	7.02035	0
-8.04486	7.03908	-0.337516	-8.04486	7.03908	0
-7.02325	7.00357	-0.317562	-7.02325	7.00357	0
-5.99938	6.94955	-0.30959	-5.99938	6.94955	0
-4.99253	7.00131	-0.299254	-4.99253	7.00131	0
-3.91398	7.01969	-0.284654	-3.91398	7.01969	0
-2.88611	6.99281	-0.308082	-2.88611	6.99281	0
-1.80545	6.99645	-0.31154	-1.80545	6.99645	0
-0.777271	8.04907	-0.338632	-0.777271	8.04907	0
0.202645	8.04411	-0.298261	0.202645	8.04411	0
1.22677	7.99173	-0.321619	1.22677	7.99173	0
2.2841	7.99067	-0.318957	2.2841	7.99067	0
3.3473	8.02019	-0.33794	3.3473	8.02019	0
4.33944	8.04608	-0.32366	4.33944	8.04608	0
5.35563	7.99038	-0.328989	5.35563	7.99038	0
6.406	8.00484	-0.342426	6.406	8.00484	0
7.44858	7.97329	-0.309135	7.44858	7.97329	0
8.49446	7.96322	-0.319983	8.49446	7.96322	0
9.51604	7.96786	-0.307355	9.51604	7.96786	0
10.529	8.03446	-0.314822	10.529	8.03446	0
11.5745	7.99006	-0.301805	11.5745	7.99006	0
-11.1286	7.95423	-0.30809	-11.1286	7.95423	0
-10.1071	8.0097	-0.314132	-10.1071	8.0097	0
-9.04519	8.01326	-0.316939	-9.04519	8.01326	0
-8.01318	7.99847	-0.308178	-8.01318	7.99847	0
-6.97071	8.02844	-0.2927	-6.97071	8.02844	0
-5.99655	8.04182	-0.294146	-5.99655	8.04182	0
-4.95121	8.0183	-0.322509	-4.95121	8.0183	0
-3.91851	8.05927	-0.326354	-3.91851	8.05927	0
-2.94166	8.00333	-0.324053	-2.94166	8.00333	0
-1.89236	8.04069	-0.318202	-1.89236	8.04069	0
-0.822621	9.04416	-0.293921	-0.822621	9.04416	0
0.248991	9.06857	-0.293032	0.248991	9.06857	0
1.28506	9.03552	-0.332799	1.28506	9.03552	0
2.31705	9.02983	-0.29264	2.31705	9.02983	0
3.3641	8.98964	-0.344386	3.3641	8.98964	0
4.40035	9.07172	-0.343975	4.40035	9.07172	0
5.40969	9.02659	-0.309026	5.40969	9.02659	0
6.43366	9.0172	-0.293618	6.43366	9.0172	0
7.44887	8.97912	-0.316595	7.44887	8.97912	0
8.49968	9.01872	-0.323963	8.49968	9.01872	0
9.53291	9.01735	-0.33453	9.53291	9.01735	0
10.6176	9.01859	-0.297096	10.6176	9.01859	0
11.6614	9.00679	-0.307332	11.6614	9.00679	0
-11.1097	8.97187	-0.332011	-11.1097	8.97187	0
-10.09	9.06723	-0.319294	-10.09	9.06723	0
-8.99603	9.04147	-0.313321	-8.99603	9.04147	0
-7.98563	9.06501	-0.321932	-7.98563	9.06501	0
-6.94322	9.12573	-0.326661	-6.94322	9.12573	0
-5.9634	9.04916	-0.323198	-5.9634	9.04916	0
-4.96469	9.07385	-0.330609	-4.96469	9.07385	0
-3.98288	9.06265	-0.321749	-3.98288	9.06265	0
-2.91243	9.03014	-0.310892	-2.91243	9.03014	0
-1.85641	9.05267	-0.32043	-1.85641	9.05267	0
-0.808958	10.0947	-0.277722	-0.808958	10.0947	0
0.229159	10.0111	-0.324594	0.229159	10.0111	0
1.28877	10.033	-0.329421	1.28877	10.033	0
2.29367	10.0316	-0.309881	2.29367	10.0316	0
3.39147	9.97149	-0.307724	3.39147	9.97149	0
4.38758	10.0598	-0.287282	4.38758	10.0598	0
5.41241	10.0253	-0.314897	5.41241	10.0253	0
6.53063	10.0339	-0.309257	6.53063	10.0339	0
7.54456	10.0768	-0.298913	7.54456	10.0768	0
8.54776	10.1075	-0.314624	8.54776	10.1075	0
9.62553	10.0864	-0.296621	9.62553	10.0864	0
10.6423	10.0567	-0.34063	10.6423	10.0567	0
11.6453	10.0548	-0.337638	11.6453	10.0548	0
-11.1191	10.0702	-0.333906	-11.1191	10.0702	0
-10.0777	10.07	-0.351898	-10.0777	10.07	0
-9.04383	10.1222	-0.321607	-9.04383	10.1222	0
-7.97136	10.1289	-0.31973	-7.97136	10.1289	0
-6.97882	10.1047	-0.323923	-6.97882	10.1047	0
-5.9459	10.1477	-0.31393	-5.9459	10.1477	0
-4.95144	10.1382	-0.334776	-4.95144	10.1382	0
-3.95333	10.098	-0.280585	-3.95333	10.098	0
-2.91412	10.0714	-0.302779	-2.91412	10.0714	0
-1.82104	10.0273	-0.312037	-1.82104	10.0273	0
-0.776477	11.1446	-0.34148	-0.776477	11.1446	0
0.2331	11.051	-0.317669	0.2331	11.051	0
1.25199	11.0164	-0.315688	1.25199	11.0164	0
2.33594	11.0781	-0.347591	2.33594	11.0781	0
3.35844	11.0022	-0.322257	3.35844	11.0022	0
4.36815	11.1033	-0.32936	4.36815	11.1033	0
5.411	11.082	-0.297136	5.411	11.082	0
6.43729	11.0914	-0.277707	6.43729	11.0914	0
7.50181	11.1103	-0.307784	7.50181	11.1103	0
8.5367	11.119	-0.305728	8.5367	11.119	0
9.61916	11.0961	-0.324614	9.61916	11.0961	0
10.6387	11.1054	-0.314068	10.6387	11.1054	0
11.6453	11.0444	-0.31099	11.6453	11.0444	0
-11.0538	11.1547	-0.332097	-11.0538	11.1547	0
-10.0435	11.0995	-0.31453	-10.0435	11.0995	0
-9.02556	11.1303	-0.316053	-9.02556	11.1303	0
-7.96831	11.1866	-0.342871	-7.96831	11.1866	0
-6.93606	11.1119	-0.316476	-6.93606	11.1119	0
-5.94141	11.1831	-0.310704	-5.94141	11.1831	0
-4.91311	11.1863	-0.31432	-4.91311	11.1863	0
-3.91969	11.1455	-0.307927	-3.91969	11.1455	0
-2.85025	11.1094	-0.345364	-2.85025	11.1094	0
-1.80178	11.0527	-0.313811	-1.80178	11.0527	0
-0.828236	-11.654	-0.28814	-0.828236	-11.654	0
0.267062	-11.6769	-0.31631	0.267062	-11.6769	0
1.32741	-11.7018	-0.32043	1.32741	-11.7018	0
2.29125	-11.6514	-0.337933	2.29125	-11.6514	0
3.34652	-11.7007	-0.35621	3.34652	-11.7007	0
4.30642	-11.6724	-0.338226	4.30642	-11.6724	0
5.39562	-11.6521	-0.343797	5.39562	-11.6521	0
6.40093	-11.6894	-0.290179	6.40093	-11.6894	0
7.5016	-11.6789	-0.342806	7.5016	-11.6789	0
8.5617	-11.6913	-0.328727	8.5617	-11.6913	0
9.63185	-11.6507	-0.333459	9.63185	-11.6507	0
10.6418	-11.5661	-0.321347	10.6418	-11.5661	0
11.6397	-11.604	-0.284293	11.6397	-11.604	0
-11.1254	-11.6073	-0.305544	-11.1254	-11.6073	0
-10.0712	-11.661	-0.325107	-10.0712	-11.661	0
-9.01083	-11.6384	-0.325563	-9.01083	-11.6384	0
-7.99471	-11.6596	-0.300122	-7.99471	-11.6596	0
-6.89339	-11.604	-0.32032	-6.89339	-11.604	0
-5.90487	-11.5846	-0.287039	-5.90487	-11.5846	0
-4.90493	-11.5663	-0.329201	-4.90493	-11.5663	0
-3.8844	-11.6218	-0.323309	-3.8844	-11.6218	0
-2.86966	-11.6294	-0.329732	-2.86966	-11.6294	0
-1.79761	-11.5938	-0.310843	-1.79761	-11.5938	0
-0.823223	-10.6704	-0.324661	-0.823223	-10.6704	0
0.254228	-10.6402	-0.315701	0.254228	-10.6402	0
1.27964	-10.5637	-0.33174	1.27964	-10.5637	0
2.26227	-10.6189	-0.318184	2.26227	-10.6189	0
3.33361	-10.6688	-0.288587	3.33361	-10.6688	0
4.34944	-10.646	-0.288608	4.34944	-10.646	0
5.39534	-10.6049	-0.297461	5.39534	-10.6049	0
6.50483	-10.6874	-0.329312	6.50483	-10.6874	0
7.52205	-10.6194	-0.30568	7.52205	-10.6194	0
8.51266	-10.5882	-0.323621	8.51266	-10.5882	0
9.54637	-10.6404	-0.329993	9.54637	-10.6404	0
10.5875	-10.6021	-0.317574	10.5875	-10.6021	0
11.6197	-10.6069	-0.2913	11.6197	-10.6069	0
-11.0723	-10.6096	-0.30044	-11.0723	-10.6096	0
-10.066	-10.6314	-0.315976	-10.066	-10.6314	0
-8.99942	-10.6351	-0.30803	-8.99942	-10.6351	0
-7.95471	-10.5716	-0.311628	-7.95471	-10.5716	0
-6.92548	-10.6495	-0.33357	-6.92548	-10.6495	0
-5.93182	-10.5496	-0.327968	-5.93182	-10.5496	0
-4.85996	-10.5683	-0.363568	-4.85996	-10.5683	0
-3.88028	-10.6212	-0.299821	-3.88028	-10.6212	0
-2.87722	-10.6224	-0.317861	-2.87722	-10.6224	0
-1.82264	-10.5725	-0.288242	-1.82264	-10.5725	0
-0.75566	-9.63018	-0.333061	-0.75566	-9.63018	0
0.248825	-9.64965	-0.335373	0.248825	-9.64965	0
1.31132	-9.59959	-0.332946	1.31132	-9.59959	0
2.32565	-9.55843	-0.295264	2.32565	-9.55843	0
3.26913	-9.65191	-0.335821	3.26913	-9.65191	0
4.41906	-9.61726	-0.334099	4.41906	-9.61726	0
5.43667	-9.62359	-0.337026	5.43667	-9.62359	0
6.45994	-9.58713	-0.31767	6.45994	-9.58713	0
7.50357	-9.52186	-0.320269	7.50357	-9.52186	0
8.53852	-9.54573	-0.320056	8.53852	-9.54573	0
9.54691	-9.61308	-0.332468	9.54691	-9.61308	0
10.5353	-9.59418	-0.282037	10.5353	-9.59418	0
11.6805	-9.57733	-0.329545	11.6805	-9.57733	0
-11.1195	-9.6454	-0.333081	-11.1195	-9.6454	0
-10.0858	-9.61809	-0.302927	-10.0858	-9.61809	0
-8.99347	-9.60562	-0.322521	-8.99347	-9.60562	0
-8.01856	-9.59198	-0.333393	-8.01856	-9.59198	0
-6.90582	-9.61942	-0.326859	-6.90582	-9.61942	0
-5.96516	-9.59483	-0.321399	-5.96516	-9.59483	0
-4.93581	-9.58545	-0.311697	-4.93581	-9.58545	0
-3.87768	-9.54894	-0.310387	-3.87768	-9.54894	0
-2.80658	-9.5867	-0.330188	-2.80658	-9.5867	0
-1.80949	-9.57121	-0.300109	-1.80949	-9.57121	0
-0.726606	-8.54889	-0.309848	-0.726606	-8.54889	0
0.304317	-8.561	-0.310139	0.304317	-8.561	0
1.33674	-8.55301	-0.325241	1.33674	-8.55301	0
2.32995	-8.53795	-0.324972	2.32995	-8.53795	0
3.34219	-8.60673	-0.332318	3.34219	-8.60673	0
4.40748	-8.5419	-0.31135	4.40748	-8.5419	0
5.41106	-8.53367	-0.314121	5.41106	-8.53367	0
6.44608	-8.53698	-0.336669	6.44608	-8.53698	0
7.47703	-8.53146	-0.311837	7.47703	-8.53146	0
8.52957	-8.54749	-0.33706	8.52957	-8.54749	0
9.59333	-8.5494	-0.331917	9.59333	-8.5494	0
10.5824	-8.53994	-0.300772	10.5824	-8.53994	0
11.6036	-8.57879	-0.321384	11.6036	-8.57879	0
-11.1378	-8.58889	-0.309706	-11.1378	-8.58889	0
-10.0969	-8.62228	-0.333521	-10.0969	-8.62228	0
-9.11536	-8.57734	-0.293159	-9.11536	-8.57734	0
-8.04918	-8.58562	-0.303151	-8.04918	-8.58562	0
-7.02646	-8.59459	-0.299009	-7.02646	-8.59459	0
-6.0009	-8.50517	-0.333588	-6.0009	-8.50517	0
-4.90455	-8.53657	-0.306528	-4.90455	-8.53657	0
-3.8983	-8.49181	-0.316245	-3.8983	-8.49181	0
-2.8505	-8.54634	-0.343377	-2.8505	-8.54634	0
-1.77873	-8.52298	-0.296258	-1.77873	-8.52298	0
-0.743658	-7.54597	-0.342607	-0.743658	-7.54597	0
0.346484	-7.55491	-0.335258	0.346484	-7.55491	0
1.34681	-7.47027	-0.330732	1.34681	-7.47027	0
2.37581	-7.49588	-0.323279	2.37581	-7.49588	0
3.34955	-7.57072	-0.301358	3.34955	-7.57072	0
4.39796	-7.52023	-0.312808	4.39796	-7.52023	0
5.44119	-7.50237	-0.332235	5.44119	-7.50237	0
6.44444	-7.50914	-0.312177	6.44444	-7.50914	0
7.47667	-7.52474	-0.305241	7.47667	-7.52474	0
8.51077	-7.49728	-0.334553	8.51077	-7.49728	0
9.50379	-7.50628	-0.318292	9.50379	-7.50628	0
10.5786	-7.51843	-0.310544	10.5786	-7.51843	0
11.601	-7.52698	-0.314303	11.601	-7.52698	0
-11.1387	-7.53746	-0.321745	-11.1387	-7.53746	0
-10.0843	-7.64386	-0.313346	-10.0843	-7.64386	0
-9.08774	-7.54744	-0.335307	-9.08774	-7.54744	0
-8.02433	-7.58941	-0.318655	-8.02433	-7.58941	0
-7.00401	-7.57579	-0.326932	-7.00401	-7.57579	0
-5.98738	-7.52559	-0.332899	-5.98738	-7.52559	0
-4.87787	-7.53582	-0.318233	-4.87787	-7.53582	0
-3.8629	-7.47877	-0.314094	-3.8629	-7.47877	0
-2.85486	-7.51051	-0.321463	-2.85486	-7.51051	0
-1.79466	-7.53688	-0.330795	-1.79466	-7.53688	0
-0.766651	-6.48318	-0.326026	-0.766651	-6.48318	0
0.321439	-6.45624	-0.305048	0.321439	-6.45624	0
1.32882	-6.44931	-0.312499	1.32882	-6.44931	0
2.35969	-6.44326	-0.316943	2.35969	-6.44326	0
3.40056	-6.53195	-0.3237	3.40056	-6.53195	0
4.45887	-6.51578	-0.354995	4.45887	-6.51578	0
5.43386	-6.47543	-0.309987	5.43386	-6.47543	0
6.446	-6.47219	-0.309599	6.446	-6.47219	0
7.51256	-6.47715	-0.325797	7.51256	-6.47715	0
8.54024	-6.45241	-0.279663	8.54024	-6.45241	0
9.56307	-6.47856	-0.3078	9.56307	-6.47856	0
10.6466	-6.46072	-0.303621	10.6466	-6.46072	0
11.6061	-6.44003	-0.316951	11.6061	-6.44003	0
-11.1046	-6.52112	-0.309494	-11.1046	-6.52112	0
-10.0677	-6.5839	-0.323074	-10.0677	-6.5839	0
-9.06572	-6.52416	-0.323676	-9.06572	-6.52416	0
-8.03747	-6.52484	-0.297932	-8.03747	-6.52484	0
-7.06418	-6.56525	-0.325867	-7.06418	-6.56525	0
-5.9768	-6.52332	-0.318655	-5.9768	-6.52332	0
-4.88147	-6.47024	-0.326125	-4.88147	-6.47024	0
-3.88633	-6.46631	-0.309686	-3.88633	-6.46631	0
-2.88445	-6.42211	-0.308633	-2.88445	-6.42211	0
-1.7797	-6.50761	-0.314474	-1.7797	-6.50761	0
-0.715541	-5.45692	-0.320124	-0.715541	-5.45692	0
0.293602	-5.47295	-0.332069	0.293602	-5.47295	0
1.30315	-5.43702	-0.321485	1.30315	-5.43702	0
2.36901	-5.45179	-0.312978	2.36901	-5.45179	0
3.44551	-5.5317	-0.317271	3.44551	-5.5317	0
4.4393	-5.4198	-0.298915	4.4393	-5.4198	0
5.47678	-5.46039	-0.337778	5.47678	-5.46039	0
6.46238	-5.46143	-0.329958	6.46238	-5.46143	0
7.44582	-5.44325	-0.325111	7.44582	-5.44325	0
8.50639	-5.44294	-0.32281	8.50639	-5.44294	0
9.60058	-5.49606	-0.29388	9.60058	-5.49606	0
10.6568	-5.4251	-0.285255	10.6568	-5.4251	0
11.6711	-5.4522	-0.307437	11.6711	-5.4522	0
-11.1277	-5.46129	-0.279497	-11.1277	-5.46129	0
-10.0908	-5.48511	-0.307527	-10.0908	-5.48511	0
-9.05911	-5.52337	-0.34122	-9.05911	-5.52337	0
-7.97861	-5.48135	-0.30262	-7.97861	-5.48135	0
-6.95115	-5.5205	-0.310325	-6.95115	-5.5205	0
-5.93661	-5.49918	-0.328608	-5.93661	-5.49918	0
-4.90864	-5.42284	-0.308234	-4.90864	-5.42284	0
-3.83513	-5.37748	-0.297258	-3.83513	-5.37748	0
-2.82192	-5.43539	-0.292407	-2.82192	-5.43539	0
-1.85337	-5.4336	-0.335115	-1.85337	-5.4336	0
-0.769722	-4.40423	-0.348439	-0.769722	-4.40423	0
0.291086	-4.41838	-0.319383	0.291086	-4.41838	0
1.34103	-4.38807	-0.319502	1.34103	-4.38807	0
2.31464	-4.47337	-0.303916	2.31464	-4.47337	0
3.36867	-4.46582	-0.335514	3.36867	-4.46582	0
4.39907	-4.4522	-0.326637	4.39907	-4.4522	0
5.41472	-4.43135	-0.305595	5.41472	-4.43135	0
6.46493	-4.40938	-0.300051	6.46493	-4.40938	0
7.51916	-4.40068	-0.329718	7.51916	-4.40068	0
8.57864	-4.40331	-0.340494	8.57864	-4.40331	0
9.61633	-4.41348	-0.307282	9.61633	-4.41348	0
10.62	-4.43832	-0.333285	10.62	-4.43832	0
11.717	-4.43877	-0.303401	11.717	-4.43877	0
-11.0066	-4.43089	-0.324585	-11.0066	-4.43089	0
-9.98013	-4.4769	-0.301282	-9.98013	-4.4769	0
-8.9837	-4.50404	-0.291929	-8.9837	-4.50404	0
-7.96518	-4.44725	-0.296733	-7.96518	-4.44725	0
-6.91186	-4.5091	-0.318729	-6.91186	-4.5091	0
-5.86929	-4.43166	-0.303915	-5.86929	-4.43166	0
-4.90641	-4.44541	-0.333373	-4.90641	-4.44541	0
-3.8128	-4.34891	-0.313923	-3.8128	-4.34891	0
-2.81832	-4.39711	-0.326771	-2.81832	-4.39711	0
-1.80709	-4.40502	-0.324954	-1.80709	-4.40502	0
-0.714988	-3.36874	-0.312816	-0.714988	-3.36874	0
0.271517	-3.35982	-0.324835	0.271517	-3.35982	0
1.36623	-3.38231	-0.298176	1.36623	-3.38231	0
2.35536	-3.40128	-0.344138	2.35536	-3.40128	0
3.34315	-3.43046	-0.330105	3.34315	-3.43046	0
4.38508	-3.45965	-0.316644	4.38508	-3.45965	0
5.38521	-3.39191	-0.319177	5.38521	-3.39191	0
6.49606	-3.39504	-0.311578	6.49606	-3.39504	0
7.5304	-3.3776	-0.314052	7.5304	-3.3776	0
8.59291	-3.41656	-0.304519	8.59291	-3.41656	0
9.6183	-3.36953	-0.334395	9.6183	-3.36953	0
10.693	-3.37243	-0.321176	10.693	-3.37243	0
11.7081	-3.40284	-0.322341	11.7081	-3.40284	0
-11.0212	-3.39016	-0.321781	-11.0212	-3.39016	0
-9.97451	-3.4075	-0.328299	-9.97451	-3.4075	0
-8.95932	-3.46834	-0.310194	-8.95932	-3.46834	0
-7.88142	-3.41244	-0.323079	-7.88142	-3.41244	0
-6.94427	-3.42397	-0.336077	-6.94427	-3.42397	0
-5.93026	-3.40529	-0.31606	-5.93026	-3.40529	0
-4.88449	-3.36521	-0.308283	-4.88449	-3.36521	0
-3.83058	-3.35708	-0.320249	-3.83058	-3.35708	0
-2.74702	-3.34876	-0.336005	-2.74702	-3.34876	0
-1.74456	-3.3796	-0.327744	-1.74456	-3.3796	0
-0.77595	-2.33963	-0.293472	-0.77595	-2.33963	0
0.263511	-2.32008	-0.318207	0.263511	-2.32008	0
1.31598	-2.367	-0.318838	1.31598	-2.367	0
2.34407	-2.38183	-0.32345	2.34407	-2.38183	0
3.34323	-2.34275	-0.310791	3.34323	-2.34275	0
4.38533	-2.41283	-0.323216	4.38533	-2.41283	0
5.39233	-2.43206	-0.348147	5.39233	-2.43206	0
6.54225	-2.35564	-0.326214	6.54225	-2.35564	0
7.54211	-2.40188	-0.329171	7.54211	-2.40188	0
8.55828	-2.35712	-0.322432	8.55828	-2.35712	0
9.6021	-2.32441	-0.314753	9.6021	-2.32441	0
10.6589	-2.37381	-0.304495	10.6589	-2.37381	0
11.6819	-2.36986	-0.309569	11.6819	-2.36986	0
-11.0748	-2.37338	-0.277565	-11.0748	-2.37338	0
-10.0242	-2.38531	-0.326581	-10.0242	-2.38531	0
-9.00954	-2.37549	-0.337441	-9.00954	-2.37549	0
-7.99199	-2.32525	-0.30984	-7.99199	-2.32525	0
-6.92891	-2.30711	-0.337252	-6.92891	-2.30711	0
-5.96	-2.33046	-0.322514	-5.96	-2.33046	0
-4.94025	-2.35311	-0.335587	-4.94025	-2.35311	0
-3.88154	-2.36082	-0.288532	-3.88154	-2.36082	0
-2.84513	-2.29787	-0.342818	-2.84513	-2.29787	0
-1.81774	-2.34142	-0.299164	-1.81774	-2.34142	0
-0.762061	-1.27351	-0.339356	-0.762061	-1.27351	0
0.275715	-1.29177	-0.289226	0.275715	-1.29177	0
1.33766	-1.30195	-0.319152	1.33766	-1.30195	0
2.32154	-1.38563	-0.31604	2.32154	-1.38563	0
3.36033	-1.31791	-0.302736	3.36033	-1.31791	0
4.40205	-1.38306	-0.327082	4.40205	-1.38306	0
5.44861	-1.35444	-0.3074	5.44861	-1.35444	0
6.42057	-1.34909	-0.286084	6.42057	-1.34909	0
7.50929	-1.34446	-0.294132	7.50929	-1.34446	0
8.55148	-1.34453	-0.319334	8.55148	-1.34453	0
9.58452	-1.3264	-0.297942	9.58452	-1.3264	0
10.671	-1.38493	-0.275901	10.671	-1.38493	0
11.6675	-1.32708	-0.312907	11.6675	-1.32708	0
-11.0755	-1.34717	-0.306062	-11.0755	-1.34717	0
-10.0354	-1.33706	-0.338828	-10.0354	-1.33706	0
-9.05837	-1.34899	-0.3028	-9.05837	-1.34899	0
-7.98848	-1.31405	-0.320088	-7.98848	-1.31405	0
-7.00485	-1.29122	-0.305856	-7.00485	-1.29122	0
-5.96258	-1.32084	-0.312503	-5.96258	-1.32084	0
-4.97213	-1.32979	-0.29066	-4.97213	-1.32979	0
-3.8852	-1.32086	-0.310845	-3.8852	-1.32086	0
-2.83658	-1.25524	-0.329538	-2.83658	-1.25524	0
-1.79855	-1.35061	-0.342389	-1.79855	-1.35061	0
-0.251184	0.332922	0.328178	-0.251184	0.332922	0
0.733044	0.261727	0.328243	0.733044	0.261727	0
1.83484	0.194656	0.316937	1.83484	0.194656	0
2.82521	0.236883	0.310873	2.82521	0.236883	0
3.86712	0.285857	0.320093	3.86712	0.285857	0
4.8796	0.268	0.336263	4.8796	0.268	0
5.91726	0.286877	0.297249	5.91726	0.286877	0
6.94744	0.16868	0.28463	6.94744	0.16868	0
7.99065	0.274435	0.297424	7.99065	0.274435	0
9.03432	0.239581	0.29765	9.03432	0.239581	0
10.0713	0.248206	0.320039	10.0713	0.248206	0
11.0881	0.262773	0.304546	11.0881	0.262773	0
-11.6428	0.251534	0.299655	-11.6428	0.251534	0
-10.6035	0.203354	0.304389	-10.6035	0.203354	0
-9.53323	0.244358	0.302317	-9.53323	0.244358	0
-8.53943	0.25884	0.313895	-8.53943	0.25884	0
-7.49442	0.214714	0.328229	-7.49442	0.214714	0
-6.52235	0.283012	0.328651	-6.52235	0.283012	0
-5.43298	0.212086	0.286074	-5.43298	0.212086	0
-4.3949	0.263965	0.352234	-4.3949	0.263965	0
-3.34323	0.288141	0.316579	-3.34323	0.288141	0
-2.34031	0.254773	0.27956	-2.34031	0.254773	0
-1.30444	0.260296	0.321774	-1.30444	0.260296	0
-0.234084	1.25387	0.323344	-0.234084	1.25387	0
0.84537	1.28669	0.323163	0.84537	1.28669	0
1.83776	1.22206	0.316834	1.83776	1.22206	0
2.8319	1.31117	0.327709	2.8319	1.31117	0
3.88867	1.24146	0.305673	3.88867	1.24146	0
4.84915	1.25511	0.323029	4.84915	1.25511	0
5.85418	1.2872	0.343947	5.85418	1.2872	0
6.97783	1.31319	0.338271	6.97783	1.31319	0
8.03348	1.25283	0.306041	8.03348	1.25283	0
9.06226	1.26324	0.299269	9.06226	1.26324	0
10.1034	1.27856	0.309579	10.1034	1.27856	0
11.0992	1.29381	0.331436	11.0992	1.29381	0
-11.6478	1.27975	0.32988	-11.6478	1.27975	0
-10.6358	1.28898	0.297401	-10.6358	1.28898	0
-9.58833	1.29277	0.333036	-9.58833	1.29277	0
-8.59119	1.25939	0.329198	-8.59119	1.25939	0
-7.58496	1.33565	0.29845	-7.58496	1.33565	0
-6.48318	1.3005	0.321729	-6.48318	1.3005	0
-5.47737	1.26699	0.301059	-5.47737	1.26699	0
-4.37092	1.23599	0.321143	-4.37092	1.23599	0
-3.36193	1.37171	0.343681	-3.36193	1.37171	0
-2.37531	1.28999	0.359462	-2.37531	1.28999	0
-1.2855	1.29775	0.327224	-1.2855	1.29775	0
-0.282497	2.29614	0.321441	-0.282497	2.29614	0
0.755031	2.34692	0.295098	0.755031	2.34692	0
1.80103	2.3289	0.324421	1.80103	2.3289	0
2.79498	2.34818	0.327263	2.79498	2.34818	0
3.87256	2.36377	0.325859	3.87256	2.36377	0
4.91809	2.31217	0.327869	4.91809	2.31217	0
5.97996	2.31714	0.318919	5.97996	2.31714	0
7.0265	2.31247	0.321584	7.0265	2.31247	0
8.03287	2.36504	0.351659	8.03287	2.36504	0
9.04518	2.29543	0.324741	9.04518	2.29543	0
10.1384	2.30198	0.329635	10.1384	2.30198	0
11.126	2.3234	0.304489	11.126	2.3234	0
-11.657	2.35882	0.316989	-11.657	2.35882	0
-10.5788	2.27992	0.313337	-10.5788	2.27992	0
-9.5499	2.35737	0.333682	-9.5499	2.35737	0
-8.55665	2.36615	0.336457	-8.55665	2.36615	0
-7.47705	2.32634	0.316204	-7.47705	2.32634	0
-6.50491	2.24838	0.321604	-6.50491	2.24838	0
-5.46972	2.31334	0.334764	-5.46972	2.31334	0
-4.44138	2.29971	0.304937	-4.44138	2.29971	0
-3.38599	2.33585	0.345083	-3.38599	2.33585	0
-2.39053	2.32718	0.313471	-2.39053	2.32718	0
-1.27198	2.30999	0.341272	-1.27198	2.30999	0
-0.272341	3.35465	0.320825	-0.272341	3.35465	0
0.788576	3.37998	0.303472	0.788576	3.37998	0
1.79733	3.32353	0.31906	1.79733	3.32353	0
2.8388	3.33065	0.322721	2.8388	3.33065	0
3.82558	3.39308	0.30581	3.82558	3.39308	0
4.85901	3.35093	0.341393	4.85901	3.35093	0
5.89743	3.36533	0.311355	5.89743	3.36533	0
6.99104	3.33784	0.330384	6.99104	3.33784	0
8.01912	3.35599	0.35248	8.01912	3.35599	0
9.04692	3.31975	0.32181	9.04692	3.31975	0
10.074	3.29236	0.323666	10.074	3.29236	0
11.0943	3.36207	0.300531	11.0943	3.36207	0
-11.693	3.34832	0.324967	-11.693	3.34832	0
-10.6577	3.36285	0.32099	-10.6577	3.36285	0
-9.64629	3.36426	0.342209	-9.64629	3.36426	0
-8.59811	3.39761	0.302172	-8.59811	3.39761	0
-7.57411	3.36646	0.305523	-7.57411	3.36646	0
-6.48763	3.28756	0.329261	-6.48763	3.28756	0
-5.48157	3.36907	0.324172	-5.48157	3.36907	0
-4.41884	3.37073	0.319581	-4.41884	3.37073	0
-3.37815	3.41721	0.310114	-3.37815	3.41721	0
-2.36864	3.39152	0.320658	-2.36864	3.39152	0
-1.32791	3.34484	0.292801	-1.32791	3.34484	0
-0.23723	4.41685	0.31674	-0.23723	4.41685	0
0.776021	4.37595	0.296173	0.776021	4.37595	0
1.82534	4.33329	0.30374	1.82534	4.33329	0
2.85301	4.36999	0.330558	2.85301	4.36999	0
3.82749	4.35915	0.28941	3.82749	4.35915	0
4.86839	4.37393	0.324214	4.86839	4.37393	0
5.92655	4.41082	0.352175	5.92655	4.41082	0
6.95766	4.40668	0.293324	6.95766	4.40668	0
7.94975	4.41166	0.29618	7.94975	4.41166	0
8.97687	4.34298	0.335438	8.97687	4.34298	0
10.0442	4.31389	0.31471	10.0442	4.31389	0
11.0262	4.37681	0.342558	11.0262	4.37681	0
-11.7154	4.47809	0.278008	-11.7154	4.47809	0
-10.7108	4.38315	0.328627	-10.7108	4.38315	0
-9.64947	4.47634	0.335988	-9.64947	4.47634	0
-8.61606	4.44922	0.320283	-8.61606	4.44922	0
-7.5319	4.37043	0.326461	-7.5319	4.37043	0
-6.47551	4.37337	0.321821	-6.47551	4.37337	0
-5.43201	4.3695	0.321229	-5.43201	4.3695	0
-4.40583	4.38698	0.301707	-4.40583	4.38698	0
-3.34819	4.40447	0.305117	-3.34819	4.40447	0
-2.29711	4.46682	0.309109	-2.29711	4.46682	0
-1.27992	4.44128	0.32006	-1.27992	4.44128	0
-0.223639	5.4368	0.293728	-0.223639	5.4368	0
0.823349	5.39685	0.322572	0.823349	5.39685	0
1.85719	5.35698	0.311174	1.85719	5.35698	0
2.82	5.45865	0.306271	2.82	5.45865	0
3.88057	5.40513	0.338582	3.88057	5.40513	0
4.89675	5.45739	0.248807	4.89675	5.45739	0
5.87608	5.38166	0.29776	5.87608	5.38166	0
6.91441	5.41772	0.320567	6.91441	5.41772	0
7.92503	5.40957	0.327471	7.92503	5.40957	0
8.96091	5.39271	0.341081	8.96091	5.39271	0
10.0128	5.39269	0.331612	10.0128	5.39269	0
11.0864	5.42374	0.348485	11.0864	5.42374	0
-11.6888	5.43595	0.306544	-11.6888	5.43595	0
-10.6368	5.4442	0.319801	-10.6368	5.4442	0
-9.60652	5.45673	0.330475	-9.60652	5.45673	0
-8.55862	5.45166	0.292021	-8.55862	5.45166	0
-7.52109	5.48079	0.338437	-7.52109	5.48079	0
-6.43327	5.41336	0.328267	-6.43327	5.41336	0
-5.38173	5.37219	0.315675	-5.38173	5.37219	0
-4.38682	5.46257	0.305433	-4.38682	5.46257	0
-3.41855	5.47181	0.308972	-3.41855	5.47181	0
-2.34971	5.4377	0.310677	-2.34971	5.4377	0
-1.26259	5.46875	0.312136	-1.26259	5.46875	0
-0.286841	6.45731	0.322567	-0.286841	6.45731	0
0.788804	6.46125	0.294999	0.788804	6.46125	0
1.78052	6.46313	0.308224	1.78052	6.46313	0
2.7821	6.46397	0.307021	2.7821	6.46397	0
3.88275	6.4636	0.327783	3.88275	6.4636	0
4.88085	6.4518	0.289445	4.88085	6.4518	0
5.89005	6.43341	0.324943	5.89005	6.43341	0
6.97479	6.43651	0.346297	6.97479	6.43651	0
7.96342	6.49933	0.320684	7.96342	6.49933	0
8.9976	6.42355	0.308433	8.9976	6.42355	0
10.0799	6.39048	0.300498	10.0799	6.39048	0
11.0462	6.43422	0.327672	11.0462	6.43422	0
-11.7083	6.44219	0.310335	-11.7083	6.44219	0
-10.6356	6.3658	0.316428	-10.6356	6.3658	0
-9.57534	6.50917	0.323036	-9.57534	6.50917	0
-8.57055	6.533	0.337067	-8.57055	6.533	0
-7.50542	6.5153	0.272497	-7.50542	6.5153	0
-6.47532	6.44142	0.309617	-6.47532	6.44142	0
-5.45902	6.45283	0.328024	-5.45902	6.45283	0
-4.41929	6.52425	0.346004	-4.41929	6.52425	0
-3.33046	6.51239	0.315268	-3.33046	6.51239	0
-2.32779	6.47534	0.326278	-2.32779	6.47534	0
-1.27707	6.46654	0.337921	-1.27707	6.46654	0
-0.315748	7.54963	0.332713	-0.315748	7.54963	0
0.724129	7.47899	0.330258	0.724129	7.47899	0
1.75953	7.46852	0.333559	1.75953	7.46852	0
2.80223	7.53067	0.330601	2.80223	7.53067	0
3.85277	7.5063	0.343223	3.85277	7.5063	0
4.85323	7.51341	0.311018	4.85323	7.51341	0
5.90047	7.50386	0.335395	5.90047	7.50386	0
6.95149	7.49792	0.321885	6.95149	7.49792	0
7.94918	7.51275	0.338808	7.94918	7.51275	0
8.97806	7.43001	0.334846	8.97806	7.43001	0
10.0092	7.45644	0.327158	10.0092	7.45644	0
11.0573	7.48018	0.32706	11.0573	7.48018	0
-11.7175	7.41753	0.325014	-11.7175	7.41753	0
-10.6542	7.42353	0.331405	-10.6542	7.42353	0
-9.61508	7.50792	0.306912	-9.61508	7.50792	0
-8.53074	7.5314	0.320011	-8.53074	7.5314	0
-7.52713	7.49574	0.320992	-7.52713	7.49574	0
-6.47621	7.4858	0.280518	-6.47621	7.4858	0
-5.48922	7.48651	0.331635	-5.48922	7.48651	0
-4.42863	7.51317	0.309051	-4.42863	7.51317	0
-3.41166	7.51222	0.337961	-3.41166	7.51222	0
-2.36679	7.48443	0.3211	-2.36679	7.48443	0
-1.32748	7.50428	0.307696	-1.32748	7.50428	0
-0.314795	8.5669	0.331677	-0.314795	8.5669	0
0.793039	8.50367	0.328084	0.793039	8.50367	0
1.79633	8.49907	0.289188	1.79633	8.49907	0
2.83563	8.48602	0.349751	2.83563	8.48602	0
3.87467	8.50655	0.307288	3.87467	8.50655	0
4.84836	8.51268	0.304188	4.84836	8.51268	0
5.88224	8.48798	0.326212	5.88224	8.48798	0
6.94945	8.54623	0.307767	6.94945	8.54623	0
8.02437	8.53159	0.309012	8.02437	8.53159	0
8.98775	8.50986	0.297805	8.98775	8.50986	0
10.0341	8.51157	0.329497	10.0341	8.51157	0
11.1588	8.54799	0.320867	11.1588	8.54799	0
-11.6057	8.51907	0.303243	-11.6057	8.51907	0
-10.5727	8.50815	0.32567	-10.5727	8.50815	0
-9.5824	8.49378	0.322615	-9.5824	8.49378	0
-8.51964	8.51588	0.301676	-8.51964	8.51588	0
-7.48769	8.52058	0.337341	-7.48769	8.52058	0
-6.48099	8.62223	0.312032	-6.48099	8.62223	0
-5.46489	8.56492	0.333252	-5.46489	8.56492	0
-4.50773	8.55618	0.318156	-4.50773	8.55618	0
-3.43292	8.54726	0.302296	-3.43292	8.54726	0
-2.37725	8.5433	0.303987	-2.37725	8.5433	0
-1.3593	8.53547	0.324175	-1.3593	8.53547	0
-0.31083	9.56375	0.323562	-0.31083	9.56375	0
0.776714	9.552	0.332671	0.776714	9.552	0
1.77202	9.56048	0.3374	1.77202	9.56048	0
2.8659	9.50137	0.345395	2.8659	9.50137	0
3.86562	9.51362	0.318802	3.86562	9.51362	0
4.93941	9.53404	0.340501	4.93941	9.53404	0
5.97162	9.54685	0.331967	5.97162	9.54685	0
7.04091	9.53797	0.31397	7.04091	9.53797	0
8.03572	9.5289	0.307775	8.03572	9.5289	0
9.06335	9.56858	0.296242	9.06335	9.56858	0
10.1085	9.5389	0.300389	10.1085	9.5389	0
11.0941	9.535	0.307306	11.0941	9.535	0
-11.6431	9.60834	0.311809	-11.6431	9.60834	0
-10.6493	9.52013	0.294954	-10.6493	9.52013	0
-9.55102	9.57518	0.299282	-9.55102	9.57518	0
-8.49391	9.60214	0.304183	-8.49391	9.60214	0
-7.48578	9.57744	0.309578	-7.48578	9.57744	0
-6.45379	9.61621	0.307138	-6.45379	9.61621	0
-5.44324	9.64237	0.325869	-5.44324	9.64237	0
-4.46735	9.56608	0.312689	-4.46735	9.56608	0
-3.43706	9.5346	0.330537	-3.43706	9.5346	0
-2.36176	9.5485	0.306698	-2.36176	9.5485	0
-1.39962	9.55567	0.331424	-1.39962	9.55567	0
-0.249075	10.561	0.324601	-0.249075	10.561	0
0.796912	10.5569	0.305086	0.796912	10.5569	0
1.82824	10.5748	0.320551	1.82824	10.5748	0
2.84388	10.4739	0.309118	2.84388	10.4739	0
3.90937	10.575	0.333764	3.90937	10.575	0
4.87678	10.5352	0.321276	4.87678	10.5352	0
5.95088	10.5654	0.329605	5.95088	10.5654	0
7.00111	10.5396	0.33371	7.00111	10.5396	0
8.02466	10.5943	0.312474	8.02466	10.5943	0
9.05895	10.6128	0.330529	9.05895	10.6128	0
10.1603	10.6046	0.285195	10.1603	10.6046	0
11.1297	10.5357	0.308855	11.1297	10.5357	0
-11.6131	10.5628	0.295884	-11.6131	10.5628	0
-10.5864	10.6035	0.319894	-10.5864	10.6035	0
-9.54315	10.545	0.294123	-9.54315	10.545	0
-8.50206	10.6416	0.290503	-8.50206	10.6416	0
-7.49384	10.6502	0.333687	-7.49384	10.6502	0
-6.45519	10.6364	0.351008	-6.45519	10.6364	0
-5.42169	10.6693	0.328938	-5.42169	10.6693	0
-4.41919	10.6421	0.331293	-4.41919	10.6421	0
-3.41233	10.6196	0.304058	-3.41233	10.6196	0
-2.31689	10.5691	0.2893	-2.31689	10.5691	0
-1.26702	10.6476	0.325251	-1.26702	10.6476	0
-0.294557	11.6142	0.319207	-0.294557	11.6142	0
0.750992	11.6217	0.313733	0.750992	11.6217	0
1.7873	11.5311	0.329322	1.7873	11.5311	0
2.79045	11.5066	0.326782	2.79045	11.5066	0
3.74745	11.5909	0.321117	3.74745	11.5909	0
4.83301	11.5972	0.299284	4.83301	11.5972	0
5.86747	11.612	0.336141	5.86747	11.612	0
7.00516	11.6205	0.303492	7.00516	11.6205	0
8.038	11.6567	0.337549	8.038	11.6567	0
9.12195	11.6223	0.320109	9.12195	11.6223	0
10.1514	11.6279	0.342221	10.1514	11.6279	0
11.1383	11.611	0.301296	11.1383	11.611	0
-11.6176	11.6243	0.319845	-11.6176	11.6243	0
-10.5544	11.6242	0.332138	-10.5544	11.6242	0
-9.56038	11.6364	0.316138	-9.56038	11.6364	0
-8.53243	11.6172	0.326021	-8.53243	11.6172	0
-7.44229	11.6322	0.308184	-7.44229	11.6322	0
-6.4062	11.6401	0.343865	-6.4062	11.6401	0
-5.41486	11.6674	0.335741	-5.41486	11.6674	0
-4.42358	11.6896	0.314002	-4.42358	11.6896	0
-3.40123	11.62	0.307508	-3.40123	11.62	0
-2.32424	11.6064	0.300216	-2.32424	11.6064	0
-1.33041	11.6346	0.348416	-1.33041	11.6346	0
-0.257711	-11.1719	0.309261	-0.257711	-11.1719	0
0.775514	-11.1332	0.301389	0.775514	-11.1332	0
1.7451	-11.1618	0.310784	1.7451	-11.1618	0
2.77808	-11.2187	0.329723	2.77808	-11.2187	0
3.78958	-11.2095	0.313185	3.78958	-11.2095	0
4.90181	-11.2081	0.334989	4.90181	-11.2081	0
5.94138	-11.1601	0.291836	5.94138	-11.1601	0
6.98343	-11.1592	0.314362	6.98343	-11.1592	0
8.0166	-11.1165	0.326026	8.0166	-11.1165	0
9.08306	-11.1526	0.318168	9.08306	-11.1526	0
10.1064	-11.173	0.313857	10.1064	-11.173	0
11.1173	-11.0468	0.340813	11.1173	-11.0468	0
-11.6576	-11.1064	0.342459	-11.6576	-11.1064	0
-10.5494	-11.1428	0.330164	-10.5494	-11.1428	0
-9.52898	-11.1694	0.323097	-9.52898	-11.1694	0
-8.48264	-11.147	0.340846	-8.48264	-11.147	0
-7.46674	-11.0995	0.322035	-7.46674	-11.0995	0
-6.41735	-11.095	0.308281	-6.41735	-11.095	0
-5.41907	-11.028	0.296266	-5.41907	-11.028	0
-4.43531	-11.0373	0.328206	-4.43531	-11.0373	0
-3.39387	-11.1143	0.325784	-3.39387	-11.1143	0
-2.35553	-11.0994	0.307425	-2.35553	-11.0994	0
-1.34977	-11.1261	0.355215	-1.34977	-11.1261	0
-0.225486	-10.157	0.315008	-0.225486	-10.157	0
0.760172	-10.087	0.296541	0.760172	-10.087	0
1.7473	-10.1056	0.362207	1.7473	-10.1056	0
2.7626	-10.17	0.32556	2.7626	-10.17	0
3.84019	-10.1373	0.306059	3.84019	-10.1373	0
4.92193	-10.1219	0.317174	4.92193	-10.1219	0
5.9927	-10.1562	0.310654	5.9927	-10.1562	0
6.98579	-10.09	0.332495	6.98579	-10.09	0
8.01339	-10.0619	0.313618	8.01339	-10.0619	0
9.01749	-10.147	0.324443	9.01749	-10.147	0
10.034	-10.1295	0.306621	10.034	-10.1295	0
11.1056	-10.0628	0.312926	11.1056	-10.0628	0
-11.6453	-10.0823	0.335114	-11.6453	-10.0823	0
-10.5807	-10.1301	0.328857	-10.5807	-10.1301	0
-9.58434	-10.142	0.315279	-9.58434	-10.142	0
-8.57816	-10.1303	0.33187	-8.57816	-10.1303	0
-7.50343	-10.0706	0.305906	-7.50343	-10.0706	0
-6.45547	-10.1205	0.3394	-6.45547	-10.1205	0
-5.44724	-10.0356	0.307088	-5.44724	-10.0356	0
-4.38834	-10.0537	0.347659	-4.38834	-10.0537	0
-3.34748	-10.0602	0.298904	-3.34748	-10.0602	0
-2.36484	-10.0954	0.312478	-2.36484	-10.0954	0
-1.25942	-10.0926	0.331691	-1.25942	-10.0926	0
-0.246326	-9.09382	0.34377	-0.246326	-9.09382	0
0.799689	-9.10115	0.314829	0.799689	-9.10115	0
1.79633	-9.06588	0.347162	1.79633	-9.06588	0
2.81347	-9.05908	0.33111	2.81347	-9.05908	0
3.87795	-9.14148	0.303613	3.87795	-9.14148	0
4.9073	-9.06225	0.304147	4.9073	-9.06225	0
5.93053	-9.04272	0.298099	5.93053	-9.04272	0
7.00435	-9.03515	0.337755	7.00435	-9.03515	0
8.05572	-9.0635	0.309871	8.05572	-9.0635	0
9.09226	-9.09355	0.314684	9.09226	-9.09355	0
10.0488	-9.0804	0.302151	10.0488	-9.0804	0
11.1247	-9.06851	0.290232	11.1247	-9.06851	0
-11.59	-9.04615	0.331083	-11.59	-9.04615	0
-10.6626	-9.13064	0.307783	-10.6626	-9.13064	0
-9.5771	-9.17702	0.314705	-9.5771	-9.17702	0
-8.57963	-9.10591	0.308946	-8.57963	-9.10591	0
-7.53472	-9.08101	0.324374	-7.53472	-9.08101	0
-6.45643	-9.07506	0.321739	-6.45643	-9.07506	0
-5.46665	-9.06929	0.355389	-5.46665	-9.06929	0
-4.39254	-9.05309	0.308319	-4.39254	-9.05309	0
-3.35421	-9.0774	0.330007	-3.35421	-9.0774	0
-2.34208	-9.03524	0.320313	-2.34208	-9.03524	0
-1.25674	-9.07112	0.313393	-1.25674	-9.07112	0
-0.224212	-8.0022	0.316521	-0.224212	-8.0022	0
0.850739	-8.09382	0.295959	0.850739	-8.09382	0
1.82748	-7.9951	0.299031	1.82748	-7.9951	0
2.84306	-8.04526	0.336438	2.84306	-8.04526	0
3.87865	-8.09216	0.308232	3.87865	-8.09216	0
4.93178	-8.03009	0.339705	4.93178	-8.03009	0
5.98912	-8.02621	0.301902	5.98912	-8.02621	0
7.00962	-7.99481	0.336858	7.00962	-7.99481	0
7.99046	-8.07267	0.340983	7.99046	-8.07267	0
9.051	-8.07713	0.30549	9.051	-8.07713	0
10.0604	-8.05549	0.293507	10.0604	-8.05549	0
11.1008	-8.00403	0.323567	11.1008	-8.00403	0
-11.6562	-8.03793	0.276525	-11.6562	-8.03793	0
-10.6137	-8.12809	0.32789	-10.6137	-8.12809	0
-9.58139	-8.09233	0.34435	-9.58139	-8.09233	0
-8.52355	-8.0935	0.319517	-8.52355	-8.0935	0
-7.49335	-8.08633	0.335643	-7.49335	-8.08633	0
-6.49023	-8.00647	0.312828	-6.49023	-8.00647	0
-5.41049	-8.00282	0.301786	-5.41049	-8.00282	0
-4.37293	-8.02315	0.316955	-4.37293	-8.02315	0
-3.34984	-8.0371	0.306245	-3.34984	-8.0371	0
-2.32484	-8.00282	0.294928	-2.32484	-8.00282	0
-1.24271	-8.03606	0.338121	-1.24271	-8.03606	0
-0.186278	-6.99628	0.32373	-0.186278	-6.99628	0
0.817458	-7.03141	0.300637	0.817458	-7.03141	0
1.82273	-6.98385	0.316815	1.82273	-6.98385	0
2.82684	-6.98036	0.319066	2.82684	-6.98036	0
3.91684	-7.03796	0.296448	3.91684	-7.03796	0
4.92752	-7.03203	0.317323	4.92752	-7.03203	0
5.94655	-6.9969	0.325483	5.94655	-6.9969	0
6.95163	-6.9852	0.314895	6.95163	-6.9852	0
7.97676	-7.01052	0.322337	7.97676	-7.01052	0
9.05152	-7.03511	0.34079	9.05152	-7.03511	0
10.0504	-7.00732	0.294717	10.0504	-7.00732	0
11.1285	-6.95633	0.322308	11.1285	-6.95633	0
-11.6348	-7.04163	0.313752	-11.6348	-7.04163	0
-10.575	-7.11641	0.323495	-10.575	-7.11641	0
-9.52164	-7.06825	0.342103	-9.52164	-7.06825	0
-8.5152	-7.12771	0.302887	-8.5152	-7.12771	0
-7.50314	-7.0474	0.320494	-7.50314	-7.0474	0
-6.49901	-7.00592	0.310505	-6.49901	-7.00592	0
-5.43975	-7.01241	0.283347	-5.43975	-7.01241	0
-4.42056	-7.03132	0.323933	-4.42056	-7.03132	0
-3.404	-6.94485	0.321671	-3.404	-6.94485	0
-2.32187	-6.98375	0.301926	-2.32187	-6.98375	0
-1.26886	-6.97512	0.312415	-1.26886	-6.97512	0
-0.237848	-5.96788	0.317477	-0.237848	-5.96788	0
0.802702	-5.95774	0.325897	0.802702	-5.95774	0
1.85992	-5.93744	0.334098	1.85992	-5.93744	0
2.84388	-5.96288	0.321513	2.84388	-5.96288	0
3.93731	-6.03759	0.299708	3.93731	-6.03759	0
4.93519	-5.9965	0.314277	4.93519	-5.9965	0
5.95782	-5.94842	0.305952	5.95782	-5.94842	0
6.94781	-5.95934	0.319953	6.94781	-5.95934	0
8.00147	-5.92076	0.307375	8.00147	-5.92076	0
9.0768	-5.91612	0.323753	9.0768	-5.91612	0
10.1195	-5.99109	0.308135	10.1195	-5.99109	0
11.1484	-5.96162	0.320341	11.1484	-5.96162	0
-11.6184	-6.01846	0.30717	-11.6184	-6.01846	0
-10.5681	-6.03946	0.323503	-10.5681	-6.03946	0
-9.57242	-6.00858	0.323413	-9.57242	-6.00858	0
-8.59368	-6.0135	0.308865	-8.59368	-6.0135	0
-7.46819	-5.99322	0.332669	-7.46819	-5.99322	0
-6.46065	-5.98813	0.298111	-6.46065	-5.98813	0
-5.41644	-5.98576	0.306542	-5.41644	-5.98576	0
-4.40895	-5.89112	0.326414	-4.40895	-5.89112	0
-3.35466	-5.95337	0.316132	-3.35466	-5.95337	0
-2.27436	-5.97908	0.325149	-2.27436	-5.97908	0
-1.2942	-5.93519	0.293987	-1.2942	-5.93519	0
-0.234842	-4.93011	0.302952	-0.234842	-4.93011	0
0.819196	-4.93379	0.301391	0.819196	-4.93379	0
1.79035	-4.93934	0.311002	1.79035	-4.93934	0
2.91966	-4.95653	0.325337	2.91966	-4.95653	0
3.91233	-4.97606	0.329037	3.91233	-4.97606	0
4.96456	-4.9772	0.32827	4.96456	-4.9772	0
5.96322	-4.91563	0.300298	5.96322	-4.91563	0
7.00395	-4.88998	0.322682	7.00395	-4.88998	0
8.03425	-4.89914	0.321649	8.03425	-4.89914	0
9.05095	-4.90106	0.302954	9.05095	-4.90106	0
10.1073	-4.96743	0.327365	10.1073	-4.96743	0
11.1415	-4.88806	0.342703	11.1415	-4.88806	0
-11.6261	-4.93437	0.336936	-11.6261	-4.93437	0
-10.5917	-4.99071	0.348625	-10.5917	-4.99071	0
-9.52882	-4.98145	0.334786	-9.52882	-4.98145	0
-8.52038	-5.01569	0.32778	-8.52038	-5.01569	0
-7.50266	-4.96491	0.324628	-7.50266	-4.96491	0
-6.42609	-4.98031	0.319341	-6.42609	-4.98031	0
-5.42137	-4.95079	0.325978	-5.42137	-4.95079	0
-4.41753	-4.86566	0.344435	-4.41753	-4.86566	0
-3.30243	-4.9021	0.330754	-3.30243	-4.9021	0
-2.28614	-4.93236	0.348615	-2.28614	-4.93236	0
-1.23669	-4.94409	0.305521	-1.23669	-4.94409	0
-0.214969	-3.91044	0.317404	-0.214969	-3.91044	0
0.775168	-3.88783	0.322144	0.775168	-3.88783	0
1.83096	-3.94903	0.330203	1.83096	-3.94903	0
2.87151	-3.90518	0.303829	2.87151	-3.90518	0
3.90477	-3.9403	0.293088	3.90477	-3.9403	0
4.91716	-3.95475	0.317051	4.91716	-3.95475	0
5.94983	-3.89427	0.306989	5.94983	-3.89427	0
6.96231	-3.88164	0.30125	6.96231	-3.88164	0
8.02781	-3.89364	0.313049	8.02781	-3.89364	0
9.1027	-3.84811	0.363435	9.1027	-3.84811	0
10.1367	-3.87155	0.300153	10.1367	-3.87155	0
11.176	-3.91558	0.316611	11.176	-3.91558	0
-11.5646	-3.91876	0.323034	-11.5646	-3.91876	0
-10.5133	-3.90844	0.314567	-10.5133	-3.90844	0
-9.48522	-3.93493	0.341349	-9.48522	-3.93493	0
-8.4016	-3.92217	0.333595	-8.4016	-3.92217	0
-7.41275	-3.94662	0.314629	-7.41275	-3.94662	0
-6.42259	-3.92885	0.3101	-6.42259	-3.92885	0
-5.36815	-3.87356	0.322527	-5.36815	-3.87356	0
-4.34398	-3.8945	0.318177	-4.34398	-3.8945	0
-3.28812	-3.81753	0.323991	-3.28812	-3.81753	0
-2.28553	-3.89679	0.290274	-2.28553	-3.89679	0
-1.26514	-3.90781	0.299032	-1.26514	-3.90781	0
-0.246896	-2.86635	0.332531	-0.246896	-2.86635	0
0.792543	-2.86065	0.308977	0.792543	-2.86065	0
1.84938	-2.90805	0.330289	1.84938	-2.90805	0
2.85967	-2.91325	0.333204	2.85967	-2.91325	0
3.86531	-2.92705	0.319401	3.86531	-2.92705	0
4.89742	-2.94265	0.32603	4.89742	-2.94265	0
5.9714	-2.87752	0.34136	5.9714	-2.87752	0
7.03098	-2.85137	0.348099	7.03098	-2.85137	0
8.06752	-2.89337	0.295193	8.06752	-2.89337	0
9.13578	-2.85231	0.337484	9.13578	-2.85231	0
10.136	-2.85383	0.315115	10.136	-2.85383	0
11.1809	-2.89636	0.325267	11.1809	-2.89636	0
-11.5934	-2.87135	0.302025	-11.5934	-2.87135	0
-10.525	-2.85817	0.314186	-10.525	-2.85817	0
-9.47257	-2.89765	0.333192	-9.47257	-2.89765	0
-8.44472	-2.88749	0.306531	-8.44472	-2.88749	0
-7.4289	-2.79741	0.305681	-7.4289	-2.79741	0
-6.45054	-2.92329	0.310264	-6.45054	-2.92329	0
-5.44939	-2.83239	0.318605	-5.44939	-2.83239	0
-4.4154	-2.9081	0.321693	-4.4154	-2.9081	0
-3.29686	-2.85502	0.307347	-3.29686	-2.85502	0
-2.2851	-2.82429	0.312211	-2.2851	-2.82429	0
-1.28291	-2.85778	0.292055	-1.28291	-2.85778	0
-0.282655	-1.79378	0.311058	-0.282655	-1.79378	0
0.794509	-1.81407	0.30558	0.794509	-1.81407	0
1.82314	-1.90788	0.336551	1.82314	-1.90788	0
2.8253	-1.83828	0.316691	2.8253	-1.83828	0
3.85288	-1.83699	0.325426	3.85288	-1.83699	0
4.91765	-1.88639	0.313132	4.91765	-1.88639	0
5.942	-1.91848	0.293475	5.942	-1.91848	0
6.95292	-1.80892	0.325536	6.95292	-1.80892	0
8.04708	-1.84055	0.317305	8.04708	-1.84055	0
9.05881	-1.81743	0.333734	9.05881	-1.81743	0
10.1704	-1.82464	0.340052	10.1704	-1.82464	0
11.2133	-1.86167	0.333747	11.2133	-1.86167	0
-11.5876	-1.82457	0.353494	-11.5876	-1.82457	0
-10.5268	-1.85431	0.305542	-10.5268	-1.85431	0
-9.57787	-1.85222	0.301663	-9.57787	-1.85222	0
-8.48459	-1.81913	0.309697	-8.48459	-1.81913	0
-7.47958	-1.81926	0.304284	-7.47958	-1.81926	0
-6.45752	-1.82232	0.324659	-6.45752	-1.82232	0
-5.47327	-1.8054	0.312948	-5.47327	-1.8054	0
-4.43299	-1.85731	0.32228	-4.43299	-1.85731	0
-3.36403	-1.79519	0.324577	-3.36403	-1.79519	0
-2.33777	-1.85083	0.302582	-2.33777	-1.85083	0
-1.33611	-1.81931	0.338317	-1.33611	-1.81931	0
-0.28079	-0.793617	0.345626	-0.28079	-0.793617	0
0.802478	-0.79671	0.33648	0.802478	-0.79671	0
1.86411	-0.842294	0.325367	1.86411	-0.842294	0
2.88812	-0.812022	0.299463	2.88812	-0.812022	0
3.84742	-0.753662	0.287713	3.84742	-0.753662	0
4.91447	-0.865118	0.271485	4.91447	-0.865118	0
5.94624	-0.728456	0.320576	5.94624	-0.728456	0
6.96982	-0.815541	0.313007	6.96982	-0.815541	0
8.04404	-0.780641	0.300338	8.04404	-0.780641	0
9.07842	-0.779988	0.292926	9.07842	-0.779988	0
10.1713	-0.798118	0.333994	10.1713	-0.798118	0
11.2125	-0.823664	0.317771	11.2125	-0.823664	0
-11.591	-0.758221	0.311936	-11.591	-0.758221	0
-10.5347	-0.770261	0.325726	-10.5347	-0.770261	0
-9.5438	-0.787101	0.321241	-9.5438	-0.787101	0
-8.5233	-0.853979	0.321173	-8.5233	-0.853979	0
-7.52911	-0.798472	0.309375	-7.52911	-0.798472	0
-6.49825	-0.815972	0.327607	-6.49825	-0.815972	0
-5.45588	-0.767478	0.317059	-5.45588	-0.767478	0
-4.40025	-0.83005	0.295302	-4.40025	-0.83005	0
-3.36091	-0.767869	0.311255	-3.36091	-0.767869	0
-2.30063	-0.810914	0.330395	-2.30063	-0.810914	0
-1.29781	-0.802824	0.323043	-1.29781	-0.802824	0
