-0.704674	-0.323048	-0.30436	-0.704674	-0.323048	0
0.339847	-0.263439	-0.294143	0.339847	-0.263439	0
1.39991	-0.299335	-0.331333	1.39991	-0.299335	0
2.37081	-0.248807	-0.303038	2.37081	-0.248807	0
3.48429	-0.226334	-0.301152	3.48429	-0.226334	0
4.53474	-0.283034	-0.309879	4.53474	-0.283034	0
5.54611	-0.349303	-0.313691	5.54611	-0.349303	0
6.53058	-0.264839	-0.301972	6.53058	-0.264839	0
7.57582	-0.285216	-0.314098	7.57582	-0.285216	0
8.64015	-0.278754	-0.31325	8.64015	-0.278754	0
9.6601	-0.277518	-0.327546	9.6601	-0.277518	0
10.668	-0.321318	-0.331353	10.668	-0.321318	0
11.6979	-0.312711	-0.345867	11.6979	-0.312711	0
-11.0777	-0.294652	-0.305263	-11.0777	-0.294652	0
-9.97005	-0.348528	-0.348596	-9.97005	-0.348528	0
-8.96111	-0.253096	-0.314711	-8.96111	-0.253096	0
-7.96122	-0.310234	-0.311351	-7.96122	-0.310234	0
-6.84578	-0.341459	-0.313213	-6.84578	-0.341459	0
-5.78798	-0.287998	-0.284247	-5.78798	-0.287998	0
-4.77231	-0.258025	-0.339868	-4.77231	-0.258025	0
-3.78037	-0.305312	-0.287627	-3.78037	-0.305312	0
-2.72112	-0.25337	-0.321069	-2.72112	-0.25337	0
-1.70483	-0.318551	-0.330782	-1.70483	-0.318551	0
-0.712256	0.704459	-0.332099	-0.712256	0.704459	0
0.327146	0.71214	-0.31415	0.327146	0.71214	0
1.3783	0.724946	-0.347571	1.3783	0.724946	0
2.40679	0.802453	-0.308891	2.40679	0.802453	0
3.49588	0.779147	-0.293503	3.49588	0.779147	0
4.48147	0.849242	-0.337996	4.48147	0.849242	0
5.46305	0.719756	-0.310592	5.46305	0.719756	0
6.54576	0.756149	-0.311228	6.54576	0.756149	0
7.63709	0.755565	-0.321042	7.63709	0.755565	0
8.6862	0.703462	-0.31703	8.6862	0.703462	0
9.64055	0.712654	-0.34077	9.64055	0.712654	0
10.6868	0.70542	-0.321652	10.6868	0.70542	0
11.7306	0.792086	-0.297838	11.7306	0.792086	0
-11.0387	0.731087	-0.281037	-11.0387	0.731087	0
-9.96362	0.768267	-0.304948	-9.96362	0.768267	0
-8.95683	0.727475	-0.319694	-8.95683	0.727475	0
-7.89317	0.708363	-0.298697	-7.89317	0.708363	0
-6.89968	0.764406	-0.319588	-6.89968	0.764406	0
-5.83512	0.734763	-0.301088	-5.83512	0.734763	0
-4.78633	0.73522	-0.343271	-4.78633	0.73522	0
-3.81202	0.730518	-0.320278	-3.81202	0.730518	0
-2.77516	0.778805	-0.298919	-2.77516	0.778805	0
-1.70701	0.726313	-0.323418	-1.70701	0.726313	0
-0.705402	1.8082	-0.318629	-0.705402	1.8082	0
0.296151	1.75956	-0.326298	0.296151	1.75956	0
1.32047	1.79873	-0.317051	1.32047	1.79873	0
2.38465	1.79037	-0.28183	2.38465	1.79037	0
3.42186	1.759	-0.311636	3.42186	1.759	0
4.43844	1.85944	-0.330613	4.43844	1.85944	0
5.53322	1.78842	-0.325922	5.53322	1.78842	0
6.57398	1.80582	-0.306333	6.57398	1.80582	0
7.59602	1.79813	-0.307427	7.59602	1.79813	0
8.58194	1.73103	-0.321344	8.58194	1.73103	0
9.66306	1.78449	-0.302876	9.66306	1.78449	0
10.7113	1.75504	-0.301914	10.7113	1.75504	0
11.7202	1.75569	-0.301094	11.7202	1.75569	0
-10.9594	1.7283	-0.339637	-10.9594	1.7283	0
-9.94292	1.75895	-0.287055	-9.94292	1.75895	0
-8.86947	1.81099	-0.321728	-8.86947	1.81099	0
-7.80995	1.71624	-0.309192	-7.80995	1.71624	0
-6.82067	1.74559	-0.300367	-6.82067	1.74559	0
-5.78532	1.81019	-0.311889	-5.78532	1.81019	0
-4.82332	1.79476	-0.300686	-4.82332	1.79476	0
-3.78557	1.79936	-0.301725	-3.78557	1.79936	0
-2.71033	1.77607	-0.335406	-2.71033	1.77607	0
-1.70663	1.82763	-0.310839	-1.70663	1.82763	0
-0.706133	2.84424	-0.297224	-0.706133	2.84424	0
0.284603	2.82202	-0.296818	0.284603	2.82202	0
1.3665	2.85898	-0.329215	1.3665	2.85898	0
2.39664	2.80123	-0.298409	2.39664	2.80123	0
3.45492	2.86339	-0.308533	3.45492	2.86339	0
4.48948	2.86187	-0.327608	4.48948	2.86187	0
5.5176	2.84316	-0.316286	5.5176	2.84316	0
6.58228	2.78388	-0.326992	6.58228	2.78388	0
7.59187	2.84813	-0.343057	7.59187	2.84813	0
8.65114	2.79778	-0.315603	8.65114	2.79778	0
9.67999	2.74843	-0.314448	9.67999	2.74843	0
10.7242	2.78183	-0.340182	10.7242	2.78183	0
11.7323	2.79727	-0.283023	11.7323	2.79727	0
-10.9889	2.78633	-0.339257	-10.9889	2.78633	0
-9.96661	2.78538	-0.305706	-9.96661	2.78538	0
-8.92096	2.78737	-0.330763	-8.92096	2.78737	0
-7.89463	2.80391	-0.329	-7.89463	2.80391	0
-6.85117	2.85185	-0.307234	-6.85117	2.85185	0
-5.84527	2.8136	-0.325639	-5.84527	2.8136	0
-4.83869	2.90505	-0.32345	-4.83869	2.90505	0
-3.75511	2.88506	-0.313014	-3.75511	2.88506	0
-2.77456	2.81325	-0.314755	-2.77456	2.81325	0
-1.7229	2.8719	-0.299859	-1.7229	2.8719	0
-0.728446	3.88875	-0.333606	-0.728446	3.88875	0
0.306977	3.80832	-0.310608	0.306977	3.80832	0
1.43917	3.90257	-0.347618	1.43917	3.90257	0
2.43009	3.85758	-0.293394	2.43009	3.85758	0
3.4366	3.88695	-0.311824	3.4366	3.88695	0
4.46461	3.86238	-0.318719	4.46461	3.86238	0
5.49241	3.86933	-0.331575	5.49241	3.86933	0
6.55916	3.83739	-0.330787	6.55916	3.83739	0
7.65682	3.86334	-0.301241	7.65682	3.86334	0
8.69832	3.76669	-0.306266	8.69832	3.76669	0
9.70946	3.83502	-0.31752	9.70946	3.83502	0
10.7701	3.79313	-0.322468	10.7701	3.79313	0
11.8138	3.83531	-0.311604	11.8138	3.83531	0
-10.9529	3.80997	-0.338533	-10.9529	3.80997	0
-9.93698	3.81224	-0.314027	-9.93698	3.81224	0
-8.91169	3.77848	-0.306977	-8.91169	3.77848	0
-7.93287	3.83364	-0.323153	-7.93287	3.83364	0
-6.91563	3.90864	-0.336521	-6.91563	3.90864	0
-5.88676	3.89243	-0.305653	-5.88676	3.89243	0
-4.83907	3.87412	-0.308421	-4.83907	3.87412	0
-3.75933	3.87231	-0.317956	-3.75933	3.87231	0
-2.72384	3.87615	-0.30864	-2.72384	3.87615	0
-1.75349	3.91496	-0.328703	-1.75349	3.91496	0
-0.711903	4.86009	-0.353391	-0.711903	4.86009	0
0.368507	4.8031	-0.308084	0.368507	4.8031	0
1.37599	4.88561	-0.326093	1.37599	4.88561	0
2.37566	4.90482	-0.316528	2.37566	4.90482	0
3.39063	4.91845	-0.323516	3.39063	4.91845	0
4.50962	4.91104	-0.313218	4.50962	4.91104	0
5.53455	4.8653	-0.313693	5.53455	4.8653	0
6.59607	4.91481	-0.325289	6.59607	4.91481	0
7.66361	4.87981	-0.309063	7.66361	4.87981	0
8.69755	4.76324	-0.322318	8.69755	4.76324	0
9.69611	4.85268	-0.301375	9.69611	4.85268	0
10.6727	4.91147	-0.32931	10.6727	4.91147	0
11.7572	4.89181	-0.338034	11.7572	4.89181	0
-10.9725	4.87405	-0.339364	-10.9725	4.87405	0
-9.95611	4.87404	-0.317361	-9.95611	4.87404	0
-8.91781	4.82562	-0.296655	-8.91781	4.82562	0
-7.91866	4.88291	-0.320358	-7.91866	4.88291	0
-6.9401	4.90096	-0.322323	-6.9401	4.90096	0
-5.86974	4.86883	-0.308765	-5.86974	4.86883	0
-4.87639	4.84648	-0.308948	-4.87639	4.84648	0
-3.83343	4.89989	-0.342404	-3.83343	4.89989	0
-2.82541	4.88382	-0.313426	-2.82541	4.88382	0
-1.71451	4.93255	-0.331794	-1.71451	4.93255	0
-0.728331	5.8649	-0.329426	-0.728331	5.8649	0
0.328874	5.91945	-0.311269	0.328874	5.91945	0
1.36765	5.92385	-0.306501	1.36765	5.92385	0
2.38239	5.96468	-0.345169	2.38239	5.96468	0
3.40275	5.95225	-0.328294	3.40275	5.95225	0
4.5056	6.02283	-0.319172	4.5056	6.02283	0
5.54003	5.95767	-0.322254	5.54003	5.95767	0
6.54532	5.92866	-0.308997	6.54532	5.92866	0
7.58586	5.85861	-0.321314	7.58586	5.85861	0
8.67201	5.85752	-0.320753	8.67201	5.85752	0
9.67196	5.86442	-0.291677	9.67196	5.86442	0
10.6649	5.92012	-0.292033	10.6649	5.92012	0
11.7025	5.94936	-0.295987	11.7025	5.94936	0
-11.0656	5.94184	-0.331518	-11.0656	5.94184	0
-10.0147	5.90493	-0.321432	-10.0147	5.90493	0
-8.95903	5.86858	-0.285835	-8.95903	5.86858	0
-7.89998	5.90508	-0.326397	-7.89998	5.90508	0
-6.8838	5.93179	-0.304964	-6.8838	5.93179	0
-5.89637	5.92026	-0.291695	-5.89637	5.92026	0
-4.9074	5.94244	-0.308204	-4.9074	5.94244	0
-3.79527	5.91103	-0.325202	-3.79527	5.91103	0
-2.77905	5.91305	-0.295571	-2.77905	5.91305	0
-1.68354	5.96113	-0.332101	-1.68354	5.96113	0
-0.712165	6.98168	-0.313245	-0.712165	6.98168	0
0.29653	6.96755	-0.321417	0.29653	6.96755	0
1.34693	6.94401	-0.305961	1.34693	6.94401	0
2.34318	6.98308	-0.306796	2.34318	6.98308	0
3.38406	7.08199	-0.330948	3.38406	7.08199	0
4.42931	7.00821	-0.297355	4.42931	7.00821	0
5.57589	6.97872	-0.307529	5.57589	6.97872	0
6.5548	6.96332	-0.322107	6.5548	6.96332	0
7.57781	6.87279	-0.331344	7.57781	6.87279	0
8.64376	6.93426	-0.317749	8.64376	6.93426	0
9.68566	6.94357	-0.327668	9.68566	6.94357	0
10.6833	6.93712	-0.315282	10.6833	6.93712	0
11.7198	6.95782	-0.28587	11.7198	6.95782	0
-11.0878	6.95993	-0.320668	-11.0878	6.95993	0
-10.0478	6.95517	-0.324231	-10.0478	6.95517	0
-8.97128	6.93437	-0.334206	-8.97128	6.93437	0
-7.9433	6.94888	-0.294945	-7.9433	6.94888	0
-6.91433	6.92586	-0.310741	-6.91433	6.92586	0
-5.87856	6.95878	-0.313112	-5.87856	6.95878	0
-4.86257	6.97523	-0.304893	-4.86257	6.97523	0
-3.83092	6.9396	-0.320121	-3.83092	6.9396	0
-2.73367	6.92278	-0.318531	-2.73367	6.92278	0
-1.71449	6.97246	-0.311877	-1.71449	6.97246	0
-0.708511	7.99862	-0.319827	-0.708511	7.99862	0
0.30937	8.01617	-0.306863	0.30937	8.01617	0
1.30931	8.00458	-0.331968	1.30931	8.00458	0
2.33251	7.9985	-0.306828	2.33251	7.9985	0
3.36642	8.11777	-0.325163	3.36642	8.11777	0
4.47774	8.05147	-0.276366	4.47774	8.05147	0
5.52278	8.01682	-0.319106	5.52278	8.01682	0
6.53606	7.9663	-0.297277	6.53606	7.9663	0
7.56849	7.89895	-0.318125	7.56849	7.89895	0
8.60196	7.99398	-0.302344	8.60196	7.99398	0
9.67496	7.98544	-0.282843	9.67496	7.98544	0
10.6733	7.99974	-0.334749	10.6733	7.99974	0
11.7797	8.00048	-0.325789	11.7797	8.00048	0
-11.0222	7.97615	-0.309598	-11.0222	7.97615	0
-9.99599	8.01887	-0.331062	-9.99599	8.01887	0
-8.98784	7.98977	-0.340024	-8.98784	7.98977	0
-7.96008	8.00148	-0.342876	-7.96008	8.00148	0
-6.9564	7.98161	-0.281348	-6.9564	7.98161	0
-5.90108	8.03609	-0.339353	-5.90108	8.03609	0
-4.86555	8.0273	-0.349361	-4.86555	8.0273	0
-3.76407	7.97857	-0.313302	-3.76407	7.97857	0
-2.76247	7.92971	-0.316818	-2.76247	7.92971	0
-1.73898	8.00161	-0.296468	-1.73898	8.00161	0
-0.718396	9.04238	-0.298605	-0.718396	9.04238	0
0.29953	9.02119	-0.311594	0.29953	9.02119	0
1.36279	8.99525	-0.314087	1.36279	8.99525	0
2.36039	9.07548	-0.324341	2.36039	9.07548	0
3.42831	9.14317	-0.302964	3.42831	9.14317	0
4.46564	9.04657	-0.322392	4.46564	9.04657	0
5.54788	9.07399	-0.341513	5.54788	9.07399	0
6.55054	9.03027	-0.320019	6.55054	9.03027	0
7.61798	9.0148	-0.289154	7.61798	9.0148	0
8.64403	8.99339	-0.316465	8.64403	8.99339	0
9.68985	9.01504	-0.315298	9.68985	9.01504	0
10.6879	9.0644	-0.344179	10.6879	9.0644	0
11.7054	9.01728	-0.289992	11.7054	9.01728	0
-11.0265	9.04578	-0.313158	-11.0265	9.04578	0
-10.0003	9.09889	-0.325019	-10.0003	9.09889	0
-8.94976	9.0159	-0.322494	-8.94976	9.0159	0
-7.95463	9.03933	-0.325172	-7.95463	9.03933	0
-6.8835	9.01014	-0.308883	-6.8835	9.01014	0
-5.86935	9.05357	-0.306698	-5.86935	9.05357	0
-4.8776	8.99629	-0.3243	-4.8776	8.99629	0
-3.79772	8.98944	-0.286901	-3.79772	8.98944	0
-2.80577	9.06112	-0.30869	-2.80577	9.06112	0
-1.75878	9.02723	-0.347868	-1.75878	9.02723	0
-0.701901	10.1166	-0.307717	-0.701901	10.1166	0
0.34174	10.0739	-0.298288	0.34174	10.0739	0
1.39549	10.1411	-0.294774	1.39549	10.1411	0
2.394	10.0856	-0.334381	2.394	10.0856	0
3.42104	10.0928	-0.31433	3.42104	10.0928	0
4.4821	10.1117	-0.337621	4.4821	10.1117	0
5.58325	10.0782	-0.274116	5.58325	10.0782	0
6.57915	10.0755	-0.295367	6.57915	10.0755	0
7.70222	10.0029	-0.318145	7.70222	10.0029	0
8.67095	10.0734	-0.309514	8.67095	10.0734	0
9.68721	10.0526	-0.30879	9.68721	10.0526	0
10.6492	10.1315	-0.338821	10.6492	10.1315	0
11.7093	10.0871	-0.315471	11.7093	10.0871	0
-11.0552	10.1431	-0.329322	-11.0552	10.1431	0
-9.99941	10.0752	-0.314341	-9.99941	10.0752	0
-8.93643	10.0591	-0.334534	-8.93643	10.0591	0
-7.90568	10.0476	-0.322144	-7.90568	10.0476	0
-6.86364	10.0347	-0.306172	-6.86364	10.0347	0
-5.85727	10.1103	-0.325544	-5.85727	10.1103	0
-4.83481	10.1152	-0.329457	-4.83481	10.1152	0
-3.82988	10.0281	-0.332941	-3.82988	10.0281	0
-2.76672	10.0489	-0.298434	-2.76672	10.0489	0
-1.73259	10.0592	-0.293378	-1.73259	10.0592	0
-0.672478	11.1185	-0.308203	-0.672478	11.1185	0
0.357178	11.1044	-0.270316	0.357178	11.1044	0
1.42522	11.1358	-0.319932	1.42522	11.1358	0
2.39423	11.1431	-0.316769	2.39423	11.1431	0
3.384	11.1189	-0.293393	3.384	11.1189	0
4.44407	11.1701	-0.329444	4.44407	11.1701	0
5.48916	11.1135	-0.326688	5.48916	11.1135	0
6.62513	11.1407	-0.303904	6.62513	11.1407	0
7.62772	11.0721	-0.322769	7.62772	11.0721	0
8.66668	11.1277	-0.307993	8.66668	11.1277	0
9.70982	11.1601	-0.287625	9.70982	11.1601	0
10.71	11.1045	-0.307067	10.71	11.1045	0
11.7227	11.1242	-0.323033	11.7227	11.1242	0
-11.017	11.1255	-0.33436	-11.017	11.1255	0
-10.0263	11.1312	-0.330002	-10.0263	11.1312	0
-8.95815	11.0963	-0.3352	-8.95815	11.0963	0
-7.90087	11.047	-0.317309	-7.90087	11.047	0
-6.89183	11.0631	-0.289993	-6.89183	11.0631	0
-5.8716	11.1026	-0.319113	-5.8716	11.1026	0
-4.82269	11.1194	-0.316716	-4.82269	11.1194	0
-3.7967	11.0724	-0.32375	-3.7967	11.0724	0
-2.80329	11.0707	-0.285137	-2.80329	11.0707	0
-1.72261	11.1337	-0.318711	-1.72261	11.1337	0
-0.700412	-11.6285	-0.294125	-0.700412	-11.6285	0
0.349984	-11.64	-0.317956	0.349984	-11.64	0
1.3682	-11.6175	-0.329891	1.3682	-11.6175	0
2.39043	-11.5847	-0.326964	2.39043	-11.5847	0
3.40267	-11.6193	-0.30129	3.40267	-11.6193	0
4.43316	-11.6392	-0.317234	4.43316	-11.6392	0
5.47318	-11.6275	-0.299062	5.47318	-11.6275	0
6.55166	-11.668	-0.32044	6.55166	-11.668	0
7.61203	-11.6599	-0.322899	7.61203	-11.6599	0
8.62075	-11.6059	-0.31391	8.62075	-11.6059	0
9.69344	-11.6385	-0.278104	9.69344	-11.6385	0
10.7322	-11.653	-0.305519	10.7322	-11.653	0
11.6581	-11.5963	-0.318911	11.6581	-11.5963	0
-11.0125	-11.6325	-0.340095	-11.0125	-11.6325	0
-9.99711	-11.6284	-0.337961	-9.99711	-11.6284	0
-8.95927	-11.6478	-0.319865	-8.95927	-11.6478	0
-7.93415	-11.7182	-0.3166	-7.93415	-11.7182	0
-6.91236	-11.6797	-0.334069	-6.91236	-11.6797	0
-5.8438	-11.6402	-0.349042	-5.8438	-11.6402	0
-4.81484	-11.642	-0.318538	-4.81484	-11.642	0
-3.80181	-11.66	-0.330352	-3.80181	-11.66	0
-2.76397	-11.6499	-0.317161	-2.76397	-11.6499	0
-1.71493	-11.6453	-0.303873	-1.71493	-11.6453	0
-0.701202	-10.6353	-0.295597	-0.701202	-10.6353	0
0.384838	-10.5141	-0.31926	0.384838	-10.5141	0
1.43496	-10.5502	-0.30859	1.43496	-10.5502	0
2.43716	-10.5728	-0.330605	2.43716	-10.5728	0
3.49221	-10.5872	-0.314651	3.49221	-10.5872	0
4.51457	-10.562	-0.312223	4.51457	-10.562	0
5.57029	-10.5903	-0.309617	5.57029	-10.5903	0
6.53111	-10.6481	-0.318142	6.53111	-10.6481	0
7.54337	-10.6041	-0.31194	7.54337	-10.6041	0
8.61968	-10.596	-0.328408	8.61968	-10.596	0
9.60999	-10.6036	-0.319757	9.60999	-10.6036	0
10.6021	-10.6654	-0.321642	10.6021	-10.6654	0
11.678	-10.627	-0.336563	11.678	-10.627	0
-11.0227	-10.5769	-0.315909	-11.0227	-10.5769	0
-10.0092	-10.6119	-0.314102	-10.0092	-10.6119	0
-8.9635	-10.6699	-0.304236	-8.9635	-10.6699	0
-7.89358	-10.6606	-0.310501	-7.89358	-10.6606	0
-6.92054	-10.6146	-0.31563	-6.92054	-10.6146	0
-5.90123	-10.6318	-0.32578	-5.90123	-10.6318	0
-4.90316	-10.618	-0.291587	-4.90316	-10.618	0
-3.83635	-10.6439	-0.308235	-3.83635	-10.6439	0
-2.75625	-10.595	-0.309991	-2.75625	-10.595	0
-1.72007	-10.5767	-0.312253	-1.72007	-10.5767	0
-0.674334	-9.53618	-0.34215	-0.674334	-9.53618	0
0.405241	-9.53208	-0.310897	0.405241	-9.53208	0
1.45093	-9.52562	-0.337655	1.45093	-9.52562	0
2.50597	-9.5358	-0.303194	2.50597	-9.5358	0
3.51357	-9.53001	-0.326811	3.51357	-9.53001	0
4.55977	-9.55113	-0.345679	4.55977	-9.55113	0
5.53452	-9.54731	-0.341055	5.53452	-9.54731	0
6.57887	-9.60423	-0.33677	6.57887	-9.60423	0
7.58183	-9.5773	-0.30776	7.58183	-9.5773	0
8.59127	-9.55307	-0.323584	8.59127	-9.55307	0
9.63641	-9.61743	-0.309229	9.63641	-9.61743	0
10.6866	-9.5719	-0.299953	10.6866	-9.5719	0
11.6865	-9.60072	-0.279778	11.6865	-9.60072	0
-11.0263	-9.56129	-0.337118	-11.0263	-9.56129	0
-9.97238	-9.58138	-0.28919	-9.97238	-9.58138	0
-9.00731	-9.63116	-0.309732	-9.00731	-9.63116	0
-7.9771	-9.61684	-0.317684	-7.9771	-9.61684	0
-6.92119	-9.64082	-0.333248	-6.92119	-9.64082	0
-5.9541	-9.60365	-0.320676	-5.9541	-9.60365	0
-4.87605	-9.57218	-0.326998	-4.87605	-9.57218	0
-3.88851	-9.61336	-0.27659	-3.88851	-9.61336	0
-2.76229	-9.57038	-0.327496	-2.76229	-9.57038	0
-1.71619	-9.60379	-0.314552	-1.71619	-9.60379	0
-0.740282	-8.5731	-0.306187	-0.740282	-8.5731	0
0.334426	-8.50461	-0.307236	0.334426	-8.50461	0
1.43305	-8.46699	-0.338557	1.43305	-8.46699	0
2.47728	-8.5133	-0.322634	2.47728	-8.5133	0
3.4679	-8.52193	-0.306132	3.4679	-8.52193	0
4.53715	-8.46215	-0.336781	4.53715	-8.46215	0
5.53962	-8.55012	-0.332147	5.53962	-8.55012	0
6.50761	-8.51684	-0.329859	6.50761	-8.51684	0
7.57463	-8.5443	-0.335779	7.57463	-8.5443	0
8.58945	-8.55546	-0.313003	8.58945	-8.55546	0
9.61441	-8.53193	-0.311871	9.61441	-8.53193	0
10.636	-8.53852	-0.326653	10.636	-8.53852	0
11.7053	-8.51245	-0.291889	11.7053	-8.51245	0
-11.0454	-8.52067	-0.329566	-11.0454	-8.52067	0
-9.96608	-8.60893	-0.306179	-9.96608	-8.60893	0
-8.97277	-8.55062	-0.309054	-8.97277	-8.55062	0
-7.94973	-8.62627	-0.297161	-7.94973	-8.62627	0
-6.9343	-8.62129	-0.304607	-6.9343	-8.62129	0
-5.88576	-8.58205	-0.318006	-5.88576	-8.58205	0
-4.85925	-8.60935	-0.316923	-4.85925	-8.60935	0
-3.81106	-8.54301	-0.312422	-3.81106	-8.54301	0
-2.75571	-8.56926	-0.288679	-2.75571	-8.56926	0
-1.74383	-8.57809	-0.323539	-1.74383	-8.57809	0
-0.712572	-7.53143	-0.290542	-0.712572	-7.53143	0
0.341131	-7.47862	-0.299788	0.341131	-7.47862	0
1.35942	-7.43067	-0.304507	1.35942	-7.43067	0
2.39138	-7.50157	-0.305379	2.39138	-7.50157	0
3.43388	-7.4738	-0.312797	3.43388	-7.4738	0
4.45318	-7.43778	-0.3137	4.45318	-7.43778	0
5.49971	-7.50491	-0.31693	5.49971	-7.50491	0
6.49573	-7.52332	-0.327946	6.49573	-7.52332	0
7.52682	-7.51887	-0.309011	7.52682	-7.51887	0
8.53803	-7.51316	-0.315329	8.53803	-7.51316	0
9.63241	-7.48549	-0.300812	9.63241	-7.48549	0
10.6654	-7.53887	-0.314628	10.6654	-7.53887	0
11.7307	-7.57282	-0.313607	11.7307	-7.57282	0
-11.0735	-7.54028	-0.284861	-11.0735	-7.54028	0
-10.0157	-7.54418	-0.323829	-10.0157	-7.54418	0
-8.98921	-7.58473	-0.327123	-8.98921	-7.58473	0
-7.95196	-7.55103	-0.314815	-7.95196	-7.55103	0
-6.96657	-7.55849	-0.304254	-6.96657	-7.55849	0
-5.92813	-7.57135	-0.288559	-5.92813	-7.57135	0
-4.88569	-7.54109	-0.317367	-4.88569	-7.54109	0
-3.86053	-7.57834	-0.326087	-3.86053	-7.57834	0
-2.75125	-7.56151	-0.307957	-2.75125	-7.56151	0
-1.76803	-7.58633	-0.331487	-1.76803	-7.58633	0
-0.716259	-6.51639	-0.312165	-0.716259	-6.51639	0
0.36095	-6.49356	-0.34381	0.36095	-6.49356	0
1.41455	-6.39941	-0.330802	1.41455	-6.39941	0
2.39801	-6.42539	-0.345224	2.39801	-6.42539	0
3.45913	-6.44589	-0.331399	3.45913	-6.44589	0
4.54272	-6.33467	-0.319774	4.54272	-6.33467	0
5.5348	-6.45218	-0.329349	5.5348	-6.45218	0
6.56876	-6.47059	-0.311235	6.56876	-6.47059	0
7.53226	-6.48991	-0.314516	7.53226	-6.48991	0
8.63299	-6.41027	-0.322719	8.63299	-6.41027	0
9.69254	-6.48857	-0.312385	9.69254	-6.48857	0
10.6637	-6.54176	-0.288222	10.6637	-6.54176	0
11.7017	-6.49251	-0.304586	11.7017	-6.49251	0
-11.0178	-6.48581	-0.320042	-11.0178	-6.48581	0
-10.022	-6.48958	-0.27127	-10.022	-6.48958	0
-9.01861	-6.57133	-0.329308	-9.01861	-6.57133	0
-7.95732	-6.52263	-0.311375	-7.95732	-6.52263	0
-6.95081	-6.49696	-0.336445	-6.95081	-6.49696	0
-5.89541	-6.53781	-0.315856	-5.89541	-6.53781	0
-4.91421	-6.52824	-0.317566	-4.91421	-6.52824	0
-3.80984	-6.56315	-0.293765	-3.80984	-6.56315	0
-2.81812	-6.55246	-0.330585	-2.81812	-6.55246	0
-1.73343	-6.5303	-0.310175	-1.73343	-6.5303	0
-0.74574	-5.49694	-0.297388	-0.74574	-5.49694	0
0.316429	-5.46366	-0.283461	0.316429	-5.46366	0
1.38729	-5.42757	-0.301003	1.38729	-5.42757	0
2.37593	-5.44791	-0.309674	2.37593	-5.44791	0
3.42001	-5.40179	-0.304514	3.42001	-5.40179	0
4.47611	-5.40204	-0.322786	4.47611	-5.40204	0
5.52196	-5.40689	-0.330749	5.52196	-5.40689	0
6.5722	-5.42797	-0.327039	6.5722	-5.42797	0
7.62983	-5.41242	-0.340316	7.62983	-5.41242	0
8.62427	-5.38396	-0.304232	8.62427	-5.38396	0
9.67185	-5.41078	-0.306014	9.67185	-5.41078	0
10.7286	-5.49984	-0.311416	10.7286	-5.49984	0
11.707	-5.44289	-0.284782	11.707	-5.44289	0
-11.096	-5.47688	-0.303089	-11.096	-5.47688	0
-10.039	-5.44113	-0.320085	-10.039	-5.44113	0
-8.97971	-5.47459	-0.344306	-8.97971	-5.47459	0
-7.94663	-5.46784	-0.33554	-7.94663	-5.46784	0
-6.93287	-5.37015	-0.339329	-6.93287	-5.37015	0
-5.89693	-5.46526	-0.31042	-5.89693	-5.46526	0
-4.86228	-5.52282	-0.325617	-4.86228	-5.52282	0
-3.7993	-5.53072	-0.311291	-3.7993	-5.53072	0
-2.81348	-5.50472	-0.303889	-2.81348	-5.50472	0
-1.75843	-5.47242	-0.35633	-1.75843	-5.47242	0
-0.739568	-4.46779	-0.326255	-0.739568	-4.46779	0
0.320213	-4.42332	-0.320202	0.320213	-4.42332	0
1.36142	-4.42064	-0.32161	1.36142	-4.42064	0
2.39967	-4.42962	-0.319824	2.39967	-4.42962	0
3.41151	-4.37102	-0.334914	3.41151	-4.37102	0
4.43326	-4.4052	-0.293867	4.43326	-4.4052	0
5.5148	-4.38375	-0.312006	5.5148	-4.38375	0
6.55548	-4.42327	-0.30586	6.55548	-4.42327	0
7.62269	-4.36026	-0.340368	7.62269	-4.36026	0
8.63104	-4.37413	-0.292637	8.63104	-4.37413	0
9.63258	-4.37339	-0.314407	9.63258	-4.37339	0
10.655	-4.42952	-0.295322	10.655	-4.42952	0
11.7043	-4.35934	-0.299439	11.7043	-4.35934	0
-11.0594	-4.44265	-0.320529	-11.0594	-4.44265	0
-10.025	-4.43821	-0.321992	-10.025	-4.43821	0
-8.97386	-4.40739	-0.331256	-8.97386	-4.40739	0
-8.01204	-4.4639	-0.317365	-8.01204	-4.4639	0
-6.94544	-4.3739	-0.313598	-6.94544	-4.3739	0
-5.86574	-4.44825	-0.294556	-5.86574	-4.44825	0
-4.79815	-4.4661	-0.319038	-4.79815	-4.4661	0
-3.79979	-4.48161	-0.339778	-3.79979	-4.48161	0
-2.75801	-4.52059	-0.32704	-2.75801	-4.52059	0
-1.78337	-4.40883	-0.305805	-1.78337	-4.40883	0
-0.75903	-3.4409	-0.348931	-0.75903	-3.4409	0
0.32384	-3.32862	-0.330702	0.32384	-3.32862	0
1.31928	-3.38988	-0.30408	1.31928	-3.38988	0
2.44312	-3.37935	-0.331714	2.44312	-3.37935	0
3.43297	-3.34544	-0.301722	3.43297	-3.34544	0
4.48166	-3.35636	-0.312927	4.48166	-3.35636	0
5.45138	-3.36821	-0.287299	5.45138	-3.36821	0
6.46522	-3.38691	-0.345412	6.46522	-3.38691	0
7.54982	-3.3533	-0.340519	7.54982	-3.3533	0
8.61321	-3.35396	-0.326342	8.61321	-3.35396	0
9.61201	-3.3653	-0.307698	9.61201	-3.3653	0
10.6583	-3.36188	-0.307114	10.6583	-3.36188	0
11.7522	-3.3549	-0.329279	11.7522	-3.3549	0
-11.012	-3.38032	-0.328034	-11.012	-3.38032	0
-9.99109	-3.37822	-0.340261	-9.99109	-3.37822	0
-8.96316	-3.38828	-0.295874	-8.96316	-3.38828	0
-7.97665	-3.36379	-0.33722	-7.97665	-3.36379	0
-6.92696	-3.37393	-0.305528	-6.92696	-3.37393	0
-5.84175	-3.4657	-0.315188	-5.84175	-3.4657	0
-4.86792	-3.45151	-0.297448	-4.86792	-3.45151	0
-3.78931	-3.44376	-0.317748	-3.78931	-3.44376	0
-2.81878	-3.48261	-0.329113	-2.81878	-3.48261	0
-1.78251	-3.43048	-0.323804	-1.78251	-3.43048	0
-0.689382	-2.36341	-0.287172	-0.689382	-2.36341	0
0.325005	-2.30931	-0.311968	0.325005	-2.30931	0
1.31584	-2.33877	-0.265431	1.31584	-2.33877	0
2.39706	-2.29839	-0.293847	2.39706	-2.29839	0
3.41265	-2.315	-0.299647	3.41265	-2.315	0
4.48344	-2.34529	-0.318012	4.48344	-2.34529	0
5.52617	-2.32934	-0.330618	5.52617	-2.32934	0
6.58096	-2.27311	-0.325949	6.58096	-2.27311	0
7.60121	-2.32383	-0.336056	7.60121	-2.32383	0
8.65687	-2.35418	-0.275733	8.65687	-2.35418	0
9.64982	-2.31176	-0.321969	9.64982	-2.31176	0
10.6763	-2.34861	-0.294044	10.6763	-2.34861	0
11.7486	-2.30801	-0.321005	11.7486	-2.30801	0
-11.0132	-2.31805	-0.312143	-11.0132	-2.31805	0
-10.0282	-2.37986	-0.330194	-10.0282	-2.37986	0
-8.96795	-2.38553	-0.312004	-8.96795	-2.38553	0
-7.93322	-2.34725	-0.322595	-7.93322	-2.34725	0
-6.88407	-2.33011	-0.334721	-6.88407	-2.33011	0
-5.85152	-2.39919	-0.317189	-5.85152	-2.39919	0
-4.78987	-2.41237	-0.309958	-4.78987	-2.41237	0
-3.81078	-2.43911	-0.328032	-3.81078	-2.43911	0
-2.79661	-2.39146	-0.317527	-2.79661	-2.39146	0
-1.73301	-2.41067	-0.304223	-1.73301	-2.41067	0
-0.708862	-1.3735	-0.326167	-0.708862	-1.3735	0
0.336775	-1.28341	-0.314602	0.336775	-1.28341	0
1.356	-1.34052	-0.353201	1.356	-1.34052	0
2.38323	-1.30313	-0.309831	2.38323	-1.30313	0
3.46254	-1.2565	-0.292096	3.46254	-1.2565	0
4.47914	-1.3518	-0.334658	4.47914	-1.3518	0
5.54482	-1.3214	-0.354769	5.54482	-1.3214	0
6.58571	-1.27977	-0.315972	6.58571	-1.27977	0
7.6184	-1.30136	-0.333282	7.6184	-1.30136	0
8.66252	-1.31592	-0.300124	8.66252	-1.31592	0
9.68167	-1.24699	-0.294169	9.68167	-1.24699	0
10.6896	-1.3598	-0.324716	10.6896	-1.3598	0
11.7191	-1.28943	-0.331829	11.7191	-1.28943	0
-11.006	-1.31829	-0.325549	-11.006	-1.31829	0
-9.98067	-1.3345	-0.297726	-9.98067	-1.3345	0
-8.95929	-1.28582	-0.310613	-8.95929	-1.28582	0
-7.93823	-1.34965	-0.279169	-7.93823	-1.34965	0
-6.93865	-1.30314	-0.325434	-6.93865	-1.30314	0
-5.89178	-1.32136	-0.316807	-5.89178	-1.32136	0
-4.80218	-1.37143	-0.310947	-4.80218	-1.37143	0
-3.79419	-1.37485	-0.312766	-3.79419	-1.37485	0
-2.72926	-1.34202	-0.326754	-2.72926	-1.34202	0
-1.66813	-1.32892	-0.304855	-1.66813	-1.32892	0
-0.104862	0.227062	0.310539	-0.104862	0.227062	0
0.895773	0.258812	0.309756	0.895773	0.258812	0
1.89304	0.301183	0.317091	1.89304	0.301183	0
2.92511	0.260358	0.292547	2.92511	0.260358	0
4.00353	0.272877	0.325181	4.00353	0.272877	0
4.96565	0.268915	0.332139	4.96565	0.268915	0
5.96705	0.213519	0.346508	5.96705	0.213519	0
7.13319	0.282123	0.298246	7.13319	0.282123	0
8.15925	0.230689	0.310903	8.15925	0.230689	0
9.16913	0.24527	0.347693	9.16913	0.24527	0
10.1668	0.2085	0.329877	10.1668	0.2085	0
11.2051	0.201687	0.31864	11.2051	0.201687	0
-11.6063	0.171756	0.333876	-11.6063	0.171756	0
-10.4833	0.218451	0.315821	-10.4833	0.218451	0
-9.49951	0.209217	0.306132	-9.49951	0.209217	0
-8.43926	0.231086	0.339145	-8.43926	0.231086	0
-7.37338	0.174351	0.306733	-7.37338	0.174351	0
-6.35853	0.211615	0.330922	-6.35853	0.211615	0
-5.28928	0.22181	0.29631	-5.28928	0.22181	0
-4.28288	0.214788	0.328942	-4.28288	0.214788	0
-3.24163	0.277191	0.321014	-3.24163	0.277191	0
-2.18389	0.2533	0.31755	-2.18389	0.2533	0
-1.19238	0.254668	0.313457	-1.19238	0.254668	0
-0.188456	1.24413	0.289525	-0.188456	1.24413	0
0.758011	1.26263	0.284725	0.758011	1.26263	0
1.8543	1.31023	0.307792	1.8543	1.31023	0
2.90074	1.2157	0.351748	2.90074	1.2157	0
3.99168	1.34531	0.347051	3.99168	1.34531	0
5.04268	1.29853	0.327368	5.04268	1.29853	0
6.04574	1.2437	0.333304	6.04574	1.2437	0
7.11671	1.27917	0.34617	7.11671	1.27917	0
8.10845	1.28774	0.332786	8.10845	1.28774	0
9.13471	1.29216	0.311252	9.13471	1.29216	0
10.1704	1.18485	0.315451	10.1704	1.18485	0
11.1706	1.23819	0.32492	11.1706	1.23819	0
-11.5115	1.26622	0.342254	-11.5115	1.26622	0
-10.5096	1.19958	0.353168	-10.5096	1.19958	0
-9.38594	1.27372	0.309473	-9.38594	1.27372	0
-8.40294	1.21322	0.337641	-8.40294	1.21322	0
-7.35343	1.27305	0.318038	-7.35343	1.27305	0
-6.27783	1.28568	0.338468	-6.27783	1.28568	0
-5.31106	1.21724	0.315956	-5.31106	1.21724	0
-4.289	1.28769	0.318603	-4.289	1.28769	0
-3.28595	1.31418	0.329911	-3.28595	1.31418	0
-2.25108	1.27475	0.329811	-2.25108	1.27475	0
-1.1451	1.28321	0.306957	-1.1451	1.28321	0
-0.19189	2.27835	0.317308	-0.19189	2.27835	0
0.807431	2.30847	0.269614	0.807431	2.30847	0
1.80381	2.32664	0.348819	1.80381	2.32664	0
2.93168	2.30547	0.334825	2.93168	2.30547	0
3.93787	2.37032	0.312544	3.93787	2.37032	0
5.01171	2.31259	0.325904	5.01171	2.31259	0
6.07186	2.32013	0.306184	6.07186	2.32013	0
7.08363	2.30845	0.310493	7.08363	2.30845	0
8.11428	2.31169	0.305677	8.11428	2.31169	0
9.12546	2.25414	0.330114	9.12546	2.25414	0
10.2058	2.29	0.316766	10.2058	2.29	0
11.1835	2.30479	0.314059	11.1835	2.30479	0
-11.5094	2.23846	0.304936	-11.5094	2.23846	0
-10.537	2.25485	0.305109	-10.537	2.25485	0
-9.39123	2.28342	0.299342	-9.39123	2.28342	0
-8.36328	2.27255	0.302331	-8.36328	2.27255	0
-7.33412	2.28641	0.305962	-7.33412	2.28641	0
-6.34754	2.32314	0.319219	-6.34754	2.32314	0
-5.32569	2.30176	0.334777	-5.32569	2.30176	0
-4.3113	2.34315	0.304491	-4.3113	2.34315	0
-3.32878	2.28529	0.296403	-3.32878	2.28529	0
-2.22691	2.30905	0.321131	-2.22691	2.30905	0
-1.195	2.30312	0.340639	-1.195	2.30312	0
-0.179314	3.36898	0.302953	-0.179314	3.36898	0
0.882456	3.36391	0.317287	0.882456	3.36391	0
1.8993	3.37821	0.27489	1.8993	3.37821	0
2.8794	3.35749	0.289432	2.8794	3.35749	0
3.97432	3.40486	0.31795	3.97432	3.40486	0
4.99188	3.38458	0.326871	4.99188	3.38458	0
6.0655	3.33009	0.32852	6.0655	3.33009	0
7.11283	3.42112	0.318193	7.11283	3.42112	0
8.12049	3.28438	0.29613	8.12049	3.28438	0
9.18883	3.30757	0.333895	9.18883	3.30757	0
10.2285	3.34579	0.278445	10.2285	3.34579	0
11.2412	3.31337	0.347289	11.2412	3.31337	0
-11.5225	3.28082	0.308809	-11.5225	3.28082	0
-10.4986	3.30487	0.310989	-10.4986	3.30487	0
-9.4557	3.25893	0.323654	-9.4557	3.25893	0
-8.42917	3.27963	0.309398	-8.42917	3.27963	0
-7.39988	3.31426	0.300751	-7.39988	3.31426	0
-6.32155	3.3551	0.322055	-6.32155	3.3551	0
-5.32231	3.3674	0.313968	-5.32231	3.3674	0
-4.27876	3.34337	0.299928	-4.27876	3.34337	0
-3.23838	3.33532	0.300525	-3.23838	3.33532	0
-2.22225	3.3896	0.331884	-2.22225	3.3896	0
-1.20242	3.37526	0.310162	-1.20242	3.37526	0
-0.214503	4.3606	0.294527	-0.214503	4.3606	0
0.867082	4.3433	0.317064	0.867082	4.3433	0
1.87141	4.36636	0.343446	1.87141	4.36636	0
2.94299	4.4236	0.328627	2.94299	4.4236	0
3.96545	4.45469	0.295197	3.96545	4.45469	0
4.9801	4.42907	0.32247	4.9801	4.42907	0
6.04211	4.37044	0.31432	6.04211	4.37044	0
7.06372	4.41138	0.304303	7.06372	4.41138	0
8.17991	4.28204	0.322896	8.17991	4.28204	0
9.18148	4.28936	0.32705	9.18148	4.28936	0
10.2464	4.34224	0.316149	10.2464	4.34224	0
11.2573	4.3159	0.305956	11.2573	4.3159	0
-11.4621	4.32551	0.314039	-11.4621	4.32551	0
-10.4258	4.32837	0.293851	-10.4258	4.32837	0
-9.41763	4.28691	0.324259	-9.41763	4.28691	0
-8.38706	4.33922	0.319944	-8.38706	4.33922	0
-7.43298	4.38413	0.328293	-7.43298	4.38413	0
-6.38571	4.38429	0.325424	-6.38571	4.38429	0
-5.37098	4.36371	0.337698	-5.37098	4.36371	0
-4.32428	4.35069	0.306366	-4.32428	4.35069	0
-3.27908	4.31101	0.348637	-3.27908	4.31101	0
-2.24395	4.43923	0.296676	-2.24395	4.43923	0
-1.23022	4.42761	0.303551	-1.23022	4.42761	0
-0.18491	5.34456	0.303766	-0.18491	5.34456	0
0.858222	5.36386	0.323134	0.858222	5.36386	0
1.87747	5.39289	0.312631	1.87747	5.39289	0
2.87016	5.47071	0.344219	2.87016	5.47071	0
3.9734	5.4726	0.292667	3.9734	5.4726	0
4.99013	5.48237	0.312617	4.99013	5.48237	0
6.08559	5.41242	0.305359	6.08559	5.41242	0
7.09642	5.41325	0.31711	7.09642	5.41325	0
8.1595	5.34511	0.308858	8.1595	5.34511	0
9.16762	5.34047	0.311792	9.16762	5.34047	0
10.1901	5.35541	0.330731	10.1901	5.35541	0
11.2689	5.33509	0.30099	11.2689	5.33509	0
-11.5106	5.37572	0.312066	-11.5106	5.37572	0
-10.4765	5.36552	0.287671	-10.4765	5.36552	0
-9.46845	5.41154	0.310417	-9.46845	5.41154	0
-8.46342	5.40286	0.342342	-8.46342	5.40286	0
-7.39557	5.39568	0.309365	-7.39557	5.39568	0
-6.38976	5.41334	0.327238	-6.38976	5.41334	0
-5.3977	5.40131	0.317023	-5.3977	5.40131	0
-4.36721	5.3731	0.307938	-4.36721	5.3731	0
-3.30296	5.46597	0.342065	-3.30296	5.46597	0
-2.28229	5.40857	0.299955	-2.28229	5.40857	0
-1.23926	5.39791	0.300325	-1.23926	5.39791	0
-0.18727	6.43381	0.319563	-0.18727	6.43381	0
0.84641	6.41647	0.311088	0.84641	6.41647	0
1.8642	6.45445	0.300633	1.8642	6.45445	0
2.92947	6.54054	0.321306	2.92947	6.54054	0
3.97212	6.4862	0.322575	3.97212	6.4862	0
4.98278	6.49847	0.355467	4.98278	6.49847	0
6.05374	6.46626	0.332345	6.05374	6.46626	0
7.09655	6.38122	0.327893	7.09655	6.38122	0
8.09664	6.42863	0.3199	8.09664	6.42863	0
9.11419	6.42242	0.322006	9.11419	6.42242	0
10.1607	6.44339	0.324817	10.1607	6.44339	0
11.2131	6.46752	0.334569	11.2131	6.46752	0
-11.5327	6.43985	0.36958	-11.5327	6.43985	0
-10.525	6.41227	0.302353	-10.525	6.41227	0
-9.46765	6.42865	0.33148	-9.46765	6.42865	0
-8.45641	6.43911	0.346138	-8.45641	6.43911	0
-7.4337	6.43093	0.296144	-7.4337	6.43093	0
-6.40334	6.41559	0.328522	-6.40334	6.41559	0
-5.37648	6.46045	0.328269	-5.37648	6.46045	0
-4.31887	6.37293	0.29144	-4.31887	6.37293	0
-3.24587	6.44608	0.311304	-3.24587	6.44608	0
-2.18243	6.43869	0.307713	-2.18243	6.43869	0
-1.20765	6.42679	0.320011	-1.20765	6.42679	0
-0.175261	7.48383	0.307837	-0.175261	7.48383	0
0.81658	7.48611	0.290339	0.81658	7.48611	0
1.80478	7.51844	0.298453	1.80478	7.51844	0
2.85533	7.53929	0.32632	2.85533	7.53929	0
3.89209	7.54793	0.268026	3.89209	7.54793	0
5.00348	7.4848	0.293087	5.00348	7.4848	0
6.01554	7.50259	0.318453	6.01554	7.50259	0
7.05086	7.42424	0.31852	7.05086	7.42424	0
8.07635	7.41715	0.305801	8.07635	7.41715	0
9.14987	7.47337	0.295889	9.14987	7.47337	0
10.1737	7.48601	0.338825	10.1737	7.48601	0
11.2076	7.50756	0.299929	11.2076	7.50756	0
-11.5128	7.47774	0.347651	-11.5128	7.47774	0
-10.5459	7.40335	0.334558	-10.5459	7.40335	0
-9.48656	7.51029	0.307924	-9.48656	7.51029	0
-8.47236	7.46017	0.309691	-8.47236	7.46017	0
-7.49521	7.4668	0.321761	-7.49521	7.4668	0
-6.3848	7.5222	0.335303	-6.3848	7.5222	0
-5.3906	7.54566	0.29019	-5.3906	7.54566	0
-4.28611	7.49988	0.304539	-4.28611	7.49988	0
-3.32159	7.44733	0.300303	-3.32159	7.44733	0
-2.28705	7.4682	0.333046	-2.28705	7.4682	0
-1.27146	7.48335	0.320178	-1.27146	7.48335	0
-0.187674	8.45904	0.340706	-0.187674	8.45904	0
0.802182	8.52214	0.340512	0.802182	8.52214	0
1.87547	8.53854	0.314367	1.87547	8.53854	0
2.83821	8.57379	0.33681	2.83821	8.57379	0
3.92986	8.56926	0.29256	3.92986	8.56926	0
5.07375	8.55241	0.343529	5.07375	8.55241	0
6.08575	8.53215	0.319206	6.08575	8.53215	0
7.1095	8.4829	0.330831	7.1095	8.4829	0
8.0936	8.45899	0.304931	8.0936	8.45899	0
9.17956	8.46702	0.325763	9.17956	8.46702	0
10.202	8.5167	0.327134	10.202	8.5167	0
11.1737	8.57489	0.313086	11.1737	8.57489	0
-11.5232	8.50802	0.323452	-11.5232	8.50802	0
-10.5638	8.50692	0.333371	-10.5638	8.50692	0
-9.53294	8.5146	0.307322	-9.53294	8.5146	0
-8.50251	8.46163	0.324601	-8.50251	8.46163	0
-7.41927	8.54348	0.309428	-7.41927	8.54348	0
-6.40176	8.53389	0.306138	-6.40176	8.53389	0
-5.38343	8.52504	0.330279	-5.38343	8.52504	0
-4.32758	8.47041	0.312948	-4.32758	8.47041	0
-3.24973	8.46145	0.325525	-3.24973	8.46145	0
-2.25565	8.55433	0.312452	-2.25565	8.55433	0
-1.23987	8.56076	0.324761	-1.23987	8.56076	0
-0.194265	9.57781	0.324957	-0.194265	9.57781	0
0.854379	9.53616	0.331628	0.854379	9.53616	0
1.89105	9.57114	0.312732	1.89105	9.57114	0
2.92823	9.56915	0.316546	2.92823	9.56915	0
3.9673	9.58939	0.319774	3.9673	9.58939	0
5.0075	9.56731	0.311929	5.0075	9.56731	0
6.07396	9.56899	0.349349	6.07396	9.56899	0
7.15101	9.59298	0.309719	7.15101	9.59298	0
8.18075	9.46119	0.338465	8.18075	9.46119	0
9.17834	9.52598	0.302284	9.17834	9.52598	0
10.1917	9.52901	0.322695	10.1917	9.52901	0
11.2024	9.58722	0.287231	11.2024	9.58722	0
-11.5265	9.56468	0.33971	-11.5265	9.56468	0
-10.5149	9.63164	0.310187	-10.5149	9.63164	0
-9.48053	9.54294	0.318501	-9.48053	9.54294	0
-8.41849	9.47459	0.307862	-8.41849	9.47459	0
-7.37469	9.52566	0.323127	-7.37469	9.52566	0
-6.31315	9.60186	0.326533	-6.31315	9.60186	0
-5.30675	9.59226	0.31473	-5.30675	9.59226	0
-4.31775	9.5204	0.303399	-4.31775	9.5204	0
-3.30662	9.52909	0.314331	-3.30662	9.52909	0
-2.26506	9.54107	0.316664	-2.26506	9.54107	0
-1.19259	9.55966	0.311451	-1.19259	9.55966	0
-0.171793	10.611	0.328392	-0.171793	10.611	0
0.859431	10.5612	0.361342	0.859431	10.5612	0
1.88997	10.6128	0.327054	1.88997	10.6128	0
2.91197	10.5762	0.323527	2.91197	10.5762	0
3.94963	10.6086	0.277779	3.94963	10.6086	0
4.9866	10.609	0.300324	4.9866	10.609	0
6.03212	10.6075	0.31199	6.03212	10.6075	0
7.11652	10.589	0.307118	7.11652	10.589	0
8.12249	10.5583	0.323159	8.12249	10.5583	0
9.17598	10.5817	0.299128	9.17598	10.5817	0
10.1915	10.5644	0.315177	10.1915	10.5644	0
11.1958	10.5774	0.32385	11.1958	10.5774	0
-11.5686	10.6289	0.311459	-11.5686	10.6289	0
-10.5236	10.6261	0.329446	-10.5236	10.6261	0
-9.5208	10.5752	0.312771	-9.5208	10.5752	0
-8.45417	10.5732	0.304156	-8.45417	10.5732	0
-7.42337	10.5837	0.334377	-7.42337	10.5837	0
-6.38084	10.6397	0.316208	-6.38084	10.6397	0
-5.36149	10.6114	0.336193	-5.36149	10.6114	0
-4.33108	10.5658	0.309113	-4.33108	10.5658	0
-3.31933	10.5407	0.321702	-3.31933	10.5407	0
-2.20924	10.6158	0.315006	-2.20924	10.6158	0
-1.21659	10.6352	0.332715	-1.21659	10.6352	0
-0.138408	11.6202	0.329702	-0.138408	11.6202	0
0.905703	11.6308	0.32187	0.905703	11.6308	0
1.90472	11.671	0.301288	1.90472	11.671	0
2.90778	11.6851	0.34895	2.90778	11.6851	0
3.96767	11.6247	0.337971	3.96767	11.6247	0
4.96954	11.5751	0.306707	4.96954	11.5751	0
6.03599	11.6019	0.31744	6.03599	11.6019	0
7.11295	11.6341	0.290702	7.11295	11.6341	0
8.13247	11.5967	0.323284	8.13247	11.5967	0
9.18043	11.6339	0.328859	9.18043	11.6339	0
10.2012	11.5967	0.351871	10.2012	11.5967	0
11.2512	11.651	0.315849	11.2512	11.651	0
-11.5385	11.66	0.313513	-11.5385	11.66	0
-10.526	11.6556	0.298833	-10.526	11.6556	0
-9.51458	11.5742	0.312284	-9.51458	11.5742	0
-8.43635	11.6125	0.346555	-8.43635	11.6125	0
-7.39513	11.5575	0.343924	-7.39513	11.5575	0
-6.31825	11.649	0.314573	-6.31825	11.649	0
-5.30214	11.633	0.317698	-5.30214	11.633	0
-4.2912	11.6161	0.298555	-4.2912	11.6161	0
-3.27044	11.6164	0.326085	-3.27044	11.6164	0
-2.25491	11.6521	0.288211	-2.25491	11.6521	0
-1.17954	11.6504	0.31103	-1.17954	11.6504	0
-0.151103	-11.0939	0.322724	-0.151103	-11.0939	0
0.84966	-11.085	0.267074	0.84966	-11.085	0
1.89145	-11.0628	0.330598	1.89145	-11.0628	0
2.92345	-11.0874	0.335723	2.92345	-11.0874	0
3.95858	-11.0828	0.319596	3.95858	-11.0828	0
4.97085	-11.1164	0.317907	4.97085	-11.1164	0
6.03272	-11.1806	0.321769	6.03272	-11.1806	0
7.07001	-11.155	0.305392	7.07001	-11.155	0
8.08116	-11.1131	0.329266	8.08116	-11.1131	0
9.14168	-11.0876	0.304206	9.14168	-11.0876	0
10.1968	-11.1527	0.339257	10.1968	-11.1527	0
11.2135	-11.1558	0.322284	11.2135	-11.1558	0
-11.5503	-11.1217	0.331767	-11.5503	-11.1217	0
-10.4827	-11.1128	0.334388	-10.4827	-11.1128	0
-9.48721	-11.1851	0.315763	-9.48721	-11.1851	0
-8.40291	-11.1945	0.29937	-8.40291	-11.1945	0
-7.41572	-11.1855	0.326764	-7.41572	-11.1855	0
-6.41174	-11.1878	0.326607	-6.41174	-11.1878	0
-5.39283	-11.138	0.298649	-5.39283	-11.138	0
-4.35576	-11.154	0.316751	-4.35576	-11.154	0
-3.3218	-11.1009	0.310253	-3.3218	-11.1009	0
-2.2773	-11.1404	0.320411	-2.2773	-11.1404	0
-1.23605	-11.1052	0.339743	-1.23605	-11.1052	0
-0.190753	-10.0511	0.308209	-0.190753	-10.0511	0
0.895105	-10.0093	0.325568	0.895105	-10.0093	0
1.99427	-9.97876	0.309542	1.99427	-9.97876	0
2.97934	-10.0667	0.32293	2.97934	-10.0667	0
4.00726	-10.0668	0.325931	4.00726	-10.0668	0
5.01402	-10.0566	0.319787	5.01402	-10.0566	0
6.03522	-10.0643	0.311671	6.03522	-10.0643	0
7.03596	-10.0849	0.334482	7.03596	-10.0849	0
8.12163	-10.1348	0.308762	8.12163	-10.1348	0
9.09155	-10.0955	0.311323	9.09155	-10.0955	0
10.1754	-10.1157	0.323178	10.1754	-10.1157	0
11.1845	-10.134	0.329823	11.1845	-10.134	0
-11.5529	-10.0379	0.310249	-11.5529	-10.0379	0
-10.4935	-10.0167	0.345213	-10.4935	-10.0167	0
-9.51124	-10.1129	0.356109	-9.51124	-10.1129	0
-8.4319	-10.1627	0.316986	-8.4319	-10.1627	0
-7.4387	-10.14	0.308522	-7.4387	-10.14	0
-6.39708	-10.1931	0.303375	-6.39708	-10.1931	0
-5.40217	-10.0987	0.312561	-5.40217	-10.0987	0
-4.36444	-10.1454	0.332101	-4.36444	-10.1454	0
-3.32015	-10.1099	0.293739	-3.32015	-10.1099	0
-2.25573	-10.1163	0.299586	-2.25573	-10.1163	0
-1.18009	-10.0763	0.33801	-1.18009	-10.0763	0
-0.189544	-9.07332	0.338503	-0.189544	-9.07332	0
0.929769	-8.95831	0.301133	0.929769	-8.95831	0
1.9541	-8.99007	0.344562	1.9541	-8.99007	0
3.03657	-9.01999	0.326115	3.03657	-9.01999	0
4.03993	-9.0132	0.328017	4.03993	-9.0132	0
5.00438	-9.01797	0.309719	5.00438	-9.01797	0
6.03239	-9.06457	0.305532	6.03239	-9.06457	0
7.05196	-9.03695	0.32027	7.05196	-9.03695	0
8.08665	-9.07439	0.328362	8.08665	-9.07439	0
9.13936	-9.09148	0.33258	9.13936	-9.09148	0
10.1636	-9.0928	0.291242	10.1636	-9.0928	0
11.1923	-9.06727	0.328677	11.1923	-9.06727	0
-11.5347	-9.02895	0.305218	-11.5347	-9.02895	0
-10.5459	-9.02848	0.306078	-10.5459	-9.02848	0
-9.4681	-9.08869	0.325179	-9.4681	-9.08869	0
-8.49901	-9.11604	0.305997	-8.49901	-9.11604	0
-7.44764	-9.14307	0.341873	-7.44764	-9.14307	0
-6.44646	-9.11496	0.319845	-6.44646	-9.11496	0
-5.35464	-9.09102	0.333734	-5.35464	-9.09102	0
-4.38329	-9.06198	0.340759	-4.38329	-9.06198	0
-3.30441	-9.10551	0.329041	-3.30441	-9.10551	0
-2.28953	-9.12119	0.315512	-2.28953	-9.12119	0
-1.24177	-9.08143	0.330111	-1.24177	-9.08143	0
-0.17178	-7.98961	0.329194	-0.17178	-7.98961	0
0.885302	-7.97914	0.331247	0.885302	-7.97914	0
1.90489	-7.99295	0.30923	1.90489	-7.99295	0
2.99369	-7.97406	0.339119	2.99369	-7.97406	0
3.98047	-7.97843	0.315247	3.98047	-7.97843	0
5.00505	-8.0174	0.331235	5.00505	-8.0174	0
6.02465	-8.01665	0.339987	6.02465	-8.01665	0
7.00832	-8.02103	0.319416	7.00832	-8.02103	0
8.03297	-8.03584	0.30535	8.03297	-8.03584	0
9.06787	-8.00759	0.30885	9.06787	-8.00759	0
10.1138	-8.03001	0.34181	10.1138	-8.03001	0
11.1825	-8.01916	0.310802	11.1825	-8.01916	0
-11.6245	-8.0125	0.327368	-11.6245	-8.0125	0
-10.5077	-8.02809	0.321559	-10.5077	-8.02809	0
-9.51537	-8.06125	0.30832	-9.51537	-8.06125	0
-8.47016	-8.06678	0.297361	-8.47016	-8.06678	0
-7.44446	-8.10419	0.306292	-7.44446	-8.10419	0
-6.41256	-8.10952	0.323505	-6.41256	-8.10952	0
-5.40656	-8.08634	0.312264	-5.40656	-8.08634	0
-4.39747	-8.07257	0.310381	-4.39747	-8.07257	0
-3.27531	-8.08806	0.340054	-3.27531	-8.08806	0
-2.27553	-8.10852	0.329012	-2.27553	-8.10852	0
-1.25754	-8.06366	0.34448	-1.25754	-8.06366	0
-0.190437	-6.96531	0.34384	-0.190437	-6.96531	0
0.863893	-6.92717	0.305629	0.863893	-6.92717	0
1.90626	-6.95247	0.321743	1.90626	-6.95247	0
2.87916	-6.97336	0.338843	2.87916	-6.97336	0
3.97877	-6.93911	0.307307	3.97877	-6.93911	0
5.03951	-6.95645	0.322167	5.03951	-6.95645	0
5.99991	-6.97538	0.322927	5.99991	-6.97538	0
7.02806	-6.99155	0.321036	7.02806	-6.99155	0
8.08786	-6.97441	0.310553	8.08786	-6.97441	0
9.05389	-6.99882	0.317713	9.05389	-6.99882	0
10.1325	-7.05449	0.339572	10.1325	-7.05449	0
11.1801	-7.00927	0.336943	11.1801	-7.00927	0
-11.5895	-7.0058	0.285021	-11.5895	-7.0058	0
-10.5598	-7.008	0.341514	-10.5598	-7.008	0
-9.54837	-7.02313	0.337868	-9.54837	-7.02313	0
-8.47036	-7.02136	0.305236	-8.47036	-7.02136	0
-7.47675	-7.00532	0.354715	-7.47675	-7.00532	0
-6.47016	-7.03655	0.314561	-6.47016	-7.03655	0
-5.46233	-7.03282	0.315514	-5.46233	-7.03282	0
-4.37568	-7.03724	0.307079	-4.37568	-7.03724	0
-3.31365	-7.11165	0.313844	-3.31365	-7.11165	0
-2.22394	-7.07097	0.308635	-2.22394	-7.07097	0
-1.22366	-7.0296	0.310783	-1.22366	-7.0296	0
-0.209543	-6.02002	0.318907	-0.209543	-6.02002	0
0.817201	-5.92696	0.320216	0.817201	-5.92696	0
1.89699	-5.93724	0.334083	1.89699	-5.93724	0
2.96464	-5.95323	0.307262	2.96464	-5.95323	0
4.01942	-5.90038	0.314075	4.01942	-5.90038	0
5.07009	-5.89988	0.332361	5.07009	-5.89988	0
6.05049	-5.95359	0.324072	6.05049	-5.95359	0
7.09049	-5.93088	0.310406	7.09049	-5.93088	0
8.06998	-5.94935	0.313566	8.06998	-5.94935	0
9.09638	-5.91313	0.34046	9.09638	-5.91313	0
10.1666	-5.96172	0.306115	10.1666	-5.96172	0
11.1858	-6.00443	0.351099	11.1858	-6.00443	0
-11.5774	-5.96993	0.31842	-11.5774	-5.96993	0
-10.5416	-5.96008	0.316418	-10.5416	-5.96008	0
-9.5188	-5.97365	0.311163	-9.5188	-5.97365	0
-8.50129	-6.0072	0.302184	-8.50129	-6.0072	0
-7.46762	-5.9804	0.350616	-7.46762	-5.9804	0
-6.4267	-5.97269	0.306626	-6.4267	-5.97269	0
-5.39954	-5.95915	0.326039	-5.39954	-5.95915	0
-4.34586	-6.03371	0.34432	-4.34586	-6.03371	0
-3.25764	-6.05596	0.336109	-3.25764	-6.05596	0
-2.24013	-6.0049	0.300073	-2.24013	-6.0049	0
-1.2463	-6.0261	0.319175	-1.2463	-6.0261	0
-0.222286	-4.93064	0.289402	-0.222286	-4.93064	0
0.835777	-4.90775	0.307366	0.835777	-4.90775	0
1.88354	-4.87465	0.340446	1.88354	-4.87465	0
2.90937	-4.95485	0.343761	2.90937	-4.95485	0
3.90122	-4.93685	0.353386	3.90122	-4.93685	0
5.01251	-4.92161	0.313104	5.01251	-4.92161	0
6.03016	-4.93279	0.317876	6.03016	-4.93279	0
7.09571	-4.89293	0.302071	7.09571	-4.89293	0
8.11461	-4.87297	0.339316	8.11461	-4.87297	0
9.21482	-4.91295	0.318362	9.21482	-4.91295	0
10.1916	-4.9148	0.320243	10.1916	-4.9148	0
11.1873	-4.91389	0.268798	11.1873	-4.91389	0
-11.5723	-4.92349	0.323022	-11.5723	-4.92349	0
-10.5884	-4.90664	0.311283	-10.5884	-4.90664	0
-9.49257	-4.93735	0.337685	-9.49257	-4.93735	0
-8.45388	-4.99411	0.297248	-8.45388	-4.99411	0
-7.43731	-4.93268	0.29565	-7.43731	-4.93268	0
-6.43564	-4.97631	0.326923	-6.43564	-4.97631	0
-5.33819	-4.98112	0.296914	-5.33819	-4.98112	0
-4.30284	-5.00082	0.326976	-4.30284	-5.00082	0
-3.3205	-4.99789	0.312582	-3.3205	-4.99789	0
-2.28012	-5.01321	0.316045	-2.28012	-5.01321	0
-1.28704	-4.96304	0.33336	-1.28704	-4.96304	0
-0.201138	-3.94704	0.317081	-0.201138	-3.94704	0
0.804026	-3.9219	0.327798	0.804026	-3.9219	0
1.8735	-3.86911	0.28701	1.8735	-3.86911	0
2.92736	-3.87498	0.290949	2.92736	-3.87498	0
3.90129	-3.8712	0.334892	3.90129	-3.8712	0
4.9728	-3.90304	0.319316	4.9728	-3.90304	0
6.00689	-3.89684	0.347409	6.00689	-3.89684	0
7.05973	-3.90393	0.329504	7.05973	-3.90393	0
8.044	-3.8511	0.323684	8.044	-3.8511	0
9.07521	-3.86502	0.336754	9.07521	-3.86502	0
10.1217	-3.85882	0.316483	10.1217	-3.85882	0
11.1408	-3.88382	0.310111	11.1408	-3.88382	0
-11.5964	-3.86079	0.349656	-11.5964	-3.86079	0
-10.5284	-3.9443	0.331321	-10.5284	-3.9443	0
-9.48194	-3.91541	0.304967	-9.48194	-3.91541	0
-8.47517	-3.92068	0.323655	-8.47517	-3.92068	0
-7.4397	-3.87271	0.321699	-7.4397	-3.87271	0
-6.33921	-3.93741	0.313871	-6.33921	-3.93741	0
-5.32926	-3.93032	0.296962	-5.32926	-3.93032	0
-4.2915	-3.98654	0.324515	-4.2915	-3.98654	0
-3.28489	-3.9988	0.305703	-3.28489	-3.9988	0
-2.28448	-3.89652	0.318756	-2.28448	-3.89652	0
-1.22159	-3.89676	0.306484	-1.22159	-3.89676	0
-0.253594	-2.94192	0.304719	-0.253594	-2.94192	0
0.768321	-2.87928	0.323676	0.768321	-2.87928	0
1.83343	-2.83189	0.316091	1.83343	-2.83189	0
2.90018	-2.83075	0.319717	2.90018	-2.83075	0
3.90497	-2.83765	0.314193	3.90497	-2.83765	0
4.95538	-2.83238	0.310067	4.95538	-2.83238	0
6.0133	-2.8665	0.302668	6.0133	-2.8665	0
7.05059	-2.82756	0.291924	7.05059	-2.82756	0
8.1013	-2.86949	0.321494	8.1013	-2.86949	0
9.1646	-2.85521	0.331619	9.1646	-2.85521	0
10.1597	-2.84506	0.305019	10.1597	-2.84506	0
11.2289	-2.90291	0.306996	11.2289	-2.90291	0
-11.548	-2.79264	0.310438	-11.548	-2.79264	0
-10.5599	-2.88202	0.307509	-10.5599	-2.88202	0
-9.54808	-2.87816	0.336076	-9.54808	-2.87816	0
-8.43905	-2.85479	0.311886	-8.43905	-2.85479	0
-7.41743	-2.86183	0.317861	-7.41743	-2.86183	0
-6.41497	-2.86545	0.315613	-6.41497	-2.86545	0
-5.37624	-2.90428	0.318323	-5.37624	-2.90428	0
-4.2921	-2.9	0.340814	-4.2921	-2.9	0
-3.24003	-2.89432	0.292732	-3.24003	-2.89432	0
-2.29445	-2.90271	0.310955	-2.29445	-2.90271	0
-1.23828	-2.89888	0.301163	-1.23828	-2.89888	0
-0.174408	-1.83338	0.309961	-0.174408	-1.83338	0
0.822056	-1.78342	0.309758	0.822056	-1.78342	0
1.8412	-1.78448	0.343419	1.8412	-1.78448	0
2.92683	-1.80382	0.3218	2.92683	-1.80382	0
3.98288	-1.85262	0.312229	3.98288	-1.85262	0
4.99437	-1.83415	0.295234	4.99437	-1.83415	0
6.04945	-1.82956	0.29004	6.04945	-1.82956	0
7.09363	-1.82498	0.304931	7.09363	-1.82498	0
8.11864	-1.8176	0.306825	8.11864	-1.8176	0
9.16399	-1.80892	0.323678	9.16399	-1.80892	0
10.1837	-1.78663	0.325982	10.1837	-1.78663	0
11.2345	-1.78943	0.311396	11.2345	-1.78943	0
-11.5624	-1.8095	0.29817	-11.5624	-1.8095	0
-10.5013	-1.89087	0.313784	-10.5013	-1.89087	0
-9.49595	-1.82987	0.314816	-9.49595	-1.82987	0
-8.4845	-1.86594	0.315635	-8.4845	-1.86594	0
-7.3908	-1.79977	0.355833	-7.3908	-1.79977	0
-6.40637	-1.81434	0.315268	-6.40637	-1.81434	0
-5.33166	-1.87297	0.2964	-5.33166	-1.87297	0
-4.28239	-1.90068	0.306048	-4.28239	-1.90068	0
-3.26691	-1.87331	0.332573	-3.26691	-1.87331	0
-2.25179	-1.78663	0.309101	-2.25179	-1.78663	0
-1.22491	-1.89683	0.329942	-1.22491	-1.89683	0
-0.153071	-0.763607	0.327536	-0.153071	-0.763607	0
0.862948	-0.739558	0.304803	0.862948	-0.739558	0
1.86418	-0.795055	0.317035	1.86418	-0.795055	0
2.93203	-0.746286	0.309153	2.93203	-0.746286	0
3.9615	-0.794606	0.309092	3.9615	-0.794606	0
4.99318	-0.83144	0.315322	4.99318	-0.83144	0
6.05467	-0.852731	0.309006	6.05467	-0.852731	0
7.11041	-0.753297	0.323428	7.11041	-0.753297	0
8.11116	-0.807213	0.32398	8.11116	-0.807213	0
9.1497	-0.77353	0.334361	9.1497	-0.77353	0
10.1489	-0.761389	0.298597	10.1489	-0.761389	0
11.1261	-0.807095	0.303777	11.1261	-0.807095	0
-11.5229	-0.831917	0.331095	-11.5229	-0.831917	0
-10.5358	-0.785295	0.298667	-10.5358	-0.785295	0
-9.45769	-0.857024	0.319741	-9.45769	-0.857024	0
-8.44093	-0.836375	0.336869	-8.44093	-0.836375	0
-7.40869	-0.789484	0.317921	-7.40869	-0.789484	0
-6.32304	-0.829862	0.329372	-6.32304	-0.829862	0
-5.32228	-0.811839	0.322944	-5.32228	-0.811839	0
-4.29598	-0.83822	0.330141	-4.29598	-0.83822	0
-3.26023	-0.83605	0.291734	-3.26023	-0.83605	0
-2.20651	-0.778846	0.296231	-2.20651	-0.778846	0
-1.18062	-0.840778	0.322051	-1.18062	-0.840778	0
