-0.649042	-0.381308	-0.307901	-0.649042	-0.381308	0
0.365625	-0.403162	-0.30791	0.365625	-0.403162	0
1.42959	-0.42074	-0.319182	1.42959	-0.42074	0
2.43165	-0.430233	-0.289547	2.43165	-0.430233	0
3.45745	-0.400504	-0.289057	3.45745	-0.400504	0
4.5078	-0.424535	-0.341971	4.5078	-0.424535	0
5.56963	-0.375162	-0.328417	5.56963	-0.375162	0
6.57455	-0.430268	-0.320576	6.57455	-0.430268	0
7.57547	-0.417225	-0.299099	7.57547	-0.417225	0
8.61382	-0.347329	-0.331834	8.61382	-0.347329	0
9.67591	-0.368152	-0.302308	9.67591	-0.368152	0
10.7541	-0.45828	-0.344395	10.7541	-0.45828	0
11.7363	-0.395319	-0.310121	11.7363	-0.395319	0
-10.9365	-0.39871	-0.322553	-10.9365	-0.39871	0
-9.95132	-0.37031	-0.306263	-9.95132	-0.37031	0
-9.00578	-0.421827	-0.30746	-9.00578	-0.421827	0
-8.01114	-0.400461	-0.326436	-8.01114	-0.400461	0
-6.93053	-0.372916	-0.311281	-6.93053	-0.372916	0
-5.89485	-0.401382	-0.333006	-5.89485	-0.401382	0
-4.86503	-0.378602	-0.316322	-4.86503	-0.378602	0
-3.75939	-0.391807	-0.301331	-3.75939	-0.391807	0
-2.72803	-0.420499	-0.303891	-2.72803	-0.420499	0
-1.65692	-0.436359	-0.332459	-1.65692	-0.436359	0
-0.712871	0.640643	-0.313152	-0.712871	0.640643	0
0.353064	0.595507	-0.2987	0.353064	0.595507	0
1.31815	0.575895	-0.311298	1.31815	0.575895	0
2.37658	0.645511	-0.343376	2.37658	0.645511	0
3.50198	0.68819	-0.329152	3.50198	0.68819	0
4.50464	0.566764	-0.322047	4.50464	0.566764	0
5.53323	0.608197	-0.292924	5.53323	0.608197	0
6.61815	0.624953	-0.304848	6.61815	0.624953	0
7.68504	0.65202	-0.332435	7.68504	0.65202	0
8.67735	0.651558	-0.312471	8.67735	0.651558	0
9.74058	0.659599	-0.349803	9.74058	0.659599	0
10.6991	0.602068	-0.310806	10.6991	0.602068	0
11.742	0.627229	-0.319827	11.742	0.627229	0
-11.0312	0.655579	-0.300165	-11.0312	0.655579	0
-10.034	0.63763	-0.325997	-10.034	0.63763	0
-8.99993	0.62796	-0.30933	-8.99993	0.62796	0
-7.9541	0.63275	-0.318752	-7.9541	0.63275	0
-6.93613	0.678608	-0.294431	-6.93613	0.678608	0
-5.87387	0.638951	-0.322157	-5.87387	0.638951	0
-4.81916	0.625886	-0.340638	-4.81916	0.625886	0
-3.80013	0.686623	-0.299347	-3.80013	0.686623	0
-2.6969	0.693889	-0.320909	-2.6969	0.693889	0
-1.74022	0.643374	-0.2881	-1.74022	0.643374	0
-0.688677	1.67523	-0.334445	-0.688677	1.67523	0
0.377433	1.63722	-0.333727	0.377433	1.63722	0
1.43962	1.66393	-0.2878	1.43962	1.66393	0
2.45949	1.68824	-0.3024	2.45949	1.68824	0
3.46011	1.6951	-0.335374	3.46011	1.6951	0
4.5319	1.63829	-0.33411	4.5319	1.63829	0
5.55726	1.62335	-0.32999	5.55726	1.62335	0
6.57643	1.71434	-0.342088	6.57643	1.71434	0
7.63356	1.66658	-0.314096	7.63356	1.66658	0
8.64212	1.65442	-0.301441	8.64212	1.65442	0
9.70655	1.6766	-0.30146	9.70655	1.6766	0
10.6792	1.67153	-0.308789	10.6792	1.67153	0
11.7033	1.68534	-0.297806	11.7033	1.68534	0
-11.0513	1.66838	-0.343308	-11.0513	1.66838	0
-9.95927	1.66938	-0.339796	-9.95927	1.66938	0
-8.99094	1.69006	-0.310258	-8.99094	1.69006	0
-8.00411	1.69221	-0.31321	-8.00411	1.69221	0
-6.91907	1.70977	-0.292949	-6.91907	1.70977	0
-5.83063	1.71893	-0.304916	-5.83063	1.71893	0
-4.80103	1.6695	-0.31061	-4.80103	1.6695	0
-3.77747	1.69716	-0.321407	-3.77747	1.69716	0
-2.70049	1.67335	-0.322704	-2.70049	1.67335	0
-1.74071	1.64491	-0.321074	-1.74071	1.64491	0
-0.738517	2.66422	-0.323781	-0.738517	2.66422	0
0.346715	2.65871	-0.341379	0.346715	2.65871	0
1.38639	2.70454	-0.307474	1.38639	2.70454	0
2.46177	2.7552	-0.318753	2.46177	2.7552	0
3.45168	2.74977	-0.295174	3.45168	2.74977	0
4.51081	2.68727	-0.314971	4.51081	2.68727	0
5.53199	2.69898	-0.327519	5.53199	2.69898	0
6.57655	2.67595	-0.311349	6.57655	2.67595	0
7.60822	2.67004	-0.302203	7.60822	2.67004	0
8.65957	2.6547	-0.311362	8.65957	2.6547	0
9.72413	2.69284	-0.322636	9.72413	2.69284	0
10.7026	2.69863	-0.312473	10.7026	2.69863	0
11.786	2.64722	-0.316042	11.786	2.64722	0
-10.9809	2.74024	-0.331315	-10.9809	2.74024	0
-10.0061	2.74464	-0.316469	-10.0061	2.74464	0
-9.05605	2.76999	-0.337047	-9.05605	2.76999	0
-7.9821	2.72166	-0.319107	-7.9821	2.72166	0
-6.9402	2.76472	-0.322765	-6.9402	2.76472	0
-5.90355	2.77324	-0.310252	-5.90355	2.77324	0
-4.88011	2.72232	-0.335548	-4.88011	2.72232	0
-3.86597	2.69575	-0.320762	-3.86597	2.69575	0
-2.85343	2.66334	-0.328243	-2.85343	2.66334	0
-1.7538	2.69396	-0.305311	-1.7538	2.69396	0
-0.644623	3.7404	-0.334196	-0.644623	3.7404	0
0.326094	3.74129	-0.316115	0.326094	3.74129	0
1.36212	3.74286	-0.333401	1.36212	3.74286	0
2.44253	3.75987	-0.329024	2.44253	3.75987	0
3.50863	3.69347	-0.34006	3.50863	3.69347	0
4.50428	3.75413	-0.328666	4.50428	3.75413	0
5.58016	3.76826	-0.325194	5.58016	3.76826	0
6.57491	3.7607	-0.338337	6.57491	3.7607	0
7.62493	3.76754	-0.327575	7.62493	3.76754	0
8.66567	3.67455	-0.340224	8.66567	3.67455	0
9.71903	3.73769	-0.320894	9.71903	3.73769	0
10.7425	3.74957	-0.327036	10.7425	3.74957	0
11.7445	3.6928	-0.293055	11.7445	3.6928	0
-11.0108	3.76783	-0.318215	-11.0108	3.76783	0
-10.025	3.72268	-0.319419	-10.025	3.72268	0
-9.0002	3.80712	-0.329588	-9.0002	3.80712	0
-7.95314	3.81482	-0.318481	-7.95314	3.81482	0
-6.90266	3.7587	-0.309873	-6.90266	3.7587	0
-5.9342	3.80948	-0.331112	-5.9342	3.80948	0
-4.87834	3.74183	-0.316245	-4.87834	3.74183	0
-3.84106	3.68708	-0.304251	-3.84106	3.68708	0
-2.782	3.68211	-0.344695	-2.782	3.68211	0
-1.73719	3.75239	-0.307696	-1.73719	3.75239	0
-0.631672	4.75665	-0.295905	-0.631672	4.75665	0
0.365974	4.72342	-0.339372	0.365974	4.72342	0
1.45845	4.75709	-0.318775	1.45845	4.75709	0
2.48958	4.69252	-0.30174	2.48958	4.69252	0
3.52552	4.76522	-0.316431	3.52552	4.76522	0
4.52528	4.75612	-0.328337	4.52528	4.75612	0
5.58995	4.83592	-0.299952	5.58995	4.83592	0
6.65392	4.83098	-0.277181	6.65392	4.83098	0
7.67095	4.79626	-0.338302	7.67095	4.79626	0
8.73494	4.77433	-0.301011	8.73494	4.77433	0
9.70261	4.75781	-0.332003	9.70261	4.75781	0
10.7305	4.74866	-0.282684	10.7305	4.74866	0
11.8017	4.85661	-0.276463	11.8017	4.85661	0
-10.9702	4.80119	-0.324017	-10.9702	4.80119	0
-9.94811	4.81695	-0.313849	-9.94811	4.81695	0
-8.9114	4.83607	-0.321994	-8.9114	4.83607	0
-7.92007	4.79251	-0.338218	-7.92007	4.79251	0
-6.90394	4.77642	-0.318649	-6.90394	4.77642	0
-5.85486	4.76004	-0.296231	-5.85486	4.76004	0
-4.83889	4.78283	-0.281179	-4.83889	4.78283	0
-3.78064	4.72068	-0.310971	-3.78064	4.72068	0
-2.76396	4.78475	-0.29589	-2.76396	4.78475	0
-1.64408	4.71087	-0.306691	-1.64408	4.71087	0
-0.601578	5.76634	-0.330266	-0.601578	5.76634	0
0.442391	5.77126	-0.330154	0.442391	5.77126	0
1.51732	5.76033	-0.287592	1.51732	5.76033	0
2.52369	5.74561	-0.339116	2.52369	5.74561	0
3.59652	5.86582	-0.342573	3.59652	5.86582	0
4.56414	5.78137	-0.326289	4.56414	5.78137	0
5.58187	5.79064	-0.318414	5.58187	5.79064	0
6.63523	5.81819	-0.330036	6.63523	5.81819	0
7.64718	5.79503	-0.314985	7.64718	5.79503	0
8.77652	5.80194	-0.321273	8.77652	5.80194	0
9.77284	5.92782	-0.310765	9.77284	5.92782	0
10.7343	5.82821	-0.325053	10.7343	5.82821	0
11.7859	5.87792	-0.306776	11.7859	5.87792	0
-11.013	5.86231	-0.317234	-11.013	5.86231	0
-9.90259	5.869	-0.308827	-9.90259	5.869	0
-8.9143	5.8844	-0.321885	-8.9143	5.8844	0
-7.80698	5.8083	-0.318964	-7.80698	5.8083	0
-6.85343	5.84152	-0.327245	-6.85343	5.84152	0
-5.7788	5.78294	-0.320125	-5.7788	5.78294	0
-4.73824	5.82852	-0.335253	-4.73824	5.82852	0
-3.7449	5.8118	-0.345443	-3.7449	5.8118	0
-2.71624	5.80482	-0.342002	-2.71624	5.80482	0
-1.65949	5.76176	-0.290275	-1.65949	5.76176	0
-0.596006	6.79903	-0.315359	-0.596006	6.79903	0
0.470242	6.84329	-0.316977	0.470242	6.84329	0
1.48361	6.80045	-0.300599	1.48361	6.80045	0
2.54467	6.80383	-0.33271	2.54467	6.80383	0
3.53919	6.86592	-0.310468	3.53919	6.86592	0
4.59981	6.85547	-0.325473	4.59981	6.85547	0
5.61002	6.87136	-0.335081	5.61002	6.87136	0
6.61383	6.82088	-0.280995	6.61383	6.82088	0
7.65008	6.80255	-0.324581	7.65008	6.80255	0
8.65796	6.80549	-0.327883	8.65796	6.80549	0
9.69872	6.89499	-0.280168	9.69872	6.89499	0
10.7569	6.93165	-0.366575	10.7569	6.93165	0
11.8083	6.92562	-0.311038	11.8083	6.92562	0
-10.9104	6.91658	-0.333466	-10.9104	6.91658	0
-9.84901	6.87587	-0.288409	-9.84901	6.87587	0
-8.82743	6.8997	-0.290863	-8.82743	6.8997	0
-7.80268	6.86529	-0.310526	-7.80268	6.86529	0
-6.78511	6.88517	-0.307096	-6.78511	6.88517	0
-5.7108	6.80245	-0.314156	-5.7108	6.80245	0
-4.75812	6.83667	-0.32316	-4.75812	6.83667	0
-3.69456	6.84229	-0.297428	-3.69456	6.84229	0
-2.65631	6.8391	-0.320909	-2.65631	6.8391	0
-1.64659	6.82403	-0.285407	-1.64659	6.82403	0
-0.575717	7.84206	-0.326954	-0.575717	7.84206	0
0.459908	7.84709	-0.314142	0.459908	7.84709	0
1.55407	7.84524	-0.307452	1.55407	7.84524	0
2.51702	7.87021	-0.338885	2.51702	7.87021	0
3.51549	7.91483	-0.306188	3.51549	7.91483	0
4.53129	7.92703	-0.324008	4.53129	7.92703	0
5.56278	7.91834	-0.326606	5.56278	7.91834	0
6.59257	7.89515	-0.3201	6.59257	7.89515	0
7.66235	7.87964	-0.294156	7.66235	7.87964	0
8.67476	7.88384	-0.310262	8.67476	7.88384	0
9.75938	7.97043	-0.328984	9.75938	7.97043	0
10.7823	7.94583	-0.320818	10.7823	7.94583	0
11.8395	7.91737	-0.323554	11.8395	7.91737	0
-10.9479	7.97948	-0.342799	-10.9479	7.97948	0
-9.91204	7.93834	-0.328951	-9.91204	7.93834	0
-8.79815	7.88568	-0.285845	-8.79815	7.88568	0
-7.73367	7.90148	-0.301636	-7.73367	7.90148	0
-6.73986	7.93984	-0.296078	-6.73986	7.93984	0
-5.69757	7.83998	-0.294653	-5.69757	7.83998	0
-4.66343	7.84899	-0.32495	-4.66343	7.84899	0
-3.66798	7.8827	-0.277556	-3.66798	7.8827	0
-2.60522	7.86998	-0.302719	-2.60522	7.86998	0
-1.57781	7.86439	-0.34387	-1.57781	7.86439	0
-0.546043	8.908	-0.352497	-0.546043	8.908	0
0.453718	8.89699	-0.322136	0.453718	8.89699	0
1.54921	8.90211	-0.339432	1.54921	8.90211	0
2.5043	8.91976	-0.313207	2.5043	8.91976	0
3.54129	8.92486	-0.337622	3.54129	8.92486	0
4.53287	8.96045	-0.314615	4.53287	8.96045	0
5.54991	9.00636	-0.323456	5.54991	9.00636	0
6.57423	8.90882	-0.336105	6.57423	8.90882	0
7.55122	8.91913	-0.331775	7.55122	8.91913	0
8.6407	8.91635	-0.319643	8.6407	8.91635	0
9.65436	8.97033	-0.323936	9.65436	8.97033	0
10.7433	8.95365	-0.332935	10.7433	8.95365	0
11.734	8.96687	-0.303618	11.734	8.96687	0
-10.9812	8.94374	-0.277908	-10.9812	8.94374	0
-9.88404	8.98736	-0.316632	-9.88404	8.98736	0
-8.81594	8.94709	-0.318695	-8.81594	8.94709	0
-7.78046	8.97369	-0.316966	-7.78046	8.97369	0
-6.73986	9.00909	-0.283349	-6.73986	9.00909	0
-5.7343	8.85547	-0.318192	-5.7343	8.85547	0
-4.68338	8.92499	-0.292143	-4.68338	8.92499	0
-3.68533	8.93811	-0.334282	-3.68533	8.93811	0
-2.5873	8.91893	-0.321255	-2.5873	8.91893	0
-1.58822	8.90512	-0.299563	-1.58822	8.90512	0
-0.567121	9.93222	-0.313153	-0.567121	9.93222	0
0.466473	9.89171	-0.319612	0.466473	9.89171	0
1.49856	9.96271	-0.324219	1.49856	9.96271	0
2.5227	9.94639	-0.34476	2.5227	9.94639	0
3.54384	10.006	-0.329099	3.54384	10.006	0
4.54618	10.0013	-0.334131	4.54618	10.0013	0
5.59997	9.99324	-0.335178	5.59997	9.99324	0
6.61115	9.93768	-0.299694	6.61115	9.93768	0
7.66884	9.9115	-0.306128	7.66884	9.9115	0
8.6808	9.90754	-0.324544	8.6808	9.90754	0
9.66442	9.96044	-0.329196	9.66442	9.96044	0
10.681	9.96531	-0.33102	10.681	9.96531	0
11.7922	9.99131	-0.314637	11.7922	9.99131	0
-10.9829	10.0196	-0.290455	-10.9829	10.0196	0
-9.92848	9.99711	-0.307999	-9.92848	9.99711	0
-8.86782	9.99123	-0.300322	-8.86782	9.99123	0
-7.8491	9.97343	-0.300678	-7.8491	9.97343	0
-6.73293	10.0076	-0.341043	-6.73293	10.0076	0
-5.68291	9.97125	-0.31851	-5.68291	9.97125	0
-4.68247	9.98283	-0.318293	-4.68247	9.98283	0
-3.64471	9.93796	-0.324316	-3.64471	9.93796	0
-2.64096	9.95267	-0.294375	-2.64096	9.95267	0
-1.67199	9.98947	-0.310239	-1.67199	9.98947	0
-0.595024	10.9674	-0.318286	-0.595024	10.9674	0
0.42768	10.9917	-0.309825	0.42768	10.9917	0
1.45006	10.9766	-0.33308	1.45006	10.9766	0
2.47915	11.0303	-0.290613	2.47915	11.0303	0
3.51055	11.0088	-0.337387	3.51055	11.0088	0
4.54802	10.9989	-0.326006	4.54802	10.9989	0
5.60557	11.0196	-0.29827	5.60557	11.0196	0
6.58265	10.9966	-0.342484	6.58265	10.9966	0
7.64184	10.9596	-0.322628	7.64184	10.9596	0
8.66482	10.9876	-0.334507	8.66482	10.9876	0
9.7078	10.9959	-0.36409	9.7078	10.9959	0
10.6906	11.008	-0.310232	10.6906	11.008	0
11.749	11.0652	-0.324257	11.749	11.0652	0
-10.959	11.0164	-0.317909	-10.959	11.0164	0
-9.94181	11.0308	-0.314435	-9.94181	11.0308	0
-8.88046	10.9781	-0.303213	-8.88046	10.9781	0
-7.84402	11.0308	-0.324578	-7.84402	11.0308	0
-6.83219	11.0177	-0.304666	-6.83219	11.0177	0
-5.81032	10.9772	-0.336541	-5.81032	10.9772	0
-4.7915	10.9358	-0.310095	-4.7915	10.9358	0
-3.70655	10.9434	-0.316127	-3.70655	10.9434	0
-2.67027	11.0105	-0.323291	-2.67027	11.0105	0
-1.62529	11.0786	-0.299802	-1.62529	11.0786	0
-0.636025	-11.8169	-0.336616	-0.636025	-11.8169	0
0.378133	-11.7763	-0.330383	0.378133	-11.7763	0
1.42311	-11.7623	-0.350578	1.42311	-11.7623	0
2.47319	-11.7127	-0.291983	2.47319	-11.7127	0
3.50882	-11.7461	-0.334981	3.50882	-11.7461	0
4.56229	-11.7862	-0.318574	4.56229	-11.7862	0
5.6082	-11.7505	-0.328358	5.6082	-11.7505	0
6.62509	-11.7873	-0.305103	6.62509	-11.7873	0
7.65614	-11.7588	-0.319851	7.65614	-11.7588	0
8.68415	-11.7007	-0.316546	8.68415	-11.7007	0
9.6904	-11.6772	-0.31299	9.6904	-11.6772	0
10.7353	-11.6979	-0.307871	10.7353	-11.6979	0
11.784	-11.7047	-0.303499	11.784	-11.7047	0
-10.9632	-11.722	-0.322545	-10.9632	-11.722	0
-9.9179	-11.7832	-0.31699	-9.9179	-11.7832	0
-8.8575	-11.7038	-0.351418	-8.8575	-11.7038	0
-7.79768	-11.6914	-0.333903	-7.79768	-11.6914	0
-6.77317	-11.7508	-0.335521	-6.77317	-11.7508	0
-5.74688	-11.7483	-0.308437	-5.74688	-11.7483	0
-4.71467	-11.7976	-0.318275	-4.71467	-11.7976	0
-3.6834	-11.8147	-0.319603	-3.6834	-11.8147	0
-2.6373	-11.7286	-0.313895	-2.6373	-11.7286	0
-1.59191	-11.706	-0.342182	-1.59191	-11.706	0
-0.620595	-10.7379	-0.313201	-0.620595	-10.7379	0
0.3641	-10.7127	-0.331041	0.3641	-10.7127	0
1.35448	-10.7078	-0.312978	1.35448	-10.7078	0
2.44069	-10.7472	-0.316508	2.44069	-10.7472	0
3.46734	-10.6817	-0.331181	3.46734	-10.6817	0
4.51141	-10.7423	-0.306175	4.51141	-10.7423	0
5.57006	-10.6921	-0.339179	5.57006	-10.6921	0
6.60963	-10.7734	-0.319565	6.60963	-10.7734	0
7.63199	-10.7353	-0.340181	7.63199	-10.7353	0
8.7018	-10.7234	-0.28626	8.7018	-10.7234	0
9.68464	-10.7003	-0.322075	9.68464	-10.7003	0
10.7553	-10.7106	-0.321855	10.7553	-10.7106	0
11.8006	-10.7613	-0.330149	11.8006	-10.7613	0
-10.8685	-10.7041	-0.306863	-10.8685	-10.7041	0
-9.87839	-10.7078	-0.326156	-9.87839	-10.7078	0
-8.88453	-10.6804	-0.30453	-8.88453	-10.6804	0
-7.90383	-10.6671	-0.300703	-7.90383	-10.6671	0
-6.81607	-10.6866	-0.303112	-6.81607	-10.6866	0
-5.76078	-10.7246	-0.329906	-5.76078	-10.7246	0
-4.72319	-10.7621	-0.332695	-4.72319	-10.7621	0
-3.74724	-10.7317	-0.309833	-3.74724	-10.7317	0
-2.72439	-10.7177	-0.314332	-2.72439	-10.7177	0
-1.6446	-10.7319	-0.313235	-1.6446	-10.7319	0
-0.65916	-9.68204	-0.301028	-0.65916	-9.68204	0
0.401038	-9.66361	-0.322776	0.401038	-9.66361	0
1.41854	-9.67364	-0.310186	1.41854	-9.67364	0
2.4689	-9.69001	-0.299553	2.4689	-9.69001	0
3.47488	-9.651	-0.311553	3.47488	-9.651	0
4.5517	-9.65254	-0.323264	4.5517	-9.65254	0
5.59661	-9.65182	-0.297313	5.59661	-9.65182	0
6.58566	-9.6695	-0.324991	6.58566	-9.6695	0
7.6083	-9.67503	-0.291413	7.6083	-9.67503	0
8.67463	-9.67514	-0.305589	8.67463	-9.67514	0
9.68176	-9.69238	-0.329046	9.68176	-9.69238	0
10.7533	-9.68476	-0.334628	10.7533	-9.68476	0
11.7899	-9.72493	-0.341182	11.7899	-9.72493	0
-10.8825	-9.69281	-0.323629	-10.8825	-9.69281	0
-9.84451	-9.62414	-0.322617	-9.84451	-9.62414	0
-8.82968	-9.6156	-0.303894	-8.82968	-9.6156	0
-7.83002	-9.61984	-0.329065	-7.83002	-9.61984	0
-6.78811	-9.66206	-0.323779	-6.78811	-9.66206	0
-5.74593	-9.62002	-0.333873	-5.74593	-9.62002	0
-4.77547	-9.73159	-0.309535	-4.77547	-9.73159	0
-3.78697	-9.7224	-0.325061	-3.78697	-9.7224	0
-2.73428	-9.69782	-0.328606	-2.73428	-9.69782	0
-1.6881	-9.66017	-0.323758	-1.6881	-9.66017	0
-0.656515	-8.62029	-0.314601	-0.656515	-8.62029	0
0.421904	-8.6713	-0.303607	0.421904	-8.6713	0
1.4426	-8.62772	-0.299772	1.4426	-8.62772	0
2.43827	-8.63109	-0.314175	2.43827	-8.63109	0
3.50446	-8.59947	-0.303873	3.50446	-8.59947	0
4.55432	-8.68215	-0.315865	4.55432	-8.68215	0
5.53374	-8.63217	-0.315229	5.53374	-8.63217	0
6.65736	-8.66122	-0.322546	6.65736	-8.66122	0
7.60299	-8.65643	-0.332818	7.60299	-8.65643	0
8.69483	-8.66409	-0.325277	8.69483	-8.66409	0
9.78898	-8.67052	-0.314716	9.78898	-8.67052	0
10.7882	-8.69361	-0.334109	10.7882	-8.69361	0
11.8439	-8.69736	-0.321894	11.8439	-8.69736	0
-10.8991	-8.62679	-0.307583	-10.8991	-8.62679	0
-9.92697	-8.62979	-0.30036	-9.92697	-8.62979	0
-8.88127	-8.58418	-0.317368	-8.88127	-8.58418	0
-7.80314	-8.55129	-0.334042	-7.80314	-8.55129	0
-6.79709	-8.6053	-0.333949	-6.79709	-8.6053	0
-5.75936	-8.61227	-0.323308	-5.75936	-8.61227	0
-4.79937	-8.73342	-0.316427	-4.79937	-8.73342	0
-3.75772	-8.74826	-0.31595	-3.75772	-8.74826	0
-2.74645	-8.67157	-0.300114	-2.74645	-8.67157	0
-1.70705	-8.63457	-0.296868	-1.70705	-8.63457	0
-0.673531	-7.57214	-0.320384	-0.673531	-7.57214	0
0.385364	-7.69001	-0.303969	0.385364	-7.69001	0
1.36535	-7.62631	-0.310266	1.36535	-7.62631	0
2.47453	-7.56256	-0.336277	2.47453	-7.56256	0
3.53243	-7.58796	-0.296455	3.53243	-7.58796	0
4.50661	-7.57746	-0.315874	4.50661	-7.57746	0
5.55456	-7.5843	-0.306807	5.55456	-7.5843	0
6.58942	-7.62137	-0.302024	6.58942	-7.62137	0
7.67567	-7.63771	-0.314326	7.67567	-7.63771	0
8.71697	-7.68638	-0.325015	8.71697	-7.68638	0
9.73469	-7.6627	-0.307793	9.73469	-7.6627	0
10.7775	-7.65186	-0.322844	10.7775	-7.65186	0
11.8529	-7.67872	-0.320988	11.8529	-7.67872	0
-10.9412	-7.60465	-0.318812	-10.9412	-7.60465	0
-9.93767	-7.5545	-0.331909	-9.93767	-7.5545	0
-8.8771	-7.59945	-0.308913	-8.8771	-7.59945	0
-7.88812	-7.59139	-0.329656	-7.88812	-7.59139	0
-6.83917	-7.57565	-0.293838	-6.83917	-7.57565	0
-5.81735	-7.61162	-0.300518	-5.81735	-7.61162	0
-4.75751	-7.63437	-0.287614	-4.75751	-7.63437	0
-3.73526	-7.64294	-0.313295	-3.73526	-7.64294	0
-2.70038	-7.65155	-0.308652	-2.70038	-7.65155	0
-1.71434	-7.6458	-0.338572	-1.71434	-7.6458	0
-0.656283	-6.61003	-0.285364	-0.656283	-6.61003	0
0.339776	-6.63839	-0.326037	0.339776	-6.63839	0
1.43289	-6.6288	-0.330111	1.43289	-6.6288	0
2.44605	-6.56621	-0.311262	2.44605	-6.56621	0
3.45432	-6.56752	-0.285163	3.45432	-6.56752	0
4.50857	-6.57217	-0.339994	4.50857	-6.57217	0
5.55435	-6.55132	-0.329065	5.55435	-6.55132	0
6.58709	-6.62556	-0.322547	6.58709	-6.62556	0
7.67427	-6.59593	-0.31683	7.67427	-6.59593	0
8.76399	-6.63293	-0.347608	8.76399	-6.63293	0
9.80206	-6.64569	-0.335132	9.80206	-6.64569	0
10.8389	-6.61097	-0.284749	10.8389	-6.61097	0
11.8462	-6.63434	-0.3396	11.8462	-6.63434	0
-10.9647	-6.60618	-0.333757	-10.9647	-6.60618	0
-9.92261	-6.52577	-0.32037	-9.92261	-6.52577	0
-8.87124	-6.55569	-0.324544	-8.87124	-6.55569	0
-7.84779	-6.64689	-0.32887	-7.84779	-6.64689	0
-6.81897	-6.55904	-0.336195	-6.81897	-6.55904	0
-5.74664	-6.55438	-0.324664	-5.74664	-6.55438	0
-4.7146	-6.54026	-0.302969	-4.7146	-6.54026	0
-3.7225	-6.60807	-0.324487	-3.7225	-6.60807	0
-2.6776	-6.54034	-0.310888	-2.6776	-6.54034	0
-1.68689	-6.59689	-0.328506	-1.68689	-6.59689	0
-0.640992	-5.56188	-0.328955	-0.640992	-5.56188	0
0.390294	-5.57451	-0.329395	0.390294	-5.57451	0
1.44426	-5.56547	-0.317559	1.44426	-5.56547	0
2.40542	-5.53505	-0.299246	2.40542	-5.53505	0
3.46201	-5.5426	-0.32437	3.46201	-5.5426	0
4.50814	-5.53408	-0.323424	4.50814	-5.53408	0
5.57022	-5.56866	-0.347963	5.57022	-5.56866	0
6.63617	-5.5472	-0.289889	6.63617	-5.5472	0
7.68367	-5.54223	-0.310692	7.68367	-5.54223	0
8.69784	-5.50414	-0.306038	8.69784	-5.50414	0
9.74121	-5.57929	-0.325378	9.74121	-5.57929	0
10.7765	-5.58526	-0.307781	10.7765	-5.58526	0
11.8534	-5.64847	-0.326728	11.8534	-5.64847	0
-10.961	-5.57863	-0.325097	-10.961	-5.57863	0
-9.98457	-5.51988	-0.279999	-9.98457	-5.51988	0
-8.91243	-5.55997	-0.323399	-8.91243	-5.55997	0
-7.82568	-5.60733	-0.322696	-7.82568	-5.60733	0
-6.79963	-5.53882	-0.302678	-6.79963	-5.53882	0
-5.84997	-5.53602	-0.324742	-5.84997	-5.53602	0
-4.83967	-5.55871	-0.31384	-4.83967	-5.55871	0
-3.72437	-5.56349	-0.346445	-3.72437	-5.56349	0
-2.69353	-5.51528	-0.295872	-2.69353	-5.51528	0
-1.66449	-5.57679	-0.290325	-1.66449	-5.57679	0
-0.646037	-4.52015	-0.327362	-0.646037	-4.52015	0
0.413329	-4.55132	-0.327396	0.413329	-4.55132	0
1.37579	-4.46791	-0.312844	1.37579	-4.46791	0
2.46682	-4.47106	-0.320732	2.46682	-4.47106	0
3.5151	-4.48743	-0.317791	3.5151	-4.48743	0
4.54752	-4.49971	-0.340863	4.54752	-4.49971	0
5.60288	-4.56775	-0.31295	5.60288	-4.56775	0
6.65146	-4.52754	-0.320345	6.65146	-4.52754	0
7.67678	-4.4985	-0.31482	7.67678	-4.4985	0
8.71316	-4.48845	-0.332864	8.71316	-4.48845	0
9.7474	-4.51847	-0.326668	9.7474	-4.51847	0
10.7611	-4.57497	-0.309816	10.7611	-4.57497	0
11.739	-4.536	-0.305253	11.739	-4.536	0
-11.0248	-4.52875	-0.35569	-11.0248	-4.52875	0
-10.0177	-4.51982	-0.325358	-10.0177	-4.51982	0
-8.90501	-4.58599	-0.336396	-8.90501	-4.58599	0
-7.88828	-4.57764	-0.297147	-7.88828	-4.57764	0
-6.87959	-4.53457	-0.330629	-6.87959	-4.53457	0
-5.82127	-4.5069	-0.290529	-5.82127	-4.5069	0
-4.85666	-4.5154	-0.30113	-4.85666	-4.5154	0
-3.7402	-4.53894	-0.333034	-3.7402	-4.53894	0
-2.71659	-4.5436	-0.289259	-2.71659	-4.5436	0
-1.65444	-4.46366	-0.319058	-1.65444	-4.46366	0
-0.65988	-3.48165	-0.319682	-0.65988	-3.48165	0
0.339781	-3.53295	-0.315832	0.339781	-3.53295	0
1.40529	-3.48864	-0.343157	1.40529	-3.48864	0
2.4297	-3.48623	-0.28692	2.4297	-3.48623	0
3.46861	-3.42837	-0.300144	3.46861	-3.42837	0
4.49317	-3.4691	-0.319688	4.49317	-3.4691	0
5.56094	-3.50258	-0.339543	5.56094	-3.50258	0
6.62583	-3.48988	-0.309791	6.62583	-3.48988	0
7.65391	-3.47076	-0.328461	7.65391	-3.47076	0
8.68488	-3.4738	-0.326405	8.68488	-3.4738	0
9.73094	-3.48135	-0.332247	9.73094	-3.48135	0
10.7537	-3.50778	-0.310418	10.7537	-3.50778	0
11.7752	-3.49149	-0.33105	11.7752	-3.49149	0
-11.0082	-3.5025	-0.331145	-11.0082	-3.5025	0
-9.94573	-3.52178	-0.326205	-9.94573	-3.52178	0
-8.89819	-3.52078	-0.311045	-8.89819	-3.52078	0
-7.8988	-3.4847	-0.314618	-7.8988	-3.4847	0
-6.88405	-3.40828	-0.317956	-6.88405	-3.40828	0
-5.87672	-3.49202	-0.325048	-5.87672	-3.49202	0
-4.79308	-3.45767	-0.310801	-4.79308	-3.45767	0
-3.75417	-3.4568	-0.299849	-3.75417	-3.4568	0
-2.77888	-3.4976	-0.322774	-2.77888	-3.4976	0
-1.65757	-3.44017	-0.305155	-1.65757	-3.44017	0
-0.693094	-2.42917	-0.315424	-0.693094	-2.42917	0
0.304494	-2.44436	-0.324591	0.304494	-2.44436	0
1.39029	-2.48924	-0.298723	1.39029	-2.48924	0
2.41715	-2.47542	-0.318423	2.41715	-2.47542	0
3.42538	-2.41165	-0.333818	3.42538	-2.41165	0
4.51283	-2.52303	-0.312446	4.51283	-2.52303	0
5.54923	-2.4855	-0.333184	5.54923	-2.4855	0
6.56106	-2.44344	-0.305364	6.56106	-2.44344	0
7.59779	-2.41725	-0.32472	7.59779	-2.41725	0
8.68883	-2.43395	-0.335592	8.68883	-2.43395	0
9.6906	-2.43946	-0.315024	9.6906	-2.43946	0
10.744	-2.51285	-0.331448	10.744	-2.51285	0
11.7882	-2.47213	-0.320457	11.7882	-2.47213	0
-10.9431	-2.5383	-0.296129	-10.9431	-2.5383	0
-9.94973	-2.50441	-0.3165	-9.94973	-2.50441	0
-8.90562	-2.4773	-0.345146	-8.90562	-2.4773	0
-7.85144	-2.43201	-0.295419	-7.85144	-2.43201	0
-6.84789	-2.37851	-0.345795	-6.84789	-2.37851	0
-5.81724	-2.4453	-0.303834	-5.81724	-2.4453	0
-4.77215	-2.46051	-0.312093	-4.77215	-2.46051	0
-3.73757	-2.42555	-0.317077	-3.73757	-2.42555	0
-2.72273	-2.48349	-0.329523	-2.72273	-2.48349	0
-1.67357	-2.48035	-0.313263	-1.67357	-2.48035	0
-0.625471	-1.44629	-0.317048	-0.625471	-1.44629	0
0.388913	-1.4487	-0.308394	0.388913	-1.4487	0
1.44918	-1.46461	-0.27537	1.44918	-1.46461	0
2.51408	-1.40212	-0.310949	2.51408	-1.40212	0
3.53785	-1.42452	-0.319954	3.53785	-1.42452	0
4.52796	-1.45878	-0.33654	4.52796	-1.45878	0
5.53015	-1.42342	-0.322479	5.53015	-1.42342	0
6.57861	-1.44141	-0.321873	6.57861	-1.44141	0
7.59044	-1.47213	-0.31741	7.59044	-1.47213	0
8.67196	-1.41359	-0.319544	8.67196	-1.41359	0
9.71143	-1.40792	-0.331408	9.71143	-1.40792	0
10.7395	-1.47227	-0.315215	10.7395	-1.47227	0
11.7187	-1.4291	-0.330607	11.7187	-1.4291	0
-11.0274	-1.46275	-0.306805	-11.0274	-1.46275	0
-9.97303	-1.46308	-0.313153	-9.97303	-1.46308	0
-8.95973	-1.4548	-0.328138	-8.95973	-1.4548	0
-7.90187	-1.42157	-0.309983	-7.90187	-1.42157	0
-6.8415	-1.35094	-0.347105	-6.8415	-1.35094	0
-5.82218	-1.398	-0.328059	-5.82218	-1.398	0
-4.81819	-1.3683	-0.309785	-4.81819	-1.3683	0
-3.71331	-1.42036	-0.323049	-3.71331	-1.42036	0
-2.67869	-1.42833	-0.298664	-2.67869	-1.42833	0
-1.62608	-1.50368	-0.301585	-1.62608	-1.50368	0
-0.153811	0.146964	0.319352	-0.153811	0.146964	0
0.864494	0.0982994	0.33383	0.864494	0.0982994	0
1.90127	0.147064	0.286994	1.90127	0.147064	0
2.90061	0.163828	0.29906	2.90061	0.163828	0
3.94343	0.119509	0.319687	3.94343	0.119509	0
5.04894	0.0825609	0.300081	5.04894	0.0825609	0
6.13164	0.0865213	0.317887	6.13164	0.0865213	0
7.17904	0.166956	0.30475	7.17904	0.166956	0
8.17156	0.0626517	0.329899	8.17156	0.0626517	0
9.19279	0.187714	0.322733	9.19279	0.187714	0
10.2596	0.0504957	0.337525	10.2596	0.0504957	0
11.2486	0.163812	0.338196	11.2486	0.163812	0
-11.4998	0.061869	0.321065	-11.4998	0.061869	0
-10.5189	0.148492	0.315269	-10.5189	0.148492	0
-9.51514	0.16952	0.319085	-9.51514	0.16952	0
-8.47302	0.165982	0.322442	-8.47302	0.165982	0
-7.43274	0.137687	0.342914	-7.43274	0.137687	0
-6.36748	0.115769	0.270537	-6.36748	0.115769	0
-5.37597	0.138482	0.322145	-5.37597	0.138482	0
-4.29454	0.0911213	0.336714	-4.29454	0.0911213	0
-3.28262	0.140816	0.317776	-3.28262	0.140816	0
-2.25757	0.0885594	0.310913	-2.25757	0.0885594	0
-1.20104	0.108205	0.3067	-1.20104	0.108205	0
-0.161974	1.19421	0.315405	-0.161974	1.19421	0
0.858259	1.15973	0.304843	0.858259	1.15973	0
1.88032	1.14459	0.292329	1.88032	1.14459	0
2.97779	1.17703	0.316417	2.97779	1.17703	0
3.98162	1.14953	0.349878	3.98162	1.14953	0
5.01361	1.1172	0.312485	5.01361	1.1172	0
6.087	1.20445	0.325129	6.087	1.20445	0
7.11995	1.191	0.315613	7.11995	1.191	0
8.16113	1.10426	0.329849	8.16113	1.10426	0
9.20007	1.18359	0.281944	9.20007	1.18359	0
10.2024	1.09587	0.326918	10.2024	1.09587	0
11.2089	1.17427	0.295365	11.2089	1.17427	0
-11.5524	1.17416	0.32724	-11.5524	1.17416	0
-10.5175	1.19687	0.305441	-10.5175	1.19687	0
-9.50278	1.11875	0.313739	-9.50278	1.11875	0
-8.45037	1.186	0.293706	-8.45037	1.186	0
-7.41133	1.20786	0.317131	-7.41133	1.20786	0
-6.36173	1.20472	0.314297	-6.36173	1.20472	0
-5.33943	1.17922	0.315447	-5.33943	1.17922	0
-4.30815	1.13981	0.322684	-4.30815	1.13981	0
-3.26479	1.14771	0.311497	-3.26479	1.14771	0
-2.26387	1.18064	0.342347	-2.26387	1.18064	0
-1.19229	1.22301	0.328358	-1.19229	1.22301	0
-0.222305	2.17389	0.313809	-0.222305	2.17389	0
0.89257	2.15872	0.307301	0.89257	2.15872	0
1.89484	2.21655	0.303785	1.89484	2.21655	0
2.93562	2.22829	0.311012	2.93562	2.22829	0
3.97414	2.1532	0.322889	3.97414	2.1532	0
5.06963	2.16493	0.307783	5.06963	2.16493	0
6.07107	2.255	0.318014	6.07107	2.255	0
7.10157	2.21543	0.343207	7.10157	2.21543	0
8.14663	2.1647	0.343361	8.14663	2.1647	0
9.20072	2.17535	0.326374	9.20072	2.17535	0
10.2222	2.22119	0.328047	10.2222	2.22119	0
11.2138	2.16263	0.321442	11.2138	2.16263	0
-11.4584	2.17066	0.341906	-11.4584	2.17066	0
-10.4774	2.20347	0.29797	-10.4774	2.20347	0
-9.46985	2.21077	0.314159	-9.46985	2.21077	0
-8.44791	2.21761	0.317208	-8.44791	2.21761	0
-7.42708	2.26767	0.303207	-7.42708	2.26767	0
-6.39872	2.22925	0.284923	-6.39872	2.22925	0
-5.35559	2.2025	0.293664	-5.35559	2.2025	0
-4.31696	2.16047	0.350225	-4.31696	2.16047	0
-3.31786	2.12682	0.336251	-3.31786	2.12682	0
-2.24603	2.19621	0.316452	-2.24603	2.19621	0
-1.23193	2.19937	0.322255	-1.23193	2.19937	0
-0.19525	3.16342	0.337094	-0.19525	3.16342	0
0.812727	3.22387	0.316532	0.812727	3.22387	0
1.92199	3.25119	0.313406	1.92199	3.25119	0
2.93583	3.29151	0.359248	2.93583	3.29151	0
4.03641	3.21189	0.30356	4.03641	3.21189	0
5.07087	3.21437	0.306639	5.07087	3.21437	0
6.0656	3.24538	0.297854	6.0656	3.24538	0
7.09915	3.21985	0.290522	7.09915	3.21985	0
8.1913	3.21403	0.300014	8.1913	3.21403	0
9.2196	3.1575	0.322285	9.2196	3.1575	0
10.2793	3.2506	0.339821	10.2793	3.2506	0
11.2502	3.19363	0.307659	11.2502	3.19363	0
-11.5309	3.16912	0.301665	-11.5309	3.16912	0
-10.5252	3.28778	0.325121	-10.5252	3.28778	0
-9.50019	3.28645	0.326446	-9.50019	3.28645	0
-8.49112	3.26758	0.291052	-8.49112	3.26758	0
-7.49569	3.27034	0.296388	-7.49569	3.27034	0
-6.47152	3.23559	0.307661	-6.47152	3.23559	0
-5.3957	3.25247	0.328942	-5.3957	3.25247	0
-4.39135	3.20916	0.308436	-4.39135	3.20916	0
-3.34384	3.16698	0.319859	-3.34384	3.16698	0
-2.24041	3.22605	0.310267	-2.24041	3.22605	0
-1.21822	3.24808	0.293455	-1.21822	3.24808	0
-0.0972321	4.24386	0.31693	-0.0972321	4.24386	0
0.8884	4.22779	0.338015	0.8884	4.22779	0
1.90733	4.2167	0.336058	1.90733	4.2167	0
3.03916	4.2502	0.317678	3.03916	4.2502	0
4.00172	4.17849	0.339808	4.00172	4.17849	0
5.08308	4.24278	0.305377	5.08308	4.24278	0
6.10577	4.31343	0.316542	6.10577	4.31343	0
7.16296	4.26588	0.307045	7.16296	4.26588	0
8.16705	4.19413	0.325876	8.16705	4.19413	0
9.14061	4.22516	0.316322	9.14061	4.22516	0
10.1608	4.2521	0.352962	10.1608	4.2521	0
11.2792	4.28929	0.308382	11.2792	4.28929	0
-11.5196	4.22629	0.315501	-11.5196	4.22629	0
-10.5055	4.31879	0.324695	-10.5055	4.31879	0
-9.47487	4.33203	0.311681	-9.47487	4.33203	0
-8.42982	4.27357	0.339553	-8.42982	4.27357	0
-7.46448	4.3159	0.320246	-7.46448	4.3159	0
-6.44491	4.25441	0.342291	-6.44491	4.25441	0
-5.34991	4.24392	0.328711	-5.34991	4.24392	0
-4.33761	4.26858	0.327446	-4.33761	4.26858	0
-3.27958	4.22963	0.295439	-3.27958	4.22963	0
-2.22009	4.22798	0.312417	-2.22009	4.22798	0
-1.22611	4.24268	0.32144	-1.22611	4.24268	0
-0.0782408	5.29154	0.329864	-0.0782408	5.29154	0
0.896157	5.2366	0.308306	0.896157	5.2366	0
1.99546	5.266	0.321929	1.99546	5.266	0
3.0503	5.23203	0.294411	3.0503	5.23203	0
4.01088	5.29546	0.314468	4.01088	5.29546	0
5.04453	5.28054	0.313416	5.04453	5.28054	0
6.06015	5.33484	0.344281	6.06015	5.33484	0
7.15893	5.3152	0.321217	7.15893	5.3152	0
8.20787	5.27785	0.306256	8.20787	5.27785	0
9.24402	5.30775	0.321223	9.24402	5.30775	0
10.2688	5.30993	0.298381	10.2688	5.30993	0
11.2466	5.37912	0.313333	11.2466	5.37912	0
-11.4613	5.34419	0.352701	-11.4613	5.34419	0
-10.4663	5.36741	0.30903	-10.4663	5.36741	0
-9.40677	5.37403	0.327409	-9.40677	5.37403	0
-8.36075	5.34096	0.316515	-8.36075	5.34096	0
-7.33072	5.3212	0.341189	-7.33072	5.3212	0
-6.31688	5.30222	0.296216	-6.31688	5.30222	0
-5.30741	5.3028	0.314386	-5.30741	5.3028	0
-4.23174	5.30845	0.328986	-4.23174	5.30845	0
-3.23491	5.32272	0.284004	-3.23491	5.32272	0
-2.18429	5.24798	0.322876	-2.18429	5.24798	0
-1.1081	5.24275	0.319521	-1.1081	5.24275	0
-0.0701341	6.29483	0.309404	-0.0701341	6.29483	0
0.964056	6.23718	0.323958	0.964056	6.23718	0
1.98194	6.25993	0.330026	1.98194	6.25993	0
3.02677	6.28875	0.299617	3.02677	6.28875	0
4.07261	6.36068	0.312334	4.07261	6.36068	0
5.05192	6.36793	0.315637	5.05192	6.36793	0
6.04837	6.36805	0.328228	6.04837	6.36805	0
7.14941	6.31788	0.307661	7.14941	6.31788	0
8.18716	6.25884	0.29727	8.18716	6.25884	0
9.24299	6.34655	0.335139	9.24299	6.34655	0
10.2626	6.35625	0.30226	10.2626	6.35625	0
11.298	6.40808	0.320359	11.298	6.40808	0
-11.4573	6.39631	0.30081	-11.4573	6.39631	0
-10.4194	6.41696	0.320274	-10.4194	6.41696	0
-9.37777	6.36348	0.323243	-9.37777	6.36348	0
-8.34229	6.29824	0.312938	-8.34229	6.29824	0
-7.31369	6.31937	0.317451	-7.31369	6.31937	0
-6.24682	6.36162	0.28931	-6.24682	6.36162	0
-5.238	6.29662	0.298675	-5.238	6.29662	0
-4.19644	6.30436	0.309446	-4.19644	6.30436	0
-3.16814	6.35893	0.308131	-3.16814	6.35893	0
-2.17553	6.27256	0.314375	-2.17553	6.27256	0
-1.06373	6.27411	0.315259	-1.06373	6.27411	0
-0.0617888	7.30269	0.319491	-0.0617888	7.30269	0
1.02035	7.32612	0.32615	1.02035	7.32612	0
2.05053	7.31939	0.295708	2.05053	7.31939	0
3.0404	7.34044	0.292282	3.0404	7.34044	0
4.07062	7.3542	0.310748	4.07062	7.3542	0
5.03251	7.40619	0.29647	5.03251	7.40619	0
6.09571	7.41744	0.326346	6.09571	7.41744	0
7.16317	7.34509	0.3122	7.16317	7.34509	0
8.17459	7.31038	0.301361	8.17459	7.31038	0
9.18548	7.40673	0.309991	9.18548	7.40673	0
10.2492	7.41487	0.307321	10.2492	7.41487	0
11.2946	7.44845	0.288959	11.2946	7.44845	0
-11.416	7.43909	0.321056	-11.416	7.43909	0
-10.3684	7.43027	0.283641	-10.3684	7.43027	0
-9.35119	7.43181	0.331718	-9.35119	7.43181	0
-8.28285	7.41443	0.326374	-8.28285	7.41443	0
-7.279	7.42906	0.330703	-7.279	7.42906	0
-6.18735	7.40383	0.334962	-6.18735	7.40383	0
-5.2097	7.34394	0.293172	-5.2097	7.34394	0
-4.18078	7.35156	0.318727	-4.18078	7.35156	0
-3.1625	7.32244	0.332524	-3.1625	7.32244	0
-2.12366	7.37309	0.339684	-2.12366	7.37309	0
-1.11092	7.33498	0.285	-1.11092	7.33498	0
-0.0165591	8.37164	0.308843	-0.0165591	8.37164	0
1.01263	8.38437	0.278923	1.01263	8.38437	0
2.01805	8.39096	0.335774	2.01805	8.39096	0
3.01098	8.42266	0.34126	3.01098	8.42266	0
4.03905	8.43316	0.323516	4.03905	8.43316	0
5.07057	8.43159	0.290553	5.07057	8.43159	0
6.03804	8.44008	0.294193	6.03804	8.44008	0
7.10358	8.36166	0.336092	7.10358	8.36166	0
8.14373	8.41242	0.319063	8.14373	8.41242	0
9.20592	8.40434	0.299862	9.20592	8.40434	0
10.2698	8.48	0.326772	10.2698	8.48	0
11.252	8.44617	0.297841	11.252	8.44617	0
-11.5038	8.42401	0.332877	-11.5038	8.42401	0
-10.382	8.44386	0.300506	-10.382	8.44386	0
-9.33488	8.39468	0.283543	-9.33488	8.39468	0
-8.31074	8.44314	0.309729	-8.31074	8.44314	0
-7.28004	8.46915	0.308828	-7.28004	8.46915	0
-6.26125	8.43589	0.339154	-6.26125	8.43589	0
-5.20376	8.39172	0.323802	-5.20376	8.39172	0
-4.18977	8.38255	0.321571	-4.18977	8.38255	0
-3.14328	8.43418	0.273705	-3.14328	8.43418	0
-2.13148	8.37906	0.305499	-2.13148	8.37906	0
-1.0105	8.41886	0.307571	-1.0105	8.41886	0
-0.0210338	9.42564	0.329397	-0.0210338	9.42564	0
0.987809	9.39701	0.314577	0.987809	9.39701	0
1.98557	9.45508	0.309567	1.98557	9.45508	0
3.02978	9.47538	0.32066	3.02978	9.47538	0
4.02079	9.47951	0.311648	4.02079	9.47951	0
5.06129	9.45774	0.317947	5.06129	9.45774	0
6.09789	9.43827	0.300532	6.09789	9.43827	0
7.10774	9.39685	0.343262	7.10774	9.39685	0
8.13323	9.41228	0.319883	8.13323	9.41228	0
9.19047	9.43598	0.339903	9.19047	9.43598	0
10.2287	9.47619	0.325134	10.2287	9.47619	0
11.217	9.47429	0.304725	11.217	9.47429	0
-11.5425	9.45834	0.314573	-11.5425	9.45834	0
-10.4656	9.47553	0.303129	-10.4656	9.47553	0
-9.35261	9.43705	0.320461	-9.35261	9.43705	0
-8.31472	9.45642	0.309348	-8.31472	9.45642	0
-7.26814	9.49283	0.328898	-7.26814	9.49283	0
-6.18178	9.45558	0.313028	-6.18178	9.45558	0
-5.21855	9.43156	0.311227	-5.21855	9.43156	0
-4.21574	9.3954	0.330501	-4.21574	9.3954	0
-3.14207	9.44124	0.289107	-3.14207	9.44124	0
-2.09834	9.44496	0.308237	-2.09834	9.44496	0
-1.09843	9.44429	0.315654	-1.09843	9.44429	0
-0.0793156	10.4228	0.296305	-0.0793156	10.4228	0
0.952419	10.4775	0.317677	0.952419	10.4775	0
1.96679	10.4944	0.315588	1.96679	10.4944	0
2.98851	10.5305	0.324407	2.98851	10.5305	0
4.03347	10.4955	0.326209	4.03347	10.4955	0
5.03665	10.476	0.320771	5.03665	10.476	0
6.08368	10.4928	0.330312	6.08368	10.4928	0
7.15762	10.4088	0.291783	7.15762	10.4088	0
8.14792	10.4367	0.318381	8.14792	10.4367	0
9.11901	10.4903	0.309667	9.11901	10.4903	0
10.1691	10.4915	0.323951	10.1691	10.4915	0
11.2513	10.4842	0.29118	11.2513	10.4842	0
-11.5573	10.5413	0.304741	-11.5573	10.5413	0
-10.3905	10.5096	0.328367	-10.3905	10.5096	0
-9.39778	10.4844	0.318136	-9.39778	10.4844	0
-8.39534	10.5172	0.30515	-8.39534	10.5172	0
-7.33338	10.5117	0.301938	-7.33338	10.5117	0
-6.281	10.5475	0.326231	-6.281	10.5475	0
-5.28771	10.492	0.344301	-5.28771	10.492	0
-4.20818	10.4856	0.32055	-4.20818	10.4856	0
-3.19088	10.493	0.318282	-3.19088	10.493	0
-2.17318	10.5024	0.309349	-2.17318	10.5024	0
-1.12331	10.461	0.313478	-1.12331	10.461	0
-0.122903	11.4896	0.316602	-0.122903	11.4896	0
0.951475	11.4942	0.301261	0.951475	11.4942	0
1.92124	11.5148	0.318636	1.92124	11.5148	0
3.01153	11.5259	0.324543	3.01153	11.5259	0
3.99673	11.5292	0.290654	3.99673	11.5292	0
5.05996	11.5074	0.318181	5.05996	11.5074	0
6.12236	11.5634	0.330684	6.12236	11.5634	0
7.17006	11.4434	0.297489	7.17006	11.4434	0
8.17806	11.4575	0.293479	8.17806	11.4575	0
9.19951	11.5306	0.273518	9.19951	11.5306	0
10.1829	11.5694	0.336906	10.1829	11.5694	0
11.2671	11.4897	0.342425	11.2671	11.4897	0
-11.467	11.5261	0.323854	-11.467	11.5261	0
-10.4769	11.5476	0.316525	-10.4769	11.5476	0
-9.37586	11.525	0.329773	-9.37586	11.525	0
-8.35353	11.5339	0.289414	-8.35353	11.5339	0
-7.33999	11.5547	0.299948	-7.33999	11.5547	0
-6.29848	11.5645	0.326246	-6.29848	11.5645	0
-5.25261	11.4715	0.306661	-5.25261	11.4715	0
-4.26532	11.4636	0.29886	-4.26532	11.4636	0
-3.21344	11.4941	0.321614	-3.21344	11.4941	0
-2.13416	11.5628	0.319151	-2.13416	11.5628	0
-1.11987	11.5415	0.330666	-1.11987	11.5415	0
-0.105616	-11.265	0.321198	-0.105616	-11.265	0
0.89291	-11.2945	0.298202	0.89291	-11.2945	0
1.88213	-11.2352	0.305723	1.88213	-11.2352	0
2.99564	-11.2202	0.316347	2.99564	-11.2202	0
4.02062	-11.252	0.323077	4.02062	-11.252	0
5.08106	-11.2384	0.289292	5.08106	-11.2384	0
6.09418	-11.2176	0.330754	6.09418	-11.2176	0
7.15913	-11.2866	0.313403	7.15913	-11.2866	0
8.15551	-11.2698	0.322894	8.15551	-11.2698	0
9.1851	-11.2406	0.332802	9.1851	-11.2406	0
10.2519	-11.2065	0.317001	10.2519	-11.2065	0
11.2547	-11.2169	0.330951	11.2547	-11.2169	0
-11.4287	-11.2181	0.301064	-11.4287	-11.2181	0
-10.3815	-11.2138	0.338148	-10.3815	-11.2138	0
-9.41057	-11.2505	0.322175	-9.41057	-11.2505	0
-8.37851	-11.241	0.31523	-8.37851	-11.241	0
-7.32424	-11.1919	0.306443	-7.32424	-11.1919	0
-6.29449	-11.2049	0.297385	-6.29449	-11.2049	0
-5.23212	-11.2812	0.310024	-5.23212	-11.2812	0
-4.17923	-11.275	0.315871	-4.17923	-11.275	0
-3.18409	-11.263	0.315292	-3.18409	-11.263	0
-2.11839	-11.2746	0.317912	-2.11839	-11.2746	0
-1.11877	-11.2276	0.323275	-1.11877	-11.2276	0
-0.10324	-10.1927	0.325627	-0.10324	-10.1927	0
0.851156	-10.1932	0.320963	0.851156	-10.1932	0
1.91973	-10.187	0.284166	1.91973	-10.187	0
2.89116	-10.2252	0.331897	2.89116	-10.2252	0
3.98666	-10.1895	0.280306	3.98666	-10.1895	0
5.0403	-10.2479	0.306418	5.0403	-10.2479	0
6.08864	-10.2071	0.318138	6.08864	-10.2071	0
7.08221	-10.2265	0.296604	7.08221	-10.2265	0
8.11424	-10.2443	0.307874	8.11424	-10.2443	0
9.19663	-10.203	0.325676	9.19663	-10.203	0
10.2384	-10.186	0.313312	10.2384	-10.186	0
11.2822	-10.236	0.320286	11.2822	-10.236	0
-11.417	-10.2391	0.284661	-11.417	-10.2391	0
-10.3757	-10.1716	0.321081	-10.3757	-10.1716	0
-9.37859	-10.1355	0.324695	-9.37859	-10.1355	0
-8.34496	-10.1173	0.315988	-8.34496	-10.1173	0
-7.31562	-10.1863	0.353202	-7.31562	-10.1863	0
-6.25338	-10.1513	0.314925	-6.25338	-10.1513	0
-5.30454	-10.2488	0.319835	-5.30454	-10.2488	0
-4.27123	-10.2962	0.323557	-4.27123	-10.2962	0
-3.25618	-10.1675	0.344843	-3.25618	-10.1675	0
-2.20363	-10.225	0.306575	-2.20363	-10.225	0
-1.17606	-10.1831	0.299416	-1.17606	-10.1831	0
-0.17339	-9.19849	0.317007	-0.17339	-9.19849	0
0.92453	-9.15382	0.328481	0.92453	-9.15382	0
1.98104	-9.16952	0.320776	1.98104	-9.16952	0
2.98774	-9.13698	0.306929	2.98774	-9.13698	0
4.03348	-9.1382	0.302984	4.03348	-9.1382	0
5.12888	-9.19507	0.344574	5.12888	-9.19507	0
6.12809	-9.12793	0.331721	6.12809	-9.12793	0
7.1357	-9.18355	0.313031	7.1357	-9.18355	0
8.11474	-9.1869	0.338968	8.11474	-9.1869	0
9.23366	-9.18402	0.314545	9.23366	-9.18402	0
10.2919	-9.16356	0.308657	10.2919	-9.16356	0
11.3123	-9.17003	0.305719	11.3123	-9.17003	0
-11.4083	-9.24378	0.305145	-11.4083	-9.24378	0
-10.3897	-9.11969	0.332229	-10.3897	-9.11969	0
-9.3449	-9.11801	0.327943	-9.3449	-9.11801	0
-8.33883	-9.08069	0.300428	-8.33883	-9.08069	0
-7.29917	-9.12775	0.279845	-7.29917	-9.12775	0
-6.28856	-9.14365	0.299969	-6.28856	-9.14365	0
-5.28139	-9.1591	0.316292	-5.28139	-9.1591	0
-4.25575	-9.27331	0.312786	-4.25575	-9.27331	0
-3.22782	-9.21231	0.309994	-3.22782	-9.21231	0
-2.21567	-9.16976	0.331584	-2.21567	-9.16976	0
-1.23274	-9.14998	0.31655	-1.23274	-9.14998	0
-0.158801	-8.15368	0.322379	-0.158801	-8.15368	0
0.923825	-8.13742	0.328918	0.923825	-8.13742	0
1.93042	-8.07709	0.337614	1.93042	-8.07709	0
2.94771	-8.10897	0.291903	2.94771	-8.10897	0
4.03239	-8.09898	0.299319	4.03239	-8.09898	0
5.04331	-8.05221	0.322291	5.04331	-8.05221	0
6.0697	-8.13498	0.307563	6.0697	-8.13498	0
7.15191	-8.14612	0.323987	7.15191	-8.14612	0
8.19097	-8.18415	0.31672	8.19097	-8.18415	0
9.24021	-8.15135	0.307219	9.24021	-8.15135	0
10.2733	-8.18107	0.308751	10.2733	-8.18107	0
11.3086	-8.14817	0.310255	11.3086	-8.14817	0
-11.466	-8.19177	0.342073	-11.466	-8.19177	0
-10.3831	-8.05481	0.343686	-10.3831	-8.05481	0
-9.45782	-8.07849	0.300567	-9.45782	-8.07849	0
-8.34173	-8.11186	0.320801	-8.34173	-8.11186	0
-7.28648	-8.08968	0.315434	-7.28648	-8.08968	0
-6.28794	-8.1198	0.317848	-6.28794	-8.1198	0
-5.32391	-8.12064	0.324713	-5.32391	-8.12064	0
-4.25028	-8.22277	0.325428	-4.25028	-8.22277	0
-3.24517	-8.15265	0.286902	-3.24517	-8.15265	0
-2.25735	-8.1058	0.319573	-2.25735	-8.1058	0
-1.18848	-8.10501	0.308496	-1.18848	-8.10501	0
-0.174883	-7.10508	0.323332	-0.174883	-7.10508	0
0.848946	-7.14651	0.339007	0.848946	-7.14651	0
1.9079	-7.10611	0.330291	1.9079	-7.10611	0
2.95035	-7.07435	0.326619	2.95035	-7.07435	0
3.98272	-7.05899	0.319265	3.98272	-7.05899	0
5.01281	-7.0381	0.298127	5.01281	-7.0381	0
6.06792	-7.09179	0.309957	6.06792	-7.09179	0
7.13275	-7.08632	0.323276	7.13275	-7.08632	0
8.21505	-7.12639	0.283673	8.21505	-7.12639	0
9.28372	-7.10203	0.336664	9.28372	-7.10203	0
10.2914	-7.14555	0.309182	10.2914	-7.14555	0
11.3053	-7.12524	0.343576	11.3053	-7.12524	0
-11.4025	-7.13523	0.331831	-11.4025	-7.13523	0
-10.4482	-7.08433	0.321432	-10.4482	-7.08433	0
-9.37894	-7.03283	0.331323	-9.37894	-7.03283	0
-8.34273	-7.12557	0.329269	-8.34273	-7.12557	0
-7.33525	-7.09898	0.313577	-7.33525	-7.09898	0
-6.31727	-7.10663	0.332015	-6.31727	-7.10663	0
-5.27821	-7.07827	0.314385	-5.27821	-7.07827	0
-4.2168	-7.1382	0.322518	-4.2168	-7.1382	0
-3.20497	-7.06679	0.294569	-3.20497	-7.06679	0
-2.23139	-7.10317	0.320622	-2.23139	-7.10317	0
-1.27354	-7.13504	0.334297	-1.27354	-7.13504	0
-0.14061	-6.0173	0.312856	-0.14061	-6.0173	0
0.869058	-6.18284	0.31133	0.869058	-6.18284	0
1.84261	-6.05816	0.325883	1.84261	-6.05816	0
2.93321	-6.03221	0.328218	2.93321	-6.03221	0
3.98573	-6.04301	0.303615	3.98573	-6.04301	0
5.03422	-6.06136	0.338408	5.03422	-6.06136	0
6.08383	-6.10613	0.316617	6.08383	-6.10613	0
7.14996	-6.07384	0.308481	7.14996	-6.07384	0
8.24928	-6.06571	0.33733	8.24928	-6.06571	0
9.28821	-6.1283	0.317271	9.28821	-6.1283	0
10.2945	-6.12472	0.330406	10.2945	-6.12472	0
11.3417	-6.08057	0.329658	11.3417	-6.08057	0
-11.4616	-6.10841	0.307669	-11.4616	-6.10841	0
-10.461	-6.08237	0.327634	-10.461	-6.08237	0
-9.41646	-6.05293	0.317447	-9.41646	-6.05293	0
-8.32253	-6.13286	0.322544	-8.32253	-6.13286	0
-7.31729	-6.09136	0.295519	-7.31729	-6.09136	0
-6.30338	-6.07994	0.32125	-6.30338	-6.07994	0
-5.28843	-6.07504	0.31697	-5.28843	-6.07504	0
-4.24023	-6.04279	0.277657	-4.24023	-6.04279	0
-3.24594	-6.06023	0.323067	-3.24594	-6.06023	0
-2.18108	-6.0343	0.340704	-2.18108	-6.0343	0
-1.19889	-6.07808	0.342128	-1.19889	-6.07808	0
-0.0737546	-4.99991	0.320175	-0.0737546	-4.99991	0
0.924838	-5.06091	0.316836	0.924838	-5.06091	0
1.93383	-4.99162	0.316667	1.93383	-4.99162	0
2.94905	-4.98568	0.328853	2.94905	-4.98568	0
4.05679	-5.02474	0.304461	4.05679	-5.02474	0
5.07208	-5.06413	0.294681	5.07208	-5.06413	0
6.10834	-5.06525	0.322188	6.10834	-5.06525	0
7.19589	-5.04283	0.307325	7.19589	-5.04283	0
8.21916	-5.00465	0.310177	8.21916	-5.00465	0
9.24588	-5.03566	0.323049	9.24588	-5.03566	0
10.2419	-5.08761	0.296231	10.2419	-5.08761	0
11.3089	-5.06214	0.336795	11.3089	-5.06214	0
-11.4441	-5.05064	0.325769	-11.4441	-5.05064	0
-10.469	-5.04489	0.311655	-10.469	-5.04489	0
-9.40756	-5.02878	0.332345	-9.40756	-5.02878	0
-8.39772	-5.07901	0.309532	-8.39772	-5.07901	0
-7.38242	-5.05048	0.334605	-7.38242	-5.05048	0
-6.33917	-4.98181	0.307934	-6.33917	-4.98181	0
-5.30075	-5.03779	0.320663	-5.30075	-5.03779	0
-4.29815	-5.03737	0.318973	-4.29815	-5.03737	0
-3.26171	-5.03639	0.328363	-3.26171	-5.03639	0
-2.15669	-5.06116	0.321257	-2.15669	-5.06116	0
-1.10199	-5.08275	0.308428	-1.10199	-5.08275	0
-0.166401	-4.02488	0.337269	-0.166401	-4.02488	0
0.886726	-4.00054	0.32018	0.886726	-4.00054	0
1.94111	-3.97506	0.32976	1.94111	-3.97506	0
2.98917	-3.93683	0.337487	2.98917	-3.93683	0
4.04247	-4.04843	0.329223	4.04247	-4.04843	0
5.06946	-4.02711	0.315836	5.06946	-4.02711	0
6.17623	-4.04236	0.322497	6.17623	-4.04236	0
7.12084	-3.97716	0.332063	7.12084	-3.97716	0
8.17385	-4.0042	0.327027	8.17385	-4.0042	0
9.2271	-3.94688	0.31519	9.2271	-3.94688	0
10.2162	-4.02256	0.289822	10.2162	-4.02256	0
11.2473	-4.01797	0.318793	11.2473	-4.01797	0
-11.5518	-3.97944	0.336295	-11.5518	-3.97944	0
-10.5124	-4.02002	0.299938	-10.5124	-4.02002	0
-9.43676	-4.00703	0.300865	-9.43676	-4.00703	0
-8.40825	-4.05501	0.302618	-8.40825	-4.05501	0
-7.40889	-4.00026	0.314848	-7.40889	-4.00026	0
-6.39317	-3.95821	0.300833	-6.39317	-3.95821	0
-5.34599	-3.93671	0.31548	-5.34599	-3.93671	0
-4.24494	-3.97414	0.31198	-4.24494	-3.97414	0
-3.21466	-3.96657	0.348245	-3.21466	-3.96657	0
-2.18707	-4.0113	0.330745	-2.18707	-4.0113	0
-1.17873	-4.04317	0.307537	-1.17873	-4.04317	0
-0.17793	-2.99575	0.344233	-0.17793	-2.99575	0
0.852473	-2.98111	0.316466	0.852473	-2.98111	0
1.87771	-3.01239	0.320027	1.87771	-3.01239	0
2.92305	-2.91513	0.310917	2.92305	-2.91513	0
3.95815	-3.01073	0.339058	3.95815	-3.01073	0
5.04652	-3.03424	0.317635	5.04652	-3.03424	0
6.05809	-3.0347	0.291247	6.05809	-3.0347	0
7.1095	-2.92538	0.330826	7.1095	-2.92538	0
8.11477	-2.97807	0.313603	8.11477	-2.97807	0
9.1506	-2.93766	0.337626	9.1506	-2.93766	0
10.2194	-3.02008	0.336382	10.2194	-3.02008	0
11.3263	-2.97491	0.316738	11.3263	-2.97491	0
-11.5172	-3.00335	0.312728	-11.5172	-3.00335	0
-10.4882	-3.028	0.326447	-10.4882	-3.028	0
-9.43439	-2.98365	0.304027	-9.43439	-2.98365	0
-8.42869	-2.94721	0.327842	-8.42869	-2.94721	0
-7.38136	-2.98623	0.303805	-7.38136	-2.98623	0
-6.34029	-2.95602	0.330336	-6.34029	-2.95602	0
-5.32731	-2.98328	0.323925	-5.32731	-2.98328	0
-4.29076	-2.96459	0.312083	-4.29076	-2.96459	0
-3.25311	-2.9401	0.341226	-3.25311	-2.9401	0
-2.22776	-2.99183	0.327153	-2.22776	-2.99183	0
-1.1393	-2.9944	0.351897	-1.1393	-2.9944	0
-0.147708	-1.95221	0.346311	-0.147708	-1.95221	0
0.860105	-1.9677	0.294287	0.860105	-1.9677	0
1.95554	-2.00402	0.320953	1.95554	-2.00402	0
2.99433	-1.93178	0.350657	2.99433	-1.93178	0
3.96153	-1.98573	0.288143	3.96153	-1.98573	0
4.98906	-1.96968	0.323963	4.98906	-1.96968	0
6.03193	-1.97279	0.324316	6.03193	-1.97279	0
7.06791	-1.93653	0.339526	7.06791	-1.93653	0
8.19089	-1.92761	0.288853	8.19089	-1.92761	0
9.21045	-1.9086	0.307161	9.21045	-1.9086	0
10.2475	-1.94378	0.277645	10.2475	-1.94378	0
11.2699	-1.97045	0.31626	11.2699	-1.97045	0
-11.5067	-1.94055	0.314097	-11.5067	-1.94055	0
-10.4717	-1.98204	0.316643	-10.4717	-1.98204	0
-9.46697	-2.00738	0.332506	-9.46697	-2.00738	0
-8.42755	-1.96827	0.302994	-8.42755	-1.96827	0
-7.37968	-1.91643	0.325776	-7.37968	-1.91643	0
-6.35045	-1.89777	0.299378	-6.35045	-1.89777	0
-5.27633	-1.91922	0.296686	-5.27633	-1.91922	0
-4.25395	-1.92294	0.336011	-4.25395	-1.92294	0
-3.20308	-1.93577	0.287694	-3.20308	-1.93577	0
-2.16915	-1.98367	0.340328	-2.16915	-1.98367	0
-1.17116	-1.98642	0.322322	-1.17116	-1.98642	0
-0.106223	-0.949318	0.326062	-0.106223	-0.949318	0
0.867484	-0.891845	0.294346	0.867484	-0.891845	0
1.93319	-0.95248	0.337964	1.93319	-0.95248	0
3.06126	-0.950459	0.31319	3.06126	-0.950459	0
4.03836	-0.916537	0.301601	4.03836	-0.916537	0
5.04742	-0.945547	0.304064	5.04742	-0.945547	0
6.07978	-0.916925	0.320034	6.07978	-0.916925	0
7.09606	-0.917552	0.34313	7.09606	-0.917552	0
8.1191	-0.928445	0.321982	8.1191	-0.928445	0
9.15985	-0.924348	0.328798	9.15985	-0.924348	0
10.1744	-0.979913	0.318479	10.1744	-0.979913	0
11.2247	-0.923999	0.343422	11.2247	-0.923999	0
-11.5101	-0.928467	0.307221	-11.5101	-0.928467	0
-10.4954	-0.932893	0.298075	-10.4954	-0.932893	0
-9.48512	-0.950061	0.343117	-9.48512	-0.950061	0
-8.47487	-0.964997	0.322461	-8.47487	-0.964997	0
-7.47321	-0.849231	0.311637	-7.47321	-0.849231	0
-6.41786	-0.885625	0.306243	-6.41786	-0.885625	0
-5.35527	-0.884991	0.313205	-5.35527	-0.884991	0
-4.27293	-0.904048	0.302213	-4.27293	-0.904048	0
-3.24088	-0.919657	0.327193	-3.24088	-0.919657	0
-2.14553	-0.952209	0.332481	-2.14553	-0.952209	0
-1.12939	-0.924677	0.291271	-1.12939	-0.924677	0
