-0.756544	-0.380658	-0.324382	-0.756544	-0.380658	0
0.204688	-0.366017	-0.310951	0.204688	-0.366017	0
1.27762	-0.452392	-0.329668	1.27762	-0.452392	0
2.32315	-0.468239	-0.324045	2.32315	-0.468239	0
3.34973	-0.430331	-0.314681	3.34973	-0.430331	0
4.35655	-0.403354	-0.303392	4.35655	-0.403354	0
5.41086	-0.377607	-0.325165	5.41086	-0.377607	0
6.49438	-0.461341	-0.342913	6.49438	-0.461341	0
7.52363	-0.510271	-0.318224	7.52363	-0.510271	0
8.53366	-0.447022	-0.359791	8.53366	-0.447022	0
9.54912	-0.447846	-0.318826	9.54912	-0.447846	0
10.5648	-0.420686	-0.341882	10.5648	-0.420686	0
11.648	-0.423208	-0.335309	11.648	-0.423208	0
-11.1018	-0.466549	-0.306314	-11.1018	-0.466549	0
-10.0885	-0.457887	-0.321392	-10.0885	-0.457887	0
-9.10364	-0.498222	-0.340808	-9.10364	-0.498222	0
-8.00231	-0.446961	-0.341167	-8.00231	-0.446961	0
-7.00388	-0.455528	-0.300647	-7.00388	-0.455528	0
-5.93808	-0.382752	-0.305263	-5.93808	-0.382752	0
-4.9335	-0.398111	-0.311341	-4.9335	-0.398111	0
-3.90574	-0.345362	-0.338951	-3.90574	-0.345362	0
-2.86776	-0.387394	-0.322124	-2.86776	-0.387394	0
-1.83393	-0.397123	-0.345643	-1.83393	-0.397123	0
-0.739792	0.601607	-0.333187	-0.739792	0.601607	0
0.258848	0.633845	-0.314616	0.258848	0.633845	0
1.31369	0.572666	-0.327338	1.31369	0.572666	0
2.30875	0.54921	-0.321961	2.30875	0.54921	0
3.37879	0.58049	-0.334503	3.37879	0.58049	0
4.46679	0.600095	-0.301095	4.46679	0.600095	0
5.45776	0.600435	-0.318967	5.45776	0.600435	0
6.47721	0.539194	-0.333424	6.47721	0.539194	0
7.48927	0.571901	-0.279874	7.48927	0.571901	0
8.53885	0.686245	-0.305817	8.53885	0.686245	0
9.56377	0.600943	-0.336328	9.56377	0.600943	0
10.5382	0.599039	-0.292436	10.5382	0.599039	0
11.6122	0.62504	-0.334287	11.6122	0.62504	0
-11.1373	0.582274	-0.339891	-11.1373	0.582274	0
-10.0833	0.609481	-0.307352	-10.0833	0.609481	0
-9.08671	0.583688	-0.318498	-9.08671	0.583688	0
-8.03345	0.591488	-0.325426	-8.03345	0.591488	0
-7.04055	0.603095	-0.333395	-7.04055	0.603095	0
-5.98221	0.673311	-0.300645	-5.98221	0.673311	0
-4.93099	0.613563	-0.313386	-4.93099	0.613563	0
-3.9052	0.675968	-0.326853	-3.9052	0.675968	0
-2.85414	0.648675	-0.308572	-2.85414	0.648675	0
-1.80975	0.585015	-0.313283	-1.80975	0.585015	0
-0.746704	1.67127	-0.315278	-0.746704	1.67127	0
0.265633	1.63363	-0.302815	0.265633	1.63363	0
1.29499	1.68878	-0.306053	1.29499	1.68878	0
2.35722	1.66514	-0.284402	2.35722	1.66514	0
3.33881	1.65644	-0.306618	3.33881	1.65644	0
4.36907	1.60829	-0.282351	4.36907	1.60829	0
5.45473	1.65158	-0.342288	5.45473	1.65158	0
6.44445	1.56894	-0.347625	6.44445	1.56894	0
7.50867	1.55178	-0.31885	7.50867	1.55178	0
8.53514	1.61166	-0.335499	8.53514	1.61166	0
9.56822	1.64152	-0.314723	9.56822	1.64152	0
10.5826	1.66725	-0.284586	10.5826	1.66725	0
11.5396	1.59612	-0.322349	11.5396	1.59612	0
-11.1716	1.60895	-0.329113	-11.1716	1.60895	0
-10.0946	1.63274	-0.294942	-10.0946	1.63274	0
-9.02396	1.61554	-0.273826	-9.02396	1.61554	0
-8.00604	1.63452	-0.301206	-8.00604	1.63452	0
-6.99258	1.68187	-0.318278	-6.99258	1.68187	0
-5.99746	1.66036	-0.30789	-5.99746	1.66036	0
-4.93443	1.6856	-0.309708	-4.93443	1.6856	0
-3.87776	1.72124	-0.319406	-3.87776	1.72124	0
-2.8589	1.68539	-0.323699	-2.8589	1.68539	0
-1.8257	1.67726	-0.303293	-1.8257	1.67726	0
-0.697235	2.72698	-0.304974	-0.697235	2.72698	0
0.274994	2.65926	-0.327754	0.274994	2.65926	0
1.35843	2.71179	-0.319195	1.35843	2.71179	0
2.3808	2.71599	-0.286447	2.3808	2.71599	0
3.34139	2.75717	-0.307759	3.34139	2.75717	0
4.43513	2.68023	-0.334808	4.43513	2.68023	0
5.40633	2.7112	-0.303314	5.40633	2.7112	0
6.44252	2.61246	-0.328576	6.44252	2.61246	0
7.47654	2.58949	-0.302822	7.47654	2.58949	0
8.53622	2.60916	-0.297132	8.53622	2.60916	0
9.58833	2.6796	-0.320544	9.58833	2.6796	0
10.6132	2.7025	-0.333124	10.6132	2.7025	0
11.6185	2.68965	-0.298308	11.6185	2.68965	0
-11.1479	2.69495	-0.322204	-11.1479	2.69495	0
-10.1231	2.68838	-0.330883	-10.1231	2.68838	0
-9.06865	2.64918	-0.316807	-9.06865	2.64918	0
-8.06615	2.68663	-0.319896	-8.06615	2.68663	0
-7.00467	2.71326	-0.30508	-7.00467	2.71326	0
-5.91931	2.65698	-0.313877	-5.91931	2.65698	0
-4.89594	2.71207	-0.325735	-4.89594	2.71207	0
-3.88492	2.77159	-0.323511	-3.88492	2.77159	0
-2.84535	2.68542	-0.313772	-2.84535	2.68542	0
-1.85145	2.75388	-0.328292	-1.85145	2.75388	0
-0.745251	3.72025	-0.351852	-0.745251	3.72025	0
0.288901	3.72653	-0.353266	0.288901	3.72653	0
1.34652	3.77119	-0.297354	1.34652	3.77119	0
2.35767	3.75151	-0.319474	2.35767	3.75151	0
3.44004	3.74307	-0.332206	3.44004	3.74307	0
4.46197	3.72524	-0.329288	4.46197	3.72524	0
5.47048	3.69423	-0.323462	5.47048	3.69423	0
6.46557	3.70257	-0.297688	6.46557	3.70257	0
7.48413	3.68417	-0.29849	7.48413	3.68417	0
8.44936	3.58921	-0.317882	8.44936	3.58921	0
9.51247	3.65011	-0.318545	9.51247	3.65011	0
10.5504	3.75483	-0.311486	10.5504	3.75483	0
11.597	3.71383	-0.282956	11.597	3.71383	0
-11.2046	3.71365	-0.313156	-11.2046	3.71365	0
-10.2171	3.70663	-0.329372	-10.2171	3.70663	0
-9.11285	3.68421	-0.320695	-9.11285	3.68421	0
-8.04703	3.69618	-0.291978	-8.04703	3.69618	0
-7.0147	3.75974	-0.331279	-7.0147	3.75974	0
-5.94572	3.71926	-0.319014	-5.94572	3.71926	0
-4.84741	3.744	-0.319419	-4.84741	3.744	0
-3.87149	3.78484	-0.301128	-3.87149	3.78484	0
-2.78909	3.74444	-0.313585	-2.78909	3.74444	0
-1.74286	3.73787	-0.309907	-1.74286	3.73787	0
-0.746543	4.7673	-0.290258	-0.746543	4.7673	0
0.350682	4.75047	-0.345215	0.350682	4.75047	0
1.30965	4.76941	-0.316241	1.30965	4.76941	0
2.34222	4.77024	-0.298201	2.34222	4.77024	0
3.32558	4.82277	-0.329999	3.32558	4.82277	0
4.38366	4.74822	-0.332615	4.38366	4.74822	0
5.42756	4.75235	-0.333139	5.42756	4.75235	0
6.48327	4.7013	-0.304671	6.48327	4.7013	0
7.49766	4.68716	-0.298604	7.49766	4.68716	0
8.54773	4.63168	-0.28806	8.54773	4.63168	0
9.53485	4.71492	-0.304281	9.53485	4.71492	0
10.5917	4.78914	-0.325224	10.5917	4.78914	0
11.5527	4.77152	-0.306337	11.5527	4.77152	0
-11.1789	4.74701	-0.327156	-11.1789	4.74701	0
-10.1552	4.72015	-0.301518	-10.1552	4.72015	0
-9.14117	4.73373	-0.313338	-9.14117	4.73373	0
-8.10116	4.76488	-0.30642	-8.10116	4.76488	0
-6.96682	4.74361	-0.335323	-6.96682	4.74361	0
-5.95676	4.73978	-0.318462	-5.95676	4.73978	0
-4.89041	4.76855	-0.345692	-4.89041	4.76855	0
-3.83753	4.78286	-0.33485	-3.83753	4.78286	0
-2.80256	4.79369	-0.323305	-2.80256	4.79369	0
-1.77652	4.83927	-0.326984	-1.77652	4.83927	0
-0.743356	5.81357	-0.317361	-0.743356	5.81357	0
0.249523	5.78392	-0.329756	0.249523	5.78392	0
1.27936	5.80957	-0.309031	1.27936	5.80957	0
2.37362	5.83616	-0.312719	2.37362	5.83616	0
3.35851	5.8051	-0.334727	3.35851	5.8051	0
4.40895	5.75949	-0.32637	4.40895	5.75949	0
5.46911	5.7807	-0.318001	5.46911	5.7807	0
6.46552	5.74836	-0.348507	6.46552	5.74836	0
7.4669	5.67872	-0.334502	7.4669	5.67872	0
8.45528	5.69617	-0.294768	8.45528	5.69617	0
9.52133	5.76414	-0.30596	9.52133	5.76414	0
10.5142	5.81552	-0.315855	10.5142	5.81552	0
11.5718	5.76724	-0.294457	11.5718	5.76724	0
-11.207	5.80142	-0.314407	-11.207	5.80142	0
-10.1561	5.77327	-0.330637	-10.1561	5.77327	0
-9.12759	5.75032	-0.326539	-9.12759	5.75032	0
-8.01694	5.79808	-0.32336	-8.01694	5.79808	0
-7.01822	5.78767	-0.315645	-7.01822	5.78767	0
-6.00595	5.799	-0.29659	-6.00595	5.799	0
-4.93793	5.78133	-0.319562	-4.93793	5.78133	0
-3.89529	5.80534	-0.313431	-3.89529	5.80534	0
-2.81129	5.7741	-0.32928	-2.81129	5.7741	0
-1.7954	5.82249	-0.301915	-1.7954	5.82249	0
-0.800613	6.81983	-0.282937	-0.800613	6.81983	0
0.206605	6.87603	-0.318852	0.206605	6.87603	0
1.26276	6.81584	-0.285159	1.26276	6.81584	0
2.3072	6.86494	-0.324461	2.3072	6.86494	0
3.33957	6.86271	-0.308585	3.33957	6.86271	0
4.36848	6.76989	-0.31544	4.36848	6.76989	0
5.44014	6.83314	-0.304378	5.44014	6.83314	0
6.42125	6.7833	-0.298959	6.42125	6.7833	0
7.50151	6.74334	-0.322159	7.50151	6.74334	0
8.48536	6.78324	-0.327172	8.48536	6.78324	0
9.4995	6.78957	-0.323589	9.4995	6.78957	0
10.5145	6.77854	-0.322587	10.5145	6.77854	0
11.5924	6.74935	-0.332613	11.5924	6.74935	0
-11.2014	6.82407	-0.30844	-11.2014	6.82407	0
-10.1388	6.83807	-0.314839	-10.1388	6.83807	0
-9.1444	6.7373	-0.337266	-9.1444	6.7373	0
-8.10206	6.75955	-0.314948	-8.10206	6.75955	0
-7.0127	6.81272	-0.325678	-7.0127	6.81272	0
-6.0003	6.80694	-0.320877	-6.0003	6.80694	0
-4.94777	6.78046	-0.335652	-4.94777	6.78046	0
-3.87007	6.86459	-0.295384	-3.87007	6.86459	0
-2.88393	6.8082	-0.318409	-2.88393	6.8082	0
-1.846	6.86143	-0.312917	-1.846	6.86143	0
-0.792826	7.85763	-0.323479	-0.792826	7.85763	0
0.186376	7.87835	-0.318186	0.186376	7.87835	0
1.23185	7.8295	-0.313844	1.23185	7.8295	0
2.25884	7.92791	-0.295979	2.25884	7.92791	0
3.31414	7.87485	-0.317035	3.31414	7.87485	0
4.338	7.79716	-0.311195	4.338	7.79716	0
5.38139	7.8673	-0.319173	5.38139	7.8673	0
6.40128	7.79472	-0.316535	6.40128	7.79472	0
7.41137	7.79526	-0.312384	7.41137	7.79526	0
8.51404	7.8064	-0.321137	8.51404	7.8064	0
9.54575	7.82858	-0.319571	9.54575	7.82858	0
10.6217	7.81156	-0.32606	10.6217	7.81156	0
11.6214	7.83775	-0.322498	11.6214	7.83775	0
-11.1621	7.79211	-0.330517	-11.1621	7.79211	0
-10.1394	7.86429	-0.319854	-10.1394	7.86429	0
-9.10806	7.80335	-0.314154	-9.10806	7.80335	0
-8.07302	7.82705	-0.294858	-8.07302	7.82705	0
-7.07131	7.80387	-0.310012	-7.07131	7.80387	0
-6.00518	7.8151	-0.337109	-6.00518	7.8151	0
-4.87267	7.79483	-0.32281	-4.87267	7.79483	0
-3.89827	7.87066	-0.317892	-3.89827	7.87066	0
-2.86843	7.87516	-0.327018	-2.86843	7.87516	0
-1.82798	7.87562	-0.313734	-1.82798	7.87562	0
-0.866913	8.83582	-0.302615	-0.866913	8.83582	0
0.161529	8.90024	-0.320879	0.161529	8.90024	0
1.2323	8.88922	-0.30252	1.2323	8.88922	0
2.28086	9.00742	-0.312144	2.28086	9.00742	0
3.32379	8.84564	-0.312541	3.32379	8.84564	0
4.31943	8.87345	-0.305125	4.31943	8.87345	0
5.32271	8.87906	-0.329295	5.32271	8.87906	0
6.45167	8.89761	-0.318608	6.45167	8.89761	0
7.43789	8.82192	-0.329043	7.43789	8.82192	0
8.49586	8.80739	-0.299614	8.49586	8.80739	0
9.52717	8.84515	-0.299451	9.52717	8.84515	0
10.5688	8.81345	-0.287121	10.5688	8.81345	0
11.6254	8.91785	-0.318716	11.6254	8.91785	0
-11.1341	8.8444	-0.291486	-11.1341	8.8444	0
-10.1299	8.854	-0.305631	-10.1299	8.854	0
-9.07397	8.84866	-0.309752	-9.07397	8.84866	0
-8.04058	8.81582	-0.294838	-8.04058	8.81582	0
-7.01543	8.78834	-0.342786	-7.01543	8.78834	0
-6.01105	8.88174	-0.33631	-6.01105	8.88174	0
-5.00479	8.87434	-0.322816	-5.00479	8.87434	0
-3.92957	8.95099	-0.319456	-3.92957	8.95099	0
-2.90243	8.89163	-0.319924	-2.90243	8.89163	0
-1.81767	8.89513	-0.338106	-1.81767	8.89513	0
-0.789513	9.8495	-0.322467	-0.789513	9.8495	0
0.218535	9.90356	-0.334862	0.218535	9.90356	0
1.19836	9.8728	-0.316318	1.19836	9.8728	0
2.27253	9.96631	-0.31856	2.27253	9.96631	0
3.32938	9.95608	-0.302269	3.32938	9.95608	0
4.41272	9.84657	-0.322116	4.41272	9.84657	0
5.4005	9.9008	-0.334396	5.4005	9.9008	0
6.45213	9.8665	-0.313596	6.45213	9.8665	0
7.47928	9.86287	-0.339778	7.47928	9.86287	0
8.51797	9.89908	-0.333751	8.51797	9.89908	0
9.59504	9.8796	-0.30212	9.59504	9.8796	0
10.5649	9.90344	-0.341365	10.5649	9.90344	0
11.6261	9.92035	-0.313664	11.6261	9.92035	0
-11.1459	9.90518	-0.322991	-11.1459	9.90518	0
-10.0522	9.90823	-0.295754	-10.0522	9.90823	0
-9.04385	9.91806	-0.317719	-9.04385	9.91806	0
-8.079	9.85802	-0.302734	-8.079	9.85802	0
-7.04148	9.92394	-0.302906	-7.04148	9.92394	0
-6.0331	9.91415	-0.321404	-6.0331	9.91415	0
-4.95049	9.88629	-0.308567	-4.95049	9.88629	0
-3.91013	9.93962	-0.305335	-3.91013	9.93962	0
-2.8856	9.94448	-0.330182	-2.8856	9.94448	0
-1.87745	10.0154	-0.321791	-1.87745	10.0154	0
-0.756495	10.9167	-0.320609	-0.756495	10.9167	0
0.214561	10.9501	-0.314692	0.214561	10.9501	0
1.28693	10.9207	-0.305614	1.28693	10.9207	0
2.32626	10.8972	-0.313443	2.32626	10.8972	0
3.37885	10.9456	-0.319836	3.37885	10.9456	0
4.38176	10.918	-0.336359	4.38176	10.918	0
5.4452	10.9322	-0.311707	5.4452	10.9322	0
6.50518	10.9075	-0.300806	6.50518	10.9075	0
7.48207	10.9276	-0.308079	7.48207	10.9276	0
8.46226	10.9296	-0.319402	8.46226	10.9296	0
9.54953	10.925	-0.326383	9.54953	10.925	0
10.5783	10.966	-0.305215	10.5783	10.966	0
11.5964	10.963	-0.320006	11.5964	10.963	0
-11.0776	10.9285	-0.311025	-11.0776	10.9285	0
-10.1053	10.9793	-0.308517	-10.1053	10.9793	0
-9.12093	10.9693	-0.341733	-9.12093	10.9693	0
-8.08517	10.9531	-0.312589	-8.08517	10.9531	0
-6.99251	10.9009	-0.289788	-6.99251	10.9009	0
-5.97375	10.9183	-0.325181	-5.97375	10.9183	0
-4.92199	10.9067	-0.321509	-4.92199	10.9067	0
-3.88558	10.9842	-0.324003	-3.88558	10.9842	0
-2.84397	11.006	-0.299113	-2.84397	11.006	0
-1.8422	10.9674	-0.297485	-1.8422	10.9674	0
-0.833607	-11.8525	-0.310486	-0.833607	-11.8525	0
0.196586	-11.8419	-0.320531	0.196586	-11.8419	0
1.22778	-11.8187	-0.314803	1.22778	-11.8187	0
2.28956	-11.783	-0.314822	2.28956	-11.783	0
3.3534	-11.8261	-0.269601	3.3534	-11.8261	0
4.40373	-11.8568	-0.272669	4.40373	-11.8568	0
5.42336	-11.8625	-0.331915	5.42336	-11.8625	0
6.47596	-11.8617	-0.307789	6.47596	-11.8617	0
7.49816	-11.8505	-0.337099	7.49816	-11.8505	0
8.54424	11.934	-0.291357	8.54424	-11.8521	0
9.50054	-11.8016	-0.335229	9.50054	-11.8016	0
10.5496	-11.7722	-0.311959	10.5496	-11.7722	0
11.6531	-11.8162	-0.312609	11.6531	-11.8162	0
-11.1041	-11.8566	-0.323066	-11.1041	-11.8566	0
-10.0542	-11.758	-0.319515	-10.0542	-11.758	0
-9.06357	-11.8047	-0.328072	-9.06357	-11.8047	0
-8.03207	-11.7729	-0.305799	-8.03207	-11.7729	0
-6.99651	-11.8113	-0.29128	-6.99651	-11.8113	0
-6.00156	-11.7503	-0.318888	-6.00156	-11.7503	0
-4.91391	-11.7796	-0.318572	-4.91391	-11.7796	0
-3.91109	-11.7432	-0.362166	-3.91109	-11.7432	0
-2.90048	-11.787	-0.335764	-2.90048	-11.787	0
-1.88599	-11.7877	-0.313042	-1.88599	-11.7877	0
-0.772197	-10.7781	-0.316383	-0.772197	-10.7781	0
0.197535	-10.7344	-0.304171	0.197535	-10.7344	0
1.21852	-10.8004	-0.335521	1.21852	-10.8004	0
2.28134	-10.8409	-0.321776	2.28134	-10.8409	0
3.3243	-10.8542	-0.306441	3.3243	-10.8542	0
4.3363	-10.8456	-0.330038	4.3363	-10.8456	0
5.40075	-10.797	-0.322339	5.40075	-10.797	0
6.45857	-10.7619	-0.320265	6.45857	-10.7619	0
7.45699	-10.8478	-0.302373	7.45699	-10.8478	0
8.49509	-10.8217	-0.294036	8.49509	-10.8217	0
9.55697	-10.776	-0.328884	9.55697	-10.776	0
10.5761	-10.7836	-0.32644	10.5761	-10.7836	0
11.652	-10.7692	-0.311153	11.652	-10.7692	0
-11.0802	-10.7155	-0.309249	-11.0802	-10.7155	0
-10.1016	-10.7449	-0.335203	-10.1016	-10.7449	0
-9.07293	-10.7428	-0.340296	-9.07293	-10.7428	0
-8.02198	-10.8032	-0.332506	-8.02198	-10.8032	0
-6.99235	-10.7804	-0.313601	-6.99235	-10.7804	0
-5.9629	-10.7326	-0.303501	-5.9629	-10.7326	0
-4.91663	-10.7551	-0.306327	-4.91663	-10.7551	0
-3.86634	-10.7307	-0.3081	-3.86634	-10.7307	0
-2.8257	-10.7293	-0.317024	-2.8257	-10.7293	0
-1.79797	-10.7245	-0.312292	-1.79797	-10.7245	0
-0.737049	-9.71406	-0.333738	-0.737049	-9.71406	0
0.278895	-9.74438	-0.335792	0.278895	-9.74438	0
1.34197	-9.74039	-0.347965	1.34197	-9.74039	0
2.37523	-9.84918	-0.312842	2.37523	-9.84918	0
3.3712	-9.74098	-0.297599	3.3712	-9.74098	0
4.43903	-9.7449	-0.327593	4.43903	-9.7449	0
5.45441	-9.74234	-0.335483	5.45441	-9.74234	0
6.51793	-9.74454	-0.307884	6.51793	-9.74454	0
7.54194	-9.78834	-0.319368	7.54194	-9.78834	0
8.54149	-9.7457	-0.320073	8.54149	-9.7457	0
9.52038	-9.75532	-0.334516	9.52038	-9.75532	0
10.6235	-9.75307	-0.307515	10.6235	-9.75307	0
11.6214	-9.74232	-0.305958	11.6214	-9.74232	0
-11.0869	-9.70464	-0.333714	-11.0869	-9.70464	0
-10.1167	-9.75817	-0.30707	-10.1167	-9.75817	0
-9.01308	-9.71588	-0.321931	-9.01308	-9.71588	0
-8.0139	-9.77494	-0.323872	-8.0139	-9.77494	0
-7.04744	-9.76801	-0.295538	-7.04744	-9.76801	0
-5.95437	-9.7286	-0.303591	-5.95437	-9.7286	0
-4.90311	-9.70149	-0.31072	-4.90311	-9.70149	0
-3.89196	-9.62864	-0.294138	-3.89196	-9.62864	0
-2.8444	-9.73903	-0.319419	-2.8444	-9.73903	0
-1.78719	-9.68293	-0.323356	-1.78719	-9.68293	0
-0.823609	-8.64382	-0.297823	-0.823609	-8.64382	0
0.227382	-8.70507	-0.284317	0.227382	-8.70507	0
1.25142	-8.70232	-0.330964	1.25142	-8.70232	0
2.26468	-8.74889	-0.328285	2.26468	-8.74889	0
3.3623	-8.74998	-0.30225	3.3623	-8.74998	0
4.3465	-8.75236	-0.303783	4.3465	-8.75236	0
5.42002	-8.72846	-0.316319	5.42002	-8.72846	0
6.48165	-8.76187	-0.308565	6.48165	-8.76187	0
7.54287	-8.74714	-0.333222	7.54287	-8.74714	0
8.57505	-8.76461	-0.331449	8.57505	-8.76461	0
9.62368	-8.75118	-0.322683	9.62368	-8.75118	0
10.5995	-8.74323	-0.296604	10.5995	-8.74323	0
11.6063	-8.66215	-0.303783	11.6063	-8.66215	0
-11.1204	-8.6315	-0.320024	-11.1204	-8.6315	0
-10.1449	-8.62262	-0.311689	-10.1449	-8.62262	0
-9.08314	-8.66276	-0.293968	-9.08314	-8.66276	0
-8.04177	-8.72669	-0.334192	-8.04177	-8.72669	0
-7.04112	-8.73654	-0.308625	-7.04112	-8.73654	0
-5.99206	-8.74824	-0.33706	-5.99206	-8.74824	0
-4.94534	-8.69881	-0.285951	-4.94534	-8.69881	0
-3.8667	-8.67586	-0.305739	-3.8667	-8.67586	0
-2.87243	-8.64292	-0.31411	-2.87243	-8.64292	0
-1.8495	-8.69551	-0.320056	-1.8495	-8.69551	0
-0.769419	-7.62598	-0.342869	-0.769419	-7.62598	0
0.234869	-7.64194	-0.309021	0.234869	-7.64194	0
1.24438	-7.62814	-0.304084	1.24438	-7.62814	0
2.27391	-7.73572	-0.270347	2.27391	-7.73572	0
3.26974	-7.68498	-0.330413	3.26974	-7.68498	0
4.35679	-7.75329	-0.302356	4.35679	-7.75329	0
5.40148	-7.701	-0.281693	5.40148	-7.701	0
6.45188	-7.70465	-0.335201	6.45188	-7.70465	0
7.53268	-7.69374	-0.32264	7.53268	-7.69374	0
8.63782	-7.71323	-0.302919	8.63782	-7.71323	0
9.63435	-7.63738	-0.32188	9.63435	-7.63738	0
10.6199	-7.67814	-0.332772	10.6199	-7.67814	0
11.6343	-7.62737	-0.32498	11.6343	-7.62737	0
-11.0601	-7.66192	-0.313247	-11.0601	-7.66192	0
-10.0622	-7.65436	-0.299456	-10.0622	-7.65436	0
-9.01608	-7.66134	-0.321768	-9.01608	-7.66134	0
-8.0375	-7.63151	-0.312667	-8.0375	-7.63151	0
-7.013	-7.73271	-0.332711	-7.013	-7.73271	0
-6.0021	-7.58383	-0.293272	-6.0021	-7.58383	0
-4.95732	-7.65397	-0.313603	-4.95732	-7.65397	0
-3.96805	-7.73761	-0.329187	-3.96805	-7.73761	0
-2.92274	-7.64685	-0.332029	-2.92274	-7.64685	0
-1.88746	-7.59895	-0.316637	-1.88746	-7.59895	0
-0.803227	-6.64006	-0.300326	-0.803227	-6.64006	0
0.237408	-6.56519	-0.310304	0.237408	-6.56519	0
1.26412	-6.58653	-0.300933	1.26412	-6.58653	0
2.28212	-6.68223	-0.332134	2.28212	-6.68223	0
3.41472	-6.65046	-0.300269	3.41472	-6.65046	0
4.40586	-6.69359	-0.279501	4.40586	-6.69359	0
5.38856	-6.63163	-0.319613	5.38856	-6.63163	0
6.51076	-6.63227	-0.320937	6.51076	-6.63227	0
7.49817	-6.66825	-0.314115	7.49817	-6.66825	0
8.50508	-6.71324	-0.323106	8.50508	-6.71324	0
9.49782	-6.69213	-0.321144	9.49782	-6.69213	0
10.5961	-6.60902	-0.313819	10.5961	-6.60902	0
11.6795	-6.64142	-0.323512	11.6795	-6.64142	0
-11.0689	-6.58236	-0.286158	-11.0689	-6.58236	0
-10.0554	-6.58672	-0.329048	-10.0554	-6.58672	0
-9.08075	-6.59346	-0.308766	-9.08075	-6.59346	0
-8.0994	-6.59413	-0.306735	-8.0994	-6.59413	0
-7.05637	-6.61804	-0.33377	-7.05637	-6.61804	0
-6.02511	-6.56345	-0.335907	-6.02511	-6.56345	0
-5.0047	-6.64696	-0.307277	-5.0047	-6.64696	0
-3.91519	-6.59297	-0.36493	-3.91519	-6.59297	0
-2.92276	-6.60076	-0.311218	-2.92276	-6.60076	0
-1.80189	-6.59422	-0.319985	-1.80189	-6.59422	0
-0.784176	-5.52226	-0.326587	-0.784176	-5.52226	0
0.241173	-5.56102	-0.288594	0.241173	-5.56102	0
1.25161	-5.54752	-0.32364	1.25161	-5.54752	0
2.28835	-5.6909	-0.30525	2.28835	-5.6909	0
3.33694	-5.66029	-0.315545	3.33694	-5.66029	0
4.36101	-5.65535	-0.329614	4.36101	-5.65535	0
5.41017	-5.62225	-0.319673	5.41017	-5.62225	0
6.52139	-5.59795	-0.271013	6.52139	-5.59795	0
7.4927	-5.66039	-0.324683	7.4927	-5.66039	0
8.5538	-5.61807	-0.29898	8.5538	-5.61807	0
9.54798	-5.64177	-0.306279	9.54798	-5.64177	0
10.6445	-5.61235	-0.305191	10.6445	-5.61235	0
11.6598	-5.63497	-0.339076	11.6598	-5.63497	0
-11.0821	-5.58298	-0.317476	-11.0821	-5.58298	0
-10.1007	-5.58946	-0.311888	-10.1007	-5.58946	0
-9.07518	-5.56933	-0.322041	-9.07518	-5.56933	0
-8.03888	-5.61417	-0.323993	-8.03888	-5.61417	0
-7.04757	-5.56718	-0.32821	-7.04757	-5.56718	0
-5.93945	-5.54086	-0.323614	-5.93945	-5.54086	0
-4.9595	-5.62556	-0.324624	-4.9595	-5.62556	0
-3.88795	-5.60366	-0.339721	-3.88795	-5.60366	0
-2.88312	-5.59552	-0.318947	-2.88312	-5.59552	0
-1.85335	-5.50453	-0.348721	-1.85335	-5.50453	0
-0.79274	-4.56807	-0.32254	-0.79274	-4.56807	0
0.229691	-4.53683	-0.315708	0.229691	-4.53683	0
1.29971	-4.57917	-0.311608	1.29971	-4.57917	0
2.30634	-4.58965	-0.298465	2.30634	-4.58965	0
3.32064	-4.6159	-0.330844	3.32064	-4.6159	0
4.37634	-4.60015	-0.311302	4.37634	-4.60015	0
5.42073	-4.57882	-0.312442	5.42073	-4.57882	0
6.47454	-4.53636	-0.313576	6.47454	-4.53636	0
7.5078	-4.61001	-0.298992	7.5078	-4.61001	0
8.54716	-4.5766	-0.310703	8.54716	-4.5766	0
9.61524	-4.5871	-0.299155	9.61524	-4.5871	0
10.6031	-4.58565	-0.309018	10.6031	-4.58565	0
11.6065	-4.60607	-0.321134	11.6065	-4.60607	0
-11.1203	-4.61878	-0.337102	-11.1203	-4.61878	0
-10.0684	-4.51427	-0.335107	-10.0684	-4.51427	0
-9.10295	-4.60866	-0.348085	-9.10295	-4.60866	0
-8.04024	-4.61439	-0.320094	-8.04024	-4.61439	0
-6.99184	-4.53539	-0.330542	-6.99184	-4.53539	0
-5.96739	-4.5525	-0.327265	-5.96739	-4.5525	0
-5.01059	-4.57564	-0.313244	-5.01059	-4.57564	0
-3.94416	-4.51515	-0.295905	-3.94416	-4.51515	0
-2.88506	-4.54393	-0.306495	-2.88506	-4.54393	0
-1.89758	-4.52301	-0.30365	-1.89758	-4.52301	0
-0.779719	-3.51643	-0.278018	-0.779719	-3.51643	0
0.201234	-3.48694	-0.320433	0.201234	-3.48694	0
1.19866	-3.51143	-0.328935	1.19866	-3.51143	0
2.24323	-3.55429	-0.32495	2.24323	-3.55429	0
3.28711	-3.52174	-0.307758	3.28711	-3.52174	0
4.37303	-3.57118	-0.315737	4.37303	-3.57118	0
5.38738	-3.52901	-0.299736	5.38738	-3.52901	0
6.4509	-3.53321	-0.318551	6.4509	-3.53321	0
7.48622	-3.51953	-0.303866	7.48622	-3.51953	0
8.56027	-3.58674	-0.304483	8.56027	-3.58674	0
9.56814	-3.55428	-0.284904	9.56814	-3.55428	0
10.5432	-3.51377	-0.33036	10.5432	-3.51377	0
11.5844	-3.59493	-0.307314	11.5844	-3.59493	0
-11.2267	-3.63888	-0.341835	-11.2267	-3.63888	0
-10.1574	-3.51886	-0.339618	-10.1574	-3.51886	0
-9.08828	-3.56592	-0.326095	-9.08828	-3.56592	0
-8.03016	-3.5493	-0.352599	-8.03016	-3.5493	0
-7.00524	-3.50436	-0.329993	-7.00524	-3.50436	0
-6.01948	-3.46399	-0.344716	-6.01948	-3.46399	0
-4.96597	-3.54831	-0.333336	-4.96597	-3.54831	0
-3.94021	-3.49922	-0.318315	-3.94021	-3.49922	0
-2.84428	-3.46244	-0.329135	-2.84428	-3.46244	0
-1.79958	-3.4789	-0.29476	-1.79958	-3.4789	0
-0.836911	-2.40252	-0.287173	-0.836911	-2.40252	0
0.172697	-2.406	-0.336101	0.172697	-2.406	0
1.21997	-2.47507	-0.324539	1.21997	-2.47507	0
2.25408	-2.56246	-0.315552	2.25408	-2.56246	0
3.25922	-2.50259	-0.327511	3.25922	-2.50259	0
4.33463	-2.4842	-0.304416	4.33463	-2.4842	0
5.36744	-2.49371	-0.307586	5.36744	-2.49371	0
6.38169	-2.50199	-0.31831	6.38169	-2.50199	0
7.44844	-2.50509	-0.31952	7.44844	-2.50509	0
8.44368	-2.51558	-0.297794	8.44368	-2.51558	0
9.52543	-2.51916	-0.312588	9.52543	-2.51916	0
10.586	-2.48176	-0.342951	10.586	-2.48176	0
11.6376	-2.52431	-0.29147	11.6376	-2.52431	0
-11.1432	-2.52882	-0.31789	-11.1432	-2.52882	0
-10.1134	-2.50815	-0.336762	-10.1134	-2.50815	0
-9.06057	-2.50632	-0.326245	-9.06057	-2.50632	0
-8.02005	-2.5244	-0.311921	-8.02005	-2.5244	0
-6.96968	-2.51937	-0.338929	-6.96968	-2.51937	0
-5.95904	-2.51724	-0.287615	-5.95904	-2.51724	0
-4.89431	-2.52308	-0.311778	-4.89431	-2.52308	0
-3.86784	-2.47584	-0.313974	-3.86784	-2.47584	0
-2.86589	-2.47855	-0.339504	-2.86589	-2.47855	0
-1.84792	-2.46454	-0.309592	-1.84792	-2.46454	0
-0.84901	-1.41645	-0.282435	-0.84901	-1.41645	0
0.211555	-1.38197	-0.303716	0.211555	-1.38197	0
1.2705	-1.43823	-0.301316	1.2705	-1.43823	0
2.24308	-1.48691	-0.325568	2.24308	-1.48691	0
3.29526	-1.42985	-0.320764	3.29526	-1.42985	0
4.36827	-1.36224	-0.326868	4.36827	-1.36224	0
5.36902	-1.43933	-0.280826	5.36902	-1.43933	0
6.41776	-1.51802	-0.287408	6.41776	-1.51802	0
7.47577	-1.47439	-0.295624	7.47577	-1.47439	0
8.55775	-1.45324	-0.327483	8.55775	-1.45324	0
9.5192	-1.52434	-0.318179	9.5192	-1.52434	0
10.5799	-1.42105	-0.308352	10.5799	-1.42105	0
11.6513	-1.46309	-0.281182	11.6513	-1.46309	0
-11.0685	-1.51467	-0.298795	-11.0685	-1.51467	0
-10.0651	-1.44711	-0.322267	-10.0651	-1.44711	0
-9.06941	-1.54688	-0.316066	-9.06941	-1.54688	0
-8.01377	-1.5142	-0.303342	-8.01377	-1.5142	0
-6.97592	-1.4705	-0.305798	-6.97592	-1.4705	0
-5.94741	-1.47471	-0.294198	-5.94741	-1.47471	0
-4.92084	-1.45087	-0.324483	-4.92084	-1.45087	0
-3.90935	-1.40223	-0.306461	-3.90935	-1.40223	0
-2.91789	-1.43369	-0.325304	-2.91789	-1.43369	0
-1.89679	-1.44154	-0.32188	-1.89679	-1.44154	0
-0.272235	0.149554	0.337328	-0.272235	0.149554	0
0.753563	0.0633115	0.320721	0.753563	0.0633115	0
1.7795	0.0792673	0.327593	1.7795	0.0792673	0
2.84819	0.090181	0.317662	2.84819	0.090181	0
3.86906	0.0430952	0.360168	3.86906	0.0430952	0
4.90929	0.11001	0.344845	4.90929	0.11001	0
5.94218	0.0597156	0.346761	5.94218	0.0597156	0
6.92525	0.118421	0.303893	6.92525	0.118421	0
8.03883	0.0946274	0.324774	8.03883	0.0946274	0
9.05202	0.0943889	0.262169	9.05202	0.0943889	0
10.0264	0.0634617	0.305774	10.0264	0.0634617	0
11.0867	0.112648	0.340044	11.0867	0.112648	0
-11.6004	0.10507	0.322333	-11.6004	0.10507	0
-10.5956	0.100949	0.316156	-10.5956	0.100949	0
-9.58137	0.0281359	0.313309	-9.58137	0.0281359	0
-8.5527	0.0326609	0.268547	-8.5527	0.0326609	0
-7.54129	0.0767469	0.302769	-7.54129	0.0767469	0
-6.53443	0.134492	0.299083	-6.53443	0.134492	0
-5.37073	0.114128	0.325873	-5.37073	0.114128	0
-4.40092	0.144529	0.330387	-4.40092	0.144529	0
-3.36139	0.173775	0.32054	-3.36139	0.173775	0
-2.36362	0.0615006	0.319457	-2.36362	0.0615006	0
-1.30356	0.113362	0.323948	-1.30356	0.113362	0
-0.313412	1.1877	0.348116	-0.313412	1.1877	0
0.854159	1.11024	0.332929	0.854159	1.11024	0
1.8445	1.12197	0.302356	1.8445	1.12197	0
2.82388	1.05842	0.296396	2.82388	1.05842	0
3.85846	1.0742	0.313104	3.85846	1.0742	0
4.92269	1.22515	0.327571	4.92269	1.22515	0
5.96862	1.07843	0.305453	5.96862	1.07843	0
6.97116	1.13315	0.290326	6.97116	1.13315	0
8.05319	1.15437	0.329979	8.05319	1.15437	0
9.07653	1.10762	0.334496	9.07653	1.10762	0
10.09	1.09783	0.314854	10.09	1.09783	0
11.0914	1.12957	0.339681	11.0914	1.12957	0
-11.6602	1.12713	0.339845	-11.6602	1.12713	0
-10.6428	1.14634	0.324796	-10.6428	1.14634	0
-9.56944	1.07944	0.321079	-9.56944	1.07944	0
-8.55516	1.11286	0.328924	-8.55516	1.11286	0
-7.49375	1.12493	0.299467	-7.49375	1.12493	0
-6.47674	1.14625	0.326033	-6.47674	1.14625	0
-5.39558	1.1384	0.309886	-5.39558	1.1384	0
-4.42012	1.13616	0.294838	-4.42012	1.13616	0
-3.38308	1.19506	0.314886	-3.38308	1.19506	0
-2.29372	1.13339	0.328919	-2.29372	1.13339	0
-1.33361	1.15057	0.31909	-1.33361	1.15057	0
-0.26711	2.16931	0.310323	-0.26711	2.16931	0
0.755159	2.11728	0.304367	0.755159	2.11728	0
1.84814	2.15063	0.32163	1.84814	2.15063	0
2.92043	2.19502	0.330409	2.92043	2.19502	0
3.86863	2.1874	0.287912	3.86863	2.1874	0
4.90759	2.19078	0.321985	4.90759	2.19078	0
5.91946	2.09304	0.318574	5.91946	2.09304	0
6.93828	2.12334	0.330054	6.93828	2.12334	0
8.02576	2.15205	0.342374	8.02576	2.15205	0
9.03246	2.13971	0.339535	9.03246	2.13971	0
10.0672	2.13696	0.322348	10.0672	2.13696	0
11.072	2.20885	0.322132	11.072	2.20885	0
-11.6847	2.18016	0.329199	-11.6847	2.18016	0
-10.6007	2.11271	0.316932	-10.6007	2.11271	0
-9.56967	2.12351	0.286459	-9.56967	2.12351	0
-8.55909	2.19397	0.305903	-8.55909	2.19397	0
-7.52286	2.17704	0.302747	-7.52286	2.17704	0
-6.51096	2.15366	0.311316	-6.51096	2.15366	0
-5.48045	2.18417	0.328703	-5.48045	2.18417	0
-4.38437	2.21245	0.335504	-4.38437	2.21245	0
-3.36748	2.21675	0.34877	-3.36748	2.21675	0
-2.30826	2.19388	0.315598	-2.30826	2.19388	0
-1.27612	2.21851	0.280986	-1.27612	2.21851	0
-0.170453	3.19765	0.317317	-0.170453	3.19765	0
0.798712	3.17411	0.286393	0.798712	3.17411	0
1.86199	3.23401	0.315876	1.86199	3.23401	0
2.88954	3.26955	0.33979	2.88954	3.26955	0
3.90906	3.1854	0.326755	3.90906	3.1854	0
4.9356	3.21747	0.328051	4.9356	3.21747	0
5.95204	3.17669	0.322281	5.95204	3.17669	0
6.9713	3.12045	0.297689	6.9713	3.12045	0
7.9579	3.08841	0.341475	7.9579	3.08841	0
9.03057	3.13826	0.291915	9.03057	3.13826	0
10.0824	3.23079	0.31729	10.0824	3.23079	0
11.0703	3.19383	0.321159	11.0703	3.19383	0
-11.6924	3.19334	0.326642	-11.6924	3.19334	0
-10.6632	3.19745	0.327356	-10.6632	3.19745	0
-9.61074	3.15654	0.304182	-9.61074	3.15654	0
-8.60912	3.18299	0.318536	-8.60912	3.18299	0
-7.52229	3.22245	0.339082	-7.52229	3.22245	0
-6.47408	3.18126	0.311205	-6.47408	3.18126	0
-5.4346	3.20083	0.288003	-5.4346	3.20083	0
-4.38369	3.22644	0.314677	-4.38369	3.22644	0
-3.34047	3.25109	0.311457	-3.34047	3.25109	0
-2.28232	3.28468	0.312274	-2.28232	3.28468	0
-1.24406	3.20029	0.315671	-1.24406	3.20029	0
-0.220064	4.23126	0.296906	-0.220064	4.23126	0
0.85105	4.17059	0.309932	0.85105	4.17059	0
1.88087	4.25576	0.333879	1.88087	4.25576	0
2.95127	4.26886	0.321032	2.95127	4.26886	0
3.91444	4.22406	0.313178	3.91444	4.22406	0
4.92555	4.28257	0.313844	4.92555	4.28257	0
5.90942	4.21345	0.33708	5.90942	4.21345	0
6.93874	4.17873	0.320839	6.93874	4.17873	0
8.00158	4.18107	0.328921	8.00158	4.18107	0
9.03769	4.13093	0.316601	9.03769	4.13093	0
10.06	4.23275	0.328744	10.06	4.23275	0
11.0963	4.24833	0.320767	11.0963	4.24833	0
-11.6676	4.29967	0.326163	-11.6676	4.29967	0
-10.6564	4.23226	0.330043	-10.6564	4.23226	0
-9.62355	4.19181	0.330247	-9.62355	4.19181	0
-8.63706	4.20495	0.340564	-8.63706	4.20495	0
-7.55577	4.26595	0.308667	-7.55577	4.26595	0
-6.51364	4.2523	0.331148	-6.51364	4.2523	0
-5.44146	4.22012	0.31276	-5.44146	4.22012	0
-4.40224	4.26818	0.339767	-4.40224	4.26818	0
-3.31826	4.28429	0.334051	-3.31826	4.28429	0
-2.25812	4.29143	0.336143	-2.25812	4.29143	0
-1.22092	4.20877	0.320134	-1.22092	4.20877	0
-0.225586	5.23756	0.299456	-0.225586	5.23756	0
0.789181	5.24176	0.337129	0.789181	5.24176	0
1.80186	5.2978	0.320935	1.80186	5.2978	0
2.84227	5.28849	0.330442	2.84227	5.28849	0
3.88832	5.28261	0.318048	3.88832	5.28261	0
4.95568	5.27026	0.305966	4.95568	5.27026	0
5.95258	5.22878	0.316199	5.95258	5.22878	0
6.9068	5.22902	0.301605	6.9068	5.22902	0
7.99932	5.14882	0.327631	7.99932	5.14882	0
9.01466	5.18344	0.313603	9.01466	5.18344	0
10.0328	5.22015	0.329192	10.0328	5.22015	0
10.9975	5.31208	0.298217	10.9975	5.31208	0
-11.6682	5.29334	0.310298	-11.6682	5.29334	0
-10.6776	5.27685	0.319141	-10.6776	5.27685	0
-9.69124	5.26175	0.308175	-9.69124	5.26175	0
-8.60492	5.2873	0.300264	-8.60492	5.2873	0
-7.48821	5.24931	0.307426	-7.48821	5.24931	0
-6.48732	5.26751	0.330238	-6.48732	5.26751	0
-5.40925	5.24971	0.308663	-5.40925	5.24971	0
-4.40442	5.26899	0.326267	-4.40442	5.26899	0
-3.35381	5.30941	0.336721	-3.35381	5.30941	0
-2.30754	5.2796	0.334966	-2.30754	5.2796	0
-1.22345	5.32684	0.307766	-1.22345	5.32684	0
-0.31353	6.32113	0.327449	-0.31353	6.32113	0
0.70932	6.30791	0.337004	0.70932	6.30791	0
1.7879	6.36398	0.336385	1.7879	6.36398	0
2.79667	6.38389	0.336535	2.79667	6.38389	0
3.86716	6.30399	0.334569	3.86716	6.30399	0
4.97956	6.26268	0.306881	4.97956	6.26268	0
5.93447	6.26835	0.327766	5.93447	6.26835	0
6.96691	6.2359	0.31102	6.96691	6.2359	0
7.95514	6.19219	0.338705	7.95514	6.19219	0
8.97311	6.19754	0.280322	8.97311	6.19754	0
9.98047	6.28959	0.332467	9.98047	6.28959	0
11.0082	6.3301	0.310245	11.0082	6.3301	0
-11.7009	6.31216	0.320172	-11.7009	6.31216	0
-10.6612	6.32654	0.286151	-10.6612	6.32654	0
-9.64722	6.28935	0.295473	-9.64722	6.28935	0
-8.65234	6.24345	0.300905	-8.65234	6.24345	0
-7.55004	6.29181	0.299733	-7.55004	6.29181	0
-6.5485	6.30466	0.347607	-6.5485	6.30466	0
-5.43753	6.29952	0.334925	-5.43753	6.29952	0
-4.42618	6.31827	0.286448	-4.42618	6.31827	0
-3.36647	6.3187	0.327225	-3.36647	6.3187	0
-2.33195	6.34533	0.329011	-2.33195	6.34533	0
-1.33874	6.34902	0.348484	-1.33874	6.34902	0
-0.28582	7.32948	0.336269	-0.28582	7.32948	0
0.723057	7.38336	0.353378	0.723057	7.38336	0
1.7969	7.36309	0.332176	1.7969	7.36309	0
2.78788	7.38467	0.330967	2.78788	7.38467	0
3.80876	7.36068	0.308241	3.80876	7.36068	0
4.85643	7.33064	0.303429	4.85643	7.33064	0
5.92958	7.37327	0.330325	5.92958	7.37327	0
6.96404	7.22049	0.312649	6.96404	7.22049	0
7.94936	7.28199	0.328385	7.94936	7.28199	0
8.96371	7.24859	0.298466	8.96371	7.24859	0
10.0453	7.31736	0.310227	10.0453	7.31736	0
11.113	7.28641	0.303245	11.113	7.28641	0
-11.6857	7.31241	0.328996	-11.6857	7.31241	0
-10.629	7.29768	0.31071	-10.629	7.29768	0
-9.64592	7.3468	0.314814	-9.64592	7.3468	0
-8.62811	7.27683	0.356136	-8.62811	7.27683	0
-7.58597	7.32001	0.331282	-7.58597	7.32001	0
-6.44725	7.32801	0.319242	-6.44725	7.32801	0
-5.43342	7.33258	0.282841	-5.43342	7.33258	0
-4.42421	7.30625	0.330173	-4.42421	7.30625	0
-3.35329	7.37777	0.275421	-3.35329	7.37777	0
-2.36983	7.33608	0.308728	-2.36983	7.33608	0
-1.2787	7.33357	0.331941	-1.2787	7.33357	0
-0.281302	8.37898	0.318237	-0.281302	8.37898	0
0.735386	8.39171	0.307034	0.735386	8.39171	0
1.75218	8.4848	0.333653	1.75218	8.4848	0
2.82232	8.36439	0.31555	2.82232	8.36439	0
3.85964	8.35153	0.30375	3.85964	8.35153	0
4.87821	8.31954	0.325189	4.87821	8.31954	0
5.92093	8.3922	0.294822	5.92093	8.3922	0
6.88488	8.30259	0.276051	6.88488	8.30259	0
7.94549	8.31534	0.301602	7.94549	8.31534	0
8.9994	8.27088	0.342542	8.9994	8.27088	0
10.0605	8.32262	0.335005	10.0605	8.32262	0
11.1205	8.3293	0.307628	11.1205	8.3293	0
-11.6621	8.36568	0.330766	-11.6621	8.36568	0
-10.6578	8.34763	0.319331	-10.6578	8.34763	0
-9.63917	8.34982	0.32058	-9.63917	8.34982	0
-8.57739	8.33262	0.336909	-8.57739	8.33262	0
-7.50993	8.32044	0.327848	-7.50993	8.32044	0
-6.49558	8.34102	0.340561	-6.49558	8.34102	0
-5.46045	8.30984	0.31007	-5.46045	8.30984	0
-4.4104	8.38342	0.285999	-4.4104	8.38342	0
-3.35627	8.41591	0.310115	-3.35627	8.41591	0
-2.28763	8.3998	0.311524	-2.28763	8.3998	0
-1.33282	8.33772	0.32331	-1.33282	8.33772	0
-0.319546	9.37725	0.330999	-0.319546	9.37725	0
0.681801	9.37752	0.316152	0.681801	9.37752	0
1.75032	9.44895	0.32012	1.75032	9.44895	0
2.77814	9.44939	0.318381	2.77814	9.44939	0
3.80281	9.42383	0.322626	3.80281	9.42383	0
4.88657	9.39573	0.33353	4.88657	9.39573	0
5.86664	9.37918	0.308283	5.86664	9.37918	0
6.98713	9.35783	0.345861	6.98713	9.35783	0
8.00398	9.3581	0.318285	8.00398	9.3581	0
9.02147	9.3585	0.307575	9.02147	9.3585	0
10.0652	9.33406	0.324358	10.0652	9.33406	0
11.1472	9.37361	0.325899	11.1472	9.37361	0
-11.6127	9.42559	0.321746	-11.6127	9.42559	0
-10.6116	9.37101	0.32946	-10.6116	9.37101	0
-9.57373	9.38938	0.316849	-9.57373	9.38938	0
-8.59729	9.3585	0.294338	-8.59729	9.3585	0
-7.52125	9.38348	0.301633	-7.52125	9.38348	0
-6.54216	9.35196	0.297427	-6.54216	9.35196	0
-5.4987	9.36582	0.312051	-5.4987	9.36582	0
-4.49401	9.4078	0.30864	-4.49401	9.4078	0
-3.41903	9.43926	0.316332	-3.41903	9.43926	0
-2.35877	9.43854	0.28593	-2.35877	9.43854	0
-1.38682	9.40387	0.297288	-1.38682	9.40387	0
-0.281707	10.3943	0.314006	-0.281707	10.3943	0
0.707919	10.4147	0.331276	0.707919	10.4147	0
1.78829	10.4306	0.325644	1.78829	10.4306	0
2.88378	10.438	0.320957	2.88378	10.438	0
3.91171	10.4011	0.327216	3.91171	10.4011	0
4.89648	10.4303	0.280517	4.89648	10.4303	0
5.98752	10.3806	0.315508	5.98752	10.3806	0
6.95828	10.3987	0.315253	6.95828	10.3987	0
7.96045	10.3574	0.324538	7.96045	10.3574	0
9.03724	10.4202	0.309491	9.03724	10.4202	0
10.0496	10.4389	0.33224	10.0496	10.4389	0
11.1186	10.4188	0.337965	11.1186	10.4188	0
-11.607	10.4686	0.327145	-11.607	10.4686	0
-10.5777	10.3846	0.310686	-10.5777	10.3846	0
-9.52799	10.4609	0.302603	-9.52799	10.4609	0
-8.56462	10.4481	0.319442	-8.56462	10.4481	0
-7.5677	10.428	0.318014	-7.5677	10.428	0
-6.50321	10.435	0.325719	-6.50321	10.435	0
-5.4494	10.3577	0.3058	-5.4494	10.3577	0
-4.42628	10.4441	0.305161	-4.42628	10.4441	0
-3.38731	10.5038	0.302806	-3.38731	10.5038	0
-2.36598	10.4579	0.329721	-2.36598	10.4579	0
-1.28848	10.3921	0.281697	-1.28848	10.3921	0
-0.294604	11.4428	0.3387	-0.294604	11.4428	0
0.782695	11.4336	0.316244	0.782695	11.4336	0
1.81313	11.4884	0.288479	1.81313	11.4884	0
2.80949	11.4161	0.293907	2.80949	11.4161	0
3.87411	11.4223	0.332382	3.87411	11.4223	0
4.89949	11.4433	0.320513	4.89949	11.4433	0
5.94699	11.3722	0.343226	5.94699	11.3722	0
7.04414	11.4328	0.31357	7.04414	11.4328	0
8.05474	11.4461	0.320104	8.05474	11.4461	0
9.02721	11.3942	0.311325	9.02721	11.3942	0
10.0492	11.452	0.321952	10.0492	11.452	0
11.0629	11.5212	0.30012	11.0629	11.5212	0
-11.6111	11.4231	0.302523	-11.6111	11.4231	0
-10.5621	11.4553	0.324134	-10.5621	11.4553	0
-9.55015	11.4746	0.339892	-9.55015	11.4746	0
-8.56615	11.4542	0.32066	-8.56615	11.4542	0
-7.52778	11.4176	0.286941	-7.52778	11.4176	0
-6.46631	11.4823	0.345546	-6.46631	11.4823	0
-5.43872	11.3839	0.294496	-5.43872	11.3839	0
-4.4311	11.5309	0.345631	-4.4311	11.5309	0
-3.41608	11.5257	0.306613	-3.41608	11.5257	0
-2.37494	11.4936	0.34567	-2.37494	11.4936	0
-1.34604	11.4535	0.323098	-1.34604	11.4535	0
-0.30672	-11.351	0.316627	-0.30672	-11.351	0
0.721497	-11.2948	0.307612	0.721497	-11.2948	0
1.7675	-11.2721	0.329031	1.7675	-11.2721	0
2.76982	-11.3162	0.321097	2.76982	-11.3162	0
3.87255	-11.3085	0.320804	3.87255	-11.3085	0
4.88916	-11.3103	0.323796	4.88916	-11.3103	0
5.8969	-11.385	0.324014	5.8969	-11.385	0
6.91609	-11.3618	0.340516	6.91609	-11.3618	0
8.05647	-11.3801	0.319857	8.05647	-11.3801	0
9.02998	-11.3021	0.338692	9.02998	-11.3021	0
10.035	-11.2901	0.31417	10.035	-11.2901	0
11.1255	-11.2592	0.310617	11.1255	-11.2592	0
-11.6456	-11.2918	0.31902	-11.6456	-11.2918	0
-10.617	-11.2856	0.310107	-10.617	-11.2856	0
-9.56827	-11.2939	0.313246	-9.56827	-11.2939	0
-8.56762	-11.2698	0.337963	-8.56762	-11.2698	0
-7.54369	-11.3259	0.31892	-7.54369	-11.3259	0
-6.46857	-11.2653	0.339807	-6.46857	-11.2653	0
-5.43172	-11.2904	0.293966	-5.43172	-11.2904	0
-4.37214	-11.2811	0.334602	-4.37214	-11.2811	0
-3.3907	-11.2356	0.330576	-3.3907	-11.2356	0
-2.39873	-11.2844	0.323345	-2.39873	-11.2844	0
-1.32206	-11.2984	0.297835	-1.32206	-11.2984	0
-0.271693	-10.2177	0.327109	-0.271693	-10.2177	0
0.775797	-10.2321	0.326855	0.775797	-10.2321	0
1.75468	-10.2743	0.309837	1.75468	-10.2743	0
2.84578	-10.3285	0.326727	2.84578	-10.3285	0
3.87302	-10.2611	0.285837	3.87302	-10.2611	0
4.92518	-10.3279	0.324333	4.92518	-10.3279	0
5.93727	-10.2777	0.308043	5.93727	-10.2777	0
6.99985	-10.2814	0.317818	6.99985	-10.2814	0
8.01853	-10.2494	0.305662	8.01853	-10.2494	0
9.0199	-10.2949	0.30368	9.0199	-10.2949	0
10.0758	-10.2929	0.316772	10.0758	-10.2929	0
11.1182	-10.2443	0.307698	11.1182	-10.2443	0
-11.6108	-10.1851	0.325699	-11.6108	-10.1851	0
-10.6075	-10.259	0.326212	-10.6075	-10.259	0
-9.54484	-10.2203	0.347566	-9.54484	-10.2203	0
-8.56547	-10.2581	0.304593	-8.56547	-10.2581	0
-7.51676	-10.3045	0.322429	-7.51676	-10.3045	0
-6.47924	-10.2591	0.312324	-6.47924	-10.2591	0
-5.46079	-10.2253	0.329299	-5.46079	-10.2253	0
-4.41047	-10.2187	0.287254	-4.41047	-10.2187	0
-3.39064	-10.187	0.340151	-3.39064	-10.187	0
-2.33073	-10.189	0.324424	-2.33073	-10.189	0
-1.28594	-10.246	0.302066	-1.28594	-10.246	0
-0.286175	-9.19965	0.333631	-0.286175	-9.19965	0
0.781236	-9.25401	0.335945	0.781236	-9.25401	0
1.81298	-9.22465	0.34593	1.81298	-9.22465	0
2.83705	-9.26235	0.279085	2.83705	-9.26235	0
3.89	-9.22429	0.342633	3.89	-9.22429	0
4.92535	-9.29137	0.319443	4.92535	-9.29137	0
5.97108	-9.27273	0.294358	5.97108	-9.27273	0
7.00713	-9.24957	0.309614	7.00713	-9.24957	0
8.01218	-9.24322	0.327861	8.01218	-9.24322	0
9.05139	-9.2952	0.333246	9.05139	-9.2952	0
10.0861	-9.23492	0.3334	10.0861	-9.23492	0
11.1095	-9.23714	0.319378	11.1095	-9.23714	0
-11.6075	-9.16261	0.310504	-11.6075	-9.16261	0
-10.61	-9.21522	0.291055	-10.61	-9.21522	0
-9.58965	-9.22002	0.317095	-9.58965	-9.22002	0
-8.53197	-9.21403	0.319735	-8.53197	-9.21403	0
-7.56675	-9.21658	0.332806	-7.56675	-9.21658	0
-6.48118	-9.26411	0.294496	-6.48118	-9.26411	0
-5.43991	-9.16723	0.290957	-5.43991	-9.16723	0
-4.39587	-9.19827	0.336061	-4.39587	-9.19827	0
-3.35719	-9.19037	0.323336	-3.35719	-9.19037	0
-2.37439	-9.13448	0.324167	-2.37439	-9.13448	0
-1.33488	-9.18762	0.342997	-1.33488	-9.18762	0
-0.253408	-8.14761	0.306252	-0.253408	-8.14761	0
0.719181	-8.19579	0.314982	0.719181	-8.19579	0
1.69133	-8.14015	0.31976	1.69133	-8.14015	0
2.81953	-8.23052	0.31727	2.81953	-8.23052	0
3.83077	-8.19503	0.304085	3.83077	-8.19503	0
4.91519	-8.24704	0.320866	4.91519	-8.24704	0
5.98301	-8.26861	0.318557	5.98301	-8.26861	0
7.07492	-8.23436	0.317296	7.07492	-8.23436	0
8.08862	-8.26223	0.317141	8.08862	-8.26223	0
9.08854	-8.25613	0.334958	9.08854	-8.25613	0
10.1041	-8.2107	0.328567	10.1041	-8.2107	0
11.1271	-8.18292	0.315109	11.1271	-8.18292	0
-11.6564	-8.14315	0.312443	-11.6564	-8.14315	0
-10.6328	-8.16994	0.349269	-10.6328	-8.16994	0
-9.54963	-8.09377	0.302878	-9.54963	-8.09377	0
-8.52769	-8.1927	0.325282	-8.52769	-8.1927	0
-7.56305	-8.21102	0.335953	-7.56305	-8.21102	0
-6.46158	-8.22112	0.311621	-6.46158	-8.22112	0
-5.49521	-8.15807	0.301562	-5.49521	-8.15807	0
-4.44376	-8.18817	0.332997	-4.44376	-8.18817	0
-3.36326	-8.18828	0.317406	-3.36326	-8.18828	0
-2.3393	-8.1263	0.318399	-2.3393	-8.1263	0
-1.32454	-8.147	0.302869	-1.32454	-8.147	0
-0.271823	-7.12302	0.320568	-0.271823	-7.12302	0
0.735853	-7.11011	0.320391	0.735853	-7.11011	0
1.79957	-7.12714	0.317167	1.79957	-7.12714	0
2.82882	-7.17875	0.334049	2.82882	-7.17875	0
3.85616	-7.23969	0.320761	3.85616	-7.23969	0
4.89462	-7.23626	0.335389	4.89462	-7.23626	0
5.92788	-7.18381	0.298323	5.92788	-7.18381	0
6.98693	-7.20181	0.324018	6.98693	-7.20181	0
8.01672	-7.21563	0.298258	8.01672	-7.21563	0
9.06071	-7.2238	0.34071	9.06071	-7.2238	0
10.0678	-7.14725	0.318557	10.0678	-7.14725	0
11.1049	-7.11559	0.310125	11.1049	-7.11559	0
-11.5722	-7.13115	0.315065	-11.5722	-7.13115	0
-10.5602	-7.10866	0.298215	-10.5602	-7.10866	0
-9.5672	-7.11992	0.31364	-9.5672	-7.11992	0
-8.56144	-7.1054	0.342963	-8.56144	-7.1054	0
-7.5462	-7.16691	0.328028	-7.5462	-7.16691	0
-6.55973	-7.08038	0.297398	-6.55973	-7.08038	0
-5.4791	-7.1523	0.321637	-5.4791	-7.1523	0
-4.45337	-7.12581	0.307222	-4.45337	-7.12581	0
-3.45687	-7.20181	0.290073	-3.45687	-7.20181	0
-2.37168	-7.07964	0.322845	-2.37168	-7.07964	0
-1.34472	-7.12215	0.339798	-1.34472	-7.12215	0
-0.292994	-6.08484	0.31188	-0.292994	-6.08484	0
0.732435	-6.08651	0.340172	0.732435	-6.08651	0
1.76806	-6.10087	0.315877	1.76806	-6.10087	0
2.83794	-6.16748	0.306783	2.83794	-6.16748	0
3.92354	-6.12704	0.323324	3.92354	-6.12704	0
4.94115	-6.11439	0.348768	4.94115	-6.11439	0
5.98901	-6.10964	0.318225	5.98901	-6.10964	0
6.97782	-6.14515	0.335266	6.97782	-6.14515	0
8.04526	-6.19067	0.316802	8.04526	-6.19067	0
9.05164	-6.18358	0.346542	9.05164	-6.18358	0
10.043	-6.15439	0.29387	10.043	-6.15439	0
11.1452	-6.10352	0.31644	11.1452	-6.10352	0
-11.6092	-6.10018	0.326909	-11.6092	-6.10018	0
-10.5601	-6.13774	0.342427	-10.5601	-6.13774	0
-9.56502	-6.05386	0.33903	-9.56502	-6.05386	0
-8.61291	-6.10309	0.322706	-8.61291	-6.10309	0
-7.55038	-6.11993	0.327839	-7.55038	-6.11993	0
-6.50123	-6.08244	0.299079	-6.50123	-6.08244	0
-5.50337	-6.13109	0.32819	-5.50337	-6.13109	0
-4.43936	-6.13107	0.296943	-4.43936	-6.13107	0
-3.42006	-6.12963	0.30913	-3.42006	-6.12963	0
-2.33243	-6.05271	0.284571	-2.33243	-6.05271	0
-1.35181	-6.02139	0.306238	-1.35181	-6.02139	0
-0.293735	-5.06536	0.327649	-0.293735	-5.06536	0
0.71288	-5.03733	0.340303	0.71288	-5.03733	0
1.81173	-5.08042	0.316051	1.81173	-5.08042	0
2.77312	-5.12824	0.305689	2.77312	-5.12824	0
3.82138	-5.12546	0.295511	3.82138	-5.12546	0
4.84718	-5.15898	0.302162	4.84718	-5.15898	0
5.90774	-5.08383	0.32629	5.90774	-5.08383	0
7.00661	-5.12262	0.322055	7.00661	-5.12262	0
8.03819	-5.12185	0.306522	8.03819	-5.12185	0
9.06874	-5.11912	0.340647	9.06874	-5.11912	0
10.0761	-5.11782	0.289395	10.0761	-5.11782	0
11.1327	-5.08708	0.314351	11.1327	-5.08708	0
-11.6285	-5.16389	0.317272	-11.6285	-5.16389	0
-10.6144	-5.0461	0.326642	-10.6144	-5.0461	0
-9.60901	-5.01238	0.312572	-9.60901	-5.01238	0
-8.55061	-5.08068	0.338009	-8.55061	-5.08068	0
-7.50036	-5.09083	0.295632	-7.50036	-5.09083	0
-6.46721	-5.05895	0.316426	-6.46721	-5.05895	0
-5.45047	-5.05946	0.31298	-5.45047	-5.05946	0
-4.42462	-5.08337	0.295874	-4.42462	-5.08337	0
-3.41032	-5.09632	0.30805	-3.41032	-5.09632	0
-2.32214	-5.02775	0.327256	-2.32214	-5.02775	0
-1.28555	-5.05265	0.334062	-1.28555	-5.05265	0
-0.257991	-4.04922	0.33447	-0.257991	-4.04922	0
0.720719	-4.04641	0.31427	0.720719	-4.04641	0
1.72807	-4.00598	0.332442	1.72807	-4.00598	0
2.75985	-4.07147	0.307527	2.75985	-4.07147	0
3.82817	-4.06075	0.314823	3.82817	-4.06075	0
4.90447	-4.09284	0.307817	4.90447	-4.09284	0
5.9208	-4.02471	0.302112	5.9208	-4.02471	0
7.02583	-4.10888	0.302674	7.02583	-4.10888	0
8.02116	-4.07664	0.321275	8.02116	-4.07664	0
9.06976	-4.10192	0.337745	9.06976	-4.10192	0
10.1019	-4.07265	0.358579	10.1019	-4.07265	0
11.1223	-4.0657	0.329424	11.1223	-4.0657	0
-11.6642	-4.0991	0.335798	-11.6642	-4.0991	0
-10.674	-4.05467	0.307538	-10.674	-4.05467	0
-9.60533	-4.02663	0.283865	-9.60533	-4.02663	0
-8.56944	-4.07339	0.261571	-8.56944	-4.07339	0
-7.5978	-4.06411	0.329228	-7.5978	-4.06411	0
-6.46749	-4.01367	0.297632	-6.46749	-4.01367	0
-5.48513	-3.98316	0.308447	-5.48513	-3.98316	0
-4.46878	-4.03187	0.314564	-4.46878	-4.03187	0
-3.39972	-3.9962	0.285144	-3.39972	-3.9962	0
-2.36423	-3.95165	0.323503	-2.36423	-3.95165	0
-1.27105	-4.05545	0.30729	-1.27105	-4.05545	0
-0.315483	-2.96638	0.316955	-0.315483	-2.96638	0
0.692837	-2.98787	0.32727	0.692837	-2.98787	0
1.73206	-2.9809	0.339605	1.73206	-2.9809	0
2.78327	-3.04194	0.316557	2.78327	-3.04194	0
3.80592	-3.05288	0.335911	3.80592	-3.05288	0
4.80695	-3.00078	0.324317	4.80695	-3.00078	0
5.87308	-3.04087	0.330232	5.87308	-3.04087	0
6.94026	-3.03092	0.330414	6.94026	-3.03092	0
8.00928	-3.06933	0.321555	8.00928	-3.06933	0
8.99661	-3.02785	0.327098	8.99661	-3.02785	0
10.0899	-2.97124	0.320746	10.0899	-2.97124	0
11.0634	-3.01172	0.279899	11.0634	-3.01172	0
-11.6417	-3.08309	0.331645	-11.6417	-3.08309	0
-10.6575	-3.07881	0.305301	-10.6575	-3.07881	0
-9.57546	-3.02215	0.297909	-9.57546	-3.02215	0
-8.58082	-3.03595	0.311628	-8.58082	-3.03595	0
-7.50694	-3.04337	0.330117	-7.50694	-3.04337	0
-6.49777	-3.02791	0.31381	-6.49777	-3.02791	0
-5.42673	-2.9888	0.326892	-5.42673	-2.9888	0
-4.46072	-2.97983	0.33804	-4.46072	-2.97983	0
-3.38879	-2.99084	0.303722	-3.38879	-2.99084	0
-2.3581	-2.95774	0.324173	-2.3581	-2.95774	0
-1.29549	-2.91254	0.299621	-1.29549	-2.91254	0
-0.32203	-1.95193	0.357332	-0.32203	-1.95193	0
0.699305	-1.90618	0.33087	0.699305	-1.90618	0
1.71153	-1.96931	0.311553	1.71153	-1.96931	0
2.7278	-1.96525	0.31773	2.7278	-1.96525	0
3.80162	-1.9476	0.282645	3.80162	-1.9476	0
4.85919	-1.97853	0.313406	4.85919	-1.97853	0
5.86282	-1.98648	0.332339	5.86282	-1.98648	0
6.91324	-2.02885	0.327466	6.91324	-2.02885	0
7.91086	-2.0136	0.325561	7.91086	-2.0136	0
8.97119	-1.99602	0.333772	8.97119	-1.99602	0
10.1076	-1.97379	0.330315	10.1076	-1.97379	0
11.0979	-1.97457	0.326484	11.0979	-1.97457	0
-11.6497	-1.988	0.325581	-11.6497	-1.988	0
-10.6345	-2.0415	0.330147	-10.6345	-2.0415	0
-9.68273	-2.0043	0.304876	-9.68273	-2.0043	0
-8.57562	-2.0015	0.346333	-8.57562	-2.0015	0
-7.50135	-2.02864	0.308294	-7.50135	-2.02864	0
-6.462	-1.99945	0.318468	-6.462	-1.99945	0
-5.38238	-1.94055	0.331958	-5.38238	-1.94055	0
-4.41301	-1.94961	0.297834	-4.41301	-1.94961	0
-3.41906	-1.95334	0.344343	-3.41906	-1.95334	0
-2.39684	-1.96772	0.324908	-2.39684	-1.96772	0
-1.41119	-1.89575	0.345385	-1.41119	-1.89575	0
-0.323512	-0.890971	0.3254	-0.323512	-0.890971	0
0.752791	-0.916029	0.327079	0.752791	-0.916029	0
1.79397	-0.946286	0.324557	1.79397	-0.946286	0
2.84431	-0.984637	0.326232	2.84431	-0.984637	0
3.8612	-0.945415	0.323339	3.8612	-0.945415	0
4.91249	-0.841901	0.322462	4.91249	-0.841901	0
5.95583	-0.929356	0.343171	5.95583	-0.929356	0
6.95421	-0.992196	0.339746	6.95421	-0.992196	0
8.02995	-0.954304	0.306899	8.02995	-0.954304	0
9.02534	-0.92037	0.299099	9.02534	-0.92037	0
10.0038	-0.946514	0.325602	10.0038	-0.946514	0
11.1377	-0.895891	0.297184	11.1377	-0.895891	0
-11.5571	-0.978495	0.318551	-11.5571	-0.978495	0
-10.5974	-0.937008	0.327007	-10.5974	-0.937008	0
-9.53263	-0.984661	0.309015	-9.53263	-0.984661	0
-8.53442	-0.988141	0.316115	-8.53442	-0.988141	0
-7.53275	-0.941049	0.318211	-7.53275	-0.941049	0
-6.51629	-0.9422	0.331517	-6.51629	-0.9422	0
-5.45744	-0.934729	0.314018	-5.45744	-0.934729	0
-4.40624	-0.899682	0.310757	-4.40624	-0.899682	0
-3.42403	-0.866152	0.29613	-3.42403	-0.866152	0
-2.40096	-0.973153	0.324113	-2.40096	-0.973153	0
-1.32863	-0.931095	0.297478	-1.32863	-0.931095	0
