-0.604871	-0.226534	-0.331001	-0.604871	-0.226534	0
0.438612	-0.258443	-0.296873	0.438612	-0.258443	0
1.44892	-0.204108	-0.304275	1.44892	-0.204108	0
2.50333	-0.256818	-0.326409	2.50333	-0.256818	0
3.47415	-0.228213	-0.340355	3.47415	-0.228213	0
4.50513	-0.266283	-0.320772	4.50513	-0.266283	0
5.5373	-0.226253	-0.316346	5.5373	-0.226253	0
6.57392	-0.232088	-0.312678	6.57392	-0.232088	0
7.65841	-0.21067	-0.30761	7.65841	-0.21067	0
8.72671	-0.316589	-0.330964	8.72671	-0.316589	0
9.7223	-0.24978	-0.330272	9.7223	-0.24978	0
10.7164	-0.258837	-0.350855	10.7164	-0.258837	0
11.7417	-0.28585	-0.320695	11.7417	-0.28585	0
-11.0133	-0.274011	-0.32455	-11.0133	-0.274011	0
-9.91784	-0.250886	-0.328299	-9.91784	-0.250886	0
-8.866	-0.267632	-0.314192	-8.866	-0.267632	0
-7.79171	-0.216488	-0.328689	-7.79171	-0.216488	0
-6.83253	-0.24874	-0.320483	-6.83253	-0.24874	0
-5.85436	-0.287307	-0.325468	-5.85436	-0.287307	0
-4.7936	-0.306322	-0.302877	-4.7936	-0.306322	0
-3.7774	-0.264195	-0.351599	-3.7774	-0.264195	0
-2.7533	-0.227039	-0.308323	-2.7533	-0.227039	0
-1.71101	-0.259151	-0.306236	-1.71101	-0.259151	0
-0.653456	0.779317	-0.337708	-0.653456	0.779317	0
0.384211	0.767906	-0.330067	0.384211	0.767906	0
1.38694	0.795724	-0.304592	1.38694	0.795724	0
2.46344	0.827596	-0.33538	2.46344	0.827596	0
3.466	0.869782	-0.335636	3.466	0.869782	0
4.5149	0.789347	-0.304254	4.5149	0.789347	0
5.53289	0.773478	-0.322167	5.53289	0.773478	0
6.64203	0.735827	-0.334092	6.64203	0.735827	0
7.6842	0.783474	-0.323676	7.6842	0.783474	0
8.71243	0.748173	-0.33256	8.71243	0.748173	0
9.70388	0.732069	-0.295105	9.70388	0.732069	0
10.7449	0.806166	-0.325558	10.7449	0.806166	0
11.7547	0.758977	-0.325692	11.7547	0.758977	0
-10.9932	0.770479	-0.313005	-10.9932	0.770479	0
-9.98373	0.749575	-0.341957	-9.98373	0.749575	0
-8.93518	0.698307	-0.304846	-8.93518	0.698307	0
-7.89368	0.793352	-0.321984	-7.89368	0.793352	0
-6.84307	0.764448	-0.331023	-6.84307	0.764448	0
-5.85955	0.781429	-0.336535	-5.85955	0.781429	0
-4.83315	0.739874	-0.309716	-4.83315	0.739874	0
-3.75811	0.754371	-0.310239	-3.75811	0.754371	0
-2.74125	0.814441	-0.303074	-2.74125	0.814441	0
-1.657	0.779158	-0.330891	-1.657	0.779158	0
-0.636726	1.80647	-0.321609	-0.636726	1.80647	0
0.399306	1.82542	-0.298238	0.399306	1.82542	0
1.41695	1.85726	-0.317106	1.41695	1.85726	0
2.42909	1.84782	-0.303355	2.42909	1.84782	0
3.45793	1.81454	-0.299201	3.45793	1.81454	0
4.45207	1.81267	-0.345556	4.45207	1.81267	0
5.47327	1.81369	-0.334665	5.47327	1.81369	0
6.53783	1.81079	-0.34867	6.53783	1.81079	0
7.61805	1.7637	-0.312681	7.61805	1.7637	0
8.72569	1.80309	-0.333033	8.72569	1.80309	0
9.67424	1.78241	-0.287485	9.67424	1.78241	0
10.789	1.77828	-0.280472	10.789	1.77828	0
11.7686	1.77392	-0.292495	11.7686	1.77392	0
-10.9741	1.77104	-0.318987	-10.9741	1.77104	0
-9.95869	1.74087	-0.338134	-9.95869	1.74087	0
-8.92914	1.73744	-0.304905	-8.92914	1.73744	0
-7.84136	1.82053	-0.330531	-7.84136	1.82053	0
-6.79924	1.74722	-0.323389	-6.79924	1.74722	0
-5.79863	1.74264	-0.333055	-5.79863	1.74264	0
-4.78106	1.8004	-0.324788	-4.78106	1.8004	0
-3.79778	1.74863	-0.310351	-3.79778	1.74863	0
-2.73836	1.79347	-0.305905	-2.73836	1.79347	0
-1.65487	1.75868	-0.314211	-1.65487	1.75868	0
-0.685497	2.85023	-0.315808	-0.685497	2.85023	0
0.318719	2.86972	-0.313185	0.318719	2.86972	0
1.36336	2.90429	-0.308365	1.36336	2.90429	0
2.39173	2.85493	-0.319135	2.39173	2.85493	0
3.45877	2.8817	-0.293554	3.45877	2.8817	0
4.46564	2.82635	-0.313073	4.46564	2.82635	0
5.55296	2.79999	-0.313777	5.55296	2.79999	0
6.54782	2.80999	-0.333226	6.54782	2.80999	0
7.63937	2.82797	-0.31722	7.63937	2.82797	0
8.69103	2.85154	-0.303128	8.69103	2.85154	0
9.69208	2.78303	-0.313288	9.69208	2.78303	0
10.7392	2.81559	-0.309552	10.7392	2.81559	0
11.7706	2.78799	-0.292243	11.7706	2.78799	0
-10.9263	2.78502	-0.310909	-10.9263	2.78502	0
-9.91547	2.79265	-0.314314	-9.91547	2.79265	0
-8.92077	2.8069	-0.333983	-8.92077	2.8069	0
-7.86806	2.8732	-0.336857	-7.86806	2.8732	0
-6.8423	2.78237	-0.345281	-6.8423	2.78237	0
-5.81428	2.79223	-0.296072	-5.81428	2.79223	0
-4.75028	2.8263	-0.318109	-4.75028	2.8263	0
-3.77394	2.7628	-0.305694	-3.77394	2.7628	0
-2.72521	2.81678	-0.263853	-2.72521	2.81678	0
-1.72655	2.81112	-0.303503	-1.72655	2.81112	0
-0.709387	3.87352	-0.328785	-0.709387	3.87352	0
0.352477	3.87401	-0.329468	0.352477	3.87401	0
1.4174	3.92263	-0.31006	1.4174	3.92263	0
2.4316	3.89613	-0.320109	2.4316	3.89613	0
3.43044	3.8946	-0.285758	3.43044	3.8946	0
4.50899	3.82257	-0.310032	4.50899	3.82257	0
5.58983	3.86097	-0.30936	5.58983	3.86097	0
6.61936	3.88413	-0.285208	6.61936	3.88413	0
7.6358	3.79303	-0.306915	7.6358	3.79303	0
8.63735	3.84882	-0.312494	8.63735	3.84882	0
9.6713	3.83934	-0.30675	9.6713	3.83934	0
10.755	3.8218	-0.310171	10.755	3.8218	0
11.7661	3.84029	-0.286064	11.7661	3.84029	0
-10.9882	3.8701	-0.30915	-10.9882	3.8701	0
-9.92815	3.8648	-0.321041	-9.92815	3.8648	0
-8.89496	3.84502	-0.319053	-8.89496	3.84502	0
-7.79288	3.90653	-0.306053	-7.79288	3.90653	0
-6.75958	3.82925	-0.288223	-6.75958	3.82925	0
-5.77133	3.82965	-0.343872	-5.77133	3.82965	0
-4.76669	3.83034	-0.299516	-4.76669	3.83034	0
-3.72399	3.85162	-0.329005	-3.72399	3.85162	0
-2.73295	3.81936	-0.31153	-2.73295	3.81936	0
-1.71499	3.84743	-0.318376	-1.71499	3.84743	0
-0.678553	4.86694	-0.339105	-0.678553	4.86694	0
0.365126	4.96229	-0.330466	0.365126	4.96229	0
1.38446	4.94898	-0.325227	1.38446	4.94898	0
2.36924	4.94318	-0.315283	2.36924	4.94318	0
3.48771	4.93831	-0.316283	3.48771	4.93831	0
4.46301	4.84299	-0.326708	4.46301	4.84299	0
5.53917	4.8798	-0.30422	5.53917	4.8798	0
6.57557	4.86006	-0.284788	6.57557	4.86006	0
7.5673	4.88846	-0.332771	7.5673	4.88846	0
8.6273	4.86137	-0.33859	8.6273	4.86137	0
9.67877	4.91699	-0.306088	9.67877	4.91699	0
10.7387	4.84515	-0.316961	10.7387	4.84515	0
11.794	4.83325	-0.320774	11.794	4.83325	0
-10.9804	4.85873	-0.328372	-10.9804	4.85873	0
-9.92525	4.88654	-0.319987	-9.92525	4.88654	0
-8.85914	4.88401	-0.278617	-8.85914	4.88401	0
-7.86673	4.88337	-0.27892	-7.86673	4.88337	0
-6.77061	4.88551	-0.29481	-6.77061	4.88551	0
-5.75443	4.88735	-0.306782	-5.75443	4.88735	0
-4.72237	4.86011	-0.328154	-4.72237	4.86011	0
-3.67012	4.9221	-0.339522	-3.67012	4.9221	0
-2.66508	4.87696	-0.320586	-2.66508	4.87696	0
-1.6953	4.86607	-0.316824	-1.6953	4.86607	0
-0.664107	5.98084	-0.281298	-0.664107	5.98084	0
0.390392	5.97914	-0.29853	0.390392	5.97914	0
1.42336	5.9943	-0.348283	1.42336	5.9943	0
2.41235	6.02697	-0.349319	2.41235	6.02697	0
3.45386	5.96025	-0.321861	3.45386	5.96025	0
4.50499	5.9382	-0.320941	4.50499	5.9382	0
5.52682	5.94394	-0.314831	5.52682	5.94394	0
6.54263	5.94395	-0.31212	6.54263	5.94395	0
7.57731	5.93581	-0.297333	7.57731	5.93581	0
8.60072	5.93869	-0.30981	8.60072	5.93869	0
9.62916	5.89142	-0.284992	9.62916	5.89142	0
10.7341	5.8806	-0.325484	10.7341	5.8806	0
11.7597	5.88266	-0.312726	11.7597	5.88266	0
-10.9677	5.96028	-0.301571	-10.9677	5.96028	0
-9.88965	5.92244	-0.289144	-9.88965	5.92244	0
-8.87908	5.87738	-0.333619	-8.87908	5.87738	0
-7.90373	5.90102	-0.333252	-7.90373	5.90102	0
-6.81553	5.90077	-0.324076	-6.81553	5.90077	0
-5.70307	5.87392	-0.316286	-5.70307	5.87392	0
-4.65323	5.92049	-0.320577	-4.65323	5.92049	0
-3.72095	5.90748	-0.291288	-3.72095	5.90748	0
-2.6786	5.89039	-0.338264	-2.6786	5.89039	0
-1.64812	5.91869	-0.32282	-1.64812	5.91869	0
-0.680203	6.95902	-0.30062	-0.680203	6.95902	0
0.380525	6.99551	-0.304075	0.380525	6.99551	0
1.38505	7.02398	-0.349333	1.38505	7.02398	0
2.43776	6.99274	-0.331588	2.43776	6.99274	0
3.40412	6.96078	-0.320695	3.40412	6.96078	0
4.49623	6.94225	-0.312197	4.49623	6.94225	0
5.55927	6.99975	-0.312791	5.55927	6.99975	0
6.58105	6.98217	-0.320737	6.58105	6.98217	0
7.58417	6.95965	-0.314937	7.58417	6.95965	0
8.64967	6.92558	-0.316501	8.64967	6.92558	0
9.73046	6.95504	-0.290043	9.73046	6.95504	0
10.7738	6.86018	-0.296447	10.7738	6.86018	0
11.7867	6.89819	-0.313211	11.7867	6.89819	0
-10.9795	6.91729	-0.318328	-10.9795	6.91729	0
-9.99451	7.00293	-0.320885	-9.99451	7.00293	0
-8.91723	6.92278	-0.302495	-8.91723	6.92278	0
-7.90777	6.9385	-0.332002	-7.90777	6.9385	0
-6.88857	6.88986	-0.316724	-6.88857	6.88986	0
-5.7759	6.91996	-0.321286	-5.7759	6.91996	0
-4.74792	6.97824	-0.312255	-4.74792	6.97824	0
-3.76889	6.97036	-0.289672	-3.76889	6.97036	0
-2.7264	6.89065	-0.322357	-2.7264	6.89065	0
-1.71884	6.98788	-0.32377	-1.71884	6.98788	0
-0.642909	8.01713	-0.297225	-0.642909	8.01713	0
0.384878	8.04558	-0.331126	0.384878	8.04558	0
1.36189	7.98364	-0.316607	1.36189	7.98364	0
2.4178	8.06956	-0.313676	2.4178	8.06956	0
3.45951	7.94906	-0.334463	3.45951	7.94906	0
4.53162	8.00021	-0.321459	4.53162	8.00021	0
5.55912	7.97248	-0.278878	5.55912	7.97248	0
6.57238	7.95413	-0.313878	6.57238	7.95413	0
7.67271	7.97026	-0.317316	7.67271	7.97026	0
8.6612	7.962	-0.323822	8.6612	7.962	0
9.65318	7.9513	-0.326661	9.65318	7.9513	0
10.7118	7.9081	-0.308325	10.7118	7.9081	0
11.7027	7.90575	-0.292326	11.7027	7.90575	0
-10.9918	7.97393	-0.335516	-10.9918	7.97393	0
-9.92528	7.94463	-0.342304	-9.92528	7.94463	0
-8.90198	8.00918	-0.336848	-8.90198	8.00918	0
-7.91661	7.9874	-0.280652	-7.91661	7.9874	0
-6.86695	7.92609	-0.325314	-6.86695	7.92609	0
-5.85999	7.97663	-0.327621	-5.85999	7.97663	0
-4.83266	8.01857	-0.329053	-4.83266	8.01857	0
-3.81076	7.98594	-0.332638	-3.81076	7.98594	0
-2.73749	7.9702	-0.324107	-2.73749	7.9702	0
-1.70798	8.00904	-0.309682	-1.70798	8.00904	0
-0.668775	9.02606	-0.331987	-0.668775	9.02606	0
0.368441	9.03661	-0.329658	0.368441	9.03661	0
1.41099	9.06733	-0.350246	1.41099	9.06733	0
2.43519	9.11125	-0.32481	2.43519	9.11125	0
3.49022	9.00957	-0.323022	3.49022	9.00957	0
4.46963	9.00177	-0.31522	4.46963	9.00177	0
5.5749	8.99428	-0.330404	5.5749	8.99428	0
6.63656	9.02191	-0.295827	6.63656	9.02191	0
7.65332	9.05648	-0.337267	7.65332	9.05648	0
8.6845	9.05465	-0.324879	8.6845	9.05465	0
9.64171	9.00522	-0.338031	9.64171	9.00522	0
10.7042	8.94685	-0.285212	10.7042	8.94685	0
11.7604	8.95824	-0.306701	11.7604	8.95824	0
-11.0152	8.9649	-0.334423	-11.0152	8.9649	0
-9.97879	8.99999	-0.324886	-9.97879	8.99999	0
-8.95054	8.99271	-0.321989	-8.95054	8.99271	0
-7.92144	9.03237	-0.314632	-7.92144	9.03237	0
-6.91995	9.07126	-0.308503	-6.91995	9.07126	0
-5.9079	9.07516	-0.302577	-5.9079	9.07516	0
-4.89204	9.01934	-0.307723	-4.89204	9.01934	0
-3.80988	9.00052	-0.312175	-3.80988	9.00052	0
-2.76218	8.98689	-0.30997	-2.76218	8.98689	0
-1.68777	9.06344	-0.303254	-1.68777	9.06344	0
-0.737765	10.0911	-0.316845	-0.737765	10.0911	0
0.373657	10.0847	-0.290356	0.373657	10.0847	0
1.43486	10.095	-0.337102	1.43486	10.095	0
2.42403	10.0941	-0.311565	2.42403	10.0941	0
3.46477	10.0458	-0.278858	3.46477	10.0458	0
4.49829	10.083	-0.311409	4.49829	10.083	0
5.53787	10.044	-0.304224	5.53787	10.044	0
6.62041	10.0453	-0.313439	6.62041	10.0453	0
7.62887	10.0366	-0.335221	7.62887	10.0366	0
8.67696	10.065	-0.301097	8.67696	10.065	0
9.69713	10.0447	-0.283779	9.69713	10.0447	0
10.7285	9.9646	-0.351242	10.7285	9.9646	0
11.7696	9.97239	-0.351701	11.7696	9.97239	0
-11.0725	10.0077	-0.316862	-11.0725	10.0077	0
-10.0368	10.0484	-0.304246	-10.0368	10.0484	0
-8.97122	10.0488	-0.347965	-8.97122	10.0488	0
-7.94059	10.0837	-0.3317	-7.94059	10.0837	0
-6.92914	10.0909	-0.278274	-6.92914	10.0909	0
-5.84772	10.104	-0.34605	-5.84772	10.104	0
-4.82756	10.0257	-0.296671	-4.82756	10.0257	0
-3.78001	9.96433	-0.325597	-3.78001	9.96433	0
-2.78616	10.0108	-0.335907	-2.78616	10.0108	0
-1.78303	10.0994	-0.323985	-1.78303	10.0994	0
-0.730799	11.1129	-0.317168	-0.730799	11.1129	0
0.359868	11.1205	-0.326133	0.359868	11.1205	0
1.40388	11.1081	-0.303846	1.40388	11.1081	0
2.40765	11.0877	-0.326961	2.40765	11.0877	0
3.48637	11.1022	-0.320312	3.48637	11.1022	0
4.50218	11.0731	-0.329713	4.50218	11.0731	0
5.58032	11.1005	-0.305227	5.58032	11.1005	0
6.65393	11.1248	-0.320107	6.65393	11.1248	0
7.64947	11.0921	-0.300495	7.64947	11.0921	0
8.69844	11.0732	-0.306978	8.69844	11.0732	0
9.67382	10.9919	-0.303477	9.67382	10.9919	0
10.7614	10.9873	-0.31608	10.7614	10.9873	0
11.78	11.044	-0.297181	11.78	11.044	0
-11.0147	11.0075	-0.286178	-11.0147	11.0075	0
-9.99501	11.0877	-0.311425	-9.99501	11.0877	0
-8.99742	11.1146	-0.330495	-8.99742	11.1146	0
-7.88659	11.1264	-0.303865	-7.88659	11.1264	0
-6.89584	11.1119	-0.293624	-6.89584	11.1119	0
-5.88955	11.1228	-0.299884	-5.88955	11.1228	0
-4.83822	11.0881	-0.336797	-4.83822	11.0881	0
-3.79589	10.9949	-0.288392	-3.79589	10.9949	0
-2.83046	11.0482	-0.339797	-2.83046	11.0482	0
-1.8057	11.0818	-0.319905	-1.8057	11.0818	0
-0.694691	-11.6522	-0.312463	-0.694691	-11.6522	0
0.343589	-11.6001	-0.312284	0.343589	-11.6001	0
1.38465	-11.6485	-0.321699	1.38465	-11.6485	0
2.43415	-11.6795	-0.327174	2.43415	-11.6795	0
3.52769	-11.6139	-0.306321	3.52769	-11.6139	0
4.56726	-11.6195	-0.326675	4.56726	-11.6195	0
5.64967	-11.6409	-0.333334	5.64967	-11.6409	0
6.65416	-11.669	-0.339424	6.65416	-11.669	0
7.72375	-11.6686	-0.319312	7.72375	-11.6686	0
8.76487	-11.6809	-0.3368	8.76487	-11.6809	0
9.73865	-11.7315	-0.32886	9.73865	-11.7315	0
10.7468	-11.7347	-0.318847	10.7468	-11.7347	0
11.7753	-11.6996	-0.340846	11.7753	-11.6996	0
-10.9985	-11.7262	-0.338338	-10.9985	-11.7262	0
-9.98531	-11.6685	-0.327079	-9.98531	-11.6685	0
-8.97028	-11.6054	-0.298705	-8.97028	-11.6054	0
-7.9199	-11.6155	-0.292928	-7.9199	-11.6155	0
-6.88624	-11.6779	-0.347423	-6.88624	-11.6779	0
-5.90057	-11.7007	-0.321144	-5.90057	-11.7007	0
-4.79159	-11.7113	-0.316401	-4.79159	-11.7113	0
-3.81337	-11.7319	-0.316438	-3.81337	-11.7319	0
-2.77902	-11.6783	-0.326083	-2.77902	-11.6783	0
-1.738	-11.6534	-0.313174	-1.738	-11.6534	0
-0.684398	-10.6268	-0.31057	-0.684398	-10.6268	0
0.33211	-10.6564	-0.319346	0.33211	-10.6564	0
1.40778	-10.6043	-0.285166	1.40778	-10.6043	0
2.42277	-10.5955	-0.294532	2.42277	-10.5955	0
3.53424	-10.6162	-0.30667	3.53424	-10.6162	0
4.50281	-10.5935	-0.300962	4.50281	-10.5935	0
5.58463	-10.5725	-0.327055	5.58463	-10.5725	0
6.63589	-10.6093	-0.337146	6.63589	-10.6093	0
7.63948	-10.5997	-0.316585	7.63948	-10.5997	0
8.67487	-10.6518	-0.341148	8.67487	-10.6518	0
9.72737	-10.6639	-0.315185	9.72737	-10.6639	0
10.775	-10.6831	-0.3165	10.775	-10.6831	0
11.7437	-10.6957	-0.335328	11.7437	-10.6957	0
-11.0261	-10.6583	-0.317575	-11.0261	-10.6583	0
-9.99888	-10.6498	-0.304035	-9.99888	-10.6498	0
-8.93391	-10.6322	-0.320825	-8.93391	-10.6322	0
-7.89084	-10.5814	-0.316532	-7.89084	-10.5814	0
-6.88379	-10.5617	-0.339159	-6.88379	-10.5617	0
-5.8447	-10.6624	-0.329932	-5.8447	-10.6624	0
-4.79884	-10.6082	-0.323431	-4.79884	-10.6082	0
-3.7332	-10.6856	-0.325812	-3.7332	-10.6856	0
-2.7002	-10.68	-0.311024	-2.7002	-10.68	0
-1.69226	-10.6201	-0.297334	-1.69226	-10.6201	0
-0.632451	-9.61314	-0.308805	-0.632451	-9.61314	0
0.456032	-9.55633	-0.33406	0.456032	-9.55633	0
1.44663	-9.58403	-0.315424	1.44663	-9.58403	0
2.54257	-9.61215	-0.322739	2.54257	-9.61215	0
3.56358	-9.59682	-0.344555	3.56358	-9.59682	0
4.59486	-9.56875	-0.313211	4.59486	-9.56875	0
5.58418	-9.54817	-0.326909	5.58418	-9.54817	0
6.63315	-9.57619	-0.308341	6.63315	-9.57619	0
7.66523	-9.53778	-0.315105	7.66523	-9.53778	0
8.7013	-9.56426	-0.318849	8.7013	-9.56426	0
9.67816	-9.63033	-0.322547	9.67816	-9.63033	0
10.7231	-9.68308	-0.344788	10.7231	-9.68308	0
11.8117	-9.67013	-0.304404	11.8117	-9.67013	0
-10.9793	-9.65379	-0.320246	-10.9793	-9.65379	0
-9.97046	-9.60009	-0.32084	-9.97046	-9.60009	0
-8.91617	-9.61595	-0.329586	-8.91617	-9.61595	0
-7.87853	-9.60201	-0.297757	-7.87853	-9.60201	0
-6.89466	-9.53883	-0.305228	-6.89466	-9.53883	0
-5.79352	-9.61037	-0.340646	-5.79352	-9.61037	0
-4.72768	-9.63275	-0.309367	-4.72768	-9.63275	0
-3.73986	-9.64736	-0.32317	-3.73986	-9.64736	0
-2.68565	-9.61115	-0.330124	-2.68565	-9.61115	0
-1.65415	-9.56649	-0.305972	-1.65415	-9.56649	0
-0.604151	-8.50893	-0.324708	-0.604151	-8.50893	0
0.433682	-8.57563	-0.34041	0.433682	-8.57563	0
1.5132	-8.54827	-0.313818	1.5132	-8.54827	0
2.54898	-8.58214	-0.289602	2.54898	-8.58214	0
3.55517	-8.53931	-0.31294	3.55517	-8.53931	0
4.59877	-8.55006	-0.295934	4.59877	-8.55006	0
5.58823	-8.4901	-0.325752	5.58823	-8.4901	0
6.57699	-8.53409	-0.334681	6.57699	-8.53409	0
7.63286	-8.51849	-0.308742	7.63286	-8.51849	0
8.71528	-8.58183	-0.300888	8.71528	-8.58183	0
9.74525	-8.57219	-0.294891	9.74525	-8.57219	0
10.7345	-8.58065	-0.33867	10.7345	-8.58065	0
11.7821	-8.64811	-0.321087	11.7821	-8.64811	0
-11.0412	-8.6285	-0.325387	-11.0412	-8.6285	0
-9.93736	-8.57693	-0.328733	-9.93736	-8.57693	0
-8.90353	-8.55237	-0.303117	-8.90353	-8.55237	0
-7.88232	-8.52734	-0.30385	-7.88232	-8.52734	0
-6.82234	-8.55257	-0.331255	-6.82234	-8.55257	0
-5.8397	-8.5411	-0.299757	-5.8397	-8.5411	0
-4.81648	-8.5343	-0.316704	-4.81648	-8.5343	0
-3.73433	-8.63463	-0.300217	-3.73433	-8.63463	0
-2.66832	-8.5761	-0.309846	-2.66832	-8.5761	0
-1.66766	-8.58733	-0.325154	-1.66766	-8.58733	0
-0.623492	-7.49342	-0.268912	-0.623492	-7.49342	0
0.376269	-7.54846	-0.308425	0.376269	-7.54846	0
1.48974	-7.54655	-0.339782	1.48974	-7.54655	0
2.48153	-7.57992	-0.322152	2.48153	-7.57992	0
3.50045	-7.56302	-0.292016	3.50045	-7.56302	0
4.59577	-7.49564	-0.306727	4.59577	-7.49564	0
5.6041	-7.44462	-0.318243	5.6041	-7.44462	0
6.62465	-7.56106	-0.334299	6.62465	-7.56106	0
7.62554	-7.55587	-0.325595	7.62554	-7.55587	0
8.73184	-7.5033	-0.295768	8.73184	-7.5033	0
9.76148	-7.52729	-0.315031	9.76148	-7.52729	0
10.8226	-7.60239	-0.306838	10.8226	-7.60239	0
11.7901	-7.57743	-0.345507	11.7901	-7.57743	0
-10.9847	-7.57866	-0.322711	-10.9847	-7.57866	0
-9.96805	-7.57835	-0.339664	-9.96805	-7.57835	0
-8.91106	-7.50663	-0.301127	-8.91106	-7.50663	0
-7.82482	-7.43733	-0.298634	-7.82482	-7.43733	0
-6.82986	-7.49456	-0.310185	-6.82986	-7.49456	0
-5.8285	-7.54326	-0.318597	-5.8285	-7.54326	0
-4.72558	-7.52807	-0.295474	-4.72558	-7.52807	0
-3.70651	-7.52918	-0.316047	-3.70651	-7.52918	0
-2.67239	-7.54192	-0.302911	-2.67239	-7.54192	0
-1.64448	-7.51779	-0.309958	-1.64448	-7.51779	0
-0.59177	-6.47125	-0.298892	-0.59177	-6.47125	0
0.413266	-6.46317	-0.306628	0.413266	-6.46317	0
1.42061	-6.53537	-0.303885	1.42061	-6.53537	0
2.46142	-6.45169	-0.322369	2.46142	-6.45169	0
3.51638	-6.51993	-0.307026	3.51638	-6.51993	0
4.54987	-6.44563	-0.307997	4.54987	-6.44563	0
5.63092	-6.44464	-0.31482	5.63092	-6.44464	0
6.64911	-6.53558	-0.347977	6.64911	-6.53558	0
7.71174	-6.54486	-0.277859	7.71174	-6.54486	0
8.7286	-6.46472	-0.321594	8.7286	-6.46472	0
9.75474	-6.49469	-0.330042	9.75474	-6.49469	0
10.8296	-6.57139	-0.320195	10.8296	-6.57139	0
11.8148	-6.57228	-0.341195	11.8148	-6.57228	0
-10.8448	-6.53411	-0.305287	-10.8448	-6.53411	0
-9.85931	-6.45827	-0.298165	-9.85931	-6.45827	0
-8.89134	-6.44527	-0.319205	-8.89134	-6.44527	0
-7.81994	-6.48735	-0.318318	-7.81994	-6.48735	0
-6.82494	-6.40916	-0.324541	-6.82494	-6.40916	0
-5.77282	-6.43791	-0.312184	-5.77282	-6.43791	0
-4.71506	-6.51008	-0.356307	-4.71506	-6.51008	0
-3.72599	-6.48055	-0.320535	-3.72599	-6.48055	0
-2.65928	-6.45696	-0.33308	-2.65928	-6.45696	0
-1.65891	-6.44494	-0.330533	-1.65891	-6.44494	0
-0.633999	-5.49117	-0.329411	-0.633999	-5.49117	0
0.44265	-5.44263	-0.318566	0.44265	-5.44263	0
1.45934	-5.45792	-0.304544	1.45934	-5.45792	0
2.52081	-5.44863	-0.314134	2.52081	-5.44863	0
3.57347	-5.52105	-0.33801	3.57347	-5.52105	0
4.61486	-5.40381	-0.295603	4.61486	-5.40381	0
5.66605	-5.41075	-0.315375	5.66605	-5.41075	0
6.65861	-5.51514	-0.31977	6.65861	-5.51514	0
7.71589	-5.52553	-0.317782	7.71589	-5.52553	0
8.74267	-5.4772	-0.292696	8.74267	-5.4772	0
9.79925	-5.47268	-0.293852	9.79925	-5.47268	0
10.8153	-5.55155	-0.326903	10.8153	-5.55155	0
11.8463	-5.54079	-0.3193	11.8463	-5.54079	0
-10.9232	-5.50498	-0.304727	-10.9232	-5.50498	0
-9.8433	-5.41169	-0.348725	-9.8433	-5.41169	0
-8.80945	-5.45139	-0.312821	-8.80945	-5.45139	0
-7.76708	-5.41886	-0.320341	-7.76708	-5.41886	0
-6.74684	-5.41514	-0.300827	-6.74684	-5.41514	0
-5.75718	-5.39397	-0.330807	-5.75718	-5.39397	0
-4.7113	-5.47074	-0.328731	-4.7113	-5.47074	0
-3.68974	-5.46577	-0.306547	-3.68974	-5.46577	0
-2.61435	-5.45967	-0.318371	-2.61435	-5.45967	0
-1.61393	-5.36318	-0.275214	-1.61393	-5.36318	0
-0.548731	-4.34088	-0.312254	-0.548731	-4.34088	0
0.468093	-4.31831	-0.323532	0.468093	-4.31831	0
1.49394	-4.38805	-0.339976	1.49394	-4.38805	0
2.55823	-4.40396	-0.308076	2.55823	-4.40396	0
3.60017	-4.36959	-0.327539	3.60017	-4.36959	0
4.65383	-4.3602	-0.29374	4.65383	-4.3602	0
5.66603	-4.37629	-0.314092	5.66603	-4.37629	0
6.71866	-4.41758	-0.308834	6.71866	-4.41758	0
7.69372	-4.47776	-0.322455	7.69372	-4.47776	0
8.76608	-4.44012	-0.342437	8.76608	-4.44012	0
9.82717	-4.41617	-0.349259	9.82717	-4.41617	0
10.7749	-4.43442	-0.351198	10.7749	-4.43442	0
11.775	-4.52815	-0.344706	11.775	-4.52815	0
-10.9428	-4.49932	-0.323272	-10.9428	-4.49932	0
-9.9114	-4.3908	-0.3059	-9.9114	-4.3908	0
-8.85161	-4.38255	-0.33806	-8.85161	-4.38255	0
-7.8021	-4.32797	-0.295234	-7.8021	-4.32797	0
-6.81482	-4.33452	-0.330013	-6.81482	-4.33452	0
-5.7725	-4.39906	-0.318698	-5.7725	-4.39906	0
-4.75356	-4.39396	-0.307597	-4.75356	-4.39396	0
-3.71942	-4.39584	-0.297869	-3.71942	-4.39584	0
-2.65417	-4.39075	-0.324034	-2.65417	-4.39075	0
-1.58632	-4.37394	-0.316503	-1.58632	-4.37394	0
-0.54272	-3.37618	-0.290946	-0.54272	-3.37618	0
0.459678	-3.33207	-0.329328	0.459678	-3.33207	0
1.4426	-3.38991	-0.347473	1.4426	-3.38991	0
2.56272	-3.37066	-0.27047	2.56272	-3.37066	0
3.54177	-3.33877	-0.299764	3.54177	-3.33877	0
4.61034	-3.36739	-0.329401	4.61034	-3.36739	0
5.61871	-3.33425	-0.303952	5.61871	-3.33425	0
6.70162	-3.32149	-0.333396	6.70162	-3.32149	0
7.72509	-3.33937	-0.30214	7.72509	-3.33937	0
8.7886	-3.38572	-0.309227	8.7886	-3.38572	0
9.7502	-3.3406	-0.307276	9.7502	-3.3406	0
10.8269	-3.3941	-0.321184	10.8269	-3.3941	0
11.8558	-3.43079	-0.306362	11.8558	-3.43079	0
-10.9541	-3.44633	-0.29771	-10.9541	-3.44633	0
-9.92252	-3.36137	-0.319203	-9.92252	-3.36137	0
-8.85744	-3.33602	-0.33341	-8.85744	-3.33602	0
-7.83975	-3.32529	-0.312043	-7.83975	-3.32529	0
-6.77141	-3.2591	-0.311526	-6.77141	-3.2591	0
-5.79365	-3.37894	-0.319741	-5.79365	-3.37894	0
-4.76339	-3.40264	-0.332547	-4.76339	-3.40264	0
-3.66712	-3.3592	-0.308221	-3.66712	-3.3592	0
-2.64239	-3.34391	-0.354609	-2.64239	-3.34391	0
-1.61453	-3.37468	-0.336534	-1.61453	-3.37468	0
-0.632631	-2.30487	-0.320095	-0.632631	-2.30487	0
0.441828	-2.31987	-0.324876	0.441828	-2.31987	0
1.42868	-2.3484	-0.31459	1.42868	-2.3484	0
2.46058	-2.32379	-0.310475	2.46058	-2.32379	0
3.50146	-2.33115	-0.301418	3.50146	-2.33115	0
4.55468	-2.29462	-0.335751	4.55468	-2.29462	0
5.5664	-2.31503	-0.322881	5.5664	-2.31503	0
6.59979	-2.31633	-0.306755	6.59979	-2.31633	0
7.71554	-2.32024	-0.29188	7.71554	-2.32024	0
8.73733	-2.37133	-0.310672	8.73733	-2.37133	0
9.75914	-2.33818	-0.330264	9.75914	-2.33818	0
10.7789	-2.29095	-0.339014	10.7789	-2.29095	0
11.8272	-2.31912	-0.325868	11.8272	-2.31912	0
-10.9948	-2.35488	-0.307157	-10.9948	-2.35488	0
-9.93339	-2.31813	-0.320115	-9.93339	-2.31813	0
-8.90677	-2.28041	-0.336007	-8.90677	-2.28041	0
-7.84579	-2.27679	-0.296687	-7.84579	-2.27679	0
-6.81287	-2.28436	-0.336719	-6.81287	-2.28436	0
-5.81056	-2.34282	-0.319481	-5.81056	-2.34282	0
-4.72177	-2.3947	-0.333007	-4.72177	-2.3947	0
-3.64044	-2.32356	-0.309229	-3.64044	-2.32356	0
-2.62779	-2.32081	-0.318511	-2.62779	-2.32081	0
-1.62457	-2.32594	-0.336982	-1.62457	-2.32594	0
-0.612235	-1.30306	-0.327695	-0.612235	-1.30306	0
0.43056	-1.3096	-0.310748	0.43056	-1.3096	0
1.4373	-1.27945	-0.321168	1.4373	-1.27945	0
2.44488	-1.30125	-0.300389	2.44488	-1.30125	0
3.48165	-1.28924	-0.329704	3.48165	-1.28924	0
4.56159	-1.28512	-0.342123	4.56159	-1.28512	0
5.57188	-1.22841	-0.311241	5.57188	-1.22841	0
6.62467	-1.31509	-0.302167	6.62467	-1.31509	0
7.69284	-1.28979	-0.299086	7.69284	-1.28979	0
8.73091	-1.32579	-0.325726	8.73091	-1.32579	0
9.71799	-1.29712	-0.342512	9.71799	-1.29712	0
10.7789	-1.27871	-0.326659	10.7789	-1.27871	0
11.7824	-1.27223	-0.298129	11.7824	-1.27223	0
-10.8935	-1.29892	-0.338815	-10.8935	-1.29892	0
-9.87669	-1.32865	-0.32057	-9.87669	-1.32865	0
-8.87318	-1.28325	-0.30282	-8.87318	-1.28325	0
-7.86813	-1.25815	-0.332112	-7.86813	-1.25815	0
-6.82166	-1.3002	-0.344207	-6.82166	-1.3002	0
-5.8113	-1.29809	-0.355433	-5.8113	-1.29809	0
-4.73254	-1.34654	-0.32589	-4.73254	-1.34654	0
-3.6751	-1.33973	-0.305013	-3.6751	-1.33973	0
-2.67262	-1.33533	-0.296833	-2.67262	-1.33533	0
-1.65814	-1.30353	-0.297978	-1.65814	-1.30353	0
-0.12026	0.25408	0.329857	-0.12026	0.25408	0
0.924989	0.277851	0.355111	0.924989	0.277851	0
1.94869	0.33227	0.305616	1.94869	0.33227	0
2.9818	0.312974	0.315657	2.9818	0.312974	0
3.98368	0.295723	0.329333	3.98368	0.295723	0
5.07379	0.256528	0.302131	5.07379	0.256528	0
6.1089	0.295367	0.323073	6.1089	0.295367	0
7.14531	0.282432	0.327375	7.14531	0.282432	0
8.16744	0.267307	0.317198	8.16744	0.267307	0
9.18877	0.209048	0.317594	9.18877	0.209048	0
10.2088	0.249951	0.322599	10.2088	0.249951	0
11.2457	0.242947	0.312541	11.2457	0.242947	0
-11.5606	0.227778	0.312266	-11.5606	0.227778	0
-10.4842	0.249309	0.300462	-10.4842	0.249309	0
-9.44736	0.247853	0.316087	-9.44736	0.247853	0
-8.37057	0.274756	0.316696	-8.37057	0.274756	0
-7.37218	0.31399	0.353011	-7.37218	0.31399	0
-6.31489	0.243706	0.324435	-6.31489	0.243706	0
-5.34201	0.266737	0.29407	-5.34201	0.266737	0
-4.23316	0.220796	0.297486	-4.23316	0.220796	0
-3.24982	0.266841	0.31712	-3.24982	0.266841	0
-2.21382	0.286303	0.302164	-2.21382	0.286303	0
-1.13665	0.278747	0.333613	-1.13665	0.278747	0
-0.119481	1.28985	0.2995	-0.119481	1.28985	0
0.956368	1.2959	0.32805	0.956368	1.2959	0
1.95596	1.33875	0.286082	1.95596	1.33875	0
2.95461	1.38354	0.330802	2.95461	1.38354	0
3.9683	1.30918	0.306867	3.9683	1.30918	0
5.02423	1.27257	0.325108	5.02423	1.27257	0
6.06153	1.28635	0.316522	6.06153	1.28635	0
7.1222	1.28169	0.305516	7.1222	1.28169	0
8.20674	1.3148	0.316709	8.20674	1.3148	0
9.22683	1.21304	0.3508	9.22683	1.21304	0
10.2013	1.27634	0.311621	10.2013	1.27634	0
11.2341	1.22389	0.370726	11.2341	1.22389	0
-11.5248	1.25363	0.30573	-11.5248	1.25363	0
-10.4841	1.27693	0.350624	-10.4841	1.27693	0
-9.40578	1.24752	0.326931	-9.40578	1.24752	0
-8.33017	1.34114	0.308722	-8.33017	1.34114	0
-7.36636	1.31197	0.317703	-7.36636	1.31197	0
-6.31969	1.23989	0.345441	-6.31969	1.23989	0
-5.30617	1.29461	0.33518	-5.30617	1.29461	0
-4.29847	1.24987	0.326425	-4.29847	1.24987	0
-3.27401	1.31145	0.330592	-3.27401	1.31145	0
-2.19225	1.28843	0.307208	-2.19225	1.28843	0
-1.15063	1.26803	0.306724	-1.15063	1.26803	0
-0.145575	2.33603	0.316662	-0.145575	2.33603	0
0.875254	2.39836	0.303861	0.875254	2.39836	0
1.90326	2.42417	0.317355	1.90326	2.42417	0
2.90374	2.37237	0.32318	2.90374	2.37237	0
3.93907	2.30574	0.336841	3.93907	2.30574	0
4.96537	2.27892	0.342801	4.96537	2.27892	0
6.0865	2.27618	0.314108	6.0865	2.27618	0
7.07919	2.32126	0.311655	7.07919	2.32126	0
8.16598	2.30119	0.324185	8.16598	2.30119	0
9.14578	2.31248	0.343716	9.14578	2.31248	0
10.2557	2.25177	0.293555	10.2557	2.25177	0
11.2687	2.28207	0.336102	11.2687	2.28207	0
-11.4856	2.26243	0.29097	-11.4856	2.26243	0
-10.4083	2.29941	0.320191	-10.4083	2.29941	0
-9.40829	2.34364	0.338029	-9.40829	2.34364	0
-8.36581	2.33131	0.328631	-8.36581	2.33131	0
-7.33435	2.31212	0.310036	-7.33435	2.31212	0
-6.3381	2.25039	0.302889	-6.3381	2.25039	0
-5.30924	2.31538	0.29655	-5.30924	2.31538	0
-4.30561	2.33437	0.309631	-4.30561	2.33437	0
-3.24622	2.2902	0.301345	-3.24622	2.2902	0
-2.2193	2.26381	0.319307	-2.2193	2.26381	0
-1.14874	2.31631	0.286225	-1.14874	2.31631	0
-0.132559	3.37916	0.306602	-0.132559	3.37916	0
0.879762	3.40953	0.302397	0.879762	3.40953	0
1.90318	3.40304	0.291305	1.90318	3.40304	0
2.93854	3.41166	0.314536	2.93854	3.41166	0
3.98901	3.3679	0.32985	3.98901	3.3679	0
5.03461	3.27643	0.293277	5.03461	3.27643	0
6.07918	3.32478	0.308668	6.07918	3.32478	0
7.11462	3.32188	0.315089	7.11462	3.32188	0
8.14498	3.31439	0.350526	8.14498	3.31439	0
9.17912	3.36554	0.321872	9.17912	3.36554	0
10.2144	3.31961	0.302843	10.2144	3.31961	0
11.2519	3.27422	0.340595	11.2519	3.27422	0
-11.5	3.35701	0.334809	-11.5	3.35701	0
-10.45	3.35886	0.317713	-10.45	3.35886	0
-9.44374	3.35388	0.297514	-9.44374	3.35388	0
-8.3871	3.32314	0.312393	-8.3871	3.32314	0
-7.29092	3.34349	0.329161	-7.29092	3.34349	0
-6.2848	3.31732	0.33618	-6.2848	3.31732	0
-5.2752	3.3706	0.323262	-5.2752	3.3706	0
-4.2278	3.36068	0.326947	-4.2278	3.36068	0
-3.25214	3.33103	0.333462	-3.25214	3.33103	0
-2.16964	3.30694	0.345989	-2.16964	3.30694	0
-1.16679	3.33348	0.330157	-1.16679	3.33348	0
-0.135685	4.4241	0.336792	-0.135685	4.4241	0
0.865273	4.42364	0.310822	0.865273	4.42364	0
1.94719	4.39032	0.304667	1.94719	4.39032	0
2.98119	4.49984	0.315639	2.98119	4.49984	0
4.00714	4.39009	0.339582	4.00714	4.39009	0
5.02236	4.34527	0.323702	5.02236	4.34527	0
6.07925	4.40759	0.342498	6.07925	4.40759	0
7.13931	4.37161	0.325978	7.13931	4.37161	0
8.12686	4.32694	0.31176	8.12686	4.32694	0
9.18828	4.37572	0.324778	9.18828	4.37572	0
10.134	4.36639	0.320324	10.134	4.36639	0
11.2258	4.38382	0.316007	11.2258	4.38382	0
-11.4793	4.36636	0.33635	-11.4793	4.36636	0
-10.4204	4.37987	0.32051	-10.4204	4.37987	0
-9.45547	4.3491	0.308139	-9.45547	4.3491	0
-8.3887	4.35003	0.290226	-8.3887	4.35003	0
-7.28175	4.40342	0.296967	-7.28175	4.40342	0
-6.27718	4.3537	0.323283	-6.27718	4.3537	0
-5.25027	4.36797	0.307166	-5.25027	4.36797	0
-4.26653	4.38971	0.306211	-4.26653	4.38971	0
-3.25106	4.37029	0.321537	-3.25106	4.37029	0
-2.16464	4.37492	0.328583	-2.16464	4.37492	0
-1.16305	4.36122	0.312219	-1.16305	4.36122	0
-0.163355	5.41184	0.316626	-0.163355	5.41184	0
0.913573	5.45845	0.299061	0.913573	5.45845	0
1.87385	5.5193	0.357997	1.87385	5.5193	0
2.92309	5.45561	0.307727	2.92309	5.45561	0
3.96187	5.46979	0.330968	3.96187	5.46979	0
4.96444	5.40917	0.310971	4.96444	5.40917	0
5.98453	5.438	0.323145	5.98453	5.438	0
7.08427	5.43505	0.340479	7.08427	5.43505	0
8.11826	5.37636	0.315752	8.11826	5.37636	0
9.13925	5.40075	0.309597	9.13925	5.40075	0
10.2603	5.41759	0.321529	10.2603	5.41759	0
11.2633	5.33044	0.29957	11.2633	5.33044	0
-11.4475	5.41518	0.331802	-11.4475	5.41518	0
-10.4544	5.40543	0.289619	-10.4544	5.40543	0
-9.46011	5.36496	0.328545	-9.46011	5.36496	0
-8.33747	5.40308	0.344672	-8.33747	5.40308	0
-7.30163	5.41762	0.31338	-7.30163	5.41762	0
-6.25697	5.43377	0.319513	-6.25697	5.43377	0
-5.17633	5.39972	0.308155	-5.17633	5.39972	0
-4.20664	5.39492	0.31053	-4.20664	5.39492	0
-3.1747	5.3951	0.324393	-3.1747	5.3951	0
-2.1569	5.42479	0.332279	-2.1569	5.42479	0
-1.16637	5.38809	0.306397	-1.16637	5.38809	0
-0.153323	6.46912	0.312669	-0.153323	6.46912	0
0.902515	6.4915	0.331541	0.902515	6.4915	0
1.88846	6.5483	0.296084	1.88846	6.5483	0
2.93783	6.46602	0.356517	2.93783	6.46602	0
3.94182	6.47628	0.319596	3.94182	6.47628	0
4.98182	6.47556	0.317353	4.98182	6.47556	0
6.02699	6.48387	0.317938	6.02699	6.48387	0
7.03865	6.49593	0.300048	7.03865	6.49593	0
8.09349	6.40159	0.304858	8.09349	6.40159	0
9.14546	6.41429	0.313102	9.14546	6.41429	0
10.2257	6.38831	0.310027	10.2257	6.38831	0
11.2345	6.37171	0.340515	11.2345	6.37171	0
-11.497	6.43343	0.324362	-11.497	6.43343	0
-10.3586	6.41233	0.327617	-10.3586	6.41233	0
-9.3803	6.3786	0.323918	-9.3803	6.3786	0
-8.36898	6.39348	0.32135	-8.36898	6.39348	0
-7.38636	6.38902	0.282518	-7.38636	6.38902	0
-6.30868	6.45688	0.310188	-6.30868	6.45688	0
-5.21669	6.4047	0.312086	-5.21669	6.4047	0
-4.2227	6.42252	0.296695	-4.2227	6.42252	0
-3.20779	6.43216	0.313493	-3.20779	6.43216	0
-2.20619	6.42269	0.345271	-2.20619	6.42269	0
-1.20059	6.49183	0.314772	-1.20059	6.49183	0
-0.144109	7.55562	0.343255	-0.144109	7.55562	0
0.8822	7.53039	0.31755	0.8822	7.53039	0
1.89367	7.51259	0.337193	1.89367	7.51259	0
2.89317	7.47769	0.348705	2.89317	7.47769	0
3.96592	7.51902	0.315191	3.96592	7.51902	0
4.99492	7.49257	0.323885	4.99492	7.49257	0
6.05137	7.46609	0.326603	6.05137	7.46609	0
7.10966	7.49498	0.328657	7.10966	7.49498	0
8.12828	7.45059	0.336622	8.12828	7.45059	0
9.14938	7.46986	0.335624	9.14938	7.46986	0
10.2183	7.44166	0.325045	10.2183	7.44166	0
11.2063	7.38982	0.336396	11.2063	7.38982	0
-11.5176	7.4423	0.303016	-11.5176	7.4423	0
-10.4411	7.48039	0.33147	-10.4411	7.48039	0
-9.40633	7.4477	0.344664	-9.40633	7.4477	0
-8.43792	7.4453	0.303695	-8.43792	7.4453	0
-7.41146	7.44648	0.312276	-7.41146	7.44648	0
-6.33799	7.40662	0.310128	-6.33799	7.40662	0
-5.31323	7.51476	0.302562	-5.31323	7.51476	0
-4.29034	7.50987	0.312659	-4.29034	7.50987	0
-3.22026	7.44003	0.326913	-3.22026	7.44003	0
-2.24625	7.47426	0.309306	-2.24625	7.47426	0
-1.19982	7.51396	0.314755	-1.19982	7.51396	0
-0.114113	8.57737	0.334389	-0.114113	8.57737	0
0.904528	8.57553	0.290377	0.904528	8.57553	0
1.95705	8.56716	0.315532	1.95705	8.56716	0
2.98324	8.52382	0.338788	2.98324	8.52382	0
3.9902	8.50219	0.310069	3.9902	8.50219	0
5.04035	8.526	0.334839	5.04035	8.526	0
6.08923	8.53198	0.310161	6.08923	8.53198	0
7.12269	8.51284	0.290205	7.12269	8.51284	0
8.15249	8.53352	0.284554	8.15249	8.53352	0
9.16405	8.50415	0.315578	9.16405	8.50415	0
10.1626	8.45513	0.297582	10.1626	8.45513	0
11.2093	8.46042	0.308419	11.2093	8.46042	0
-11.52	8.4685	0.332616	-11.52	8.4685	0
-10.434	8.46754	0.322348	-10.434	8.46754	0
-9.49525	8.48975	0.315936	-9.49525	8.48975	0
-8.42843	8.48267	0.328943	-8.42843	8.48267	0
-7.39911	8.50855	0.337555	-7.39911	8.50855	0
-6.4427	8.48727	0.311254	-6.4427	8.48727	0
-5.42268	8.50003	0.316819	-5.42268	8.50003	0
-4.35708	8.47954	0.327431	-4.35708	8.47954	0
-3.32502	8.48059	0.332418	-3.32502	8.48059	0
-2.26808	8.48051	0.314944	-2.26808	8.48051	0
-1.15696	8.48259	0.325941	-1.15696	8.48259	0
-0.19146	9.60305	0.310316	-0.19146	9.60305	0
0.923205	9.58188	0.326823	0.923205	9.58188	0
1.89032	9.58041	0.328544	1.89032	9.58041	0
2.95212	9.50593	0.345383	2.95212	9.50593	0
3.99729	9.56468	0.326794	3.99729	9.56468	0
5.01567	9.5441	0.289332	5.01567	9.5441	0
6.07267	9.51987	0.307693	6.07267	9.51987	0
7.16952	9.52337	0.325223	7.16952	9.52337	0
8.14049	9.57649	0.329452	8.14049	9.57649	0
9.17263	9.51796	0.342683	9.17263	9.51796	0
10.2587	9.49182	0.320436	10.2587	9.49182	0
11.2842	9.50606	0.279769	11.2842	9.50606	0
-11.4859	9.43227	0.342085	-11.4859	9.43227	0
-10.5337	9.52976	0.320116	-10.5337	9.52976	0
-9.46023	9.55528	0.299921	-9.46023	9.55528	0
-8.47233	9.52571	0.291633	-8.47233	9.52571	0
-7.45817	9.60703	0.327267	-7.45817	9.60703	0
-6.41705	9.56998	0.310666	-6.41705	9.56998	0
-5.37403	9.57721	0.341244	-5.37403	9.57721	0
-4.34256	9.48679	0.322916	-4.34256	9.48679	0
-3.2595	9.45509	0.316149	-3.2595	9.45509	0
-2.26983	9.53086	0.352855	-2.26983	9.53086	0
-1.23405	9.55349	0.299555	-1.23405	9.55349	0
-0.189037	10.599	0.28997	-0.189037	10.599	0
0.886848	10.6155	0.294582	0.886848	10.6155	0
1.90816	10.5532	0.319707	1.90816	10.5532	0
2.92604	10.6252	0.29375	2.92604	10.6252	0
3.99644	10.6194	0.329012	3.99644	10.6194	0
5.06987	10.5952	0.326697	5.06987	10.5952	0
6.14705	10.6003	0.307022	6.14705	10.6003	0
7.1572	10.5345	0.315602	7.1572	10.5345	0
8.14058	10.5764	0.313832	8.14058	10.5764	0
9.15749	10.542	0.316202	9.15749	10.542	0
10.1943	10.5145	0.312687	10.1943	10.5145	0
11.2226	10.5	0.339454	11.2226	10.5	0
-11.5389	10.4948	0.345687	-11.5389	10.4948	0
-10.5097	10.5263	0.335719	-10.5097	10.5263	0
-9.4789	10.5923	0.301323	-9.4789	10.5923	0
-8.43767	10.5696	0.318135	-8.43767	10.5696	0
-7.47682	10.5975	0.327231	-7.47682	10.5975	0
-6.37157	10.6227	0.331605	-6.37157	10.6227	0
-5.35402	10.5943	0.300565	-5.35402	10.5943	0
-4.33941	10.5455	0.316246	-4.33941	10.5455	0
-3.23963	10.4977	0.319407	-3.23963	10.4977	0
-2.27392	10.5767	0.316784	-2.27392	10.5767	0
-1.24194	10.5787	0.300493	-1.24194	10.5787	0
-0.224412	11.6107	0.329789	-0.224412	11.6107	0
0.892202	11.6564	0.306422	0.892202	11.6564	0
1.9322	11.5967	0.331764	1.9322	11.5967	0
2.99049	11.6315	0.311865	2.99049	11.6315	0
4.03615	11.6255	0.304951	4.03615	11.6255	0
5.08167	11.6369	0.317685	5.08167	11.6369	0
6.1301	11.6018	0.284633	6.1301	11.6018	0
7.17079	11.6333	0.313459	7.17079	11.6333	0
8.25056	11.6305	0.331558	8.25056	11.6305	0
9.23666	11.5864	0.328317	9.23666	11.5864	0
10.2094	11.567	0.304798	10.2094	11.567	0
11.2156	11.5464	0.317199	11.2156	11.5464	0
-11.5291	11.5647	0.326138	-11.5291	11.5647	0
-10.5055	11.5589	0.32297	-10.5055	11.5589	0
-9.51263	11.6329	0.34379	-9.51263	11.6329	0
-8.48658	11.6381	0.303344	-8.48658	11.6381	0
-7.43122	11.6371	0.289325	-7.43122	11.6371	0
-6.38575	11.6305	0.315575	-6.38575	11.6305	0
-5.31621	11.5804	0.313473	-5.31621	11.5804	0
-4.33682	11.5098	0.321555	-4.33682	11.5098	0
-3.30787	11.5645	0.30795	-3.30787	11.5645	0
-2.27732	11.6008	0.332062	-2.27732	11.6008	0
-1.23718	11.6237	0.302188	-1.23718	11.6237	0
-0.189577	-11.1611	0.320549	-0.189577	-11.1611	0
0.87306	-11.1237	0.30179	0.87306	-11.1237	0
1.93604	-11.2155	0.321347	1.93604	-11.2155	0
2.97388	-11.1511	0.313989	2.97388	-11.1511	0
4.02505	-11.145	0.343832	4.02505	-11.145	0
5.0295	-11.1322	0.300176	5.0295	-11.1322	0
6.09956	-11.1441	0.326889	6.09956	-11.1441	0
7.15271	-11.1206	0.287595	7.15271	-11.1206	0
8.18303	-11.1546	0.322274	8.18303	-11.1546	0
9.24308	-11.1961	0.328874	9.24308	-11.1961	0
10.2305	-11.1646	0.301962	10.2305	-11.1646	0
11.2564	-11.2108	0.333432	11.2564	-11.2108	0
-11.5278	-11.2104	0.312262	-11.5278	-11.2104	0
-10.4627	-11.2302	0.331461	-10.4627	-11.2302	0
-9.44905	-11.1406	0.333836	-9.44905	-11.1406	0
-8.38894	-11.1419	0.342581	-8.38894	-11.1419	0
-7.35405	-11.1321	0.335296	-7.35405	-11.1321	0
-6.36499	-11.1374	0.301457	-6.36499	-11.1374	0
-5.33073	-11.1644	0.269781	-5.33073	-11.1644	0
-4.30538	-11.143	0.310395	-4.30538	-11.143	0
-3.29162	-11.1828	0.338354	-3.29162	-11.1828	0
-2.24044	-11.1624	0.339061	-2.24044	-11.1624	0
-1.22867	-11.1088	0.341962	-1.22867	-11.1088	0
-0.086199	-10.0861	0.288447	-0.086199	-10.0861	0
0.8949	-10.0926	0.318994	0.8949	-10.0926	0
1.91504	-10.1499	0.346576	1.91504	-10.1499	0
3.01909	-10.1401	0.333001	3.01909	-10.1401	0
4.02297	-10.0877	0.316882	4.02297	-10.0877	0
5.05911	-10.0745	0.312724	5.05911	-10.0745	0
6.12764	-10.1159	0.306863	6.12764	-10.1159	0
7.14435	-10.0834	0.331728	7.14435	-10.0834	0
8.19197	-10.102	0.309657	8.19197	-10.102	0
9.21381	-10.1618	0.302653	9.21381	-10.1618	0
10.2471	-10.157	0.323354	10.2471	-10.157	0
11.249	-10.1464	0.325184	11.249	-10.1464	0
-11.5492	-10.1351	0.317559	-11.5492	-10.1351	0
-10.5103	-10.1807	0.353083	-10.5103	-10.1807	0
-9.45421	-10.1149	0.328804	-9.45421	-10.1149	0
-8.43619	-10.0421	0.318923	-8.43619	-10.0421	0
-7.37373	-10.0915	0.330454	-7.37373	-10.0915	0
-6.35616	-10.139	0.292882	-6.35616	-10.139	0
-5.34479	-10.1481	0.320117	-5.34479	-10.1481	0
-4.24015	-10.1689	0.321552	-4.24015	-10.1689	0
-3.23969	-10.1854	0.326273	-3.23969	-10.1854	0
-2.19959	-10.0986	0.30734	-2.19959	-10.0986	0
-1.14351	-10.0434	0.337706	-1.14351	-10.0434	0
-0.0389656	-9.08857	0.329103	-0.0389656	-9.08857	0
0.933031	-9.07956	0.32528	0.933031	-9.07956	0
1.98038	-9.07216	0.329196	1.98038	-9.07216	0
3.05831	-9.109	0.318906	3.05831	-9.109	0
4.03407	-9.03627	0.3081	4.03407	-9.03627	0
5.0876	-9.03661	0.325317	5.0876	-9.03661	0
6.07319	-9.03823	0.312361	6.07319	-9.03823	0
7.0861	-9.04244	0.313848	7.0861	-9.04244	0
8.20032	-9.03586	0.295333	8.20032	-9.03586	0
9.18702	-9.10749	0.317434	9.18702	-9.10749	0
10.2406	-9.12669	0.301961	10.2406	-9.12669	0
11.2807	-9.15012	0.291057	11.2807	-9.15012	0
-11.5102	-9.153	0.321519	-11.5102	-9.153	0
-10.4788	-9.12738	0.31738	-10.4788	-9.12738	0
-9.45937	-9.06677	0.332937	-9.45937	-9.06677	0
-8.43146	-9.05861	0.295859	-8.43146	-9.05861	0
-7.38699	-9.04172	0.32349	-7.38699	-9.04172	0
-6.27441	-9.07689	0.322396	-6.27441	-9.07689	0
-5.28244	-9.08762	0.316696	-5.28244	-9.08762	0
-4.2999	-9.09225	0.330436	-4.2999	-9.09225	0
-3.24486	-9.16483	0.339373	-3.24486	-9.16483	0
-2.18837	-9.0947	0.305269	-2.18837	-9.0947	0
-1.10244	-9.02163	0.315363	-1.10244	-9.02163	0
-0.0695702	-8.06656	0.316511	-0.0695702	-8.06656	0
0.912798	-8.07266	0.314796	0.912798	-8.07266	0
1.96916	-8.05735	0.296858	1.96916	-8.05735	0
3.01921	-8.08448	0.346036	3.01921	-8.08448	0
4.05871	-8.0871	0.304118	4.05871	-8.0871	0
5.11965	-8.01675	0.338008	5.11965	-8.01675	0
6.1205	-7.99879	0.304275	6.1205	-7.99879	0
7.07618	-8.05553	0.31819	7.07618	-8.05553	0
8.16035	-8.01351	0.313417	8.16035	-8.01351	0
9.20497	-8.03388	0.294764	9.20497	-8.03388	0
10.2639	-8.06048	0.339613	10.2639	-8.06048	0
11.2776	-8.10619	0.327571	11.2776	-8.10619	0
-11.5264	-8.12441	0.334646	-11.5264	-8.12441	0
-10.52	-8.14318	0.297257	-10.52	-8.14318	0
-9.41278	-8.03514	0.31709	-9.41278	-8.03514	0
-8.35413	-8.06306	0.283265	-8.35413	-8.06306	0
-7.30637	-8.01949	0.318935	-7.30637	-8.01949	0
-6.33551	-7.97769	0.328966	-6.33551	-7.97769	0
-5.2775	-8.01247	0.315087	-5.2775	-8.01247	0
-4.21946	-8.03221	0.289972	-4.21946	-8.03221	0
-3.20813	-8.02853	0.316091	-3.20813	-8.02853	0
-2.16317	-8.00831	0.306019	-2.16317	-8.00831	0
-1.16444	-8.01199	0.317963	-1.16444	-8.01199	0
-0.113188	-7.02057	0.321455	-0.113188	-7.02057	0
0.900638	-7.08437	0.323341	0.900638	-7.08437	0
1.98452	-7.04484	0.306265	1.98452	-7.04484	0
2.9921	-7.05345	0.307642	2.9921	-7.05345	0
4.06329	-6.99345	0.306716	4.06329	-6.99345	0
5.05895	-6.94579	0.307671	5.05895	-6.94579	0
6.09103	-6.99222	0.322426	6.09103	-6.99222	0
7.09834	-7.04224	0.310798	7.09834	-7.04224	0
8.19609	-7.02441	0.323159	8.19609	-7.02441	0
9.19763	-6.99286	0.327653	9.19763	-6.99286	0
10.2831	-7.02884	0.309205	10.2831	-7.02884	0
11.3279	-7.0839	0.333003	11.3279	-7.0839	0
-11.4478	-7.03205	0.302517	-11.4478	-7.03205	0
-10.4313	-7.11023	0.313357	-10.4313	-7.11023	0
-9.41031	-7.02878	0.311604	-9.41031	-7.02878	0
-8.38187	-6.98607	0.327046	-8.38187	-6.98607	0
-7.29212	-6.91695	0.332388	-7.29212	-6.91695	0
-6.24939	-6.97166	0.314089	-6.24939	-6.97166	0
-5.22963	-6.97876	0.307342	-5.22963	-6.97876	0
-4.24192	-6.98709	0.325446	-4.24192	-6.98709	0
-3.19372	-7.00027	0.311608	-3.19372	-7.00027	0
-2.14266	-6.97984	0.307856	-2.14266	-6.97984	0
-1.13005	-7.00907	0.328474	-1.13005	-7.00907	0
-0.124147	-5.91711	0.315024	-0.124147	-5.91711	0
0.950213	-5.92727	0.314133	0.950213	-5.92727	0
1.99218	-5.99571	0.327718	1.99218	-5.99571	0
2.99997	-5.98754	0.324645	2.99997	-5.98754	0
4.0776	-5.98776	0.350908	4.0776	-5.98776	0
5.13298	-5.90139	0.292897	5.13298	-5.90139	0
6.19007	-5.98474	0.309558	6.19007	-5.98474	0
7.17556	-6.06317	0.324351	7.17556	-6.06317	0
8.2348	-5.99184	0.337335	8.2348	-5.99184	0
9.26328	-5.98054	0.320113	9.26328	-5.98054	0
10.3372	-6.02224	0.309244	10.3372	-6.02224	0
11.3209	-6.02297	0.29736	11.3209	-6.02297	0
-11.468	-6.01085	0.31105	-11.468	-6.01085	0
-10.4087	-5.97967	0.329144	-10.4087	-5.97967	0
-9.41101	-5.90868	0.336083	-9.41101	-5.90868	0
-8.32166	-5.94012	0.311726	-8.32166	-5.94012	0
-7.31257	-5.92377	0.338794	-7.31257	-5.92377	0
-6.30828	-5.96989	0.333788	-6.30828	-5.96989	0
-5.2823	-5.93226	0.323733	-5.2823	-5.93226	0
-4.20159	-6.00665	0.33317	-4.20159	-6.00665	0
-3.14102	-5.94401	0.334722	-3.14102	-5.94401	0
-2.13475	-5.93448	0.329639	-2.13475	-5.93448	0
-1.10307	-5.93656	0.324455	-1.10307	-5.93656	0
-0.0295288	-4.90474	0.292688	-0.0295288	-4.90474	0
0.990985	-4.82118	0.321322	0.990985	-4.82118	0
2.05268	-4.91742	0.296327	2.05268	-4.91742	0
3.07115	-4.90135	0.293969	3.07115	-4.90135	0
4.06331	-4.92965	0.31889	4.06331	-4.92965	0
5.13375	-4.89271	0.338895	5.13375	-4.89271	0
6.14281	-4.8895	0.316649	6.14281	-4.8895	0
7.20258	-5.00971	0.327407	7.20258	-5.00971	0
8.26218	-4.94952	0.290248	8.26218	-4.94952	0
9.26248	-4.91625	0.289697	9.26248	-4.91625	0
10.2914	-4.97296	0.317622	10.2914	-4.97296	0
11.3056	-5.01904	0.313964	11.3056	-5.01904	0
-11.4676	-4.98738	0.318996	-11.4676	-4.98738	0
-10.4079	-4.98601	0.305519	-10.4079	-4.98601	0
-9.36151	-4.87078	0.327246	-9.36151	-4.87078	0
-8.30896	-4.88456	0.300529	-8.30896	-4.88456	0
-7.28525	-4.87729	0.310863	-7.28525	-4.87729	0
-6.2618	-4.88095	0.348047	-6.2618	-4.88095	0
-5.26488	-4.93027	0.334883	-5.26488	-4.93027	0
-4.20563	-4.9723	0.328097	-4.20563	-4.9723	0
-3.13125	-4.90779	0.297914	-3.13125	-4.90779	0
-2.13303	-4.87634	0.302182	-2.13303	-4.87634	0
-1.02037	-4.91337	0.331176	-1.02037	-4.91337	0
-0.0670077	-3.82436	0.338487	-0.0670077	-3.82436	0
0.964947	-3.8443	0.326396	0.964947	-3.8443	0
2.04449	-3.87459	0.301297	2.04449	-3.87459	0
3.10861	-3.90812	0.330216	3.10861	-3.90812	0
4.1174	-3.83256	0.294901	4.1174	-3.83256	0
5.16159	-3.85094	0.296314	5.16159	-3.85094	0
6.21594	-3.86675	0.275546	6.21594	-3.86675	0
7.21495	-3.88236	0.313667	7.21495	-3.88236	0
8.2242	-3.88973	0.2758	8.2242	-3.88973	0
9.2811	-3.90264	0.312628	9.2811	-3.90264	0
10.2842	-3.88299	0.293225	10.2842	-3.88299	0
11.307	-3.96964	0.314005	11.307	-3.96964	0
-11.4283	-3.96556	0.32222	-11.4283	-3.96556	0
-10.3954	-3.92599	0.343077	-10.3954	-3.92599	0
-9.37997	-3.87609	0.331069	-9.37997	-3.87609	0
-8.3771	-3.86923	0.288774	-8.3771	-3.86923	0
-7.27792	-3.78701	0.321945	-7.27792	-3.78701	0
-6.30771	-3.91745	0.321355	-6.30771	-3.91745	0
-5.26873	-3.86892	0.321471	-5.26873	-3.86892	0
-4.21845	-3.92561	0.311193	-4.21845	-3.92561	0
-3.17989	-3.85379	0.294153	-3.17989	-3.85379	0
-2.1813	-3.84182	0.302626	-2.1813	-3.84182	0
-1.04508	-3.8695	0.326238	-1.04508	-3.8695	0
-0.0783563	-2.82408	0.277195	-0.0783563	-2.82408	0
0.90528	-2.8644	0.335671	0.90528	-2.8644	0
1.98839	-2.82378	0.316028	1.98839	-2.82378	0
3.01727	-2.86551	0.322821	3.01727	-2.86551	0
4.08114	-2.81891	0.284735	4.08114	-2.81891	0
5.10922	-2.82762	0.321217	5.10922	-2.82762	0
6.18202	-2.85412	0.332423	6.18202	-2.85412	0
7.1704	-2.84226	0.33907	7.1704	-2.84226	0
8.24498	-2.87675	0.329722	8.24498	-2.87675	0
9.31538	-2.86006	0.341153	9.31538	-2.86006	0
10.3337	-2.82344	0.327751	10.3337	-2.82344	0
11.3207	-2.88074	0.309593	11.3207	-2.88074	0
-11.4973	-2.88154	0.287525	-11.4973	-2.88154	0
-10.4813	-2.8591	0.333757	-10.4813	-2.8591	0
-9.39172	-2.85924	0.305364	-9.39172	-2.85924	0
-8.40014	-2.81752	0.290131	-8.40014	-2.81752	0
-7.35067	-2.80407	0.308917	-7.35067	-2.80407	0
-6.28293	-2.81406	0.361716	-6.28293	-2.81406	0
-5.26802	-2.83785	0.309111	-5.26802	-2.83785	0
-4.22656	-2.87447	0.309876	-4.22656	-2.87447	0
-3.1331	-2.83616	0.339229	-3.1331	-2.83616	0
-2.0862	-2.86852	0.315618	-2.0862	-2.86852	0
-1.10018	-2.89416	0.319152	-1.10018	-2.89416	0
-0.140779	-1.82512	0.320618	-0.140779	-1.82512	0
0.927331	-1.85251	0.33576	0.927331	-1.85251	0
1.92558	-1.82958	0.298508	1.92558	-1.82958	0
3.01319	-1.79255	0.326348	3.01319	-1.79255	0
4.02967	-1.77454	0.279628	4.02967	-1.77454	0
5.04686	-1.76949	0.309622	5.04686	-1.76949	0
6.08838	-1.77795	0.317723	6.08838	-1.77795	0
7.16806	-1.81489	0.323729	7.16806	-1.81489	0
8.20315	-1.79252	0.2939	8.20315	-1.79252	0
9.24882	-1.7925	0.324651	9.24882	-1.7925	0
10.2772	-1.8069	0.313135	10.2772	-1.8069	0
11.2666	-1.82307	0.321378	11.2666	-1.82307	0
-11.4557	-1.79506	0.310582	-11.4557	-1.79506	0
-10.454	-1.81834	0.325041	-10.454	-1.81834	0
-9.37882	-1.78998	0.313355	-9.37882	-1.78998	0
-8.36321	-1.76566	0.319944	-8.36321	-1.76566	0
-7.3321	-1.74324	0.299973	-7.3321	-1.74324	0
-6.3354	-1.79535	0.292416	-6.3354	-1.79535	0
-5.29521	-1.83948	0.316547	-5.29521	-1.83948	0
-4.19402	-1.87265	0.2971	-4.19402	-1.87265	0
-3.14004	-1.79757	0.32906	-3.14004	-1.79757	0
-2.13596	-1.81507	0.297385	-2.13596	-1.81507	0
-1.1184	-1.79082	0.301104	-1.1184	-1.79082	0
-0.0996621	-0.815542	0.304457	-0.0996621	-0.815542	0
0.941868	-0.758618	0.325241	0.941868	-0.758618	0
1.95074	-0.696173	0.350556	1.95074	-0.696173	0
2.97289	-0.755545	0.310523	2.97289	-0.755545	0
4.0257	-0.78116	0.29778	4.0257	-0.78116	0
5.05733	-0.756133	0.340467	5.05733	-0.756133	0
6.11568	-0.751978	0.307776	6.11568	-0.751978	0
7.15829	-0.740733	0.331815	7.15829	-0.740733	0
8.17922	-0.769383	0.329979	8.17922	-0.769383	0
9.2369	-0.786795	0.312012	9.2369	-0.786795	0
10.2118	-0.803777	0.309508	10.2118	-0.803777	0
11.2621	-0.755305	0.306532	11.2621	-0.755305	0
-11.5102	-0.825662	0.321079	-11.5102	-0.825662	0
-10.4424	-0.788557	0.316819	-10.4424	-0.788557	0
-9.41792	-0.809605	0.298961	-9.41792	-0.809605	0
-8.36949	-0.740226	0.295067	-8.36949	-0.740226	0
-7.34884	-0.788794	0.27223	-7.34884	-0.788794	0
-6.34585	-0.749918	0.319073	-6.34585	-0.749918	0
-5.31201	-0.768122	0.322515	-5.31201	-0.768122	0
-4.20811	-0.839588	0.317256	-4.20811	-0.839588	0
-3.21318	-0.78348	0.314431	-3.21318	-0.78348	0
-2.19896	-0.756709	0.294935	-2.19896	-0.756709	0
-1.10665	-0.756601	0.309182	-1.10665	-0.756601	0
