-0.729419	-0.311635	-0.329381	-0.729419	-0.311635	0
0.308596	-0.318921	-0.292841	0.308596	-0.318921	0
1.36107	-0.293274	-0.315549	1.36107	-0.293274	0
2.41439	-0.274311	-0.328387	2.41439	-0.274311	0
3.44985	-0.261214	-0.311075	3.44985	-0.261214	0
4.45238	-0.300512	-0.311733	4.45238	-0.300512	0
5.48778	-0.264556	-0.308185	5.48778	-0.264556	0
6.50926	-0.316941	-0.311256	6.50926	-0.316941	0
7.52957	-0.359307	-0.307652	7.52957	-0.359307	0
8.58015	-0.322467	-0.304471	8.58015	-0.322467	0
9.64043	-0.400991	-0.305194	9.64043	-0.400991	0
10.6462	-0.329643	-0.328832	10.6462	-0.329643	0
11.7132	-0.33894	-0.296042	11.7132	-0.33894	0
-11.0035	-0.35944	-0.317068	-11.0035	-0.35944	0
-9.95375	-0.377099	-0.316097	-9.95375	-0.377099	0
-8.96899	-0.336755	-0.318852	-8.96899	-0.336755	0
-7.93241	-0.380611	-0.323414	-7.93241	-0.380611	0
-6.88105	-0.27024	-0.308663	-6.88105	-0.27024	0
-5.85154	-0.286531	-0.326249	-5.85154	-0.286531	0
-4.81159	-0.302579	-0.33538	-4.81159	-0.302579	0
-3.81736	-0.331361	-0.307374	-3.81736	-0.331361	0
-2.78266	-0.310747	-0.356475	-2.78266	-0.310747	0
-1.75834	-0.274553	-0.327485	-1.75834	-0.274553	0
-0.703385	0.730748	-0.313457	-0.703385	0.730748	0
0.333598	0.676137	-0.31994	0.333598	0.676137	0
1.31788	0.779487	-0.285959	1.31788	0.779487	0
2.37739	0.766249	-0.31901	2.37739	0.766249	0
3.40863	0.753163	-0.339276	3.40863	0.753163	0
4.4277	0.722316	-0.300953	4.4277	0.722316	0
5.4288	0.732776	-0.292392	5.4288	0.732776	0
6.46137	0.686915	-0.314499	6.46137	0.686915	0
7.46724	0.685697	-0.310246	7.46724	0.685697	0
8.54744	0.682808	-0.35168	8.54744	0.682808	0
9.62312	0.60932	-0.317919	9.62312	0.60932	0
10.6444	0.64482	-0.311811	10.6444	0.64482	0
11.7161	0.674797	-0.350696	11.7161	0.674797	0
-11.0283	0.680919	-0.306917	-11.0283	0.680919	0
-10.0012	0.707123	-0.318095	-10.0012	0.707123	0
-8.97039	0.758248	-0.330933	-8.97039	0.758248	0
-7.96282	0.677182	-0.313526	-7.96282	0.677182	0
-6.96109	0.754529	-0.323706	-6.96109	0.754529	0
-5.80797	0.698902	-0.339068	-5.80797	0.698902	0
-4.80763	0.692069	-0.300926	-4.80763	0.692069	0
-3.78885	0.712913	-0.328916	-3.78885	0.712913	0
-2.78875	0.680969	-0.309985	-2.78875	0.680969	0
-1.69566	0.75142	-0.341283	-1.69566	0.75142	0
-0.700599	1.82143	-0.310873	-0.700599	1.82143	0
0.296317	1.71721	-0.35926	0.296317	1.71721	0
1.33028	1.75214	-0.312884	1.33028	1.75214	0
2.41746	1.76319	-0.322041	2.41746	1.76319	0
3.47246	1.79202	-0.320549	3.47246	1.79202	0
4.50522	1.7982	-0.30227	4.50522	1.7982	0
5.46672	1.75244	-0.322067	5.46672	1.75244	0
6.51435	1.78924	-0.29676	6.51435	1.78924	0
7.49972	1.71426	-0.31738	7.49972	1.71426	0
8.49674	1.69454	-0.332092	8.49674	1.69454	0
9.59996	1.68136	-0.315284	9.59996	1.68136	0
10.6528	1.70041	-0.333651	10.6528	1.70041	0
11.6792	1.69498	-0.330981	11.6792	1.69498	0
-11.0237	1.74168	-0.33539	-11.0237	1.74168	0
-9.98543	1.79409	-0.354824	-9.98543	1.79409	0
-8.97723	1.77369	-0.318261	-8.97723	1.77369	0
-7.95604	1.7632	-0.341363	-7.95604	1.7632	0
-6.91887	1.79411	-0.319274	-6.91887	1.79411	0
-5.84446	1.72424	-0.306604	-5.84446	1.72424	0
-4.89304	1.74532	-0.334531	-4.89304	1.74532	0
-3.8452	1.71006	-0.314987	-3.8452	1.71006	0
-2.79862	1.74989	-0.325824	-2.79862	1.74989	0
-1.74982	1.78701	-0.298888	-1.74982	1.78701	0
-0.668993	2.80021	-0.341608	-0.668993	2.80021	0
0.313958	2.78933	-0.349636	0.313958	2.78933	0
1.40044	2.76313	-0.311635	1.40044	2.76313	0
2.4107	2.79664	-0.309974	2.4107	2.79664	0
3.48553	2.80914	-0.314595	3.48553	2.80914	0
4.49288	2.8448	-0.301641	4.49288	2.8448	0
5.50975	2.84887	-0.333094	5.50975	2.84887	0
6.54484	2.84246	-0.325821	6.54484	2.84246	0
7.56994	2.83482	-0.290709	7.56994	2.83482	0
8.55911	2.7894	-0.322438	8.55911	2.7894	0
9.58705	2.74019	-0.331643	9.58705	2.74019	0
10.6836	2.77027	-0.314234	10.6836	2.77027	0
11.7059	2.72259	-0.328255	11.7059	2.72259	0
-11.0228	2.73982	-0.317082	-11.0228	2.73982	0
-10.014	2.82787	-0.313755	-10.014	2.82787	0
-8.94816	2.82349	-0.304266	-8.94816	2.82349	0
-7.9263	2.79994	-0.323012	-7.9263	2.79994	0
-6.89207	2.82704	-0.302489	-6.89207	2.82704	0
-5.84835	2.76051	-0.335361	-5.84835	2.76051	0
-4.75892	2.73296	-0.314918	-4.75892	2.73296	0
-3.7274	2.74896	-0.30446	-3.7274	2.74896	0
-2.7074	2.75341	-0.335687	-2.7074	2.75341	0
-1.68114	2.80743	-0.313566	-1.68114	2.80743	0
-0.695	3.80738	-0.346068	-0.695	3.80738	0
0.344765	3.85897	-0.335961	0.344765	3.85897	0
1.38336	3.7864	-0.334532	1.38336	3.7864	0
2.42486	3.80881	-0.316306	2.42486	3.80881	0
3.44362	3.8487	-0.337293	3.44362	3.8487	0
4.48772	3.90438	-0.331865	4.48772	3.90438	0
5.53625	3.85522	-0.302473	5.53625	3.85522	0
6.5627	3.87603	-0.322443	6.5627	3.87603	0
7.5909	3.86721	-0.341359	7.5909	3.86721	0
8.58173	3.83592	-0.323665	8.58173	3.83592	0
9.60067	3.78628	-0.32388	9.60067	3.78628	0
10.638	3.81678	-0.336301	10.638	3.81678	0
11.7051	3.7557	-0.351797	11.7051	3.7557	0
-11.0574	3.87706	-0.345564	-11.0574	3.87706	0
-10.0294	3.85418	-0.309379	-10.0294	3.85418	0
-8.96602	3.79255	-0.313814	-8.96602	3.79255	0
-7.89565	3.87126	-0.318289	-7.89565	3.87126	0
-6.86848	3.8812	-0.323718	-6.86848	3.8812	0
-5.85688	3.85542	-0.284741	-5.85688	3.85542	0
-4.80813	3.83044	-0.32754	-4.80813	3.83044	0
-3.75977	3.87362	-0.316266	-3.75977	3.87362	0
-2.73642	3.8329	-0.320007	-2.73642	3.8329	0
-1.68519	3.84545	-0.323701	-1.68519	3.84545	0
-0.730842	4.88189	-0.311404	-0.730842	4.88189	0
0.301274	4.8393	-0.321484	0.301274	4.8393	0
1.37459	4.83282	-0.322471	1.37459	4.83282	0
2.41937	4.85131	-0.32107	2.41937	4.85131	0
3.42817	4.85893	-0.323767	3.42817	4.85893	0
4.45445	4.92652	-0.2987	4.45445	4.92652	0
5.48372	4.88327	-0.326189	5.48372	4.88327	0
6.56315	4.83253	-0.306075	6.56315	4.83253	0
7.57202	4.87966	-0.322235	7.57202	4.87966	0
8.6041	4.89113	-0.304777	8.6041	4.89113	0
9.65037	4.83555	-0.275233	9.65037	4.83555	0
10.6766	4.86278	-0.312638	10.6766	4.86278	0
11.6835	4.79487	-0.277617	11.6835	4.79487	0
-11.0853	4.83113	-0.326417	-11.0853	4.83113	0
-9.99098	4.88359	-0.34336	-9.99098	4.88359	0
-8.94004	4.87454	-0.317069	-8.94004	4.87454	0
-7.9017	4.89171	-0.332409	-7.9017	4.89171	0
-6.91259	4.8982	-0.323765	-6.91259	4.8982	0
-5.88466	4.81325	-0.302361	-5.88466	4.81325	0
-4.81707	4.84042	-0.33318	-4.81707	4.84042	0
-3.77381	4.88577	-0.328947	-3.77381	4.88577	0
-2.74903	4.86861	-0.318603	-2.74903	4.86861	0
-1.72154	4.8953	-0.33611	-1.72154	4.8953	0
-0.740574	5.91927	-0.294016	-0.740574	5.91927	0
0.318903	5.93775	-0.321429	0.318903	5.93775	0
1.29019	5.8695	-0.303502	1.29019	5.8695	0
2.39168	5.88084	-0.308699	2.39168	5.88084	0
3.39342	5.89591	-0.314206	3.39342	5.89591	0
4.4131	5.93491	-0.299726	4.4131	5.93491	0
5.49841	5.92535	-0.311798	5.49841	5.92535	0
6.49839	5.91124	-0.345326	6.49839	5.91124	0
7.55857	5.90188	-0.341965	7.55857	5.90188	0
8.5813	5.92599	-0.347336	8.5813	5.92599	0
9.59591	5.89729	-0.328019	9.59591	5.89729	0
10.7058	5.91291	-0.308777	10.7058	5.91291	0
11.6786	5.83252	-0.326484	11.6786	5.83252	0
-11.0806	5.88369	-0.337205	-11.0806	5.88369	0
-9.98979	5.94055	-0.315938	-9.98979	5.94055	0
-8.96223	5.87663	-0.331917	-8.96223	5.87663	0
-7.91272	5.926	-0.35589	-7.91272	5.926	0
-6.92068	5.97269	-0.343913	-6.92068	5.97269	0
-5.88173	5.93152	-0.328474	-5.88173	5.93152	0
-4.84788	5.89574	-0.308861	-4.84788	5.89574	0
-3.86469	5.941	-0.333474	-3.86469	5.941	0
-2.75866	5.9263	-0.334117	-2.75866	5.9263	0
-1.72699	5.91885	-0.314485	-1.72699	5.91885	0
-0.713771	6.95132	-0.329448	-0.713771	6.95132	0
0.281583	6.96243	-0.315833	0.281583	6.96243	0
1.28247	6.88118	-0.344125	1.28247	6.88118	0
2.3946	6.9292	-0.334389	2.3946	6.9292	0
3.39977	6.90227	-0.343766	3.39977	6.90227	0
4.46144	6.94901	-0.299558	4.46144	6.94901	0
5.5137	6.95656	-0.327168	5.5137	6.95656	0
6.54995	6.9096	-0.319952	6.54995	6.9096	0
7.59654	6.94646	-0.317832	7.59654	6.94646	0
8.63295	6.94074	-0.312516	8.63295	6.94074	0
9.61335	6.88836	-0.303817	9.61335	6.88836	0
10.5956	6.94301	-0.314757	10.5956	6.94301	0
11.6709	6.94027	-0.308945	11.6709	6.94027	0
-11.0721	6.92615	-0.30562	-11.0721	6.92615	0
-10.0005	6.92762	-0.32413	-10.0005	6.92762	0
-8.97204	6.90661	-0.3323	-8.97204	6.90661	0
-7.95632	6.95602	-0.302182	-7.95632	6.95602	0
-6.92365	7.00891	-0.320829	-6.92365	7.00891	0
-5.89134	6.93418	-0.314004	-5.89134	6.93418	0
-4.8076	6.96942	-0.307642	-4.8076	6.96942	0
-3.77223	6.95544	-0.332065	-3.77223	6.95544	0
-2.7717	6.91544	-0.29762	-2.7717	6.91544	0
-1.71118	6.91236	-0.309583	-1.71118	6.91236	0
-0.695534	7.92255	-0.335265	-0.695534	7.92255	0
0.35158	7.96846	-0.305988	0.35158	7.96846	0
1.42457	7.96586	-0.313149	1.42457	7.96586	0
2.40256	7.97673	-0.311028	2.40256	7.97673	0
3.4099	7.9007	-0.325313	3.4099	7.9007	0
4.48055	7.95476	-0.340532	4.48055	7.95476	0
5.49603	7.94933	-0.315915	5.49603	7.94933	0
6.53711	7.98865	-0.332963	6.53711	7.98865	0
7.5034	8.02812	-0.313052	7.5034	8.02812	0
8.53584	7.94499	-0.304488	8.53584	7.94499	0
9.57053	7.94034	-0.335028	9.57053	7.94034	0
10.6262	7.94802	-0.318179	10.6262	7.94802	0
11.7687	7.89189	-0.325635	11.7687	7.89189	0
-11.001	7.96855	-0.304466	-11.001	7.96855	0
-9.95197	7.95344	-0.302733	-9.95197	7.95344	0
-8.98341	7.95453	-0.323846	-8.98341	7.95453	0
-7.90836	8.05881	-0.298636	-7.90836	8.05881	0
-6.88797	8.05662	-0.334982	-6.88797	8.05662	0
-5.86063	7.99539	-0.301722	-5.86063	7.99539	0
-4.87271	8.00795	-0.298542	-4.87271	8.00795	0
-3.86029	8.05287	-0.310742	-3.86029	8.05287	0
-2.80783	7.98865	-0.320013	-2.80783	7.98865	0
-1.7416	7.97653	-0.330629	-1.7416	7.97653	0
-0.670798	8.94361	-0.292701	-0.670798	8.94361	0
0.411095	8.99033	-0.351656	0.411095	8.99033	0
1.37766	9.03748	-0.304767	1.37766	9.03748	0
2.44878	9.01285	-0.328932	2.44878	9.01285	0
3.4613	8.91114	-0.322819	3.4613	8.91114	0
4.51475	8.96669	-0.320997	4.51475	8.96669	0
5.49431	8.98671	-0.322942	5.49431	8.98671	0
6.58321	8.98981	-0.299318	6.58321	8.98981	0
7.57776	9.02084	-0.306495	7.57776	9.02084	0
8.58973	8.99004	-0.328653	8.58973	8.99004	0
9.60644	8.96839	-0.325681	9.60644	8.96839	0
10.612	8.98293	-0.326104	10.612	8.98293	0
11.6976	8.93698	-0.328182	11.6976	8.93698	0
-11.0145	8.99447	-0.281318	-11.0145	8.99447	0
-10.0248	8.97713	-0.307669	-10.0248	8.97713	0
-8.9245	9.03435	-0.285092	-8.9245	9.03435	0
-7.9462	9.05391	-0.299405	-7.9462	9.05391	0
-6.90779	9.03821	-0.329296	-6.90779	9.03821	0
-5.86001	9.02207	-0.32769	-5.86001	9.02207	0
-4.81675	9.0279	-0.321337	-4.81675	9.0279	0
-3.76782	9.06786	-0.302219	-3.76782	9.06786	0
-2.72285	9.05412	-0.313863	-2.72285	9.05412	0
-1.66463	9.02402	-0.316496	-1.66463	9.02402	0
-0.695497	10.005	-0.328596	-0.695497	10.005	0
0.322157	10.0286	-0.283291	0.322157	10.0286	0
1.33076	10.0554	-0.342284	1.33076	10.0554	0
2.39282	10.0657	-0.309912	2.39282	10.0657	0
3.3923	9.98929	-0.317103	3.3923	9.98929	0
4.4506	9.94887	-0.317658	4.4506	9.94887	0
5.4903	9.99685	-0.309411	5.4903	9.99685	0
6.57828	10.0353	-0.321627	6.57828	10.0353	0
7.64282	10.0392	-0.340471	7.64282	10.0392	0
8.60983	10.0249	-0.297346	8.60983	10.0249	0
9.62685	9.99631	-0.320157	9.62685	9.99631	0
10.6362	10.0075	-0.341588	10.6362	10.0075	0
11.6813	9.96174	-0.290481	11.6813	9.96174	0
-11.0501	10.0114	-0.332202	-11.0501	10.0114	0
-9.99798	10.0022	-0.331828	-9.99798	10.0022	0
-8.96774	10.0818	-0.323363	-8.96774	10.0818	0
-7.91383	10.1004	-0.34037	-7.91383	10.1004	0
-6.83926	10.0624	-0.330022	-6.83926	10.0624	0
-5.8273	10.0317	-0.301504	-5.8273	10.0317	0
-4.80677	10.0755	-0.328484	-4.80677	10.0755	0
-3.83479	10.0472	-0.304981	-3.83479	10.0472	0
-2.74829	10.0267	-0.30783	-2.74829	10.0267	0
-1.7132	10.0863	-0.310778	-1.7132	10.0863	0
-0.685044	11.03	-0.344517	-0.685044	11.03	0
0.358125	11.0501	-0.298357	0.358125	11.0501	0
1.3894	11.0653	-0.351682	1.3894	11.0653	0
2.40629	11.0684	-0.283937	2.40629	11.0684	0
3.42182	11.0607	-0.328213	3.42182	11.0607	0
4.45812	10.9909	-0.314365	4.45812	10.9909	0
5.50693	11.017	-0.309238	5.50693	11.017	0
6.61563	11.0577	-0.310335	6.61563	11.0577	0
7.62218	11.0441	-0.330507	7.62218	11.0441	0
8.62392	11.0491	-0.290716	8.62392	11.0491	0
9.63	11.0322	-0.325079	9.63	11.0322	0
10.6504	11.0807	-0.314298	10.6504	11.0807	0
11.7096	11.0473	-0.352922	11.7096	11.0473	0
-11.0505	11.0066	-0.314313	-11.0505	11.0066	0
-10.0302	11.0202	-0.338936	-10.0302	11.0202	0
-8.95186	11.0519	-0.312052	-8.95186	11.0519	0
-7.91324	11.0899	-0.348512	-7.91324	11.0899	0
-6.91128	11.1369	-0.343624	-6.91128	11.1369	0
-5.92372	11.0507	-0.343497	-5.92372	11.0507	0
-4.82925	11.1074	-0.323601	-4.82925	11.1074	0
-3.80145	11.0633	-0.323472	-3.80145	11.0633	0
-2.78421	11.0204	-0.285929	-2.78421	11.0204	0
-1.77276	11.1124	-0.340705	-1.77276	11.1124	0
-0.715997	-11.7264	-0.337475	-0.715997	-11.7264	0
0.338228	-11.7002	-0.320295	0.338228	-11.7002	0
1.38628	-11.6848	-0.318692	1.38628	-11.6848	0
2.45375	-11.7006	-0.338617	2.45375	-11.7006	0
3.45975	-11.6727	-0.322006	3.45975	-11.6727	0
4.42641	-11.716	-0.319504	4.42641	-11.716	0
5.47353	-11.7288	-0.325673	5.47353	-11.7288	0
6.52498	-11.7446	-0.31741	6.52498	-11.7446	0
7.59667	-11.6392	-0.324091	7.59667	-11.6392	0
8.62368	-11.7162	-0.317793	8.62368	-11.7162	0
9.61566	-11.7563	-0.316117	9.61566	-11.7563	0
10.6479	-11.7075	-0.288583	10.6479	-11.7075	0
11.7096	-11.7194	-0.324887	11.7096	-11.7194	0
-11.0756	-11.7483	-0.334292	-11.0756	-11.7483	0
-10.0274	-11.7194	-0.330603	-10.0274	-11.7194	0
-8.98724	-11.6728	-0.313345	-8.98724	-11.6728	0
-8.00633	-11.6705	-0.327361	-8.00633	-11.6705	0
-6.9425	-11.669	-0.318038	-6.9425	-11.669	0
-5.82574	-11.6974	-0.334311	-5.82574	-11.6974	0
-4.821	-11.6605	-0.32844	-4.821	-11.6605	0
-3.8312	-11.6311	-0.307354	-3.8312	-11.6311	0
-2.72103	-11.6616	-0.308174	-2.72103	-11.6616	0
-1.70136	-11.6616	-0.303361	-1.70136	-11.6616	0
-0.731547	-10.6571	-0.331113	-0.731547	-10.6571	0
0.366939	-10.6579	-0.311938	0.366939	-10.6579	0
1.35882	-10.6757	-0.298277	1.35882	-10.6757	0
2.4365	-10.6515	-0.309073	2.4365	-10.6515	0
3.49528	-10.6515	-0.332037	3.49528	-10.6515	0
4.44128	-10.726	-0.31282	4.44128	-10.726	0
5.47572	-10.6935	-0.325683	5.47572	-10.6935	0
6.53223	-10.6561	-0.309306	6.53223	-10.6561	0
7.57653	-10.6367	-0.312912	7.57653	-10.6367	0
8.59649	-10.7334	-0.34556	8.59649	-10.7334	0
9.63547	-10.6921	-0.300776	9.63547	-10.6921	0
10.6707	-10.7093	-0.311848	10.6707	-10.7093	0
11.7115	-10.6945	-0.314384	11.7115	-10.6945	0
-11.0788	-10.7481	-0.309985	-11.0788	-10.7481	0
-10.0078	-10.6791	-0.311728	-10.0078	-10.6791	0
-8.99203	-10.6219	-0.318882	-8.99203	-10.6219	0
-7.96608	-10.6117	-0.336852	-7.96608	-10.6117	0
-6.90438	-10.6733	-0.321535	-6.90438	-10.6733	0
-5.86472	-10.6679	-0.312794	-5.86472	-10.6679	0
-4.81026	-10.6764	-0.317951	-4.81026	-10.6764	0
-3.82004	-10.6276	-0.31575	-3.82004	-10.6276	0
-2.79228	-10.6699	-0.33853	-2.79228	-10.6699	0
-1.72348	-10.6138	-0.312317	-1.72348	-10.6138	0
-0.75675	-9.6488	-0.300861	-0.75675	-9.6488	0
0.311236	-9.6041	-0.342386	0.311236	-9.6041	0
1.34921	-9.58938	-0.318631	1.34921	-9.58938	0
2.37974	-9.592	-0.327311	2.37974	-9.592	0
3.42176	-9.61859	-0.286564	3.42176	-9.61859	0
4.45942	-9.6516	-0.316827	4.45942	-9.6516	0
5.46505	-9.6886	-0.327745	5.46505	-9.6886	0
6.55486	-9.66184	-0.307415	6.55486	-9.66184	0
7.60238	-9.63873	-0.318861	7.60238	-9.63873	0
8.67071	-9.67556	-0.325527	8.67071	-9.67556	0
9.68391	-9.64249	-0.316513	9.68391	-9.64249	0
10.7044	-9.71505	-0.300737	10.7044	-9.71505	0
11.7469	-9.66059	-0.318114	11.7469	-9.66059	0
-11.0535	-9.65905	-0.315371	-11.0535	-9.65905	0
-10.02	-9.68803	-0.309057	-10.02	-9.68803	0
-8.96642	-9.61149	-0.31625	-8.96642	-9.61149	0
-7.93746	-9.57384	-0.345713	-7.93746	-9.57384	0
-6.9363	-9.6659	-0.340444	-6.9363	-9.6659	0
-5.89527	-9.62881	-0.309237	-5.89527	-9.62881	0
-4.88934	-9.60414	-0.323785	-4.88934	-9.60414	0
-3.81496	-9.60498	-0.294917	-3.81496	-9.60498	0
-2.84231	-9.62379	-0.343816	-2.84231	-9.62379	0
-1.77211	-9.60082	-0.318768	-1.77211	-9.60082	0
-0.730233	-8.52326	-0.336702	-0.730233	-8.52326	0
0.373533	-8.58061	-0.320375	0.373533	-8.58061	0
1.37928	-8.53685	-0.308549	1.37928	-8.53685	0
2.39874	-8.56594	-0.317566	2.39874	-8.56594	0
3.39957	-8.61224	-0.319141	3.39957	-8.61224	0
4.45842	-8.65265	-0.322732	4.45842	-8.65265	0
5.49278	-8.57147	-0.27266	5.49278	-8.57147	0
6.58375	-8.59393	-0.304646	6.58375	-8.59393	0
7.57214	-8.629	-0.30573	7.57214	-8.629	0
8.59184	-8.67713	-0.315827	8.59184	-8.67713	0
9.57747	-8.61147	-0.349915	9.57747	-8.61147	0
10.7139	-8.6239	-0.319565	10.7139	-8.6239	0
11.7158	-8.58481	-0.302294	11.7158	-8.58481	0
-11.0357	-8.64648	-0.307178	-11.0357	-8.64648	0
-10.0245	-8.59694	-0.303107	-10.0245	-8.59694	0
-8.95883	-8.63163	-0.326491	-8.95883	-8.63163	0
-7.90381	-8.61632	-0.296147	-7.90381	-8.61632	0
-6.89567	-8.59437	-0.297246	-6.89567	-8.59437	0
-5.87498	-8.55692	-0.311265	-5.87498	-8.55692	0
-4.84972	-8.58	-0.307242	-4.84972	-8.58	0
-3.80132	-8.57717	-0.308756	-3.80132	-8.57717	0
-2.77941	-8.58847	-0.344579	-2.77941	-8.58847	0
-1.77314	-8.61859	-0.302246	-1.77314	-8.61859	0
-0.699398	-7.54906	-0.319349	-0.699398	-7.54906	0
0.306635	-7.55067	-0.315141	0.306635	-7.55067	0
1.36138	-7.51683	-0.272777	1.36138	-7.51683	0
2.39353	-7.51932	-0.332955	2.39353	-7.51932	0
3.49175	-7.57911	-0.342783	3.49175	-7.57911	0
4.55304	-7.62377	-0.323888	4.55304	-7.62377	0
5.53515	-7.60808	-0.306099	5.53515	-7.60808	0
6.58106	-7.57586	-0.322209	6.58106	-7.57586	0
7.59134	-7.62398	-0.335515	7.59134	-7.62398	0
8.6325	-7.62046	-0.324482	8.6325	-7.62046	0
9.64123	-7.56001	-0.291515	9.64123	-7.56001	0
10.6666	-7.57226	-0.292546	10.6666	-7.57226	0
11.7209	-7.58297	-0.316817	11.7209	-7.58297	0
-11.0771	-7.63198	-0.351483	-11.0771	-7.63198	0
-10.0047	-7.54521	-0.346598	-10.0047	-7.54521	0
-8.9809	-7.53706	-0.340725	-8.9809	-7.53706	0
-7.9558	-7.55179	-0.320027	-7.9558	-7.55179	0
-6.89297	-7.51063	-0.327243	-6.89297	-7.51063	0
-5.87434	-7.52175	-0.295674	-5.87434	-7.52175	0
-4.85973	-7.54326	-0.292286	-4.85973	-7.54326	0
-3.78491	-7.55248	-0.343434	-3.78491	-7.55248	0
-2.77619	-7.53821	-0.317725	-2.77619	-7.53821	0
-1.7015	-7.58353	-0.321946	-1.7015	-7.58353	0
-0.748962	-6.52931	-0.292161	-0.748962	-6.52931	0
0.269692	-6.46698	-0.344612	0.269692	-6.46698	0
1.40096	-6.46508	-0.315102	1.40096	-6.46508	0
2.41512	-6.51206	-0.330698	2.41512	-6.51206	0
3.48207	-6.52985	-0.313762	3.48207	-6.52985	0
4.46932	-6.51795	-0.318906	4.46932	-6.51795	0
5.52254	-6.53754	-0.306207	5.52254	-6.53754	0
6.56762	-6.56629	-0.321277	6.56762	-6.56629	0
7.57565	-6.61005	-0.324413	7.57565	-6.61005	0
8.56342	-6.54301	-0.34002	8.56342	-6.54301	0
9.60052	-6.55357	-0.29917	9.60052	-6.55357	0
10.6673	-6.5274	-0.300896	10.6673	-6.5274	0
11.7058	-6.55354	-0.320947	11.7058	-6.55354	0
-11.0864	-6.56785	-0.298824	-11.0864	-6.56785	0
-10.0869	-6.49767	-0.305704	-10.0869	-6.49767	0
-9.06484	-6.47055	-0.32305	-9.06484	-6.47055	0
-8.03336	-6.52398	-0.319559	-8.03336	-6.52398	0
-6.93391	-6.51783	-0.339458	-6.93391	-6.51783	0
-5.89503	-6.51926	-0.340605	-5.89503	-6.51926	0
-4.85508	-6.53897	-0.301116	-4.85508	-6.53897	0
-3.76415	-6.49379	-0.332863	-3.76415	-6.49379	0
-2.72582	-6.49965	-0.333285	-2.72582	-6.49965	0
-1.74891	-6.55351	-0.325095	-1.74891	-6.55351	0
-0.705164	-5.52796	-0.278267	-0.705164	-5.52796	0
0.371672	-5.41194	-0.324703	0.371672	-5.41194	0
1.37002	-5.47202	-0.312997	1.37002	-5.47202	0
2.37438	-5.47443	-0.302545	2.37438	-5.47443	0
3.45415	-5.51181	-0.327123	3.45415	-5.51181	0
4.49184	-5.45009	-0.32221	4.49184	-5.45009	0
5.47822	-5.52936	-0.312307	5.47822	-5.52936	0
6.51517	-5.54233	-0.313815	6.51517	-5.54233	0
7.60431	-5.55784	-0.309135	7.60431	-5.55784	0
8.56648	-5.5511	-0.309394	8.56648	-5.5511	0
9.57854	-5.52153	-0.320735	9.57854	-5.52153	0
10.6301	-5.50926	-0.310969	10.6301	-5.50926	0
11.6832	-5.59721	-0.325633	11.6832	-5.59721	0
-11.0552	-5.57572	-0.34332	-11.0552	-5.57572	0
-10.0126	-5.51893	-0.36041	-10.0126	-5.51893	0
-8.96574	-5.4454	-0.316144	-8.96574	-5.4454	0
-7.98606	-5.50329	-0.294139	-7.98606	-5.50329	0
-6.98328	-5.53535	-0.301555	-6.98328	-5.53535	0
-5.89576	-5.50842	-0.334138	-5.89576	-5.50842	0
-4.80778	-5.49151	-0.315672	-4.80778	-5.49151	0
-3.79139	-5.48725	-0.324195	-3.79139	-5.48725	0
-2.81515	-5.43251	-0.306878	-2.81515	-5.43251	0
-1.73186	-5.49825	-0.32428	-1.73186	-5.49825	0
-0.65969	-4.4432	-0.303839	-0.65969	-4.4432	0
0.37749	-4.43177	-0.297239	0.37749	-4.43177	0
1.4088	-4.4199	-0.30828	1.4088	-4.4199	0
2.442	-4.41067	-0.329625	2.442	-4.41067	0
3.42615	-4.4552	-0.329593	3.42615	-4.4552	0
4.44916	-4.42367	-0.285769	4.44916	-4.42367	0
5.48728	-4.45694	-0.311338	5.48728	-4.45694	0
6.4966	-4.56414	-0.306364	6.4966	-4.56414	0
7.5278	-4.50928	-0.340194	7.5278	-4.50928	0
8.52628	-4.4228	-0.334803	8.52628	-4.4228	0
9.57685	-4.46442	-0.33392	9.57685	-4.46442	0
10.5962	-4.4803	-0.326616	10.5962	-4.4803	0
11.7157	-4.53063	-0.324887	11.7157	-4.53063	0
-11.0372	-4.51764	-0.299626	-11.0372	-4.51764	0
-9.96265	-4.49176	-0.340307	-9.96265	-4.49176	0
-8.92457	-4.43386	-0.338618	-8.92457	-4.43386	0
-7.90751	-4.41417	-0.327361	-7.90751	-4.41417	0
-6.93742	-4.47216	-0.309569	-6.93742	-4.47216	0
-5.90144	-4.49748	-0.343206	-5.90144	-4.49748	0
-4.82039	-4.47763	-0.336513	-4.82039	-4.47763	0
-3.81456	-4.45603	-0.317166	-3.81456	-4.45603	0
-2.82125	-4.43836	-0.335722	-2.82125	-4.43836	0
-1.68688	-4.4582	-0.338142	-1.68688	-4.4582	0
-0.700652	-3.33434	-0.319679	-0.700652	-3.33434	0
0.337015	-3.38956	-0.318372	0.337015	-3.38956	0
1.37387	-3.38195	-0.315664	1.37387	-3.38195	0
2.37974	-3.35979	-0.298948	2.37974	-3.35979	0
3.43864	-3.41882	-0.31513	3.43864	-3.41882	0
4.44659	-3.43346	-0.319623	4.44659	-3.43346	0
5.49893	-3.45791	-0.33164	5.49893	-3.45791	0
6.52985	-3.42401	-0.329953	6.52985	-3.42401	0
7.53528	-3.41265	-0.309868	7.53528	-3.41265	0
8.54017	-3.40671	-0.305759	8.54017	-3.40671	0
9.63625	-3.42773	-0.305201	9.63625	-3.42773	0
10.6598	-3.44921	-0.329427	10.6598	-3.44921	0
11.7058	-3.40991	-0.305574	11.7058	-3.40991	0
-11.0583	-3.53011	-0.315889	-11.0583	-3.53011	0
-10.0068	-3.45664	-0.334649	-10.0068	-3.45664	0
-8.96939	-3.42095	-0.33659	-8.96939	-3.42095	0
-7.94306	-3.39818	-0.338867	-7.94306	-3.39818	0
-6.88997	-3.33504	-0.331263	-6.88997	-3.33504	0
-5.8681	-3.45154	-0.318684	-5.8681	-3.45154	0
-4.85192	-3.51393	-0.326023	-4.85192	-3.51393	0
-3.79199	-3.44801	-0.295504	-3.79199	-3.44801	0
-2.73189	-3.29193	-0.315175	-2.73189	-3.29193	0
-1.71468	-3.38035	-0.324137	-1.71468	-3.38035	0
-0.766207	-2.36415	-0.30891	-0.766207	-2.36415	0
0.316481	-2.35658	-0.332879	0.316481	-2.35658	0
1.32826	-2.30842	-0.300838	1.32826	-2.30842	0
2.38299	-2.33916	-0.318718	2.38299	-2.33916	0
3.4765	-2.36259	-0.312499	3.4765	-2.36259	0
4.48967	-2.41577	-0.315658	4.48967	-2.41577	0
5.50644	-2.39691	-0.311213	5.50644	-2.39691	0
6.51315	-2.35648	-0.300995	6.51315	-2.35648	0
7.57845	-2.38589	-0.315087	7.57845	-2.38589	0
8.60676	-2.38617	-0.315738	8.60676	-2.38617	0
9.65893	-2.42346	-0.319784	9.65893	-2.42346	0
10.6666	-2.38416	-0.317228	10.6666	-2.38416	0
11.7094	-2.39221	-0.323055	11.7094	-2.39221	0
-11.068	-2.4426	-0.328922	-11.068	-2.4426	0
-10.0297	-2.41305	-0.329789	-10.0297	-2.41305	0
-9.00678	-2.35005	-0.324483	-9.00678	-2.35005	0
-7.92329	-2.36285	-0.333386	-7.92329	-2.36285	0
-6.82861	-2.31683	-0.309744	-6.82861	-2.31683	0
-5.86471	-2.41861	-0.327043	-5.86471	-2.41861	0
-4.81104	-2.44266	-0.31933	-4.81104	-2.44266	0
-3.79461	-2.42586	-0.322574	-3.79461	-2.42586	0
-2.74871	-2.35953	-0.30798	-2.74871	-2.35953	0
-1.76247	-2.27977	-0.302585	-1.76247	-2.27977	0
-0.691011	-1.29521	-0.318345	-0.691011	-1.29521	0
0.351037	-1.33092	-0.279226	0.351037	-1.33092	0
1.35457	-1.29535	-0.307232	1.35457	-1.29535	0
2.35683	-1.27801	-0.341507	2.35683	-1.27801	0
3.3988	-1.3079	-0.318504	3.3988	-1.3079	0
4.44912	-1.39085	-0.324521	4.44912	-1.39085	0
5.50541	-1.37352	-0.331919	5.50541	-1.37352	0
6.47996	-1.34861	-0.334512	6.47996	-1.34861	0
7.52304	-1.356	-0.332331	7.52304	-1.356	0
8.56883	-1.32987	-0.333856	8.56883	-1.32987	0
9.64644	-1.42395	-0.321537	9.64644	-1.42395	0
10.7016	-1.36421	-0.320409	10.7016	-1.36421	0
11.698	-1.36098	-0.298676	11.698	-1.36098	0
-11.0707	-1.39492	-0.334588	-11.0707	-1.39492	0
-9.98992	-1.34234	-0.271315	-9.98992	-1.34234	0
-8.96904	-1.36447	-0.323412	-8.96904	-1.36447	0
-7.90964	-1.35366	-0.288819	-7.90964	-1.35366	0
-6.86046	-1.3496	-0.317661	-6.86046	-1.3496	0
-5.83971	-1.32987	-0.323085	-5.83971	-1.32987	0
-4.80567	-1.38646	-0.306201	-4.80567	-1.38646	0
-3.80831	-1.37364	-0.305198	-3.80831	-1.37364	0
-2.79278	-1.3613	-0.329994	-2.79278	-1.3613	0
-1.78241	-1.30025	-0.314361	-1.78241	-1.30025	0
-0.190929	0.259804	0.29724	-0.190929	0.259804	0
0.838968	0.202819	0.319212	0.838968	0.202819	0
1.86728	0.209077	0.323612	1.86728	0.209077	0
2.89971	0.266643	0.309955	2.89971	0.266643	0
3.9165	0.201418	0.338583	3.9165	0.201418	0
4.89913	0.163636	0.324287	4.89913	0.163636	0
5.97588	0.258132	0.334771	5.97588	0.258132	0
6.99275	0.202911	0.333996	6.99275	0.202911	0
8.02902	0.208679	0.310939	8.02902	0.208679	0
9.07319	0.162196	0.315237	9.07319	0.162196	0
10.1396	0.124728	0.305308	10.1396	0.124728	0
11.182	0.174803	0.321639	11.182	0.174803	0
-11.5091	0.16214	0.29165	-11.5091	0.16214	0
-10.4975	0.207103	0.284316	-10.4975	0.207103	0
-9.46682	0.213012	0.315429	-9.46682	0.213012	0
-8.48132	0.187554	0.324104	-8.48132	0.187554	0
-7.45407	0.217816	0.294273	-7.45407	0.217816	0
-6.34603	0.297737	0.312327	-6.34603	0.297737	0
-5.29728	0.161613	0.32307	-5.29728	0.161613	0
-4.30907	0.158073	0.325808	-4.30907	0.158073	0
-3.316	0.179368	0.331298	-3.316	0.179368	0
-2.21415	0.237083	0.3301	-2.21415	0.237083	0
-1.24129	0.210494	0.315349	-1.24129	0.210494	0
-0.211409	1.24989	0.306258	-0.211409	1.24989	0
0.819971	1.24177	0.316508	0.819971	1.24177	0
1.9209	1.28318	0.292361	1.9209	1.28318	0
2.9764	1.2817	0.32404	2.9764	1.2817	0
3.96564	1.2748	0.287525	3.96564	1.2748	0
4.93601	1.22384	0.327167	4.93601	1.22384	0
5.98831	1.28465	0.316145	5.98831	1.28465	0
6.9355	1.18506	0.310965	6.9355	1.18506	0
7.98152	1.21043	0.310772	7.98152	1.21043	0
9.00344	1.18896	0.31853	9.00344	1.18896	0
10.1137	1.1952	0.309429	10.1137	1.1952	0
11.1859	1.17326	0.275483	11.1859	1.17326	0
-11.5635	1.23432	0.271639	-11.5635	1.23432	0
-10.5331	1.23841	0.326152	-10.5331	1.23841	0
-9.47951	1.22185	0.334754	-9.47951	1.22185	0
-8.42089	1.25884	0.326478	-8.42089	1.25884	0
-7.43279	1.27311	0.312433	-7.43279	1.27311	0
-6.42688	1.27304	0.270139	-6.42688	1.27304	0
-5.3403	1.20671	0.325892	-5.3403	1.20671	0
-4.3297	1.20588	0.321204	-4.3297	1.20588	0
-3.29306	1.18184	0.298935	-3.29306	1.18184	0
-2.26508	1.26622	0.304322	-2.26508	1.26622	0
-1.20095	1.27083	0.295581	-1.20095	1.27083	0
-0.154308	2.27278	0.337839	-0.154308	2.27278	0
0.812986	2.27023	0.297757	0.812986	2.27023	0
1.89238	2.25069	0.312463	1.89238	2.25069	0
2.98376	2.30274	0.34209	2.98376	2.30274	0
3.98559	2.31905	0.306953	3.98559	2.31905	0
5.01784	2.3163	0.340245	5.01784	2.3163	0
5.99255	2.32709	0.304304	5.99255	2.32709	0
7.00698	2.27384	0.339744	7.00698	2.27384	0
8.04289	2.21554	0.308234	8.04289	2.21554	0
9.05917	2.2047	0.290586	9.05917	2.2047	0
10.1157	2.23441	0.314122	10.1157	2.23441	0
11.1321	2.22941	0.342181	11.1321	2.22941	0
-11.5553	2.28002	0.318152	-11.5553	2.28002	0
-10.4583	2.24744	0.329379	-10.4583	2.24744	0
-9.47948	2.31487	0.336262	-9.47948	2.31487	0
-8.47379	2.25459	0.297562	-8.47379	2.25459	0
-7.40235	2.30517	0.318366	-7.40235	2.30517	0
-6.36735	2.28124	0.299304	-6.36735	2.28124	0
-5.32571	2.32574	0.343935	-5.32571	2.32574	0
-4.29244	2.22826	0.32001	-4.29244	2.22826	0
-3.29989	2.24993	0.328277	-3.29989	2.24993	0
-2.2465	2.29091	0.336755	-2.2465	2.29091	0
-1.17169	2.30422	0.312446	-1.17169	2.30422	0
-0.192919	3.35392	0.289615	-0.192919	3.35392	0
0.812921	3.26279	0.30369	0.812921	3.26279	0
1.87029	3.28159	0.301462	1.87029	3.28159	0
2.95563	3.32148	0.311855	2.95563	3.32148	0
4.00614	3.3842	0.303008	4.00614	3.3842	0
5.00569	3.37112	0.320724	5.00569	3.37112	0
6.03128	3.32803	0.330889	6.03128	3.32803	0
7.04517	3.37466	0.319348	7.04517	3.37466	0
8.08018	3.32475	0.331285	8.08018	3.32475	0
9.09789	3.30391	0.307939	9.09789	3.30391	0
10.1854	3.24907	0.291454	10.1854	3.24907	0
11.1579	3.25497	0.329652	11.1579	3.25497	0
-11.5649	3.31446	0.299992	-11.5649	3.31446	0
-10.5576	3.32161	0.315575	-10.5576	3.32161	0
-9.51873	3.33561	0.324479	-9.51873	3.33561	0
-8.41255	3.32268	0.302402	-8.41255	3.32268	0
-7.33458	3.41269	0.337138	-7.33458	3.41269	0
-6.31669	3.29016	0.320703	-6.31669	3.29016	0
-5.28762	3.29359	0.287431	-5.28762	3.29359	0
-4.22219	3.28593	0.285894	-4.22219	3.28593	0
-3.21097	3.33992	0.288391	-3.21097	3.33992	0
-2.2435	3.36178	0.314558	-2.2435	3.36178	0
-1.19927	3.27632	0.322306	-1.19927	3.27632	0
-0.171486	4.30378	0.304282	-0.171486	4.30378	0
0.848663	4.29013	0.326894	0.848663	4.29013	0
1.87231	4.32718	0.272349	1.87231	4.32718	0
2.95621	4.36188	0.286726	2.95621	4.36188	0
3.99381	4.38508	0.303806	3.99381	4.38508	0
4.9963	4.42927	0.313171	4.9963	4.42927	0
6.04517	4.3475	0.321482	6.04517	4.3475	0
7.04687	4.37054	0.328706	7.04687	4.37054	0
8.05119	4.39139	0.314389	8.05119	4.39139	0
9.12821	4.32747	0.291721	9.12821	4.32747	0
10.1838	4.30335	0.319515	10.1838	4.30335	0
11.1991	4.26417	0.298971	11.1991	4.26417	0
-11.5574	4.29267	0.341881	-11.5574	4.29267	0
-10.5525	4.39735	0.295331	-10.5525	4.39735	0
-9.51239	4.32547	0.273508	-9.51239	4.32547	0
-8.45063	4.31579	0.327567	-8.45063	4.31579	0
-7.347	4.39136	0.310569	-7.347	4.39136	0
-6.37895	4.35884	0.319236	-6.37895	4.35884	0
-5.2762	4.32395	0.31978	-5.2762	4.32395	0
-4.25752	4.31742	0.288939	-4.25752	4.31742	0
-3.25669	4.39212	0.334722	-3.25669	4.39212	0
-2.19064	4.35762	0.31864	-2.19064	4.35762	0
-1.18725	4.32413	0.337164	-1.18725	4.32413	0
-0.165587	5.3429	0.329346	-0.165587	5.3429	0
0.829195	5.29707	0.324768	0.829195	5.29707	0
1.87189	5.37707	0.314882	1.87189	5.37707	0
2.88139	5.34475	0.305797	2.88139	5.34475	0
3.91164	5.4543	0.30395	3.91164	5.4543	0
4.93518	5.41769	0.324051	4.93518	5.41769	0
6.05039	5.39269	0.295269	6.05039	5.39269	0
7.01533	5.41883	0.311731	7.01533	5.41883	0
8.08218	5.44523	0.310926	8.08218	5.44523	0
9.10608	5.34009	0.288141	9.10608	5.34009	0
10.1555	5.41155	0.312779	10.1555	5.41155	0
11.1951	5.32438	0.338178	11.1951	5.32438	0
-11.5929	5.29146	0.328653	-11.5929	5.29146	0
-10.5404	5.37074	0.300156	-10.5404	5.37074	0
-9.49112	5.36242	0.326857	-9.49112	5.36242	0
-8.43156	5.37702	0.297042	-8.43156	5.37702	0
-7.39072	5.44698	0.293518	-7.39072	5.44698	0
-6.33946	5.37506	0.285978	-6.33946	5.37506	0
-5.36691	5.35206	0.316101	-5.36691	5.35206	0
-4.36481	5.36327	0.331499	-4.36481	5.36327	0
-3.33082	5.40979	0.314835	-3.33082	5.40979	0
-2.23844	5.40237	0.303779	-2.23844	5.40237	0
-1.25657	5.4113	0.315445	-1.25657	5.4113	0
-0.192259	6.41371	0.333888	-0.192259	6.41371	0
0.846228	6.39646	0.326783	0.846228	6.39646	0
1.85015	6.36239	0.3023	1.85015	6.36239	0
2.90696	6.43133	0.314335	2.90696	6.43133	0
3.90984	6.47708	0.29708	3.90984	6.47708	0
4.94249	6.43498	0.312115	4.94249	6.43498	0
6.01007	6.41551	0.310456	6.01007	6.41551	0
7.05456	6.40591	0.295758	7.05456	6.40591	0
8.01483	6.43055	0.32788	8.01483	6.43055	0
9.05223	6.37142	0.33105	9.05223	6.37142	0
10.0883	6.39737	0.325411	10.0883	6.39737	0
11.1957	6.4563	0.31746	11.1957	6.4563	0
-11.5658	6.40856	0.295834	-11.5658	6.40856	0
-10.5223	6.37313	0.324268	-10.5223	6.37313	0
-9.49244	6.42635	0.326197	-9.49244	6.42635	0
-8.46012	6.41123	0.327487	-8.46012	6.41123	0
-7.43066	6.43784	0.320179	-7.43066	6.43784	0
-6.38679	6.42751	0.316088	-6.38679	6.42751	0
-5.36368	6.3524	0.318648	-5.36368	6.3524	0
-4.33116	6.46266	0.336866	-4.33116	6.46266	0
-3.33159	6.39479	0.332821	-3.33159	6.39479	0
-2.2577	6.38975	0.310622	-2.2577	6.38975	0
-1.18645	6.47086	0.334573	-1.18645	6.47086	0
-0.216883	7.45286	0.331672	-0.216883	7.45286	0
0.82993	7.45616	0.312041	0.82993	7.45616	0
1.85808	7.35527	0.290287	1.85808	7.35527	0
2.90587	7.43238	0.313235	2.90587	7.43238	0
3.92087	7.47057	0.327831	3.92087	7.47057	0
5.00304	7.47256	0.335368	5.00304	7.47256	0
6.04658	7.4601	0.32665	6.04658	7.4601	0
7.07239	7.45011	0.294105	7.07239	7.45011	0
8.05678	7.49827	0.318332	8.05678	7.49827	0
9.07195	7.42743	0.315046	9.07195	7.42743	0
10.0656	7.41525	0.331803	10.0656	7.41525	0
11.15	7.449	0.322498	11.15	7.449	0
-11.5381	7.43955	0.332428	-11.5381	7.43955	0
-10.495	7.45597	0.338174	-10.495	7.45597	0
-9.44494	7.4732	0.349978	-9.44494	7.4732	0
-8.48045	7.47839	0.303575	-8.48045	7.47839	0
-7.39115	7.55133	0.316518	-7.39115	7.55133	0
-6.39542	7.48615	0.317188	-6.39542	7.48615	0
-5.35584	7.455	0.307489	-5.35584	7.455	0
-4.32622	7.518	0.336677	-4.32622	7.518	0
-3.30027	7.46893	0.315374	-3.30027	7.46893	0
-2.23835	7.49173	0.304347	-2.23835	7.49173	0
-1.23884	7.47825	0.312501	-1.23884	7.47825	0
-0.121719	8.43403	0.305065	-0.121719	8.43403	0
0.94035	8.49565	0.341603	0.94035	8.49565	0
1.93712	8.52628	0.298209	1.93712	8.52628	0
2.91845	8.47197	0.315159	2.91845	8.47197	0
3.9566	8.44861	0.322098	3.9566	8.44861	0
4.97568	8.46599	0.316132	4.97568	8.46599	0
5.98174	8.45619	0.288952	5.98174	8.45619	0
7.06209	8.53084	0.320372	7.06209	8.53084	0
8.10231	8.5117	0.327441	8.10231	8.5117	0
9.10093	8.47124	0.315849	9.10093	8.47124	0
10.0909	8.433	0.303673	10.0909	8.433	0
11.1769	8.36464	0.288176	11.1769	8.36464	0
-11.5844	8.46003	0.329018	-11.5844	8.46003	0
-10.5235	8.44112	0.308077	-10.5235	8.44112	0
-9.49158	8.5101	0.307479	-9.49158	8.5101	0
-8.46751	8.46822	0.330591	-8.46751	8.46822	0
-7.42669	8.56269	0.319232	-7.42669	8.56269	0
-6.35716	8.518	0.298688	-6.35716	8.518	0
-5.3112	8.55398	0.325979	-5.3112	8.55398	0
-4.30718	8.55832	0.319238	-4.30718	8.55832	0
-3.24075	8.56466	0.306723	-3.24075	8.56466	0
-2.21164	8.54017	0.314445	-2.21164	8.54017	0
-1.18184	8.47599	0.304109	-1.18184	8.47599	0
-0.141787	9.4816	0.297258	-0.141787	9.4816	0
0.820618	9.49985	0.335471	0.820618	9.49985	0
1.88949	9.5833	0.306274	1.88949	9.5833	0
2.9105	9.51032	0.319816	2.9105	9.51032	0
3.97096	9.42923	0.326795	3.97096	9.42923	0
4.95164	9.49497	0.338122	4.95164	9.49497	0
6.00202	9.50842	0.297706	6.00202	9.50842	0
7.08853	9.53098	0.322885	7.08853	9.53098	0
8.11433	9.53892	0.348697	8.11433	9.53892	0
9.12119	9.46375	0.332021	9.12119	9.46375	0
10.1345	9.46408	0.322467	10.1345	9.46408	0
11.17	9.4116	0.318417	11.17	9.4116	0
-11.6047	9.42077	0.287597	-11.6047	9.42077	0
-10.4775	9.46662	0.327659	-10.4775	9.46662	0
-9.45369	9.55751	0.312772	-9.45369	9.55751	0
-8.42928	9.57388	0.296593	-8.42928	9.57388	0
-7.39105	9.59399	0.305703	-7.39105	9.59399	0
-6.36237	9.5722	0.338306	-6.36237	9.5722	0
-5.30622	9.56097	0.323867	-5.30622	9.56097	0
-4.34758	9.56231	0.324754	-4.34758	9.56231	0
-3.28816	9.58524	0.294885	-3.28816	9.58524	0
-2.19259	9.56218	0.324086	-2.19259	9.56218	0
-1.14794	9.5282	0.294393	-1.14794	9.5282	0
-0.204581	10.5093	0.321777	-0.204581	10.5093	0
0.899316	10.626	0.341601	0.899316	10.626	0
1.85963	10.5722	0.32313	1.85963	10.5722	0
2.93442	10.5609	0.323024	2.93442	10.5609	0
3.91237	10.4519	0.296747	3.91237	10.4519	0
4.96997	10.5625	0.317062	4.96997	10.5625	0
6.02302	10.5423	0.313824	6.02302	10.5423	0
7.08951	10.581	0.323419	7.08951	10.581	0
8.1143	10.5555	0.308878	8.1143	10.5555	0
9.14995	10.5432	0.348522	9.14995	10.5432	0
10.1532	10.5291	0.317464	10.1532	10.5291	0
11.1796	10.5454	0.309172	11.1796	10.5454	0
-11.5841	10.5367	0.311368	-11.5841	10.5367	0
-10.5343	10.465	0.31241	-10.5343	10.465	0
-9.54521	10.5731	0.331525	-9.54521	10.5731	0
-8.45886	10.5595	0.314568	-8.45886	10.5595	0
-7.40202	10.6059	0.289331	-7.40202	10.6059	0
-6.37305	10.5676	0.314546	-6.37305	10.5676	0
-5.35822	10.5567	0.305942	-5.35822	10.5567	0
-4.32967	10.6207	0.351404	-4.32967	10.6207	0
-3.29134	10.5422	0.338497	-3.29134	10.5422	0
-2.23121	10.5977	0.339644	-2.23121	10.5977	0
-1.23077	10.5914	0.314328	-1.23077	10.5914	0
-0.197632	11.589	0.302332	-0.197632	11.589	0
0.839919	11.6341	0.286451	0.839919	11.6341	0
1.85528	11.5892	0.312253	1.85528	11.5892	0
2.90471	11.5969	0.341776	2.90471	11.5969	0
3.94918	11.5285	0.309941	3.94918	11.5285	0
4.96424	11.5015	0.297853	4.96424	11.5015	0
6.03163	11.542	0.309125	6.03163	11.542	0
7.11171	11.5549	0.311429	7.11171	11.5549	0
8.14551	11.5436	0.303539	8.14551	11.5436	0
9.11871	11.5602	0.328867	9.11871	11.5602	0
10.1152	11.5608	0.325477	10.1152	11.5608	0
11.184	11.5576	0.27331	11.184	11.5576	0
-11.576	11.5933	0.318744	-11.576	11.5933	0
-10.5781	11.5182	0.350267	-10.5781	11.5182	0
-9.5097	11.5733	0.289671	-9.5097	11.5733	0
-8.43466	11.5779	0.326279	-8.43466	11.5779	0
-7.40065	11.6203	0.327888	-7.40065	11.6203	0
-6.36195	11.5515	0.281422	-6.36195	11.5515	0
-5.35854	11.5929	0.319487	-5.35854	11.5929	0
-4.26651	11.5906	0.342393	-4.26651	11.5906	0
-3.29197	11.5993	0.291702	-3.29197	11.5993	0
-2.28976	11.573	0.301849	-2.28976	11.573	0
-1.24335	11.5615	0.303121	-1.24335	11.5615	0
-0.183591	-11.1825	0.293389	-0.183591	-11.1825	0
0.901454	-11.1824	0.328905	0.901454	-11.1824	0
1.90546	-11.1859	0.292646	1.90546	-11.1859	0
2.96461	-11.1434	0.302077	2.96461	-11.1434	0
3.96329	-11.1462	0.346349	3.96329	-11.1462	0
4.96578	-11.2226	0.290877	4.96578	-11.2226	0
6.00161	-11.2032	0.29976	6.00161	-11.2032	0
7.02926	-11.2165	0.304055	7.02926	-11.2165	0
8.08546	-11.1961	0.332394	8.08546	-11.1961	0
9.10445	-11.2264	0.29498	9.10445	-11.2264	0
10.1274	-11.1843	0.334885	10.1274	-11.1843	0
11.1939	-11.2382	0.302058	11.1939	-11.2382	0
-11.5965	-11.2269	0.325118	-11.5965	-11.2269	0
-10.5358	-11.2351	0.311942	-10.5358	-11.2351	0
-9.50778	-11.2016	0.312359	-9.50778	-11.2016	0
-8.51003	-11.1184	0.292205	-8.51003	-11.1184	0
-7.47803	-11.1535	0.283474	-7.47803	-11.1535	0
-6.35443	-11.2447	0.294259	-6.35443	-11.2447	0
-5.34029	-11.196	0.316836	-5.34029	-11.196	0
-4.29627	-11.1698	0.368549	-4.29627	-11.1698	0
-3.31348	-11.1544	0.309816	-3.31348	-11.1544	0
-2.1983	-11.1873	0.323193	-2.1983	-11.1873	0
-1.18899	-11.2032	0.318306	-1.18899	-11.2032	0
-0.22521	-10.1427	0.280598	-0.22521	-10.1427	0
0.79975	-10.1486	0.301296	0.79975	-10.1486	0
1.92012	-10.1347	0.348423	1.92012	-10.1347	0
2.90529	-10.151	0.31604	2.90529	-10.151	0
3.98308	-10.1551	0.304003	3.98308	-10.1551	0
4.96043	-10.2173	0.336636	4.96043	-10.2173	0
6.03981	-10.1655	0.318376	6.03981	-10.1655	0
7.08112	-10.1599	0.334929	7.08112	-10.1599	0
8.14669	-10.1902	0.29567	8.14669	-10.1902	0
9.16587	-10.1682	0.335399	9.16587	-10.1682	0
10.1725	-10.208	0.32167	10.1725	-10.208	0
11.1942	-10.1628	0.337323	11.1942	-10.1628	0
-11.5879	-10.222	0.316132	-11.5879	-10.222	0
-10.5469	-10.1858	0.315397	-10.5469	-10.1858	0
-9.4673	-10.0987	0.336843	-9.4673	-10.0987	0
-8.44927	-10.1084	0.306395	-8.44927	-10.1084	0
-7.448	-10.1508	0.30588	-7.448	-10.1508	0
-6.40108	-10.1458	0.308496	-6.40108	-10.1458	0
-5.38329	-10.1708	0.319604	-5.38329	-10.1708	0
-4.25387	-10.1781	0.33524	-4.25387	-10.1781	0
-3.26421	-10.1487	0.318686	-3.26421	-10.1487	0
-2.30827	-10.1748	0.319073	-2.30827	-10.1748	0
-1.24236	-10.1354	0.332228	-1.24236	-10.1354	0
-0.177368	-9.09073	0.289491	-0.177368	-9.09073	0
0.842137	-9.10638	0.309254	0.842137	-9.10638	0
1.86192	-9.07209	0.310939	1.86192	-9.07209	0
2.89897	-9.08982	0.334166	2.89897	-9.08982	0
3.94789	-9.12642	0.305903	3.94789	-9.12642	0
4.98958	-9.1467	0.342569	4.98958	-9.1467	0
5.97259	-9.15466	0.300707	5.97259	-9.15466	0
7.02666	-9.12749	0.309149	7.02666	-9.12749	0
8.10904	-9.14984	0.32886	8.10904	-9.14984	0
9.14103	-9.1754	0.334403	9.14103	-9.1754	0
10.2267	-9.10838	0.315006	10.2267	-9.10838	0
11.2221	-9.15091	0.300502	11.2221	-9.15091	0
-11.5218	-9.17452	0.344958	-11.5218	-9.17452	0
-10.5009	-9.13458	0.287122	-10.5009	-9.13458	0
-9.47482	-9.11653	0.312141	-9.47482	-9.11653	0
-8.4631	-9.13723	0.302318	-8.4631	-9.13723	0
-7.37147	-9.1072	0.291162	-7.37147	-9.1072	0
-6.37563	-9.13146	0.32827	-6.37563	-9.13146	0
-5.33041	-9.07275	0.305639	-5.33041	-9.07275	0
-4.34008	-9.13527	0.329474	-4.34008	-9.13527	0
-3.3168	-9.08185	0.317468	-3.3168	-9.08185	0
-2.35531	-9.14136	0.311476	-2.35531	-9.14136	0
-1.2097	-9.13706	0.32481	-1.2097	-9.13706	0
-0.204281	-8.056	0.306909	-0.204281	-8.056	0
0.809967	-7.99861	0.344312	0.809967	-7.99861	0
1.83807	-8.04253	0.343118	1.83807	-8.04253	0
2.89296	-8.00379	0.285291	2.89296	-8.00379	0
3.95481	-8.10759	0.327714	3.95481	-8.10759	0
4.97415	-8.11263	0.331917	4.97415	-8.11263	0
6.06319	-8.10713	0.297691	6.06319	-8.10713	0
7.12635	-8.01707	0.326003	7.12635	-8.01707	0
8.15057	-8.13632	0.333273	8.15057	-8.13632	0
9.09529	-8.1519	0.337542	9.09529	-8.1519	0
10.1268	-8.11888	0.299607	10.1268	-8.11888	0
11.1956	-8.0966	0.302522	11.1956	-8.0966	0
-11.5279	-8.11062	0.310031	-11.5279	-8.11062	0
-10.5287	-8.03397	0.301776	-10.5287	-8.03397	0
-9.48681	-8.04418	0.308041	-9.48681	-8.04418	0
-8.49411	-8.0591	0.32497	-8.49411	-8.0591	0
-7.43207	-8.10076	0.305434	-7.43207	-8.10076	0
-6.36566	-8.04277	0.316938	-6.36566	-8.04277	0
-5.35966	-8.03518	0.33797	-5.35966	-8.03518	0
-4.34108	-8.07505	0.297378	-4.34108	-8.07505	0
-3.29444	-8.0609	0.295853	-3.29444	-8.0609	0
-2.23651	-8.09024	0.305965	-2.23651	-8.09024	0
-1.22728	-8.13998	0.321232	-1.22728	-8.13998	0
-0.197122	-6.99278	0.33052	-0.197122	-6.99278	0
0.799427	-6.99668	0.310725	0.799427	-6.99668	0
1.84928	-7.00378	0.315274	1.84928	-7.00378	0
2.89736	-7.02085	0.29222	2.89736	-7.02085	0
3.99384	-7.0985	0.317145	3.99384	-7.0985	0
5.03338	-7.05382	0.320199	5.03338	-7.05382	0
6.0388	-7.08852	0.290026	6.0388	-7.08852	0
7.05437	-7.05031	0.334029	7.05437	-7.05031	0
8.10113	-7.11234	0.284622	8.10113	-7.11234	0
9.08217	-7.03954	0.336213	9.08217	-7.03954	0
10.1866	-7.04732	0.326653	10.1866	-7.04732	0
11.2415	-7.0487	0.351745	11.2415	-7.0487	0
-11.5718	-7.08563	0.323323	-11.5718	-7.08563	0
-10.5543	-7.12102	0.293155	-10.5543	-7.12102	0
-9.5641	-7.04961	0.303984	-9.5641	-7.04961	0
-8.52957	-7.04657	0.328977	-8.52957	-7.04657	0
-7.43973	-7.04185	0.304696	-7.43973	-7.04185	0
-6.35196	-6.98515	0.326926	-6.35196	-6.98515	0
-5.34786	-7.01523	0.332572	-5.34786	-7.01523	0
-4.30333	-7.03278	0.299671	-4.30333	-7.03278	0
-3.25349	-7.02095	0.323757	-3.25349	-7.02095	0
-2.24352	-7.06685	0.310296	-2.24352	-7.06685	0
-1.2164	-7.09868	0.332579	-1.2164	-7.09868	0
-0.169888	-5.96729	0.316615	-0.169888	-5.96729	0
0.827861	-6.02379	0.311506	0.827861	-6.02379	0
1.92781	-5.98018	0.325345	1.92781	-5.98018	0
2.90583	-6.01275	0.31062	2.90583	-6.01275	0
3.93121	-5.96235	0.316072	3.93121	-5.96235	0
4.94822	-6.05306	0.33567	4.94822	-6.05306	0
6.01201	-6.06012	0.322997	6.01201	-6.06012	0
7.09568	-6.08304	0.300771	7.09568	-6.08304	0
8.09318	-6.06123	0.325616	8.09318	-6.06123	0
9.10666	-6.04159	0.314472	9.10666	-6.04159	0
10.1142	-5.99221	0.316567	10.1142	-5.99221	0
11.1367	-6.00432	0.321024	11.1367	-6.00432	0
-11.5817	-6.03346	0.353676	-11.5817	-6.03346	0
-10.55	-6.00822	0.337748	-10.55	-6.00822	0
-9.51291	-5.94873	0.313685	-9.51291	-5.94873	0
-8.55659	-5.99068	0.299184	-8.55659	-5.99068	0
-7.49972	-6.02075	0.324502	-7.49972	-6.02075	0
-6.44477	-6.00501	0.31399	-6.44477	-6.00501	0
-5.36741	-5.93781	0.299837	-5.36741	-5.93781	0
-4.29079	-6.02752	0.299122	-4.29079	-6.02752	0
-3.29741	-5.97793	0.306627	-3.29741	-5.97793	0
-2.26782	-6.01876	0.321147	-2.26782	-6.01876	0
-1.29292	-6.05358	0.310561	-1.29292	-6.05358	0
-0.172441	-4.98699	0.330466	-0.172441	-4.98699	0
0.900038	-4.92853	0.326407	0.900038	-4.92853	0
1.93407	-4.95913	0.34403	1.93407	-4.95913	0
2.91193	-4.98043	0.300763	2.91193	-4.98043	0
3.90395	-4.92139	0.328925	3.90395	-4.92139	0
4.97777	-4.96691	0.321024	4.97777	-4.96691	0
5.97191	-5.07454	0.322581	5.97191	-5.07454	0
7.03702	-5.04181	0.310436	7.03702	-5.04181	0
8.07978	-4.98408	0.302248	8.07978	-4.98408	0
9.04568	-5.03461	0.28644	9.04568	-5.03461	0
10.0543	-4.97621	0.325917	10.0543	-4.97621	0
11.1702	-4.9923	0.290931	11.1702	-4.9923	0
-11.5561	-5.00702	0.328591	-11.5561	-5.00702	0
-10.4683	-5.02128	0.330426	-10.4683	-5.02128	0
-9.47699	-4.92971	0.278908	-9.47699	-4.92971	0
-8.40936	-4.92987	0.324028	-8.40936	-4.92987	0
-7.42628	-5.01963	0.306	-7.42628	-5.01963	0
-6.4039	-5.00003	0.325088	-6.4039	-5.00003	0
-5.36288	-4.96214	0.306903	-5.36288	-4.96214	0
-4.28304	-5.01958	0.340694	-4.28304	-5.01958	0
-3.27517	-4.90335	0.321918	-3.27517	-4.90335	0
-2.27286	-4.92567	0.313892	-2.27286	-4.92567	0
-1.2289	-4.95087	0.311105	-1.2289	-4.95087	0
-0.200865	-3.86441	0.327872	-0.200865	-3.86441	0
0.88575	-3.91948	0.291525	0.88575	-3.91948	0
1.92121	-3.91834	0.333782	1.92121	-3.91834	0
2.92949	-3.86369	0.341927	2.92949	-3.86369	0
3.91347	-3.91061	0.28958	3.91347	-3.91061	0
4.96702	-3.93566	0.317768	4.96702	-3.93566	0
6.02277	-3.97081	0.322532	6.02277	-3.97081	0
7.03071	-3.94094	0.318842	7.03071	-3.94094	0
8.01565	-3.9146	0.296997	8.01565	-3.9146	0
9.09612	-3.94633	0.3274	9.09612	-3.94633	0
10.1197	-3.98018	0.313152	10.1197	-3.98018	0
11.1918	-3.96796	0.29763	11.1918	-3.96796	0
-11.611	-3.98112	0.315799	-11.611	-3.98112	0
-10.4951	-4.02511	0.318745	-10.4951	-4.02511	0
-9.44736	-3.92315	0.324922	-9.44736	-3.92315	0
-8.4304	-3.91073	0.321533	-8.4304	-3.91073	0
-7.43486	-3.89215	0.31629	-7.43486	-3.89215	0
-6.39506	-4.00503	0.296373	-6.39506	-4.00503	0
-5.3897	-3.99409	0.316335	-5.3897	-3.99409	0
-4.30316	-3.9827	0.314192	-4.30316	-3.9827	0
-3.21371	-3.89033	0.308137	-3.21371	-3.89033	0
-2.23065	-3.89521	0.272238	-2.23065	-3.89521	0
-1.22854	-3.92424	0.315781	-1.22854	-3.92424	0
-0.175924	-2.83267	0.305872	-0.175924	-2.83267	0
0.892762	-2.93048	0.314927	0.892762	-2.93048	0
1.90068	-2.84901	0.308143	1.90068	-2.84901	0
2.95062	-2.80463	0.283898	2.95062	-2.80463	0
3.94245	-2.89572	0.325221	3.94245	-2.89572	0
4.97566	-2.91654	0.31013	4.97566	-2.91654	0
6.00795	-2.93119	0.305773	6.00795	-2.93119	0
7.02232	-2.88243	0.315753	7.02232	-2.88243	0
8.06214	-2.86578	0.331461	8.06214	-2.86578	0
9.11594	-2.92367	0.296154	9.11594	-2.92367	0
10.1748	-2.94679	0.324944	10.1748	-2.94679	0
11.216	-2.91199	0.304604	11.216	-2.91199	0
-11.5292	-2.92369	0.33651	-11.5292	-2.92369	0
-10.5406	-2.97955	0.330291	-10.5406	-2.97955	0
-9.51362	-2.89619	0.288197	-9.51362	-2.89619	0
-8.45585	-2.8895	0.328323	-8.45585	-2.8895	0
-7.41213	-2.86603	0.282334	-7.41213	-2.86603	0
-6.35362	-2.96145	0.330721	-6.35362	-2.96145	0
-5.34816	-2.92348	0.322616	-5.34816	-2.92348	0
-4.345	-2.96047	0.315914	-4.345	-2.96047	0
-3.2923	-2.88572	0.310654	-3.2923	-2.88572	0
-2.22599	-2.85146	0.333307	-2.22599	-2.85146	0
-1.18466	-2.88244	0.348461	-1.18466	-2.88244	0
-0.167297	-1.86701	0.320116	-0.167297	-1.86701	0
0.852214	-1.7962	0.30343	0.852214	-1.7962	0
1.88348	-1.82023	0.323031	1.88348	-1.82023	0
2.8903	-1.77374	0.282821	2.8903	-1.77374	0
3.94407	-1.90227	0.342676	3.94407	-1.90227	0
4.9422	-1.90727	0.333712	4.9422	-1.90727	0
5.99929	-1.84616	0.32019	5.99929	-1.84616	0
7.04878	-1.86363	0.309229	7.04878	-1.86363	0
8.06322	-1.84198	0.336326	8.06322	-1.84198	0
9.15025	-1.88414	0.33203	9.15025	-1.88414	0
10.117	-1.89615	0.312201	10.117	-1.89615	0
11.2042	-1.90395	0.329025	11.2042	-1.90395	0
-11.5334	-1.92912	0.314204	-11.5334	-1.92912	0
-10.527	-1.87886	0.324128	-10.527	-1.87886	0
-9.45749	-1.92267	0.321275	-9.45749	-1.92267	0
-8.40355	-1.88448	0.318656	-8.40355	-1.88448	0
-7.36279	-1.89086	0.329388	-7.36279	-1.89086	0
-6.30212	-1.87718	0.303866	-6.30212	-1.87718	0
-5.30989	-1.89452	0.316675	-5.30989	-1.89452	0
-4.3512	-1.89951	0.340929	-4.3512	-1.89951	0
-3.28398	-1.8897	0.320006	-3.28398	-1.8897	0
-2.24782	-1.82457	0.330754	-2.24782	-1.82457	0
-1.17581	-1.80179	0.29775	-1.17581	-1.80179	0
-0.22044	-0.782188	0.340989	-0.22044	-0.782188	0
0.830227	-0.806382	0.32919	0.830227	-0.806382	0
1.83974	-0.782605	0.316333	1.83974	-0.782605	0
2.89071	-0.788236	0.307004	2.89071	-0.788236	0
3.95245	-0.837287	0.307767	3.95245	-0.837287	0
4.98164	-0.833246	0.277103	4.98164	-0.833246	0
5.97437	-0.812663	0.318619	5.97437	-0.812663	0
6.94979	-0.845193	0.326617	6.94979	-0.845193	0
8.06677	-0.873517	0.299739	8.06677	-0.873517	0
9.14075	-0.882099	0.336825	9.14075	-0.882099	0
10.1784	-0.907106	0.306021	10.1784	-0.907106	0
11.1916	-0.828497	0.315195	11.1916	-0.828497	0
-11.5896	-0.874381	0.318485	-11.5896	-0.874381	0
-10.584	-0.841637	0.315247	-10.584	-0.841637	0
-9.43607	-0.848073	0.30737	-9.43607	-0.848073	0
-8.43434	-0.82572	0.311689	-8.43434	-0.82572	0
-7.38913	-0.80889	0.320556	-7.38913	-0.80889	0
-6.34601	-0.775894	0.321067	-6.34601	-0.775894	0
-5.33518	-0.863395	0.313171	-5.33518	-0.863395	0
-4.3368	-0.843051	0.324054	-4.3368	-0.843051	0
-3.30122	-0.806541	0.333399	-3.30122	-0.806541	0
-2.29675	-0.794622	0.314621	-2.29675	-0.794622	0
-1.26105	-0.761793	0.325873	-1.26105	-0.761793	0
