-0.364099	-0.112946	-0.327483	-0.364099	-0.112946	0
0.709014	-0.20213	-0.328079	0.709014	-0.20213	0
1.75685	-0.20756	-0.284399	1.75685	-0.20756	0
2.7879	-0.155171	-0.340991	2.7879	-0.155171	0
3.79237	-0.222933	-0.314758	3.79237	-0.222933	0
4.87743	-0.204313	-0.318077	4.87743	-0.204313	0
5.88103	-0.191398	-0.312524	5.88103	-0.191398	0
6.88408	-0.147894	-0.301709	6.88408	-0.147894	0
7.96182	-0.230516	-0.315507	7.96182	-0.230516	0
9.01293	-0.226362	-0.305962	9.01293	-0.226362	0
10.021	-0.221749	-0.293659	10.021	-0.221749	0
11.0489	-0.132823	-0.300664	11.0489	-0.132823	0
-11.6854	-0.192363	-0.298104	-11.6854	-0.192363	0
-10.7124	-0.154311	-0.308218	-10.7124	-0.154311	0
-9.68268	-0.180432	-0.317886	-9.68268	-0.180432	0
-8.59257	-0.151116	-0.29132	-8.59257	-0.151116	0
-7.58399	-0.161625	-0.322952	-7.58399	-0.161625	0
-6.59713	-0.169711	-0.332051	-6.59713	-0.169711	0
-5.6008	-0.214868	-0.312828	-5.6008	-0.214868	0
-4.5421	-0.180121	-0.290936	-4.5421	-0.180121	0
-3.44584	-0.175204	-0.349687	-3.44584	-0.175204	0
-2.46408	-0.166223	-0.299491	-2.46408	-0.166223	0
-1.38983	-0.12854	-0.318439	-1.38983	-0.12854	0
-0.340828	0.87113	-0.293861	-0.340828	0.87113	0
0.694402	0.834994	-0.294912	0.694402	0.834994	0
1.72663	0.806663	-0.34649	1.72663	0.806663	0
2.79607	0.854952	-0.306455	2.79607	0.854952	0
3.79233	0.833698	-0.266043	3.79233	0.833698	0
4.83994	0.857866	-0.329289	4.83994	0.857866	0
5.84802	0.854521	-0.317932	5.84802	0.854521	0
6.83909	0.81079	-0.299056	6.83909	0.81079	0
7.9155	0.827456	-0.33546	7.9155	0.827456	0
8.90797	0.76632	-0.306336	8.90797	0.76632	0
9.95288	0.767991	-0.342242	9.95288	0.767991	0
11.0187	0.846449	-0.285805	11.0187	0.846449	0
-11.7681	0.943367	-0.324145	-11.7681	0.943367	0
-10.6839	0.881137	-0.335519	-10.6839	0.881137	0
-9.59597	0.893354	-0.293741	-9.59597	0.893354	0
-8.5474	0.889996	-0.350029	-8.5474	0.889996	0
-7.56127	0.933776	-0.308613	-7.56127	0.933776	0
-6.5689	0.88668	-0.302708	-6.5689	0.88668	0
-5.58332	0.817737	-0.315541	-5.58332	0.817737	0
-4.52673	0.820922	-0.331236	-4.52673	0.820922	0
-3.50168	0.821003	-0.334407	-3.50168	0.821003	0
-2.50645	0.872739	-0.330039	-2.50645	0.872739	0
-1.37423	0.866336	-0.323535	-1.37423	0.866336	0
-0.390651	1.86992	-0.313065	-0.390651	1.86992	0
0.712834	1.85228	-0.316709	0.712834	1.85228	0
1.72703	1.84919	-0.304164	1.72703	1.84919	0
2.71408	1.8516	-0.321633	2.71408	1.8516	0
3.67073	1.84321	-0.33407	3.67073	1.84321	0
4.8101	1.85583	-0.316356	4.8101	1.85583	0
5.83604	1.8261	-0.325073	5.83604	1.8261	0
6.86429	1.8402	-0.361698	6.86429	1.8402	0
7.90828	1.88248	-0.316897	7.90828	1.88248	0
8.91566	1.83741	-0.321965	8.91566	1.83741	0
9.95185	1.75237	-0.329315	9.95185	1.75237	0
11.0058	1.8879	-0.319503	11.0058	1.8879	0
-11.781	1.92767	-0.332376	-11.781	1.92767	0
-10.7437	1.92886	-0.315637	-10.7437	1.92886	0
-9.63314	1.92309	-0.290504	-9.63314	1.92309	0
-8.61225	1.88384	-0.288415	-8.61225	1.88384	0
-7.64229	1.95809	-0.301929	-7.64229	1.95809	0
-6.63479	1.91369	-0.329648	-6.63479	1.91369	0
-5.54247	1.87482	-0.30253	-5.54247	1.87482	0
-4.51972	1.83358	-0.30814	-4.51972	1.83358	0
-3.55977	1.89318	-0.334785	-3.55977	1.89318	0
-2.49535	1.88379	-0.341094	-2.49535	1.88379	0
-1.41799	1.87	-0.296952	-1.41799	1.87	0
-0.393895	2.92616	-0.334552	-0.393895	2.92616	0
0.64403	2.91871	-0.324242	0.64403	2.91871	0
1.7085	2.87858	-0.311841	1.7085	2.87858	0
2.7273	2.86119	-0.318142	2.7273	2.86119	0
3.83237	2.8181	-0.327512	3.83237	2.8181	0
4.81188	2.86564	-0.31841	4.81188	2.86564	0
5.81171	2.92765	-0.319097	5.81171	2.92765	0
6.82122	2.84507	-0.30976	6.82122	2.84507	0
7.90517	2.86592	-0.327896	7.90517	2.86592	0
8.9845	2.8715	-0.304272	8.9845	2.8715	0
9.9348	2.862	-0.269628	9.9348	2.862	0
10.9117	2.94878	-0.306781	10.9117	2.94878	0
-11.7972	2.93048	-0.315224	-11.7972	2.93048	0
-10.727	2.9182	-0.313145	-10.727	2.9182	0
-9.71973	3.00048	-0.326	-9.71973	3.00048	0
-8.70277	2.95846	-0.295595	-8.70277	2.95846	0
-7.61559	2.96875	-0.301447	-7.61559	2.96875	0
-6.59364	2.93253	-0.304239	-6.59364	2.93253	0
-5.5455	2.90297	-0.328199	-5.5455	2.90297	0
-4.48917	2.86516	-0.328374	-4.48917	2.86516	0
-3.51063	2.92902	-0.32468	-3.51063	2.92902	0
-2.49736	2.94274	-0.29887	-2.49736	2.94274	0
-1.44221	2.86482	-0.302382	-1.44221	2.86482	0
-0.389989	3.90379	-0.328523	-0.389989	3.90379	0
0.683986	3.91615	-0.335952	0.683986	3.91615	0
1.74324	3.98243	-0.320621	1.74324	3.98243	0
2.7167	3.89501	-0.284754	2.7167	3.89501	0
3.70135	3.92795	-0.310696	3.70135	3.92795	0
4.71883	4.00087	-0.323527	4.71883	4.00087	0
5.79763	3.93603	-0.317176	5.79763	3.93603	0
6.90115	3.91209	-0.329663	6.90115	3.91209	0
7.87564	3.89474	-0.300305	7.87564	3.89474	0
8.89858	3.88736	-0.32743	8.89858	3.88736	0
9.91188	3.93077	-0.292076	9.91188	3.93077	0
10.9824	3.98132	-0.304921	10.9824	3.98132	0
-11.7701	3.94068	-0.321771	-11.7701	3.94068	0
-10.7227	3.96535	-0.291102	-10.7227	3.96535	0
-9.65337	4.02479	-0.321216	-9.65337	4.02479	0
-8.60703	3.99038	-0.317088	-8.60703	3.99038	0
-7.60341	3.9698	-0.342842	-7.60341	3.9698	0
-6.58	3.94238	-0.309371	-6.58	3.94238	0
-5.49364	3.97074	-0.328208	-5.49364	3.97074	0
-4.51353	3.95154	-0.321322	-4.51353	3.95154	0
-3.46157	3.92472	-0.299643	-3.46157	3.92472	0
-2.45751	3.94748	-0.309327	-2.45751	3.94748	0
-1.429	3.91122	-0.317453	-1.429	3.91122	0
-0.364577	4.90611	-0.328089	-0.364577	4.90611	0
0.703247	4.91471	-0.320797	0.703247	4.91471	0
1.7846	4.98984	-0.318589	1.7846	4.98984	0
2.78338	4.99118	-0.337451	2.78338	4.99118	0
3.81818	4.9781	-0.334026	3.81818	4.9781	0
4.82	5.0013	-0.297252	4.82	5.0013	0
5.80694	4.92327	-0.293984	5.80694	4.92327	0
6.82625	4.89198	-0.300168	6.82625	4.89198	0
7.9482	4.97255	-0.325829	7.9482	4.97255	0
8.92288	4.93519	-0.318039	8.92288	4.93519	0
9.92235	4.94773	-0.305444	9.92235	4.94773	0
10.9802	4.98131	-0.324491	10.9802	4.98131	0
-11.7945	4.97661	-0.311755	-11.7945	4.97661	0
-10.7462	5.00719	-0.289973	-10.7462	5.00719	0
-9.66135	5.00972	-0.308032	-9.66135	5.00972	0
-8.61786	5.01684	-0.344074	-8.61786	5.01684	0
-7.61645	5.03658	-0.333403	-7.61645	5.03658	0
-6.51113	4.99976	-0.297957	-6.51113	4.99976	0
-5.45801	4.98924	-0.31866	-5.45801	4.98924	0
-4.4606	4.98445	-0.307598	-4.4606	4.98445	0
-3.48472	4.94397	-0.301051	-3.48472	4.94397	0
-2.45864	4.97133	-0.325888	-2.45864	4.97133	0
-1.394	4.96219	-0.313782	-1.394	4.96219	0
-0.397724	5.94813	-0.328693	-0.397724	5.94813	0
0.685713	5.91216	-0.319286	0.685713	5.91216	0
1.68653	5.96913	-0.312213	1.68653	5.96913	0
2.76237	6.01685	-0.29066	2.76237	6.01685	0
3.78453	6.01864	-0.30927	3.78453	6.01864	0
4.75686	5.98964	-0.308345	4.75686	5.98964	0
5.78819	6.00799	-0.327835	5.78819	6.00799	0
6.86023	6.04128	-0.320599	6.86023	6.04128	0
7.88029	5.97421	-0.315233	7.88029	5.97421	0
8.95571	5.97866	-0.314208	8.95571	5.97866	0
9.97527	5.98913	-0.326586	9.97527	5.98913	0
11.0108	6.01727	-0.315533	11.0108	6.01727	0
-11.7703	5.99586	-0.312743	-11.7703	5.99586	0
-10.6431	6.02013	-0.324472	-10.6431	6.02013	0
-9.65713	6.06333	-0.325672	-9.65713	6.06333	0
-8.57636	6.03918	-0.316467	-8.57636	6.03918	0
-7.56674	6.03807	-0.312233	-7.56674	6.03807	0
-6.54076	6.02351	-0.321553	-6.54076	6.02351	0
-5.4874	5.99123	-0.285358	-5.4874	5.99123	0
-4.46561	6.02056	-0.324294	-4.46561	6.02056	0
-3.47522	5.98205	-0.326855	-3.47522	5.98205	0
-2.43056	6.07785	-0.349705	-2.43056	6.07785	0
-1.41372	5.9342	-0.318594	-1.41372	5.9342	0
-0.41026	7.03491	-0.281192	-0.41026	7.03491	0
0.63931	6.97435	-0.329157	0.63931	6.97435	0
1.7114	6.97261	-0.298806	1.7114	6.97261	0
2.7174	7.03432	-0.329337	2.7174	7.03432	0
3.78182	7.06041	-0.308242	3.78182	7.06041	0
4.77171	7.07525	-0.337781	4.77171	7.07525	0
5.82865	7.06974	-0.318675	5.82865	7.06974	0
6.83697	7.0512	-0.333669	6.83697	7.0512	0
7.92908	6.99307	-0.321693	7.92908	6.99307	0
8.92236	7.02946	-0.32089	8.92236	7.02946	0
9.96244	7.02081	-0.289151	9.96244	7.02081	0
10.9754	7.04986	-0.330594	10.9754	7.04986	0
-11.729	7.0566	-0.311098	-11.729	7.0566	0
-10.7632	7.04091	-0.32665	-10.7632	7.04091	0
-9.64544	7.08538	-0.307698	-9.64544	7.08538	0
-8.64949	7.05551	-0.303653	-8.64949	7.05551	0
-7.56718	7.0734	-0.30652	-7.56718	7.0734	0
-6.56225	7.03028	-0.316987	-6.56225	7.03028	0
-5.54695	7.02192	-0.319167	-5.54695	7.02192	0
-4.53054	7.07525	-0.328625	-4.53054	7.07525	0
-3.44574	7.01461	-0.350532	-3.44574	7.01461	0
-2.43072	7.03836	-0.333054	-2.43072	7.03836	0
-1.38964	6.99248	-0.323622	-1.38964	6.99248	0
-0.471843	8.0203	-0.290949	-0.471843	8.0203	0
0.58789	7.98672	-0.299638	0.58789	7.98672	0
1.6654	7.97132	-0.313973	1.6654	7.97132	0
2.65939	8.054	-0.300942	2.65939	8.054	0
3.71492	8.05994	-0.32725	3.71492	8.05994	0
4.75362	8.05958	-0.319858	4.75362	8.05958	0
5.75402	8.06674	-0.294428	5.75402	8.06674	0
6.83989	8.03246	-0.33178	6.83989	8.03246	0
7.84025	8.0293	-0.310285	7.84025	8.0293	0
8.82082	8.05882	-0.3003	8.82082	8.05882	0
9.95205	8.07234	-0.324382	9.95205	8.07234	0
10.9767	8.06713	-0.297773	10.9767	8.06713	0
-11.7725	8.07695	-0.304371	-11.7725	8.07695	0
-10.7067	8.07991	-0.329321	-10.7067	8.07991	0
-9.68765	8.10982	-0.329777	-9.68765	8.10982	0
-8.6449	8.19955	-0.289023	-8.6449	8.19955	0
-7.5309	8.13788	-0.296172	-7.5309	8.13788	0
-6.54456	8.10132	-0.332659	-6.54456	8.10132	0
-5.55299	8.06768	-0.314498	-5.55299	8.06768	0
-4.59808	8.11819	-0.31863	-4.59808	8.11819	0
-3.50831	8.09355	-0.322146	-3.50831	8.09355	0
-2.47996	8.06877	-0.338426	-2.47996	8.06877	0
-1.4879	8.03187	-0.294961	-1.4879	8.03187	0
-0.39084	9.04522	-0.316289	-0.39084	9.04522	0
0.560074	9.05841	-0.30935	0.560074	9.05841	0
1.59662	9.07169	-0.335374	1.59662	9.07169	0
2.59407	9.07721	-0.329849	2.59407	9.07721	0
3.66162	9.07424	-0.340196	3.66162	9.07424	0
4.72021	9.12914	-0.313076	4.72021	9.12914	0
5.74636	9.10547	-0.303863	5.74636	9.10547	0
6.79615	9.03666	-0.335362	6.79615	9.03666	0
7.81697	9.06056	-0.310381	7.81697	9.06056	0
8.83469	9.06146	-0.316269	8.83469	9.06146	0
9.87597	9.17755	-0.301374	9.87597	9.17755	0
10.9701	9.09737	-0.341278	10.9701	9.09737	0
-11.7539	9.07331	-0.315286	-11.7539	9.07331	0
-10.7148	9.07494	-0.305661	-10.7148	9.07494	0
-9.63258	9.12226	-0.292293	-9.63258	9.12226	0
-8.67511	9.15357	-0.325378	-8.67511	9.15357	0
-7.63188	9.22051	-0.322734	-7.63188	9.22051	0
-6.59511	9.09945	-0.319172	-6.59511	9.09945	0
-5.63389	9.11297	-0.301222	-5.63389	9.11297	0
-4.59466	9.04493	-0.314466	-4.59466	9.04493	0
-3.49008	9.0983	-0.310006	-3.49008	9.0983	0
-2.48142	9.08993	-0.32739	-2.48142	9.08993	0
-1.39963	9.03369	-0.316629	-1.39963	9.03369	0
-0.41246	10.1094	-0.311586	-0.41246	10.1094	0
0.596417	10.0692	-0.348867	0.596417	10.0692	0
1.59764	10.0782	-0.329884	1.59764	10.0782	0
2.68757	10.1249	-0.316076	2.68757	10.1249	0
3.64215	10.1769	-0.318347	3.64215	10.1769	0
4.69538	10.108	-0.30624	4.69538	10.108	0
5.81756	10.1168	-0.321872	5.81756	10.1168	0
6.83956	10.0585	-0.304446	6.83956	10.0585	0
7.8506	10.1483	-0.318307	7.8506	10.1483	0
8.90631	10.1609	-0.345179	8.90631	10.1609	0
9.94205	10.1655	-0.320063	9.94205	10.1655	0
10.99	10.1412	-0.309842	10.99	10.1412	0
-11.7454	10.1604	-0.316983	-11.7454	10.1604	0
-10.7701	10.0706	-0.330764	-10.7701	10.0706	0
-9.69441	10.1849	-0.321374	-9.69441	10.1849	0
-8.70045	10.229	-0.344436	-8.70045	10.229	0
-7.65155	10.2406	-0.291417	-7.65155	10.2406	0
-6.6469	10.1469	-0.33714	-6.6469	10.1469	0
-5.57553	10.168	-0.318363	-5.57553	10.168	0
-4.56248	10.1465	-0.327626	-4.56248	10.1465	0
-3.47082	10.1381	-0.332272	-3.47082	10.1381	0
-2.44812	10.1041	-0.315316	-2.44812	10.1041	0
-1.40304	10.1896	-0.320061	-1.40304	10.1896	0
-0.48175	11.1172	-0.309293	-0.48175	11.1172	0
0.563534	11.1695	-0.326814	0.563534	11.1695	0
1.59911	11.1529	-0.344899	1.59911	11.1529	0
2.63525	11.151	-0.348216	2.63525	11.151	0
3.67531	11.2142	-0.317121	3.67531	11.2142	0
4.76097	11.1608	-0.313564	4.76097	11.1608	0
5.78825	11.1731	-0.312587	5.78825	11.1731	0
6.80684	11.11	-0.324479	6.80684	11.11	0
7.78737	11.1475	-0.315464	7.78737	11.1475	0
8.87903	11.1626	-0.341662	8.87903	11.1626	0
9.88312	11.1731	-0.30587	9.88312	11.1731	0
10.942	11.1608	-0.327317	10.942	11.1608	0
-11.8207	11.1917	-0.299353	-11.8207	11.1917	0
-10.7989	11.0981	-0.338368	-10.7989	11.0981	0
-9.8013	11.2059	-0.304183	-9.8013	11.2059	0
-8.75125	11.2212	-0.307309	-8.75125	11.2212	0
-7.65974	11.2181	-0.311636	-7.65974	11.2181	0
-6.62392	11.1772	-0.356533	-6.62392	11.1772	0
-5.59295	11.1688	-0.273243	-5.59295	11.1688	0
-4.56809	11.1785	-0.286943	-4.56809	11.1785	0
-3.55182	11.157	-0.310718	-3.55182	11.157	0
-2.48784	11.1468	-0.31809	-2.48784	11.1468	0
-1.45488	11.2329	-0.320341	-1.45488	11.2329	0
-0.468592	-11.5626	-0.319413	-0.468592	-11.5626	0
0.551647	-11.5465	-0.301577	0.551647	-11.5465	0
1.57475	-11.5184	-0.305599	1.57475	-11.5184	0
2.64362	-11.59	-0.325439	2.64362	-11.59	0
3.6991	-11.6076	-0.304778	3.6991	-11.6076	0
4.73947	-11.5792	-0.299519	4.73947	-11.5792	0
5.7964	-11.5659	-0.301097	5.7964	-11.5659	0
6.79286	-11.6187	-0.332269	6.79286	-11.6187	0
7.81193	-11.5919	-0.302851	7.81193	-11.5919	0
8.85473	-11.6001	-0.332513	8.85473	-11.6001	0
9.92199	-11.533	-0.342513	9.92199	-11.533	0
10.9294	-11.553	-0.331529	10.9294	-11.553	0
-11.8045	-11.5418	-0.294345	-11.8045	-11.5418	0
-10.7513	-11.5634	-0.315024	-10.7513	-11.5634	0
-9.73525	-11.6076	-0.287257	-9.73525	-11.6076	0
-8.68988	-11.583	-0.286429	-8.68988	-11.583	0
-7.7337	-11.576	-0.335545	-7.7337	-11.576	0
-6.67368	-11.5654	-0.311876	-6.67368	-11.5654	0
-5.60256	-11.5985	-0.318223	-5.60256	-11.5985	0
-4.54841	-11.5514	-0.306211	-4.54841	-11.5514	0
-3.52718	-11.6126	-0.324098	-3.52718	-11.6126	0
-2.52386	-11.6142	-0.326008	-2.52386	-11.6142	0
-1.46647	-11.514	-0.312116	-1.46647	-11.514	0
-0.493165	-10.5069	-0.295644	-0.493165	-10.5069	0
0.562025	-10.4737	-0.317406	0.562025	-10.4737	0
1.55833	-10.5607	-0.313452	1.55833	-10.5607	0
2.58066	-10.5428	-0.333365	2.58066	-10.5428	0
3.65747	-10.5712	-0.317331	3.65747	-10.5712	0
4.69884	-10.5382	-0.303368	4.69884	-10.5382	0
5.82266	-10.5001	-0.305155	5.82266	-10.5001	0
6.79668	-10.5719	-0.324938	6.79668	-10.5719	0
7.76778	-10.5784	-0.335121	7.76778	-10.5784	0
8.84785	-10.5875	-0.333049	8.84785	-10.5875	0
9.88518	-10.5302	-0.301249	9.88518	-10.5302	0
10.913	-10.5337	-0.314736	10.913	-10.5337	0
-11.7892	-10.5046	-0.310274	-11.7892	-10.5046	0
-10.7644	-10.5408	-0.327253	-10.7644	-10.5408	0
-9.73042	-10.6065	-0.309952	-9.73042	-10.6065	0
-8.67572	-10.4878	-0.283256	-8.67572	-10.4878	0
-7.67105	-10.4897	-0.305753	-7.67105	-10.4897	0
-6.64998	-10.5416	-0.345405	-6.64998	-10.5416	0
-5.58392	-10.5781	-0.317443	-5.58392	-10.5781	0
-4.49063	-10.5405	-0.3229	-4.49063	-10.5405	0
-3.49237	-10.5404	-0.347515	-3.49237	-10.5404	0
-2.48633	-10.6108	-0.316207	-2.48633	-10.6108	0
-1.49037	-10.4568	-0.318693	-1.49037	-10.4568	0
-0.487688	-9.4835	-0.329389	-0.487688	-9.4835	0
0.625125	-9.40198	-0.333945	0.625125	-9.40198	0
1.62936	-9.51772	-0.30782	1.62936	-9.51772	0
2.66914	-9.5371	-0.31133	2.66914	-9.5371	0
3.64987	-9.50283	-0.299394	3.64987	-9.50283	0
4.6474	-9.5171	-0.349436	4.6474	-9.5171	0
5.74115	-9.49537	-0.310244	5.74115	-9.49537	0
6.7777	-9.52946	-0.328314	6.7777	-9.52946	0
7.8376	-9.57772	-0.304047	7.8376	-9.57772	0
8.86111	-9.57325	-0.293502	8.86111	-9.57325	0
9.89164	-9.57784	-0.296277	9.89164	-9.57784	0
10.9246	-9.51867	-0.293116	10.9246	-9.51867	0
-11.7435	-9.48528	-0.327986	-11.7435	-9.48528	0
-10.7496	-9.49557	-0.321872	-10.7496	-9.49557	0
-9.71882	-9.55856	-0.306145	-9.71882	-9.55856	0
-8.67052	-9.49541	-0.313736	-8.67052	-9.49541	0
-7.62494	-9.48635	-0.314568	-7.62494	-9.48635	0
-6.63014	-9.53735	-0.311716	-6.63014	-9.53735	0
-5.59906	-9.45695	-0.307453	-5.59906	-9.45695	0
-4.60474	-9.50742	-0.289653	-4.60474	-9.50742	0
-3.58394	-9.52955	-0.328205	-3.58394	-9.52955	0
-2.53345	-9.53908	-0.295303	-2.53345	-9.53908	0
-1.47352	-9.41812	-0.303703	-1.47352	-9.41812	0
-0.402252	-8.39891	-0.316188	-0.402252	-8.39891	0
0.580163	-8.41869	-0.309069	0.580163	-8.41869	0
1.62068	-8.48026	-0.301351	1.62068	-8.48026	0
2.64667	-8.48291	-0.325615	2.64667	-8.48291	0
3.68204	-8.47494	-0.312319	3.68204	-8.47494	0
4.64411	-8.44282	-0.30873	4.64411	-8.44282	0
5.70689	-8.50633	-0.301869	5.70689	-8.50633	0
6.752	-8.45905	-0.302868	6.752	-8.45905	0
7.74703	-8.47044	-0.322955	7.74703	-8.47044	0
8.84016	-8.51813	-0.306878	8.84016	-8.51813	0
9.82652	-8.52631	-0.32995	9.82652	-8.52631	0
10.9468	-8.54377	-0.325674	10.9468	-8.54377	0
-11.8265	-8.4702	-0.296213	-11.8265	-8.4702	0
-10.7178	-8.52204	-0.325285	-10.7178	-8.52204	0
-9.6854	-8.54625	-0.317707	-9.6854	-8.54625	0
-8.65142	-8.48357	-0.350788	-8.65142	-8.48357	0
-7.61427	-8.46731	-0.318564	-7.61427	-8.46731	0
-6.59634	-8.45798	-0.302287	-6.59634	-8.45798	0
-5.55471	-8.44252	-0.306215	-5.55471	-8.44252	0
-4.57908	-8.47001	-0.322401	-4.57908	-8.47001	0
-3.56889	-8.48819	-0.312938	-3.56889	-8.48819	0
-2.47866	-8.46128	-0.318695	-2.47866	-8.46128	0
-1.50833	-8.40764	-0.343548	-1.50833	-8.40764	0
-0.446904	-7.37351	-0.306132	-0.446904	-7.37351	0
0.62066	-7.39677	-0.300954	0.62066	-7.39677	0
1.67214	-7.46267	-0.307656	1.67214	-7.46267	0
2.6671	-7.44742	-0.30495	2.6671	-7.44742	0
3.73427	-7.41434	-0.305695	3.73427	-7.41434	0
4.7748	-7.46522	-0.332628	4.7748	-7.46522	0
5.74029	-7.36745	-0.308333	5.74029	-7.36745	0
6.818	-7.45166	-0.321054	6.818	-7.45166	0
7.93416	-7.49058	-0.318597	7.93416	-7.49058	0
8.91063	-7.38475	-0.320119	8.91063	-7.38475	0
9.90613	-7.48786	-0.310009	9.90613	-7.48786	0
11.0241	-7.48108	-0.335037	11.0241	-7.48108	0
-11.7637	-7.46756	-0.339748	-11.7637	-7.46756	0
-10.6735	-7.48585	-0.300294	-10.6735	-7.48585	0
-9.68049	-7.44874	-0.299962	-9.68049	-7.44874	0
-8.67913	-7.46949	-0.321768	-8.67913	-7.46949	0
-7.63209	-7.42827	-0.324449	-7.63209	-7.42827	0
-6.61268	-7.37722	-0.31392	-6.61268	-7.37722	0
-5.60833	-7.43079	-0.320643	-5.60833	-7.43079	0
-4.50489	-7.42957	-0.318005	-4.50489	-7.42957	0
-3.47807	-7.40187	-0.297115	-3.47807	-7.40187	0
-2.48701	-7.43394	-0.34607	-2.48701	-7.43394	0
-1.4495	-7.36731	-0.327096	-1.4495	-7.36731	0
-0.433778	-6.32434	-0.315542	-0.433778	-6.32434	0
0.589222	-6.36966	-0.342472	0.589222	-6.36966	0
1.70152	-6.4017	-0.310587	1.70152	-6.4017	0
2.69937	-6.39635	-0.315102	2.69937	-6.39635	0
3.7582	-6.38852	-0.316386	3.7582	-6.38852	0
4.81487	-6.41573	-0.325822	4.81487	-6.41573	0
5.79224	-6.36131	-0.316379	5.79224	-6.36131	0
6.85302	-6.48927	-0.308867	6.85302	-6.48927	0
7.89959	-6.4792	-0.313624	7.89959	-6.4792	0
8.9915	-6.38611	-0.313678	8.9915	-6.38611	0
10.0009	-6.45379	-0.333755	10.0009	-6.45379	0
11.0573	-6.46968	-0.32185	11.0573	-6.46968	0
-11.7623	-6.45322	-0.347606	-11.7623	-6.45322	0
-10.7102	-6.4431	-0.336319	-10.7102	-6.4431	0
-9.71608	-6.41345	-0.344906	-9.71608	-6.41345	0
-8.65707	-6.44139	-0.292914	-8.65707	-6.44139	0
-7.64975	-6.39639	-0.339835	-7.64975	-6.39639	0
-6.5827	-6.36894	-0.321212	-6.5827	-6.36894	0
-5.557	-6.38652	-0.290487	-5.557	-6.38652	0
-4.54242	-6.35937	-0.297465	-4.54242	-6.35937	0
-3.52649	-6.365	-0.307211	-3.52649	-6.365	0
-2.48181	-6.34682	-0.294452	-2.48181	-6.34682	0
-1.44093	-6.39189	-0.304482	-1.44093	-6.39189	0
-0.433481	-5.30647	-0.311663	-0.433481	-5.30647	0
0.64487	-5.29735	-0.292931	0.64487	-5.29735	0
1.71809	-5.39257	-0.306533	1.71809	-5.39257	0
2.7143	-5.34264	-0.336628	2.7143	-5.34264	0
3.75256	-5.37032	-0.318357	3.75256	-5.37032	0
4.82352	-5.35075	-0.31209	4.82352	-5.35075	0
5.88605	-5.37209	-0.331515	5.88605	-5.37209	0
6.87689	-5.42278	-0.313873	6.87689	-5.42278	0
7.89733	-5.46815	-0.307631	7.89733	-5.46815	0
8.89709	-5.38436	-0.300145	8.89709	-5.38436	0
9.96584	-5.42002	-0.32046	9.96584	-5.42002	0
10.9691	-5.41901	-0.29958	10.9691	-5.41901	0
-11.8301	-5.41153	-0.313313	-11.8301	-5.41153	0
-10.7645	-5.37867	-0.322204	-10.7645	-5.37867	0
-9.75648	-5.42659	-0.308222	-9.75648	-5.42659	0
-8.70061	-5.40311	-0.33535	-8.70061	-5.40311	0
-7.64291	-5.3457	-0.311411	-7.64291	-5.3457	0
-6.64134	-5.3513	-0.315564	-6.64134	-5.3513	0
-5.60868	-5.34955	-0.330093	-5.60868	-5.34955	0
-4.54919	-5.32346	-0.298382	-4.54919	-5.32346	0
-3.52086	-5.29084	-0.348293	-3.52086	-5.29084	0
-2.48329	-5.33015	-0.330621	-2.48329	-5.33015	0
-1.45261	-5.35066	-0.328423	-1.45261	-5.35066	0
-0.356704	-4.27217	-0.360381	-0.356704	-4.27217	0
0.68121	-4.27448	-0.318487	0.68121	-4.27448	0
1.70936	-4.36631	-0.296289	1.70936	-4.36631	0
2.68193	-4.35483	-0.31449	2.68193	-4.35483	0
3.75081	-4.34061	-0.324062	3.75081	-4.34061	0
4.81271	-4.3266	-0.346892	4.81271	-4.3266	0
5.85995	-4.36263	-0.292534	5.85995	-4.36263	0
6.90831	-4.43002	-0.341198	6.90831	-4.43002	0
7.93491	-4.41192	-0.338112	7.93491	-4.41192	0
8.99675	-4.34853	-0.340499	8.99675	-4.34853	0
10.0168	-4.38789	-0.323956	10.0168	-4.38789	0
10.9859	-4.38254	-0.324593	10.9859	-4.38254	0
-11.7973	-4.39839	-0.318914	-11.7973	-4.39839	0
-10.7204	-4.38597	-0.305391	-10.7204	-4.38597	0
-9.76673	-4.31441	-0.317556	-9.76673	-4.31441	0
-8.67968	-4.30408	-0.317876	-8.67968	-4.30408	0
-7.67962	-4.32595	-0.297791	-7.67962	-4.32595	0
-6.60461	-4.29872	-0.319718	-6.60461	-4.29872	0
-5.58571	-4.26518	-0.311691	-5.58571	-4.26518	0
-4.54389	-4.28062	-0.323818	-4.54389	-4.28062	0
-3.50334	-4.31723	-0.314204	-3.50334	-4.31723	0
-2.42534	-4.35838	-0.295085	-2.42534	-4.35838	0
-1.44266	-4.29334	-0.305896	-1.44266	-4.29334	0
-0.385912	-3.26355	-0.324196	-0.385912	-3.26355	0
0.670859	-3.31396	-0.329287	0.670859	-3.31396	0
1.74025	-3.29007	-0.323755	1.74025	-3.29007	0
2.78185	-3.28927	-0.322536	2.78185	-3.28927	0
3.81019	-3.28119	-0.323945	3.81019	-3.28119	0
4.83256	-3.30088	-0.338152	4.83256	-3.30088	0
5.88599	-3.36515	-0.334318	5.88599	-3.36515	0
6.90601	-3.37422	-0.320064	6.90601	-3.37422	0
7.88878	-3.35998	-0.306977	7.88878	-3.35998	0
8.92408	-3.34664	-0.335726	8.92408	-3.34664	0
9.97374	-3.29033	-0.340291	9.97374	-3.29033	0
10.9533	-3.38995	-0.335866	10.9533	-3.38995	0
-11.726	-3.36622	-0.328723	-11.726	-3.36622	0
-10.67	-3.32437	-0.298963	-10.67	-3.32437	0
-9.68332	-3.31119	-0.341665	-9.68332	-3.31119	0
-8.58275	-3.25914	-0.312386	-8.58275	-3.25914	0
-7.6034	-3.3458	-0.301376	-7.6034	-3.3458	0
-6.57423	-3.32341	-0.2878	-6.57423	-3.32341	0
-5.53874	-3.21831	-0.307531	-5.53874	-3.21831	0
-4.51296	-3.22285	-0.343553	-4.51296	-3.22285	0
-3.46048	-3.28486	-0.319227	-3.46048	-3.28486	0
-2.4711	-3.32229	-0.293593	-2.4711	-3.32229	0
-1.39701	-3.29568	-0.282913	-1.39701	-3.29568	0
-0.332957	-2.25524	-0.32577	-0.332957	-2.25524	0
0.658357	-2.24172	-0.3029	0.658357	-2.24172	0
1.6909	-2.23011	-0.316982	1.6909	-2.23011	0
2.75776	-2.266	-0.300062	2.75776	-2.266	0
3.87389	-2.25766	-0.307929	3.87389	-2.25766	0
4.90387	-2.25793	-0.287737	4.90387	-2.25793	0
5.86168	-2.28843	-0.273299	5.86168	-2.28843	0
6.86691	-2.32898	-0.325722	6.86691	-2.32898	0
7.91115	-2.27733	-0.328018	7.91115	-2.27733	0
8.8949	-2.27159	-0.308503	8.8949	-2.27159	0
9.97465	-2.25764	-0.316415	9.97465	-2.25764	0
10.9618	-2.35152	-0.312563	10.9618	-2.35152	0
-11.677	-2.2313	-0.329902	-11.677	-2.2313	0
-10.6734	-2.23719	-0.313285	-10.6734	-2.23719	0
-9.63041	-2.27556	-0.293195	-9.63041	-2.27556	0
-8.64976	-2.25876	-0.295883	-8.64976	-2.25876	0
-7.64134	-2.25968	-0.306728	-7.64134	-2.25968	0
-6.60402	-2.24114	-0.293082	-6.60402	-2.24114	0
-5.57289	-2.25556	-0.281837	-5.57289	-2.25556	0
-4.44438	-2.21387	-0.319895	-4.44438	-2.21387	0
-3.42769	-2.23684	-0.325834	-3.42769	-2.23684	0
-2.37436	-2.26844	-0.324714	-2.37436	-2.26844	0
-1.38784	-2.23031	-0.335913	-1.38784	-2.23031	0
-0.337796	-1.16596	-0.300395	-0.337796	-1.16596	0
0.658027	-1.18748	-0.325485	0.658027	-1.18748	0
1.75066	-1.22512	-0.310272	1.75066	-1.22512	0
2.8413	-1.22639	-0.300259	2.8413	-1.22639	0
3.88992	-1.25542	-0.324491	3.88992	-1.25542	0
4.87966	-1.16957	-0.331755	4.87966	-1.16957	0
5.88051	-1.28123	-0.313093	5.88051	-1.28123	0
6.86389	-1.26053	-0.316366	6.86389	-1.26053	0
7.88605	-1.20927	-0.341662	7.88605	-1.20927	0
8.94693	-1.24965	-0.322602	8.94693	-1.24965	0
10.0688	-1.22977	-0.299265	10.0688	-1.22977	0
11.093	-1.27194	-0.329239	11.093	-1.27194	0
-11.7524	-1.22249	-0.29215	-11.7524	-1.22249	0
-10.6994	-1.15925	-0.332061	-10.6994	-1.15925	0
-9.61331	-1.24689	-0.303832	-9.61331	-1.24689	0
-8.6293	-1.16974	-0.318744	-8.6293	-1.16974	0
-7.66311	-1.20233	-0.324496	-7.66311	-1.20233	0
-6.63569	-1.23723	-0.313968	-6.63569	-1.23723	0
-5.57453	-1.22013	-0.341971	-5.57453	-1.22013	0
-4.50231	-1.18621	-0.303768	-4.50231	-1.18621	0
-3.43607	-1.23298	-0.313318	-3.43607	-1.23298	0
-2.39692	-1.3034	-0.333868	-2.39692	-1.3034	0
-1.40558	-1.13976	-0.30864	-1.40558	-1.13976	0
0.171647	0.342079	0.337317	0.171647	0.342079	0
1.15565	0.343859	0.315501	1.15565	0.343859	0
2.29931	0.282365	0.305937	2.29931	0.282365	0
3.29411	0.343953	0.334851	3.29411	0.343953	0
4.33047	0.274419	0.321009	4.33047	0.274419	0
5.37183	0.36036	0.323251	5.37183	0.36036	0
6.37568	0.353776	0.336785	6.37568	0.353776	0
7.41779	0.33147	0.333596	7.41779	0.33147	0
8.42161	0.302011	0.31825	8.42161	0.302011	0
9.43616	0.260141	0.323852	9.43616	0.260141	0
10.5041	0.313789	0.323251	10.5041	0.313789	0
11.5939	0.333442	0.330067	11.5939	0.333442	0
-11.2381	0.415061	0.312904	-11.2381	0.415061	0
-10.1643	0.321101	0.32836	-10.1643	0.321101	0
-9.10316	0.350423	0.296715	-9.10316	0.350423	0
-8.07237	0.433392	0.30147	-8.07237	0.433392	0
-7.11159	0.314622	0.306787	-7.11159	0.314622	0
-6.08605	0.321852	0.337935	-6.08605	0.321852	0
-5.06729	0.296654	0.324826	-5.06729	0.296654	0
-4.00834	0.347716	0.30489	-4.00834	0.347716	0
-3.03084	0.29631	0.319383	-3.03084	0.29631	0
-1.95678	0.35484	0.302038	-1.95678	0.35484	0
-0.918559	0.314283	0.327996	-0.918559	0.314283	0
0.172667	1.38432	0.30596	0.172667	1.38432	0
1.20726	1.37631	0.32331	1.20726	1.37631	0
2.19516	1.28958	0.309384	2.19516	1.28958	0
3.26277	1.36037	0.339249	3.26277	1.36037	0
4.25514	1.30615	0.321539	4.25514	1.30615	0
5.33804	1.36188	0.328236	5.33804	1.36188	0
6.3701	1.43093	0.302951	6.3701	1.43093	0
7.3682	1.3299	0.283105	7.3682	1.3299	0
8.38652	1.37447	0.307992	8.38652	1.37447	0
9.42599	1.29846	0.309908	9.42599	1.29846	0
10.4195	1.28787	0.318523	10.4195	1.28787	0
11.5027	1.41555	0.352076	11.5027	1.41555	0
-11.2163	1.41192	0.308917	-11.2163	1.41192	0
-10.1842	1.39805	0.27715	-10.1842	1.39805	0
-9.1227	1.39285	0.31745	-9.1227	1.39285	0
-8.05746	1.44418	0.310475	-8.05746	1.44418	0
-7.05005	1.40753	0.328856	-7.05005	1.40753	0
-6.07665	1.38471	0.324156	-6.07665	1.38471	0
-5.0547	1.32658	0.292249	-5.0547	1.32658	0
-4.01872	1.35878	0.315491	-4.01872	1.35878	0
-2.98073	1.32846	0.322765	-2.98073	1.32846	0
-1.94422	1.37326	0.304181	-1.94422	1.37326	0
-0.903254	1.3688	0.324686	-0.903254	1.3688	0
0.10611	2.36243	0.32226	0.10611	2.36243	0
1.175	2.39382	0.332321	1.175	2.39382	0
2.23171	2.37207	0.319533	2.23171	2.37207	0
3.26985	2.42139	0.281939	3.26985	2.42139	0
4.31365	2.33281	0.328285	4.31365	2.33281	0
5.34673	2.38392	0.322971	5.34673	2.38392	0
6.35297	2.36259	0.340932	6.35297	2.36259	0
7.32584	2.32337	0.324274	7.32584	2.32337	0
8.43334	2.37748	0.332029	8.43334	2.37748	0
9.47829	2.27739	0.31892	9.47829	2.27739	0
10.4851	2.26395	0.313823	10.4851	2.26395	0
11.4667	2.40524	0.325174	11.4667	2.40524	0
-11.2591	2.40697	0.332576	-11.2591	2.40697	0
-10.1905	2.42968	0.295067	-10.1905	2.42968	0
-9.16663	2.4564	0.363747	-9.16663	2.4564	0
-8.14884	2.47689	0.312305	-8.14884	2.47689	0
-7.08816	2.39487	0.299259	-7.08816	2.39487	0
-6.06325	2.37524	0.315521	-6.06325	2.37524	0
-4.97305	2.33243	0.325564	-4.97305	2.33243	0
-3.98529	2.34395	0.347434	-3.98529	2.34395	0
-2.99224	2.39591	0.314647	-2.99224	2.39591	0
-1.98938	2.37046	0.362318	-1.98938	2.37046	0
-0.921377	2.38498	0.313496	-0.921377	2.38498	0
0.152776	3.4168	0.308506	0.152776	3.4168	0
1.17189	3.39939	0.316514	1.17189	3.39939	0
2.20736	3.36841	0.339808	2.20736	3.36841	0
3.2367	3.39614	0.321034	3.2367	3.39614	0
4.23392	3.44137	0.319912	4.23392	3.44137	0
5.24011	3.49516	0.306482	5.24011	3.49516	0
6.3575	3.36468	0.30404	6.3575	3.36468	0
7.35501	3.35709	0.283923	7.35501	3.35709	0
8.38732	3.40001	0.318596	8.38732	3.40001	0
9.4362	3.37399	0.310797	9.4362	3.37399	0
10.4513	3.45124	0.311626	10.4513	3.45124	0
11.4864	3.43703	0.306052	11.4864	3.43703	0
-11.2505	3.40394	0.314463	-11.2505	3.40394	0
-10.2175	3.45166	0.323484	-10.2175	3.45166	0
-9.20558	3.47925	0.298482	-9.20558	3.47925	0
-8.1319	3.43887	0.310659	-8.1319	3.43887	0
-7.13115	3.44682	0.323101	-7.13115	3.44682	0
-6.05897	3.4241	0.321228	-6.05897	3.4241	0
-5.0077	3.38952	0.318159	-5.0077	3.38952	0
-4.05119	3.4263	0.33439	-4.05119	3.4263	0
-2.98095	3.44696	0.329582	-2.98095	3.44696	0
-1.94413	3.41395	0.317982	-1.94413	3.41395	0
-0.885632	3.44793	0.337195	-0.885632	3.44793	0
0.126749	4.40088	0.314644	0.126749	4.40088	0
1.19124	4.38856	0.329359	1.19124	4.38856	0
2.27509	4.46874	0.332526	2.27509	4.46874	0
3.2478	4.46791	0.323304	3.2478	4.46791	0
4.26356	4.49493	0.32224	4.26356	4.49493	0
5.25328	4.48598	0.34429	5.25328	4.48598	0
6.27215	4.41513	0.333621	6.27215	4.41513	0
7.38833	4.43814	0.310263	7.38833	4.43814	0
8.40772	4.42749	0.324681	8.40772	4.42749	0
9.40561	4.41917	0.322281	9.40561	4.41917	0
10.482	4.4464	0.318907	10.482	4.4464	0
11.4908	4.42725	0.319635	11.4908	4.42725	0
-11.2447	4.5038	0.330137	-11.2447	4.5038	0
-10.2292	4.51131	0.328913	-10.2292	4.51131	0
-9.15112	4.48619	0.306371	-9.15112	4.48619	0
-8.16839	4.54256	0.285664	-8.16839	4.54256	0
-7.06995	4.49892	0.299476	-7.06995	4.49892	0
-6.05306	4.43599	0.316662	-6.05306	4.43599	0
-5.01903	4.44609	0.347521	-5.01903	4.44609	0
-3.97983	4.44987	0.337819	-3.97983	4.44987	0
-2.9554	4.45668	0.334131	-2.9554	4.45668	0
-1.92099	4.48328	0.314667	-1.92099	4.48328	0
-0.881132	4.43877	0.3186	-0.881132	4.43877	0
0.137926	5.4193	0.303971	0.137926	5.4193	0
1.16941	5.36901	0.346616	1.16941	5.36901	0
2.26375	5.51904	0.317778	2.26375	5.51904	0
3.28207	5.49096	0.349372	3.28207	5.49096	0
4.31407	5.44498	0.336226	4.31407	5.44498	0
5.3443	5.50794	0.325745	5.3443	5.50794	0
6.36296	5.50105	0.310774	6.36296	5.50105	0
7.36352	5.43546	0.310915	7.36352	5.43546	0
8.42558	5.47771	0.328785	8.42558	5.47771	0
9.42321	5.47171	0.311288	9.42321	5.47171	0
10.4432	5.50084	0.292886	10.4432	5.50084	0
11.4748	5.49452	0.343913	11.4748	5.49452	0
-11.2611	5.46924	0.312672	-11.2611	5.46924	0
-10.1672	5.52873	0.330129	-10.1672	5.52873	0
-9.14736	5.5277	0.296712	-9.14736	5.5277	0
-8.10284	5.58479	0.319016	-8.10284	5.58479	0
-7.02932	5.48846	0.328727	-7.02932	5.48846	0
-6.00501	5.46298	0.340207	-6.00501	5.46298	0
-4.98659	5.49839	0.343985	-4.98659	5.49839	0
-3.96265	5.54116	0.305592	-3.96265	5.54116	0
-2.94317	5.48195	0.295364	-2.94317	5.48195	0
-1.96617	5.49608	0.311768	-1.96617	5.49608	0
-0.850023	5.44134	0.30957	-0.850023	5.44134	0
0.108662	6.44813	0.283284	0.108662	6.44813	0
1.15097	6.46741	0.318737	1.15097	6.46741	0
2.23864	6.48944	0.332247	2.23864	6.48944	0
3.27846	6.5491	0.301619	3.27846	6.5491	0
4.30485	6.51496	0.317541	4.30485	6.51496	0
5.2791	6.51762	0.302803	5.2791	6.51762	0
6.34308	6.56153	0.31165	6.34308	6.56153	0
7.39903	6.49369	0.316233	7.39903	6.49369	0
8.44909	6.49393	0.307877	8.44909	6.49393	0
9.44107	6.49728	0.324301	9.44107	6.49728	0
10.4831	6.52178	0.315098	10.4831	6.52178	0
11.539	6.5235	0.334525	11.539	6.5235	0
-11.2454	6.48361	0.301748	-11.2454	6.48361	0
-10.1895	6.56998	0.336054	-10.1895	6.56998	0
-9.15433	6.53579	0.304183	-9.15433	6.53579	0
-8.14236	6.60566	0.30555	-8.14236	6.60566	0
-7.07988	6.51415	0.322526	-7.07988	6.51415	0
-6.03322	6.4926	0.310642	-6.03322	6.4926	0
-5.04817	6.52269	0.341285	-5.04817	6.52269	0
-3.99587	6.58178	0.301403	-3.99587	6.58178	0
-2.93722	6.51328	0.327522	-2.93722	6.51328	0
-1.85388	6.51299	0.339754	-1.85388	6.51299	0
-0.90125	6.48697	0.300334	-0.90125	6.48697	0
0.107637	7.51184	0.338522	0.107637	7.51184	0
1.17456	7.50776	0.310116	1.17456	7.50776	0
2.20261	7.48747	0.308984	2.20261	7.48747	0
3.20435	7.55257	0.29902	3.20435	7.55257	0
4.26757	7.55536	0.319024	4.26757	7.55536	0
5.26256	7.54713	0.34501	5.26256	7.54713	0
6.34295	7.57103	0.30884	6.34295	7.57103	0
7.3895	7.52699	0.308069	7.3895	7.52699	0
8.39092	7.53553	0.312816	8.39092	7.53553	0
9.40115	7.56705	0.310648	9.40115	7.56705	0
10.482	7.61869	0.32212	10.482	7.61869	0
11.4789	7.55308	0.308708	11.4789	7.55308	0
-11.2619	7.5674	0.311704	-11.2619	7.5674	0
-10.1988	7.59787	0.293118	-10.1988	7.59787	0
-9.18	7.58102	0.306557	-9.18	7.58102	0
-8.12922	7.61745	0.2876	-8.12922	7.61745	0
-7.11752	7.54938	0.321241	-7.11752	7.54938	0
-6.09796	7.53327	0.337814	-6.09796	7.53327	0
-5.02588	7.59312	0.331208	-5.02588	7.59312	0
-4.00752	7.57283	0.3239	-4.00752	7.57283	0
-3.00844	7.55923	0.314513	-3.00844	7.55923	0
-1.93632	7.53983	0.35019	-1.93632	7.53983	0
-0.919036	7.51693	0.308367	-0.919036	7.51693	0
0.0796508	8.52408	0.316096	0.0796508	8.52408	0
1.09332	8.55023	0.285298	1.09332	8.55023	0
2.14159	8.54695	0.319926	2.14159	8.54695	0
3.18178	8.58406	0.299067	3.18178	8.58406	0
4.20273	8.55567	0.314342	4.20273	8.55567	0
5.23911	8.61198	0.311164	5.23911	8.61198	0
6.28706	8.53956	0.307336	6.28706	8.53956	0
7.2943	8.57239	0.323126	7.2943	8.57239	0
8.32034	8.58297	0.323301	8.32034	8.58297	0
9.40648	8.58002	0.305772	9.40648	8.58002	0
10.4362	8.59107	0.277463	10.4362	8.59107	0
11.4807	8.63182	0.337351	11.4807	8.63182	0
-11.2187	8.58806	0.305828	-11.2187	8.58806	0
-10.1883	8.60604	0.313953	-10.1883	8.60604	0
-9.17372	8.61754	0.33377	-9.17372	8.61754	0
-8.08914	8.70009	0.316888	-8.08914	8.70009	0
-7.13922	8.66077	0.327047	-7.13922	8.66077	0
-6.1482	8.59871	0.3458	-6.1482	8.59871	0
-5.10675	8.58979	0.318531	-5.10675	8.58979	0
-4.06387	8.59536	0.299519	-4.06387	8.59536	0
-2.9749	8.56569	0.309504	-2.9749	8.56569	0
-1.97766	8.58357	0.299573	-1.97766	8.58357	0
-0.934478	8.58352	0.34515	-0.934478	8.58352	0
0.0788763	9.57728	0.331473	0.0788763	9.57728	0
1.14604	9.61621	0.328467	1.14604	9.61621	0
2.13317	9.60142	0.309813	2.13317	9.60142	0
3.17179	9.55919	0.32969	3.17179	9.55919	0
4.13798	9.56946	0.315184	4.13798	9.56946	0
5.21005	9.60801	0.328798	5.21005	9.60801	0
6.25182	9.56321	0.33064	6.25182	9.56321	0
7.35769	9.58994	0.316685	7.35769	9.58994	0
8.39354	9.64941	0.31557	8.39354	9.64941	0
9.33902	9.63352	0.315688	9.33902	9.63352	0
10.4543	9.64875	0.310359	10.4543	9.64875	0
11.5032	9.64745	0.309477	11.5032	9.64745	0
-11.2472	9.59956	0.351903	-11.2472	9.59956	0
-10.2217	9.59359	0.313984	-10.2217	9.59359	0
-9.15221	9.67842	0.334601	-9.15221	9.67842	0
-8.16558	9.71434	0.307339	-8.16558	9.71434	0
-7.12874	9.69489	0.321074	-7.12874	9.69489	0
-6.10994	9.60445	0.340093	-6.10994	9.60445	0
-5.05516	9.62624	0.308245	-5.05516	9.62624	0
-4.06556	9.59194	0.295406	-4.06556	9.59194	0
-2.92506	9.57193	0.356704	-2.92506	9.57193	0
-1.94775	9.64397	0.28458	-1.94775	9.64397	0
-0.954278	9.56635	0.319602	-0.954278	9.56635	0
0.133167	10.6419	0.313473	0.133167	10.6419	0
1.1044	10.6314	0.303543	1.1044	10.6314	0
2.09059	10.6153	0.300153	2.09059	10.6153	0
3.10746	10.6688	0.308574	3.10746	10.6688	0
4.22077	10.6497	0.317203	4.22077	10.6497	0
5.27425	10.6381	0.33861	5.27425	10.6381	0
6.27598	10.6389	0.257949	6.27598	10.6389	0
7.28346	10.6085	0.331798	7.28346	10.6085	0
8.34903	10.6634	0.314988	8.34903	10.6634	0
9.36719	10.6309	0.329713	9.36719	10.6309	0
10.4458	10.6793	0.296431	10.4458	10.6793	0
11.4957	10.6979	0.329099	11.4957	10.6979	0
-11.3086	10.6553	0.322342	-11.3086	10.6553	0
-10.2961	10.5749	0.324894	-10.2961	10.5749	0
-9.27642	10.7122	0.316429	-9.27642	10.7122	0
-8.19979	10.7216	0.317411	-8.19979	10.7216	0
-7.12873	10.6864	0.307795	-7.12873	10.6864	0
-6.10138	10.6402	0.321447	-6.10138	10.6402	0
-5.08722	10.61	0.320089	-5.08722	10.61	0
-4.05606	10.5943	0.308824	-4.05606	10.5943	0
-2.97055	10.6302	0.316638	-2.97055	10.6302	0
-1.92888	10.6346	0.32719	-1.92888	10.6346	0
-0.916623	10.6894	0.315467	-0.916623	10.6894	0
0.0246488	11.6572	0.307412	0.0246488	11.6572	0
1.07126	11.6738	0.306839	1.07126	11.6738	0
2.07311	11.656	0.287636	2.07311	11.656	0
3.14267	11.6922	0.320113	3.14267	11.6922	0
4.21994	11.6885	0.306984	4.21994	11.6885	0
5.30055	11.6489	0.300573	5.30055	11.6489	0
6.31899	11.6582	0.320009	6.31899	11.6582	0
7.31477	11.6729	0.338348	7.31477	11.6729	0
8.37619	11.6797	0.293992	8.37619	11.6797	0
9.37162	11.6514	0.315872	9.37162	11.6514	0
10.3781	11.6991	0.31258	10.3781	11.6991	0
11.3767	11.7282	0.282423	11.3767	11.7282	0
-11.3338	11.6799	0.325984	-11.3338	11.6799	0
-10.3594	11.6295	0.32999	-10.3594	11.6295	0
-9.2517	11.7135	0.334018	-9.2517	11.7135	0
-8.19093	11.685	0.334254	-8.19093	11.685	0
-7.15385	11.6838	0.313815	-7.15385	11.6838	0
-6.17443	11.6785	0.315811	-6.17443	11.6785	0
-5.05695	11.7202	0.325831	-5.05695	11.7202	0
-4.06772	11.7073	0.308892	-4.06772	11.7073	0
-3.03152	11.676	0.303641	-3.03152	11.676	0
-2.01873	11.7224	0.308937	-2.01873	11.7224	0
-0.972329	11.7005	0.333235	-0.972329	11.7005	0
0.0235778	-11.0249	0.298972	0.0235778	-11.0249	0
1.05893	-11.0299	0.333252	1.05893	-11.0299	0
2.09921	-11.0939	0.319674	2.09921	-11.0939	0
3.18765	-11.0336	0.318566	3.18765	-11.0336	0
4.23	-11.0799	0.319715	4.23	-11.0799	0
5.27665	-11.0418	0.330147	5.27665	-11.0418	0
6.29624	-11.0579	0.325005	6.29624	-11.0579	0
7.2747	-11.0755	0.324673	7.2747	-11.0755	0
8.34576	-11.0729	0.331233	8.34576	-11.0729	0
9.3791	-11.0806	0.325654	9.3791	-11.0806	0
10.368	-11.0875	0.323113	10.368	-11.0875	0
11.4172	-11.067	0.290471	11.4172	-11.067	0
-11.2847	-11.0569	0.336909	-11.2847	-11.0569	0
-10.2436	-11.068	0.334674	-10.2436	-11.068	0
-9.20554	-11.0804	0.345721	-9.20554	-11.0804	0
-8.19183	-11.0456	0.327897	-8.19183	-11.0456	0
-7.18658	-11.0755	0.340262	-7.18658	-11.0755	0
-6.16478	-11.0721	0.310114	-6.16478	-11.0721	0
-5.08185	-11.0422	0.334123	-5.08185	-11.0422	0
-4.04003	-11.0457	0.315176	-4.04003	-11.0457	0
-3.04458	-11.0634	0.324489	-3.04458	-11.0634	0
-1.97281	-11.0461	0.318054	-1.97281	-11.0461	0
-0.971669	-11.028	0.321671	-0.971669	-11.028	0
0.0518812	-9.90388	0.324864	0.0518812	-9.90388	0
1.05629	-9.95854	0.337758	1.05629	-9.95854	0
2.12761	-10.0583	0.315872	2.12761	-10.0583	0
3.10835	-10.0661	0.327278	3.10835	-10.0661	0
4.15135	-10.0324	0.324207	4.15135	-10.0324	0
5.19922	-10.033	0.330889	5.19922	-10.033	0
6.33594	-10.0353	0.331267	6.33594	-10.0353	0
7.31636	-10.0445	0.324066	7.31636	-10.0445	0
8.3477	-10.1248	0.31659	8.3477	-10.1248	0
9.38374	-10.0448	0.313481	9.38374	-10.0448	0
10.4637	-10.046	0.316334	10.4637	-10.046	0
11.5181	-10.0231	0.320483	11.5181	-10.0231	0
-11.231	-10.0133	0.315885	-11.231	-10.0133	0
-10.234	-10.11	0.318942	-10.234	-10.11	0
-9.21327	-10.016	0.328831	-9.21327	-10.016	0
-8.12742	-9.99706	0.319787	-8.12742	-9.99706	0
-7.11126	-10.0716	0.342083	-7.11126	-10.0716	0
-6.12996	-10.0468	0.298897	-6.12996	-10.0468	0
-5.10925	-10.034	0.311874	-5.10925	-10.034	0
-4.08088	-10.0136	0.336865	-4.08088	-10.0136	0
-3.04406	-10.0501	0.303778	-3.04406	-10.0501	0
-2.03029	-10.0021	0.309547	-2.03029	-10.0021	0
-0.999472	-9.991	0.330242	-0.999472	-9.991	0
0.0894179	-8.93796	0.30433	0.0894179	-8.93796	0
1.08275	-8.95435	0.333582	1.08275	-8.95435	0
2.12826	-8.988	0.30763	2.12826	-8.988	0
3.10933	-8.991	0.346198	3.10933	-8.991	0
4.17535	-9.01404	0.326971	4.17535	-9.01404	0
5.18138	-8.97729	0.308764	5.18138	-8.97729	0
6.26969	-8.98641	0.324979	6.26969	-8.98641	0
7.24493	-9.00206	0.306699	7.24493	-9.00206	0
8.24883	-8.98494	0.342745	8.24883	-8.98494	0
9.34709	-9.00065	0.33131	9.34709	-9.00065	0
10.3751	-9.03184	0.310126	10.3751	-9.03184	0
11.5073	-9.04001	0.313323	11.5073	-9.04001	0
-11.2733	-8.97742	0.32237	-11.2733	-8.97742	0
-10.2108	-9.03971	0.346244	-10.2108	-9.03971	0
-9.18197	-9.04567	0.328296	-9.18197	-9.04567	0
-8.15139	-8.98904	0.312938	-8.15139	-8.98904	0
-7.1403	-9.01392	0.322654	-7.1403	-9.01392	0
-6.14753	-8.96288	0.336336	-6.14753	-8.96288	0
-5.04921	-8.93637	0.326263	-5.04921	-8.93637	0
-4.07629	-8.99923	0.312002	-4.07629	-8.99923	0
-3.05824	-8.96885	0.315144	-3.05824	-8.96885	0
-2.00888	-8.98879	0.328338	-2.00888	-8.98879	0
-1.00399	-8.93382	0.327223	-1.00399	-8.93382	0
0.0963095	-7.89099	0.331123	0.0963095	-7.89099	0
1.1258	-7.92427	0.346872	1.1258	-7.92427	0
2.16864	-7.9682	0.315071	2.16864	-7.9682	0
3.1759	-7.97187	0.291128	3.1759	-7.97187	0
4.22344	-7.92683	0.31851	4.22344	-7.92683	0
5.26629	-7.96379	0.335442	5.26629	-7.96379	0
6.23029	-7.95393	0.28062	6.23029	-7.95393	0
7.26307	-7.95747	0.30454	7.26307	-7.95747	0
8.35921	-7.98276	0.338448	8.35921	-7.98276	0
9.33563	-7.98478	0.288436	9.33563	-7.98478	0
10.3802	-8.0174	0.307002	10.3802	-8.0174	0
11.4782	-8.00364	0.336541	11.4782	-8.00364	0
-11.2717	-7.93772	0.269495	-11.2717	-7.93772	0
-10.206	-7.99558	0.292506	-10.206	-7.99558	0
-9.17565	-8.00045	0.307909	-9.17565	-8.00045	0
-8.16472	-7.97435	0.272996	-8.16472	-7.97435	0
-7.14046	-7.95787	0.287382	-7.14046	-7.95787	0
-6.10616	-7.89952	0.30071	-6.10616	-7.89952	0
-5.04843	-7.91766	0.308461	-5.04843	-7.91766	0
-4.02832	-7.94365	0.321127	-4.02832	-7.94365	0
-3.00678	-7.98805	0.316701	-3.00678	-7.98805	0
-1.97685	-7.89754	0.320126	-1.97685	-7.89754	0
-0.961788	-7.90284	0.309269	-0.961788	-7.90284	0
0.0845213	-6.83932	0.306809	0.0845213	-6.83932	0
1.11053	-6.87624	0.272173	1.11053	-6.87624	0
2.14757	-6.91054	0.323883	2.14757	-6.91054	0
3.24541	-6.90551	0.340291	3.24541	-6.90551	0
4.21748	-6.8839	0.335606	4.21748	-6.8839	0
5.27907	-6.91603	0.358337	5.27907	-6.91603	0
6.35396	-6.90725	0.352119	6.35396	-6.90725	0
7.40348	-6.98589	0.312043	7.40348	-6.98589	0
8.43051	-6.91653	0.32472	8.43051	-6.91653	0
9.46585	-6.95433	0.314722	9.46585	-6.95433	0
10.5141	-7.00393	0.26245	10.5141	-7.00393	0
11.5862	-6.95626	0.312643	11.5862	-6.95626	0
-11.2212	-6.94789	0.279054	-11.2212	-6.94789	0
-10.1727	-6.93806	0.334873	-10.1727	-6.93806	0
-9.19857	-6.94256	0.340407	-9.19857	-6.94256	0
-8.11193	-6.95225	0.31811	-8.11193	-6.95225	0
-7.13819	-6.88327	0.31811	-7.13819	-6.88327	0
-6.07211	-6.89587	0.312895	-6.07211	-6.89587	0
-5.04332	-6.89351	0.316571	-5.04332	-6.89351	0
-4.0105	-6.91889	0.32835	-4.0105	-6.91889	0
-3.0014	-6.90677	0.337215	-3.0014	-6.90677	0
-1.99709	-6.92799	0.312473	-1.99709	-6.92799	0
-0.944614	-6.86603	0.319749	-0.944614	-6.86603	0
0.158253	-5.82632	0.319574	0.158253	-5.82632	0
1.18485	-5.88779	0.297278	1.18485	-5.88779	0
2.19625	-5.90619	0.322474	2.19625	-5.90619	0
3.21697	-5.84228	0.29911	3.21697	-5.84228	0
4.32429	-5.93366	0.314291	4.32429	-5.93366	0
5.28871	-5.86298	0.318334	5.28871	-5.86298	0
6.33654	-5.90191	0.340381	6.33654	-5.90191	0
7.37786	-5.97462	0.338888	7.37786	-5.97462	0
8.43618	-5.90117	0.307958	8.43618	-5.90117	0
9.44612	-5.92974	0.341151	9.44612	-5.92974	0
10.4956	-6.00976	0.329976	10.4956	-6.00976	0
11.4676	-5.93569	0.342244	11.4676	-5.93569	0
-11.3307	-5.8966	0.330572	-11.3307	-5.8966	0
-10.2721	-5.97565	0.31404	-10.2721	-5.97565	0
-9.23885	-5.94137	0.327532	-9.23885	-5.94137	0
-8.17386	-5.91586	0.343512	-8.17386	-5.91586	0
-7.1517	-5.88258	0.325948	-7.1517	-5.88258	0
-6.10158	-5.86706	0.318019	-6.10158	-5.86706	0
-5.07995	-5.78782	0.331058	-5.07995	-5.78782	0
-4.03254	-5.87062	0.323077	-4.03254	-5.87062	0
-3.02029	-5.83554	0.31235	-3.02029	-5.83554	0
-1.97687	-5.88776	0.306726	-1.97687	-5.88776	0
-0.920642	-5.83508	0.342265	-0.920642	-5.83508	0
0.110314	-4.76418	0.313087	0.110314	-4.76418	0
1.12369	-4.81122	0.338844	1.12369	-4.81122	0
2.19164	-4.81111	0.332041	2.19164	-4.81111	0
3.19365	-4.84533	0.313128	3.19365	-4.84533	0
4.29574	-4.83194	0.329622	4.29574	-4.83194	0
5.34503	-4.86795	0.300903	5.34503	-4.86795	0
6.36941	-4.88921	0.320994	6.36941	-4.88921	0
7.40904	-4.90256	0.317515	7.40904	-4.90256	0
8.38853	-4.89085	0.324299	8.38853	-4.89085	0
9.47203	-4.90013	0.32334	9.47203	-4.90013	0
10.449	-4.93869	0.308961	10.449	-4.93869	0
11.4509	-4.90396	0.332153	11.4509	-4.90396	0
-11.3015	-4.87349	0.282253	-11.3015	-4.87349	0
-10.2301	-4.92218	0.310184	-10.2301	-4.92218	0
-9.20123	-4.84296	0.283642	-9.20123	-4.84296	0
-8.18538	-4.86453	0.290144	-8.18538	-4.86453	0
-7.10521	-4.84148	0.314245	-7.10521	-4.84148	0
-6.11008	-4.83501	0.316794	-6.11008	-4.83501	0
-5.03891	-4.74389	0.312444	-5.03891	-4.74389	0
-4.03994	-4.81547	0.278389	-4.03994	-4.81547	0
-2.97699	-4.84682	0.332595	-2.97699	-4.84682	0
-1.89793	-4.84995	0.333425	-1.89793	-4.84995	0
-0.92779	-4.81251	0.309392	-0.92779	-4.81251	0
0.168791	-3.8109	0.324798	0.168791	-3.8109	0
1.23515	-3.80326	0.303589	1.23515	-3.80326	0
2.26876	-3.79164	0.322363	2.26876	-3.79164	0
3.28705	-3.83614	0.280067	3.28705	-3.83614	0
4.28458	-3.81387	0.282922	4.28458	-3.81387	0
5.37729	-3.88154	0.318104	5.37729	-3.88154	0
6.35384	-3.85749	0.320903	6.35384	-3.85749	0
7.39879	-3.86732	0.320839	7.39879	-3.86732	0
8.40214	-3.90977	0.327033	8.40214	-3.90977	0
9.45441	-3.85038	0.303746	9.45441	-3.85038	0
10.4672	-3.8743	0.332721	10.4672	-3.8743	0
11.5147	-3.85099	0.304672	11.5147	-3.85099	0
-11.2351	-3.82081	0.31511	-11.2351	-3.82081	0
-10.2248	-3.86836	0.340876	-10.2248	-3.86836	0
-9.19314	-3.80176	0.333033	-9.19314	-3.80176	0
-8.1818	-3.83722	0.333814	-8.1818	-3.83722	0
-7.13031	-3.81168	0.320969	-7.13031	-3.81168	0
-6.01505	-3.75226	0.327617	-6.01505	-3.75226	0
-5.01097	-3.72715	0.326447	-5.01097	-3.72715	0
-3.99803	-3.75836	0.301418	-3.99803	-3.75836	0
-2.99388	-3.84334	0.333522	-2.99388	-3.84334	0
-1.9417	-3.77011	0.346088	-1.9417	-3.77011	0
-0.922417	-3.79204	0.339492	-0.922417	-3.79204	0
0.157682	-2.78878	0.320974	0.157682	-2.78878	0
1.19276	-2.80562	0.301176	1.19276	-2.80562	0
2.25141	-2.769	0.310751	2.25141	-2.769	0
3.31468	-2.79778	0.332769	3.31468	-2.79778	0
4.37858	-2.79097	0.328889	4.37858	-2.79097	0
5.37481	-2.82403	0.314786	5.37481	-2.82403	0
6.38168	-2.84932	0.316076	6.38168	-2.84932	0
7.44617	-2.83133	0.294578	7.44617	-2.83133	0
8.45123	-2.84643	0.344995	8.45123	-2.84643	0
9.44446	-2.78583	0.29151	9.44446	-2.78583	0
10.4826	-2.84892	0.325155	10.4826	-2.84892	0
11.5462	-2.77591	0.300027	11.5462	-2.77591	0
-11.1751	-2.78474	0.306684	-11.1751	-2.78474	0
-10.1503	-2.80603	0.318533	-10.1503	-2.80603	0
-9.11409	-2.81128	0.309226	-9.11409	-2.81128	0
-8.09859	-2.75358	0.349669	-8.09859	-2.75358	0
-7.11121	-2.77086	0.309329	-7.11121	-2.77086	0
-6.10779	-2.75248	0.333346	-6.10779	-2.75248	0
-4.96142	-2.72379	0.315647	-4.96142	-2.72379	0
-3.96728	-2.72336	0.313234	-3.96728	-2.72336	0
-2.95987	-2.71915	0.303639	-2.95987	-2.71915	0
-1.88815	-2.73095	0.300698	-1.88815	-2.73095	0
-0.886301	-2.77569	0.329194	-0.886301	-2.77569	0
0.185444	-1.63881	0.325153	0.185444	-1.63881	0
1.18724	-1.72089	0.303625	1.18724	-1.72089	0
2.28598	-1.70794	0.310932	2.28598	-1.70794	0
3.34451	-1.76636	0.321404	3.34451	-1.76636	0
4.37839	-1.76079	0.330164	4.37839	-1.76079	0
5.37016	-1.75569	0.334311	5.37016	-1.75569	0
6.37996	-1.81167	0.329966	6.37996	-1.81167	0
7.42207	-1.75775	0.308648	7.42207	-1.75775	0
8.42413	-1.73881	0.306211	8.42413	-1.73881	0
9.43141	-1.7877	0.316095	9.43141	-1.7877	0
10.5304	-1.76883	0.320461	10.5304	-1.76883	0
11.5889	-1.75817	0.327155	11.5889	-1.75817	0
-11.1683	-1.75877	0.342441	-11.1683	-1.75877	0
-10.2343	-1.70563	0.317511	-10.2343	-1.70563	0
-9.16056	-1.74287	0.34913	-9.16056	-1.74287	0
-8.17675	-1.70173	0.346573	-8.17675	-1.70173	0
-7.17572	-1.73177	0.337837	-7.17572	-1.73177	0
-6.10279	-1.7107	0.339538	-6.10279	-1.7107	0
-5.06448	-1.74931	0.303406	-5.06448	-1.74931	0
-3.96475	-1.70372	0.352157	-3.96475	-1.70372	0
-2.9107	-1.72393	0.31666	-2.9107	-1.72393	0
-1.86899	-1.7221	0.325473	-1.86899	-1.7221	0
-0.892998	-1.74007	0.331312	-0.892998	-1.74007	0
0.173896	-0.668703	0.303471	0.173896	-0.668703	0
1.26494	-0.709336	0.310342	1.26494	-0.709336	0
2.30526	-0.721761	0.321991	2.30526	-0.721761	0
3.34529	-0.754299	0.326428	3.34529	-0.754299	0
4.35592	-0.764816	0.319952	4.35592	-0.764816	0
5.39468	-0.711146	0.323737	5.39468	-0.711146	0
6.42832	-0.725392	0.308146	6.42832	-0.725392	0
7.39185	-0.706226	0.295267	7.39185	-0.706226	0
8.46003	-0.722197	0.329968	8.46003	-0.722197	0
9.47917	-0.799864	0.323375	9.47917	-0.799864	0
10.5929	-0.71594	0.329598	10.5929	-0.71594	0
11.5541	-0.68374	0.31938	11.5541	-0.68374	0
-11.2062	-0.663255	0.310103	-11.2062	-0.663255	0
-10.2074	-0.707556	0.292309	-10.2074	-0.707556	0
-9.20177	-0.698322	0.328976	-9.20177	-0.698322	0
-8.07225	-0.632298	0.320426	-8.07225	-0.632298	0
-7.10464	-0.709856	0.297389	-7.10464	-0.709856	0
-6.12745	-0.688609	0.318544	-6.12745	-0.688609	0
-5.06099	-0.722993	0.303098	-5.06099	-0.722993	0
-3.97968	-0.691346	0.317803	-3.97968	-0.691346	0
-2.92442	-0.712212	0.324824	-2.92442	-0.712212	0
-1.90776	-0.621122	0.330564	-1.90776	-0.621122	0
-0.853789	-0.67965	0.320548	-0.853789	-0.67965	0
