-0.649473	-0.112368	-0.290311	-0.649473	-0.112368	0
0.350894	-0.15971	-0.305655	0.350894	-0.15971	0
1.43933	-0.124497	-0.332669	1.43933	-0.124497	0
2.43534	-0.103877	-0.315068	2.43534	-0.103877	0
3.46055	-0.113205	-0.335436	3.46055	-0.113205	0
4.54722	-0.181957	-0.312182	4.54722	-0.181957	0
5.54274	-0.220096	-0.319092	5.54274	-0.220096	0
6.55567	-0.17418	-0.352461	6.55567	-0.17418	0
7.59115	-0.184739	-0.331919	7.59115	-0.184739	0
8.68448	-0.201226	-0.309679	8.68448	-0.201226	0
9.67843	-0.207672	-0.325109	9.67843	-0.207672	0
10.7313	-0.252065	-0.313954	10.7313	-0.252065	0
11.8086	-0.25342	-0.314395	11.8086	-0.25342	0
-10.952	-0.18244	-0.313854	-10.952	-0.18244	0
-9.98347	-0.190519	-0.319442	-9.98347	-0.190519	0
-8.89499	-0.158228	-0.318773	-8.89499	-0.158228	0
-7.90805	-0.156285	-0.355596	-7.90805	-0.156285	0
-6.77765	-0.211628	-0.32371	-6.77765	-0.211628	0
-5.76388	-0.144078	-0.322307	-5.76388	-0.144078	0
-4.77393	-0.132805	-0.329661	-4.77393	-0.132805	0
-3.80706	-0.195972	-0.315403	-3.80706	-0.195972	0
-2.74524	-0.279856	-0.339427	-2.74524	-0.279856	0
-1.67917	-0.162431	-0.304355	-1.67917	-0.162431	0
-0.633494	0.866107	-0.311328	-0.633494	0.866107	0
0.423236	0.870398	-0.305518	0.423236	0.870398	0
1.47134	0.854997	-0.321189	1.47134	0.854997	0
2.51484	0.906795	-0.323371	2.51484	0.906795	0
3.49637	0.904336	-0.337879	3.49637	0.904336	0
4.53107	0.879487	-0.301997	4.53107	0.879487	0
5.62125	0.887153	-0.337083	5.62125	0.887153	0
6.64775	0.810366	-0.321935	6.64775	0.810366	0
7.60619	0.817971	-0.311997	7.60619	0.817971	0
8.65587	0.78728	-0.316184	8.65587	0.78728	0
9.75013	0.793138	-0.309306	9.75013	0.793138	0
10.7769	0.813087	-0.330791	10.7769	0.813087	0
11.7727	0.812516	-0.323339	11.7727	0.812516	0
-10.9321	0.836976	-0.307811	-10.9321	0.836976	0
-9.95405	0.865434	-0.334976	-9.95405	0.865434	0
-8.86485	0.955183	-0.323123	-8.86485	0.955183	0
-7.89624	0.841904	-0.307802	-7.89624	0.841904	0
-6.82273	0.805154	-0.307865	-6.82273	0.805154	0
-5.81648	0.850374	-0.32754	-5.81648	0.850374	0
-4.82705	0.862035	-0.329635	-4.82705	0.862035	0
-3.73914	0.804287	-0.329346	-3.73914	0.804287	0
-2.69401	0.789015	-0.340832	-2.69401	0.789015	0
-1.70079	0.848535	-0.291025	-1.70079	0.848535	0
-0.703904	1.84916	-0.290865	-0.703904	1.84916	0
0.397384	1.90479	-0.307456	0.397384	1.90479	0
1.4407	1.89247	-0.327735	1.4407	1.89247	0
2.49437	1.91091	-0.319075	2.49437	1.91091	0
3.46641	1.98582	-0.336386	3.46641	1.98582	0
4.55609	1.93058	-0.316235	4.55609	1.93058	0
5.6094	1.85961	-0.306323	5.6094	1.85961	0
6.65654	1.78931	-0.322844	6.65654	1.78931	0
7.6706	1.82396	-0.331761	7.6706	1.82396	0
8.6846	1.80586	-0.301378	8.6846	1.80586	0
9.75634	1.82786	-0.334051	9.75634	1.82786	0
10.803	1.86667	-0.275074	10.803	1.86667	0
11.817	1.83808	-0.31168	11.817	1.83808	0
-10.8647	1.85842	-0.340733	-10.8647	1.85842	0
-9.88294	1.93168	-0.324944	-9.88294	1.93168	0
-8.8933	1.91198	-0.306579	-8.8933	1.91198	0
-7.83322	1.88344	-0.330172	-7.83322	1.88344	0
-6.86208	1.84729	-0.321884	-6.86208	1.84729	0
-5.83334	1.89045	-0.321545	-5.83334	1.89045	0
-4.81415	1.90111	-0.297111	-4.81415	1.90111	0
-3.73101	1.86744	-0.29884	-3.73101	1.86744	0
-2.70331	1.85606	-0.319511	-2.70331	1.85606	0
-1.69909	1.8754	-0.301878	-1.69909	1.8754	0
-0.643025	2.88975	-0.324512	-0.643025	2.88975	0
0.457772	2.97248	-0.332331	0.457772	2.97248	0
1.43183	2.87627	-0.32653	1.43183	2.87627	0
2.44028	2.8628	-0.315102	2.44028	2.8628	0
3.52733	2.95827	-0.343859	3.52733	2.95827	0
4.61379	2.91409	-0.292437	4.61379	2.91409	0
5.59689	2.84299	-0.307259	5.59689	2.84299	0
6.63598	2.84629	-0.317719	6.63598	2.84629	0
7.76356	2.81353	-0.302369	7.76356	2.81353	0
8.76171	2.85785	-0.321864	8.76171	2.85785	0
9.77222	2.90811	-0.34592	9.77222	2.90811	0
10.7744	2.91089	-0.273338	10.7744	2.91089	0
11.7827	2.89881	-0.311289	11.7827	2.89881	0
-10.927	2.94008	-0.344922	-10.927	2.94008	0
-9.94288	2.94843	-0.311238	-9.94288	2.94843	0
-8.90454	2.92618	-0.300204	-8.90454	2.92618	0
-7.80168	2.94333	-0.293432	-7.80168	2.94333	0
-6.79575	2.93214	-0.324329	-6.79575	2.93214	0
-5.72792	2.93374	-0.328284	-5.72792	2.93374	0
-4.73338	2.92734	-0.303587	-4.73338	2.92734	0
-3.68978	2.9189	-0.33011	-3.68978	2.9189	0
-2.68655	2.93047	-0.309775	-2.68655	2.93047	0
-1.66211	2.90795	-0.310835	-1.66211	2.90795	0
-0.58228	3.94645	-0.349314	-0.58228	3.94645	0
0.470361	3.96542	-0.314404	0.470361	3.96542	0
1.45025	3.93982	-0.312795	1.45025	3.93982	0
2.47199	4.00197	-0.340007	2.47199	4.00197	0
3.58634	3.95814	-0.343644	3.58634	3.95814	0
4.58114	3.91483	-0.315727	4.58114	3.91483	0
5.58858	3.93301	-0.326184	5.58858	3.93301	0
6.62651	3.8964	-0.324582	6.62651	3.8964	0
7.67727	3.84233	-0.303128	7.67727	3.84233	0
8.69404	3.88089	-0.304044	8.69404	3.88089	0
9.71693	3.91384	-0.334549	9.71693	3.91384	0
10.828	3.91607	-0.305664	10.828	3.91607	0
11.8109	3.98378	-0.310081	11.8109	3.98378	0
-10.909	3.96685	-0.327257	-10.909	3.96685	0
-9.9608	3.99507	-0.291804	-9.9608	3.99507	0
-8.89449	3.95982	-0.31585	-8.89449	3.95982	0
-7.82064	4.02702	-0.294396	-7.82064	4.02702	0
-6.78009	3.96521	-0.318224	-6.78009	3.96521	0
-5.76827	3.95387	-0.302366	-5.76827	3.95387	0
-4.6983	3.92015	-0.316268	-4.6983	3.92015	0
-3.67127	4.00102	-0.306273	-3.67127	4.00102	0
-2.65036	3.97664	-0.306985	-2.65036	3.97664	0
-1.66764	3.97356	-0.313334	-1.66764	3.97356	0
-0.662812	4.9524	-0.309074	-0.662812	4.9524	0
0.381645	4.95749	-0.308604	0.381645	4.95749	0
1.44479	4.99404	-0.331139	1.44479	4.99404	0
2.52248	5.012	-0.313064	2.52248	5.012	0
3.50493	5.03683	-0.330259	3.50493	5.03683	0
4.5448	4.98935	-0.31559	4.5448	4.98935	0
5.56402	4.93858	-0.317498	5.56402	4.93858	0
6.54078	4.94596	-0.313403	6.54078	4.94596	0
7.57074	4.88989	-0.317841	7.57074	4.88989	0
8.56887	4.91254	-0.323456	8.56887	4.91254	0
9.69335	4.94786	-0.296798	9.69335	4.94786	0
10.8345	4.94728	-0.309066	10.8345	4.94728	0
11.8274	4.98468	-0.308371	11.8274	4.98468	0
-10.9695	5.01277	-0.310622	-10.9695	5.01277	0
-9.90225	5.04622	-0.342831	-9.90225	5.04622	0
-8.87916	5.00395	-0.33574	-8.87916	5.00395	0
-7.81555	5.019	-0.305175	-7.81555	5.019	0
-6.75297	5.00473	-0.320588	-6.75297	5.00473	0
-5.79315	5.04465	-0.304357	-5.79315	5.04465	0
-4.70781	4.97804	-0.34085	-4.70781	4.97804	0
-3.7173	4.97398	-0.320546	-3.7173	4.97398	0
-2.68345	4.95262	-0.326012	-2.68345	4.95262	0
-1.65176	5.03424	-0.336472	-1.65176	5.03424	0
-0.633129	5.99321	-0.298045	-0.633129	5.99321	0
0.355836	5.99355	-0.349542	0.355836	5.99355	0
1.52421	6.02288	-0.356255	1.52421	6.02288	0
2.48848	6.06636	-0.307668	2.48848	6.06636	0
3.54803	6.02142	-0.325249	3.54803	6.02142	0
4.54791	5.97444	-0.331203	4.54791	5.97444	0
5.58007	5.9686	-0.30803	5.58007	5.9686	0
6.56577	6.00041	-0.323047	6.56577	6.00041	0
7.60118	5.99089	-0.323156	7.60118	5.99089	0
8.61893	5.91315	-0.318827	8.61893	5.91315	0
9.70695	5.97198	-0.312464	9.70695	5.97198	0
10.7247	5.96521	-0.321786	10.7247	5.96521	0
11.7903	6.02778	-0.317394	11.7903	6.02778	0
-10.8925	6.11713	-0.32295	-10.8925	6.11713	0
-9.89245	6.0678	-0.263465	-9.89245	6.0678	0
-8.89829	6.01	-0.325638	-8.89829	6.01	0
-7.86138	6.05224	-0.307437	-7.86138	6.05224	0
-6.79421	6.06372	-0.320104	-6.79421	6.06372	0
-5.78359	6.07204	-0.3423	-5.78359	6.07204	0
-4.77007	6.02237	-0.320974	-4.77007	6.02237	0
-3.73701	6.01859	-0.344734	-3.73701	6.01859	0
-2.68562	6.005	-0.310712	-2.68562	6.005	0
-1.69522	6.02594	-0.311935	-1.69522	6.02594	0
-0.589869	7.02074	-0.287435	-0.589869	7.02074	0
0.433084	6.99953	-0.312836	0.433084	6.99953	0
1.45172	7.05359	-0.318519	1.45172	7.05359	0
2.44209	7.07922	-0.315388	2.44209	7.07922	0
3.42705	7.07775	-0.326177	3.42705	7.07775	0
4.55863	6.98082	-0.328905	4.55863	6.98082	0
5.58204	6.98561	-0.328814	5.58204	6.98561	0
6.62395	7.02532	-0.303113	6.62395	7.02532	0
7.62	7.02877	-0.327313	7.62	7.02877	0
8.67867	6.94884	-0.2977	8.67867	6.94884	0
9.68178	6.96675	-0.302858	9.68178	6.96675	0
10.7256	6.9922	-0.330002	10.7256	6.9922	0
11.752	7.06324	-0.328132	11.752	7.06324	0
-11.0032	7.12701	-0.320629	-11.0032	7.12701	0
-9.99914	7.0354	-0.28977	-9.99914	7.0354	0
-8.89659	7.08903	-0.335476	-8.89659	7.08903	0
-7.86627	7.12137	-0.297059	-7.86627	7.12137	0
-6.79986	7.05716	-0.336154	-6.79986	7.05716	0
-5.75173	7.08569	-0.343985	-5.75173	7.08569	0
-4.73208	7.08443	-0.312655	-4.73208	7.08443	0
-3.72954	7.03704	-0.31146	-3.72954	7.03704	0
-2.71742	7.06633	-0.334213	-2.71742	7.06633	0
-1.64501	7.03574	-0.309281	-1.64501	7.03574	0
-0.613821	8.1116	-0.319672	-0.613821	8.1116	0
0.470158	8.134	-0.301264	0.470158	8.134	0
1.44605	8.12039	-0.309399	1.44605	8.12039	0
2.43045	8.15821	-0.327077	2.43045	8.15821	0
3.48222	8.12372	-0.300737	3.48222	8.12372	0
4.52359	8.07824	-0.346397	4.52359	8.07824	0
5.55832	8.11308	-0.330689	5.55832	8.11308	0
6.61223	8.06609	-0.28949	6.61223	8.06609	0
7.60656	8.03544	-0.314207	7.60656	8.03544	0
8.65024	8.00964	-0.311464	8.65024	8.00964	0
9.7044	8.04502	-0.310917	9.7044	8.04502	0
10.7323	7.98222	-0.317228	10.7323	7.98222	0
11.7329	8.10286	-0.312901	11.7329	8.10286	0
-11.036	8.09341	-0.299802	-11.036	8.09341	0
-9.97524	8.13728	-0.317912	-9.97524	8.13728	0
-8.85015	8.08032	-0.319502	-8.85015	8.08032	0
-7.77708	8.17678	-0.335815	-7.77708	8.17678	0
-6.74661	8.14947	-0.32168	-6.74661	8.14947	0
-5.77852	8.11224	-0.327027	-5.77852	8.11224	0
-4.79453	8.13532	-0.322008	-4.79453	8.13532	0
-3.80389	8.06934	-0.310588	-3.80389	8.06934	0
-2.69359	8.14951	-0.299608	-2.69359	8.14951	0
-1.67552	8.09423	-0.314589	-1.67552	8.09423	0
-0.632396	9.15767	-0.329488	-0.632396	9.15767	0
0.399495	9.20013	-0.329583	0.399495	9.20013	0
1.42352	9.21113	-0.324483	1.42352	9.21113	0
2.4212	9.1875	-0.326863	2.4212	9.1875	0
3.47424	9.0828	-0.308344	3.47424	9.0828	0
4.47797	9.10207	-0.314629	4.47797	9.10207	0
5.54453	9.10532	-0.328247	5.54453	9.10532	0
6.56988	9.13679	-0.327274	6.56988	9.13679	0
7.61835	9.09307	-0.327453	7.61835	9.09307	0
8.63629	9.0155	-0.307627	8.63629	9.0155	0
9.66758	9.01727	-0.286257	9.66758	9.01727	0
10.6821	9.15323	-0.318509	10.6821	9.15323	0
11.7131	9.09364	-0.32526	11.7131	9.09364	0
-11.0226	9.11009	-0.299412	-11.0226	9.11009	0
-9.94878	9.15806	-0.323521	-9.94878	9.15806	0
-8.91368	9.16879	-0.31941	-8.91368	9.16879	0
-7.85609	9.19644	-0.334389	-7.85609	9.19644	0
-6.87624	9.11178	-0.340449	-6.87624	9.11178	0
-5.82121	9.15214	-0.321607	-5.82121	9.15214	0
-4.74367	9.17361	-0.328267	-4.74367	9.17361	0
-3.69145	9.12624	-0.30044	-3.69145	9.12624	0
-2.65594	9.12133	-0.312517	-2.65594	9.12133	0
-1.64937	9.1062	-0.321274	-1.64937	9.1062	0
-0.656857	10.1891	-0.314011	-0.656857	10.1891	0
0.391149	10.2057	-0.311257	0.391149	10.2057	0
1.42738	10.2218	-0.333244	1.42738	10.2218	0
2.46735	10.2558	-0.332556	2.46735	10.2558	0
3.53453	10.1524	-0.339389	3.53453	10.1524	0
4.51532	10.1649	-0.330743	4.51532	10.1649	0
5.54639	10.1644	-0.318152	5.54639	10.1644	0
6.56876	10.1536	-0.302912	6.56876	10.1536	0
7.60266	10.1077	-0.307773	7.60266	10.1077	0
8.629	10.093	-0.305274	8.629	10.093	0
9.68479	10.0927	-0.32623	9.68479	10.0927	0
10.7245	10.0884	-0.330676	10.7245	10.0884	0
11.6963	10.1196	-0.315135	11.6963	10.1196	0
-11.0128	10.1566	-0.346353	-11.0128	10.1566	0
-9.96082	10.2491	-0.319632	-9.96082	10.2491	0
-8.95699	10.1789	-0.309219	-8.95699	10.1789	0
-7.9331	10.1871	-0.338163	-7.9331	10.1871	0
-6.85025	10.212	-0.345603	-6.85025	10.212	0
-5.86575	10.2392	-0.337754	-5.86575	10.2392	0
-4.80515	10.1703	-0.325648	-4.80515	10.1703	0
-3.75556	10.1582	-0.326575	-3.75556	10.1582	0
-2.67327	10.1538	-0.324145	-2.67327	10.1538	0
-1.61181	10.1429	-0.300338	-1.61181	10.1429	0
-0.678734	11.2012	-0.315117	-0.678734	11.2012	0
0.457016	11.231	-0.316183	0.457016	11.231	0
1.44241	11.2512	-0.325616	1.44241	11.2512	0
2.50645	11.2443	-0.34617	2.50645	11.2443	0
3.57619	11.2727	-0.327416	3.57619	11.2727	0
4.57872	11.1943	-0.320236	4.57872	11.1943	0
5.55523	11.1624	-0.297909	5.55523	11.1624	0
6.62917	11.2004	-0.32493	6.62917	11.2004	0
7.6575	11.136	-0.331352	7.6575	11.136	0
8.69695	11.1723	-0.337325	8.69695	11.1723	0
9.67769	11.1147	-0.296832	9.67769	11.1147	0
10.6952	11.1584	-0.319997	10.6952	11.1584	0
11.6989	11.1248	-0.297755	11.6989	11.1248	0
-11.053	11.2254	-0.286493	-11.053	11.2254	0
-9.96285	11.2652	-0.352023	-9.96285	11.2652	0
-8.94695	11.1773	-0.323352	-8.94695	11.1773	0
-7.91751	11.1976	-0.301812	-7.91751	11.1976	0
-6.88125	11.2044	-0.331081	-6.88125	11.2044	0
-5.81743	11.2108	-0.301055	-5.81743	11.2108	0
-4.81456	11.1842	-0.304588	-4.81456	11.1842	0
-3.76232	11.1851	-0.320052	-3.76232	11.1851	0
-2.75722	11.1711	-0.284311	-2.75722	11.1711	0
-1.71719	11.2375	-0.328681	-1.71719	11.2375	0
-0.645476	-11.5598	-0.321027	-0.645476	-11.5598	0
0.374216	-11.5364	-0.311372	0.374216	-11.5364	0
1.43249	-11.4894	-0.317682	1.43249	-11.4894	0
2.47334	-11.4858	-0.336868	2.47334	-11.4858	0
3.50263	-11.5002	-0.345289	3.50263	-11.5002	0
4.58784	-11.5582	-0.359581	4.58784	-11.5582	0
5.58255	-11.5848	-0.32278	5.58255	-11.5848	0
6.58081	-11.5507	-0.312964	6.58081	-11.5507	0
7.61226	-11.5941	-0.304496	7.61226	-11.5941	0
8.62659	-11.5743	-0.30453	8.62659	-11.5743	0
9.66165	-11.5783	-0.32593	9.66165	-11.5783	0
10.7127	-11.5779	-0.317488	10.7127	-11.5779	0
11.7834	-11.6121	-0.317822	11.7834	-11.6121	0
-10.979	-11.5566	-0.326459	-10.979	-11.5566	0
-9.99282	-11.4996	-0.304171	-9.99282	-11.4996	0
-8.9444	-11.5099	-0.327689	-8.9444	-11.5099	0
-7.89615	-11.5373	-0.324733	-7.89615	-11.5373	0
-6.87393	-11.5231	-0.307663	-6.87393	-11.5231	0
-5.87244	-11.5429	-0.284659	-5.87244	-11.5429	0
-4.81333	-11.5948	-0.33492	-4.81333	-11.5948	0
-3.818	-11.6058	-0.309932	-3.818	-11.6058	0
-2.7867	-11.5358	-0.336645	-2.7867	-11.5358	0
-1.6786	-11.5199	-0.320678	-1.6786	-11.5199	0
-0.700962	-10.5018	-0.310456	-0.700962	-10.5018	0
0.259056	-10.4571	-0.321141	0.259056	-10.4571	0
1.36478	-10.4542	-0.329303	1.36478	-10.4542	0
2.40424	-10.5354	-0.326723	2.40424	-10.5354	0
3.51698	-10.4537	-0.337792	3.51698	-10.4537	0
4.53479	-10.4981	-0.309742	4.53479	-10.4981	0
5.54969	-10.5653	-0.26552	5.54969	-10.5653	0
6.54576	-10.5544	-0.297769	6.54576	-10.5544	0
7.63287	-10.572	-0.302684	7.63287	-10.572	0
8.65844	-10.5071	-0.300757	8.65844	-10.5071	0
9.62553	-10.5586	-0.310582	9.62553	-10.5586	0
10.6838	-10.5298	-0.307165	10.6838	-10.5298	0
11.7041	-10.5824	-0.32133	11.7041	-10.5824	0
-11.012	-10.5361	-0.282956	-11.012	-10.5361	0
-9.9683	-10.4507	-0.314891	-9.9683	-10.4507	0
-8.8835	-10.5009	-0.340379	-8.8835	-10.5009	0
-7.90577	-10.5204	-0.323403	-7.90577	-10.5204	0
-6.86083	-10.5388	-0.348044	-6.86083	-10.5388	0
-5.84911	-10.5821	-0.307144	-5.84911	-10.5821	0
-4.8507	-10.563	-0.307384	-4.8507	-10.563	0
-3.81458	-10.5764	-0.330302	-3.81458	-10.5764	0
-2.78707	-10.4937	-0.322953	-2.78707	-10.4937	0
-1.71961	-10.5344	-0.309767	-1.71961	-10.5344	0
-0.702925	-9.48634	-0.306824	-0.702925	-9.48634	0
0.341533	-9.44729	-0.319981	0.341533	-9.44729	0
1.36735	-9.43056	-0.308278	1.36735	-9.43056	0
2.41807	-9.49708	-0.325317	2.41807	-9.49708	0
3.48734	-9.42911	-0.313812	3.48734	-9.42911	0
4.52726	-9.45704	-0.314327	4.52726	-9.45704	0
5.53364	-9.5836	-0.321644	5.53364	-9.5836	0
6.63645	-9.54491	-0.326056	6.63645	-9.54491	0
7.68875	-9.54627	-0.314188	7.68875	-9.54627	0
8.71244	-9.47259	-0.289841	8.71244	-9.47259	0
9.74678	-9.50071	-0.331501	9.74678	-9.50071	0
10.7452	-9.51542	-0.311404	10.7452	-9.51542	0
11.7287	-9.52996	-0.328282	11.7287	-9.52996	0
-11.0239	-9.52193	-0.301536	-11.0239	-9.52193	0
-9.97305	-9.43165	-0.3242	-9.97305	-9.43165	0
-8.90355	-9.43474	-0.298186	-8.90355	-9.43474	0
-7.87544	-9.49276	-0.313284	-7.87544	-9.49276	0
-6.82661	-9.51338	-0.319669	-6.82661	-9.51338	0
-5.82296	-9.50126	-0.324666	-5.82296	-9.50126	0
-4.82245	-9.45536	-0.290951	-4.82245	-9.45536	0
-3.85104	-9.51144	-0.293794	-3.85104	-9.51144	0
-2.78498	-9.44773	-0.332726	-2.78498	-9.44773	0
-1.72163	-9.43769	-0.31632	-1.72163	-9.43769	0
-0.61257	-8.35291	-0.348701	-0.61257	-8.35291	0
0.374562	-8.4377	-0.305907	0.374562	-8.4377	0
1.39384	-8.45602	-0.332263	1.39384	-8.45602	0
2.41842	-8.46693	-0.315092	2.41842	-8.46693	0
3.43867	-8.4076	-0.30346	3.43867	-8.4076	0
4.55764	-8.46462	-0.301986	4.55764	-8.46462	0
5.5707	-8.54951	-0.338625	5.5707	-8.54951	0
6.58915	-8.55238	-0.302271	6.58915	-8.55238	0
7.60738	-8.49629	-0.303183	7.60738	-8.49629	0
8.63961	-8.44993	-0.312039	8.63961	-8.44993	0
9.67235	-8.46379	-0.333537	9.67235	-8.46379	0
10.7306	-8.51846	-0.328061	10.7306	-8.51846	0
11.7247	-8.47197	-0.331176	11.7247	-8.47197	0
-10.9635	-8.48408	-0.304875	-10.9635	-8.48408	0
-9.98971	-8.44198	-0.304539	-9.98971	-8.44198	0
-8.92652	-8.44656	-0.317903	-8.92652	-8.44656	0
-7.85009	-8.4578	-0.334191	-7.85009	-8.4578	0
-6.85834	-8.47113	-0.301294	-6.85834	-8.47113	0
-5.77092	-8.45625	-0.331505	-5.77092	-8.45625	0
-4.78291	-8.4252	-0.339772	-4.78291	-8.4252	0
-3.76987	-8.52678	-0.3427	-3.76987	-8.52678	0
-2.69866	-8.42346	-0.323069	-2.69866	-8.42346	0
-1.70026	-8.47653	-0.317972	-1.70026	-8.47653	0
-0.605598	-7.34493	-0.337202	-0.605598	-7.34493	0
0.393533	-7.36339	-0.339754	0.393533	-7.36339	0
1.42953	-7.45831	-0.333359	1.42953	-7.45831	0
2.44627	-7.45245	-0.311045	2.44627	-7.45245	0
3.44519	-7.38744	-0.347654	3.44519	-7.38744	0
4.52164	-7.49384	-0.305185	4.52164	-7.49384	0
5.60165	-7.49237	-0.291447	5.60165	-7.49237	0
6.58152	-7.47657	-0.304986	6.58152	-7.47657	0
7.63214	-7.44835	-0.314949	7.63214	-7.44835	0
8.65357	-7.44951	-0.305109	8.65357	-7.44951	0
9.68162	-7.44817	-0.284171	9.68162	-7.44817	0
10.7225	-7.44552	-0.298351	10.7225	-7.44552	0
11.7428	-7.45049	-0.320558	11.7428	-7.45049	0
-11.0216	-7.41723	-0.299993	-11.0216	-7.41723	0
-9.99243	-7.43686	-0.301685	-9.99243	-7.43686	0
-8.93171	-7.46624	-0.30745	-8.93171	-7.46624	0
-7.8593	-7.37942	-0.308187	-7.8593	-7.37942	0
-6.81625	-7.4323	-0.314143	-6.81625	-7.4323	0
-5.78976	-7.40233	-0.282788	-5.78976	-7.40233	0
-4.82026	-7.40478	-0.330533	-4.82026	-7.40478	0
-3.77992	-7.43102	-0.335077	-3.77992	-7.43102	0
-2.66448	-7.42519	-0.309722	-2.66448	-7.42519	0
-1.60953	-7.39993	-0.305754	-1.60953	-7.39993	0
-0.661395	-6.38566	-0.293759	-0.661395	-6.38566	0
0.363085	-6.35905	-0.301029	0.363085	-6.35905	0
1.42044	-6.40447	-0.335026	1.42044	-6.40447	0
2.50236	-6.4025	-0.332109	2.50236	-6.4025	0
3.49446	-6.40065	-0.323286	3.49446	-6.40065	0
4.49708	-6.37928	-0.316774	4.49708	-6.37928	0
5.56803	-6.45404	-0.325661	5.56803	-6.45404	0
6.566	-6.4354	-0.338282	6.566	-6.4354	0
7.59672	-6.43701	-0.309771	7.59672	-6.43701	0
8.66069	-6.40933	-0.313053	8.66069	-6.40933	0
9.67824	-6.40736	-0.317153	9.67824	-6.40736	0
10.7323	-6.41422	-0.330577	10.7323	-6.41422	0
11.7473	-6.39683	-0.321886	11.7473	-6.39683	0
-11.0041	-6.31372	-0.302388	-11.0041	-6.31372	0
-9.9235	-6.37806	-0.30902	-9.9235	-6.37806	0
-8.94571	-6.39361	-0.327702	-8.94571	-6.39361	0
-7.85467	-6.39162	-0.319762	-7.85467	-6.39162	0
-6.82091	-6.39548	-0.330847	-6.82091	-6.39548	0
-5.7527	-6.36721	-0.321957	-5.7527	-6.36721	0
-4.76702	-6.42382	-0.313679	-4.76702	-6.42382	0
-3.71157	-6.40989	-0.326115	-3.71157	-6.40989	0
-2.67396	-6.38659	-0.329264	-2.67396	-6.38659	0
-1.66116	-6.37713	-0.321767	-1.66116	-6.37713	0
-0.558594	-5.35785	-0.334328	-0.558594	-5.35785	0
0.468057	-5.32308	-0.284476	0.468057	-5.32308	0
1.42764	-5.3206	-0.308411	1.42764	-5.3206	0
2.47139	-5.4118	-0.311752	2.47139	-5.4118	0
3.54839	-5.37209	-0.331816	3.54839	-5.37209	0
4.50046	-5.37317	-0.29488	4.50046	-5.37317	0
5.51842	-5.3712	-0.301071	5.51842	-5.3712	0
6.54051	-5.35691	-0.315363	6.54051	-5.35691	0
7.5851	-5.39286	-0.311572	7.5851	-5.39286	0
8.65709	-5.36557	-0.29563	8.65709	-5.36557	0
9.6754	-5.33473	-0.319672	9.6754	-5.33473	0
10.6985	-5.38713	-0.32289	10.6985	-5.38713	0
11.8355	-5.35227	-0.341335	11.8355	-5.35227	0
-10.9771	-5.32934	-0.296007	-10.9771	-5.32934	0
-9.9829	-5.3473	-0.332099	-9.9829	-5.3473	0
-8.9198	-5.3319	-0.324789	-8.9198	-5.3319	0
-7.86672	-5.37303	-0.339383	-7.86672	-5.37303	0
-6.84887	-5.34733	-0.313337	-6.84887	-5.34733	0
-5.79531	-5.33467	-0.303469	-5.79531	-5.33467	0
-4.77588	-5.31298	-0.334164	-4.77588	-5.31298	0
-3.72453	-5.36535	-0.279983	-3.72453	-5.36535	0
-2.67217	-5.32348	-0.33159	-2.67217	-5.32348	0
-1.6853	-5.34285	-0.309582	-1.6853	-5.34285	0
-0.629374	-4.26661	-0.320021	-0.629374	-4.26661	0
0.405741	-4.24931	-0.309943	0.405741	-4.24931	0
1.42833	-4.26099	-0.335132	1.42833	-4.26099	0
2.50414	-4.38314	-0.320952	2.50414	-4.38314	0
3.48578	-4.31775	-0.292226	3.48578	-4.31775	0
4.48221	-4.37536	-0.319581	4.48221	-4.37536	0
5.48505	-4.38711	-0.329128	5.48505	-4.38711	0
6.53428	-4.34892	-0.335671	6.53428	-4.34892	0
7.59094	-4.34753	-0.333669	7.59094	-4.34753	0
8.60993	-4.3583	-0.279596	8.60993	-4.3583	0
9.6365	-4.32628	-0.312158	9.6365	-4.32628	0
10.7101	-4.32717	-0.294788	10.7101	-4.32717	0
11.7192	-4.35066	-0.345715	11.7192	-4.35066	0
-11.0076	-4.27579	-0.316326	-11.0076	-4.27579	0
-9.90117	-4.29733	-0.332007	-9.90117	-4.29733	0
-8.89401	-4.28531	-0.35139	-8.89401	-4.28531	0
-7.88729	-4.32942	-0.323604	-7.88729	-4.32942	0
-6.87732	-4.33555	-0.295587	-6.87732	-4.33555	0
-5.83992	-4.28575	-0.317991	-5.83992	-4.28575	0
-4.77232	-4.32896	-0.316835	-4.77232	-4.32896	0
-3.69448	-4.31422	-0.306441	-3.69448	-4.31422	0
-2.69302	-4.3078	-0.359495	-2.69302	-4.3078	0
-1.63557	-4.38132	-0.301836	-1.63557	-4.38132	0
-0.700238	-3.25007	-0.306886	-0.700238	-3.25007	0
0.361826	-3.25774	-0.306408	0.361826	-3.25774	0
1.45603	-3.25065	-0.316152	1.45603	-3.25065	0
2.47451	-3.31709	-0.337948	2.47451	-3.31709	0
3.42371	-3.22551	-0.315316	3.42371	-3.22551	0
4.4633	-3.28401	-0.307355	4.4633	-3.28401	0
5.51587	-3.32257	-0.32417	5.51587	-3.32257	0
6.53609	-3.2487	-0.294094	6.53609	-3.2487	0
7.63506	-3.30599	-0.336093	7.63506	-3.30599	0
8.59955	-3.31556	-0.305256	8.59955	-3.31556	0
9.63449	-3.34805	-0.303811	9.63449	-3.34805	0
10.7091	-3.36015	-0.339737	10.7091	-3.36015	0
11.7577	-3.28295	-0.344885	11.7577	-3.28295	0
-11.0099	-3.28576	-0.329671	-11.0099	-3.28576	0
-9.946	-3.30239	-0.314446	-9.946	-3.30239	0
-8.91089	-3.2783	-0.304033	-8.91089	-3.2783	0
-7.88913	-3.28322	-0.298117	-7.88913	-3.28322	0
-6.82201	-3.30059	-0.325573	-6.82201	-3.30059	0
-5.80922	-3.28468	-0.329843	-5.80922	-3.28468	0
-4.80006	-3.25824	-0.291224	-4.80006	-3.25824	0
-3.74206	-3.32044	-0.32325	-3.74206	-3.32044	0
-2.65415	-3.2708	-0.315101	-2.65415	-3.2708	0
-1.64073	-3.23521	-0.31008	-1.64073	-3.23521	0
-0.67949	-2.2222	-0.306401	-0.67949	-2.2222	0
0.40554	-2.25929	-0.30585	0.40554	-2.25929	0
1.39219	-2.17563	-0.310665	1.39219	-2.17563	0
2.4275	-2.2042	-0.335967	2.4275	-2.2042	0
3.43013	-2.20818	-0.318386	3.43013	-2.20818	0
4.45724	-2.3004	-0.325337	4.45724	-2.3004	0
5.46045	-2.27342	-0.329224	5.46045	-2.27342	0
6.5143	-2.25593	-0.303772	6.5143	-2.25593	0
7.55235	-2.22615	-0.317185	7.55235	-2.22615	0
8.62596	-2.2969	-0.299035	8.62596	-2.2969	0
9.66275	-2.24886	-0.327087	9.66275	-2.24886	0
10.6853	-2.30635	-0.298771	10.6853	-2.30635	0
11.6982	-2.25216	-0.329278	11.6982	-2.25216	0
-11.0124	-2.32048	-0.295632	-11.0124	-2.32048	0
-9.99324	-2.21781	-0.306611	-9.99324	-2.21781	0
-8.9594	-2.25058	-0.323525	-8.9594	-2.25058	0
-7.84712	-2.23119	-0.320003	-7.84712	-2.23119	0
-6.83487	-2.2297	-0.310348	-6.83487	-2.2297	0
-5.79328	-2.26926	-0.343667	-5.79328	-2.26926	0
-4.77197	-2.20926	-0.321919	-4.77197	-2.20926	0
-3.7301	-2.2327	-0.306112	-3.7301	-2.2327	0
-2.68805	-2.28321	-0.321335	-2.68805	-2.28321	0
-1.72685	-2.19407	-0.310421	-1.72685	-2.19407	0
-0.692844	-1.17276	-0.321627	-0.692844	-1.17276	0
0.315206	-1.16487	-0.320472	0.315206	-1.16487	0
1.40468	-1.12345	-0.341208	1.40468	-1.12345	0
2.48779	-1.14809	-0.313709	2.48779	-1.14809	0
3.44059	-1.19314	-0.300774	3.44059	-1.19314	0
4.47493	-1.16088	-0.328589	4.47493	-1.16088	0
5.52207	-1.25653	-0.346036	5.52207	-1.25653	0
6.5295	-1.21428	-0.298793	6.5295	-1.21428	0
7.53515	-1.21597	-0.294074	7.53515	-1.21597	0
8.65481	-1.21822	-0.329089	8.65481	-1.21822	0
9.68582	-1.1848	-0.324425	9.68582	-1.1848	0
10.7118	-1.2956	-0.295397	10.7118	-1.2956	0
11.7392	-1.22965	-0.311852	11.7392	-1.22965	0
-10.981	-1.15589	-0.341129	-10.981	-1.15589	0
-9.90508	-1.17264	-0.335116	-9.90508	-1.17264	0
-8.84261	-1.18668	-0.331455	-8.84261	-1.18668	0
-7.84286	-1.22972	-0.293781	-7.84286	-1.22972	0
-6.80438	-1.21691	-0.313479	-6.80438	-1.21691	0
-5.81018	-1.21156	-0.305466	-5.81018	-1.21156	0
-4.81171	-1.11448	-0.328984	-4.81171	-1.11448	0
-3.80371	-1.25697	-0.292908	-3.80371	-1.25697	0
-2.78395	-1.31022	-0.337879	-2.78395	-1.31022	0
-1.74503	-1.25259	-0.330553	-1.74503	-1.25259	0
-0.0918844	0.374732	0.300485	-0.0918844	0.374732	0
0.999842	0.398294	0.319646	0.999842	0.398294	0
1.96999	0.388205	0.326076	1.96999	0.388205	0
3.02811	0.397385	0.336876	3.02811	0.397385	0
4.04655	0.312712	0.324692	4.04655	0.312712	0
5.08284	0.355786	0.301685	5.08284	0.355786	0
6.06827	0.310602	0.306102	6.06827	0.310602	0
7.12916	0.301756	0.322841	7.12916	0.301756	0
8.13785	0.30219	0.294532	8.13785	0.30219	0
9.19229	0.287872	0.314087	9.19229	0.287872	0
10.2105	0.317076	0.314421	10.2105	0.317076	0
11.2567	0.287313	0.330493	11.2567	0.287313	0
-11.4936	0.318574	0.315964	-11.4936	0.318574	0
-10.443	0.2906	0.325761	-10.443	0.2906	0
-9.4162	0.34433	0.274905	-9.4162	0.34433	0
-8.44728	0.372735	0.329805	-8.44728	0.372735	0
-7.41139	0.308603	0.297494	-7.41139	0.308603	0
-6.29862	0.344824	0.322974	-6.29862	0.344824	0
-5.30783	0.361833	0.319341	-5.30783	0.361833	0
-4.28082	0.343656	0.325281	-4.28082	0.343656	0
-3.20086	0.267971	0.289172	-3.20086	0.267971	0
-2.18214	0.323229	0.311359	-2.18214	0.323229	0
-1.16678	0.34278	0.344668	-1.16678	0.34278	0
-0.114971	1.36045	0.299163	-0.114971	1.36045	0
0.945548	1.39504	0.300041	0.945548	1.39504	0
1.96416	1.36883	0.317293	1.96416	1.36883	0
2.96554	1.39526	0.319555	2.96554	1.39526	0
3.97994	1.4147	0.306458	3.97994	1.4147	0
5.03683	1.4036	0.336166	5.03683	1.4036	0
6.11231	1.33842	0.33467	6.11231	1.33842	0
7.1683	1.36516	0.336986	7.1683	1.36516	0
8.12647	1.30149	0.334697	8.12647	1.30149	0
9.18014	1.31915	0.326336	9.18014	1.31915	0
10.2665	1.33193	0.311461	10.2665	1.33193	0
11.3204	1.31314	0.34043	11.3204	1.31314	0
-11.4384	1.35649	0.302338	-11.4384	1.35649	0
-10.4154	1.36999	0.325503	-10.4154	1.36999	0
-9.43746	1.3758	0.298076	-9.43746	1.3758	0
-8.35877	1.45623	0.326291	-8.35877	1.45623	0
-7.33846	1.34585	0.319695	-7.33846	1.34585	0
-6.36179	1.37215	0.313663	-6.36179	1.37215	0
-5.30565	1.38369	0.30165	-5.30565	1.38369	0
-4.3197	1.32525	0.304002	-4.3197	1.32525	0
-3.26134	1.29123	0.323944	-3.26134	1.29123	0
-2.23936	1.32711	0.339576	-2.23936	1.32711	0
-1.18051	1.34101	0.343958	-1.18051	1.34101	0
-0.135225	2.39242	0.302414	-0.135225	2.39242	0
0.882156	2.39713	0.329066	0.882156	2.39713	0
1.94771	2.40022	0.340976	1.94771	2.40022	0
2.97265	2.50586	0.312746	2.97265	2.50586	0
4.01516	2.37398	0.315344	4.01516	2.37398	0
5.09461	2.39143	0.339526	5.09461	2.39143	0
6.138	2.2945	0.321514	6.138	2.2945	0
7.16274	2.37326	0.322127	7.16274	2.37326	0
8.24772	2.29394	0.33797	8.24772	2.29394	0
9.25074	2.36591	0.314573	9.25074	2.36591	0
10.2813	2.36017	0.298335	10.2813	2.36017	0
11.3347	2.39925	0.311561	11.3347	2.39925	0
-11.4774	2.35451	0.286696	-11.4774	2.35451	0
-10.4771	2.39758	0.323093	-10.4771	2.39758	0
-9.39859	2.39905	0.322543	-9.39859	2.39905	0
-8.33124	2.4257	0.339382	-8.33124	2.4257	0
-7.33476	2.40363	0.329707	-7.33476	2.40363	0
-6.28977	2.42453	0.29272	-6.28977	2.42453	0
-5.28349	2.43638	0.319749	-5.28349	2.43638	0
-4.23869	2.41126	0.315212	-4.23869	2.41126	0
-3.21964	2.39148	0.305625	-3.21964	2.39148	0
-2.22279	2.34665	0.314065	-2.22279	2.34665	0
-1.20962	2.40851	0.31456	-1.20962	2.40851	0
-0.0742979	3.43886	0.31151	-0.0742979	3.43886	0
0.990158	3.38816	0.317707	0.990158	3.38816	0
2.00318	3.46337	0.310696	2.00318	3.46337	0
3.0515	3.49504	0.296085	3.0515	3.49504	0
4.05341	3.44435	0.289104	4.05341	3.44435	0
5.07468	3.42345	0.330725	5.07468	3.42345	0
6.06747	3.37889	0.303413	6.06747	3.37889	0
7.12603	3.35378	0.331986	7.12603	3.35378	0
8.21822	3.29675	0.332687	8.21822	3.29675	0
9.24975	3.42053	0.309298	9.24975	3.42053	0
10.2593	3.45566	0.291564	10.2593	3.45566	0
11.3459	3.43047	0.32242	11.3459	3.43047	0
-11.458	3.36017	0.301711	-11.458	3.36017	0
-10.447	3.47636	0.305988	-10.447	3.47636	0
-9.43737	3.40686	0.320492	-9.43737	3.40686	0
-8.38566	3.46243	0.3139	-8.38566	3.46243	0
-7.27639	3.45553	0.3134	-7.27639	3.45553	0
-6.32175	3.47217	0.307059	-6.32175	3.47217	0
-5.24197	3.48107	0.338973	-5.24197	3.48107	0
-4.14451	3.42998	0.316642	-4.14451	3.42998	0
-3.19917	3.42873	0.292015	-3.19917	3.42873	0
-2.1796	3.47225	0.303813	-2.1796	3.47225	0
-1.12766	3.44718	0.318062	-1.12766	3.44718	0
-0.0946431	4.48166	0.317513	-0.0946431	4.48166	0
0.922891	4.47008	0.307963	0.922891	4.47008	0
1.91624	4.52502	0.331099	1.91624	4.52502	0
3.05698	4.47054	0.316037	3.05698	4.47054	0
4.05254	4.5051	0.302112	4.05254	4.5051	0
5.03424	4.47844	0.326989	5.03424	4.47844	0
6.07603	4.34919	0.317392	6.07603	4.34919	0
7.12953	4.39725	0.31943	7.12953	4.39725	0
8.1243	4.4097	0.32222	8.1243	4.4097	0
9.14686	4.44668	0.313525	9.14686	4.44668	0
10.2445	4.45572	0.295239	10.2445	4.45572	0
11.3078	4.44724	0.332244	11.3078	4.44724	0
-11.4264	4.41948	0.318678	-11.4264	4.41948	0
-10.4376	4.52999	0.313494	-10.4376	4.52999	0
-9.41809	4.50879	0.326639	-9.41809	4.50879	0
-8.3355	4.50223	0.328321	-8.3355	4.50223	0
-7.30298	4.48829	0.329744	-7.30298	4.48829	0
-6.28951	4.53897	0.33048	-6.28951	4.53897	0
-5.23149	4.49271	0.304233	-5.23149	4.49271	0
-4.13103	4.47673	0.340219	-4.13103	4.47673	0
-3.14083	4.49353	0.345375	-3.14083	4.49353	0
-2.12811	4.5484	0.327977	-2.12811	4.5484	0
-1.12992	4.41812	0.3145	-1.12992	4.41812	0
-0.13359	5.46178	0.337491	-0.13359	5.46178	0
0.926634	5.52312	0.2748	0.926634	5.52312	0
1.95596	5.49713	0.318981	1.95596	5.49713	0
3.00138	5.53559	0.333951	3.00138	5.53559	0
4.05527	5.533	0.331691	4.05527	5.533	0
5.07388	5.49264	0.294921	5.07388	5.49264	0
6.06401	5.47993	0.327174	6.06401	5.47993	0
7.08061	5.45813	0.300462	7.08061	5.45813	0
8.06533	5.4299	0.329183	8.06533	5.4299	0
9.15106	5.46147	0.298013	9.15106	5.46147	0
10.2364	5.43558	0.293857	10.2364	5.43558	0
11.2453	5.52033	0.312786	11.2453	5.52033	0
-11.4705	5.51589	0.310576	-11.4705	5.51589	0
-10.455	5.55788	0.329234	-10.455	5.55788	0
-9.40485	5.53417	0.325341	-9.40485	5.53417	0
-8.38152	5.53103	0.301711	-8.38152	5.53103	0
-7.29652	5.55992	0.323296	-7.29652	5.55992	0
-6.31924	5.58	0.322526	-6.31924	5.58	0
-5.20987	5.51812	0.317012	-5.20987	5.51812	0
-4.24829	5.52374	0.32827	-4.24829	5.52374	0
-3.17389	5.47768	0.288125	-3.17389	5.47768	0
-2.19187	5.5172	0.304196	-2.19187	5.5172	0
-1.17604	5.47184	0.320017	-1.17604	5.47184	0
-0.11179	6.49569	0.331629	-0.11179	6.49569	0
0.959593	6.51928	0.293302	0.959593	6.51928	0
1.98407	6.54829	0.339322	1.98407	6.54829	0
3.0208	6.59425	0.322781	3.0208	6.59425	0
4.00466	6.55921	0.33524	4.00466	6.55921	0
5.05625	6.55855	0.327052	5.05625	6.55855	0
6.10151	6.48354	0.33528	6.10151	6.48354	0
7.14159	6.51675	0.310559	7.14159	6.51675	0
8.12423	6.43053	0.304578	8.12423	6.43053	0
9.13568	6.43958	0.319758	9.13568	6.43958	0
10.214	6.46111	0.311555	10.214	6.46111	0
11.2159	6.516	0.335261	11.2159	6.516	0
-11.4552	6.54149	0.306923	-11.4552	6.54149	0
-10.4495	6.62288	0.339485	-10.4495	6.62288	0
-9.36765	6.5674	0.316801	-9.36765	6.5674	0
-8.35891	6.54489	0.305386	-8.35891	6.54489	0
-7.32786	6.5634	0.324806	-7.32786	6.5634	0
-6.22617	6.6337	0.313884	-6.22617	6.6337	0
-5.23177	6.53695	0.321314	-5.23177	6.53695	0
-4.24244	6.50734	0.310784	-4.24244	6.50734	0
-3.25045	6.47779	0.340394	-3.25045	6.47779	0
-2.2562	6.58366	0.288053	-2.2562	6.58366	0
-1.16003	6.52694	0.327155	-1.16003	6.52694	0
-0.0521258	7.55852	0.311287	-0.0521258	7.55852	0
0.920677	7.59977	0.293696	0.920677	7.59977	0
1.97529	7.67979	0.323969	1.97529	7.67979	0
2.94648	7.61965	0.319434	2.94648	7.61965	0
4.00958	7.54186	0.240322	4.00958	7.54186	0
5.07097	7.60058	0.289004	5.07097	7.60058	0
6.08357	7.51993	0.317566	6.08357	7.51993	0
7.12557	7.54585	0.311041	7.12557	7.54585	0
8.14408	7.44313	0.328021	8.14408	7.44313	0
9.17282	7.50313	0.322713	9.17282	7.50313	0
10.1797	7.49177	0.317435	10.1797	7.49177	0
11.2476	7.5632	0.340294	11.2476	7.5632	0
-11.5476	7.54218	0.283443	-11.5476	7.54218	0
-10.4917	7.64067	0.330311	-10.4917	7.64067	0
-9.48593	7.61225	0.288216	-9.48593	7.61225	0
-8.403	7.55535	0.325327	-8.403	7.55535	0
-7.33376	7.62314	0.297208	-7.33376	7.62314	0
-6.26717	7.61858	0.311606	-6.26717	7.61858	0
-5.29037	7.58922	0.323268	-5.29037	7.58922	0
-4.30197	7.60014	0.327286	-4.30197	7.60014	0
-3.21222	7.57891	0.298958	-3.21222	7.57891	0
-2.18371	7.61954	0.346468	-2.18371	7.61954	0
-1.10267	7.56441	0.324511	-1.10267	7.56441	0
-0.0980957	8.60077	0.299919	-0.0980957	8.60077	0
0.917328	8.71686	0.336577	0.917328	8.71686	0
1.91465	8.71019	0.288591	1.91465	8.71019	0
2.92858	8.67433	0.317936	2.92858	8.67433	0
4.01631	8.57017	0.322736	4.01631	8.57017	0
5.04951	8.63994	0.323866	5.04951	8.63994	0
6.0556	8.56954	0.321499	6.0556	8.56954	0
7.09307	8.59139	0.328294	7.09307	8.59139	0
8.11358	8.53918	0.325995	8.11358	8.53918	0
9.16033	8.54859	0.293852	9.16033	8.54859	0
10.2297	8.55125	0.33403	10.2297	8.55125	0
11.2261	8.61021	0.294294	11.2261	8.61021	0
-11.4814	8.55795	0.332607	-11.4814	8.55795	0
-10.4428	8.65599	0.300556	-10.4428	8.65599	0
-9.41958	8.59931	0.313158	-9.41958	8.59931	0
-8.37464	8.62872	0.29711	-8.37464	8.62872	0
-7.31581	8.66724	0.337208	-7.31581	8.66724	0
-6.30687	8.65671	0.322019	-6.30687	8.65671	0
-5.25909	8.67392	0.329277	-5.25909	8.67392	0
-4.24709	8.64537	0.336311	-4.24709	8.64537	0
-3.22222	8.61365	0.312599	-3.22222	8.61365	0
-2.17794	8.65039	0.34749	-2.17794	8.65039	0
-1.15566	8.62522	0.322986	-1.15566	8.62522	0
-0.124178	9.66375	0.343063	-0.124178	9.66375	0
0.869232	9.72798	0.303701	0.869232	9.72798	0
1.88035	9.73707	0.332182	1.88035	9.73707	0
2.95507	9.69525	0.323079	2.95507	9.69525	0
3.9719	9.60635	0.322005	3.9719	9.60635	0
4.96889	9.61221	0.323898	4.96889	9.61221	0
5.99707	9.61696	0.317276	5.99707	9.61696	0
7.05507	9.61326	0.314556	7.05507	9.61326	0
8.10731	9.58609	0.302963	8.10731	9.58609	0
9.159	9.63226	0.328863	9.159	9.63226	0
10.1837	9.60559	0.341592	10.1837	9.60559	0
11.175	9.59832	0.344113	11.175	9.59832	0
-11.555	9.64754	0.2945	-11.555	9.64754	0
-10.5008	9.71503	0.330989	-10.5008	9.71503	0
-9.47824	9.69703	0.305923	-9.47824	9.69703	0
-8.36925	9.65982	0.318559	-8.36925	9.65982	0
-7.3412	9.70142	0.331495	-7.3412	9.70142	0
-6.36734	9.68187	0.309926	-6.36734	9.68187	0
-5.3628	9.70197	0.303292	-5.3628	9.70197	0
-4.27315	9.6553	0.308597	-4.27315	9.6553	0
-3.22215	9.65866	0.332727	-3.22215	9.65866	0
-2.16447	9.69141	0.32991	-2.16447	9.69141	0
-1.16008	9.64647	0.315613	-1.16008	9.64647	0
-0.165989	10.6791	0.327218	-0.165989	10.6791	0
0.904986	10.7108	0.319828	0.904986	10.7108	0
1.96414	10.7216	0.301577	1.96414	10.7216	0
3.02984	10.7388	0.289427	3.02984	10.7388	0
4.04327	10.7614	0.292332	4.04327	10.7614	0
5.05225	10.6406	0.319713	5.05225	10.6406	0
6.10888	10.7158	0.327228	6.10888	10.7158	0
7.12816	10.6653	0.305146	7.12816	10.6653	0
8.1236	10.6163	0.288388	8.1236	10.6163	0
9.12838	10.6196	0.288713	9.12838	10.6196	0
10.1628	10.638	0.336938	10.1628	10.638	0
11.1693	10.6305	0.319296	11.1693	10.6305	0
-11.5023	10.6399	0.289995	-11.5023	10.6399	0
-10.4922	10.6937	0.309268	-10.4922	10.6937	0
-9.4596	10.7608	0.338643	-9.4596	10.7608	0
-8.38621	10.6946	0.30514	-8.38621	10.6946	0
-7.39855	10.6989	0.308972	-7.39855	10.6989	0
-6.38407	10.7026	0.305428	-6.38407	10.7026	0
-5.35184	10.6699	0.327475	-5.35184	10.6699	0
-4.27736	10.6805	0.295339	-4.27736	10.6805	0
-3.23987	10.6636	0.348188	-3.23987	10.6636	0
-2.2054	10.669	0.306369	-2.2054	10.669	0
-1.15255	10.7194	0.338451	-1.15255	10.7194	0
-0.0767655	11.707	0.300446	-0.0767655	11.707	0
0.91748	11.7784	0.336537	0.91748	11.7784	0
1.98864	11.7675	0.300604	1.98864	11.7675	0
3.031	11.7754	0.301031	3.031	11.7754	0
3.98348	11.7483	0.328973	3.98348	11.7483	0
5.06763	11.7396	0.305583	5.06763	11.7396	0
6.07862	11.7125	0.308245	6.07862	11.7125	0
7.18884	11.6904	0.316605	7.18884	11.6904	0
8.16623	11.6466	0.302602	8.16623	11.6466	0
9.17281	11.6322	0.27097	9.17281	11.6322	0
10.1901	11.7094	0.304939	10.1901	11.7094	0
11.1903	11.7085	0.312479	11.1903	11.7085	0
-11.565	11.6864	0.348234	-11.565	11.6864	0
-10.4539	11.7072	0.336254	-10.4539	11.7072	0
-9.4306	11.7483	0.312597	-9.4306	11.7483	0
-8.44201	11.7027	0.318094	-8.44201	11.7027	0
-7.38441	11.7412	0.318936	-7.38441	11.7412	0
-6.36433	11.72	0.312705	-6.36433	11.72	0
-5.34002	11.7606	0.331868	-5.34002	11.7606	0
-4.28187	11.6684	0.333866	-4.28187	11.6684	0
-3.28228	11.7629	0.329662	-3.28228	11.7629	0
-2.2522	11.7795	0.285058	-2.2522	11.7795	0
-1.19925	11.7346	0.339213	-1.19925	11.7346	0
-0.148267	-11.042	0.330314	-0.148267	-11.042	0
0.85517	-10.9622	0.29697	0.85517	-10.9622	0
1.89825	-10.9855	0.338526	1.89825	-10.9855	0
2.92783	-11.0011	0.312795	2.92783	-11.0011	0
3.98828	-11.0019	0.288877	3.98828	-11.0019	0
5.01259	-11.0761	0.348284	5.01259	-11.0761	0
6.08864	-11.0701	0.366191	6.08864	-11.0701	0
7.13121	-11.0731	0.303187	7.13121	-11.0731	0
8.13606	-11.0599	0.343166	8.13606	-11.0599	0
9.15464	-11.101	0.342696	9.15464	-11.101	0
10.1852	-11.0759	0.30721	10.1852	-11.0759	0
11.1876	-11.043	0.296528	11.1876	-11.043	0
-11.5348	-11.0905	0.330717	-11.5348	-11.0905	0
-10.5053	-10.9811	0.298813	-10.5053	-10.9811	0
-9.4616	-11.0484	0.334537	-9.4616	-11.0484	0
-8.43156	-11.0553	0.313651	-8.43156	-11.0553	0
-7.41163	-11.01	0.299737	-7.41163	-11.01	0
-6.4082	-11.0294	0.361271	-6.4082	-11.0294	0
-5.35134	-11.0473	0.328765	-5.35134	-11.0473	0
-4.30818	-11.0788	0.300793	-4.30818	-11.0788	0
-3.28403	-11.0442	0.320058	-3.28403	-11.0442	0
-2.23965	-11.0023	0.320812	-2.23965	-11.0023	0
-1.2003	-11.0078	0.322726	-1.2003	-11.0078	0
-0.197977	-9.94585	0.307613	-0.197977	-9.94585	0
0.857878	-9.96263	0.300267	0.857878	-9.96263	0
1.88455	-10.0073	0.298809	1.88455	-10.0073	0
2.9507	-9.99185	0.310704	2.9507	-9.99185	0
3.99113	-9.97762	0.327784	3.99113	-9.97762	0
4.97827	-10.0271	0.344677	4.97827	-10.0271	0
6.07831	-10.0551	0.337819	6.07831	-10.0551	0
7.12481	-10.0386	0.292155	7.12481	-10.0386	0
8.16991	-10.0285	0.345121	8.16991	-10.0285	0
9.22477	-10.0137	0.322209	9.22477	-10.0137	0
10.1811	-10.0309	0.330558	10.1811	-10.0309	0
11.2485	-10.0237	0.318312	11.2485	-10.0237	0
-11.5313	-10.0295	0.285648	-11.5313	-10.0295	0
-10.5021	-9.97641	0.330303	-10.5021	-9.97641	0
-9.43177	-9.98138	0.315801	-9.43177	-9.98138	0
-8.39431	-9.95907	0.313596	-8.39431	-9.95907	0
-7.3777	-10.0312	0.290166	-7.3777	-10.0312	0
-6.38755	-10.0245	0.334959	-6.38755	-10.0245	0
-5.34704	-10.0477	0.332777	-5.34704	-10.0477	0
-4.34664	-10.0706	0.318159	-4.34664	-10.0706	0
-3.30786	-10.0044	0.317194	-3.30786	-10.0044	0
-2.22939	-9.9418	0.304389	-2.22939	-9.9418	0
-1.24775	-9.97055	0.321067	-1.24775	-9.97055	0
-0.150398	-8.91084	0.301302	-0.150398	-8.91084	0
0.860369	-8.96994	0.312531	0.860369	-8.96994	0
1.92951	-8.95974	0.323702	1.92951	-8.95974	0
2.91992	-8.94413	0.314725	2.91992	-8.94413	0
4.02812	-8.92819	0.312299	4.02812	-8.92819	0
5.07056	-9.00792	0.325879	5.07056	-9.00792	0
6.06059	-9.05123	0.317765	6.06059	-9.05123	0
7.15915	-9.07366	0.321569	7.15915	-9.07366	0
8.19694	-8.98956	0.321325	8.19694	-8.98956	0
9.20073	-8.98661	0.314935	9.20073	-8.98661	0
10.262	-8.96031	0.330246	10.262	-8.96031	0
11.2706	-9.01142	0.338212	11.2706	-9.01142	0
-11.5157	-8.949	0.333599	-11.5157	-8.949	0
-10.4785	-8.996	0.33225	-10.4785	-8.996	0
-9.48343	-8.95369	0.310514	-9.48343	-8.95369	0
-8.37121	-8.93817	0.305728	-8.37121	-8.93817	0
-7.35941	-9.05652	0.333183	-7.35941	-9.05652	0
-6.34555	-9.00122	0.306841	-6.34555	-9.00122	0
-5.32393	-8.94282	0.308155	-5.32393	-8.94282	0
-4.29018	-8.91647	0.326647	-4.29018	-8.91647	0
-3.2406	-9.00102	0.323508	-3.2406	-9.00102	0
-2.21783	-8.92802	0.318904	-2.21783	-8.92802	0
-1.14997	-8.96544	0.303333	-1.14997	-8.96544	0
-0.0931584	-7.86669	0.304493	-0.0931584	-7.86669	0
0.922567	-7.94542	0.316338	0.922567	-7.94542	0
1.91098	-7.94663	0.328747	1.91098	-7.94663	0
2.93282	-7.91494	0.332225	2.93282	-7.91494	0
3.98489	-7.93533	0.325256	3.98489	-7.93533	0
5.09426	-7.98144	0.318746	5.09426	-7.98144	0
6.10642	-8.04432	0.311128	6.10642	-8.04432	0
7.12158	-8.00692	0.317468	7.12158	-8.00692	0
8.11518	-7.95157	0.314027	8.11518	-7.95157	0
9.15654	-7.95187	0.346005	9.15654	-7.95187	0
10.2426	-7.97707	0.2888	10.2426	-7.97707	0
11.2354	-7.9157	0.346659	11.2354	-7.9157	0
-11.5583	-7.95013	0.299419	-11.5583	-7.95013	0
-10.5025	-7.95168	0.309947	-10.5025	-7.95168	0
-9.42915	-7.96248	0.312224	-9.42915	-7.96248	0
-8.35341	-7.94161	0.318591	-8.35341	-7.94161	0
-7.32718	-7.95512	0.329693	-7.32718	-7.95512	0
-6.30023	-7.96451	0.323626	-6.30023	-7.96451	0
-5.25903	-7.96521	0.336441	-5.25903	-7.96521	0
-4.25432	-7.96467	0.321091	-4.25432	-7.96467	0
-3.24419	-7.95672	0.280736	-3.24419	-7.95672	0
-2.15156	-7.92293	0.316878	-2.15156	-7.92293	0
-1.14684	-7.94528	0.301975	-1.14684	-7.94528	0
-0.142962	-6.88214	0.305735	-0.142962	-6.88214	0
0.925489	-6.87425	0.33033	0.925489	-6.87425	0
1.96649	-6.94407	0.279604	1.96649	-6.94407	0
2.94295	-6.89603	0.335718	2.94295	-6.89603	0
4.02956	-6.91805	0.296283	4.02956	-6.91805	0
5.10285	-6.92321	0.311955	5.10285	-6.92321	0
6.09343	-6.98805	0.334292	6.09343	-6.98805	0
7.08405	-6.93768	0.323119	7.08405	-6.93768	0
8.14145	-6.9366	0.307906	8.14145	-6.9366	0
9.18969	-6.91453	0.331041	9.18969	-6.91453	0
10.1823	-6.91374	0.31528	10.1823	-6.91374	0
11.1967	-6.95428	0.334205	11.1967	-6.95428	0
-11.5189	-6.8571	0.289373	-11.5189	-6.8571	0
-10.487	-6.86837	0.294548	-10.487	-6.86837	0
-9.46108	-6.92335	0.319595	-9.46108	-6.92335	0
-8.3994	-6.90557	0.32635	-8.3994	-6.90557	0
-7.34226	-6.91489	0.33254	-7.34226	-6.91489	0
-6.34128	-6.88254	0.288778	-6.34128	-6.88254	0
-5.33488	-6.91029	0.324703	-5.33488	-6.91029	0
-4.21656	-6.93338	0.27944	-4.21656	-6.93338	0
-3.20921	-6.91478	0.326235	-3.20921	-6.91478	0
-2.19178	-6.85965	0.332103	-2.19178	-6.85965	0
-1.15767	-6.91659	0.325808	-1.15767	-6.91659	0
-0.0713107	-5.85741	0.335099	-0.0713107	-5.85741	0
0.996707	-5.84414	0.322019	0.996707	-5.84414	0
1.99686	-5.88299	0.310811	1.99686	-5.88299	0
2.98718	-5.86317	0.319702	2.98718	-5.86317	0
3.98497	-5.89723	0.324222	3.98497	-5.89723	0
5.03079	-5.89391	0.30792	5.03079	-5.89391	0
6.06395	-5.92897	0.310176	6.06395	-5.92897	0
7.05001	-5.86569	0.311851	7.05001	-5.86569	0
8.12543	-5.88662	0.315444	8.12543	-5.88662	0
9.16355	-5.88389	0.32265	9.16355	-5.88389	0
10.2474	-5.91981	0.29301	10.2474	-5.91981	0
11.2594	-5.85477	0.273973	11.2594	-5.85477	0
-11.5221	-5.84586	0.341752	-11.5221	-5.84586	0
-10.4706	-5.84502	0.328033	-10.4706	-5.84502	0
-9.44469	-5.89963	0.315102	-9.44469	-5.89963	0
-8.36412	-5.86632	0.28855	-8.36412	-5.86632	0
-7.29988	-5.88577	0.315205	-7.29988	-5.88577	0
-6.3262	-5.89267	0.31646	-6.3262	-5.89267	0
-5.22807	-5.86373	0.288348	-5.22807	-5.86373	0
-4.23766	-5.87609	0.316943	-4.23766	-5.87609	0
-3.194	-5.91411	0.317467	-3.194	-5.91411	0
-2.1765	-5.82734	0.30154	-2.1765	-5.82734	0
-1.16745	-5.83558	0.316969	-1.16745	-5.83558	0
-0.102592	-4.7694	0.322885	-0.102592	-4.7694	0
0.962439	-4.73916	0.319033	0.962439	-4.73916	0
1.99377	-4.83734	0.319065	1.99377	-4.83734	0
2.99679	-4.86575	0.324458	2.99679	-4.86575	0
3.99703	-4.81852	0.349255	3.99703	-4.81852	0
5.00978	-4.85717	0.347284	5.00978	-4.85717	0
6.0384	-4.87123	0.319441	6.0384	-4.87123	0
7.08672	-4.84621	0.322588	7.08672	-4.84621	0
8.11135	-4.86751	0.311857	8.11135	-4.86751	0
9.17604	-4.88715	0.335786	9.17604	-4.88715	0
10.1833	-4.83924	0.327875	10.1833	-4.83924	0
11.2308	-4.86949	0.30563	11.2308	-4.86949	0
-11.5088	-4.80135	0.319205	-11.5088	-4.80135	0
-10.4797	-4.80158	0.311694	-10.4797	-4.80158	0
-9.49579	-4.84736	0.326823	-9.49579	-4.84736	0
-8.40709	-4.80454	0.298577	-8.40709	-4.80454	0
-7.39905	-4.84676	0.311231	-7.39905	-4.84676	0
-6.34671	-4.85437	0.334122	-6.34671	-4.85437	0
-5.32331	-4.78538	0.30876	-5.32331	-4.78538	0
-4.22486	-4.81411	0.287442	-4.22486	-4.81411	0
-3.1872	-4.88138	0.334176	-3.1872	-4.88138	0
-2.16369	-4.84393	0.332148	-2.16369	-4.84393	0
-1.06676	-4.8527	0.267441	-1.06676	-4.8527	0
-0.136439	-3.78176	0.332738	-0.136439	-3.78176	0
0.91595	-3.73979	0.31879	0.91595	-3.73979	0
1.95908	-3.78585	0.328515	1.95908	-3.78585	0
2.95264	-3.8193	0.337849	2.95264	-3.8193	0
3.95646	-3.75554	0.322021	3.95646	-3.75554	0
4.97136	-3.79755	0.30505	4.97136	-3.79755	0
6.0166	-3.8417	0.316741	6.0166	-3.8417	0
7.08046	-3.79656	0.308797	7.08046	-3.79656	0
8.1215	-3.79378	0.333992	8.1215	-3.79378	0
9.09682	-3.79686	0.334171	9.09682	-3.79686	0
10.2167	-3.82356	0.337085	10.2167	-3.82356	0
11.2659	-3.8529	0.329869	11.2659	-3.8529	0
-11.5428	-3.7914	0.327269	-11.5428	-3.7914	0
-10.4411	-3.77191	0.299464	-10.4411	-3.77191	0
-9.42104	-3.79924	0.318292	-9.42104	-3.79924	0
-8.39389	-3.79084	0.310509	-8.39389	-3.79084	0
-7.36186	-3.80929	0.293774	-7.36186	-3.80929	0
-6.30665	-3.80093	0.323261	-6.30665	-3.80093	0
-5.26414	-3.80408	0.282556	-5.26414	-3.80408	0
-4.20849	-3.79856	0.319158	-4.20849	-3.79856	0
-3.18325	-3.81128	0.338255	-3.18325	-3.81128	0
-2.14639	-3.78994	0.338354	-2.14639	-3.78994	0
-1.19016	-3.77068	0.32336	-1.19016	-3.77068	0
-0.144467	-2.75125	0.318368	-0.144467	-2.75125	0
0.919915	-2.71297	0.328172	0.919915	-2.71297	0
1.95935	-2.75106	0.316544	1.95935	-2.75106	0
2.9023	-2.75585	0.310242	2.9023	-2.75585	0
3.90971	-2.75947	0.308712	3.90971	-2.75947	0
5.02786	-2.80863	0.324293	5.02786	-2.80863	0
6.0066	-2.80309	0.341039	6.0066	-2.80309	0
7.0663	-2.79549	0.330709	7.0663	-2.79549	0
8.06502	-2.76358	0.334496	8.06502	-2.76358	0
9.12597	-2.80445	0.322679	9.12597	-2.80445	0
10.1166	-2.83103	0.291979	10.1166	-2.83103	0
11.2376	-2.84373	0.31532	11.2376	-2.84373	0
-11.5937	-2.81093	0.348894	-11.5937	-2.81093	0
-10.4406	-2.79063	0.324666	-10.4406	-2.79063	0
-9.42405	-2.76275	0.322039	-9.42405	-2.76275	0
-8.39594	-2.73046	0.319683	-8.39594	-2.73046	0
-7.35021	-2.7013	0.308485	-7.35021	-2.7013	0
-6.37248	-2.7652	0.312438	-6.37248	-2.7652	0
-5.35007	-2.73591	0.31087	-5.35007	-2.73591	0
-4.23795	-2.74939	0.305041	-4.23795	-2.74939	0
-3.20859	-2.85009	0.312527	-3.20859	-2.85009	0
-2.17331	-2.7496	0.333318	-2.17331	-2.7496	0
-1.16193	-2.72498	0.31305	-1.16193	-2.72498	0
-0.128884	-1.75118	0.311975	-0.128884	-1.75118	0
0.857596	-1.60083	0.302415	0.857596	-1.60083	0
1.92557	-1.63749	0.309811	1.92557	-1.63749	0
2.93136	-1.69338	0.336685	2.93136	-1.69338	0
3.95086	-1.70597	0.297148	3.95086	-1.70597	0
4.93025	-1.72978	0.2995	4.93025	-1.72978	0
5.95933	-1.79743	0.327905	5.95933	-1.79743	0
7.07598	-1.80273	0.311524	7.07598	-1.80273	0
8.17423	-1.72716	0.32193	8.17423	-1.72716	0
9.14391	-1.73944	0.310374	9.14391	-1.73944	0
10.1496	-1.80773	0.313488	10.1496	-1.80773	0
11.2184	-1.82258	0.334008	11.2184	-1.82258	0
-11.5221	-1.76666	0.304439	-11.5221	-1.76666	0
-10.5348	-1.71677	0.299099	-10.5348	-1.71677	0
-9.4555	-1.68102	0.290167	-9.4555	-1.68102	0
-8.42517	-1.76473	0.316307	-8.42517	-1.76473	0
-7.30839	-1.69784	0.331953	-7.30839	-1.69784	0
-6.27928	-1.77101	0.303405	-6.27928	-1.77101	0
-5.31183	-1.70598	0.304074	-5.31183	-1.70598	0
-4.28668	-1.6735	0.334815	-4.28668	-1.6735	0
-3.23542	-1.7937	0.342015	-3.23542	-1.7937	0
-2.24163	-1.74071	0.329688	-2.24163	-1.74071	0
-1.22985	-1.7219	0.330737	-1.22985	-1.7219	0
-0.131995	-0.626466	0.330092	-0.131995	-0.626466	0
0.946458	-0.625229	0.311496	0.946458	-0.625229	0
1.98972	-0.596247	0.313336	1.98972	-0.596247	0
2.9774	-0.615295	0.316586	2.9774	-0.615295	0
3.95955	-0.659016	0.316337	3.95955	-0.659016	0
5.03959	-0.735425	0.318345	5.03959	-0.735425	0
6.04682	-0.706707	0.328268	6.04682	-0.706707	0
7.03152	-0.715114	0.336318	7.03152	-0.715114	0
8.10723	-0.75709	0.297517	8.10723	-0.75709	0
9.1693	-0.692795	0.346855	9.1693	-0.692795	0
10.237	-0.714258	0.30356	10.237	-0.714258	0
11.2319	-0.766729	0.328273	11.2319	-0.766729	0
-11.4808	-0.740094	0.339757	-11.4808	-0.740094	0
-10.4684	-0.730289	0.301261	-10.4684	-0.730289	0
-9.36851	-0.672937	0.292716	-9.36851	-0.672937	0
-8.37581	-0.641629	0.30331	-8.37581	-0.641629	0
-7.32154	-0.643423	0.3042	-7.32154	-0.643423	0
-6.25097	-0.677614	0.337361	-6.25097	-0.677614	0
-5.22418	-0.66391	0.329413	-5.22418	-0.66391	0
-4.24349	-0.687295	0.336558	-4.24349	-0.687295	0
-3.23494	-0.772993	0.313337	-3.23494	-0.772993	0
-2.24192	-0.742818	0.294836	-2.24192	-0.742818	0
-1.18091	-0.716568	0.3136	-1.18091	-0.716568	0
