-0.572258	-0.366497	-0.310907	-0.572258	-0.366497	0
0.419784	-0.393448	-0.322175	0.419784	-0.393448	0
1.51403	-0.380636	-0.339861	1.51403	-0.380636	0
2.5339	-0.36787	-0.313991	2.5339	-0.36787	0
3.56864	-0.407627	-0.336895	3.56864	-0.407627	0
4.56838	-0.465399	-0.308192	4.56838	-0.465399	0
5.59219	-0.448367	-0.335512	5.59219	-0.448367	0
6.64674	-0.428374	-0.297591	6.64674	-0.428374	0
7.71706	-0.35721	-0.324592	7.71706	-0.35721	0
8.76803	-0.368255	-0.302655	8.76803	-0.368255	0
9.86733	-0.394718	-0.343082	9.86733	-0.394718	0
10.9066	-0.412678	-0.327323	10.9066	-0.412678	0
11.9626	-0.35813	-0.3118	-11.8235	-0.35813	0
-10.8499	-0.32718	-0.313272	-10.8499	-0.32718	0
-9.87558	-0.408117	-0.336308	-9.87558	-0.408117	0
-8.76938	-0.354984	-0.298675	-8.76938	-0.354984	0
-7.78104	-0.456804	-0.307162	-7.78104	-0.456804	0
-6.7223	-0.425626	-0.322524	-6.7223	-0.425626	0
-5.66426	-0.390529	-0.323927	-5.66426	-0.390529	0
-4.655	-0.379122	-0.320504	-4.655	-0.379122	0
-3.64249	-0.417672	-0.322919	-3.64249	-0.417672	0
-2.62065	-0.417707	-0.296118	-2.62065	-0.417707	0
-1.57133	-0.401002	-0.301442	-1.57133	-0.401002	0
-0.550874	0.618503	-0.32511	-0.550874	0.618503	0
0.460538	0.597838	-0.334129	0.460538	0.597838	0
1.51361	0.593702	-0.323792	1.51361	0.593702	0
2.54326	0.657508	-0.295701	2.54326	0.657508	0
3.59771	0.617838	-0.341007	3.59771	0.617838	0
4.55839	0.621439	-0.297783	4.55839	0.621439	0
5.67238	0.636766	-0.305368	5.67238	0.636766	0
6.63663	0.610092	-0.297186	6.63663	0.610092	0
7.76179	0.74307	-0.294066	7.76179	0.74307	0
8.78236	0.680581	-0.300447	8.78236	0.680581	0
9.84142	0.663116	-0.301685	9.84142	0.663116	0
10.9275	0.589546	-0.306964	10.9275	0.589546	0
11.9496	0.705133	-0.336016	-11.8364	0.705133	0
-10.8525	0.66084	-0.360075	-10.8525	0.66084	0
-9.81869	0.646128	-0.302686	-9.81869	0.646128	0
-8.7831	0.644099	-0.322611	-8.7831	0.644099	0
-7.75469	0.619994	-0.307077	-7.75469	0.619994	0
-6.73063	0.606985	-0.31581	-6.73063	0.606985	0
-5.69183	0.64646	-0.311218	-5.69183	0.64646	0
-4.65542	0.618721	-0.339097	-4.65542	0.618721	0
-3.65293	0.64115	-0.323563	-3.65293	0.64115	0
-2.63487	0.583763	-0.301737	-2.63487	0.583763	0
-1.58153	0.634719	-0.302551	-1.58153	0.634719	0
-0.551806	1.67306	-0.313961	-0.551806	1.67306	0
0.515412	1.65502	-0.341315	0.515412	1.65502	0
1.50663	1.65797	-0.335862	1.50663	1.65797	0
2.55433	1.66423	-0.300253	2.55433	1.66423	0
3.55782	1.66335	-0.312328	3.55782	1.66335	0
4.57201	1.66752	-0.332978	4.57201	1.66752	0
5.6427	1.6616	-0.303793	5.6427	1.6616	0
6.74554	1.65279	-0.291251	6.74554	1.65279	0
7.73284	1.68764	-0.334346	7.73284	1.68764	0
8.76064	1.73228	-0.314153	8.76064	1.73228	0
9.80043	1.69225	-0.314812	9.80043	1.69225	0
10.8434	1.62947	-0.327305	10.8434	1.62947	0
11.8278	1.7234	-0.33572	11.8278	1.7234	0
-10.8918	1.71008	-0.301113	-10.8918	1.71008	0
-9.85808	1.63391	-0.339534	-9.85808	1.63391	0
-8.8611	1.66905	-0.294516	-8.8611	1.66905	0
-7.81842	1.63689	-0.299458	-7.81842	1.63689	0
-6.76325	1.64591	-0.310521	-6.76325	1.64591	0
-5.74913	1.60492	-0.300778	-5.74913	1.60492	0
-4.6569	1.61281	-0.288075	-4.6569	1.61281	0
-3.61859	1.67317	-0.299059	-3.61859	1.67317	0
-2.59859	1.6175	-0.334464	-2.59859	1.6175	0
-1.57347	1.69599	-0.297564	-1.57347	1.69599	0
-0.641095	2.72688	-0.32741	-0.641095	2.72688	0
0.422607	2.67636	-0.349576	0.422607	2.67636	0
1.41998	2.71946	-0.341347	1.41998	2.71946	0
2.51062	2.6938	-0.332268	2.51062	2.6938	0
3.54456	2.72224	-0.276589	3.54456	2.72224	0
4.62277	2.66111	-0.338033	4.62277	2.66111	0
5.69228	2.66893	-0.3428	5.69228	2.66893	0
6.69967	2.76194	-0.307224	6.69967	2.76194	0
7.7086	2.73885	-0.291434	7.7086	2.73885	0
8.76392	2.71551	-0.326194	8.76392	2.71551	0
9.84475	2.72084	-0.320938	9.84475	2.72084	0
10.8683	2.74721	-0.291236	10.8683	2.74721	0
11.824	2.75649	-0.296678	11.824	2.75649	0
-10.9061	2.7132	-0.328021	-10.9061	2.7132	0
-9.84746	2.6676	-0.31548	-9.84746	2.6676	0
-8.82459	2.69231	-0.290222	-8.82459	2.69231	0
-7.85096	2.68092	-0.308178	-7.85096	2.68092	0
-6.80939	2.68105	-0.331461	-6.80939	2.68105	0
-5.75567	2.61471	-0.338394	-5.75567	2.61471	0
-4.71877	2.65333	-0.307712	-4.71877	2.65333	0
-3.67628	2.6781	-0.296162	-3.67628	2.6781	0
-2.61548	2.6407	-0.295786	-2.61548	2.6407	0
-1.64746	2.72964	-0.290327	-1.64746	2.72964	0
-0.621845	3.70511	-0.318616	-0.621845	3.70511	0
0.427199	3.72554	-0.277306	0.427199	3.72554	0
1.49933	3.72857	-0.337787	1.49933	3.72857	0
2.57713	3.67214	-0.292364	2.57713	3.67214	0
3.59846	3.71913	-0.337009	3.59846	3.71913	0
4.62502	3.73253	-0.346218	4.62502	3.73253	0
5.636	3.68468	-0.313573	5.636	3.68468	0
6.71696	3.71728	-0.333022	6.71696	3.71728	0
7.73265	3.82285	-0.316666	7.73265	3.82285	0
8.78538	3.70465	-0.311702	8.78538	3.70465	0
9.80405	3.77068	-0.346371	9.80405	3.77068	0
10.8714	3.81072	-0.324688	10.8714	3.81072	0
11.8499	3.7899	-0.328196	11.8499	3.7899	0
-10.9188	3.76236	-0.281917	-10.9188	3.76236	0
-9.92576	3.74284	-0.352322	-9.92576	3.74284	0
-8.90703	3.7254	-0.337158	-8.90703	3.7254	0
-7.8831	3.75039	-0.329818	-7.8831	3.75039	0
-6.85521	3.72599	-0.290187	-6.85521	3.72599	0
-5.81462	3.70206	-0.330679	-5.81462	3.70206	0
-4.76901	3.65592	-0.285191	-4.76901	3.65592	0
-3.71681	3.70723	-0.314074	-3.71681	3.70723	0
-2.68049	3.70875	-0.302569	-2.68049	3.70875	0
-1.66493	3.69802	-0.320769	-1.66493	3.69802	0
-0.640354	4.71336	-0.322215	-0.640354	4.71336	0
0.424855	4.71829	-0.327632	0.424855	4.71829	0
1.47335	4.74293	-0.301365	1.47335	4.74293	0
2.49973	4.71441	-0.32711	2.49973	4.71441	0
3.58981	4.74455	-0.31737	3.58981	4.74455	0
4.67057	4.72757	-0.315864	4.67057	4.72757	0
5.65495	4.76631	-0.338589	5.65495	4.76631	0
6.69376	4.75654	-0.322241	6.69376	4.75654	0
7.70868	4.82187	-0.316029	7.70868	4.82187	0
8.76814	4.79266	-0.327378	8.76814	4.79266	0
9.77936	4.86953	-0.310463	9.77936	4.86953	0
10.8045	4.78059	-0.319142	10.8045	4.78059	0
11.8129	4.75771	-0.332619	11.8129	4.75771	0
-10.9052	4.79237	-0.311958	-10.9052	4.79237	0
-9.9133	4.78849	-0.303058	-9.9133	4.78849	0
-8.90669	4.77267	-0.305172	-8.90669	4.77267	0
-7.8461	4.77972	-0.316557	-7.8461	4.77972	0
-6.8121	4.70451	-0.307456	-6.8121	4.70451	0
-5.77691	4.78969	-0.304566	-5.77691	4.78969	0
-4.72852	4.76324	-0.312393	-4.72852	4.76324	0
-3.71115	4.72736	-0.341971	-3.71115	4.72736	0
-2.65236	4.75477	-0.323482	-2.65236	4.75477	0
-1.64313	4.80765	-0.304791	-1.64313	4.80765	0
-0.596864	5.74185	-0.297193	-0.596864	5.74185	0
0.464223	5.8263	-0.341682	0.464223	5.8263	0
1.52904	5.72269	-0.318313	1.52904	5.72269	0
2.53212	5.72603	-0.328391	2.53212	5.72603	0
3.56293	5.78802	-0.286669	3.56293	5.78802	0
4.60851	5.77405	-0.336184	4.60851	5.77405	0
5.64181	5.77652	-0.318861	5.64181	5.77652	0
6.64845	5.77993	-0.312719	6.64845	5.77993	0
7.73528	5.79093	-0.326712	7.73528	5.79093	0
8.74723	5.8581	-0.308883	8.74723	5.8581	0
9.75963	5.84002	-0.31982	9.75963	5.84002	0
10.8073	5.81568	-0.336217	10.8073	5.81568	0
11.8618	5.82542	-0.334229	11.8618	5.82542	0
-10.9312	5.8251	-0.332891	-10.9312	5.8251	0
-9.88363	5.81814	-0.332463	-9.88363	5.81814	0
-8.87988	5.76708	-0.289542	-8.87988	5.76708	0
-7.80133	5.81978	-0.307216	-7.80133	5.81978	0
-6.78261	5.78621	-0.336432	-6.78261	5.78621	0
-5.74524	5.77619	-0.304168	-5.74524	5.77619	0
-4.69802	5.79859	-0.315374	-4.69802	5.79859	0
-3.69565	5.7697	-0.336736	-3.69565	5.7697	0
-2.64647	5.79428	-0.335412	-2.64647	5.79428	0
-1.63289	5.77537	-0.309334	-1.63289	5.77537	0
-0.554467	6.75408	-0.322953	-0.554467	6.75408	0
0.446768	6.81606	-0.306315	0.446768	6.81606	0
1.48101	6.78542	-0.32815	1.48101	6.78542	0
2.49265	6.76352	-0.333556	2.49265	6.76352	0
3.53004	6.78991	-0.302488	3.53004	6.78991	0
4.57082	6.79857	-0.32992	4.57082	6.79857	0
5.70152	6.82036	-0.327573	5.70152	6.82036	0
6.68678	6.76383	-0.302705	6.68678	6.76383	0
7.74427	6.77171	-0.322891	7.74427	6.77171	0
8.75075	6.88281	-0.275749	8.75075	6.88281	0
9.78851	6.8534	-0.284563	9.78851	6.8534	0
10.8023	6.89687	-0.327341	10.8023	6.89687	0
11.8388	6.87218	-0.315028	11.8388	6.87218	0
-10.9029	6.84107	-0.320553	-10.9029	6.84107	0
-9.8743	6.82331	-0.340399	-9.8743	6.82331	0
-8.84463	6.80218	-0.3286	-8.84463	6.80218	0
-7.81885	6.80149	-0.315328	-7.81885	6.80149	0
-6.78022	6.85721	-0.335942	-6.78022	6.85721	0
-5.7508	6.77044	-0.338634	-5.7508	6.77044	0
-4.69743	6.78661	-0.332682	-4.69743	6.78661	0
-3.70373	6.84432	-0.304084	-3.70373	6.84432	0
-2.67614	6.78997	-0.302703	-2.67614	6.78997	0
-1.63718	6.8218	-0.314102	-1.63718	6.8218	0
-0.646531	7.83616	-0.320475	-0.646531	7.83616	0
0.434312	7.81582	-0.298588	0.434312	7.81582	0
1.53224	7.76286	-0.32428	1.53224	7.76286	0
2.56181	7.83396	-0.309923	2.56181	7.83396	0
3.61395	7.81033	-0.3208	3.61395	7.81033	0
4.59359	7.82039	-0.294227	4.59359	7.82039	0
5.67211	7.81168	-0.323874	5.67211	7.81168	0
6.66172	7.76253	-0.31499	6.66172	7.76253	0
7.6806	7.79363	-0.316887	7.6806	7.79363	0
8.70569	7.91673	-0.333292	8.70569	7.91673	0
9.76111	7.88197	-0.317779	9.76111	7.88197	0
10.8212	7.95879	-0.306193	10.8212	7.95879	0
11.8921	7.9362	-0.297785	11.8921	7.9362	0
-10.907	7.86197	-0.275599	-10.907	7.86197	0
-9.87889	7.80595	-0.307522	-9.87889	7.80595	0
-8.8977	7.86199	-0.330708	-8.8977	7.86199	0
-7.82493	7.80332	-0.304459	-7.82493	7.80332	0
-6.79247	7.88353	-0.283865	-6.79247	7.88353	0
-5.76467	7.83924	-0.331762	-5.76467	7.83924	0
-4.68394	7.86415	-0.34188	-4.68394	7.86415	0
-3.66354	7.84306	-0.318583	-3.66354	7.84306	0
-2.62486	7.78254	-0.321486	-2.62486	7.78254	0
-1.6386	7.87614	-0.339908	-1.6386	7.87614	0
-0.604292	8.87484	-0.324451	-0.604292	8.87484	0
0.428889	8.87337	-0.272657	0.428889	8.87337	0
1.4559	8.83816	-0.314934	1.4559	8.83816	0
2.5304	8.80224	-0.301585	2.5304	8.80224	0
3.53953	8.87824	-0.31682	3.53953	8.87824	0
4.59204	8.85253	-0.307908	4.59204	8.85253	0
5.62767	8.89912	-0.332382	5.62767	8.89912	0
6.67251	8.79161	-0.331595	6.67251	8.79161	0
7.70869	8.91869	-0.309674	7.70869	8.91869	0
8.71375	8.92599	-0.307535	8.71375	8.92599	0
9.74426	8.97819	-0.319693	9.74426	8.97819	0
10.7848	8.93372	-0.31637	10.7848	8.93372	0
11.7888	8.92001	-0.310771	11.7888	8.92001	0
-10.9287	8.9451	-0.312217	-10.9287	8.9451	0
-9.93187	8.91023	-0.305933	-9.93187	8.91023	0
-8.85137	8.8521	-0.300805	-8.85137	8.8521	0
-7.80678	8.81665	-0.334818	-7.80678	8.81665	0
-6.80268	8.90437	-0.295259	-6.80268	8.90437	0
-5.77942	8.8692	-0.311664	-5.77942	8.8692	0
-4.73308	8.86349	-0.319282	-4.73308	8.86349	0
-3.72791	8.83102	-0.331445	-3.72791	8.83102	0
-2.60472	8.88193	-0.316231	-2.60472	8.88193	0
-1.54129	8.89992	-0.279075	-1.54129	8.89992	0
-0.536213	9.96569	-0.331714	-0.536213	9.96569	0
0.454075	9.91492	-0.297996	0.454075	9.91492	0
1.48784	9.88668	-0.297598	1.48784	9.88668	0
2.48572	9.8329	-0.312318	2.48572	9.8329	0
3.4447	9.92501	-0.306942	3.4447	9.92501	0
4.55406	9.87046	-0.297382	4.55406	9.87046	0
5.61854	9.90028	-0.314864	5.61854	9.90028	0
6.65791	9.87976	-0.275333	6.65791	9.87976	0
7.68927	9.87961	-0.317765	7.68927	9.87961	0
8.70173	9.95596	-0.316542	8.70173	9.95596	0
9.72307	10.0185	-0.330753	9.72307	10.0185	0
10.7267	9.97271	-0.345862	10.7267	9.97271	0
11.7921	9.97732	-0.326081	11.7921	9.97732	0
-10.9433	9.95721	-0.290065	-10.9433	9.95721	0
-9.93137	9.9996	-0.32081	-9.93137	9.9996	0
-8.89601	9.92946	-0.324123	-8.89601	9.92946	0
-7.86455	9.88283	-0.334042	-7.86455	9.88283	0
-6.80054	9.90169	-0.299297	-6.80054	9.90169	0
-5.7944	9.9721	-0.314208	-5.7944	9.9721	0
-4.70821	9.91413	-0.304015	-4.70821	9.91413	0
-3.625	9.88715	-0.331516	-3.625	9.88715	0
-2.63269	9.89907	-0.311156	-2.63269	9.89907	0
-1.63221	9.89437	-0.321699	-1.63221	9.89437	0
-0.619788	10.9819	-0.310593	-0.619788	10.9819	0
0.418042	10.9732	-0.303166	0.418042	10.9732	0
1.46574	10.947	-0.294835	1.46574	10.947	0
2.45892	10.9283	-0.319111	2.45892	10.9283	0
3.48697	10.9422	-0.322518	3.48697	10.9422	0
4.57715	10.9074	-0.312253	4.57715	10.9074	0
5.6038	10.9189	-0.309739	5.6038	10.9189	0
6.63303	10.9106	-0.344697	6.63303	10.9106	0
7.703	10.9327	-0.321021	7.703	10.9327	0
8.73087	11.0344	-0.313438	8.73087	11.0344	0
9.68408	11.022	-0.305526	9.68408	11.022	0
10.7233	11.0097	-0.320478	10.7233	11.0097	0
11.7654	11.0123	-0.313035	11.7654	11.0123	0
-10.9936	10.9815	-0.31825	-10.9936	10.9815	0
-9.94153	11.0103	-0.330466	-9.94153	11.0103	0
-8.87999	10.9559	-0.320471	-8.87999	10.9559	0
-7.92512	10.9785	-0.275592	-7.92512	10.9785	0
-6.83968	10.9606	-0.331598	-6.83968	10.9606	0
-5.73744	10.9662	-0.335611	-5.73744	10.9662	0
-4.77076	10.975	-0.306533	-4.77076	10.975	0
-3.74108	10.8732	-0.31438	-3.74108	10.8732	0
-2.71497	10.9149	-0.315175	-2.71497	10.9149	0
-1.67934	10.9258	-0.301049	-1.67934	10.9258	0
-0.60516	-11.734	-0.304405	-0.60516	-11.734	0
0.41278	-11.7619	-0.34158	0.41278	-11.7619	0
1.47475	-11.833	-0.310401	1.47475	-11.833	0
2.48416	-11.8372	-0.314129	2.48416	-11.8372	0
3.52929	-11.8212	-0.286582	3.52929	-11.8212	0
4.52574	-11.8049	-0.315291	4.52574	-11.8049	0
5.54368	-11.7615	-0.300163	5.54368	-11.7615	0
6.60254	-11.8495	-0.321292	6.60254	-11.8495	0
7.61519	-11.8196	-0.314656	7.61519	-11.8196	0
8.6339	-11.7531	-0.325072	8.6339	-11.7531	0
9.68401	-11.7268	-0.321168	9.68401	-11.7268	0
10.7601	-11.6716	-0.2963	10.7601	-11.6716	0
11.7773	-11.7394	-0.318216	11.7773	-11.7394	0
-10.9899	-11.7814	-0.317858	-10.9899	-11.7814	0
-9.95232	-11.779	-0.312098	-9.95232	-11.779	0
-8.97049	-11.7906	-0.342722	-8.97049	-11.7906	0
-7.87624	-11.7889	-0.315238	-7.87624	-11.7889	0
-6.8932	-11.7879	-0.331436	-6.8932	-11.7879	0
-5.80553	-11.8068	-0.328567	-5.80553	-11.8068	0
-4.77484	-11.7401	-0.30415	-4.77484	-11.7401	0
-3.76457	-11.827	-0.306084	-3.76457	-11.827	0
-2.74996	-11.8492	-0.292717	-2.74996	-11.8492	0
-1.68734	-11.8368	-0.318798	-1.68734	-11.8368	0
-0.69124	-10.715	-0.292274	-0.69124	-10.715	0
0.419254	-10.7589	-0.298761	0.419254	-10.7589	0
1.44204	-10.7705	-0.318242	1.44204	-10.7705	0
2.46698	-10.7716	-0.315076	2.46698	-10.7716	0
3.44842	-10.8239	-0.297351	3.44842	-10.8239	0
4.54397	-10.732	-0.303979	4.54397	-10.732	0
5.56263	-10.7256	-0.308186	5.56263	-10.7256	0
6.61777	-10.7326	-0.327196	6.61777	-10.7326	0
7.63117	-10.7483	-0.313726	7.63117	-10.7483	0
8.64679	-10.7565	-0.313712	8.64679	-10.7565	0
9.64579	-10.6479	-0.308086	9.64579	-10.6479	0
10.6729	-10.6818	-0.317641	10.6729	-10.6818	0
11.7559	-10.7555	-0.297848	11.7559	-10.7555	0
-10.961	-10.735	-0.284023	-10.961	-10.735	0
-9.92925	-10.7767	-0.331614	-9.92925	-10.7767	0
-8.95123	-10.8012	-0.341274	-8.95123	-10.8012	0
-7.89475	-10.7223	-0.30542	-7.89475	-10.7223	0
-6.88794	-10.7458	-0.334609	-6.88794	-10.7458	0
-5.83709	-10.7676	-0.338436	-5.83709	-10.7676	0
-4.82411	-10.7323	-0.318329	-4.82411	-10.7323	0
-3.81473	-10.7995	-0.336748	-3.81473	-10.7995	0
-2.744	-10.7896	-0.326293	-2.744	-10.7896	0
-1.6694	-10.7388	-0.288436	-1.6694	-10.7388	0
-0.617308	-9.65982	-0.315921	-0.617308	-9.65982	0
0.472231	-9.7229	-0.320426	0.472231	-9.7229	0
1.48041	-9.70167	-0.316455	1.48041	-9.70167	0
2.5137	-9.69393	-0.295397	2.5137	-9.69393	0
3.49622	-9.78826	-0.343715	3.49622	-9.78826	0
4.56463	-9.69371	-0.332644	4.56463	-9.69371	0
5.54612	-9.73775	-0.329922	5.54612	-9.73775	0
6.60901	-9.64404	-0.338329	6.60901	-9.64404	0
7.69426	-9.69917	-0.34195	7.69426	-9.69917	0
8.66496	-9.71261	-0.330315	8.66496	-9.71261	0
9.72776	-9.65751	-0.340729	9.72776	-9.65751	0
10.7299	-9.70423	-0.334093	10.7299	-9.70423	0
11.833	-9.71118	-0.301493	11.833	-9.71118	0
-10.9701	-9.69359	-0.314925	-10.9701	-9.69359	0
-9.97498	-9.737	-0.326567	-9.97498	-9.737	0
-8.92642	-9.73665	-0.325921	-8.92642	-9.73665	0
-7.82168	-9.70261	-0.295487	-7.82168	-9.70261	0
-6.82917	-9.74332	-0.321189	-6.82917	-9.74332	0
-5.80099	-9.7662	-0.32782	-5.80099	-9.7662	0
-4.82638	-9.70971	-0.325893	-4.82638	-9.70971	0
-3.71831	-9.78315	-0.325035	-3.71831	-9.78315	0
-2.70091	-9.74607	-0.316281	-2.70091	-9.74607	0
-1.61713	-9.73905	-0.333384	-1.61713	-9.73905	0
-0.56661	-8.67581	-0.305581	-0.56661	-8.67581	0
0.4881	-8.68003	-0.319285	0.4881	-8.68003	0
1.53018	-8.69399	-0.323584	1.53018	-8.69399	0
2.54965	-8.68622	-0.326736	2.54965	-8.68622	0
3.56464	-8.6904	-0.332358	3.56464	-8.6904	0
4.56573	-8.6904	-0.306901	4.56573	-8.6904	0
5.64781	-8.71876	-0.315673	5.64781	-8.71876	0
6.63503	-8.69475	-0.312477	6.63503	-8.69475	0
7.71568	-8.61711	-0.332434	7.71568	-8.61711	0
8.77721	-8.68491	-0.333063	8.77721	-8.68491	0
9.82783	-8.59206	-0.315135	9.82783	-8.59206	0
10.8252	-8.63286	-0.309758	10.8252	-8.63286	0
11.786	-8.66418	-0.304285	11.786	-8.66418	0
-10.9438	-8.644	-0.322664	-10.9438	-8.644	0
-9.90247	-8.63645	-0.341297	-9.90247	-8.63645	0
-8.85201	-8.72718	-0.326455	-8.85201	-8.72718	0
-7.83733	-8.71458	-0.287291	-7.83733	-8.71458	0
-6.84775	-8.65937	-0.290829	-6.84775	-8.65937	0
-5.86008	-8.68558	-0.346891	-5.86008	-8.68558	0
-4.79736	-8.68736	-0.345538	-4.79736	-8.68736	0
-3.69455	-8.72897	-0.310218	-3.69455	-8.72897	0
-2.70152	-8.72149	-0.321011	-2.70152	-8.72149	0
-1.63399	-8.70627	-0.325275	-1.63399	-8.70627	0
-0.615119	-7.66844	-0.323318	-0.615119	-7.66844	0
0.482709	-7.68073	-0.339194	0.482709	-7.68073	0
1.53733	-7.64977	-0.325965	1.53733	-7.64977	0
2.53762	-7.62755	-0.346439	2.53762	-7.62755	0
3.54875	-7.65229	-0.325378	3.54875	-7.65229	0
4.59593	-7.66555	-0.296914	4.59593	-7.66555	0
5.63335	-7.64691	-0.301006	5.63335	-7.64691	0
6.59966	-7.72585	-0.295103	6.59966	-7.72585	0
7.65581	-7.55953	-0.311619	7.65581	-7.55953	0
8.70983	-7.58512	-0.324742	8.70983	-7.58512	0
9.7169	-7.60507	-0.314339	9.7169	-7.60507	0
10.7781	-7.59189	-0.299504	10.7781	-7.59189	0
11.837	-7.58782	-0.339186	11.837	-7.58782	0
-10.9542	-7.55814	-0.327788	-10.9542	-7.55814	0
-9.88642	-7.64558	-0.290068	-9.88642	-7.64558	0
-8.9051	-7.67784	-0.312404	-8.9051	-7.67784	0
-7.84548	-7.6353	-0.33243	-7.84548	-7.6353	0
-6.81073	-7.64449	-0.316338	-6.81073	-7.64449	0
-5.78237	-7.64095	-0.314859	-5.78237	-7.64095	0
-4.7188	-7.65725	-0.321864	-4.7188	-7.65725	0
-3.6604	-7.67575	-0.307034	-3.6604	-7.67575	0
-2.62914	-7.70918	-0.335886	-2.62914	-7.70918	0
-1.57948	-7.63517	-0.31519	-1.57948	-7.63517	0
-0.588069	-6.57438	-0.322469	-0.588069	-6.57438	0
0.445116	-6.64979	-0.326627	0.445116	-6.64979	0
1.4841	-6.60043	-0.337383	1.4841	-6.60043	0
2.54447	-6.57032	-0.296474	2.54447	-6.57032	0
3.6066	-6.5672	-0.325813	3.6066	-6.5672	0
4.54434	-6.60967	-0.314104	4.54434	-6.60967	0
5.64669	-6.61133	-0.317023	5.64669	-6.61133	0
6.63457	-6.59548	-0.328647	6.63457	-6.59548	0
7.69355	-6.50027	-0.310572	7.69355	-6.50027	0
8.67335	-6.59929	-0.325688	8.67335	-6.59929	0
9.7195	-6.59528	-0.328736	9.7195	-6.59528	0
10.7679	-6.55292	-0.319552	10.7679	-6.55292	0
11.8649	-6.60343	-0.332814	11.8649	-6.60343	0
-10.9018	-6.57423	-0.310755	-10.9018	-6.57423	0
-9.87562	-6.62907	-0.30309	-9.87562	-6.62907	0
-8.86033	-6.6109	-0.343702	-8.86033	-6.6109	0
-7.82889	-6.58656	-0.29222	-7.82889	-6.58656	0
-6.81341	-6.60271	-0.312345	-6.81341	-6.60271	0
-5.74616	-6.60033	-0.29249	-5.74616	-6.60033	0
-4.71181	-6.59113	-0.328576	-4.71181	-6.59113	0
-3.69025	-6.62627	-0.285088	-3.69025	-6.62627	0
-2.65063	-6.66305	-0.30897	-2.65063	-6.66305	0
-1.59999	-6.65336	-0.296444	-1.59999	-6.65336	0
-0.579215	-5.60445	-0.334784	-0.579215	-5.60445	0
0.430018	-5.51966	-0.317773	0.430018	-5.51966	0
1.51115	-5.54405	-0.318585	1.51115	-5.54405	0
2.53023	-5.54551	-0.300813	2.53023	-5.54551	0
3.53654	-5.55977	-0.318452	3.53654	-5.55977	0
4.63537	-5.58491	-0.327967	4.63537	-5.58491	0
5.66541	-5.55492	-0.345708	5.66541	-5.55492	0
6.68014	-5.52246	-0.327575	6.68014	-5.52246	0
7.7041	-5.53935	-0.321768	7.7041	-5.53935	0
8.68714	-5.51691	-0.339863	8.68714	-5.51691	0
9.72458	-5.48343	-0.321147	9.72458	-5.48343	0
10.7938	-5.58022	-0.318407	10.7938	-5.58022	0
11.7887	-5.58789	-0.341469	11.7887	-5.58789	0
-10.9545	-5.53245	-0.310579	-10.9545	-5.53245	0
-9.89625	-5.54454	-0.298139	-9.89625	-5.54454	0
-8.87298	-5.53585	-0.334976	-8.87298	-5.53585	0
-7.85046	-5.59001	-0.292734	-7.85046	-5.59001	0
-6.79804	-5.59166	-0.30136	-6.79804	-5.59166	0
-5.80126	-5.5493	-0.318303	-5.80126	-5.5493	0
-4.73698	-5.54405	-0.355793	-4.73698	-5.54405	0
-3.68388	-5.63924	-0.292039	-3.68388	-5.63924	0
-2.65394	-5.57922	-0.322099	-2.65394	-5.57922	0
-1.57485	-5.54501	-0.314713	-1.57485	-5.54501	0
-0.566399	-4.52518	-0.329454	-0.566399	-4.52518	0
0.483699	-4.54282	-0.314839	0.483699	-4.54282	0
1.52073	-4.51312	-0.323698	1.52073	-4.51312	0
2.5491	-4.48988	-0.32553	2.5491	-4.48988	0
3.57088	-4.52067	-0.326969	3.57088	-4.52067	0
4.66437	-4.59196	-0.302378	4.66437	-4.59196	0
5.66491	-4.50873	-0.342476	5.66491	-4.50873	0
6.71243	-4.51949	-0.335593	6.71243	-4.51949	0
7.72275	-4.51093	-0.316135	7.72275	-4.51093	0
8.7827	-4.42916	-0.344528	8.7827	-4.42916	0
9.76739	-4.38987	-0.344855	9.76739	-4.38987	0
10.8018	-4.50415	-0.312957	10.8018	-4.50415	0
11.8665	-4.53628	-0.331613	11.8665	-4.53628	0
-10.924	-4.52652	-0.320185	-10.924	-4.52652	0
-9.87884	-4.51067	-0.289703	-9.87884	-4.51067	0
-8.84835	-4.49733	-0.284238	-8.84835	-4.49733	0
-7.84199	-4.46116	-0.3557	-7.84199	-4.46116	0
-6.78824	-4.57459	-0.319481	-6.78824	-4.57459	0
-5.73473	-4.55993	-0.316152	-5.73473	-4.55993	0
-4.71922	-4.58471	-0.292625	-4.71922	-4.58471	0
-3.69856	-4.613	-0.306158	-3.69856	-4.613	0
-2.64441	-4.55322	-0.307412	-2.64441	-4.55322	0
-1.63102	-4.54532	-0.32469	-1.63102	-4.54532	0
-0.599262	-3.4463	-0.317611	-0.599262	-3.4463	0
0.510385	-3.4415	-0.289174	0.510385	-3.4415	0
1.50058	-3.50356	-0.324662	1.50058	-3.50356	0
2.4962	-3.53338	-0.310674	2.4962	-3.53338	0
3.55471	-3.48033	-0.328791	3.55471	-3.48033	0
4.59606	-3.52813	-0.351404	4.59606	-3.52813	0
5.67935	-3.46149	-0.325869	5.67935	-3.46149	0
6.68206	-3.52484	-0.316209	6.68206	-3.52484	0
7.70099	-3.44416	-0.299015	7.70099	-3.44416	0
8.7394	-3.36549	-0.3203	8.7394	-3.36549	0
9.73824	-3.37874	-0.283167	9.73824	-3.37874	0
10.7814	-3.39656	-0.322088	10.7814	-3.39656	0
11.8758	-3.46453	-0.31604	11.8758	-3.46453	0
-10.9034	-3.49165	-0.313747	-10.9034	-3.49165	0
-9.8997	-3.52212	-0.316523	-9.8997	-3.52212	0
-8.81916	-3.47131	-0.330033	-8.81916	-3.47131	0
-7.7918	-3.49833	-0.277044	-7.7918	-3.49833	0
-6.7607	-3.52846	-0.316089	-6.7607	-3.52846	0
-5.75979	-3.54652	-0.30061	-5.75979	-3.54652	0
-4.69951	-3.5456	-0.338696	-4.69951	-3.5456	0
-3.66771	-3.54078	-0.32063	-3.66771	-3.54078	0
-2.65744	-3.54436	-0.284091	-2.65744	-3.54436	0
-1.63462	-3.54066	-0.318756	-1.63462	-3.54066	0
-0.571065	-2.40653	-0.290728	-0.571065	-2.40653	0
0.480428	-2.42272	-0.294547	0.480428	-2.42272	0
1.53017	-2.45587	-0.31641	1.53017	-2.45587	0
2.51847	-2.45402	-0.332921	2.51847	-2.45402	0
3.52575	-2.47161	-0.325378	3.52575	-2.47161	0
4.58537	-2.48935	-0.35427	4.58537	-2.48935	0
5.66392	-2.45524	-0.324047	5.66392	-2.45524	0
6.6842	-2.47762	-0.296002	6.6842	-2.47762	0
7.67473	-2.35912	-0.338886	7.67473	-2.35912	0
8.7455	-2.3857	-0.322866	8.7455	-2.3857	0
9.74485	-2.36258	-0.345203	9.74485	-2.36258	0
10.8668	-2.40762	-0.313518	10.8668	-2.40762	0
-11.8928	-2.44342	-0.332367	-11.8928	-2.44342	0
-10.8947	-2.46176	-0.309314	-10.8947	-2.46176	0
-9.85371	-2.49624	-0.305892	-9.85371	-2.49624	0
-8.83603	-2.46027	-0.308442	-8.83603	-2.46027	0
-7.80921	-2.50537	-0.297318	-7.80921	-2.50537	0
-6.71517	-2.53496	-0.331324	-6.71517	-2.53496	0
-5.69453	-2.47179	-0.325395	-5.69453	-2.47179	0
-4.68353	-2.44969	-0.315033	-4.68353	-2.44969	0
-3.64467	-2.4859	-0.332078	-3.64467	-2.4859	0
-2.61044	-2.47426	-0.339378	-2.61044	-2.47426	0
-1.55593	-2.48645	-0.302067	-1.55593	-2.48645	0
-0.569558	-1.31223	-0.307479	-0.569558	-1.31223	0
0.430189	-1.42603	-0.311319	0.430189	-1.42603	0
1.51086	-1.38234	-0.324405	1.51086	-1.38234	0
2.53451	-1.36222	-0.309259	2.53451	-1.36222	0
3.58259	-1.4515	-0.318422	3.58259	-1.4515	0
4.58384	-1.47453	-0.326509	4.58384	-1.47453	0
5.62118	-1.44763	-0.315457	5.62118	-1.44763	0
6.62266	-1.4736	-0.350118	6.62266	-1.4736	0
7.70731	-1.36873	-0.311933	7.70731	-1.36873	0
8.71984	-1.34366	-0.311079	8.71984	-1.34366	0
9.8077	-1.37851	-0.307271	9.8077	-1.37851	0
10.8214	-1.39411	-0.31473	10.8214	-1.39411	0
11.8968	-1.42549	-0.3223	-11.8892	-1.42549	0
-10.8802	-1.42654	-0.331111	-10.8802	-1.42654	0
-9.85844	-1.42385	-0.32758	-9.85844	-1.42385	0
-8.8125	-1.46103	-0.347351	-8.8125	-1.46103	0
-7.76585	-1.4517	-0.327548	-7.76585	-1.4517	0
-6.71973	-1.41048	-0.341903	-6.71973	-1.41048	0
-5.71509	-1.41968	-0.337473	-5.71509	-1.41968	0
-4.66579	-1.42048	-0.342549	-4.66579	-1.42048	0
-3.68614	-1.47893	-0.326199	-3.68614	-1.47893	0
-2.64072	-1.44778	-0.309151	-2.64072	-1.44778	0
-1.59397	-1.48171	-0.335273	-1.59397	-1.48171	0
-0.0286133	0.121321	0.318581	-0.0286133	0.121321	0
1.01189	0.0581474	0.316988	1.01189	0.0581474	0
2.01822	0.152428	0.326949	2.01822	0.152428	0
3.05906	0.105628	0.326226	3.05906	0.105628	0
4.06457	0.0988612	0.33196	4.06457	0.0988612	0
5.09231	0.0938005	0.328619	5.09231	0.0938005	0
6.15708	0.0890532	0.318359	6.15708	0.0890532	0
7.18642	0.125608	0.30007	7.18642	0.125608	0
8.25527	0.166205	0.310058	8.25527	0.166205	0
9.32423	0.115368	0.326683	9.32423	0.115368	0
10.3442	0.087409	0.309881	10.3442	0.087409	0
11.443	0.121167	0.292685	11.443	0.121167	0
-11.3454	0.162849	0.321068	-11.3454	0.162849	0
-10.37	0.138403	0.320036	-10.37	0.138403	0
-9.32365	0.142166	0.289155	-9.32365	0.142166	0
-8.26	0.0555566	0.338504	-8.26	0.0555566	0
-7.27416	0.123325	0.317198	-7.27416	0.123325	0
-6.20561	0.0890292	0.3146	-6.20561	0.0890292	0
-5.18284	0.0950588	0.322913	-5.18284	0.0950588	0
-4.15883	0.0923745	0.319422	-4.15883	0.0923745	0
-3.16102	0.0706912	0.327071	-3.16102	0.0706912	0
-2.05511	0.0904191	0.316019	-2.05511	0.0904191	0
-1.07743	0.135431	0.31771	-1.07743	0.135431	0
0.00448793	1.15278	0.287272	0.00448793	1.15278	0
0.975843	1.05469	0.333707	0.975843	1.05469	0
1.95989	1.13076	0.332723	1.95989	1.13076	0
3.02838	1.14928	0.338421	3.02838	1.14928	0
4.06402	1.13615	0.326891	4.06402	1.13615	0
5.06876	1.14195	0.28177	5.06876	1.14195	0
6.17148	1.16814	0.306372	6.17148	1.16814	0
7.21324	1.13457	0.3373	7.21324	1.13457	0
8.29719	1.21666	0.314584	8.29719	1.21666	0
9.31366	1.20444	0.331596	9.31366	1.20444	0
10.3345	1.13861	0.31715	10.3345	1.13861	0
11.3648	1.14971	0.331912	11.3648	1.14971	0
-11.3578	1.19778	0.306128	-11.3578	1.19778	0
-10.3525	1.151	0.293006	-10.3525	1.151	0
-9.33106	1.13198	0.330961	-9.33106	1.13198	0
-8.30645	1.12777	0.350925	-8.30645	1.12777	0
-7.25316	1.1203	0.291024	-7.25316	1.1203	0
-6.23758	1.13399	0.321839	-6.23758	1.13399	0
-5.1426	1.10925	0.345289	-5.1426	1.10925	0
-4.15424	1.10733	0.341266	-4.15424	1.10733	0
-3.13004	1.1226	0.317077	-3.13004	1.1226	0
-2.11907	1.09055	0.317013	-2.11907	1.09055	0
-1.0736	1.19562	0.304815	-1.0736	1.19562	0
-0.0829196	2.21239	0.306876	-0.0829196	2.21239	0
0.996012	2.16099	0.279342	0.996012	2.16099	0
1.97382	2.19222	0.319481	1.97382	2.19222	0
3.05957	2.13794	0.296991	3.05957	2.13794	0
4.10712	2.18757	0.337482	4.10712	2.18757	0
5.14759	2.15878	0.312497	5.14759	2.15878	0
6.14286	2.20314	0.320796	6.14286	2.20314	0
7.21495	2.25223	0.329423	7.21495	2.25223	0
8.18262	2.24044	0.329003	8.18262	2.24044	0
9.2925	2.21338	0.315192	9.2925	2.21338	0
10.3439	2.17773	0.303727	10.3439	2.17773	0
11.3132	2.1797	0.329073	11.3132	2.1797	0
-11.4552	2.23699	0.307432	-11.4552	2.23699	0
-10.3969	2.19	0.319329	-10.3969	2.19	0
-9.3765	2.20739	0.311221	-9.3765	2.20739	0
-8.28009	2.14732	0.325962	-8.28009	2.14732	0
-7.28554	2.14688	0.314098	-7.28554	2.14688	0
-6.2695	2.17319	0.308524	-6.2695	2.17319	0
-5.20784	2.12308	0.340009	-5.20784	2.12308	0
-4.19479	2.16973	0.304911	-4.19479	2.16973	0
-3.07855	2.15905	0.331052	-3.07855	2.15905	0
-2.13398	2.14722	0.328045	-2.13398	2.14722	0
-1.11136	2.20726	0.322379	-1.11136	2.20726	0
-0.069623	3.21186	0.303607	-0.069623	3.21186	0
0.956085	3.24812	0.321347	0.956085	3.24812	0
1.95576	3.18617	0.335405	1.95576	3.18617	0
2.98955	3.19443	0.334787	2.98955	3.19443	0
4.14553	3.23017	0.301264	4.14553	3.23017	0
5.12085	3.20276	0.296744	5.12085	3.20276	0
6.17087	3.23303	0.322653	6.17087	3.23303	0
7.26383	3.27067	0.332366	7.26383	3.27067	0
8.269	3.2274	0.312508	8.269	3.2274	0
9.34137	3.26567	0.314407	9.34137	3.26567	0
10.3478	3.23676	0.318042	10.3478	3.23676	0
11.3435	3.32294	0.338962	11.3435	3.32294	0
-11.4361	3.27109	0.299359	-11.4361	3.27109	0
-10.3699	3.26451	0.298901	-10.3699	3.26451	0
-9.36436	3.23955	0.308756	-9.36436	3.23955	0
-8.36854	3.23384	0.31402	-8.36854	3.23384	0
-7.31518	3.21514	0.334705	-7.31518	3.21514	0
-6.28843	3.1334	0.320472	-6.28843	3.1334	0
-5.30136	3.12768	0.314597	-5.30136	3.12768	0
-4.20723	3.19529	0.337048	-4.20723	3.19529	0
-3.19092	3.144	0.305274	-3.19092	3.144	0
-2.18763	3.19866	0.339837	-2.18763	3.19866	0
-1.09736	3.20781	0.328142	-1.09736	3.20781	0
-0.15313	4.22949	0.311082	-0.15313	4.22949	0
0.958501	4.24602	0.303935	0.958501	4.24602	0
2.00851	4.14041	0.328289	2.00851	4.14041	0
3.03786	4.23173	0.300586	3.03786	4.23173	0
4.12709	4.21744	0.302293	4.12709	4.21744	0
5.19283	4.2396	0.330545	5.19283	4.2396	0
6.2376	4.21467	0.32488	6.2376	4.21467	0
7.22306	4.2704	0.295302	7.22306	4.2704	0
8.25567	4.31285	0.306087	8.25567	4.31285	0
9.2533	4.27715	0.323699	9.2533	4.27715	0
10.2844	4.29375	0.298378	10.2844	4.29375	0
11.2919	4.31419	0.308044	11.2919	4.31419	0
-11.4296	4.33656	0.306062	-11.4296	4.33656	0
-10.3912	4.29416	0.313301	-10.3912	4.29416	0
-9.39205	4.26271	0.325427	-9.39205	4.26271	0
-8.40208	4.25018	0.313358	-8.40208	4.25018	0
-7.3927	4.27333	0.309349	-7.3927	4.27333	0
-6.27776	4.16219	0.314564	-6.27776	4.16219	0
-5.27512	4.19233	0.32256	-5.27512	4.19233	0
-4.21551	4.2249	0.316265	-4.21551	4.2249	0
-3.19783	4.22246	0.319402	-3.19783	4.22246	0
-2.16274	4.2351	0.290921	-2.16274	4.2351	0
-1.1681	4.20471	0.295596	-1.1681	4.20471	0
-0.0640215	5.21036	0.292483	-0.0640215	5.21036	0
0.933311	5.25576	0.321673	0.933311	5.25576	0
2.02981	5.24219	0.312619	2.02981	5.24219	0
3.0476	5.25535	0.321519	3.0476	5.25535	0
4.13892	5.23707	0.299158	4.13892	5.23707	0
5.20308	5.23531	0.342132	5.20308	5.23531	0
6.16802	5.2579	0.329005	6.16802	5.2579	0
7.19647	5.28095	0.324981	7.19647	5.28095	0
8.2194	5.29644	0.328714	8.2194	5.29644	0
9.22966	5.29742	0.327412	9.22966	5.29742	0
10.3204	5.32229	0.322455	10.3204	5.32229	0
11.3038	5.34909	0.311129	11.3038	5.34909	0
-11.4555	5.31397	0.299349	-11.4555	5.31397	0
-10.3877	5.31496	0.29531	-10.3877	5.31496	0
-9.393	5.28484	0.337252	-9.393	5.28484	0
-8.39379	5.22538	0.313819	-8.39379	5.22538	0
-7.3266	5.27745	0.315324	-7.3266	5.27745	0
-6.28682	5.21166	0.326392	-6.28682	5.21166	0
-5.2356	5.24452	0.330923	-5.2356	5.24452	0
-4.18245	5.26859	0.318394	-4.18245	5.26859	0
-3.20574	5.23336	0.305182	-3.20574	5.23336	0
-2.21179	5.30614	0.306736	-2.21179	5.30614	0
-1.13519	5.24558	0.340864	-1.13519	5.24558	0
-0.031353	6.26616	0.293721	-0.031353	6.26616	0
0.967147	6.27042	0.32326	0.967147	6.27042	0
1.97112	6.25589	0.337997	1.97112	6.25589	0
3.0073	6.25872	0.297143	3.0073	6.25872	0
4.08915	6.25261	0.330701	4.08915	6.25261	0
5.10131	6.28203	0.279131	5.10131	6.28203	0
6.15218	6.28646	0.319985	6.15218	6.28646	0
7.23981	6.2689	0.32477	7.23981	6.2689	0
8.2001	6.32595	0.302133	8.2001	6.32595	0
9.28148	6.38972	0.312844	9.28148	6.38972	0
10.3624	6.33969	0.297329	10.3624	6.33969	0
11.3905	6.34496	0.303384	11.3905	6.34496	0
-11.4141	6.35726	0.309903	-11.4141	6.35726	0
-10.3884	6.33022	0.307905	-10.3884	6.33022	0
-9.37711	6.31395	0.318345	-9.37711	6.31395	0
-8.34347	6.24118	0.324495	-8.34347	6.24118	0
-7.23738	6.2998	0.332645	-7.23738	6.2998	0
-6.2561	6.25968	0.335088	-6.2561	6.25968	0
-5.22241	6.29905	0.346895	-5.22241	6.29905	0
-4.18106	6.34186	0.332467	-4.18106	6.34186	0
-3.19033	6.20531	0.291015	-3.19033	6.20531	0
-2.1508	6.30334	0.332035	-2.1508	6.30334	0
-1.12478	6.30368	0.319926	-1.12478	6.30368	0
-0.123633	7.28812	0.323168	-0.123633	7.28812	0
0.968385	7.27053	0.296429	0.968385	7.27053	0
2.04135	7.24863	0.351913	2.04135	7.24863	0
3.06334	7.30785	0.315936	3.06334	7.30785	0
4.07256	7.31253	0.333159	4.07256	7.31253	0
5.14829	7.27662	0.316943	5.14829	7.27662	0
6.15164	7.25029	0.354484	6.15164	7.25029	0
7.23266	7.26561	0.315389	7.23266	7.26561	0
8.2186	7.38447	0.333492	8.2186	7.38447	0
9.26711	7.37771	0.293351	9.26711	7.37771	0
10.302	7.40959	0.309802	10.302	7.40959	0
11.3618	7.40403	0.321867	11.3618	7.40403	0
-11.4298	7.3779	0.314613	-11.4298	7.3779	0
-10.3802	7.3288	0.305571	-10.3802	7.3288	0
-9.37719	7.28831	0.32147	-9.37719	7.28831	0
-8.30634	7.26722	0.331006	-8.30634	7.26722	0
-7.21012	7.30136	0.310795	-7.21012	7.30136	0
-6.21416	7.29261	0.316323	-6.21416	7.29261	0
-5.2204	7.33409	0.247968	-5.2204	7.33409	0
-4.21848	7.33619	0.331485	-4.21848	7.33619	0
-3.18538	7.29991	0.34462	-3.18538	7.29991	0
-2.11692	7.32779	0.322619	-2.11692	7.32779	0
-1.12636	7.29953	0.323822	-1.12636	7.29953	0
-0.0711614	8.34552	0.315184	-0.0711614	8.34552	0
0.942198	8.29731	0.334909	0.942198	8.29731	0
1.9623	8.3033	0.321826	1.9623	8.3033	0
3.04897	8.3015	0.301779	3.04897	8.3015	0
4.07791	8.333	0.334836	4.07791	8.333	0
5.16828	8.3388	0.309152	5.16828	8.3388	0
6.14233	8.33593	0.296454	6.14233	8.33593	0
7.20719	8.32185	0.30957	7.20719	8.32185	0
8.19978	8.38148	0.310592	8.19978	8.38148	0
9.27844	8.4558	0.322391	9.27844	8.4558	0
10.2258	8.4414	0.303918	10.2258	8.4414	0
11.294	8.38829	0.314139	11.294	8.38829	0
-11.454	8.45134	0.334508	-11.454	8.45134	0
-10.4507	8.41066	0.317659	-10.4507	8.41066	0
-9.43717	8.38475	0.298496	-9.43717	8.38475	0
-8.30505	8.32734	0.297158	-8.30505	8.32734	0
-7.31794	8.3909	0.348049	-7.31794	8.3909	0
-6.28721	8.36569	0.33278	-6.28721	8.36569	0
-5.24119	8.37775	0.321371	-5.24119	8.37775	0
-4.27225	8.34395	0.321478	-4.27225	8.34395	0
-3.13134	8.32089	0.337729	-3.13134	8.32089	0
-2.14479	8.326	0.306859	-2.14479	8.326	0
-1.11862	8.33253	0.340142	-1.11862	8.33253	0
-0.114634	9.40029	0.325618	-0.114634	9.40029	0
0.928841	9.37849	0.344685	0.928841	9.37849	0
1.96331	9.32287	0.30114	1.96331	9.32287	0
2.98	9.32492	0.330186	2.98	9.32492	0
4.01086	9.40901	0.331677	4.01086	9.40901	0
5.10365	9.38965	0.30888	5.10365	9.38965	0
6.17438	9.37927	0.331194	6.17438	9.37927	0
7.17006	9.38431	0.319932	7.17006	9.38431	0
8.21836	9.44485	0.329452	8.21836	9.44485	0
9.22903	9.46781	0.321484	9.22903	9.46781	0
10.2394	9.50185	0.338692	10.2394	9.50185	0
11.3014	9.50694	0.330541	11.3014	9.50694	0
-11.5019	9.44895	0.315147	-11.5019	9.44895	0
-10.42	9.45249	0.284359	-10.42	9.45249	0
-9.38177	9.3907	0.315703	-9.38177	9.3907	0
-8.35611	9.36955	0.334783	-8.35611	9.36955	0
-7.30482	9.44235	0.30385	-7.30482	9.44235	0
-6.28405	9.41848	0.334246	-6.28405	9.41848	0
-5.23656	9.48626	0.298938	-5.23656	9.48626	0
-4.18584	9.39781	0.324677	-4.18584	9.39781	0
-3.18956	9.32688	0.332882	-3.18956	9.32688	0
-2.13402	9.37742	0.325531	-2.13402	9.37742	0
-1.05349	9.46129	0.327989	-1.05349	9.46129	0
-0.0252361	10.4403	0.333673	-0.0252361	10.4403	0
0.978296	10.4535	0.322195	0.978296	10.4535	0
1.99586	10.426	0.352794	1.99586	10.426	0
2.95493	10.3894	0.313091	2.95493	10.3894	0
4.01172	10.4014	0.292798	4.01172	10.4014	0
5.05421	10.4033	0.324663	5.05421	10.4033	0
6.14719	10.4046	0.322594	6.14719	10.4046	0
7.22269	10.4255	0.333669	7.22269	10.4255	0
8.22768	10.4606	0.340944	8.22768	10.4606	0
9.18115	10.4651	0.305974	9.18115	10.4651	0
10.1945	10.5393	0.313332	10.1945	10.5393	0
11.3035	10.4612	0.31528	11.3035	10.4612	0
-11.4664	10.4897	0.333578	-11.4664	10.4897	0
-10.4239	10.4861	0.305448	-10.4239	10.4861	0
-9.40562	10.4611	0.290576	-9.40562	10.4611	0
-8.39566	10.3952	0.318978	-8.39566	10.3952	0
-7.29346	10.4502	0.298576	-7.29346	10.4502	0
-6.29972	10.4977	0.311984	-6.29972	10.4977	0
-5.25557	10.469	0.314828	-5.25557	10.469	0
-4.18155	10.3945	0.303786	-4.18155	10.3945	0
-3.19612	10.4065	0.33467	-3.19612	10.4065	0
-2.14759	10.3722	0.33881	-2.14759	10.3722	0
-1.08856	10.4837	0.3095	-1.08856	10.4837	0
-0.0820571	11.4963	0.304061	-0.0820571	11.4963	0
0.919265	11.4643	0.318203	0.919265	11.4643	0
2.00309	11.4527	0.343976	2.00309	11.4527	0
2.95962	11.4135	0.305325	2.95962	11.4135	0
4.03815	11.3724	0.342439	4.03815	11.3724	0
5.08634	11.4419	0.314456	5.08634	11.4419	0
6.0615	11.5004	0.318662	6.0615	11.5004	0
7.08599	11.4493	0.332196	7.08599	11.4493	0
8.10026	11.4769	0.333315	8.10026	11.4769	0
9.20287	11.5481	0.337969	9.20287	11.5481	0
10.221	11.5666	0.277216	10.221	11.5666	0
11.2231	11.5236	0.303133	11.2231	11.5236	0
-11.5237	11.5419	0.311868	-11.5237	11.5419	0
-10.5048	11.5243	0.325622	-10.5048	11.5243	0
-9.48501	11.4944	0.310032	-9.48501	11.4944	0
-8.44756	11.5041	0.320648	-8.44756	11.5041	0
-7.36342	11.4289	0.311896	-7.36342	11.4289	0
-6.31586	11.4489	0.275255	-6.31586	11.4489	0
-5.27466	11.511	0.316559	-5.27466	11.511	0
-4.24146	11.459	0.318668	-4.24146	11.459	0
-3.22231	11.4006	0.307089	-3.22231	11.4006	0
-2.16753	11.4085	0.327081	-2.16753	11.4085	0
-1.10186	11.4884	0.310996	-1.10186	11.4884	0
-0.152275	-11.2382	0.349338	-0.152275	-11.2382	0
0.936995	-11.3084	0.313675	0.936995	-11.3084	0
1.92642	-11.3112	0.308896	1.92642	-11.3112	0
2.949	-11.3028	0.300494	2.949	-11.3028	0
4.02841	-11.2885	0.333222	4.02841	-11.2885	0
5.04992	-11.2752	0.322943	5.04992	-11.2752	0
6.10954	-11.2366	0.316802	6.10954	-11.2366	0
7.09872	-11.3202	0.300735	7.09872	-11.3202	0
8.11094	-11.2528	0.325915	8.11094	-11.2528	0
9.1379	-11.2312	0.33813	9.1379	-11.2312	0
10.1447	-11.2084	0.339883	10.1447	-11.2084	0
11.2389	-11.2253	0.343531	11.2389	-11.2253	0
-11.4911	-11.2335	0.313399	-11.4911	-11.2335	0
-10.4681	-11.2721	0.321326	-10.4681	-11.2721	0
-9.43786	-11.2376	0.318157	-9.43786	-11.2376	0
-8.40971	-11.2466	0.316216	-8.40971	-11.2466	0
-7.39504	-11.247	0.308679	-7.39504	-11.247	0
-6.33061	-11.3028	0.317091	-6.33061	-11.3028	0
-5.29358	-11.3016	0.310279	-5.29358	-11.3016	0
-4.29006	-11.2617	0.319169	-4.29006	-11.2617	0
-3.27356	-11.3414	0.286682	-3.27356	-11.3414	0
-2.1815	-11.2979	0.344844	-2.1815	-11.2979	0
-1.15682	-11.3122	0.328627	-1.15682	-11.3122	0
-0.0967554	-10.2469	0.301547	-0.0967554	-10.2469	0
0.965136	-10.2762	0.295532	0.965136	-10.2762	0
1.96238	-10.2412	0.297831	1.96238	-10.2412	0
3.00584	-10.2286	0.304775	3.00584	-10.2286	0
4.0191	-10.2768	0.305593	4.0191	-10.2768	0
5.05475	-10.2303	0.320226	5.05475	-10.2303	0
6.1191	-10.2178	0.313772	6.1191	-10.2178	0
7.13115	-10.1956	0.310914	7.13115	-10.1956	0
8.14071	-10.2067	0.304831	8.14071	-10.2067	0
9.14515	-10.1614	0.345748	9.14515	-10.1614	0
10.1887	-10.1507	0.329095	10.1887	-10.1507	0
11.2392	-10.2473	0.325115	11.2392	-10.2473	0
-11.4571	-10.1791	0.311528	-11.4571	-10.1791	0
-10.4536	-10.215	0.331248	-10.4536	-10.215	0
-9.44277	-10.2136	0.315147	-9.44277	-10.2136	0
-8.38875	-10.2418	0.28787	-8.38875	-10.2418	0
-7.33394	-10.2242	0.345318	-7.33394	-10.2242	0
-6.30381	-10.2533	0.31514	-6.30381	-10.2533	0
-5.30722	-10.2614	0.329421	-5.30722	-10.2614	0
-4.27233	-10.2508	0.302797	-4.27233	-10.2508	0
-3.20629	-10.3089	0.314395	-3.20629	-10.3089	0
-2.19172	-10.2691	0.334659	-2.19172	-10.2691	0
-1.14012	-10.2094	0.330322	-1.14012	-10.2094	0
-0.0606741	-9.21205	0.31057	-0.0606741	-9.21205	0
0.978069	-9.24063	0.317309	0.978069	-9.24063	0
2.00897	-9.23	0.327575	2.00897	-9.23	0
3.08145	-9.22432	0.30749	3.08145	-9.22432	0
4.04785	-9.27004	0.28961	4.04785	-9.27004	0
5.06523	-9.21665	0.308317	5.06523	-9.21665	0
6.10322	-9.2321	0.332229	6.10322	-9.2321	0
7.2407	-9.18083	0.320121	7.2407	-9.18083	0
8.20759	-9.1447	0.310539	8.20759	-9.1447	0
9.26583	-9.15058	0.303367	9.26583	-9.15058	0
10.2556	-9.15194	0.304973	10.2556	-9.15194	0
11.2613	-9.19505	0.287563	11.2613	-9.19505	0
-11.4634	-9.13997	0.305502	-11.4634	-9.13997	0
-10.4395	-9.1781	0.308718	-10.4395	-9.1781	0
-9.40919	-9.20888	0.294988	-9.40919	-9.20888	0
-8.3609	-9.2058	0.308726	-8.3609	-9.2058	0
-7.31314	-9.18929	0.313846	-7.31314	-9.18929	0
-6.30861	-9.22201	0.298314	-6.30861	-9.22201	0
-5.29263	-9.14261	0.332377	-5.29263	-9.14261	0
-4.27036	-9.2298	0.311204	-4.27036	-9.2298	0
-3.26726	-9.24487	0.340123	-3.26726	-9.24487	0
-2.15444	-9.2504	0.299155	-2.15444	-9.2504	0
-1.12109	-9.20557	0.316306	-1.12109	-9.20557	0
-0.026229	-8.20197	0.317137	-0.026229	-8.20197	0
1.00181	-8.18219	0.318732	1.00181	-8.18219	0
2.0349	-8.21198	0.303305	2.0349	-8.21198	0
3.03774	-8.14823	0.293863	3.03774	-8.14823	0
4.02243	-8.1979	0.310572	4.02243	-8.1979	0
5.12524	-8.14879	0.317445	5.12524	-8.14879	0
6.12725	-8.20479	0.340794	6.12725	-8.20479	0
7.1963	-8.15789	0.288566	7.1963	-8.15789	0
8.25726	-8.12454	0.274688	8.25726	-8.12454	0
9.25943	-8.11088	0.304951	9.25943	-8.11088	0
10.2614	-8.07545	0.327205	10.2614	-8.07545	0
11.3236	-8.10196	0.317068	11.3236	-8.10196	0
-11.4491	-8.1533	0.300183	-11.4491	-8.1533	0
-10.4265	-8.15095	0.32189	-10.4265	-8.15095	0
-9.35723	-8.18768	0.319829	-9.35723	-8.18768	0
-8.35147	-8.15864	0.327016	-8.35147	-8.15864	0
-7.34989	-8.15503	0.337088	-7.34989	-8.15503	0
-6.29741	-8.194	0.328664	-6.29741	-8.194	0
-5.28825	-8.15161	0.307838	-5.28825	-8.15161	0
-4.19309	-8.19801	0.295164	-4.19309	-8.19801	0
-3.13074	-8.17608	0.302714	-3.13074	-8.17608	0
-2.13593	-8.25948	0.307901	-2.13593	-8.25948	0
-1.10243	-8.177	0.307771	-1.10243	-8.177	0
-0.066783	-7.12097	0.306341	-0.066783	-7.12097	0
1.03641	-7.1533	0.303528	1.03641	-7.1533	0
2.01741	-7.15599	0.331458	2.01741	-7.15599	0
3.04453	-7.07642	0.31144	3.04453	-7.07642	0
4.05153	-7.09791	0.311426	4.05153	-7.09791	0
5.11767	-7.08171	0.341006	5.11767	-7.08171	0
6.15546	-7.08728	0.294312	6.15546	-7.08728	0
7.16398	-7.08813	0.336673	7.16398	-7.08813	0
8.16727	-7.05338	0.321684	8.16727	-7.05338	0
9.21518	-7.05251	0.304559	9.21518	-7.05251	0
10.257	-7.05164	0.313819	10.257	-7.05164	0
11.3363	-7.08471	0.323678	11.3363	-7.08471	0
-11.4219	-7.1051	0.349296	-11.4219	-7.1051	0
-10.3903	-7.0936	0.316143	-10.3903	-7.0936	0
-9.36169	-7.10649	0.337698	-9.36169	-7.10649	0
-8.38076	-7.14189	0.292642	-8.38076	-7.14189	0
-7.34588	-7.12585	0.293518	-7.34588	-7.12585	0
-6.29539	-7.14099	0.302907	-6.29539	-7.14099	0
-5.22483	-7.13895	0.292344	-5.22483	-7.13895	0
-4.1953	-7.10186	0.336152	-4.1953	-7.10186	0
-3.14594	-7.17707	0.335727	-3.14594	-7.17707	0
-2.14294	-7.17808	0.281121	-2.14294	-7.17808	0
-1.05644	-7.13584	0.348157	-1.05644	-7.13584	0
-0.0785937	-6.13761	0.31754	-0.0785937	-6.13761	0
0.949572	-6.03401	0.305136	0.949572	-6.03401	0
1.93837	-6.09282	0.317741	1.93837	-6.09282	0
3.05766	-6.0596	0.336812	3.05766	-6.0596	0
4.13443	-6.0906	0.308561	4.13443	-6.0906	0
5.12796	-6.11387	0.297638	5.12796	-6.11387	0
6.11199	-6.0656	0.319451	6.11199	-6.0656	0
7.1125	-6.04324	0.305338	7.1125	-6.04324	0
8.22558	-6.05292	0.306211	8.22558	-6.05292	0
9.22482	-6.02602	0.334605	9.22482	-6.02602	0
10.2257	-6.00173	0.316418	10.2257	-6.00173	0
11.2894	-6.10625	0.311099	11.2894	-6.10625	0
-11.4413	-6.04915	0.320065	-11.4413	-6.04915	0
-10.4507	-6.08623	0.312788	-10.4507	-6.08623	0
-9.34607	-6.0456	0.335761	-9.34607	-6.0456	0
-8.31909	-6.10884	0.347409	-8.31909	-6.10884	0
-7.32931	-6.07373	0.333885	-7.32931	-6.07373	0
-6.34758	-6.12831	0.329929	-6.34758	-6.12831	0
-5.23276	-6.05181	0.28467	-5.23276	-6.05181	0
-4.22835	-6.10576	0.312606	-4.22835	-6.10576	0
-3.12036	-6.14287	0.336855	-3.12036	-6.14287	0
-2.14224	-6.07676	0.289304	-2.14224	-6.07676	0
-1.12204	-6.10802	0.333361	-1.12204	-6.10802	0
-0.0589512	-5.05574	0.313216	-0.0589512	-5.05574	0
0.999117	-5.00731	0.334088	0.999117	-5.00731	0
2.08699	-5.00635	0.332986	2.08699	-5.00635	0
3.13508	-5.01277	0.31647	3.13508	-5.01277	0
4.11709	-5.08351	0.31805	4.11709	-5.08351	0
5.16594	-5.02919	0.329445	5.16594	-5.02919	0
6.21668	-5.02353	0.312088	6.21668	-5.02353	0
7.17368	-5.01534	0.330542	7.17368	-5.01534	0
8.2454	-5.00797	0.329023	8.2454	-5.00797	0
9.24913	-4.97179	0.329663	9.24913	-4.97179	0
10.2538	-5.01938	0.324015	10.2538	-5.01938	0
11.2546	-4.98812	0.298999	11.2546	-4.98812	0
-11.4632	-5.02571	0.312996	-11.4632	-5.02571	0
-10.4379	-5.07098	0.328401	-10.4379	-5.07098	0
-9.36068	-5.0072	0.302074	-9.36068	-5.0072	0
-8.30707	-4.99639	0.329788	-8.30707	-4.99639	0
-7.36134	-5.02806	0.30217	-7.36134	-5.02806	0
-6.29952	-5.06937	0.327771	-6.29952	-5.06937	0
-5.22971	-5.10489	0.318389	-5.22971	-5.10489	0
-4.22074	-5.09787	0.330152	-4.22074	-5.09787	0
-3.14487	-5.09665	0.332133	-3.14487	-5.09665	0
-2.14299	-5.07707	0.335876	-2.14299	-5.07707	0
-1.05544	-5.07553	0.331167	-1.05544	-5.07553	0
-0.0709422	-3.962	0.290096	-0.0709422	-3.962	0
0.996794	-4.00445	0.28957	0.996794	-4.00445	0
2.01144	-4.03621	0.331205	2.01144	-4.03621	0
3.06649	-3.98849	0.297429	3.06649	-3.98849	0
4.09304	-4.03249	0.295286	4.09304	-4.03249	0
5.14357	-3.99829	0.30316	5.14357	-3.99829	0
6.1716	-4.0266	0.319779	6.1716	-4.0266	0
7.21058	-4.01825	0.312552	7.21058	-4.01825	0
8.20457	-3.96497	0.284427	8.20457	-3.96497	0
9.20484	-3.90444	0.310559	9.20484	-3.90444	0
10.2481	-3.9939	0.318947	10.2481	-3.9939	0
11.3309	-3.98518	0.319618	11.3309	-3.98518	0
-11.4086	-4.00523	0.317055	-11.4086	-4.00523	0
-10.4189	-4.06483	0.336449	-10.4189	-4.06483	0
-9.31183	-3.97558	0.331319	-9.31183	-3.97558	0
-8.31895	-3.97641	0.316973	-8.31895	-3.97641	0
-7.23139	-4.01721	0.341156	-7.23139	-4.01721	0
-6.20739	-4.07446	0.333817	-6.20739	-4.07446	0
-5.21526	-4.01566	0.313737	-5.21526	-4.01566	0
-4.20288	-4.07473	0.319257	-4.20288	-4.07473	0
-3.18928	-4.08485	0.31193	-3.18928	-4.08485	0
-2.11844	-4.0639	0.306695	-2.11844	-4.0639	0
-1.06258	-4.08411	0.309954	-1.06258	-4.08411	0
-0.099413	-2.9211	0.31214	-0.099413	-2.9211	0
0.972147	-2.93927	0.313253	0.972147	-2.93927	0
2.01319	-3.02683	0.330756	2.01319	-3.02683	0
3.03893	-2.97673	0.332754	3.03893	-2.97673	0
4.04393	-2.97161	0.296362	4.04393	-2.97161	0
5.13301	-3.01001	0.282252	5.13301	-3.01001	0
6.13795	-2.97507	0.326567	6.13795	-2.97507	0
7.15952	-2.96386	0.334902	7.15952	-2.96386	0
8.1534	-2.93864	0.321896	8.1534	-2.93864	0
9.23114	-2.87777	0.33373	9.23114	-2.87777	0
10.2898	-2.90497	0.305351	10.2898	-2.90497	0
11.3393	-2.95483	0.317201	11.3393	-2.95483	0
-11.4241	-2.97423	0.312929	-11.4241	-2.97423	0
-10.4196	-2.97874	0.331486	-10.4196	-2.97874	0
-9.37207	-2.98041	0.293193	-9.37207	-2.98041	0
-8.31724	-2.96898	0.358296	-8.31724	-2.96898	0
-7.22053	-3.00136	0.313154	-7.22053	-3.00136	0
-6.23928	-3.00657	0.298358	-6.23928	-3.00657	0
-5.20444	-2.99053	0.303618	-5.20444	-2.99053	0
-4.20381	-2.96688	0.288204	-4.20381	-2.96688	0
-3.18719	-2.99613	0.318755	-3.18719	-2.99613	0
-2.14842	-2.99803	0.309468	-2.14842	-2.99803	0
-1.11665	-3.02218	0.323964	-1.11665	-3.02218	0
-0.0912046	-1.90244	0.318329	-0.0912046	-1.90244	0
0.983522	-1.89183	0.314558	0.983522	-1.89183	0
2.04174	-1.9139	0.318383	2.04174	-1.9139	0
3.01052	-1.97999	0.342476	3.01052	-1.97999	0
4.05693	-1.99548	0.328662	4.05693	-1.99548	0
5.12906	-1.98854	0.307444	5.12906	-1.98854	0
6.1954	-1.94928	0.319765	6.1954	-1.94928	0
7.18406	-1.94024	0.319627	7.18406	-1.94024	0
8.19654	-1.92186	0.327514	8.19654	-1.92186	0
9.25797	-1.88261	0.334851	9.25797	-1.88261	0
10.307	-1.91188	0.312799	10.307	-1.91188	0
11.373	-1.92424	0.318041	11.373	-1.92424	0
-11.3698	-1.92645	0.319913	-11.3698	-1.92645	0
-10.3501	-1.9145	0.284635	-10.3501	-1.9145	0
-9.3324	-1.99331	0.308587	-9.3324	-1.99331	0
-8.29949	-1.95849	0.320766	-8.29949	-1.95849	0
-7.23537	-1.94167	0.277186	-7.23537	-1.94167	0
-6.22104	-1.95159	0.307557	-6.22104	-1.95159	0
-5.22076	-1.89739	0.299584	-5.22076	-1.89739	0
-4.25844	-1.94995	0.331508	-4.25844	-1.94995	0
-3.17896	-1.95309	0.298558	-3.17896	-1.95309	0
-2.09039	-2.00029	0.346288	-2.09039	-2.00029	0
-1.07154	-1.89734	0.324333	-1.07154	-1.89734	0
-0.0380306	-0.868982	0.360972	-0.0380306	-0.868982	0
0.968674	-0.91005	0.297088	0.968674	-0.91005	0
2.01978	-0.891487	0.334515	2.01978	-0.891487	0
3.06166	-0.924463	0.299243	3.06166	-0.924463	0
4.03233	-0.994689	0.321209	4.03233	-0.994689	0
5.10266	-0.918795	0.311128	5.10266	-0.918795	0
6.14474	-0.904442	0.291184	6.14474	-0.904442	0
7.16004	-0.896669	0.323761	7.16004	-0.896669	0
8.22635	-0.873524	0.329875	8.22635	-0.873524	0
9.28206	-0.85442	0.283646	9.28206	-0.85442	0
10.3541	-0.882079	0.319809	10.3541	-0.882079	0
11.3955	-0.898545	0.305025	11.3955	-0.898545	0
-11.3529	-0.901808	0.294405	-11.3529	-0.901808	0
-10.332	-0.931737	0.315353	-10.332	-0.931737	0
-9.29615	-0.89324	0.305377	-9.29615	-0.89324	0
-8.31039	-0.989941	0.324071	-8.31039	-0.989941	0
-7.20703	-0.875965	0.339161	-7.20703	-0.875965	0
-6.21146	-0.947123	0.334762	-6.21146	-0.947123	0
-5.17739	-0.884977	0.301644	-5.17739	-0.884977	0
-4.14349	-0.937415	0.319158	-4.14349	-0.937415	0
-3.12226	-0.962789	0.309461	-3.12226	-0.962789	0
-2.07887	-0.976773	0.313627	-2.07887	-0.976773	0
-1.08119	-0.853103	0.36774	-1.08119	-0.853103	0
