-0.455029	-0.308975	-0.313445	-0.455029	-0.308975	0
0.533268	-0.358191	-0.324082	0.533268	-0.358191	0
1.59631	-0.303058	-0.337858	1.59631	-0.303058	0
2.63771	-0.300238	-0.328374	2.63771	-0.300238	0
3.64403	-0.31478	-0.294564	3.64403	-0.31478	0
4.62078	-0.26743	-0.324635	4.62078	-0.26743	0
5.69073	-0.248504	-0.295358	5.69073	-0.248504	0
6.71518	-0.288809	-0.31708	6.71518	-0.288809	0
7.75858	-0.278508	-0.327825	7.75858	-0.278508	0
8.84906	-0.273123	-0.32308	8.84906	-0.273123	0
9.87642	-0.237063	-0.308596	9.87642	-0.237063	0
10.8812	-0.25842	-0.319975	10.8812	-0.25842	0
-11.8039	-0.244701	-0.320252	-11.8039	-0.244701	0
-10.8217	-0.237355	-0.294743	-10.8217	-0.237355	0
-9.73381	-0.302602	-0.324631	-9.73381	-0.302602	0
-8.74845	-0.323758	-0.318934	-8.74845	-0.323758	0
-7.73215	-0.320687	-0.312934	-7.73215	-0.320687	0
-6.67385	-0.32557	-0.310502	-6.67385	-0.32557	0
-5.6721	-0.320225	-0.318096	-5.6721	-0.320225	0
-4.62512	-0.358424	-0.324252	-4.62512	-0.358424	0
-3.55723	-0.340796	-0.343735	-3.55723	-0.340796	0
-2.53197	-0.310914	-0.27264	-2.53197	-0.310914	0
-1.50037	-0.348973	-0.298063	-1.50037	-0.348973	0
-0.469514	0.672336	-0.322279	-0.469514	0.672336	0
0.591301	0.79538	-0.310318	0.591301	0.79538	0
1.59063	0.713761	-0.309993	1.59063	0.713761	0
2.61953	0.77841	-0.341183	2.61953	0.77841	0
3.58125	0.774728	-0.345865	3.58125	0.774728	0
4.67581	0.668801	-0.32014	4.67581	0.668801	0
5.71704	0.79579	-0.320472	5.71704	0.79579	0
6.71536	0.748197	-0.342054	6.71536	0.748197	0
7.75079	0.714605	-0.325276	7.75079	0.714605	0
8.81549	0.72292	-0.311423	8.81549	0.72292	0
9.8719	0.799947	-0.332701	9.8719	0.799947	0
10.952	0.754682	-0.328493	10.952	0.754682	0
-11.7875	0.757281	-0.305281	-11.7875	0.757281	0
-10.8228	0.723297	-0.311243	-10.8228	0.723297	0
-9.75286	0.733411	-0.301965	-9.75286	0.733411	0
-8.7426	0.776462	-0.337764	-8.7426	0.776462	0
-7.68909	0.670395	-0.313505	-7.68909	0.670395	0
-6.67198	0.712362	-0.30049	-6.67198	0.712362	0
-5.6468	0.672423	-0.330009	-5.6468	0.672423	0
-4.61241	0.694041	-0.319154	-4.61241	0.694041	0
-3.60331	0.687708	-0.297267	-3.60331	0.687708	0
-2.56852	0.697744	-0.309434	-2.56852	0.697744	0
-1.52218	0.711096	-0.311523	-1.52218	0.711096	0
-0.518742	1.73487	-0.333122	-0.518742	1.73487	0
0.539428	1.79	-0.346953	0.539428	1.79	0
1.61466	1.81571	-0.351128	1.61466	1.81571	0
2.59277	1.77539	-0.324692	2.59277	1.77539	0
3.59667	1.74026	-0.310956	3.59667	1.74026	0
4.69827	1.72857	-0.309959	4.69827	1.72857	0
5.79389	1.81214	-0.308911	5.79389	1.81214	0
6.75566	1.78086	-0.334164	6.75566	1.78086	0
7.80728	1.77408	-0.313788	7.80728	1.77408	0
8.8625	1.73973	-0.318702	8.8625	1.73973	0
9.90232	1.79753	-0.316387	9.90232	1.79753	0
10.9243	1.81464	-0.29284	10.9243	1.81464	0
-11.8109	1.79102	-0.307078	-11.8109	1.79102	0
-10.7407	1.76758	-0.317926	-10.7407	1.76758	0
-9.73087	1.79926	-0.295756	-9.73087	1.79926	0
-8.69254	1.70921	-0.301572	-8.69254	1.70921	0
-7.63144	1.77821	-0.346663	-7.63144	1.77821	0
-6.62368	1.7728	-0.314844	-6.62368	1.7728	0
-5.61052	1.73468	-0.305798	-5.61052	1.73468	0
-4.62218	1.73837	-0.307243	-4.62218	1.73837	0
-3.62271	1.76736	-0.324905	-3.62271	1.76736	0
-2.56603	1.76888	-0.325471	-2.56603	1.76888	0
-1.57354	1.7826	-0.312805	-1.57354	1.7826	0
-0.468205	2.79783	-0.334125	-0.468205	2.79783	0
0.547215	2.80692	-0.31066	0.547215	2.80692	0
1.58274	2.84296	-0.285986	1.58274	2.84296	0
2.65741	2.79605	-0.315931	2.65741	2.79605	0
3.66471	2.75684	-0.33593	3.66471	2.75684	0
4.6618	2.76649	-0.306415	4.6618	2.76649	0
5.69814	2.80567	-0.341878	5.69814	2.80567	0
6.7493	2.79698	-0.316391	6.7493	2.79698	0
7.81183	2.77722	-0.323257	7.81183	2.77722	0
8.81413	2.8021	-0.344767	8.81413	2.8021	0
9.86431	2.83929	-0.276573	9.86431	2.83929	0
10.8521	2.85507	-0.307302	10.8521	2.85507	0
-11.8399	2.83149	-0.353203	-11.8399	2.83149	0
-10.8119	2.85457	-0.304358	-10.8119	2.85457	0
-9.78541	2.813	-0.306113	-9.78541	2.813	0
-8.76366	2.78155	-0.309312	-8.76366	2.78155	0
-7.67273	2.76386	-0.329785	-7.67273	2.76386	0
-6.70706	2.79497	-0.301648	-6.70706	2.79497	0
-5.66813	2.73221	-0.312446	-5.66813	2.73221	0
-4.59215	2.77419	-0.321685	-4.59215	2.77419	0
-3.53364	2.80723	-0.299269	-3.53364	2.80723	0
-2.52254	2.83577	-0.315132	-2.52254	2.83577	0
-1.52526	2.76729	-0.305949	-1.52526	2.76729	0
-0.47711	3.83403	-0.350381	-0.47711	3.83403	0
0.544078	3.84323	-0.305382	0.544078	3.84323	0
1.52962	3.80756	-0.340998	1.52962	3.80756	0
2.60651	3.89215	-0.300889	2.60651	3.89215	0
3.62531	3.81143	-0.342796	3.62531	3.81143	0
4.63622	3.83569	-0.31766	4.63622	3.83569	0
5.68038	3.86919	-0.351085	5.68038	3.86919	0
6.77016	3.85889	-0.345205	6.77016	3.85889	0
7.79522	3.81772	-0.318037	7.79522	3.81772	0
8.76247	3.86035	-0.327571	8.76247	3.86035	0
9.86817	3.85775	-0.309876	9.86817	3.85775	0
10.8969	3.89847	-0.343458	10.8969	3.89847	0
-11.8771	3.92559	-0.310475	-11.8771	3.92559	0
-10.8663	3.84346	-0.306264	-10.8663	3.84346	0
-9.78951	3.91735	-0.350241	-9.78951	3.91735	0
-8.74738	3.79825	-0.332703	-8.74738	3.79825	0
-7.69736	3.81133	-0.316942	-7.69736	3.81133	0
-6.64884	3.85694	-0.31072	-6.64884	3.85694	0
-5.58009	3.8144	-0.276469	-5.58009	3.8144	0
-4.58955	3.79106	-0.325966	-4.58955	3.79106	0
-3.54984	3.83117	-0.323908	-3.54984	3.83117	0
-2.5374	3.83361	-0.306388	-2.5374	3.83361	0
-1.49268	3.78558	-0.30725	-1.49268	3.78558	0
-0.478987	4.81266	-0.322059	-0.478987	4.81266	0
0.532773	4.88274	-0.328961	0.532773	4.88274	0
1.57935	4.82787	-0.329882	1.57935	4.82787	0
2.55142	4.85634	-0.314338	2.55142	4.85634	0
3.61739	4.84785	-0.328662	3.61739	4.84785	0
4.65173	4.83012	-0.29248	4.65173	4.83012	0
5.66967	4.86439	-0.296267	5.66967	4.86439	0
6.77464	4.92598	-0.311176	6.77464	4.92598	0
7.76694	4.89671	-0.346328	7.76694	4.89671	0
8.81839	4.8925	-0.319354	8.81839	4.8925	0
9.83398	4.87467	-0.312894	9.83398	4.87467	0
10.8452	4.92401	-0.314708	10.8452	4.92401	0
-11.8346	4.9526	-0.334304	-11.8346	4.9526	0
-10.8439	4.94096	-0.320017	-10.8439	4.94096	0
-9.82966	4.93428	-0.291861	-9.82966	4.93428	0
-8.76326	4.87614	-0.305154	-8.76326	4.87614	0
-7.72131	4.89739	-0.301021	-7.72131	4.89739	0
-6.64322	4.87443	-0.317194	-6.64322	4.87443	0
-5.60821	4.86525	-0.338704	-5.60821	4.86525	0
-4.61138	4.86132	-0.300312	-4.61138	4.86132	0
-3.53121	4.81909	-0.309213	-3.53121	4.81909	0
-2.52314	4.85317	-0.311162	-2.52314	4.85317	0
-1.51442	4.82027	-0.33216	-1.51442	4.82027	0
-0.504997	5.8848	-0.329749	-0.504997	5.8848	0
0.502875	5.88397	-0.337161	0.502875	5.88397	0
1.50878	5.89157	-0.331041	1.50878	5.89157	0
2.50555	5.94462	-0.339673	2.50555	5.94462	0
3.55235	5.91433	-0.295522	3.55235	5.91433	0
4.58175	5.89412	-0.333332	4.58175	5.89412	0
5.6645	5.90869	-0.288828	5.6645	5.90869	0
6.66726	5.96742	-0.318166	6.66726	5.96742	0
7.6847	5.97188	-0.307388	7.6847	5.97188	0
8.73448	5.96306	-0.316509	8.73448	5.96306	0
9.76032	5.96096	-0.349049	9.76032	5.96096	0
10.8425	5.92869	-0.322321	10.8425	5.92869	0
-11.9124	5.95199	-0.31739	11.8736	5.95199	0
-10.8654	5.94239	-0.329709	-10.8654	5.94239	0
-9.83555	5.90503	-0.333178	-9.83555	5.90503	0
-8.79365	5.95592	-0.311777	-8.79365	5.95592	0
-7.75448	5.96849	-0.296357	-7.75448	5.96849	0
-6.70399	5.93691	-0.313938	-6.70399	5.93691	0
-5.63482	5.96599	-0.322037	-5.63482	5.96599	0
-4.55681	5.88142	-0.301191	-4.55681	5.88142	0
-3.56306	5.82329	-0.329529	-3.56306	5.82329	0
-2.59155	5.91808	-0.341981	-2.59155	5.91808	0
-1.57915	5.87639	-0.308672	-1.57915	5.87639	0
-0.510588	6.93928	-0.295779	-0.510588	6.93928	0
0.516492	6.93937	-0.325037	0.516492	6.93937	0
1.4873	6.95857	-0.319372	1.4873	6.95857	0
2.48825	6.964	-0.287671	2.48825	6.964	0
3.55529	6.95493	-0.316995	3.55529	6.95493	0
4.53478	6.96233	-0.30597	4.53478	6.96233	0
5.64483	6.98094	-0.328355	5.64483	6.98094	0
6.6143	7.00335	-0.320859	6.6143	7.00335	0
7.69115	6.95678	-0.311911	7.69115	6.95678	0
8.70677	6.98728	-0.322741	8.70677	6.98728	0
9.83145	7.01971	-0.306112	9.83145	7.01971	0
10.8704	6.98613	-0.323083	10.8704	6.98613	0
11.9001	6.95689	-0.309464	-11.8859	6.95689	0
-10.8054	6.97815	-0.308768	-10.8054	6.97815	0
-9.82749	6.97259	-0.287497	-9.82749	6.97259	0
-8.75989	7.02645	-0.353463	-8.75989	7.02645	0
-7.75071	6.99394	-0.325889	-7.75071	6.99394	0
-6.68776	6.97575	-0.306739	-6.68776	6.97575	0
-5.59108	6.96418	-0.297826	-5.59108	6.96418	0
-4.58192	6.93175	-0.327276	-4.58192	6.93175	0
-3.5563	6.91623	-0.310507	-3.5563	6.91623	0
-2.5669	6.91445	-0.326857	-2.5669	6.91445	0
-1.48447	6.91726	-0.314275	-1.48447	6.91726	0
-0.45536	8.00118	-0.283971	-0.45536	8.00118	0
0.552271	7.99391	-0.300438	0.552271	7.99391	0
1.57674	8.03004	-0.293822	1.57674	8.03004	0
2.56619	8.02545	-0.314616	2.56619	8.02545	0
3.57114	8.03023	-0.318974	3.57114	8.03023	0
4.5725	8.00022	-0.328867	4.5725	8.00022	0
5.5946	7.98815	-0.327454	5.5946	7.98815	0
6.67692	8.0678	-0.297439	6.67692	8.0678	0
7.68842	7.97817	-0.310531	7.68842	7.97817	0
8.74001	8.06764	-0.332724	8.74001	8.06764	0
9.82376	8.02526	-0.332475	9.82376	8.02526	0
10.8156	7.99557	-0.323525	10.8156	7.99557	0
11.9128	7.99793	-0.302309	-11.8732	7.99793	0
-10.8613	8.00792	-0.289119	-10.8613	8.00792	0
-9.80129	8.0284	-0.328027	-9.80129	8.0284	0
-8.79823	8.06313	-0.332079	-8.79823	8.06313	0
-7.69665	8.0273	-0.321862	-7.69665	8.0273	0
-6.70716	7.99372	-0.296545	-6.70716	7.99372	0
-5.67491	7.98947	-0.313463	-5.67491	7.98947	0
-4.64328	8.00644	-0.299425	-4.64328	8.00644	0
-3.56202	7.97404	-0.31282	-3.56202	7.97404	0
-2.50131	7.94347	-0.298593	-2.50131	7.94347	0
-1.50614	7.95715	-0.305752	-1.50614	7.95715	0
-0.454362	9.04117	-0.286545	-0.454362	9.04117	0
0.562228	9.04096	-0.340398	0.562228	9.04096	0
1.58548	9.06158	-0.332008	1.58548	9.06158	0
2.61351	8.97922	-0.327329	2.61351	8.97922	0
3.58572	9.05322	-0.317429	3.58572	9.05322	0
4.70153	9.06419	-0.312107	4.70153	9.06419	0
5.72176	9.0189	-0.308418	5.72176	9.0189	0
6.7105	9.08241	-0.31459	6.7105	9.08241	0
7.7445	9.0219	-0.317212	7.7445	9.0219	0
8.80195	9.05926	-0.312076	8.80195	9.05926	0
9.82301	9.0739	-0.301239	9.82301	9.0739	0
10.8889	9.03194	-0.306603	10.8889	9.03194	0
11.8865	9.02212	-0.343842	11.8865	9.02212	0
-10.8637	9.01618	-0.320113	-10.8637	9.01618	0
-9.81051	9.05581	-0.320255	-9.81051	9.05581	0
-8.74855	9.06171	-0.327239	-8.74855	9.06171	0
-7.70703	9.08213	-0.325253	-7.70703	9.08213	0
-6.68714	9.0415	-0.33709	-6.68714	9.0415	0
-5.66375	9.0721	-0.339433	-5.66375	9.0721	0
-4.63935	8.97608	-0.316847	-4.63935	8.97608	0
-3.56307	8.99467	-0.311152	-3.56307	8.99467	0
-2.53435	8.97658	-0.318538	-2.53435	8.97658	0
-1.4673	8.99494	-0.323102	-1.4673	8.99494	0
-0.491817	10.0596	-0.285868	-0.491817	10.0596	0
0.516005	10.0733	-0.335009	0.516005	10.0733	0
1.61488	10.0804	-0.320996	1.61488	10.0804	0
2.61438	10.106	-0.320493	2.61438	10.106	0
3.59762	10.0716	-0.32117	3.59762	10.0716	0
4.71006	10.0739	-0.294833	4.71006	10.0739	0
5.6972	10.0106	-0.340609	5.6972	10.0106	0
6.76216	10.129	-0.325278	6.76216	10.129	0
7.74516	10.0917	-0.338641	7.74516	10.0917	0
8.78642	10.0908	-0.315842	8.78642	10.0908	0
9.84316	10.0748	-0.290956	9.84316	10.0748	0
10.8978	10.0326	-0.342722	10.8978	10.0326	0
11.9439	10.0742	-0.302841	-11.8422	10.0742	0
-10.7726	10.0828	-0.31986	-10.7726	10.0828	0
-9.76739	10.1076	-0.318567	-9.76739	10.1076	0
-8.78236	10.0883	-0.311618	-8.78236	10.0883	0
-7.67821	10.0697	-0.330215	-7.67821	10.0697	0
-6.64974	10.1182	-0.321202	-6.64974	10.1182	0
-5.64258	10.1099	-0.31016	-5.64258	10.1099	0
-4.64549	10.043	-0.320724	-4.64549	10.043	0
-3.61173	10.0266	-0.337536	-3.61173	10.0266	0
-2.56914	9.94716	-0.314259	-2.56914	9.94716	0
-1.54645	10.0358	-0.359714	-1.54645	10.0358	0
-0.491718	11.0403	-0.330778	-0.491718	11.0403	0
0.570587	11.0611	-0.339821	0.570587	11.0611	0
1.60293	11.1176	-0.30826	1.60293	11.1176	0
2.61812	11.1212	-0.294877	2.61812	11.1212	0
3.64101	11.0709	-0.266259	3.64101	11.0709	0
4.67271	11.0971	-0.330221	4.67271	11.0971	0
5.72488	11.0783	-0.337667	5.72488	11.0783	0
6.76304	11.1228	-0.298524	6.76304	11.1228	0
7.79485	11.1047	-0.322969	7.79485	11.1047	0
8.83	11.0851	-0.304239	8.83	11.0851	0
9.78956	11.1176	-0.30561	9.78956	11.1176	0
10.8999	11.0336	-0.33479	10.8999	11.0336	0
-11.7812	11.0515	-0.318542	-11.7812	11.0515	0
-10.7562	11.1086	-0.322546	-10.7562	11.1086	0
-9.77749	11.1118	-0.306775	-9.77749	11.1118	0
-8.74852	11.1313	-0.323152	-8.74852	11.1313	0
-7.69728	11.1482	-0.287993	-7.69728	11.1482	0
-6.6522	11.1428	-0.310296	-6.6522	11.1428	0
-5.59651	11.107	-0.293035	-5.59651	11.107	0
-4.56614	11.0337	-0.323555	-4.56614	11.0337	0
-3.50961	11.0246	-0.333307	-3.50961	11.0246	0
-2.52038	11.0497	-0.324628	-2.52038	11.0497	0
-1.47069	11.087	-0.301465	-1.47069	11.087	0
-0.426545	-11.6849	-0.352021	-0.426545	-11.6849	0
0.573906	-11.6583	-0.300264	0.573906	-11.6583	0
1.5417	-11.6371	-0.301522	1.5417	-11.6371	0
2.68861	-11.6193	-0.319554	2.68861	-11.6193	0
3.64479	-11.646	-0.321663	3.64479	-11.646	0
4.66664	-11.7121	-0.328392	4.66664	-11.7121	0
5.70296	-11.7213	-0.328493	5.70296	-11.7213	0
6.6513	-11.6846	-0.331872	6.6513	-11.6846	0
7.70643	-11.6523	-0.333957	7.70643	-11.6523	0
8.75906	-11.6223	-0.326909	8.75906	-11.6223	0
9.75379	-11.6406	-0.293727	9.75379	-11.6406	0
10.8161	-11.6814	-0.332052	10.8161	-11.6814	0
-11.9086	-11.6867	-0.304898	11.8774	-11.6867	0
-10.8451	-11.6364	-0.317691	-10.8451	-11.6364	0
-9.77618	-11.6374	-0.320575	-9.77618	-11.6374	0
-8.76911	-11.6128	-0.301476	-8.76911	-11.6128	0
-7.73647	-11.6267	-0.35057	-7.73647	-11.6267	0
-6.68123	-11.615	-0.330609	-6.68123	-11.615	0
-5.64152	-11.6371	-0.322754	-5.64152	-11.6371	0
-4.57548	-11.706	-0.341096	-4.57548	-11.706	0
-3.53883	-11.6965	-0.348525	-3.53883	-11.6965	0
-2.55799	-11.6805	-0.324752	-2.55799	-11.6805	0
-1.52742	-11.6625	-0.332621	-1.52742	-11.6625	0
-0.432466	-10.6041	-0.321574	-0.432466	-10.6041	0
0.590985	-10.6235	-0.321583	0.590985	-10.6235	0
1.60804	-10.5927	-0.328364	1.60804	-10.5927	0
2.66076	-10.6046	-0.326792	2.66076	-10.6046	0
3.68278	-10.5759	-0.336082	3.68278	-10.5759	0
4.62959	-10.6603	-0.335649	4.62959	-10.6603	0
5.64583	-10.6823	-0.347157	5.64583	-10.6823	0
6.7195	-10.6438	-0.310595	6.7195	-10.6438	0
7.76079	-10.6079	-0.327244	7.76079	-10.6079	0
8.78269	-10.6235	-0.297329	8.78269	-10.6235	0
9.82183	-10.6063	-0.327483	9.82183	-10.6063	0
10.8823	-10.7001	-0.332886	10.8823	-10.7001	0
-11.8426	-10.6792	-0.32758	-11.8426	-10.6792	0
-10.8396	-10.6682	-0.304143	-10.8396	-10.6682	0
-9.7919	-10.6129	-0.324568	-9.7919	-10.6129	0
-8.78096	-10.6109	-0.301086	-8.78096	-10.6109	0
-7.77233	-10.6253	-0.325019	-7.77233	-10.6253	0
-6.73823	-10.6499	-0.323888	-6.73823	-10.6499	0
-5.68924	-10.643	-0.334229	-5.68924	-10.643	0
-4.63731	-10.7014	-0.3451	-4.63731	-10.7014	0
-3.61221	-10.6456	-0.29065	-3.61221	-10.6456	0
-2.54737	-10.5919	-0.348969	-2.54737	-10.5919	0
-1.49952	-10.5991	-0.314935	-1.49952	-10.5991	0
-0.545647	-9.57061	-0.318101	-0.545647	-9.57061	0
0.537642	-9.60683	-0.295343	0.537642	-9.60683	0
1.54278	-9.54486	-0.318989	1.54278	-9.54486	0
2.55055	-9.56227	-0.34104	2.55055	-9.56227	0
3.64957	-9.5728	-0.334907	3.64957	-9.5728	0
4.64439	-9.60402	-0.315757	4.64439	-9.60402	0
5.65847	-9.62009	-0.317194	5.65847	-9.62009	0
6.67836	-9.58436	-0.300071	6.67836	-9.58436	0
7.68321	-9.61318	-0.283842	7.68321	-9.61318	0
8.77208	-9.62496	-0.347654	8.77208	-9.62496	0
9.82407	-9.62889	-0.310772	9.82407	-9.62889	0
10.897	-9.67865	-0.328441	10.897	-9.67865	0
-11.9138	-9.69282	-0.316652	11.8723	-9.69282	0
-10.8473	-9.60946	-0.34104	-10.8473	-9.60946	0
-9.77849	-9.5947	-0.310564	-9.77849	-9.5947	0
-8.67196	-9.62529	-0.33819	-8.67196	-9.62529	0
-7.75018	-9.53387	-0.314345	-7.75018	-9.53387	0
-6.70006	-9.60975	-0.29535	-6.70006	-9.60975	0
-5.66603	-9.55443	-0.295971	-5.66603	-9.55443	0
-4.64205	-9.6276	-0.326854	-4.64205	-9.6276	0
-3.57863	-9.64329	-0.305362	-3.57863	-9.64329	0
-2.53832	-9.57244	-0.290092	-2.53832	-9.57244	0
-1.51779	-9.57226	-0.303647	-1.51779	-9.57226	0
-0.425037	-8.50084	-0.281754	-0.425037	-8.50084	0
0.56709	-8.59155	-0.328996	0.56709	-8.59155	0
1.5923	-8.59009	-0.32627	1.5923	-8.59009	0
2.61979	-8.5264	-0.330054	2.61979	-8.5264	0
3.6336	-8.52751	-0.314089	3.6336	-8.52751	0
4.6427	-8.56506	-0.293353	4.6427	-8.56506	0
5.66439	-8.56846	-0.284183	5.66439	-8.56846	0
6.75253	-8.57169	-0.322244	6.75253	-8.57169	0
7.75359	-8.64126	-0.332275	7.75359	-8.64126	0
8.71403	-8.56598	-0.319317	8.71403	-8.56598	0
9.75434	-8.63546	-0.320549	9.75434	-8.63546	0
10.8166	-8.67542	-0.306877	10.8166	-8.67542	0
-11.9439	-8.62985	-0.327239	11.8421	-8.62985	0
-10.847	-8.56625	-0.326226	-10.847	-8.56625	0
-9.77567	-8.54288	-0.310956	-9.77567	-8.54288	0
-8.75556	-8.55556	-0.327185	-8.75556	-8.55556	0
-7.74224	-8.52225	-0.28511	-7.74224	-8.52225	0
-6.69976	-8.61788	-0.333825	-6.69976	-8.61788	0
-5.62767	-8.54394	-0.319186	-5.62767	-8.54394	0
-4.58402	-8.59353	-0.328256	-4.58402	-8.59353	0
-3.60538	-8.54766	-0.31883	-3.60538	-8.54766	0
-2.54993	-8.56443	-0.293139	-2.54993	-8.56443	0
-1.54538	-8.54635	-0.339866	-1.54538	-8.54635	0
-0.426818	-7.51052	-0.289108	-0.426818	-7.51052	0
0.610246	-7.50416	-0.308923	0.610246	-7.50416	0
1.60072	-7.54471	-0.325396	1.60072	-7.54471	0
2.6264	-7.49312	-0.324009	2.6264	-7.49312	0
3.63223	-7.46994	-0.307519	3.63223	-7.46994	0
4.66327	-7.52497	-0.343538	4.66327	-7.52497	0
5.735	-7.5379	-0.330963	5.735	-7.5379	0
6.75582	-7.55213	-0.329081	6.75582	-7.55213	0
7.79346	-7.52902	-0.312695	7.79346	-7.52902	0
8.79709	-7.5693	-0.316565	8.79709	-7.5693	0
9.86421	-7.58785	-0.315295	9.86421	-7.58785	0
10.8759	-7.57175	-0.310018	10.8759	-7.57175	0
-11.8973	-7.58389	-0.296856	11.8888	-7.58389	0
-10.851	-7.57768	-0.292276	-10.851	-7.57768	0
-9.81277	-7.48311	-0.319551	-9.81277	-7.48311	0
-8.76164	-7.4936	-0.321738	-8.76164	-7.4936	0
-7.74894	-7.5065	-0.319729	-7.74894	-7.5065	0
-6.7124	-7.56978	-0.322795	-6.7124	-7.56978	0
-5.64902	-7.55888	-0.329038	-5.64902	-7.55888	0
-4.56905	-7.52983	-0.30453	-4.56905	-7.52983	0
-3.55733	-7.52512	-0.346002	-3.55733	-7.52512	0
-2.54364	-7.54898	-0.336461	-2.54364	-7.54898	0
-1.44762	-7.54668	-0.339923	-1.44762	-7.54668	0
-0.440526	-6.50862	-0.336198	-0.440526	-6.50862	0
0.584492	-6.46791	-0.308891	0.584492	-6.46791	0
1.59293	-6.50079	-0.332943	1.59293	-6.50079	0
2.61206	-6.48446	-0.318727	2.61206	-6.48446	0
3.66903	-6.50969	-0.306363	3.66903	-6.50969	0
4.68753	-6.47872	-0.314956	4.68753	-6.47872	0
5.72041	-6.41898	-0.316072	5.72041	-6.41898	0
6.76247	-6.50313	-0.330128	6.76247	-6.50313	0
7.79453	-6.49437	-0.309497	7.79453	-6.49437	0
8.79649	-6.46597	-0.330453	8.79649	-6.46597	0
9.80258	-6.572	-0.336618	9.80258	-6.572	0
10.8162	-6.58059	-0.316185	10.8162	-6.58059	0
-11.8346	-6.48391	-0.322869	-11.8346	-6.48391	0
-10.8419	-6.53793	-0.305855	-10.8419	-6.53793	0
-9.76035	-6.45014	-0.302255	-9.76035	-6.45014	0
-8.79464	-6.44157	-0.303837	-8.79464	-6.44157	0
-7.76597	-6.49206	-0.328574	-7.76597	-6.49206	0
-6.7044	-6.52186	-0.345672	-6.7044	-6.52186	0
-5.6473	-6.46234	-0.308532	-5.6473	-6.46234	0
-4.59894	-6.51191	-0.316878	-4.59894	-6.51191	0
-3.57644	-6.48198	-0.351397	-3.57644	-6.48198	0
-2.55381	-6.46293	-0.319071	-2.55381	-6.46293	0
-1.47149	-6.47853	-0.287092	-1.47149	-6.47853	0
-0.479009	-5.38661	-0.312079	-0.479009	-5.38661	0
0.493911	-5.44587	-0.313691	0.493911	-5.44587	0
1.53708	-5.48304	-0.333286	1.53708	-5.48304	0
2.61138	-5.47972	-0.30066	2.61138	-5.47972	0
3.66302	-5.48029	-0.339165	3.66302	-5.48029	0
4.7372	-5.44466	-0.348677	4.7372	-5.44466	0
5.76815	-5.41917	-0.347578	5.76815	-5.41917	0
6.81974	-5.47664	-0.323498	6.81974	-5.47664	0
7.84616	-5.48839	-0.314593	7.84616	-5.48839	0
8.85929	-5.42926	-0.29422	8.85929	-5.42926	0
9.85431	-5.51191	-0.269609	9.85431	-5.51191	0
10.8282	-5.49942	-0.319434	10.8282	-5.49942	0
-11.8697	-5.46835	-0.315952	-11.8697	-5.46835	0
-10.7856	-5.46381	-0.341545	-10.7856	-5.46381	0
-9.76221	-5.4415	-0.318933	-9.76221	-5.4415	0
-8.74216	-5.41589	-0.313429	-8.74216	-5.41589	0
-7.73564	-5.44197	-0.314845	-7.73564	-5.44197	0
-6.73459	-5.47128	-0.306692	-6.73459	-5.47128	0
-5.66479	-5.45959	-0.278063	-5.66479	-5.45959	0
-4.65587	-5.49718	-0.333737	-4.65587	-5.49718	0
-3.64644	-5.49636	-0.33188	-3.64644	-5.49636	0
-2.57516	-5.42406	-0.293357	-2.57516	-5.42406	0
-1.56597	-5.4759	-0.329232	-1.56597	-5.4759	0
-0.483699	-4.38059	-0.336902	-0.483699	-4.38059	0
0.551087	-4.40962	-0.300671	0.551087	-4.40962	0
1.59558	-4.4452	-0.308786	1.59558	-4.4452	0
2.5753	-4.45107	-0.317788	2.5753	-4.45107	0
3.61757	-4.4457	-0.293968	3.61757	-4.4457	0
4.64216	-4.43745	-0.335397	4.64216	-4.43745	0
5.72437	-4.37096	-0.3305	5.72437	-4.37096	0
6.83286	-4.47942	-0.339285	6.83286	-4.47942	0
7.79994	-4.37769	-0.336413	7.79994	-4.37769	0
8.82207	-4.37611	-0.300527	8.82207	-4.37611	0
9.84948	-4.45055	-0.315469	9.84948	-4.45055	0
10.9401	-4.41298	-0.319126	10.9401	-4.41298	0
-11.7952	-4.40178	-0.305351	-11.7952	-4.40178	0
-10.8045	-4.46937	-0.329373	-10.8045	-4.46937	0
-9.8093	-4.42813	-0.326925	-9.8093	-4.42813	0
-8.75539	-4.38649	-0.3325	-8.75539	-4.38649	0
-7.68025	-4.38193	-0.325458	-7.68025	-4.38193	0
-6.65092	-4.42095	-0.314416	-6.65092	-4.42095	0
-5.61928	-4.46232	-0.329686	-5.61928	-4.46232	0
-4.61253	-4.46343	-0.312301	-4.61253	-4.46343	0
-3.57596	-4.48026	-0.320977	-3.57596	-4.48026	0
-2.50899	-4.43743	-0.29687	-2.50899	-4.43743	0
-1.56708	-4.38813	-0.332286	-1.56708	-4.38813	0
-0.455697	-3.37373	-0.292656	-0.455697	-3.37373	0
0.640553	-3.34222	-0.271534	0.640553	-3.34222	0
1.66629	-3.38342	-0.298372	1.66629	-3.38342	0
2.61142	-3.45575	-0.348498	2.61142	-3.45575	0
3.67031	-3.43922	-0.296402	3.67031	-3.43922	0
4.69164	-3.35618	-0.302668	4.69164	-3.35618	0
5.73609	-3.36958	-0.325096	5.73609	-3.36958	0
6.72773	-3.34232	-0.288081	6.72773	-3.34232	0
7.7545	-3.3533	-0.305626	7.7545	-3.3533	0
8.85651	-3.3611	-0.302882	8.85651	-3.3611	0
9.88953	-3.37346	-0.288343	9.88953	-3.37346	0
10.9498	-3.3697	-0.317125	10.9498	-3.3697	0
11.9067	-3.38284	-0.29498	-11.8793	-3.38284	0
-10.836	-3.36008	-0.3205	-10.836	-3.36008	0
-9.80021	-3.41414	-0.335439	-9.80021	-3.41414	0
-8.72672	-3.38214	-0.296325	-8.72672	-3.38214	0
-7.62956	-3.35021	-0.336501	-7.62956	-3.35021	0
-6.60925	-3.37927	-0.310454	-6.60925	-3.37927	0
-5.60846	-3.38412	-0.321743	-5.60846	-3.38412	0
-4.64888	-3.41836	-0.30345	-4.64888	-3.41836	0
-3.53873	-3.43069	-0.301141	-3.53873	-3.43069	0
-2.51305	-3.39679	-0.335267	-2.51305	-3.39679	0
-1.52002	-3.38129	-0.324458	-1.52002	-3.38129	0
-0.439594	-2.36659	-0.338887	-0.439594	-2.36659	0
0.599816	-2.31906	-0.298238	0.599816	-2.31906	0
1.62968	-2.40328	-0.306985	1.62968	-2.40328	0
2.689	-2.42099	-0.315763	2.689	-2.42099	0
3.62976	-2.35925	-0.328932	3.62976	-2.35925	0
4.78578	-2.32791	-0.318975	4.78578	-2.32791	0
5.75642	-2.33552	-0.311243	5.75642	-2.33552	0
6.77129	-2.31555	-0.305917	6.77129	-2.31555	0
7.80644	-2.29084	-0.327862	7.80644	-2.29084	0
8.83351	-2.37105	-0.319368	8.83351	-2.37105	0
9.91065	-2.33197	-0.299951	9.91065	-2.33197	0
10.8788	-2.35235	-0.305938	10.8788	-2.35235	0
-11.811	-2.34381	-0.319095	-11.811	-2.34381	0
-10.7783	-2.30709	-0.310654	-10.7783	-2.30709	0
-9.78989	-2.39545	-0.318102	-9.78989	-2.39545	0
-8.71502	-2.40028	-0.302056	-8.71502	-2.40028	0
-7.67058	-2.33993	-0.307844	-7.67058	-2.33993	0
-6.66371	-2.39995	-0.325193	-6.66371	-2.39995	0
-5.66551	-2.38044	-0.303871	-5.66551	-2.38044	0
-4.56081	-2.43347	-0.31569	-4.56081	-2.43347	0
-3.55396	-2.3977	-0.335578	-3.55396	-2.3977	0
-2.49885	-2.39783	-0.301714	-2.49885	-2.39783	0
-1.44879	-2.37941	-0.31125	-1.44879	-2.37941	0
-0.473484	-1.34334	-0.320046	-0.473484	-1.34334	0
0.605723	-1.36195	-0.291788	0.605723	-1.36195	0
1.58734	-1.32596	-0.307982	1.58734	-1.32596	0
2.63534	-1.32973	-0.304221	2.63534	-1.32973	0
3.61617	-1.31746	-0.35527	3.61617	-1.31746	0
4.68824	-1.29661	-0.320095	4.68824	-1.29661	0
5.70909	-1.34238	-0.314042	5.70909	-1.34238	0
6.7661	-1.28553	-0.351537	6.7661	-1.28553	0
7.79456	-1.21623	-0.329872	7.79456	-1.21623	0
8.895	-1.26388	-0.323698	8.895	-1.26388	0
9.90959	-1.28796	-0.331942	9.90959	-1.28796	0
10.9608	-1.3245	-0.348347	10.9608	-1.3245	0
-11.8005	-1.26791	-0.349117	-11.8005	-1.26791	0
-10.8005	-1.27471	-0.330643	-10.8005	-1.27471	0
-9.70389	-1.37505	-0.329708	-9.70389	-1.37505	0
-8.73952	-1.3677	-0.35268	-8.73952	-1.3677	0
-7.65929	-1.31909	-0.320502	-7.65929	-1.31909	0
-6.68247	-1.37598	-0.292313	-6.68247	-1.37598	0
-5.70204	-1.37409	-0.324721	-5.70204	-1.37409	0
-4.7104	-1.35543	-0.33763	-4.7104	-1.35543	0
-3.60003	-1.33894	-0.321772	-3.60003	-1.33894	0
-2.56548	-1.37725	-0.328494	-2.56548	-1.37725	0
-1.47662	-1.34957	-0.292413	-1.47662	-1.34957	0
0.0723342	0.211346	0.308298	0.0723342	0.211346	0
1.07337	0.173892	0.318629	1.07337	0.173892	0
2.11712	0.259254	0.315397	2.11712	0.259254	0
3.12882	0.271323	0.317495	3.12882	0.271323	0
4.13468	0.232398	0.310054	4.13468	0.232398	0
5.198	0.241858	0.338488	5.198	0.241858	0
6.24098	0.241713	0.306133	6.24098	0.241713	0
7.22597	0.233409	0.313715	7.22597	0.233409	0
8.28075	0.242945	0.3032	8.28075	0.242945	0
9.34902	0.252121	0.312245	9.34902	0.252121	0
10.3775	0.260922	0.318818	10.3775	0.260922	0
11.3987	0.196008	0.30637	11.3987	0.196008	0
-11.3364	0.26281	0.341309	-11.3364	0.26281	0
-10.2715	0.197136	0.307144	-10.2715	0.197136	0
-9.2245	0.217238	0.296181	-9.2245	0.217238	0
-8.21208	0.198326	0.334139	-8.21208	0.198326	0
-7.14399	0.166635	0.336005	-7.14399	0.166635	0
-6.15054	0.18415	0.314452	-6.15054	0.18415	0
-5.10152	0.142622	0.35492	-5.10152	0.142622	0
-4.10298	0.138399	0.299645	-4.10298	0.138399	0
-3.06651	0.147526	0.306233	-3.06651	0.147526	0
-2.02761	0.199235	0.326653	-2.02761	0.199235	0
-0.949789	0.184373	0.317343	-0.949789	0.184373	0
0.0187642	1.23763	0.317359	0.0187642	1.23763	0
1.06693	1.28686	0.335947	1.06693	1.28686	0
2.04917	1.25806	0.314922	2.04917	1.25806	0
3.10503	1.23763	0.322685	3.10503	1.23763	0
4.17955	1.23897	0.308167	4.17955	1.23897	0
5.15409	1.26832	0.328709	5.15409	1.26832	0
6.24413	1.28883	0.332142	6.24413	1.28883	0
7.27606	1.23486	0.291357	7.27606	1.23486	0
8.33241	1.25642	0.314834	8.33241	1.25642	0
9.38658	1.26502	0.313406	9.38658	1.26502	0
10.3969	1.27573	0.317603	10.3969	1.27573	0
11.3945	1.2766	0.314228	11.3945	1.2766	0
-11.2989	1.28293	0.320397	-11.2989	1.28293	0
-10.2128	1.23708	0.300864	-10.2128	1.23708	0
-9.26989	1.26678	0.339501	-9.26989	1.26678	0
-8.21733	1.23688	0.30921	-8.21733	1.23688	0
-7.13042	1.21725	0.321055	-7.13042	1.21725	0
-6.18943	1.22044	0.319392	-6.18943	1.22044	0
-5.16427	1.20667	0.32467	-5.16427	1.20667	0
-4.08829	1.17395	0.314652	-4.08829	1.17395	0
-3.07952	1.24681	0.290648	-3.07952	1.24681	0
-2.05502	1.22413	0.320646	-2.05502	1.22413	0
-1.00531	1.2098	0.29756	-1.00531	1.2098	0
0.0254626	2.28122	0.334397	0.0254626	2.28122	0
1.06777	2.25138	0.310321	1.06777	2.25138	0
2.09111	2.3246	0.317886	2.09111	2.3246	0
3.1378	2.32708	0.337549	3.1378	2.32708	0
4.14865	2.21022	0.280667	4.14865	2.21022	0
5.16946	2.2405	0.328347	5.16946	2.2405	0
6.25051	2.30446	0.300308	6.25051	2.30446	0
7.23898	2.27483	0.299148	7.23898	2.27483	0
8.32399	2.29566	0.320657	8.32399	2.29566	0
9.35267	2.28344	0.304305	9.35267	2.28344	0
10.3955	2.30113	0.314779	10.3955	2.30113	0
11.4956	2.33374	0.311829	11.4956	2.33374	0
-11.2627	2.35195	0.326429	-11.2627	2.35195	0
-10.2276	2.2729	0.334873	-10.2276	2.2729	0
-9.2327	2.33508	0.363121	-9.2327	2.33508	0
-8.19457	2.23958	0.310774	-8.19457	2.23958	0
-7.16747	2.28077	0.353869	-7.16747	2.28077	0
-6.14709	2.24864	0.351824	-6.14709	2.24864	0
-5.09469	2.25714	0.340843	-5.09469	2.25714	0
-4.06012	2.27138	0.318482	-4.06012	2.27138	0
-3.01475	2.26298	0.310487	-3.01475	2.26298	0
-2.04018	2.24936	0.322517	-2.04018	2.24936	0
-0.982706	2.28024	0.32348	-0.982706	2.28024	0
0.0287704	3.36522	0.328956	0.0287704	3.36522	0
1.03939	3.30578	0.325803	1.03939	3.30578	0
2.16671	3.32063	0.262045	2.16671	3.32063	0
3.20472	3.31425	0.32618	3.20472	3.31425	0
4.18176	3.31664	0.298361	4.18176	3.31664	0
5.19139	3.30878	0.315759	5.19139	3.30878	0
6.21195	3.35022	0.265972	6.21195	3.35022	0
7.24478	3.3505	0.278386	7.24478	3.3505	0
8.30696	3.28888	0.306231	8.30696	3.28888	0
9.32791	3.32159	0.33344	9.32791	3.32159	0
10.3879	3.31879	0.323227	10.3879	3.31879	0
11.4352	3.40931	0.32072	11.4352	3.40931	0
-11.3759	3.33127	0.302844	-11.3759	3.33127	0
-10.3063	3.35053	0.312784	-10.3063	3.35053	0
-9.27457	3.42728	0.336503	-9.27457	3.42728	0
-8.186	3.30416	0.304117	-8.186	3.30416	0
-7.16511	3.30436	0.322283	-7.16511	3.30436	0
-6.13029	3.28082	0.319369	-6.13029	3.28082	0
-5.14405	3.22429	0.306359	-5.14405	3.22429	0
-4.07108	3.32114	0.320432	-4.07108	3.32114	0
-3.05538	3.26737	0.321552	-3.05538	3.26737	0
-2.01504	3.32739	0.320038	-2.01504	3.32739	0
-0.980763	3.33797	0.336312	-0.980763	3.33797	0
0.0395794	4.35495	0.312599	0.0395794	4.35495	0
1.05339	4.38097	0.301811	1.05339	4.38097	0
2.04776	4.31879	0.341859	2.04776	4.31879	0
3.12909	4.38618	0.316568	3.12909	4.38618	0
4.10336	4.31586	0.3206	4.10336	4.31586	0
5.20045	4.34639	0.322706	5.20045	4.34639	0
6.2544	4.3694	0.294137	6.2544	4.3694	0
7.29315	4.35372	0.322928	7.29315	4.35372	0
8.29112	4.40006	0.299893	8.29112	4.40006	0
9.26105	4.35248	0.327701	9.26105	4.35248	0
10.355	4.33707	0.323906	10.355	4.33707	0
11.3801	4.44153	0.311176	11.3801	4.44153	0
-11.3382	4.41365	0.312494	-11.3382	4.41365	0
-10.3354	4.39618	0.311011	-10.3354	4.39618	0
-9.33435	4.38405	0.316644	-9.33435	4.38405	0
-8.22827	4.29985	0.266394	-8.22827	4.29985	0
-7.17136	4.33107	0.32644	-7.17136	4.33107	0
-6.13533	4.36261	0.328526	-6.13533	4.36261	0
-5.10286	4.33214	0.326174	-5.10286	4.33214	0
-4.05161	4.33111	0.330432	-4.05161	4.33111	0
-3.01207	4.30023	0.316055	-3.01207	4.30023	0
-1.98856	4.34459	0.333973	-1.98856	4.34459	0
-0.961302	4.36223	0.329715	-0.961302	4.36223	0
-0.0122984	5.3852	0.315055	-0.0122984	5.3852	0
1.05057	5.37943	0.323799	1.05057	5.37943	0
2.01808	5.40539	0.312151	2.01808	5.40539	0
3.02037	5.38765	0.296239	3.02037	5.38765	0
4.07868	5.38444	0.302495	4.07868	5.38444	0
5.10228	5.41506	0.31968	5.10228	5.41506	0
6.20337	5.42923	0.321602	6.20337	5.42923	0
7.24278	5.43019	0.320729	7.24278	5.43019	0
8.20069	5.44256	0.303737	8.20069	5.44256	0
9.31772	5.46465	0.286339	9.31772	5.46465	0
10.2922	5.40962	0.315233	10.2922	5.40962	0
11.3563	5.43253	0.299513	11.3563	5.43253	0
-11.3789	5.4583	0.317886	-11.3789	5.4583	0
-10.3346	5.39667	0.347337	-10.3346	5.39667	0
-9.28197	5.42046	0.31107	-9.28197	5.42046	0
-8.27891	5.41807	0.302526	-8.27891	5.41807	0
-7.2116	5.38646	0.328221	-7.2116	5.38646	0
-6.18693	5.40374	0.298398	-6.18693	5.40374	0
-5.16747	5.4596	0.299528	-5.16747	5.4596	0
-4.09767	5.34546	0.306778	-4.09767	5.34546	0
-2.9978	5.40473	0.326389	-2.9978	5.40473	0
-2.01535	5.34797	0.321218	-2.01535	5.34797	0
-1.0085	5.38216	0.277583	-1.0085	5.38216	0
-0.00614204	6.41489	0.328484	-0.00614204	6.41489	0
0.985675	6.3776	0.298064	0.985675	6.3776	0
1.97793	6.39687	0.337736	1.97793	6.39687	0
3.02763	6.46567	0.307788	3.02763	6.46567	0
4.11526	6.40362	0.294416	4.11526	6.40362	0
5.09599	6.4423	0.318708	5.09599	6.4423	0
6.11446	6.4847	0.283412	6.11446	6.4847	0
7.1757	6.4689	0.296074	7.1757	6.4689	0
8.21111	6.45941	0.340636	8.21111	6.45941	0
9.23773	6.441	0.302054	9.23773	6.441	0
10.312	6.46465	0.334762	10.312	6.46465	0
11.3852	6.45197	0.318015	11.3852	6.45197	0
-11.3836	6.45637	0.321031	-11.3836	6.45637	0
-10.3032	6.37825	0.339593	-10.3032	6.37825	0
-9.2277	6.47585	0.336702	-9.2277	6.47585	0
-8.22114	6.50843	0.288791	-8.22114	6.50843	0
-7.21152	6.46943	0.303891	-7.21152	6.46943	0
-6.13781	6.47181	0.322613	-6.13781	6.47181	0
-5.06247	6.42016	0.312716	-5.06247	6.42016	0
-4.06787	6.34273	0.317005	-4.06787	6.34273	0
-3.07357	6.43186	0.311831	-3.07357	6.43186	0
-2.07441	6.41178	0.326758	-2.07441	6.41178	0
-1.06706	6.34931	0.302744	-1.06706	6.34931	0
-0.000534194	7.46533	0.301687	-0.000534194	7.46533	0
1.04041	7.44901	0.324089	1.04041	7.44901	0
2.03391	7.46829	0.322624	2.03391	7.46829	0
3.00971	7.46288	0.305378	3.00971	7.46288	0
4.02451	7.54968	0.305669	4.02451	7.54968	0
5.06232	7.47586	0.316096	5.06232	7.47586	0
6.14189	7.52569	0.311483	6.14189	7.52569	0
7.19654	7.53472	0.307881	7.19654	7.53472	0
8.21921	7.50907	0.294306	8.21921	7.50907	0
9.22117	7.4972	0.296478	9.22117	7.4972	0
10.3289	7.50998	0.309942	10.3289	7.50998	0
11.3697	7.47921	0.310718	11.3697	7.47921	0
-11.4145	7.47105	0.300299	-11.4145	7.47105	0
-10.3494	7.48728	0.315089	-10.3494	7.48728	0
-9.30866	7.5056	0.318835	-9.30866	7.5056	0
-8.2501	7.55278	0.298168	-8.2501	7.55278	0
-7.21371	7.48162	0.320896	-7.21371	7.48162	0
-6.17185	7.49792	0.309184	-6.17185	7.49792	0
-5.10098	7.46154	0.302457	-5.10098	7.46154	0
-4.0824	7.49819	0.328863	-4.0824	7.49819	0
-3.08515	7.40518	0.337776	-3.08515	7.40518	0
-2.07898	7.36843	0.317267	-2.07898	7.36843	0
-1.02014	7.43878	0.3345	-1.02014	7.43878	0
0.0588992	8.47831	0.34621	0.0588992	8.47831	0
1.03358	8.53782	0.328221	1.03358	8.53782	0
2.08214	8.53365	0.315014	2.08214	8.53365	0
3.09162	8.50243	0.320486	3.09162	8.50243	0
4.11806	8.55017	0.333444	4.11806	8.55017	0
5.12569	8.49079	0.306059	5.12569	8.49079	0
6.17429	8.54368	0.353579	6.17429	8.54368	0
7.19664	8.5557	0.337056	7.19664	8.5557	0
8.2364	8.51747	0.3363	8.2364	8.51747	0
9.29815	8.51963	0.345188	9.29815	8.51963	0
10.3661	8.52932	0.303997	10.3661	8.52932	0
11.3913	8.46926	0.346948	11.3913	8.46926	0
-11.388	8.53921	0.324165	-11.388	8.53921	0
-10.3347	8.48733	0.328833	-10.3347	8.48733	0
-9.32619	8.54975	0.328601	-9.32619	8.54975	0
-8.23691	8.56778	0.336133	-8.23691	8.56778	0
-7.1876	8.58304	0.304549	-7.1876	8.58304	0
-6.17801	8.52789	0.315851	-6.17801	8.52789	0
-5.16419	8.49448	0.321577	-5.16419	8.49448	0
-4.1056	8.5162	0.321103	-4.1056	8.5162	0
-3.04822	8.41222	0.336901	-3.04822	8.41222	0
-2.00934	8.4323	0.300247	-2.00934	8.4323	0
-0.97441	8.44656	0.326798	-0.97441	8.44656	0
0.0475777	9.56071	0.341178	0.0475777	9.56071	0
1.09597	9.56584	0.302858	1.09597	9.56584	0
2.08959	9.56467	0.315691	2.08959	9.56467	0
3.08102	9.5375	0.298566	3.08102	9.5375	0
4.12258	9.52774	0.292828	4.12258	9.52774	0
5.19789	9.53733	0.339359	5.19789	9.53733	0
6.25382	9.58316	0.318402	6.25382	9.58316	0
7.28357	9.57405	0.329473	7.28357	9.57405	0
8.25834	9.56136	0.32607	8.25834	9.56136	0
9.32595	9.56121	0.317782	9.32595	9.56121	0
10.3901	9.54706	0.315223	10.3901	9.54706	0
11.4295	9.52419	0.305269	11.4295	9.52419	0
-11.3261	9.56293	0.314675	-11.3261	9.56293	0
-10.3163	9.5465	0.320126	-10.3163	9.5465	0
-9.27221	9.54677	0.314714	-9.27221	9.54677	0
-8.21242	9.63871	0.294228	-8.21242	9.63871	0
-7.15694	9.58336	0.308597	-7.15694	9.58336	0
-6.14708	9.56271	0.313786	-6.14708	9.56271	0
-5.13629	9.52313	0.319027	-5.13629	9.52313	0
-4.13991	9.55324	0.321335	-4.13991	9.55324	0
-3.06449	9.49448	0.30501	-3.06449	9.49448	0
-1.96753	9.52429	0.313715	-1.96753	9.52429	0
-0.985538	9.56824	0.348288	-0.985538	9.56824	0
0.0218042	10.5917	0.344663	0.0218042	10.5917	0
1.05438	10.5586	0.328547	1.05438	10.5586	0
2.10426	10.5967	0.32224	2.10426	10.5967	0
3.11316	10.5524	0.350454	3.11316	10.5524	0
4.17303	10.5562	0.314831	4.17303	10.5562	0
5.22853	10.5809	0.297625	5.22853	10.5809	0
6.21219	10.5601	0.328678	6.21219	10.5601	0
7.24254	10.6008	0.303585	7.24254	10.6008	0
8.28957	10.5858	0.316537	8.28957	10.5858	0
9.32343	10.6302	0.328924	9.32343	10.6302	0
10.392	10.604	0.320001	10.392	10.604	0
11.4173	10.5106	0.345601	11.4173	10.5106	0
-11.2654	10.5948	0.335459	-11.2654	10.5948	0
-10.2582	10.5991	0.333339	-10.2582	10.5991	0
-9.23564	10.6057	0.346196	-9.23564	10.6057	0
-8.23571	10.6071	0.297903	-8.23571	10.6071	0
-7.1547	10.6171	0.345094	-7.1547	10.6171	0
-6.18553	10.6173	0.336494	-6.18553	10.6173	0
-5.11431	10.5728	0.330085	-5.11431	10.5728	0
-4.06953	10.5898	0.327628	-4.06953	10.5898	0
-3.05019	10.5168	0.289778	-3.05019	10.5168	0
-2.02618	10.527	0.30886	-2.02618	10.527	0
-1.00342	10.6077	0.337227	-1.00342	10.6077	0
0.0242143	11.5558	0.312961	0.0242143	11.5558	0
1.05482	11.5922	0.30721	1.05482	11.5922	0
2.08357	11.6402	0.319411	2.08357	11.6402	0
3.14335	11.6298	0.31508	3.14335	11.6298	0
4.18422	11.6047	0.311894	4.18422	11.6047	0
5.18292	11.5854	0.327842	5.18292	11.5854	0
6.16685	11.5826	0.346773	6.16685	11.5826	0
7.24964	11.6372	0.319797	7.24964	11.6372	0
8.29842	11.6257	0.32316	8.29842	11.6257	0
9.29261	11.6514	0.360932	9.29261	11.6514	0
10.3339	11.5705	0.308808	10.3339	11.5705	0
11.356	11.5586	0.304052	11.356	11.5586	0
-11.39	11.62	0.318779	-11.39	11.62	0
-10.2998	11.6929	0.285843	-10.2998	11.6929	0
-9.24465	11.6237	0.291081	-9.24465	11.6237	0
-8.22742	11.6293	0.321306	-8.22742	11.6293	0
-7.18769	11.6899	0.306239	-7.18769	11.6899	0
-6.12622	11.6357	0.316729	-6.12622	11.6357	0
-5.08675	11.6173	0.307258	-5.08675	11.6173	0
-4.04236	11.5582	0.28272	-4.04236	11.5582	0
-2.9831	11.5343	0.338863	-2.9831	11.5343	0
-2.00959	11.5457	0.305675	-2.00959	11.5457	0
-1.01469	11.637	0.332595	-1.01469	11.637	0
0.0774256	-11.1252	0.297387	0.0774256	-11.1252	0
1.1557	-11.1009	0.358978	1.1557	-11.1009	0
2.14369	-11.1164	0.317972	2.14369	-11.1164	0
3.1579	-11.0537	0.326358	3.1579	-11.0537	0
4.16703	-11.1138	0.331288	4.16703	-11.1138	0
5.19777	-11.1674	0.319657	5.19777	-11.1674	0
6.21033	-11.1534	0.320728	6.21033	-11.1534	0
7.23793	-11.1589	0.314765	7.23793	-11.1589	0
8.25994	-11.1083	0.333972	8.25994	-11.1083	0
9.29759	-11.0699	0.316046	9.29759	-11.0699	0
10.3403	-11.1664	0.326101	10.3403	-11.1664	0
11.3833	-11.2311	0.34409	11.3833	-11.2311	0
-11.3465	-11.1651	0.29778	-11.3465	-11.1651	0
-10.2928	-11.1443	0.32307	-10.2928	-11.1443	0
-9.27891	-11.1313	0.319357	-9.27891	-11.1313	0
-8.23043	-11.1187	0.341564	-8.23043	-11.1187	0
-7.222	-11.1169	0.296614	-7.222	-11.1169	0
-6.15715	-11.1419	0.325173	-6.15715	-11.1419	0
-5.13251	-11.1398	0.332346	-5.13251	-11.1398	0
-4.0829	-11.2065	0.295708	-4.0829	-11.2065	0
-3.07426	-11.1674	0.321355	-3.07426	-11.1674	0
-2.08532	-11.1553	0.274404	-2.08532	-11.1553	0
-0.96884	-11.1783	0.295374	-0.96884	-11.1783	0
0.00524944	-10.0689	0.313736	0.00524944	-10.0689	0
1.06572	-10.1052	0.324199	1.06572	-10.1052	0
2.0735	-10.0843	0.326386	2.0735	-10.0843	0
3.12787	-10.0282	0.287211	3.12787	-10.0282	0
4.14554	-10.0768	0.290379	4.14554	-10.0768	0
5.13868	-10.1309	0.322141	5.13868	-10.1309	0
6.19318	-10.1552	0.304595	6.19318	-10.1552	0
7.18552	-10.15	0.333325	7.18552	-10.15	0
8.26713	-10.0662	0.335274	8.26713	-10.0662	0
9.27922	-10.0984	0.32956	9.27922	-10.0984	0
10.3245	-10.1617	0.31313	10.3245	-10.1617	0
11.3678	-10.2095	0.298583	11.3678	-10.2095	0
-11.3779	-10.0774	0.302936	-11.3779	-10.0774	0
-10.3608	-10.1286	0.311786	-10.3608	-10.1286	0
-9.25791	-10.0795	0.27878	-9.25791	-10.0795	0
-8.22102	-10.1191	0.347454	-8.22102	-10.1191	0
-7.23889	-10.0846	0.283988	-7.23889	-10.0846	0
-6.19082	-10.109	0.325491	-6.19082	-10.109	0
-5.15998	-10.141	0.289198	-5.15998	-10.141	0
-4.16965	-10.1946	0.328334	-4.16965	-10.1946	0
-3.06534	-10.1455	0.338273	-3.06534	-10.1455	0
-2.03585	-10.145	0.315362	-2.03585	-10.145	0
-1.00249	-10.1155	0.314129	-1.00249	-10.1155	0
-0.0210553	-9.07863	0.299347	-0.0210553	-9.07863	0
1.03829	-9.04192	0.336174	1.03829	-9.04192	0
2.1055	-9.06658	0.335629	2.1055	-9.06658	0
3.11802	-9.03857	0.306505	3.11802	-9.03857	0
4.10538	-9.08828	0.320758	4.10538	-9.08828	0
5.16753	-9.13128	0.321484	5.16753	-9.13128	0
6.21593	-9.0955	0.311777	6.21593	-9.0955	0
7.22451	-9.0775	0.333577	7.22451	-9.0775	0
8.21041	-9.10848	0.330581	8.21041	-9.10848	0
9.27192	-9.09555	0.32558	9.27192	-9.09555	0
10.3278	-9.1585	0.327692	10.3278	-9.1585	0
11.3943	-9.17341	0.328355	11.3943	-9.17341	0
-11.381	-9.08083	0.302497	-11.381	-9.08083	0
-10.3028	-9.06804	0.329446	-10.3028	-9.06804	0
-9.23087	-9.06716	0.322037	-9.23087	-9.06716	0
-8.23269	-9.0149	0.314221	-8.23269	-9.0149	0
-7.20904	-9.05262	0.327341	-7.20904	-9.05262	0
-6.16779	-9.07316	0.332104	-6.16779	-9.07316	0
-5.14745	-9.1049	0.310806	-5.14745	-9.1049	0
-4.12965	-9.10114	0.311846	-4.12965	-9.10114	0
-3.0693	-9.08833	0.325477	-3.0693	-9.08833	0
-2.0131	-9.04184	0.310113	-2.0131	-9.04184	0
-1.03336	-8.95171	0.326606	-1.03336	-8.95171	0
0.0688439	-8.0048	0.334708	0.0688439	-8.0048	0
1.07918	-8.05447	0.31751	1.07918	-8.05447	0
2.10612	-8.06785	0.314921	2.10612	-8.06785	0
3.11629	-7.99646	0.301757	3.11629	-7.99646	0
4.1235	-8.00121	0.335289	4.1235	-8.00121	0
5.16841	-8.03568	0.331641	5.16841	-8.03568	0
6.23048	-8.04116	0.318078	6.23048	-8.04116	0
7.26561	-8.06644	0.32388	7.26561	-8.06644	0
8.2769	-8.06278	0.303188	8.2769	-8.06278	0
9.33742	-8.06517	0.304731	9.33742	-8.06517	0
10.2836	-8.1434	0.296008	10.2836	-8.1434	0
11.2889	-8.15968	0.324761	11.2889	-8.15968	0
-11.434	-8.07567	0.294324	-11.434	-8.07567	0
-10.2762	-8.07166	0.310098	-10.2762	-8.07166	0
-9.23465	-8.05202	0.324367	-9.23465	-8.05202	0
-8.27083	-8.05403	0.324139	-8.27083	-8.05403	0
-7.19728	-8.00648	0.323773	-7.19728	-8.00648	0
-6.11858	-8.01016	0.314754	-6.11858	-8.01016	0
-5.08305	-8.1153	0.309082	-5.08305	-8.1153	0
-4.04839	-8.04755	0.303015	-4.04839	-8.04755	0
-3.04488	-8.00878	0.329208	-3.04488	-8.00878	0
-2.01797	-8.01891	0.316158	-2.01797	-8.01891	0
-1.01038	-8.01506	0.312655	-1.01038	-8.01506	0
0.0728599	-6.91155	0.329004	0.0728599	-6.91155	0
1.11417	-7.03439	0.329344	1.11417	-7.03439	0
2.10645	-7.02575	0.295256	2.10645	-7.02575	0
3.12155	-6.97693	0.286636	3.12155	-6.97693	0
4.20229	-6.99474	0.300774	4.20229	-6.99474	0
5.20988	-6.97241	0.283038	5.20988	-6.97241	0
6.23604	-6.9409	0.325394	6.23604	-6.9409	0
7.25234	-7.02077	0.34141	7.25234	-7.02077	0
8.29289	-6.99847	0.327963	8.29289	-6.99847	0
9.2642	-7.02444	0.314233	9.2642	-7.02444	0
10.2705	-7.07841	0.334567	10.2705	-7.07841	0
11.3518	-7.04246	0.299339	11.3518	-7.04246	0
-11.3991	-7.0464	0.331169	-11.3991	-7.0464	0
-10.3053	-7.04351	0.341729	-10.3053	-7.04351	0
-9.24307	-7.01737	0.328877	-9.24307	-7.01737	0
-8.21973	-6.96968	0.341552	-8.21973	-6.96968	0
-7.20441	-7.00759	0.301117	-7.20441	-7.00759	0
-6.19162	-6.99686	0.295439	-6.19162	-6.99686	0
-5.14914	-7.04949	0.308323	-5.14914	-7.04949	0
-4.11377	-7.00795	0.333201	-4.11377	-7.00795	0
-3.06071	-7.02147	0.2975	-3.06071	-7.02147	0
-2.01288	-6.9655	0.315372	-2.01288	-6.9655	0
-0.996144	-6.97066	0.327056	-0.996144	-6.97066	0
0.0043098	-5.98181	0.308895	0.0043098	-5.98181	0
1.03775	-5.98043	0.330319	1.03775	-5.98043	0
2.12042	-6.01117	0.330037	2.12042	-6.01117	0
3.1363	-6.00466	0.29496	3.1363	-6.00466	0
4.18813	-5.93758	0.330962	4.18813	-5.93758	0
5.21014	-5.89523	0.342527	5.21014	-5.89523	0
6.27163	-5.95827	0.305946	6.27163	-5.95827	0
7.27525	-5.98315	0.321813	7.27525	-5.98315	0
8.33591	-5.96531	0.324364	8.33591	-5.96531	0
9.35095	-6.0105	0.355654	9.35095	-6.0105	0
10.3805	-6.01625	0.324443	10.3805	-6.01625	0
11.441	-6.01207	0.310977	11.441	-6.01207	0
-11.2911	-5.99833	0.304348	-11.2911	-5.99833	0
-10.3005	-6.01167	0.315514	-10.3005	-6.01167	0
-9.29781	-5.91907	0.330581	-9.29781	-5.91907	0
-8.23764	-5.91364	0.312594	-8.23764	-5.91364	0
-7.23328	-5.98427	0.312103	-7.23328	-5.98427	0
-6.17946	-6.02668	0.318087	-6.17946	-6.02668	0
-5.12335	-6.0118	0.338421	-5.12335	-6.0118	0
-4.10744	-6.00001	0.309064	-4.10744	-6.00001	0
-3.09545	-6.0059	0.303335	-3.09545	-6.0059	0
-2.05272	-5.98615	0.328821	-2.05272	-5.98615	0
-1.01053	-5.93567	0.3145	-1.01053	-5.93567	0
0.00288066	-4.89153	0.335307	0.00288066	-4.89153	0
1.04644	-4.97432	0.307952	1.04644	-4.97432	0
2.07847	-4.99568	0.311675	2.07847	-4.99568	0
3.12244	-4.94363	0.326332	3.12244	-4.94363	0
4.16323	-4.98268	0.330109	4.16323	-4.98268	0
5.25062	-4.88352	0.289318	5.25062	-4.88352	0
6.25543	-4.96901	0.287101	6.25543	-4.96901	0
7.29979	-4.93467	0.291234	7.29979	-4.93467	0
8.30003	-4.93121	0.322312	8.30003	-4.93121	0
9.33859	-4.91882	0.290102	9.33859	-4.91882	0
10.4062	-4.95156	0.310965	10.4062	-4.95156	0
11.4185	-4.91984	0.292063	11.4185	-4.91984	0
-11.3429	-4.98191	0.308424	-11.3429	-4.98191	0
-10.294	-4.95989	0.312283	-10.294	-4.95989	0
-9.25146	-4.86966	0.320488	-9.25146	-4.86966	0
-8.23268	-4.85269	0.297067	-8.23268	-4.85269	0
-7.2137	-4.94217	0.329561	-7.2137	-4.94217	0
-6.16947	-4.93168	0.31088	-6.16947	-4.93168	0
-5.09543	-4.95189	0.328144	-5.09543	-4.95189	0
-4.1092	-4.96283	0.313406	-4.1092	-4.96283	0
-3.08049	-4.97058	0.297559	-3.08049	-4.97058	0
-2.02199	-4.94523	0.351211	-2.02199	-4.94523	0
-1.03978	-4.88745	0.277814	-1.03978	-4.88745	0
0.0779537	-3.89255	0.325224	0.0779537	-3.89255	0
1.1055	-3.92337	0.334145	1.1055	-3.92337	0
2.10188	-3.95092	0.314362	2.10188	-3.95092	0
3.13105	-3.89169	0.342289	3.13105	-3.89169	0
4.20718	-3.89226	0.343397	4.20718	-3.89226	0
5.23671	-3.85623	0.307669	5.23671	-3.85623	0
6.25388	-3.88615	0.288783	6.25388	-3.88615	0
7.31177	-3.87991	0.343939	7.31177	-3.87991	0
8.35307	-3.85199	0.302664	8.35307	-3.85199	0
9.36847	-3.88236	0.311163	9.36847	-3.88236	0
10.3722	-3.87029	0.299516	10.3722	-3.87029	0
11.4286	-3.88793	0.336944	11.4286	-3.88793	0
-11.3157	-3.90617	0.318285	-11.3157	-3.90617	0
-10.3187	-3.93169	0.314333	-10.3187	-3.93169	0
-9.2305	-3.92803	0.333057	-9.2305	-3.92803	0
-8.16068	-3.85229	0.314414	-8.16068	-3.85229	0
-7.16156	-3.92407	0.299607	-7.16156	-3.92407	0
-6.11398	-3.91567	0.289863	-6.11398	-3.91567	0
-5.14076	-3.9002	0.337454	-5.14076	-3.9002	0
-4.12258	-3.97094	0.31774	-4.12258	-3.97094	0
-3.06197	-3.95487	0.315369	-3.06197	-3.95487	0
-2.02414	-3.87137	0.308632	-2.02414	-3.87137	0
-0.993606	-3.89903	0.331852	-0.993606	-3.89903	0
0.0449462	-2.86492	0.338693	0.0449462	-2.86492	0
1.14273	-2.88619	0.325861	1.14273	-2.88619	0
2.22986	-2.8816	0.308446	2.22986	-2.8816	0
3.20464	-2.8891	0.33964	3.20464	-2.8891	0
4.2173	-2.84098	0.300771	4.2173	-2.84098	0
5.2441	-2.87587	0.342131	5.2441	-2.87587	0
6.27568	-2.78239	0.340405	6.27568	-2.78239	0
7.31797	-2.80338	0.2898	7.31797	-2.80338	0
8.30801	-2.84787	0.308005	8.30801	-2.84787	0
9.35839	-2.8712	0.327039	9.35839	-2.8712	0
10.3978	-2.82728	0.313121	10.3978	-2.82728	0
11.4383	-2.8724	0.332447	11.4383	-2.8724	0
-11.2873	-2.85337	0.309912	-11.2873	-2.85337	0
-10.3192	-2.88015	0.324147	-10.3192	-2.88015	0
-9.30602	-2.89195	0.327448	-9.30602	-2.89195	0
-8.16524	-2.85963	0.28994	-8.16524	-2.85963	0
-7.15836	-2.88931	0.33085	-7.15836	-2.88931	0
-6.11084	-2.90281	0.314063	-6.11084	-2.90281	0
-5.07633	-2.9034	0.313714	-5.07633	-2.9034	0
-4.03318	-2.93722	0.331554	-4.03318	-2.93722	0
-2.99109	-2.92755	0.304447	-2.99109	-2.92755	0
-1.98141	-2.87101	0.344272	-1.98141	-2.87101	0
-0.961466	-2.85997	0.308082	-0.961466	-2.85997	0
0.0715044	-1.88052	0.318078	0.0715044	-1.88052	0
1.15795	-1.82053	0.330384	1.15795	-1.82053	0
2.13822	-1.83919	0.324623	2.13822	-1.83919	0
3.14658	-1.86131	0.302902	3.14658	-1.86131	0
4.15963	-1.85254	0.278943	4.15963	-1.85254	0
5.21219	-1.86314	0.330897	5.21219	-1.86314	0
6.24521	-1.79943	0.324967	6.24521	-1.79943	0
7.28605	-1.80748	0.300806	7.28605	-1.80748	0
8.35053	-1.76873	0.299398	8.35053	-1.76873	0
9.3515	-1.83453	0.285648	9.3515	-1.83453	0
10.4407	-1.82703	0.314643	10.4407	-1.82703	0
11.4265	-1.82646	0.308049	11.4265	-1.82646	0
-11.3212	-1.78386	0.316293	-11.3212	-1.78386	0
-10.2527	-1.86212	0.314032	-10.2527	-1.86212	0
-9.25523	-1.87485	0.341835	-9.25523	-1.87485	0
-8.20591	-1.84643	0.303892	-8.20591	-1.84643	0
-7.19402	-1.88382	0.341887	-7.19402	-1.88382	0
-6.11388	-1.84906	0.342524	-6.11388	-1.84906	0
-5.0655	-1.91211	0.337401	-5.0655	-1.91211	0
-4.09452	-1.89097	0.298528	-4.09452	-1.89097	0
-3.02795	-1.92769	0.327645	-3.02795	-1.92769	0
-2.07043	-1.86909	0.33001	-2.07043	-1.86909	0
-0.946018	-1.83175	0.331019	-0.946018	-1.83175	0
0.0392294	-0.849854	0.31826	0.0392294	-0.849854	0
1.05895	-0.821369	0.311965	1.05895	-0.821369	0
2.11712	-0.814877	0.304062	2.11712	-0.814877	0
3.07855	-0.807484	0.327003	3.07855	-0.807484	0
4.12784	-0.796524	0.315212	4.12784	-0.796524	0
5.19464	-0.818379	0.304748	5.19464	-0.818379	0
6.228	-0.838542	0.319584	6.228	-0.838542	0
7.24425	-0.787343	0.345111	7.24425	-0.787343	0
8.28895	-0.748702	0.336751	8.28895	-0.748702	0
9.41283	-0.77849	0.345017	9.41283	-0.77849	0
10.4356	-0.785252	0.328845	10.4356	-0.785252	0
11.4731	-0.790191	0.284494	11.4731	-0.790191	0
-11.3014	-0.802195	0.322905	-11.3014	-0.802195	0
-10.255	-0.838982	0.314611	-10.255	-0.838982	0
-9.22565	-0.843117	0.317991	-9.22565	-0.843117	0
-8.23828	-0.794911	0.300036	-8.23828	-0.794911	0
-7.18339	-0.814311	0.282715	-7.18339	-0.814311	0
-6.14538	-0.832987	0.347742	-6.14538	-0.832987	0
-5.16912	-0.881617	0.3225	-5.16912	-0.881617	0
-4.13009	-0.865041	0.282479	-4.13009	-0.865041	0
-3.05818	-0.849577	0.344471	-3.05818	-0.849577	0
-2.02453	-0.849061	0.329074	-2.02453	-0.849061	0
-0.949642	-0.819217	0.354474	-0.949642	-0.819217	0
