-0.329645	0.0918798	-0.330394	-0.329645	0.0918798	0
0.669442	0.0710979	-0.312733	0.669442	0.0710979	0
1.72612	0.156509	-0.327751	1.72612	0.156509	0
2.73676	0.140668	-0.321177	2.73676	0.140668	0
3.75151	0.148331	-0.315351	3.75151	0.148331	0
4.78362	0.0727553	-0.287178	4.78362	0.0727553	0
5.88605	0.100146	-0.344502	5.88605	0.100146	0
6.89107	0.138201	-0.317068	6.89107	0.138201	0
7.92095	0.191947	-0.321895	7.92095	0.191947	0
8.95576	0.206389	-0.324071	8.95576	0.206389	0
9.95189	0.169159	-0.326122	9.95189	0.169159	0
11.083	0.130474	-0.344194	11.083	0.130474	0
-11.7091	0.120491	-0.321937	-11.7091	0.120491	0
-10.6253	0.122231	-0.333569	-10.6253	0.122231	0
-9.58111	0.173694	-0.296887	-9.58111	0.173694	0
-8.55848	0.143391	-0.300249	-8.55848	0.143391	0
-7.5776	0.191446	-0.342131	-7.5776	0.191446	0
-6.50513	0.168502	-0.313703	-6.50513	0.168502	0
-5.54716	0.206129	-0.295916	-5.54716	0.206129	0
-4.5611	0.128976	-0.314929	-4.5611	0.128976	0
-3.46146	0.0244369	-0.280443	-3.46146	0.0244369	0
-2.38914	0.0913399	-0.319844	-2.38914	0.0913399	0
-1.3902	0.0112399	-0.28899	-1.3902	0.0112399	0
-0.368491	1.1203	-0.287727	-0.368491	1.1203	0
0.667422	1.08565	-0.321712	0.667422	1.08565	0
1.69695	1.16702	-0.332912	1.69695	1.16702	0
2.69427	1.18718	-0.315435	2.69427	1.18718	0
3.77235	1.12511	-0.303835	3.77235	1.12511	0
4.78008	1.11006	-0.297615	4.78008	1.11006	0
5.79737	1.14164	-0.309752	5.79737	1.14164	0
6.86294	1.16854	-0.338949	6.86294	1.16854	0
7.91665	1.17493	-0.317346	7.91665	1.17493	0
8.95018	1.15755	-0.332197	8.95018	1.15755	0
10.0173	1.23665	-0.310503	10.0173	1.23665	0
11.0165	1.15663	-0.307729	11.0165	1.15663	0
-11.7234	1.13952	-0.311819	-11.7234	1.13952	0
-10.6866	1.17487	-0.323625	-10.6866	1.17487	0
-9.64682	1.20092	-0.340693	-9.64682	1.20092	0
-8.67366	1.17717	-0.31322	-8.67366	1.17717	0
-7.56954	1.21311	-0.314288	-7.56954	1.21311	0
-6.57606	1.20154	-0.331712	-6.57606	1.20154	0
-5.53858	1.19703	-0.294373	-5.53858	1.19703	0
-4.51965	1.14664	-0.301154	-4.51965	1.14664	0
-3.49243	1.06304	-0.308275	-3.49243	1.06304	0
-2.44111	1.05322	-0.345475	-2.44111	1.05322	0
-1.40043	1.07964	-0.297654	-1.40043	1.07964	0
-0.382783	2.16991	-0.304057	-0.382783	2.16991	0
0.670347	2.15568	-0.290995	0.670347	2.15568	0
1.70119	2.14837	-0.315243	1.70119	2.14837	0
2.74956	2.22752	-0.322184	2.74956	2.22752	0
3.75005	2.14362	-0.325465	3.75005	2.14362	0
4.77818	2.17386	-0.330045	4.77818	2.17386	0
5.83703	2.1236	-0.313983	5.83703	2.1236	0
6.84938	2.18115	-0.309907	6.84938	2.18115	0
7.9175	2.21956	-0.332433	7.9175	2.21956	0
8.93905	2.20715	-0.339973	8.93905	2.20715	0
9.97173	2.21464	-0.350709	9.97173	2.21464	0
11.0218	2.17762	-0.3177	11.0218	2.17762	0
-11.7667	2.20957	-0.319013	-11.7667	2.20957	0
-10.689	2.22889	-0.335771	-10.689	2.22889	0
-9.61224	2.20946	-0.316739	-9.61224	2.20946	0
-8.59488	2.22246	-0.316361	-8.59488	2.22246	0
-7.56258	2.21701	-0.313556	-7.56258	2.21701	0
-6.56769	2.19959	-0.316424	-6.56769	2.19959	0
-5.47324	2.21464	-0.343811	-5.47324	2.21464	0
-4.4867	2.17747	-0.330888	-4.4867	2.17747	0
-3.42209	2.10981	-0.3016	-3.42209	2.10981	0
-2.41249	2.13537	-0.328497	-2.41249	2.13537	0
-1.45362	2.08955	-0.299286	-1.45362	2.08955	0
-0.395901	3.1842	-0.301495	-0.395901	3.1842	0
0.637308	3.2475	-0.314991	0.637308	3.2475	0
1.76724	3.2664	-0.295733	1.76724	3.2664	0
2.73903	3.21464	-0.314551	2.73903	3.21464	0
3.78081	3.18036	-0.330594	3.78081	3.18036	0
4.77849	3.15534	-0.317131	4.77849	3.15534	0
5.84439	3.14129	-0.298629	5.84439	3.14129	0
6.89623	3.20709	-0.312482	6.89623	3.20709	0
7.93034	3.18844	-0.314013	7.93034	3.18844	0
8.96362	3.26442	-0.290184	8.96362	3.26442	0
9.97599	3.30396	-0.332064	9.97599	3.30396	0
11.0285	3.27324	-0.306575	11.0285	3.27324	0
-11.7145	3.21083	-0.284142	-11.7145	3.21083	0
-10.6299	3.23958	-0.330058	-10.6299	3.23958	0
-9.64662	3.23593	-0.311282	-9.64662	3.23593	0
-8.61761	3.27837	-0.319774	-8.61761	3.27837	0
-7.52305	3.23994	-0.312748	-7.52305	3.23994	0
-6.49246	3.26525	-0.315878	-6.49246	3.26525	0
-5.51148	3.23092	-0.325217	-5.51148	3.23092	0
-4.51082	3.16757	-0.339995	-4.51082	3.16757	0
-3.39877	3.18403	-0.32071	-3.39877	3.18403	0
-2.40021	3.1739	-0.305568	-2.40021	3.1739	0
-1.41269	3.1454	-0.294006	-1.41269	3.1454	0
-0.376584	4.24864	-0.332191	-0.376584	4.24864	0
0.680792	4.22546	-0.328199	0.680792	4.22546	0
1.71063	4.24527	-0.277905	1.71063	4.24527	0
2.71251	4.26478	-0.326379	2.71251	4.26478	0
3.74658	4.25309	-0.337013	3.74658	4.25309	0
4.78278	4.21076	-0.335258	4.78278	4.21076	0
5.83329	4.13521	-0.332132	5.83329	4.13521	0
6.89404	4.19028	-0.303325	6.89404	4.19028	0
7.9275	4.20284	-0.29936	7.9275	4.20284	0
8.95032	4.24466	-0.286971	8.95032	4.24466	0
10.0131	4.3432	-0.316899	10.0131	4.3432	0
11.0756	4.31318	-0.30986	11.0756	4.31318	0
-11.6941	4.23786	-0.315246	-11.6941	4.23786	0
-10.6551	4.32909	-0.340401	-10.6551	4.32909	0
-9.6264	4.31326	-0.31112	-9.6264	4.31326	0
-8.5954	4.25103	-0.314396	-8.5954	4.25103	0
-7.58317	4.23537	-0.321659	-7.58317	4.23537	0
-6.49331	4.2522	-0.323231	-6.49331	4.2522	0
-5.49614	4.26508	-0.337246	-5.49614	4.26508	0
-4.40463	4.1669	-0.338453	-4.40463	4.1669	0
-3.46642	4.23435	-0.280301	-3.46642	4.23435	0
-2.40801	4.14265	-0.309126	-2.40801	4.14265	0
-1.41843	4.2222	-0.337235	-1.41843	4.2222	0
-0.341434	5.28375	-0.316347	-0.341434	5.28375	0
0.710181	5.27154	-0.331646	0.710181	5.27154	0
1.72539	5.26539	-0.328731	1.72539	5.26539	0
2.74495	5.26046	-0.290138	2.74495	5.26046	0
3.77055	5.27192	-0.330127	3.77055	5.27192	0
4.79552	5.22339	-0.285122	4.79552	5.22339	0
5.80667	5.22325	-0.319329	5.80667	5.22325	0
6.8894	5.22	-0.324726	6.8894	5.22	0
7.91697	5.21555	-0.293436	7.91697	5.21555	0
8.92777	5.21197	-0.297266	8.92777	5.21197	0
10.0313	5.34985	-0.34791	10.0313	5.34985	0
11.1003	5.35348	-0.334444	11.1003	5.35348	0
-11.717	5.27196	-0.325735	-11.717	5.27196	0
-10.6718	5.32952	-0.330246	-10.6718	5.32952	0
-9.58766	5.2742	-0.343227	-9.58766	5.2742	0
-8.55503	5.26823	-0.297096	-8.55503	5.26823	0
-7.52273	5.26211	-0.287702	-7.52273	5.26211	0
-6.51092	5.31217	-0.306168	-6.51092	5.31217	0
-5.466	5.2406	-0.333079	-5.466	5.2406	0
-4.44939	5.26087	-0.322925	-4.44939	5.26087	0
-3.43534	5.25329	-0.347301	-3.43534	5.25329	0
-2.41948	5.2974	-0.33967	-2.41948	5.2974	0
-1.38624	5.19099	-0.31067	-1.38624	5.19099	0
-0.433662	6.28427	-0.310848	-0.433662	6.28427	0
0.654226	6.30119	-0.315758	0.654226	6.30119	0
1.69514	6.24753	-0.33581	1.69514	6.24753	0
2.80043	6.29819	-0.317352	2.80043	6.29819	0
3.8508	6.29252	-0.293694	3.8508	6.29252	0
4.84688	6.23683	-0.327138	4.84688	6.23683	0
5.88919	6.20918	-0.336969	5.88919	6.20918	0
6.8981	6.23562	-0.300294	6.8981	6.23562	0
7.93849	6.24903	-0.33717	7.93849	6.24903	0
8.95787	6.33721	-0.309058	8.95787	6.33721	0
10.0507	6.3466	-0.302798	10.0507	6.3466	0
11.0539	6.33707	-0.335525	11.0539	6.33707	0
-11.6585	6.28631	-0.30944	-11.6585	6.28631	0
-10.6097	6.33604	-0.343812	-10.6097	6.33604	0
-9.57568	6.35485	-0.300489	-9.57568	6.35485	0
-8.53082	6.32573	-0.301088	-8.53082	6.32573	0
-7.53032	6.2689	-0.32624	-7.53032	6.2689	0
-6.49961	6.28981	-0.302041	-6.49961	6.28981	0
-5.45292	6.25537	-0.317386	-5.45292	6.25537	0
-4.40242	6.32287	-0.31154	-4.40242	6.32287	0
-3.42128	6.28771	-0.322179	-3.42128	6.28771	0
-2.38532	6.25685	-0.319221	-2.38532	6.25685	0
-1.44021	6.27318	-0.298603	-1.44021	6.27318	0
-0.316047	7.3436	-0.310064	-0.316047	7.3436	0
0.725642	7.36275	-0.310868	0.725642	7.36275	0
1.77425	7.33321	-0.325086	1.77425	7.33321	0
2.80724	7.2964	-0.313324	2.80724	7.2964	0
3.8353	7.3229	-0.311175	3.8353	7.3229	0
4.91969	7.33068	-0.33303	4.91969	7.33068	0
5.92565	7.31962	-0.315717	5.92565	7.31962	0
6.94902	7.24875	-0.313804	6.94902	7.24875	0
8.02842	7.31731	-0.312739	8.02842	7.31731	0
9.02531	7.34955	-0.331876	9.02531	7.34955	0
10.0701	7.36317	-0.311265	10.0701	7.36317	0
11.1431	7.3913	-0.318378	11.1431	7.3913	0
-11.6789	7.29716	-0.318811	-11.6789	7.29716	0
-10.6707	7.33093	-0.314255	-10.6707	7.33093	0
-9.68568	7.36049	-0.310303	-9.68568	7.36049	0
-8.59325	7.3577	-0.357892	-8.59325	7.3577	0
-7.53971	7.36869	-0.301932	-7.53971	7.36869	0
-6.51981	7.34989	-0.339289	-6.51981	7.34989	0
-5.51069	7.3367	-0.318884	-5.51069	7.3367	0
-4.42844	7.3428	-0.325397	-4.42844	7.3428	0
-3.3879	7.33145	-0.291652	-3.3879	7.33145	0
-2.41069	7.33471	-0.343429	-2.41069	7.33471	0
-1.33851	7.28879	-0.325594	-1.33851	7.28879	0
-0.335524	8.35597	-0.299408	-0.335524	8.35597	0
0.703858	8.36814	-0.332592	0.703858	8.36814	0
1.77996	8.3027	-0.294575	1.77996	8.3027	0
2.82226	8.33332	-0.330432	2.82226	8.33332	0
3.86635	8.34803	-0.332328	3.86635	8.34803	0
4.8508	8.34099	-0.304347	4.8508	8.34099	0
5.88323	8.32498	-0.308685	5.88323	8.32498	0
6.93728	8.32112	-0.32687	6.93728	8.32112	0
8.02955	8.35294	-0.316538	8.02955	8.35294	0
9.01918	8.3905	-0.323392	9.01918	8.3905	0
10.0242	8.36322	-0.323611	10.0242	8.36322	0
11.1296	8.39996	-0.324402	11.1296	8.39996	0
-11.688	8.37355	-0.324035	-11.688	8.37355	0
-10.7103	8.37464	-0.293375	-10.7103	8.37464	0
-9.68276	8.33216	-0.340316	-9.68276	8.33216	0
-8.64051	8.3879	-0.316674	-8.64051	8.3879	0
-7.61092	8.44186	-0.296057	-7.61092	8.44186	0
-6.51676	8.34732	-0.342985	-6.51676	8.34732	0
-5.51281	8.39787	-0.359769	-5.51281	8.39787	0
-4.44546	8.37744	-0.341196	-4.44546	8.37744	0
-3.36683	8.35032	-0.335492	-3.36683	8.35032	0
-2.35886	8.3889	-0.332851	-2.35886	8.3889	0
-1.3446	8.38491	-0.289875	-1.3446	8.38491	0
-0.280924	9.40153	-0.331371	-0.280924	9.40153	0
0.774878	9.38662	-0.302249	0.774878	9.38662	0
1.77627	9.2972	-0.312909	1.77627	9.2972	0
2.83725	9.39025	-0.315995	2.83725	9.39025	0
3.89692	9.3863	-0.295142	3.89692	9.3863	0
4.88664	9.39776	-0.324047	4.88664	9.39776	0
5.92534	9.35246	-0.304516	5.92534	9.35246	0
7.04554	9.38286	-0.286189	7.04554	9.38286	0
8.01155	9.39735	-0.328296	8.01155	9.39735	0
8.99681	9.40178	-0.287767	8.99681	9.40178	0
10.0205	9.44096	-0.305053	10.0205	9.44096	0
11.1058	9.48488	-0.311325	11.1058	9.48488	0
-11.6662	9.45092	-0.318715	-11.6662	9.45092	0
-10.6534	9.42786	-0.307939	-10.6534	9.42786	0
-9.67581	9.40411	-0.344932	-9.67581	9.40411	0
-8.62404	9.41125	-0.321417	-8.62404	9.41125	0
-7.63042	9.46675	-0.318321	-7.63042	9.46675	0
-6.54783	9.41092	-0.308048	-6.54783	9.41092	0
-5.45926	9.38746	-0.314014	-5.45926	9.38746	0
-4.43743	9.41171	-0.3053	-4.43743	9.41171	0
-3.42349	9.45017	-0.302607	-3.42349	9.45017	0
-2.30057	9.44279	-0.325152	-2.30057	9.44279	0
-1.29247	9.39869	-0.295988	-1.29247	9.39869	0
-0.292177	10.3691	-0.325968	-0.292177	10.3691	0
0.667988	10.3722	-0.321092	0.667988	10.3722	0
1.7185	10.3942	-0.303377	1.7185	10.3942	0
2.72297	10.3602	-0.321188	2.72297	10.3602	0
3.82637	10.4478	-0.31162	3.82637	10.4478	0
4.85254	10.447	-0.329281	4.85254	10.447	0
5.89246	10.4326	-0.331322	5.89246	10.4326	0
6.94543	10.4078	-0.31595	6.94543	10.4078	0
7.94962	10.4936	-0.325119	7.94962	10.4936	0
9.00873	10.4286	-0.306583	9.00873	10.4286	0
10.0784	10.4819	-0.297999	10.0784	10.4819	0
11.063	10.4707	-0.30505	11.063	10.4707	0
-11.7054	10.5139	-0.33834	-11.7054	10.5139	0
-10.667	10.4775	-0.327961	-10.667	10.4775	0
-9.60853	10.4547	-0.342625	-9.60853	10.4547	0
-8.57277	10.4711	-0.326772	-8.57277	10.4711	0
-7.58562	10.4751	-0.315761	-7.58562	10.4751	0
-6.54324	10.4626	-0.330253	-6.54324	10.4626	0
-5.48078	10.4695	-0.312507	-5.48078	10.4695	0
-4.43047	10.4478	-0.280643	-4.43047	10.4478	0
-3.45695	10.491	-0.319482	-3.45695	10.491	0
-2.39234	10.4405	-0.322989	-2.39234	10.4405	0
-1.37156	10.3823	-0.349012	-1.37156	10.3823	0
-0.345597	11.4382	-0.334916	-0.345597	11.4382	0
0.692006	11.4578	-0.316979	0.692006	11.4578	0
1.7302	11.4632	-0.29485	1.7302	11.4632	0
2.72269	11.4477	-0.348514	2.72269	11.4477	0
3.82232	11.4791	-0.321426	3.82232	11.4791	0
4.86286	11.45	-0.317399	4.86286	11.45	0
5.82894	11.5018	-0.325707	5.82894	11.5018	0
6.87562	11.4764	-0.311916	6.87562	11.4764	0
7.96615	11.5044	-0.31137	7.96615	11.5044	0
8.9115	11.481	-0.293483	8.9115	11.481	0
9.97454	11.5298	-0.327178	9.97454	11.5298	0
11.0141	11.5236	-0.328601	11.0141	11.5236	0
-11.7014	11.5185	-0.342107	-11.7014	11.5185	0
-10.66	11.4847	-0.33035	-10.66	11.4847	0
-9.68836	11.4463	-0.311487	-9.68836	11.4463	0
-8.6727	11.5462	-0.287356	-8.6727	11.5462	0
-7.59835	11.4722	-0.320293	-7.59835	11.4722	0
-6.52448	11.5157	-0.323705	-6.52448	11.5157	0
-5.52636	11.432	-0.32223	-5.52636	11.432	0
-4.49275	11.4622	-0.322438	-4.49275	11.4622	0
-3.44602	11.4744	-0.317592	-3.44602	11.4744	0
-2.42788	11.4865	-0.313723	-2.42788	11.4865	0
-1.38508	11.4053	-0.313551	-1.38508	11.4053	0
-0.310999	-11.3125	-0.325105	-0.310999	-11.3125	0
0.677101	-11.3479	-0.320796	0.677101	-11.3479	0
1.73593	-11.2586	-0.297568	1.73593	-11.2586	0
2.75232	-11.2899	-0.315103	2.75232	-11.2899	0
3.77056	-11.3007	-0.326386	3.77056	-11.3007	0
4.7921	-11.274	-0.32738	4.7921	-11.274	0
5.87626	-11.3219	-0.340532	5.87626	-11.3219	0
6.86595	-11.2992	-0.315222	6.86595	-11.2992	0
7.92912	-11.272	-0.302849	7.92912	-11.272	0
8.97356	-11.2843	-0.316492	8.97356	-11.2843	0
9.9715	-11.2629	-0.325644	9.9715	-11.2629	0
11.052	-11.267	-0.304178	11.052	-11.267	0
-11.6889	-11.2573	-0.322248	-11.6889	-11.2573	0
-10.6543	-11.2922	-0.352192	-10.6543	-11.2922	0
-9.69847	-11.2743	-0.303179	-9.69847	-11.2743	0
-8.57125	-11.1695	-0.328006	-8.57125	-11.1695	0
-7.53806	-11.2403	-0.320646	-7.53806	-11.2403	0
-6.52634	-11.25	-0.331202	-6.52634	-11.25	0
-5.51949	-11.2983	-0.334638	-5.51949	-11.2983	0
-4.52394	-11.2367	-0.330141	-4.52394	-11.2367	0
-3.48154	-11.2875	-0.291702	-3.48154	-11.2875	0
-2.45722	-11.2136	-0.320814	-2.45722	-11.2136	0
-1.41209	-11.317	-0.334695	-1.41209	-11.317	0
-0.28018	-10.2621	-0.31769	-0.28018	-10.2621	0
0.69883	-10.331	-0.35224	0.69883	-10.331	0
1.73308	-10.2592	-0.320035	1.73308	-10.2592	0
2.75105	-10.2403	-0.28604	2.75105	-10.2403	0
3.82521	-10.2746	-0.296261	3.82521	-10.2746	0
4.8722	-10.2179	-0.32581	4.8722	-10.2179	0
5.85169	-10.2578	-0.301885	5.85169	-10.2578	0
6.88762	-10.2659	-0.299008	6.88762	-10.2659	0
7.88085	-10.2316	-0.305099	7.88085	-10.2316	0
8.9637	-10.2659	-0.319394	8.9637	-10.2659	0
10.0037	-10.258	-0.317948	10.0037	-10.258	0
10.9699	-10.223	-0.299433	10.9699	-10.223	0
-11.7734	-10.2041	-0.313892	-11.7734	-10.2041	0
-10.693	-10.2047	-0.317742	-10.693	-10.2047	0
-9.64723	-10.2236	-0.340926	-9.64723	-10.2236	0
-8.60477	-10.229	-0.300195	-8.60477	-10.229	0
-7.55389	-10.2061	-0.324014	-7.55389	-10.2061	0
-6.51887	-10.2038	-0.317658	-6.51887	-10.2038	0
-5.52782	-10.2455	-0.31314	-5.52782	-10.2455	0
-4.51491	-10.1788	-0.329313	-4.51491	-10.1788	0
-3.48104	-10.2192	-0.327654	-3.48104	-10.2192	0
-2.47781	-10.1765	-0.351672	-2.47781	-10.1765	0
-1.35868	-10.2495	-0.324731	-1.35868	-10.2495	0
-0.322016	-9.27577	-0.293244	-0.322016	-9.27577	0
0.72555	-9.2666	-0.325048	0.72555	-9.2666	0
1.73227	-9.2157	-0.331944	1.73227	-9.2157	0
2.77856	-9.20785	-0.32106	2.77856	-9.20785	0
3.80517	-9.23076	-0.315302	3.80517	-9.23076	0
4.76569	-9.26706	-0.321336	4.76569	-9.26706	0
5.82955	-9.16173	-0.324487	5.82955	-9.16173	0
6.85464	-9.13538	-0.334415	6.85464	-9.13538	0
7.87975	-9.19096	-0.308834	7.87975	-9.19096	0
8.93515	-9.23976	-0.318583	8.93515	-9.23976	0
9.99128	-9.20607	-0.348425	9.99128	-9.20607	0
11.0225	-9.17077	-0.296833	11.0225	-9.17077	0
-11.7625	-9.18405	-0.308313	-11.7625	-9.18405	0
-10.7005	-9.18112	-0.282584	-10.7005	-9.18112	0
-9.69841	-9.15271	-0.31423	-9.69841	-9.15271	0
-8.66799	-9.14593	-0.307831	-8.66799	-9.14593	0
-7.56323	-9.19628	-0.324811	-7.56323	-9.19628	0
-6.60086	-9.16761	-0.296163	-6.60086	-9.16761	0
-5.51086	-9.17217	-0.315217	-5.51086	-9.17217	0
-4.46111	-9.15918	-0.328207	-4.46111	-9.15918	0
-3.47522	-9.26081	-0.326536	-3.47522	-9.26081	0
-2.47476	-9.11995	-0.324032	-2.47476	-9.11995	0
-1.39119	-9.19612	-0.29267	-1.39119	-9.19612	0
-0.374315	-8.17328	-0.313384	-0.374315	-8.17328	0
0.706106	-8.20437	-0.323466	0.706106	-8.20437	0
1.70946	-8.15895	-0.303844	1.70946	-8.15895	0
2.70818	-8.1366	-0.326119	2.70818	-8.1366	0
3.8297	-8.17774	-0.328071	3.8297	-8.17774	0
4.81279	-8.17039	-0.336244	4.81279	-8.17039	0
5.83823	-8.13221	-0.301087	5.83823	-8.13221	0
6.82264	-8.11029	-0.326478	6.82264	-8.11029	0
7.93333	-8.17683	-0.284234	7.93333	-8.17683	0
8.9336	-8.16089	-0.31587	8.9336	-8.16089	0
10.007	-8.19069	-0.346032	10.007	-8.19069	0
11.0249	-8.15562	-0.345609	11.0249	-8.15562	0
-11.702	-8.15088	-0.312042	-11.702	-8.15088	0
-10.6772	-8.06607	-0.327947	-10.6772	-8.06607	0
-9.67937	-8.1386	-0.338581	-9.67937	-8.1386	0
-8.63235	-8.10635	-0.296764	-8.63235	-8.10635	0
-7.61089	-8.14544	-0.334348	-7.61089	-8.14544	0
-6.52984	-8.16318	-0.33404	-6.52984	-8.16318	0
-5.47081	-8.14817	-0.307733	-5.47081	-8.14817	0
-4.46332	-8.17725	-0.312804	-4.46332	-8.17725	0
-3.44315	-8.15634	-0.333728	-3.44315	-8.15634	0
-2.40736	-8.15825	-0.344485	-2.40736	-8.15825	0
-1.39141	-8.15754	-0.291324	-1.39141	-8.15754	0
-0.340053	-7.19012	-0.343467	-0.340053	-7.19012	0
0.664417	-7.15723	-0.315522	0.664417	-7.15723	0
1.72321	-7.1074	-0.313206	1.72321	-7.1074	0
2.73804	-7.10964	-0.314777	2.73804	-7.10964	0
3.75106	-7.12656	-0.347288	3.75106	-7.12656	0
4.7895	-7.1448	-0.34163	4.7895	-7.1448	0
5.84082	-7.11775	-0.300032	5.84082	-7.11775	0
6.85578	-7.07855	-0.330263	6.85578	-7.07855	0
7.92402	-7.1067	-0.291909	7.92402	-7.1067	0
8.94342	-7.09972	-0.309087	8.94342	-7.09972	0
10.0193	-7.13832	-0.34291	10.0193	-7.13832	0
11.0459	-7.13931	-0.301723	11.0459	-7.13931	0
-11.7004	-7.13139	-0.331853	-11.7004	-7.13139	0
-10.68	-7.04777	-0.271324	-10.68	-7.04777	0
-9.6917	-7.02526	-0.309328	-9.6917	-7.02526	0
-8.59703	-7.10615	-0.318292	-8.59703	-7.10615	0
-7.55075	-7.13742	-0.308539	-7.55075	-7.13742	0
-6.57401	-7.14575	-0.329741	-6.57401	-7.14575	0
-5.54325	-7.13966	-0.318176	-5.54325	-7.13966	0
-4.48461	-7.12501	-0.326924	-4.48461	-7.12501	0
-3.5111	-7.15332	-0.319019	-3.5111	-7.15332	0
-2.44479	-7.11858	-0.325808	-2.44479	-7.11858	0
-1.36732	-7.11556	-0.304149	-1.36732	-7.11556	0
-0.349939	-6.12554	-0.295963	-0.349939	-6.12554	0
0.636424	-6.10326	-0.319295	0.636424	-6.10326	0
1.68931	-6.10687	-0.319786	1.68931	-6.10687	0
2.74569	-6.12614	-0.296223	2.74569	-6.12614	0
3.75482	-6.14826	-0.351002	3.75482	-6.14826	0
4.82551	-6.08206	-0.310014	4.82551	-6.08206	0
5.88596	-6.09664	-0.320834	5.88596	-6.09664	0
6.91403	-6.07126	-0.306072	6.91403	-6.07126	0
7.88424	-6.0534	-0.312971	7.88424	-6.0534	0
8.95817	-6.05482	-0.342795	8.95817	-6.05482	0
10.0259	-6.11096	-0.318522	10.0259	-6.11096	0
11.1063	-6.12283	-0.335533	11.1063	-6.12283	0
-11.6681	-6.05606	-0.333404	-11.6681	-6.05606	0
-10.6741	-6.02321	-0.298	-10.6741	-6.02321	0
-9.60496	-5.96487	-0.30865	-9.60496	-5.96487	0
-8.59485	-6.01569	-0.313702	-8.59485	-6.01569	0
-7.57155	-6.04475	-0.330517	-7.57155	-6.04475	0
-6.57803	-6.05618	-0.324267	-6.57803	-6.05618	0
-5.60283	-6.0441	-0.332927	-5.60283	-6.0441	0
-4.56513	-6.09659	-0.300291	-4.56513	-6.09659	0
-3.49585	-6.16208	-0.32857	-3.49585	-6.16208	0
-2.43576	-6.095	-0.299857	-2.43576	-6.095	0
-1.41352	-6.04571	-0.313688	-1.41352	-6.04571	0
-0.397537	-5.10225	-0.32949	-0.397537	-5.10225	0
0.703928	-5.04615	-0.264129	0.703928	-5.04615	0
1.75797	-5.08509	-0.347517	1.75797	-5.08509	0
2.76124	-5.10765	-0.310627	2.76124	-5.10765	0
3.75144	-5.08901	-0.314277	3.75144	-5.08901	0
4.81405	-5.0585	-0.327455	4.81405	-5.0585	0
5.80176	-5.02042	-0.318266	5.80176	-5.02042	0
6.85731	-5.03338	-0.328059	6.85731	-5.03338	0
7.92674	-4.99749	-0.330703	7.92674	-4.99749	0
8.9208	-5.002	-0.328645	8.9208	-5.002	0
9.99365	-5.11912	-0.304278	9.99365	-5.11912	0
11.0069	-5.06027	-0.297869	11.0069	-5.06027	0
-11.7258	-5.0388	-0.324847	-11.7258	-5.0388	0
-10.7036	-4.96535	-0.335436	-10.7036	-4.96535	0
-9.60227	-4.92039	-0.301789	-9.60227	-4.92039	0
-8.58293	-4.95458	-0.303841	-8.58293	-4.95458	0
-7.615	-5.0251	-0.307372	-7.615	-5.0251	0
-6.58769	-5.00802	-0.3346	-6.58769	-5.00802	0
-5.54785	-4.99018	-0.332553	-5.54785	-4.99018	0
-4.49984	-5.06014	-0.309515	-4.49984	-5.06014	0
-3.44434	-5.11296	-0.333572	-3.44434	-5.11296	0
-2.50155	-5.0613	-0.315774	-2.50155	-5.0613	0
-1.41987	-5.07294	-0.328193	-1.41987	-5.07294	0
-0.36923	-4.05402	-0.311007	-0.36923	-4.05402	0
0.633552	-4.07081	-0.337876	0.633552	-4.07081	0
1.71949	-4.02729	-0.327942	1.71949	-4.02729	0
2.73786	-4.0068	-0.301228	2.73786	-4.0068	0
3.82999	-4.01709	-0.321387	3.82999	-4.01709	0
4.82025	-3.98776	-0.332187	4.82025	-3.98776	0
5.84692	-3.99801	-0.334992	5.84692	-3.99801	0
6.85235	-4.02651	-0.317733	6.85235	-4.02651	0
7.94975	-3.9735	-0.306264	7.94975	-3.9735	0
8.98744	-4.0071	-0.314219	8.98744	-4.0071	0
10.0269	-3.99848	-0.326377	10.0269	-3.99848	0
11.0171	-4.03179	-0.309689	11.0171	-4.03179	0
-11.7565	-3.93945	-0.337535	-11.7565	-3.93945	0
-10.6901	-3.95554	-0.324364	-10.6901	-3.95554	0
-9.64302	-3.8942	-0.308356	-9.64302	-3.8942	0
-8.58033	-3.92957	-0.337497	-8.58033	-3.92957	0
-7.5915	-3.95027	-0.303354	-7.5915	-3.95027	0
-6.57689	-3.9454	-0.334331	-6.57689	-3.9454	0
-5.50237	-3.98813	-0.328189	-5.50237	-3.98813	0
-4.4842	-3.98941	-0.319829	-4.4842	-3.98941	0
-3.47784	-4.02613	-0.331754	-3.47784	-4.02613	0
-2.48023	-4.0208	-0.312872	-2.48023	-4.0208	0
-1.38058	-4.07296	-0.305011	-1.38058	-4.07296	0
-0.404567	-3.01638	-0.328347	-0.404567	-3.01638	0
0.652255	-3.04592	-0.284428	0.652255	-3.04592	0
1.72323	-3.03471	-0.297052	1.72323	-3.03471	0
2.74852	-2.95634	-0.338361	2.74852	-2.95634	0
3.82543	-3.00167	-0.298789	3.82543	-3.00167	0
4.85248	-3.02156	-0.309544	4.85248	-3.02156	0
5.90564	-2.97563	-0.32773	5.90564	-2.97563	0
6.89753	-2.95395	-0.322015	6.89753	-2.95395	0
7.90219	-2.93083	-0.289865	7.90219	-2.93083	0
8.91989	-2.92453	-0.310683	8.91989	-2.92453	0
10.0131	-2.90274	-0.324997	10.0131	-2.90274	0
11.037	-2.99547	-0.336272	11.037	-2.99547	0
-11.7103	-2.95341	-0.295391	-11.7103	-2.95341	0
-10.6874	-2.90595	-0.317636	-10.6874	-2.90595	0
-9.68884	-2.91314	-0.329381	-9.68884	-2.91314	0
-8.65696	-2.92463	-0.319001	-8.65696	-2.92463	0
-7.59946	-2.92961	-0.32847	-7.59946	-2.92961	0
-6.55009	-2.9351	-0.334099	-6.55009	-2.9351	0
-5.50796	-2.94957	-0.332571	-5.50796	-2.94957	0
-4.48276	-2.99766	-0.323627	-4.48276	-2.99766	0
-3.46675	-3.01809	-0.296854	-3.46675	-3.01809	0
-2.42007	-3.01784	-0.309196	-2.42007	-3.01784	0
-1.43412	-3.02379	-0.317416	-1.43412	-3.02379	0
-0.303838	-1.94471	-0.31631	-0.303838	-1.94471	0
0.753293	-1.99734	-0.30132	0.753293	-1.99734	0
1.77307	-1.98718	-0.311143	1.77307	-1.98718	0
2.84028	-1.93777	-0.322098	2.84028	-1.93777	0
3.84004	-1.93099	-0.321022	3.84004	-1.93099	0
4.84219	-1.98163	-0.306267	4.84219	-1.98163	0
5.87958	-1.98881	-0.327026	5.87958	-1.98881	0
6.88983	-1.94939	-0.304627	6.88983	-1.94939	0
7.8867	-1.94387	-0.353134	7.8867	-1.94387	0
8.89529	-1.90029	-0.316337	8.89529	-1.90029	0
9.97821	-1.93908	-0.304084	9.97821	-1.93908	0
10.9799	-1.92982	-0.323536	10.9799	-1.92982	0
-11.7731	-1.89412	-0.327457	-11.7731	-1.89412	0
-10.7099	-1.86968	-0.300842	-10.7099	-1.86968	0
-9.65963	-1.84004	-0.307662	-9.65963	-1.84004	0
-8.63549	-1.8928	-0.315082	-8.63549	-1.8928	0
-7.58009	-1.88841	-0.339237	-7.58009	-1.88841	0
-6.57494	-1.91673	-0.339654	-6.57494	-1.91673	0
-5.49829	-1.90312	-0.31737	-5.49829	-1.90312	0
-4.48086	-1.98759	-0.319774	-4.48086	-1.98759	0
-3.42804	-1.9521	-0.307029	-3.42804	-1.9521	0
-2.38142	-1.99989	-0.319374	-2.38142	-1.99989	0
-1.34825	-2.01593	-0.315628	-1.34825	-2.01593	0
-0.344576	-0.861858	-0.327091	-0.344576	-0.861858	0
0.758889	-0.929249	-0.324614	0.758889	-0.929249	0
1.754	-0.847978	-0.314533	1.754	-0.847978	0
2.78818	-0.963485	-0.336464	2.78818	-0.963485	0
3.84067	-0.899843	-0.331545	3.84067	-0.899843	0
4.82643	-0.913315	-0.326731	4.82643	-0.913315	0
5.89549	-0.900711	-0.316557	5.89549	-0.900711	0
6.88689	-0.935726	-0.30553	6.88689	-0.935726	0
7.89643	-0.883901	-0.319994	7.89643	-0.883901	0
8.85863	-0.871415	-0.329143	8.85863	-0.871415	0
9.98838	-0.891893	-0.295477	9.98838	-0.891893	0
11.0478	-0.910777	-0.3139	11.0478	-0.910777	0
-11.7418	-0.879676	-0.333763	-11.7418	-0.879676	0
-10.683	-0.856928	-0.305584	-10.683	-0.856928	0
-9.65458	-0.82076	-0.314126	-9.65458	-0.82076	0
-8.58139	-0.866905	-0.344498	-8.58139	-0.866905	0
-7.5491	-0.889436	-0.329688	-7.5491	-0.889436	0
-6.54391	-0.885678	-0.319768	-6.54391	-0.885678	0
-5.49796	-0.930294	-0.317477	-5.49796	-0.930294	0
-4.45632	-0.924326	-0.326624	-4.45632	-0.924326	0
-3.46474	-0.919822	-0.320759	-3.46474	-0.919822	0
-2.46541	-0.938933	-0.311686	-2.46541	-0.938933	0
-1.44139	-1.02276	-0.288522	-1.44139	-1.02276	0
0.105149	0.599982	0.329018	0.105149	0.599982	0
1.17576	0.650999	0.301417	1.17576	0.650999	0
2.21787	0.578282	0.343877	2.21787	0.578282	0
3.23528	0.646195	0.29014	3.23528	0.646195	0
4.27309	0.617472	0.327454	4.27309	0.617472	0
5.34547	0.575807	0.30119	5.34547	0.575807	0
6.33409	0.586622	0.325437	6.33409	0.586622	0
7.35802	0.710819	0.335945	7.35802	0.710819	0
8.40719	0.698936	0.33045	8.40719	0.698936	0
9.47113	0.663026	0.328954	9.47113	0.663026	0
10.5189	0.636073	0.326742	10.5189	0.636073	0
11.5799	0.571343	0.322108	11.5799	0.571343	0
-11.1472	0.661783	0.320732	-11.1472	0.661783	0
-10.0691	0.660518	0.309934	-10.0691	0.660518	0
-9.08048	0.700152	0.339136	-9.08048	0.700152	0
-8.08108	0.688519	0.331111	-8.08108	0.688519	0
-7.07153	0.67672	0.316574	-7.07153	0.67672	0
-6.0707	0.709885	0.337079	-6.0707	0.709885	0
-5.00082	0.655473	0.331093	-5.00082	0.655473	0
-4.01086	0.616354	0.349089	-4.01086	0.616354	0
-2.94717	0.591449	0.326102	-2.94717	0.591449	0
-1.86584	0.574075	0.309949	-1.86584	0.574075	0
-0.866284	0.660205	0.306614	-0.866284	0.660205	0
0.129946	1.61566	0.343151	0.129946	1.61566	0
1.21126	1.64552	0.306763	1.21126	1.64552	0
2.22465	1.68306	0.339139	2.22465	1.68306	0
3.23329	1.70693	0.339291	3.23329	1.70693	0
4.28659	1.65758	0.313557	4.28659	1.65758	0
5.29339	1.65992	0.317999	5.29339	1.65992	0
6.45085	1.61957	0.33461	6.45085	1.61957	0
7.45468	1.66937	0.344767	7.45468	1.66937	0
8.43429	1.71216	0.329775	8.43429	1.71216	0
9.45262	1.70803	0.301623	9.45262	1.70803	0
10.5122	1.71589	0.306753	10.5122	1.71589	0
11.5266	1.66045	0.359455	11.5266	1.66045	0
-11.2674	1.71167	0.277097	-11.2674	1.71167	0
-10.219	1.69644	0.317692	-10.219	1.69644	0
-9.13559	1.70068	0.317523	-9.13559	1.70068	0
-8.10369	1.65985	0.303195	-8.10369	1.65985	0
-7.07625	1.71192	0.339648	-7.07625	1.71192	0
-6.0442	1.71444	0.327367	-6.0442	1.71444	0
-4.99262	1.68477	0.316727	-4.99262	1.68477	0
-3.96282	1.60302	0.337634	-3.96282	1.60302	0
-2.91757	1.56639	0.330236	-2.91757	1.56639	0
-1.94775	1.57127	0.321233	-1.94775	1.57127	0
-0.89951	1.68442	0.339305	-0.89951	1.68442	0
0.16784	2.68058	0.318389	0.16784	2.68058	0
1.20453	2.697	0.295225	1.20453	2.697	0
2.20831	2.71268	0.320115	2.20831	2.71268	0
3.26758	2.73236	0.328208	3.26758	2.73236	0
4.22529	2.67123	0.323765	4.22529	2.67123	0
5.3113	2.67946	0.307896	5.3113	2.67946	0
6.34385	2.67026	0.336401	6.34385	2.67026	0
7.39425	2.66201	0.325093	7.39425	2.66201	0
8.42807	2.68237	0.329759	8.42807	2.68237	0
9.48829	2.69339	0.322229	9.48829	2.69339	0
10.5055	2.74256	0.285622	10.5055	2.74256	0
11.498	2.66911	0.311003	11.498	2.66911	0
-11.177	2.75284	0.311627	-11.177	2.75284	0
-10.1749	2.72724	0.33346	-10.1749	2.72724	0
-9.08811	2.71204	0.306719	-9.08811	2.71204	0
-8.12303	2.69791	0.324324	-8.12303	2.69791	0
-7.00599	2.75039	0.306629	-7.00599	2.75039	0
-5.99227	2.69154	0.311826	-5.99227	2.69154	0
-5.01496	2.72893	0.332801	-5.01496	2.72893	0
-3.96716	2.69098	0.307467	-3.96716	2.69098	0
-2.92601	2.64717	0.31594	-2.92601	2.64717	0
-1.90755	2.61574	0.331132	-1.90755	2.61574	0
-0.930063	2.67634	0.325053	-0.930063	2.67634	0
0.147644	3.7391	0.31499	0.147644	3.7391	0
1.19898	3.69005	0.297204	1.19898	3.69005	0
2.2605	3.72205	0.321562	2.2605	3.72205	0
3.24775	3.75023	0.319943	3.24775	3.75023	0
4.29553	3.70489	0.323223	4.29553	3.70489	0
5.29191	3.67478	0.336503	5.29191	3.67478	0
6.34574	3.67395	0.337835	6.34574	3.67395	0
7.40753	3.68335	0.32031	7.40753	3.68335	0
8.39675	3.67372	0.308121	8.39675	3.67372	0
9.49796	3.73638	0.327771	9.49796	3.73638	0
10.5211	3.81579	0.318791	10.5211	3.81579	0
11.5349	3.76036	0.305987	11.5349	3.76036	0
-11.1474	3.71781	0.338952	-11.1474	3.71781	0
-10.1622	3.78099	0.287405	-10.1622	3.78099	0
-9.14356	3.74906	0.296071	-9.14356	3.74906	0
-8.09393	3.70524	0.342247	-8.09393	3.70524	0
-7.06509	3.78529	0.308581	-7.06509	3.78529	0
-5.93374	3.76251	0.328489	-5.93374	3.76251	0
-4.95579	3.72951	0.324079	-4.95579	3.72951	0
-3.94243	3.69283	0.328837	-3.94243	3.69283	0
-2.90982	3.67906	0.32712	-2.90982	3.67906	0
-1.87585	3.65451	0.323098	-1.87585	3.65451	0
-0.871673	3.74581	0.315278	-0.871673	3.74581	0
0.133566	4.75887	0.314174	0.133566	4.75887	0
1.18461	4.75751	0.321186	1.18461	4.75751	0
2.22098	4.73142	0.325741	2.22098	4.73142	0
3.26554	4.7382	0.299419	3.26554	4.7382	0
4.2473	4.76103	0.32508	4.2473	4.76103	0
5.33542	4.7297	0.301808	5.33542	4.7297	0
6.32488	4.72109	0.323233	6.32488	4.72109	0
7.39231	4.7773	0.32268	7.39231	4.7773	0
8.429	4.73825	0.35429	8.429	4.73825	0
9.54053	4.82133	0.326896	9.54053	4.82133	0
10.5267	4.85133	0.311508	10.5267	4.85133	0
11.5888	4.8065	0.34195	11.5888	4.8065	0
-11.123	4.80405	0.314614	-11.123	4.80405	0
-10.1311	4.85469	0.306592	-10.1311	4.85469	0
-9.05939	4.74037	0.306459	-9.05939	4.74037	0
-8.05065	4.73845	0.336255	-8.05065	4.73845	0
-6.98176	4.76821	0.315905	-6.98176	4.76821	0
-5.97158	4.7973	0.3427	-5.97158	4.7973	0
-4.935	4.73093	0.314024	-4.935	4.73093	0
-3.89919	4.80451	0.326979	-3.89919	4.80451	0
-2.85646	4.73436	0.311884	-2.85646	4.73436	0
-1.92421	4.73958	0.310515	-1.92421	4.73958	0
-0.877434	4.70855	0.335501	-0.877434	4.70855	0
0.176009	5.74041	0.314735	0.176009	5.74041	0
1.21331	5.75319	0.322742	1.21331	5.75319	0
2.26094	5.78105	0.326261	2.26094	5.78105	0
3.33626	5.81536	0.334421	3.33626	5.81536	0
4.34307	5.76037	0.340318	4.34307	5.76037	0
5.37622	5.75586	0.305605	5.37622	5.75586	0
6.3555	5.7172	0.271618	6.3555	5.7172	0
7.39513	5.74312	0.328459	7.39513	5.74312	0
8.49204	5.72831	0.314702	8.49204	5.72831	0
9.50291	5.81904	0.281395	9.50291	5.81904	0
10.5653	5.84532	0.327576	10.5653	5.84532	0
11.5734	5.84235	0.29373	11.5734	5.84235	0
-11.1432	5.84226	0.316525	-11.1432	5.84226	0
-10.1132	5.84028	0.319097	-10.1132	5.84028	0
-9.06831	5.77458	0.308897	-9.06831	5.77458	0
-8.06643	5.81438	0.338659	-8.06643	5.81438	0
-7.00011	5.80873	0.331112	-7.00011	5.80873	0
-5.98811	5.77578	0.323623	-5.98811	5.77578	0
-4.95458	5.75416	0.329792	-4.95458	5.75416	0
-3.95531	5.79932	0.325075	-3.95531	5.79932	0
-2.91869	5.7461	0.309616	-2.91869	5.7461	0
-1.89469	5.70125	0.32221	-1.89469	5.70125	0
-0.885908	5.76239	0.321658	-0.885908	5.76239	0
0.154843	6.81388	0.348405	0.154843	6.81388	0
1.1706	6.8028	0.29625	1.1706	6.8028	0
2.20466	6.80473	0.304652	2.20466	6.80473	0
3.30465	6.8338	0.332706	3.30465	6.8338	0
4.38411	6.81443	0.325669	4.38411	6.81443	0
5.39805	6.77646	0.298477	5.39805	6.77646	0
6.41006	6.8091	0.342347	6.41006	6.8091	0
7.44393	6.77414	0.309327	7.44393	6.77414	0
8.47931	6.81353	0.3093	8.47931	6.81353	0
9.52837	6.80618	0.294972	9.52837	6.80618	0
10.5904	6.82402	0.291401	10.5904	6.82402	0
11.6024	6.83137	0.32711	11.6024	6.83137	0
-11.2057	6.80381	0.324642	-11.2057	6.80381	0
-10.1611	6.80313	0.312711	-10.1611	6.80313	0
-9.05738	6.81468	0.327491	-9.05738	6.81468	0
-8.05087	6.87344	0.304758	-8.05087	6.87344	0
-7.02403	6.82573	0.301648	-7.02403	6.82573	0
-5.9864	6.83584	0.289278	-5.9864	6.83584	0
-4.99553	6.80936	0.308226	-4.99553	6.80936	0
-3.90184	6.82447	0.287816	-3.90184	6.82447	0
-2.85833	6.83331	0.323824	-2.85833	6.83331	0
-1.8913	6.81758	0.291684	-1.8913	6.81758	0
-0.840618	6.79342	0.332737	-0.840618	6.79342	0
0.204041	7.84085	0.300786	0.204041	7.84085	0
1.20127	7.86631	0.299891	1.20127	7.86631	0
2.28968	7.8161	0.341675	2.28968	7.8161	0
3.30612	7.83807	0.339475	3.30612	7.83807	0
4.34756	7.80741	0.307186	4.34756	7.80741	0
5.38051	7.79969	0.327485	5.38051	7.79969	0
6.43245	7.79231	0.332088	6.43245	7.79231	0
7.4858	7.78937	0.297818	7.4858	7.78937	0
8.54352	7.89715	0.342208	8.54352	7.89715	0
9.55552	7.82289	0.317169	9.55552	7.82289	0
10.5976	7.85322	0.307066	10.5976	7.85322	0
11.5959	7.87901	0.332356	11.5959	7.87901	0
-11.19	7.83827	0.31744	-11.19	7.83827	0
-10.1556	7.85103	0.351975	-10.1556	7.85103	0
-9.11765	7.84625	0.32497	-9.11765	7.84625	0
-8.11098	7.8912	0.3107	-8.11098	7.8912	0
-7.04922	7.92155	0.305997	-7.04922	7.92155	0
-6.00218	7.85606	0.292754	-6.00218	7.85606	0
-4.9698	7.84289	0.303783	-4.9698	7.84289	0
-3.95813	7.8784	0.308878	-3.95813	7.8784	0
-2.85441	7.87036	0.31577	-2.85441	7.87036	0
-1.8643	7.83712	0.302613	-1.8643	7.83712	0
-0.83529	7.80217	0.32872	-0.83529	7.80217	0
0.239002	8.8648	0.320261	0.239002	8.8648	0
1.26202	8.88131	0.303569	1.26202	8.88131	0
2.33333	8.84432	0.312395	2.33333	8.84432	0
3.31602	8.86515	0.316776	3.31602	8.86515	0
4.39154	8.87267	0.317638	4.39154	8.87267	0
5.42427	8.85863	0.33029	5.42427	8.85863	0
6.47429	8.85493	0.286926	6.47429	8.85493	0
7.52037	8.81824	0.315142	7.52037	8.81824	0
8.50609	8.87482	0.319183	8.50609	8.87482	0
9.53599	8.87579	0.293169	9.53599	8.87579	0
10.541	8.9132	0.278161	10.541	8.9132	0
11.5784	8.98502	0.334264	11.5784	8.98502	0
-11.2214	8.93077	0.316177	-11.2214	8.93077	0
-10.1935	8.86496	0.309777	-10.1935	8.86496	0
-9.16982	8.87738	0.315625	-9.16982	8.87738	0
-8.12558	8.91589	0.30959	-8.12558	8.91589	0
-7.07153	8.91502	0.323767	-7.07153	8.91502	0
-6.00992	8.89452	0.301116	-6.00992	8.89452	0
-4.99813	8.81271	0.315103	-4.99813	8.81271	0
-3.8904	8.86363	0.326442	-3.8904	8.86363	0
-2.86004	8.93557	0.326828	-2.86004	8.93557	0
-1.839	8.86967	0.327611	-1.839	8.86967	0
-0.825437	8.9095	0.330986	-0.825437	8.9095	0
0.226697	9.83952	0.340546	0.226697	9.83952	0
1.25435	9.93106	0.348748	1.25435	9.93106	0
2.21939	9.89295	0.311011	2.21939	9.89295	0
3.3202	9.93792	0.313091	3.3202	9.93792	0
4.40178	9.99616	0.313303	4.40178	9.99616	0
5.45081	9.89595	0.273652	5.45081	9.89595	0
6.44277	9.89758	0.310075	6.44277	9.89758	0
7.55079	9.89263	0.343221	7.55079	9.89263	0
8.55148	9.902	0.33213	8.55148	9.902	0
9.5356	9.9752	0.328429	9.5356	9.9752	0
10.5671	9.91304	0.334337	10.5671	9.91304	0
11.6302	9.98221	0.305297	11.6302	9.98221	0
-11.1575	9.95582	0.341065	-11.1575	9.95582	0
-10.1245	9.97483	0.320636	-10.1245	9.97483	0
-9.0946	9.91152	0.325727	-9.0946	9.91152	0
-8.12528	9.96886	0.330442	-8.12528	9.96886	0
-7.04346	9.92685	0.325286	-7.04346	9.92685	0
-5.98227	9.89711	0.311955	-5.98227	9.89711	0
-4.97599	9.91111	0.341081	-4.97599	9.91111	0
-3.88781	9.91662	0.351024	-3.88781	9.91662	0
-2.86967	9.93291	0.337414	-2.86967	9.93291	0
-1.85411	9.91494	0.317467	-1.85411	9.91494	0
-0.793165	9.92793	0.337534	-0.793165	9.92793	0
0.198383	10.9169	0.291444	0.198383	10.9169	0
1.19188	10.9187	0.316905	1.19188	10.9187	0
2.25438	10.9487	0.331947	2.25438	10.9487	0
3.28379	11.0013	0.335669	3.28379	11.0013	0
4.28699	10.9582	0.323139	4.28699	10.9582	0
5.36292	10.9706	0.303334	5.36292	10.9706	0
6.37037	10.914	0.332367	6.37037	10.914	0
7.42307	10.9594	0.328229	7.42307	10.9594	0
8.41765	10.9648	0.311378	8.41765	10.9648	0
9.53277	10.9579	0.303341	9.53277	10.9579	0
10.5323	11.0154	0.323553	10.5323	11.0154	0
11.5275	11.0168	0.321193	11.5275	11.0168	0
-11.2383	10.9754	0.291912	-11.2383	10.9754	0
-10.2072	10.9832	0.317226	-10.2072	10.9832	0
-9.18798	10.9762	0.348315	-9.18798	10.9762	0
-8.09351	11.0411	0.33103	-8.09351	11.0411	0
-7.02016	10.9991	0.293528	-7.02016	10.9991	0
-6.0612	10.9677	0.347004	-6.0612	10.9677	0
-4.9663	10.9774	0.305473	-4.9663	10.9774	0
-3.90589	10.9503	0.325125	-3.90589	10.9503	0
-2.90045	10.9733	0.315318	-2.90045	10.9733	0
-1.89296	10.9373	0.309167	-1.89296	10.9373	0
-0.84471	10.9246	0.29441	-0.84471	10.9246	0
0.144473	-11.8137	0.323425	0.144473	-11.8137	0
1.23955	-11.8368	0.296898	1.23955	-11.8368	0
2.25032	-11.7802	0.318033	2.25032	-11.7802	0
3.2902	-11.809	0.321796	3.2902	-11.809	0
4.35496	-11.8335	0.332154	4.35496	-11.8335	0
5.37856	-11.7573	0.312587	5.37856	-11.7573	0
6.35461	-11.8823	0.337401	6.35461	-11.8823	0
7.39098	-11.7916	0.309752	7.39098	-11.7916	0
8.41013	-11.7673	0.329846	8.41013	-11.7673	0
9.48615	-11.8393	0.306798	9.48615	-11.8393	0
10.49	-11.7342	0.319788	10.49	-11.7342	0
11.583	-11.7814	0.331231	11.583	-11.7814	0
-11.1406	-11.7501	0.304012	-11.1406	-11.7501	0
-10.1262	-11.7867	0.319696	-10.1262	-11.7867	0
-9.14028	-11.6824	0.307428	-9.14028	-11.6824	0
-8.0365	-11.6969	0.29445	-8.0365	-11.6969	0
-7.07699	-11.7637	0.306475	-7.07699	-11.7637	0
-6.06497	-11.7979	0.331305	-6.06497	-11.7979	0
-5.04055	-11.8412	0.313872	-5.04055	-11.8412	0
-4.01432	-11.8237	0.308174	-4.01432	-11.8237	0
-2.93286	-11.8093	0.322147	-2.93286	-11.8093	0
-1.89143	-11.8172	0.306794	-1.89143	-11.8172	0
-0.872807	-11.8503	0.309292	-0.872807	-11.8503	0
0.178386	-10.8028	0.311176	0.178386	-10.8028	0
1.18977	-10.8172	0.307841	1.18977	-10.8172	0
2.24757	-10.7534	0.332951	2.24757	-10.7534	0
3.29952	-10.789	0.3244	3.29952	-10.789	0
4.31363	-10.833	0.306507	4.31363	-10.833	0
5.32765	-10.7582	0.307298	5.32765	-10.7582	0
6.36012	-10.7495	0.319971	6.36012	-10.7495	0
7.43077	-10.7275	0.323293	7.43077	-10.7275	0
8.46669	-10.7823	0.335333	8.46669	-10.7823	0
9.48239	-10.7757	0.324823	9.48239	-10.7757	0
10.5051	-10.7513	0.32952	10.5051	-10.7513	0
11.5502	-10.7711	0.303494	11.5502	-10.7711	0
-11.224	-10.6577	0.316688	-11.224	-10.6577	0
-10.2343	-10.7696	0.325064	-10.2343	-10.7696	0
-9.17698	-10.6852	0.352875	-9.17698	-10.6852	0
-8.08004	-10.7141	0.334593	-8.08004	-10.7141	0
-7.07767	-10.7063	0.326749	-7.07767	-10.7063	0
-5.98715	-10.7695	0.341209	-5.98715	-10.7695	0
-4.9996	-10.7422	0.313332	-4.9996	-10.7422	0
-3.99967	-10.7149	0.298349	-3.99967	-10.7149	0
-2.93866	-10.6842	0.306888	-2.93866	-10.6842	0
-1.89576	-10.7622	0.301998	-1.89576	-10.7622	0
-0.891187	-10.8312	0.305629	-0.891187	-10.8312	0
0.246982	-9.80843	0.328928	0.246982	-9.80843	0
1.22993	-9.78045	0.312038	1.22993	-9.78045	0
2.27151	-9.70043	0.300369	2.27151	-9.70043	0
3.28687	-9.74481	0.314204	3.28687	-9.74481	0
4.36679	-9.80481	0.332919	4.36679	-9.80481	0
5.37023	-9.7047	0.321742	5.37023	-9.7047	0
6.36251	-9.68817	0.258678	6.36251	-9.68817	0
7.34292	-9.68344	0.3058	7.34292	-9.68344	0
8.36731	-9.75413	0.315634	8.36731	-9.75413	0
9.48061	-9.73822	0.324473	9.48061	-9.73822	0
10.4619	-9.67874	0.329673	10.4619	-9.67874	0
11.4966	-9.72644	0.322015	11.4966	-9.72644	0
-11.2586	-9.69058	0.303242	-11.2586	-9.69058	0
-10.171	-9.68638	0.309367	-10.171	-9.68638	0
-9.17019	-9.66237	0.291237	-9.17019	-9.66237	0
-8.11871	-9.67338	0.294242	-8.11871	-9.67338	0
-7.04508	-9.71876	0.332595	-7.04508	-9.71876	0
-5.96507	-9.63433	0.335298	-5.96507	-9.63433	0
-5.01006	-9.6474	0.312253	-5.01006	-9.6474	0
-3.99272	-9.7134	0.320989	-3.99272	-9.7134	0
-2.91628	-9.67315	0.321969	-2.91628	-9.67315	0
-1.96734	-9.7184	0.284276	-1.96734	-9.7184	0
-0.844208	-9.77421	0.318018	-0.844208	-9.77421	0
0.197665	-8.71798	0.30677	0.197665	-8.71798	0
1.20422	-8.72741	0.317278	1.20422	-8.72741	0
2.22059	-8.72075	0.322139	2.22059	-8.72075	0
3.24509	-8.64721	0.299902	3.24509	-8.64721	0
4.32998	-8.66768	0.313606	4.32998	-8.66768	0
5.3037	-8.67976	0.303362	5.3037	-8.67976	0
6.30845	-8.62898	0.318043	6.30845	-8.62898	0
7.37613	-8.66758	0.336497	7.37613	-8.66758	0
8.39998	-8.73625	0.331284	8.39998	-8.73625	0
9.43992	-8.72298	0.31061	9.43992	-8.72298	0
10.5038	-8.66287	0.264199	10.5038	-8.66287	0
11.5231	-8.63956	0.326338	11.5231	-8.63956	0
-11.2564	-8.69136	0.309859	-11.2564	-8.69136	0
-10.2143	-8.65924	0.329547	-10.2143	-8.65924	0
-9.15111	-8.64843	0.324145	-9.15111	-8.64843	0
-8.16845	-8.63908	0.286765	-8.16845	-8.63908	0
-7.13642	-8.63933	0.330523	-7.13642	-8.63933	0
-6.03715	-8.64163	0.330943	-6.03715	-8.64163	0
-4.96168	-8.65918	0.314482	-4.96168	-8.65918	0
-3.98454	-8.73841	0.342567	-3.98454	-8.73841	0
-2.99798	-8.69438	0.301761	-2.99798	-8.69438	0
-1.9107	-8.67421	0.334989	-1.9107	-8.67421	0
-0.816399	-8.68519	0.310599	-0.816399	-8.68519	0
0.159257	-7.6878	0.305761	0.159257	-7.6878	0
1.20549	-7.66171	0.320565	1.20549	-7.66171	0
2.27271	-7.63417	0.327092	2.27271	-7.63417	0
3.28992	-7.67324	0.295934	3.28992	-7.67324	0
4.26294	-7.61856	0.295842	4.26294	-7.61856	0
5.29503	-7.64886	0.306257	5.29503	-7.64886	0
6.34391	-7.60443	0.318508	6.34391	-7.60443	0
7.35985	-7.63807	0.302899	7.35985	-7.63807	0
8.47099	-7.62331	0.312669	8.47099	-7.62331	0
9.48489	-7.68654	0.30329	9.48489	-7.68654	0
10.5232	-7.68486	0.311952	10.5232	-7.68486	0
11.5586	-7.64839	0.298927	11.5586	-7.64839	0
-11.2309	-7.58631	0.317237	-11.2309	-7.58631	0
-10.1733	-7.58483	0.322501	-10.1733	-7.58483	0
-9.18561	-7.57072	0.271817	-9.18561	-7.57072	0
-8.10128	-7.60586	0.29993	-8.10128	-7.60586	0
-7.08332	-7.65734	0.326893	-7.08332	-7.65734	0
-6.05194	-7.64876	0.320925	-6.05194	-7.64876	0
-5.00906	-7.61571	0.306834	-5.00906	-7.61571	0
-3.94916	-7.68233	0.334421	-3.94916	-7.68233	0
-2.90398	-7.62653	0.329698	-2.90398	-7.62653	0
-1.8805	-7.60272	0.338964	-1.8805	-7.60272	0
-0.874215	-7.68799	0.306042	-0.874215	-7.68799	0
0.11176	-6.67607	0.297927	0.11176	-6.67607	0
1.15335	-6.55538	0.319257	1.15335	-6.55538	0
2.26337	-6.58543	0.308387	2.26337	-6.58543	0
3.26725	-6.62981	0.324776	3.26725	-6.62981	0
4.31482	-6.60829	0.336627	4.31482	-6.60829	0
5.31292	-6.59696	0.313617	5.31292	-6.59696	0
6.36005	-6.53893	0.325019	6.36005	-6.53893	0
7.41293	-6.56637	0.318587	7.41293	-6.56637	0
8.42933	-6.5363	0.310418	8.42933	-6.5363	0
9.50874	-6.58549	0.318295	9.50874	-6.58549	0
10.5457	-6.63412	0.321151	10.5457	-6.63412	0
11.5611	-6.59436	0.310388	11.5611	-6.59436	0
-11.1793	-6.51369	0.337839	-11.1793	-6.51369	0
-10.108	-6.52503	0.318309	-10.108	-6.52503	0
-9.06468	-6.53796	0.316302	-9.06468	-6.53796	0
-8.0952	-6.58234	0.291163	-8.0952	-6.58234	0
-7.08685	-6.55237	0.300713	-7.08685	-6.55237	0
-6.06117	-6.63572	0.33022	-6.06117	-6.63572	0
-5.02912	-6.62983	0.307537	-5.02912	-6.62983	0
-4.01245	-6.65366	0.341499	-4.01245	-6.65366	0
-2.95472	-6.64106	0.321885	-2.95472	-6.64106	0
-1.93878	-6.59567	0.308739	-1.93878	-6.59567	0
-0.862768	-6.64953	0.355225	-0.862768	-6.64953	0
0.129818	-5.61687	0.342371	0.129818	-5.61687	0
1.19747	-5.57832	0.334142	1.19747	-5.57832	0
2.22138	-5.62927	0.317186	2.22138	-5.62927	0
3.25226	-5.60457	0.349671	3.25226	-5.60457	0
4.28044	-5.60815	0.278654	4.28044	-5.60815	0
5.332	-5.55793	0.315148	5.332	-5.55793	0
6.34776	-5.51319	0.307274	6.34776	-5.51319	0
7.43385	-5.51687	0.320041	7.43385	-5.51687	0
8.43068	-5.55668	0.293149	8.43068	-5.55668	0
9.41982	-5.52431	0.331842	9.41982	-5.52431	0
10.5202	-5.61331	0.310465	10.5202	-5.61331	0
11.5607	-5.51719	0.300609	11.5607	-5.51719	0
-11.2058	-5.50673	0.321115	-11.2058	-5.50673	0
-10.1465	-5.46108	0.324921	-10.1465	-5.46108	0
-9.09778	-5.42502	0.331028	-9.09778	-5.42502	0
-8.10688	-5.5202	0.323952	-8.10688	-5.5202	0
-7.09042	-5.52654	0.321101	-7.09042	-5.52654	0
-6.0942	-5.50632	0.309602	-6.0942	-5.50632	0
-5.07925	-5.54393	0.329658	-5.07925	-5.54393	0
-4.02266	-5.6116	0.303753	-4.02266	-5.6116	0
-3.00729	-5.60931	0.293935	-3.00729	-5.60931	0
-1.9296	-5.55711	0.316032	-1.9296	-5.55711	0
-0.851832	-5.61334	0.309025	-0.851832	-5.61334	0
0.15694	-4.60315	0.319624	0.15694	-4.60315	0
1.22801	-4.52288	0.315877	1.22801	-4.52288	0
2.25571	-4.54529	0.325683	2.25571	-4.54529	0
3.28679	-4.56125	0.32895	3.28679	-4.56125	0
4.31139	-4.5632	0.342005	4.31139	-4.5632	0
5.32714	-4.54118	0.321011	5.32714	-4.54118	0
6.35261	-4.50342	0.319122	6.35261	-4.50342	0
7.43063	-4.52736	0.313069	7.43063	-4.52736	0
8.49337	-4.47442	0.312311	8.49337	-4.47442	0
9.47837	-4.52362	0.310656	9.47837	-4.52362	0
10.4772	-4.51764	0.338871	10.4772	-4.51764	0
11.4946	-4.50336	0.314362	11.4946	-4.50336	0
-11.2694	-4.4863	0.297407	-11.2694	-4.4863	0
-10.1846	-4.42616	0.322634	-10.1846	-4.42616	0
-9.16261	-4.35906	0.30668	-9.16261	-4.35906	0
-8.11625	-4.46436	0.334865	-8.11625	-4.46436	0
-7.0733	-4.44807	0.315737	-7.0733	-4.44807	0
-6.03345	-4.47526	0.319337	-6.03345	-4.47526	0
-4.96325	-4.54035	0.321879	-4.96325	-4.54035	0
-3.96842	-4.56674	0.300418	-3.96842	-4.56674	0
-2.98493	-4.53713	0.327678	-2.98493	-4.53713	0
-1.99561	-4.58232	0.3022	-1.99561	-4.58232	0
-0.871277	-4.57652	0.33513	-0.871277	-4.57652	0
0.101986	-3.51732	0.324053	0.101986	-3.51732	0
1.12751	-3.58861	0.311008	1.12751	-3.58861	0
2.24899	-3.50154	0.347772	2.24899	-3.50154	0
3.25215	-3.50389	0.306317	3.25215	-3.50389	0
4.3239	-3.539	0.319676	4.3239	-3.539	0
5.33505	-3.53969	0.30076	5.33505	-3.53969	0
6.37323	-3.48003	0.352136	6.37323	-3.48003	0
7.4153	-3.47055	0.322418	7.4153	-3.47055	0
8.49074	-3.46944	0.310396	8.49074	-3.46944	0
9.52083	-3.46482	0.324503	9.52083	-3.46482	0
10.5198	-3.50297	0.293759	10.5198	-3.50297	0
11.5221	-3.52253	0.319286	11.5221	-3.52253	0
-11.1676	-3.45049	0.31838	-11.1676	-3.45049	0
-10.149	-3.4171	0.316372	-10.149	-3.4171	0
-9.10186	-3.40108	0.325732	-9.10186	-3.40108	0
-8.10858	-3.39909	0.30194	-8.10858	-3.39909	0
-7.08572	-3.40553	0.313379	-7.08572	-3.40553	0
-6.0294	-3.46379	0.335077	-6.0294	-3.46379	0
-5.02379	-3.50239	0.316684	-5.02379	-3.50239	0
-3.96739	-3.4609	0.343942	-3.96739	-3.4609	0
-2.93526	-3.50166	0.334844	-2.93526	-3.50166	0
-1.94249	-3.54041	0.32337	-1.94249	-3.54041	0
-0.880863	-3.53415	0.307485	-0.880863	-3.53415	0
0.123728	-2.47505	0.297104	0.123728	-2.47505	0
1.20083	-2.56029	0.326055	1.20083	-2.56029	0
2.30403	-2.4549	0.321436	2.30403	-2.4549	0
3.30852	-2.46399	0.304497	3.30852	-2.46399	0
4.30561	-2.4838	0.30897	4.30561	-2.4838	0
5.38288	-2.4608	0.317469	5.38288	-2.4608	0
6.38534	-2.48427	0.309231	6.38534	-2.48427	0
7.35452	-2.45467	0.325911	7.35452	-2.45467	0
8.36633	-2.37387	0.341447	8.36633	-2.37387	0
9.48919	-2.42025	0.289957	9.48919	-2.42025	0
10.5571	-2.50699	0.324264	10.5571	-2.50699	0
11.5415	-2.4269	0.32597	11.5415	-2.4269	0
-11.1951	-2.39534	0.321099	-11.1951	-2.39534	0
-10.1708	-2.40955	0.31792	-10.1708	-2.40955	0
-9.17496	-2.35867	0.330484	-9.17496	-2.35867	0
-8.12961	-2.38275	0.310158	-8.12961	-2.38275	0
-7.13683	-2.3807	0.298128	-7.13683	-2.3807	0
-6.0914	-2.3948	0.318781	-6.0914	-2.3948	0
-5.00974	-2.49102	0.307495	-5.00974	-2.49102	0
-3.96785	-2.44396	0.338218	-3.96785	-2.44396	0
-2.95764	-2.49663	0.300032	-2.95764	-2.49663	0
-1.88679	-2.50168	0.349443	-1.88679	-2.50168	0
-0.856226	-2.54475	0.318932	-0.856226	-2.54475	0
0.194507	-1.45209	0.299964	0.194507	-1.45209	0
1.25148	-1.45435	0.295851	1.25148	-1.45435	0
2.27148	-1.45588	0.322665	2.27148	-1.45588	0
3.35917	-1.40721	0.305593	3.35917	-1.40721	0
4.37132	-1.42876	0.327929	4.37132	-1.42876	0
5.39367	-1.44394	0.320135	5.39367	-1.44394	0
6.35372	-1.39664	0.322858	6.35372	-1.39664	0
7.37855	-1.41792	0.301261	7.37855	-1.41792	0
8.40297	-1.41612	0.353496	8.40297	-1.41612	0
9.44675	-1.39072	0.31828	9.44675	-1.39072	0
10.5074	-1.40309	0.304302	10.5074	-1.40309	0
11.5442	-1.40114	0.319982	11.5442	-1.40114	0
-11.1983	-1.34805	0.305437	-11.1983	-1.34805	0
-10.1954	-1.35125	0.314098	-10.1954	-1.35125	0
-9.11741	-1.36801	0.315976	-9.11741	-1.36801	0
-8.02829	-1.41116	0.296701	-8.02829	-1.41116	0
-7.05517	-1.38099	0.312303	-7.05517	-1.38099	0
-6.01831	-1.40848	0.308329	-6.01831	-1.40848	0
-4.94924	-1.43018	0.307896	-4.94924	-1.43018	0
-3.9469	-1.42484	0.322742	-3.9469	-1.42484	0
-2.95191	-1.46708	0.327169	-2.95191	-1.46708	0
-1.93415	-1.49968	0.320947	-1.93415	-1.49968	0
-0.847001	-1.47907	0.308132	-0.847001	-1.47907	0
0.174333	-0.3955	0.343253	0.174333	-0.3955	0
1.25162	-0.333983	0.333004	1.25162	-0.333983	0
2.27157	-0.404741	0.349966	2.27157	-0.404741	0
3.25855	-0.335954	0.29569	3.25855	-0.335954	0
4.26931	-0.394604	0.318747	4.26931	-0.394604	0
5.38185	-0.476479	0.331386	5.38185	-0.476479	0
6.36449	-0.370787	0.305425	6.36449	-0.370787	0
7.37485	-0.369941	0.32998	7.37485	-0.369941	0
8.41396	-0.360566	0.308605	8.41396	-0.360566	0
9.42185	-0.364404	0.283175	9.42185	-0.364404	0
10.5101	-0.357521	0.291486	10.5101	-0.357521	0
11.5325	-0.396818	0.315316	11.5325	-0.396818	0
-11.2241	-0.367897	0.278427	-11.2241	-0.367897	0
-10.1273	-0.357777	0.316258	-10.1273	-0.357777	0
-9.07648	-0.373483	0.314423	-9.07648	-0.373483	0
-8.06141	-0.413116	0.295226	-8.06141	-0.413116	0
-7.01248	-0.361686	0.319174	-7.01248	-0.361686	0
-6.00575	-0.352221	0.321221	-6.00575	-0.352221	0
-5.00661	-0.397104	0.295987	-5.00661	-0.397104	0
-4.01976	-0.376957	0.279039	-4.01976	-0.376957	0
-2.90177	-0.42241	0.344454	-2.90177	-0.42241	0
-1.93264	-0.471739	0.339135	-1.93264	-0.471739	0
-0.878892	-0.465898	0.288705	-0.878892	-0.465898	0
