-0.628645	-0.356648	-0.310265	-0.628645	-0.356648	0
0.379997	-0.354052	-0.309183	0.379997	-0.354052	0
1.51382	-0.309215	-0.338075	1.51382	-0.309215	0
2.57433	-0.273994	-0.314064	2.57433	-0.273994	0
3.58523	-0.33922	-0.330596	3.58523	-0.33922	0
4.59015	-0.346555	-0.292051	4.59015	-0.346555	0
5.60542	-0.375134	-0.321592	5.60542	-0.375134	0
6.64006	-0.383663	-0.330362	6.64006	-0.383663	0
7.72984	-0.35022	-0.307723	7.72984	-0.35022	0
8.76476	-0.380707	-0.329791	8.76476	-0.380707	0
9.79194	-0.368701	-0.343637	9.79194	-0.368701	0
10.8285	-0.362978	-0.302013	10.8285	-0.362978	0
11.8368	-0.291182	-0.327625	11.8368	-0.291182	0
-10.8808	-0.300939	-0.3195	-10.8808	-0.300939	0
-9.88154	-0.369835	-0.309581	-9.88154	-0.369835	0
-8.82241	-0.396803	-0.326003	-8.82241	-0.396803	0
-7.81155	-0.41645	-0.323779	-7.81155	-0.41645	0
-6.85786	-0.389455	-0.318307	-6.85786	-0.389455	0
-5.81132	-0.357055	-0.338718	-5.81132	-0.357055	0
-4.71931	-0.341707	-0.306532	-4.71931	-0.341707	0
-3.7356	-0.384054	-0.310124	-3.7356	-0.384054	0
-2.66478	-0.44314	-0.332072	-2.66478	-0.44314	0
-1.62389	-0.440046	-0.328089	-1.62389	-0.440046	0
-0.592209	0.720532	-0.298875	-0.592209	0.720532	0
0.410329	0.671756	-0.345428	0.410329	0.671756	0
1.49506	0.654929	-0.299527	1.49506	0.654929	0
2.55464	0.715795	-0.299408	2.55464	0.715795	0
3.63228	0.721155	-0.316133	3.63228	0.721155	0
4.62021	0.739928	-0.330744	4.62021	0.739928	0
5.70427	0.659245	-0.307714	5.70427	0.659245	0
6.72272	0.676382	-0.320278	6.72272	0.676382	0
7.76132	0.726536	-0.291998	7.76132	0.726536	0
8.75898	0.638058	-0.348738	8.75898	0.638058	0
9.81275	0.68145	-0.323898	9.81275	0.68145	0
10.8609	0.671361	-0.305626	10.8609	0.671361	0
11.8855	0.705731	-0.313657	11.8855	0.705731	0
-10.87	0.735374	-0.332414	-10.87	0.735374	0
-9.84694	0.695752	-0.335834	-9.84694	0.695752	0
-8.82148	0.65986	-0.319371	-8.82148	0.65986	0
-7.84907	0.72715	-0.318791	-7.84907	0.72715	0
-6.83011	0.636846	-0.312052	-6.83011	0.636846	0
-5.76818	0.616097	-0.311352	-5.76818	0.616097	0
-4.73706	0.682865	-0.302636	-4.73706	0.682865	0
-3.73224	0.631777	-0.273997	-3.73224	0.631777	0
-2.65231	0.588187	-0.320208	-2.65231	0.588187	0
-1.60551	0.624894	-0.282813	-1.60551	0.624894	0
-0.589255	1.72286	-0.324393	-0.589255	1.72286	0
0.510327	1.6794	-0.320068	0.510327	1.6794	0
1.50543	1.71454	-0.337868	1.50543	1.71454	0
2.50987	1.73423	-0.314582	2.50987	1.73423	0
3.59799	1.76799	-0.328616	3.59799	1.76799	0
4.66514	1.69703	-0.303311	4.66514	1.69703	0
5.63765	1.72417	-0.305732	5.63765	1.72417	0
6.6762	1.65213	-0.294964	6.6762	1.65213	0
7.67007	1.73948	-0.325573	7.67007	1.73948	0
8.75369	1.73374	-0.298312	8.75369	1.73374	0
9.76538	1.73434	-0.333685	9.76538	1.73434	0
10.7978	1.69554	-0.338716	10.7978	1.69554	0
11.8378	1.75172	-0.316245	11.8378	1.75172	0
-10.9221	1.76088	-0.27263	-10.9221	1.76088	0
-9.86319	1.70755	-0.333345	-9.86319	1.70755	0
-8.88	1.62914	-0.329319	-8.88	1.62914	0
-7.83334	1.71714	-0.316195	-7.83334	1.71714	0
-6.86205	1.70255	-0.299968	-6.86205	1.70255	0
-5.8238	1.7279	-0.304147	-5.8238	1.7279	0
-4.77024	1.71818	-0.325598	-4.77024	1.71818	0
-3.70789	1.66732	-0.325551	-3.70789	1.66732	0
-2.70756	1.65924	-0.300286	-2.70756	1.65924	0
-1.63795	1.63209	-0.324867	-1.63795	1.63209	0
-0.623453	2.74624	-0.324846	-0.623453	2.74624	0
0.468733	2.67725	-0.326224	0.468733	2.67725	0
1.48326	2.75357	-0.305196	1.48326	2.75357	0
2.52939	2.75796	-0.320043	2.52939	2.75796	0
3.5631	2.76099	-0.326673	3.5631	2.76099	0
4.58836	2.75054	-0.300648	4.58836	2.75054	0
5.60391	2.73782	-0.311911	5.60391	2.73782	0
6.65185	2.71577	-0.323429	6.65185	2.71577	0
7.68086	2.71154	-0.317223	7.68086	2.71154	0
8.75254	2.68989	-0.31786	8.75254	2.68989	0
9.79376	2.75207	-0.317717	9.79376	2.75207	0
10.8197	2.70212	-0.307053	10.8197	2.70212	0
11.8192	2.80383	-0.302431	11.8192	2.80383	0
-10.9324	2.7433	-0.316436	-10.9324	2.7433	0
-9.86386	2.7385	-0.339262	-9.86386	2.7385	0
-8.87445	2.70575	-0.3264	-8.87445	2.70575	0
-7.83986	2.72582	-0.318071	-7.83986	2.72582	0
-6.81343	2.71889	-0.338681	-6.81343	2.71889	0
-5.72978	2.73315	-0.313335	-5.72978	2.73315	0
-4.76484	2.67545	-0.285921	-4.76484	2.67545	0
-3.69538	2.70942	-0.310915	-3.69538	2.70942	0
-2.65552	2.73233	-0.320724	-2.65552	2.73233	0
-1.66258	2.70234	-0.26517	-1.66258	2.70234	0
-0.654381	3.77007	-0.321969	-0.654381	3.77007	0
0.423752	3.7722	-0.320466	0.423752	3.7722	0
1.47376	3.81106	-0.331561	1.47376	3.81106	0
2.56949	3.81832	-0.300755	2.56949	3.81832	0
3.58017	3.82526	-0.350832	3.58017	3.82526	0
4.56894	3.7628	-0.299181	4.56894	3.7628	0
5.63175	3.79986	-0.299625	5.63175	3.79986	0
6.68549	3.76011	-0.31371	6.68549	3.76011	0
7.68546	3.71468	-0.307976	7.68546	3.71468	0
8.73958	3.716	-0.294944	8.73958	3.716	0
9.83159	3.77999	-0.315826	9.83159	3.77999	0
10.8586	3.74424	-0.331833	10.8586	3.74424	0
11.8835	3.7585	-0.319102	11.8835	3.7585	0
-10.925	3.79251	-0.305845	-10.925	3.79251	0
-9.87621	3.76487	-0.344599	-9.87621	3.76487	0
-8.81502	3.76265	-0.305975	-8.81502	3.76265	0
-7.78397	3.75123	-0.317252	-7.78397	3.75123	0
-6.78967	3.84676	-0.305049	-6.78967	3.84676	0
-5.71983	3.79781	-0.313033	-5.71983	3.79781	0
-4.71607	3.70481	-0.293693	-4.71607	3.70481	0
-3.72856	3.72168	-0.303181	-3.72856	3.72168	0
-2.62734	3.72568	-0.338711	-2.62734	3.72568	0
-1.69763	3.78269	-0.32397	-1.69763	3.78269	0
-0.618364	4.76598	-0.323196	-0.618364	4.76598	0
0.428779	4.88142	-0.32485	0.428779	4.88142	0
1.46172	4.78038	-0.299438	1.46172	4.78038	0
2.4508	4.77191	-0.312389	2.4508	4.77191	0
3.55362	4.83547	-0.313037	3.55362	4.83547	0
4.62304	4.83505	-0.329149	4.62304	4.83505	0
5.66166	4.79956	-0.285946	5.66166	4.79956	0
6.67059	4.83254	-0.290537	6.67059	4.83254	0
7.71596	4.84742	-0.292934	7.71596	4.84742	0
8.73895	4.73769	-0.340695	8.73895	4.73769	0
9.78236	4.81554	-0.321097	9.78236	4.81554	0
10.8599	4.76734	-0.313019	10.8599	4.76734	0
11.8638	4.76486	-0.337735	11.8638	4.76486	0
-10.8805	4.83798	-0.33913	-10.8805	4.83798	0
-9.88742	4.82216	-0.283839	-9.88742	4.82216	0
-8.80583	4.78444	-0.305869	-8.80583	4.78444	0
-7.81618	4.82429	-0.355283	-7.81618	4.82429	0
-6.79045	4.84769	-0.315846	-6.79045	4.84769	0
-5.72695	4.84235	-0.327327	-5.72695	4.84235	0
-4.72908	4.83691	-0.320378	-4.72908	4.83691	0
-3.73208	4.80368	-0.308328	-3.73208	4.80368	0
-2.71685	4.73939	-0.313913	-2.71685	4.73939	0
-1.7073	4.8118	-0.319726	-1.7073	4.8118	0
-0.620323	5.91352	-0.333482	-0.620323	5.91352	0
0.450631	5.83306	-0.295513	0.450631	5.83306	0
1.50629	5.85121	-0.30574	1.50629	5.85121	0
2.54841	5.82118	-0.347108	2.54841	5.82118	0
3.53709	5.89966	-0.29786	3.53709	5.89966	0
4.61136	5.89529	-0.305489	4.61136	5.89529	0
5.64688	5.8006	-0.326089	5.64688	5.8006	0
6.71107	5.82049	-0.276552	6.71107	5.82049	0
7.74223	5.80732	-0.321335	7.74223	5.80732	0
8.80852	5.79464	-0.330237	8.80852	5.79464	0
9.83932	5.81504	-0.325093	9.83932	5.81504	0
10.8829	5.72093	-0.31818	10.8829	5.72093	0
11.9146	5.8668	-0.315725	-11.8714	5.8668	0
-10.882	5.83702	-0.323565	-10.882	5.83702	0
-9.88128	5.82812	-0.334249	-9.88128	5.82812	0
-8.78601	5.86305	-0.326236	-8.78601	5.86305	0
-7.76993	5.88377	-0.337634	-7.76993	5.88377	0
-6.72896	5.85403	-0.314319	-6.72896	5.85403	0
-5.7177	5.87628	-0.317397	-5.7177	5.87628	0
-4.67542	5.88344	-0.316682	-4.67542	5.88344	0
-3.69161	5.84794	-0.304435	-3.69161	5.84794	0
-2.68348	5.86004	-0.339597	-2.68348	5.86004	0
-1.63588	5.86618	-0.342784	-1.63588	5.86618	0
-0.624372	6.87661	-0.297773	-0.624372	6.87661	0
0.401861	6.84669	-0.325906	0.401861	6.84669	0
1.41032	6.8897	-0.332999	1.41032	6.8897	0
2.46954	6.94441	-0.33212	2.46954	6.94441	0
3.47703	6.88873	-0.29965	3.47703	6.88873	0
4.57442	6.96857	-0.320193	4.57442	6.96857	0
5.61112	6.84921	-0.342319	5.61112	6.84921	0
6.69161	6.86141	-0.341342	6.69161	6.86141	0
7.72728	6.80881	-0.337644	7.72728	6.80881	0
8.75997	6.85	-0.32869	8.75997	6.85	0
9.79299	6.8939	-0.326467	9.79299	6.8939	0
10.779	6.83352	-0.333923	10.779	6.83352	0
11.8071	6.84514	-0.31451	11.8071	6.84514	0
-10.9152	6.85112	-0.32131	-10.9152	6.85112	0
-9.87874	6.89069	-0.32782	-9.87874	6.89069	0
-8.80296	6.92663	-0.351008	-8.80296	6.92663	0
-7.80921	6.93506	-0.312717	-7.80921	6.93506	0
-6.78552	6.84722	-0.344644	-6.78552	6.84722	0
-5.74924	6.85957	-0.321221	-5.74924	6.85957	0
-4.67166	6.87566	-0.275276	-4.67166	6.87566	0
-3.66496	6.91719	-0.298742	-3.66496	6.91719	0
-2.68491	6.89037	-0.328871	-2.68491	6.89037	0
-1.62598	6.89643	-0.325817	-1.62598	6.89643	0
-0.558068	7.90765	-0.295463	-0.558068	7.90765	0
0.463957	7.89591	-0.31412	0.463957	7.89591	0
1.49255	8.00379	-0.303363	1.49255	8.00379	0
2.50115	7.95612	-0.305711	2.50115	7.95612	0
3.52354	7.95338	-0.314912	3.52354	7.95338	0
4.59177	7.98844	-0.32093	4.59177	7.98844	0
5.65611	7.92334	-0.2918	5.65611	7.92334	0
6.75967	7.85396	-0.34293	6.75967	7.85396	0
7.7588	7.90048	-0.328826	7.7588	7.90048	0
8.74257	7.89623	-0.32115	8.74257	7.89623	0
9.73469	7.88817	-0.305492	9.73469	7.88817	0
10.752	7.88713	-0.315419	10.752	7.88713	0
11.8379	7.88562	-0.277573	11.8379	7.88562	0
-10.9273	7.87122	-0.3013	-10.9273	7.87122	0
-9.86184	7.92331	-0.337158	-9.86184	7.92331	0
-8.8445	7.95625	-0.322737	-8.8445	7.95625	0
-7.77269	7.96371	-0.331735	-7.77269	7.96371	0
-6.7489	7.94056	-0.32098	-6.7489	7.94056	0
-5.69364	7.89069	-0.262597	-5.69364	7.89069	0
-4.68001	7.91243	-0.323278	-4.68001	7.91243	0
-3.67499	7.90836	-0.311972	-3.67499	7.90836	0
-2.65709	7.90994	-0.321846	-2.65709	7.90994	0
-1.62532	7.94042	-0.312798	-1.62532	7.94042	0
-0.520832	8.95799	-0.332015	-0.520832	8.95799	0
0.489905	8.98656	-0.329082	0.489905	8.98656	0
1.46741	9.01358	-0.291151	1.46741	9.01358	0
2.46841	8.92004	-0.323799	2.46841	8.92004	0
3.51781	8.9703	-0.308174	3.51781	8.9703	0
4.64491	8.96314	-0.332118	4.64491	8.96314	0
5.63464	8.95044	-0.347669	5.63464	8.95044	0
6.68262	8.87594	-0.321784	6.68262	8.87594	0
7.65436	8.92664	-0.302249	7.65436	8.92664	0
8.68433	8.95573	-0.346387	8.68433	8.95573	0
9.74256	8.9204	-0.304546	9.74256	8.9204	0
10.7492	8.89009	-0.341552	10.7492	8.89009	0
11.8309	8.9296	-0.282915	11.8309	8.9296	0
-10.9104	8.946	-0.321067	-10.9104	8.946	0
-9.87111	8.97413	-0.30937	-9.87111	8.97413	0
-8.86726	8.96545	-0.31101	-8.86726	8.96545	0
-7.81857	8.93857	-0.307515	-7.81857	8.93857	0
-6.82711	9.00284	-0.319268	-6.82711	9.00284	0
-5.71071	8.96009	-0.350358	-5.71071	8.96009	0
-4.68168	8.97439	-0.325275	-4.68168	8.97439	0
-3.65266	9.00212	-0.308228	-3.65266	9.00212	0
-2.62813	8.9331	-0.35901	-2.62813	8.9331	0
-1.55874	8.95556	-0.307502	-1.55874	8.95556	0
-0.542279	9.94817	-0.321173	-0.542279	9.94817	0
0.482774	9.98513	-0.317028	0.482774	9.98513	0
1.52166	10.0387	-0.308246	1.52166	10.0387	0
2.52286	10.0233	-0.335612	2.52286	10.0233	0
3.52989	10.0205	-0.330339	3.52989	10.0205	0
4.5424	10.033	-0.31978	4.5424	10.033	0
5.59791	9.94848	-0.32163	5.59791	9.94848	0
6.65563	9.99022	-0.341845	6.65563	9.99022	0
7.68413	10.0224	-0.312893	7.68413	10.0224	0
8.6503	9.99695	-0.331879	8.6503	9.99695	0
9.78234	9.95778	-0.32541	9.78234	9.95778	0
10.7766	9.93821	-0.310841	10.7766	9.93821	0
11.824	9.90312	-0.30734	11.824	9.90312	0
-10.9175	9.97834	-0.340895	-10.9175	9.97834	0
-9.86085	9.97798	-0.311838	-9.86085	9.97798	0
-8.86177	9.96707	-0.321066	-8.86177	9.96707	0
-7.83822	9.9768	-0.331129	-7.83822	9.9768	0
-6.78721	10.0043	-0.345593	-6.78721	10.0043	0
-5.76826	9.92948	-0.33955	-5.76826	9.92948	0
-4.67964	9.97511	-0.301295	-4.67964	9.97511	0
-3.67799	10.0116	-0.306176	-3.67799	10.0116	0
-2.67024	10.0325	-0.301712	-2.67024	10.0325	0
-1.6307	9.96706	-0.314272	-1.6307	9.96706	0
-0.544005	10.9794	-0.333559	-0.544005	10.9794	0
0.448062	10.9972	-0.345345	0.448062	10.9972	0
1.51212	11.0764	-0.305227	1.51212	11.0764	0
2.55576	11.1205	-0.309867	2.55576	11.1205	0
3.54257	11.0984	-0.330205	3.54257	11.0984	0
4.58133	11.1134	-0.30148	4.58133	11.1134	0
5.57882	11.0164	-0.317599	5.57882	11.0164	0
6.6381	11.0017	-0.332223	6.6381	11.0017	0
7.70166	11.0163	-0.32742	7.70166	11.0163	0
8.71601	11.0222	-0.314785	8.71601	11.0222	0
9.75813	10.9883	-0.335246	9.75813	10.9883	0
10.8057	10.9384	-0.300634	10.8057	10.9384	0
11.8424	10.9892	-0.320949	11.8424	10.9892	0
-10.9406	11.0155	-0.330706	-10.9406	11.0155	0
-9.92506	10.9729	-0.321572	-9.92506	10.9729	0
-8.89139	11.0157	-0.340333	-8.89139	11.0157	0
-7.80427	11.0208	-0.335292	-7.80427	11.0208	0
-6.78647	11.0394	-0.298267	-6.78647	11.0394	0
-5.75587	11.0499	-0.30189	-5.75587	11.0499	0
-4.7277	11.0027	-0.32894	-4.7277	11.0027	0
-3.66361	10.979	-0.305711	-3.66361	10.979	0
-2.65192	11.0093	-0.348503	-2.65192	11.0093	0
-1.57585	10.9617	-0.307398	-1.57585	10.9617	0
-0.544372	-11.7314	-0.302215	-0.544372	-11.7314	0
0.445037	-11.7071	-0.281937	0.445037	-11.7071	0
1.50703	-11.7094	-0.290814	1.50703	-11.7094	0
2.50755	-11.6904	-0.310831	2.50755	-11.6904	0
3.5238	-11.5819	-0.318726	3.5238	-11.5819	0
4.58694	-11.6665	-0.300992	4.58694	-11.6665	0
5.6049	-11.7247	-0.301592	5.6049	-11.7247	0
6.64875	-11.7849	-0.321735	6.64875	-11.7849	0
7.7221	-11.7313	-0.319911	7.7221	-11.7313	0
8.75511	-11.7576	-0.316681	8.75511	-11.7576	0
9.76122	-11.7882	-0.306422	9.76122	-11.7882	0
10.764	-11.813	-0.332439	10.764	-11.813	0
11.8889	-11.7707	-0.334901	11.8889	-11.7707	0
-10.8932	-11.7579	-0.30525	-10.8932	-11.7579	0
-9.8648	-11.7525	-0.315736	-9.8648	-11.7525	0
-8.8199	-11.7912	-0.337705	-8.8199	-11.7912	0
-7.83715	-11.7809	-0.31104	-7.83715	-11.7809	0
-6.82509	-11.7111	-0.335891	-6.82509	-11.7111	0
-5.70174	-11.7322	-0.314354	-5.70174	-11.7322	0
-4.7056	-11.7598	-0.336774	-4.7056	-11.7598	0
-3.67679	-11.8051	-0.34849	-3.67679	-11.8051	0
-2.66814	-11.7567	-0.291094	-2.66814	-11.7567	0
-1.60401	-11.7395	-0.298743	-1.60401	-11.7395	0
-0.549381	-10.6781	-0.308961	-0.549381	-10.6781	0
0.447834	-10.6234	-0.308913	0.447834	-10.6234	0
1.46493	-10.6338	-0.338467	1.46493	-10.6338	0
2.4792	-10.6316	-0.325084	2.4792	-10.6316	0
3.4963	-10.59	-0.330144	3.4963	-10.59	0
4.56723	-10.6152	-0.348152	4.56723	-10.6152	0
5.65375	-10.7023	-0.337016	5.65375	-10.7023	0
6.62321	-10.7344	-0.314732	6.62321	-10.7344	0
7.64885	-10.7184	-0.317481	7.64885	-10.7184	0
8.72298	-10.7413	-0.29432	8.72298	-10.7413	0
9.76761	-10.7834	-0.33166	9.76761	-10.7834	0
10.7819	-10.7152	-0.320268	10.7819	-10.7152	0
11.7859	-10.685	-0.275428	11.7859	-10.685	0
-10.9493	-10.6932	-0.311262	-10.9493	-10.6932	0
-9.88194	-10.7062	-0.331657	-9.88194	-10.7062	0
-8.83453	-10.7222	-0.318486	-8.83453	-10.7222	0
-7.88445	-10.7102	-0.326695	-7.88445	-10.7102	0
-6.84864	-10.7007	-0.298545	-6.84864	-10.7007	0
-5.77402	-10.7044	-0.348792	-5.77402	-10.7044	0
-4.7105	-10.7646	-0.307949	-4.7105	-10.7646	0
-3.68434	-10.6691	-0.298695	-3.68434	-10.6691	0
-2.62047	-10.6425	-0.315298	-2.62047	-10.6425	0
-1.61211	-10.6707	-0.325008	-1.61211	-10.6707	0
-0.511181	-9.58387	-0.298663	-0.511181	-9.58387	0
0.439961	-9.68974	-0.338931	0.439961	-9.68974	0
1.47515	-9.60212	-0.342948	1.47515	-9.60212	0
2.49811	-9.59039	-0.312471	2.49811	-9.59039	0
3.51543	-9.60274	-0.334083	3.51543	-9.60274	0
4.56158	-9.62505	-0.340486	4.56158	-9.62505	0
5.60506	-9.69955	-0.321368	5.60506	-9.69955	0
6.59188	-9.6789	-0.312737	6.59188	-9.6789	0
7.63361	-9.65759	-0.315835	7.63361	-9.65759	0
8.6641	-9.72185	-0.330459	8.6641	-9.72185	0
9.70975	-9.70963	-0.313918	9.70975	-9.70963	0
10.8022	-9.68354	-0.313407	10.8022	-9.68354	0
11.8221	-9.69658	-0.305513	11.8221	-9.69658	0
-10.9388	-9.6707	-0.332833	-10.9388	-9.6707	0
-9.89402	-9.6886	-0.318216	-9.89402	-9.6886	0
-8.89289	-9.69749	-0.319984	-8.89289	-9.69749	0
-7.84744	-9.67717	-0.338362	-7.84744	-9.67717	0
-6.76259	-9.69223	-0.330509	-6.76259	-9.69223	0
-5.76071	-9.67285	-0.287511	-5.76071	-9.67285	0
-4.76121	-9.69051	-0.29646	-4.76121	-9.69051	0
-3.66944	-9.68871	-0.345661	-3.66944	-9.68871	0
-2.66822	-9.67718	-0.310442	-2.66822	-9.67718	0
-1.57738	-9.62732	-0.293558	-1.57738	-9.62732	0
-0.596753	-8.55962	-0.305304	-0.596753	-8.55962	0
0.440663	-8.61673	-0.310011	0.440663	-8.61673	0
1.47943	-8.62816	-0.325813	1.47943	-8.62816	0
2.52562	-8.54441	-0.315858	2.52562	-8.54441	0
3.56383	-8.5654	-0.316942	3.56383	-8.5654	0
4.60817	-8.55489	-0.324354	4.60817	-8.55489	0
5.61123	-8.68854	-0.309163	5.61123	-8.68854	0
6.62572	-8.68222	-0.324229	6.62572	-8.68222	0
7.68548	-8.61516	-0.312211	7.68548	-8.61516	0
8.67457	-8.69742	-0.322575	8.67457	-8.69742	0
9.74539	-8.66339	-0.304594	9.74539	-8.66339	0
10.7802	-8.64101	-0.318299	10.7802	-8.64101	0
11.7803	-8.65446	-0.309376	11.7803	-8.65446	0
-10.9483	-8.61988	-0.319559	-10.9483	-8.61988	0
-9.92346	-8.6335	-0.314086	-9.92346	-8.6335	0
-8.91635	-8.73078	-0.340998	-8.91635	-8.73078	0
-7.83322	-8.63785	-0.326297	-7.83322	-8.63785	0
-6.77165	-8.63345	-0.325282	-6.77165	-8.63345	0
-5.72756	-8.62096	-0.327125	-5.72756	-8.62096	0
-4.74593	-8.59915	-0.290911	-4.74593	-8.59915	0
-3.67997	-8.6267	-0.331666	-3.67997	-8.6267	0
-2.69063	-8.65156	-0.325598	-2.69063	-8.65156	0
-1.66225	-8.6091	-0.327296	-1.66225	-8.6091	0
-0.548067	-7.52941	-0.288119	-0.548067	-7.52941	0
0.475578	-7.573	-0.335966	0.475578	-7.573	0
1.48352	-7.57339	-0.318821	1.48352	-7.57339	0
2.50857	-7.53643	-0.3029	2.50857	-7.53643	0
3.53224	-7.55996	-0.29945	3.53224	-7.55996	0
4.56959	-7.56416	-0.317575	4.56959	-7.56416	0
5.57132	-7.63456	-0.30334	5.57132	-7.63456	0
6.58585	-7.61959	-0.32645	6.58585	-7.61959	0
7.66891	-7.52797	-0.325752	7.66891	-7.52797	0
8.76772	-7.68001	-0.32481	8.76772	-7.68001	0
9.7283	-7.65692	-0.321634	9.7283	-7.65692	0
10.7617	-7.61013	-0.284983	10.7617	-7.61013	0
11.8112	-7.58429	-0.313812	11.8112	-7.58429	0
-10.9753	-7.60211	-0.32255	-10.9753	-7.60211	0
-9.91662	-7.57972	-0.263089	-9.91662	-7.57972	0
-8.91706	-7.63795	-0.303315	-8.91706	-7.63795	0
-7.90049	-7.62151	-0.303582	-7.90049	-7.62151	0
-6.86437	-7.61893	-0.30498	-6.86437	-7.61893	0
-5.80883	-7.59958	-0.350704	-5.80883	-7.59958	0
-4.73063	-7.60209	-0.298608	-4.73063	-7.60209	0
-3.71201	-7.62941	-0.327997	-3.71201	-7.62941	0
-2.71487	-7.58268	-0.317245	-2.71487	-7.58268	0
-1.6461	-7.58595	-0.325754	-1.6461	-7.58595	0
-0.660363	-6.54523	-0.289838	-0.660363	-6.54523	0
0.41078	-6.55615	-0.312836	0.41078	-6.55615	0
1.44469	-6.53072	-0.330479	1.44469	-6.53072	0
2.481	-6.50153	-0.319942	2.481	-6.50153	0
3.52465	-6.5546	-0.337008	3.52465	-6.5546	0
4.5012	-6.55696	-0.281002	4.5012	-6.55696	0
5.58093	-6.60322	-0.312098	5.58093	-6.60322	0
6.6106	-6.59003	-0.3326	6.6106	-6.59003	0
7.67785	-6.5769	-0.313126	7.67785	-6.5769	0
8.7275	-6.61984	-0.337239	8.7275	-6.61984	0
9.70278	-6.59595	-0.339566	9.70278	-6.59595	0
10.7561	-6.57559	-0.301305	10.7561	-6.57559	0
11.8145	-6.56088	-0.293628	11.8145	-6.56088	0
-10.9958	-6.56826	-0.332346	-10.9958	-6.56826	0
-9.99715	-6.57793	-0.293574	-9.99715	-6.57793	0
-8.93509	-6.59531	-0.321041	-8.93509	-6.59531	0
-7.85735	-6.587	-0.336478	-7.85735	-6.587	0
-6.86546	-6.58108	-0.322078	-6.86546	-6.58108	0
-5.78467	-6.49969	-0.333019	-5.78467	-6.49969	0
-4.73741	-6.51319	-0.336973	-4.73741	-6.51319	0
-3.68342	-6.57864	-0.332394	-3.68342	-6.57864	0
-2.68808	-6.5944	-0.317098	-2.68808	-6.5944	0
-1.64582	-6.57347	-0.321196	-1.64582	-6.57347	0
-0.578567	-5.56526	-0.331176	-0.578567	-5.56526	0
0.493805	-5.50081	-0.320942	0.493805	-5.50081	0
1.47571	-5.50327	-0.307858	1.47571	-5.50327	0
2.48367	-5.51901	-0.331463	2.48367	-5.51901	0
3.53213	-5.45061	-0.339816	3.53213	-5.45061	0
4.58408	-5.53047	-0.335583	4.58408	-5.53047	0
5.59936	-5.58299	-0.297431	5.59936	-5.58299	0
6.67183	-5.54044	-0.303096	6.67183	-5.54044	0
7.70618	-5.56011	-0.324619	7.70618	-5.56011	0
8.76031	-5.57573	-0.319383	8.76031	-5.57573	0
9.7477	-5.56034	-0.300917	9.7477	-5.56034	0
10.6895	-5.55353	-0.302703	10.6895	-5.55353	0
11.8387	-5.53794	-0.303127	11.8387	-5.53794	0
-10.9646	-5.47141	-0.294432	-10.9646	-5.47141	0
-9.94621	-5.57509	-0.321098	-9.94621	-5.57509	0
-8.93533	-5.56131	-0.294865	-8.93533	-5.56131	0
-7.90101	-5.5804	-0.304148	-7.90101	-5.5804	0
-6.83883	-5.56864	-0.310348	-6.83883	-5.56864	0
-5.76364	-5.52253	-0.30805	-5.76364	-5.52253	0
-4.75052	-5.53395	-0.325712	-4.75052	-5.53395	0
-3.71342	-5.51167	-0.32464	-3.71342	-5.51167	0
-2.68767	-5.56232	-0.342001	-2.68767	-5.56232	0
-1.67574	-5.61284	-0.333062	-1.67574	-5.61284	0
-0.579946	-4.52285	-0.315289	-0.579946	-4.52285	0
0.507606	-4.46462	-0.314589	0.507606	-4.46462	0
1.48569	-4.42627	-0.315308	1.48569	-4.42627	0
2.55748	-4.47122	-0.310909	2.55748	-4.47122	0
3.57423	-4.47334	-0.308486	3.57423	-4.47334	0
4.61088	-4.48763	-0.320892	4.61088	-4.48763	0
5.63182	-4.56173	-0.298929	5.63182	-4.56173	0
6.67065	-4.53028	-0.313638	6.67065	-4.53028	0
7.74927	-4.54657	-0.323572	7.74927	-4.54657	0
8.71035	-4.54224	-0.32801	8.71035	-4.54224	0
9.7541	-4.5075	-0.320521	9.7541	-4.5075	0
10.7813	-4.48801	-0.316286	10.7813	-4.48801	0
11.811	-4.54974	-0.302593	11.811	-4.54974	0
-10.9589	-4.4752	-0.293801	-10.9589	-4.4752	0
-9.91318	-4.46649	-0.328489	-9.91318	-4.46649	0
-8.93139	-4.51013	-0.335549	-8.93139	-4.51013	0
-7.9341	-4.54734	-0.343831	-7.9341	-4.54734	0
-6.90741	-4.51532	-0.31765	-6.90741	-4.51532	0
-5.84799	-4.5296	-0.328977	-5.84799	-4.5296	0
-4.77505	-4.50396	-0.35772	-4.77505	-4.50396	0
-3.78731	-4.49872	-0.323581	-3.78731	-4.49872	0
-2.65323	-4.5747	-0.315175	-2.65323	-4.5747	0
-1.59766	-4.55581	-0.342422	-1.59766	-4.55581	0
-0.700074	-3.53351	-0.307355	-0.700074	-3.53351	0
0.401575	-3.44759	-0.322019	0.401575	-3.44759	0
1.53028	-3.36	-0.332311	1.53028	-3.36	0
2.53162	-3.42788	-0.303501	2.53162	-3.42788	0
3.57086	-3.4359	-0.341585	3.57086	-3.4359	0
4.62189	-3.44543	-0.299159	4.62189	-3.44543	0
5.67951	-3.47234	-0.318608	5.67951	-3.47234	0
6.66236	-3.50257	-0.32645	6.66236	-3.50257	0
7.65138	-3.4455	-0.318053	7.65138	-3.4455	0
8.70709	-3.51005	-0.327348	8.70709	-3.51005	0
9.68349	-3.51658	-0.338985	9.68349	-3.51658	0
10.7736	-3.53271	-0.329246	10.7736	-3.53271	0
11.7775	-3.4331	-0.321325	11.7775	-3.4331	0
-10.9782	-3.45884	-0.315261	-10.9782	-3.45884	0
-9.89973	-3.3776	-0.334406	-9.89973	-3.3776	0
-8.89152	-3.49864	-0.31853	-8.89152	-3.49864	0
-7.87617	-3.45676	-0.326824	-7.87617	-3.45676	0
-6.81311	-3.53089	-0.341754	-6.81311	-3.53089	0
-5.76446	-3.51826	-0.323406	-5.76446	-3.51826	0
-4.772	-3.51353	-0.319238	-4.772	-3.51353	0
-3.77281	-3.51101	-0.326627	-3.77281	-3.51101	0
-2.69892	-3.5351	-0.309312	-2.69892	-3.5351	0
-1.70737	-3.50583	-0.330077	-1.70737	-3.50583	0
-0.596363	-2.48597	-0.312447	-0.596363	-2.48597	0
0.423246	-2.40045	-0.308272	0.423246	-2.40045	0
1.50435	-2.37154	-0.303777	1.50435	-2.37154	0
2.49549	-2.36664	-0.337462	2.49549	-2.36664	0
3.57625	-2.39464	-0.319119	3.57625	-2.39464	0
4.58588	-2.40794	-0.32795	4.58588	-2.40794	0
5.63277	-2.40165	-0.31659	5.63277	-2.40165	0
6.65543	-2.45545	-0.327531	6.65543	-2.45545	0
7.69228	-2.44882	-0.32893	7.69228	-2.44882	0
8.76438	-2.49034	-0.315408	8.76438	-2.49034	0
9.83029	-2.42758	-0.314369	9.83029	-2.42758	0
10.8182	-2.463	-0.316766	10.8182	-2.463	0
11.8476	-2.41909	-0.28625	11.8476	-2.41909	0
-10.837	-2.39019	-0.309811	-10.837	-2.39019	0
-9.80206	-2.38689	-0.319909	-9.80206	-2.38689	0
-8.80701	-2.47633	-0.29918	-8.80701	-2.47633	0
-7.80045	-2.43813	-0.307518	-7.80045	-2.43813	0
-6.81488	-2.50038	-0.319138	-6.81488	-2.50038	0
-5.74514	-2.47313	-0.337315	-5.74514	-2.47313	0
-4.77153	-2.43228	-0.32124	-4.77153	-2.43228	0
-3.74929	-2.42617	-0.321362	-3.74929	-2.42617	0
-2.69848	-2.47762	-0.326173	-2.69848	-2.47762	0
-1.66929	-2.46385	-0.359785	-1.66929	-2.46385	0
-0.618274	-1.42992	-0.317072	-0.618274	-1.42992	0
0.40651	-1.3101	-0.346459	0.40651	-1.3101	0
1.52467	-1.31526	-0.307786	1.52467	-1.31526	0
2.55289	-1.34148	-0.335489	2.55289	-1.34148	0
3.57279	-1.35702	-0.318854	3.57279	-1.35702	0
4.61127	-1.34407	-0.33737	4.61127	-1.34407	0
5.59471	-1.35978	-0.326604	5.59471	-1.35978	0
6.64527	-1.39782	-0.335608	6.64527	-1.39782	0
7.66177	-1.32741	-0.321039	7.66177	-1.32741	0
8.74624	-1.43915	-0.250058	8.74624	-1.43915	0
9.77833	-1.346	-0.313557	9.77833	-1.346	0
10.8471	-1.43829	-0.321258	10.8471	-1.43829	0
11.8896	-1.40686	-0.325263	11.8896	-1.40686	0
-10.9043	-1.36162	-0.293726	-10.9043	-1.36162	0
-9.92086	-1.37721	-0.316108	-9.92086	-1.37721	0
-8.84295	-1.4578	-0.317381	-8.84295	-1.4578	0
-7.7766	-1.44311	-0.31576	-7.7766	-1.44311	0
-6.75397	-1.41031	-0.322009	-6.75397	-1.41031	0
-5.73073	-1.41263	-0.327816	-5.73073	-1.41263	0
-4.69754	-1.39797	-0.343345	-4.69754	-1.39797	0
-3.71805	-1.45325	-0.324321	-3.71805	-1.45325	0
-2.66742	-1.51229	-0.310668	-2.66742	-1.51229	0
-1.69197	-1.42439	-0.323343	-1.69197	-1.42439	0
-0.0756396	0.163767	0.33416	-0.0756396	0.163767	0
0.920737	0.144986	0.296191	0.920737	0.144986	0
1.97666	0.163205	0.346069	1.97666	0.163205	0
3.07961	0.163735	0.333927	3.07961	0.163735	0
4.13244	0.222778	0.330661	4.13244	0.222778	0
5.14831	0.151194	0.339076	5.14831	0.151194	0
6.2004	0.149888	0.324832	6.2004	0.149888	0
7.2564	0.13243	0.314571	7.2564	0.13243	0
8.26714	0.134775	0.312186	8.26714	0.134775	0
9.31708	0.184224	0.328606	9.31708	0.184224	0
10.3488	0.150221	0.334719	10.3488	0.150221	0
11.3717	0.114616	0.325194	11.3717	0.114616	0
-11.3906	0.200452	0.316734	-11.3906	0.200452	0
-10.3531	0.167585	0.308366	-10.3531	0.167585	0
-9.37649	0.140302	0.28903	-9.37649	0.140302	0
-8.32503	0.134125	0.333278	-8.32503	0.134125	0
-7.38286	0.123423	0.316621	-7.38286	0.123423	0
-6.3095	0.097549	0.32224	-6.3095	0.097549	0
-5.28976	0.124291	0.308674	-5.28976	0.124291	0
-4.25961	0.107061	0.344893	-4.25961	0.107061	0
-3.17268	0.115824	0.301475	-3.17268	0.115824	0
-2.14212	0.0984976	0.341787	-2.14212	0.0984976	0
-1.08768	0.177559	0.339906	-1.08768	0.177559	0
-0.0418751	1.23974	0.321957	-0.0418751	1.23974	0
0.970283	1.15813	0.320028	0.970283	1.15813	0
1.99413	1.20921	0.321647	1.99413	1.20921	0
3.07816	1.22124	0.303367	3.07816	1.22124	0
4.12742	1.27372	0.320373	4.12742	1.27372	0
5.11673	1.14766	0.30699	5.11673	1.14766	0
6.127	1.21801	0.32618	6.127	1.21801	0
7.19643	1.15941	0.306515	7.19643	1.15941	0
8.23166	1.18158	0.315712	8.23166	1.18158	0
9.30963	1.18564	0.296664	9.30963	1.18564	0
10.3713	1.20755	0.325509	10.3713	1.20755	0
11.3504	1.24221	0.32731	11.3504	1.24221	0
-11.4293	1.23386	0.320515	-11.4293	1.23386	0
-10.3367	1.21481	0.337792	-10.3367	1.21481	0
-9.3564	1.23069	0.33831	-9.3564	1.23069	0
-8.37696	1.24158	0.345651	-8.37696	1.24158	0
-7.30794	1.19006	0.321844	-7.30794	1.19006	0
-6.27821	1.18095	0.330607	-6.27821	1.18095	0
-5.29628	1.19287	0.28565	-5.29628	1.19287	0
-4.22911	1.17851	0.322851	-4.22911	1.17851	0
-3.18133	1.15494	0.319291	-3.18133	1.15494	0
-2.19978	1.15352	0.302171	-2.19978	1.15352	0
-1.09841	1.21053	0.340926	-1.09841	1.21053	0
-0.0581237	2.22639	0.324276	-0.0581237	2.22639	0
0.977912	2.17794	0.285063	0.977912	2.17794	0
2.02908	2.30344	0.323756	2.02908	2.30344	0
3.07558	2.22511	0.312692	3.07558	2.22511	0
4.10638	2.2672	0.347808	4.10638	2.2672	0
5.1297	2.21791	0.306021	5.1297	2.21791	0
6.16661	2.27774	0.317105	6.16661	2.27774	0
7.18382	2.19169	0.320862	7.18382	2.19169	0
8.19606	2.21741	0.325183	8.19606	2.21741	0
9.30782	2.20228	0.331272	9.30782	2.20228	0
10.3186	2.19475	0.300523	10.3186	2.19475	0
11.3483	2.26737	0.34908	11.3483	2.26737	0
-11.4187	2.27001	0.325765	-11.4187	2.27001	0
-10.369	2.26817	0.309486	-10.369	2.26817	0
-9.35736	2.16274	0.325221	-9.35736	2.16274	0
-8.34544	2.23481	0.290327	-8.34544	2.23481	0
-7.36742	2.23236	0.334953	-7.36742	2.23236	0
-6.29981	2.24697	0.298223	-6.29981	2.24697	0
-5.27547	2.21475	0.336333	-5.27547	2.21475	0
-4.19922	2.19449	0.33555	-4.19922	2.19449	0
-3.18932	2.20523	0.325921	-3.18932	2.20523	0
-2.18045	2.19272	0.303514	-2.18045	2.19272	0
-1.10174	2.19997	0.293127	-1.10174	2.19997	0
-0.0787229	3.21272	0.295603	-0.0787229	3.21272	0
0.992556	3.27188	0.308989	0.992556	3.27188	0
1.98807	3.29138	0.323405	1.98807	3.29138	0
3.0639	3.35178	0.295494	3.0639	3.35178	0
4.09222	3.27147	0.324871	4.09222	3.27147	0
5.14899	3.2834	0.305882	5.14899	3.2834	0
6.14246	3.29409	0.300382	6.14246	3.29409	0
7.19375	3.20141	0.330835	7.19375	3.20141	0
8.24187	3.21971	0.343143	8.24187	3.21971	0
9.26686	3.24517	0.340595	9.26686	3.24517	0
10.309	3.23797	0.31599	10.309	3.23797	0
11.3315	3.25426	0.336352	11.3315	3.25426	0
-11.4417	3.28761	0.338688	-11.4417	3.28761	0
-10.3482	3.26867	0.317833	-10.3482	3.26867	0
-9.38223	3.27014	0.303416	-9.38223	3.27014	0
-8.31792	3.22877	0.327799	-8.31792	3.22877	0
-7.33389	3.25707	0.331241	-7.33389	3.25707	0
-6.27109	3.29971	0.305383	-6.27109	3.29971	0
-5.27491	3.22332	0.314605	-5.27491	3.22332	0
-4.22458	3.21034	0.338832	-4.22458	3.21034	0
-3.15742	3.18686	0.327783	-3.15742	3.18686	0
-2.17607	3.26318	0.337553	-2.17607	3.26318	0
-1.16741	3.28799	0.323127	-1.16741	3.28799	0
-0.090724	4.27093	0.298663	-0.090724	4.27093	0
0.879892	4.30178	0.299876	0.879892	4.30178	0
1.96678	4.27441	0.32562	1.96678	4.27441	0
3.02906	4.35384	0.325969	3.02906	4.35384	0
4.04062	4.32112	0.328278	4.04062	4.32112	0
5.06829	4.26391	0.315187	5.06829	4.26391	0
6.17114	4.28347	0.323952	6.17114	4.28347	0
7.22261	4.28886	0.308845	7.22261	4.28886	0
8.23172	4.26358	0.304254	8.23172	4.26358	0
9.2965	4.20928	0.297134	9.2965	4.20928	0
10.2985	4.27115	0.309544	10.2985	4.27115	0
11.304	4.24825	0.322883	11.304	4.24825	0
-11.3833	4.33707	0.301164	-11.3833	4.33707	0
-10.3807	4.28402	0.315857	-10.3807	4.28402	0
-9.41529	4.26285	0.329272	-9.41529	4.26285	0
-8.33873	4.27271	0.315594	-8.33873	4.27271	0
-7.3579	4.34665	0.321343	-7.3579	4.34665	0
-6.26005	4.34471	0.316858	-6.26005	4.34471	0
-5.21397	4.33251	0.323874	-5.21397	4.33251	0
-4.25108	4.26526	0.28974	-4.25108	4.26526	0
-3.22295	4.21539	0.324778	-3.22295	4.21539	0
-2.1627	4.28393	0.322731	-2.1627	4.28393	0
-1.17344	4.32696	0.314093	-1.17344	4.32696	0
-0.0990943	5.29091	0.334155	-0.0990943	5.29091	0
0.999801	5.3008	0.335728	0.999801	5.3008	0
1.98515	5.34717	0.323249	1.98515	5.34717	0
3.05873	5.35849	0.337298	3.05873	5.35849	0
4.12082	5.3652	0.283622	4.12082	5.3652	0
5.13283	5.32958	0.328852	5.13283	5.32958	0
6.14161	5.3397	0.32674	6.14161	5.3397	0
7.29767	5.32923	0.352789	7.29767	5.32923	0
8.26584	5.34297	0.337613	8.26584	5.34297	0
9.3066	5.24035	0.298852	9.3066	5.24035	0
10.316	5.29201	0.318225	10.316	5.29201	0
11.4172	5.27748	0.314063	11.4172	5.27748	0
-11.3721	5.34998	0.302809	-11.3721	5.34998	0
-10.3722	5.33383	0.311397	-10.3722	5.33383	0
-9.31261	5.31246	0.325722	-9.31261	5.31246	0
-8.27518	5.34162	0.313239	-8.27518	5.34162	0
-7.26575	5.383	0.306015	-7.26575	5.383	0
-6.21023	5.29746	0.303799	-6.21023	5.29746	0
-5.20501	5.38942	0.310482	-5.20501	5.38942	0
-4.18256	5.28679	0.30825	-4.18256	5.28679	0
-3.16924	5.32412	0.29305	-3.16924	5.32412	0
-2.21191	5.34446	0.299205	-2.21191	5.34446	0
-1.09784	5.37027	0.280692	-1.09784	5.37027	0
-0.104735	6.34673	0.298344	-0.104735	6.34673	0
0.9762	6.33777	0.334586	0.9762	6.33777	0
1.98382	6.34518	0.314993	1.98382	6.34518	0
2.99172	6.37666	0.315824	2.99172	6.37666	0
4.03639	6.41478	0.302903	4.03639	6.41478	0
5.11347	6.40384	0.319046	5.11347	6.40384	0
6.14225	6.3441	0.333763	6.14225	6.3441	0
7.25033	6.30695	0.301641	7.25033	6.30695	0
8.32186	6.33018	0.31274	8.32186	6.33018	0
9.31503	6.32607	0.298998	9.31503	6.32607	0
10.3489	6.31706	0.306995	10.3489	6.31706	0
11.3391	6.30941	0.302741	11.3391	6.30941	0
-11.4152	6.38044	0.335816	-11.4152	6.38044	0
-10.3969	6.34748	0.315387	-10.3969	6.34748	0
-9.34216	6.32618	0.308258	-9.34216	6.32618	0
-8.31627	6.42423	0.31354	-8.31627	6.42423	0
-7.24737	6.37528	0.324182	-7.24737	6.37528	0
-6.24886	6.33197	0.317885	-6.24886	6.33197	0
-5.22446	6.39238	0.333651	-5.22446	6.39238	0
-4.17113	6.34344	0.320332	-4.17113	6.34344	0
-3.14971	6.38641	0.345788	-3.14971	6.38641	0
-2.13206	6.31612	0.310449	-2.13206	6.31612	0
-1.13199	6.405	0.340691	-1.13199	6.405	0
-0.086301	7.34307	0.310347	-0.086301	7.34307	0
0.934197	7.4195	0.315039	0.934197	7.4195	0
1.89343	7.3962	0.307452	1.89343	7.3962	0
2.99022	7.40514	0.318542	2.99022	7.40514	0
4.05791	7.47441	0.305715	4.05791	7.47441	0
5.14921	7.44963	0.310916	5.14921	7.44963	0
6.16585	7.34197	0.31098	6.16585	7.34197	0
7.24656	7.31631	0.306809	7.24656	7.31631	0
8.22296	7.35012	0.300946	8.22296	7.35012	0
9.21431	7.3632	0.300438	9.21431	7.3632	0
10.2921	7.3493	0.321357	10.2921	7.3493	0
11.3158	7.42237	0.314833	11.3158	7.42237	0
-11.4281	7.3573	0.305104	-11.4281	7.3573	0
-10.3976	7.35435	0.3219	-10.3976	7.35435	0
-9.40266	7.39565	0.323923	-9.40266	7.39565	0
-8.35554	7.43658	0.311604	-8.35554	7.43658	0
-7.28139	7.42956	0.296481	-7.28139	7.42956	0
-6.2823	7.31824	0.292362	-6.2823	7.31824	0
-5.18531	7.41869	0.299535	-5.18531	7.41869	0
-4.17398	7.41815	0.284548	-4.17398	7.41815	0
-3.19045	7.40095	0.316947	-3.19045	7.40095	0
-2.12525	7.3657	0.326399	-2.12525	7.3657	0
-1.14799	7.43627	0.321016	-1.14799	7.43627	0
-0.0389532	8.41509	0.313982	-0.0389532	8.41509	0
0.954151	8.48492	0.318267	0.954151	8.48492	0
1.99982	8.48016	0.324296	1.99982	8.48016	0
3.04779	8.47916	0.327755	3.04779	8.47916	0
4.1083	8.53387	0.303807	4.1083	8.53387	0
5.14501	8.46331	0.302044	5.14501	8.46331	0
6.17214	8.40107	0.335212	6.17214	8.40107	0
7.18989	8.34804	0.32682	7.18989	8.34804	0
8.22053	8.38648	0.318778	8.22053	8.38648	0
9.21235	8.48946	0.303448	9.21235	8.48946	0
10.2378	8.37704	0.335367	10.2378	8.37704	0
11.3095	8.3857	0.302751	11.3095	8.3857	0
-11.385	8.40714	0.339433	-11.385	8.40714	0
-10.3926	8.44065	0.316878	-10.3926	8.44065	0
-9.37935	8.41742	0.290036	-9.37935	8.41742	0
-8.26444	8.4428	0.330267	-8.26444	8.4428	0
-7.24233	8.42055	0.330337	-7.24233	8.42055	0
-6.20049	8.46512	0.312747	-6.20049	8.46512	0
-5.19871	8.44567	0.319422	-5.19871	8.44567	0
-4.20355	8.44463	0.317922	-4.20355	8.44463	0
-3.20754	8.43478	0.305761	-3.20754	8.43478	0
-2.18985	8.41649	0.321448	-2.18985	8.41649	0
-1.0309	8.45514	0.302841	-1.0309	8.45514	0
-0.0669308	9.46865	0.32509	-0.0669308	9.46865	0
0.977024	9.47638	0.313135	0.977024	9.47638	0
2.0718	9.53306	0.319484	2.0718	9.53306	0
3.04122	9.49568	0.314129	3.04122	9.49568	0
4.06926	9.53142	0.345643	4.06926	9.53142	0
5.11722	9.45957	0.319861	5.11722	9.45957	0
6.13417	9.44967	0.320655	6.13417	9.44967	0
7.13333	9.4904	0.31114	7.13333	9.4904	0
8.18725	9.44505	0.324094	8.18725	9.44505	0
9.20217	9.46156	0.282037	9.20217	9.46156	0
10.2585	9.44971	0.314574	10.2585	9.44971	0
11.2771	9.42963	0.302216	11.2771	9.42963	0
-11.3835	9.45746	0.334075	-11.3835	9.45746	0
-10.4088	9.46158	0.305252	-10.4088	9.46158	0
-9.40856	9.49997	0.345187	-9.40856	9.49997	0
-8.38456	9.44565	0.318982	-8.38456	9.44565	0
-7.32572	9.51245	0.305828	-7.32572	9.51245	0
-6.28151	9.46488	0.327299	-6.28151	9.46488	0
-5.20359	9.44242	0.309603	-5.20359	9.44242	0
-4.17529	9.48764	0.304514	-4.17529	9.48764	0
-3.13534	9.47604	0.317071	-3.13534	9.47604	0
-2.12823	9.41793	0.299826	-2.12823	9.41793	0
-1.07217	9.47889	0.344538	-1.07217	9.47889	0
-0.0253621	10.4889	0.330615	-0.0253621	10.4889	0
0.964897	10.5297	0.304734	0.964897	10.5297	0
2.05598	10.5644	0.312909	2.05598	10.5644	0
3.06272	10.5341	0.30182	3.06272	10.5341	0
4.04111	10.5395	0.312343	4.04111	10.5395	0
5.05888	10.4836	0.322856	5.05888	10.4836	0
6.0938	10.4638	0.297049	6.0938	10.4638	0
7.18534	10.5391	0.348092	7.18534	10.5391	0
8.23767	10.4947	0.329935	8.23767	10.4947	0
9.2351	10.4763	0.322557	9.2351	10.4763	0
10.2188	10.4837	0.319795	10.2188	10.4837	0
11.3192	10.4191	0.323749	11.3192	10.4191	0
-11.4487	10.4652	0.314063	-11.4487	10.4652	0
-10.4219	10.4386	0.331047	-10.4219	10.4386	0
-9.344	10.5015	0.329182	-9.344	10.5015	0
-8.35027	10.4847	0.302167	-8.35027	10.4847	0
-7.29926	10.4656	0.288665	-7.29926	10.4656	0
-6.2574	10.4216	0.296511	-6.2574	10.4216	0
-5.20838	10.4838	0.311263	-5.20838	10.4838	0
-4.18508	10.5317	0.330799	-4.18508	10.5317	0
-3.15715	10.5432	0.324926	-3.15715	10.5432	0
-2.15764	10.4947	0.338559	-2.15764	10.4947	0
-1.06593	10.4949	0.328967	-1.06593	10.4949	0
-0.060306	11.4775	0.317989	-0.060306	11.4775	0
0.947573	11.588	0.300462	0.947573	11.588	0
1.99838	11.562	0.315918	1.99838	11.562	0
3.07846	11.6665	0.31813	3.07846	11.6665	0
4.06092	11.66	0.318602	4.06092	11.66	0
5.10229	11.5852	0.339746	5.10229	11.5852	0
6.17846	11.5007	0.33522	6.17846	11.5007	0
7.21607	11.5337	0.310574	7.21607	11.5337	0
8.29243	11.5739	0.325224	8.29243	11.5739	0
9.27069	11.5125	0.306609	9.27069	11.5125	0
10.2781	11.4763	0.339069	10.2781	11.4763	0
11.2956	11.4782	0.31096	11.2956	11.4782	0
-11.4254	11.4739	0.316656	-11.4254	11.4739	0
-10.3801	11.4995	0.315122	-10.3801	11.4995	0
-9.35403	11.5156	0.324956	-9.35403	11.5156	0
-8.27856	11.5034	0.322038	-8.27856	11.5034	0
-7.27636	11.5389	0.290357	-7.27636	11.5389	0
-6.24344	11.5727	0.332543	-6.24344	11.5727	0
-5.16754	11.5042	0.317709	-5.16754	11.5042	0
-4.1819	11.5351	0.33622	-4.1819	11.5351	0
-3.14291	11.5169	0.318941	-3.14291	11.5169	0
-2.09153	11.5472	0.308971	-2.09153	11.5472	0
-1.07176	11.4986	0.31465	-1.07176	11.4986	0
-0.0884377	-11.1875	0.315105	-0.0884377	-11.1875	0
1.01427	-11.1294	0.30427	1.01427	-11.1294	0
1.98589	-11.1602	0.316491	1.98589	-11.1602	0
3.03443	-11.0979	0.302159	3.03443	-11.0979	0
4.03723	-11.0934	0.311532	4.03723	-11.0934	0
5.07191	-11.1618	0.302842	5.07191	-11.1618	0
6.14057	-11.2663	0.345117	6.14057	-11.2663	0
7.13948	-11.2098	0.331987	7.13948	-11.2098	0
8.17726	-11.2137	0.327855	8.17726	-11.2137	0
9.23525	-11.279	0.32876	9.23525	-11.279	0
10.2971	-11.2785	0.308582	10.2971	-11.2785	0
11.3325	-11.3079	0.291388	11.3325	-11.3079	0
-11.3948	-11.1932	0.334105	-11.3948	-11.1932	0
-10.3606	-11.2146	0.315977	-10.3606	-11.2146	0
-9.34898	-11.2395	0.31299	-9.34898	-11.2395	0
-8.36283	-11.2253	0.325902	-8.36283	-11.2253	0
-7.35084	-11.2371	0.321904	-7.35084	-11.2371	0
-6.2686	-11.1964	0.302388	-6.2686	-11.1964	0
-5.19096	-11.2605	0.320256	-5.19096	-11.2605	0
-4.16297	-11.2625	0.314372	-4.16297	-11.2625	0
-3.1686	-11.1675	0.305482	-3.1686	-11.1675	0
-2.14904	-11.1969	0.286163	-2.14904	-11.1969	0
-1.07912	-11.2036	0.307849	-1.07912	-11.2036	0
-0.063899	-10.1447	0.315529	-0.063899	-10.1447	0
0.983471	-10.1135	0.293786	0.983471	-10.1135	0
2.00469	-10.1055	0.32613	2.00469	-10.1055	0
3.02415	-10.1049	0.323274	3.02415	-10.1049	0
4.01497	-10.1422	0.328717	4.01497	-10.1422	0
5.01878	-10.1282	0.318623	5.01878	-10.1282	0
6.0985	-10.2098	0.311646	6.0985	-10.2098	0
7.1549	-10.1375	0.306008	7.1549	-10.1375	0
8.16129	-10.1926	0.303184	8.16129	-10.1926	0
9.215	-10.2341	0.308455	9.215	-10.2341	0
10.2673	-10.2342	0.301906	10.2673	-10.2342	0
11.3101	-10.199	0.358008	11.3101	-10.199	0
-11.4546	-10.1854	0.317207	-11.4546	-10.1854	0
-10.4126	-10.2254	0.319595	-10.4126	-10.2254	0
-9.35361	-10.2069	0.322883	-9.35361	-10.2069	0
-8.35066	-10.18	0.31959	-8.35066	-10.18	0
-7.30358	-10.1824	0.306139	-7.30358	-10.1824	0
-6.2765	-10.2081	0.326674	-6.2765	-10.2081	0
-5.22219	-10.2727	0.329888	-5.22219	-10.2727	0
-4.20189	-10.2113	0.328662	-4.20189	-10.2113	0
-3.16898	-10.1709	0.328991	-3.16898	-10.1709	0
-2.08271	-10.1496	0.31976	-2.08271	-10.1496	0
-1.07203	-10.1561	0.310871	-1.07203	-10.1561	0
-0.0690613	-9.05112	0.322063	-0.0690613	-9.05112	0
0.967895	-9.13761	0.319038	0.967895	-9.13761	0
1.97303	-9.07957	0.304288	1.97303	-9.07957	0
3.02897	-9.06681	0.311367	3.02897	-9.06681	0
4.06492	-9.10239	0.299807	4.06492	-9.10239	0
5.04322	-9.12335	0.312738	5.04322	-9.12335	0
6.06885	-9.21758	0.328767	6.06885	-9.21758	0
7.14025	-9.13657	0.341633	7.14025	-9.13657	0
8.18112	-9.14086	0.3102	8.18112	-9.14086	0
9.22953	-9.22722	0.322098	9.22953	-9.22722	0
10.2368	-9.18551	0.339396	10.2368	-9.18551	0
11.2514	-9.1497	0.31337	11.2514	-9.1497	0
-11.475	-9.18111	0.314725	-11.475	-9.18111	0
-10.4561	-9.18028	0.311206	-10.4561	-9.18028	0
-9.43791	-9.15341	0.33289	-9.43791	-9.15341	0
-8.37694	-9.18966	0.307021	-8.37694	-9.18966	0
-7.27032	-9.20919	0.31595	-7.27032	-9.20919	0
-6.25469	-9.16474	0.331682	-6.25469	-9.16474	0
-5.19519	-9.14409	0.335876	-5.19519	-9.14409	0
-4.15424	-9.1452	0.309852	-4.15424	-9.1452	0
-3.16461	-9.1849	0.30059	-3.16461	-9.1849	0
-2.14009	-9.11073	0.319921	-2.14009	-9.11073	0
-1.06807	-9.08642	0.318886	-1.06807	-9.08642	0
-0.0434287	-8.07633	0.305614	-0.0434287	-8.07633	0
0.984171	-8.08811	0.312541	0.984171	-8.08811	0
2.00518	-8.08165	0.322868	2.00518	-8.08165	0
3.05383	-8.02187	0.311408	3.05383	-8.02187	0
4.11902	-8.05196	0.334377	4.11902	-8.05196	0
5.1399	-8.13166	0.311835	5.1399	-8.13166	0
6.17079	-8.17243	0.305087	6.17079	-8.17243	0
7.16106	-8.12441	0.290033	7.16106	-8.12441	0
8.19993	-8.08117	0.306028	8.19993	-8.08117	0
9.18371	-8.20913	0.342701	9.18371	-8.20913	0
10.2704	-8.14384	0.327136	10.2704	-8.14384	0
11.3024	-8.09205	0.31061	11.3024	-8.09205	0
-11.4516	-8.1276	0.325618	-11.4516	-8.1276	0
-10.4201	-8.15733	0.336384	-10.4201	-8.15733	0
-9.36748	-8.16895	0.332203	-9.36748	-8.16895	0
-8.37553	-8.19466	0.305021	-8.37553	-8.19466	0
-7.29551	-8.1658	0.323062	-7.29551	-8.1658	0
-6.3009	-8.10309	0.323756	-6.3009	-8.10309	0
-5.2952	-8.05736	0.339426	-5.2952	-8.05736	0
-4.24488	-8.13778	0.331699	-4.24488	-8.13778	0
-3.19717	-8.11756	0.334311	-3.19717	-8.11756	0
-2.18316	-8.11963	0.30406	-2.18316	-8.11963	0
-1.16972	-8.04383	0.34021	-1.16972	-8.04383	0
-0.111457	-7.01027	0.318323	-0.111457	-7.01027	0
0.99072	-7.09426	0.298964	0.99072	-7.09426	0
1.99055	-6.98169	0.320896	1.99055	-6.98169	0
2.98329	-7.01499	0.329378	2.98329	-7.01499	0
3.95961	-7.02741	0.321981	3.95961	-7.02741	0
5.10608	-7.1117	0.324316	5.10608	-7.1117	0
6.11652	-7.09335	0.310265	6.11652	-7.09335	0
7.15896	-7.11355	0.326731	7.15896	-7.11355	0
8.22928	-7.0798	0.303145	8.22928	-7.0798	0
9.23281	-7.12703	0.315849	9.23281	-7.12703	0
10.1982	-7.14194	0.322132	10.1982	-7.14194	0
11.2951	-7.13202	0.321751	11.2951	-7.13202	0
-11.4574	-7.10015	0.329958	-11.4574	-7.10015	0
-10.4827	-7.09647	0.326027	-10.4827	-7.09647	0
-9.39598	-7.099	0.340201	-9.39598	-7.099	0
-8.33594	-7.13832	0.322381	-8.33594	-7.13832	0
-7.33487	-7.11878	0.327448	-7.33487	-7.11878	0
-6.31794	-7.07733	0.295831	-6.31794	-7.07733	0
-5.28725	-7.03284	0.321798	-5.28725	-7.03284	0
-4.20225	-7.08157	0.294154	-4.20225	-7.08157	0
-3.19457	-7.10201	0.316067	-3.19457	-7.10201	0
-2.18408	-7.0817	0.326689	-2.18408	-7.0817	0
-1.14028	-7.09354	0.286257	-1.14028	-7.09354	0
-0.0614308	-6.0086	0.310065	-0.0614308	-6.0086	0
0.982263	-6.03104	0.308541	0.982263	-6.03104	0
1.95468	-6.0047	0.308831	1.95468	-6.0047	0
3.0152	-5.9685	0.335511	3.0152	-5.9685	0
4.05157	-5.99959	0.292235	4.05157	-5.99959	0
5.08557	-6.02862	0.331507	5.08557	-6.02862	0
6.1232	-6.07179	0.312484	6.1232	-6.07179	0
7.13592	-6.04815	0.338321	7.13592	-6.04815	0
8.22192	-6.14289	0.322347	8.22192	-6.14289	0
9.22032	-6.13482	0.348965	9.22032	-6.13482	0
10.2295	-6.14061	0.358205	10.2295	-6.14061	0
11.2755	-6.07627	0.334763	11.2755	-6.07627	0
-11.4678	-6.05272	0.328966	-11.4678	-6.05272	0
-10.5086	-6.06559	0.326402	-10.5086	-6.06559	0
-9.44224	-6.07363	0.306065	-9.44224	-6.07363	0
-8.39498	-6.13136	0.327777	-8.39498	-6.13136	0
-7.31972	-6.04341	0.337981	-7.31972	-6.04341	0
-6.30026	-6.07786	0.315341	-6.30026	-6.07786	0
-5.30108	-6.04299	0.321804	-5.30108	-6.04299	0
-4.22687	-6.07378	0.305983	-4.22687	-6.07378	0
-3.21505	-6.07443	0.329935	-3.21505	-6.07443	0
-2.18062	-6.07455	0.294886	-2.18062	-6.07455	0
-1.12963	-6.02584	0.326518	-1.12963	-6.02584	0
-0.0592733	-4.94396	0.314092	-0.0592733	-4.94396	0
0.989656	-5.00397	0.349928	0.989656	-5.00397	0
1.95855	-4.92769	0.319568	1.95855	-4.92769	0
3.05721	-4.97607	0.354204	3.05721	-4.97607	0
4.10855	-4.9966	0.318217	4.10855	-4.9966	0
5.10585	-5.0179	0.315749	5.10585	-5.0179	0
6.15329	-5.02277	0.32246	6.15329	-5.02277	0
7.18087	-5.04063	0.314966	7.18087	-5.04063	0
8.26636	-5.04604	0.331232	8.26636	-5.04604	0
9.26524	-5.05804	0.320584	9.26524	-5.05804	0
10.2909	-5.00398	0.3096	10.2909	-5.00398	0
11.2765	-5.07462	0.325048	11.2765	-5.07462	0
-11.4492	-4.93796	0.342029	-11.4492	-4.93796	0
-10.3891	-5.01847	0.32683	-10.3891	-5.01847	0
-9.4371	-5.05501	0.294406	-9.4371	-5.05501	0
-8.41351	-5.06441	0.321242	-8.41351	-5.06441	0
-7.40723	-5.07514	0.309016	-7.40723	-5.07514	0
-6.34351	-5.04813	0.290921	-6.34351	-5.04813	0
-5.28664	-5.01517	0.316334	-5.28664	-5.01517	0
-4.27736	-5.07488	0.334625	-4.27736	-5.07488	0
-3.17509	-5.00255	0.319306	-3.17509	-5.00255	0
-2.10697	-5.07471	0.308354	-2.10697	-5.07471	0
-1.11154	-5.0178	0.293176	-1.11154	-5.0178	0
-0.115374	-3.95837	0.32526	-0.115374	-3.95837	0
0.947911	-3.89	0.301874	0.947911	-3.89	0
2.01141	-3.90664	0.326299	2.01141	-3.90664	0
3.0656	-3.97207	0.318362	3.0656	-3.97207	0
4.12149	-3.97112	0.293353	4.12149	-3.97112	0
5.12406	-3.9731	0.322552	5.12406	-3.9731	0
6.14836	-3.99905	0.313475	6.14836	-3.99905	0
7.21268	-3.97048	0.301858	7.21268	-3.97048	0
8.20351	-3.98911	0.332413	8.20351	-3.98911	0
9.18919	-4.03954	0.315589	9.18919	-4.03954	0
10.2872	-3.99817	0.309693	10.2872	-3.99817	0
11.3025	-4.02568	0.315861	11.3025	-4.02568	0
-11.514	-3.92162	0.317388	-11.514	-3.92162	0
-10.4189	-3.93448	0.293286	-10.4189	-3.93448	0
-9.41073	-3.92836	0.32211	-9.41073	-3.92836	0
-8.39194	-4.02088	0.307591	-8.39194	-4.02088	0
-7.40888	-3.97285	0.335482	-7.40888	-3.97285	0
-6.32228	-4.01975	0.314867	-6.32228	-4.01975	0
-5.28846	-3.99259	0.339824	-5.28846	-3.99259	0
-4.27179	-3.99631	0.343084	-4.27179	-3.99631	0
-3.18263	-3.98318	0.311517	-3.18263	-3.98318	0
-2.18212	-4.02748	0.304927	-2.18212	-4.02748	0
-1.19178	-4.03963	0.325614	-1.19178	-4.03963	0
-0.0698181	-2.96464	0.328727	-0.0698181	-2.96464	0
0.982346	-2.91009	0.298526	0.982346	-2.91009	0
2.02988	-2.89294	0.320634	2.02988	-2.89294	0
3.08531	-2.88627	0.322031	3.08531	-2.88627	0
4.07233	-2.95735	0.303612	4.07233	-2.95735	0
5.1203	-2.93752	0.300903	5.1203	-2.93752	0
6.1521	-2.93209	0.282209	6.1521	-2.93209	0
7.123	-2.93823	0.33692	7.123	-2.93823	0
8.16375	-2.97523	0.316222	8.16375	-2.97523	0
9.22847	-2.99859	0.301893	9.22847	-2.99859	0
10.2843	-2.98201	0.317572	10.2843	-2.98201	0
11.2804	-2.94244	0.334795	11.2804	-2.94244	0
-11.4305	-2.91433	0.308773	-11.4305	-2.91433	0
-10.3915	-2.92594	0.324514	-10.3915	-2.92594	0
-9.34571	-2.93158	0.334444	-9.34571	-2.93158	0
-8.30281	-2.94708	0.321984	-8.30281	-2.94708	0
-7.28342	-3.00565	0.310216	-7.28342	-3.00565	0
-6.28603	-3.00635	0.294774	-6.28603	-3.00635	0
-5.27081	-2.95959	0.294226	-5.27081	-2.95959	0
-4.24856	-3.0028	0.314129	-4.24856	-3.0028	0
-3.27391	-2.96517	0.327866	-3.27391	-2.96517	0
-2.24571	-2.97787	0.310367	-2.24571	-2.97787	0
-1.20044	-2.96026	0.297571	-1.20044	-2.96026	0
-0.0632535	-1.88494	0.308683	-0.0632535	-1.88494	0
0.937026	-1.82245	0.302018	0.937026	-1.82245	0
2.03692	-1.83064	0.318342	2.03692	-1.83064	0
3.1083	-1.86875	0.329911	3.1083	-1.86875	0
4.05937	-1.88033	0.342762	4.05937	-1.88033	0
5.09645	-1.9347	0.305082	5.09645	-1.9347	0
6.15474	-1.83675	0.331872	6.15474	-1.83675	0
7.19557	-1.92874	0.281425	7.19557	-1.92874	0
8.21765	-1.93282	0.323354	8.21765	-1.93282	0
9.2993	-1.94117	0.32088	9.2993	-1.94117	0
10.3323	-1.93101	0.321416	10.3323	-1.93101	0
11.3324	-1.90937	0.325505	11.3324	-1.90937	0
-11.3521	-1.92198	0.319361	-11.3521	-1.92198	0
-10.4074	-1.86812	0.331698	-10.4074	-1.86812	0
-9.37204	-1.91457	0.339283	-9.37204	-1.91457	0
-8.36435	-1.9273	0.318103	-8.36435	-1.9273	0
-7.26359	-1.95875	0.323847	-7.26359	-1.95875	0
-6.24847	-1.9821	0.296505	-6.24847	-1.9821	0
-5.19154	-1.88934	0.314675	-5.19154	-1.88934	0
-4.23656	-1.96417	0.326166	-4.23656	-1.96417	0
-3.22219	-1.95136	0.32704	-3.22219	-1.95136	0
-2.12523	-2.00724	0.289613	-2.12523	-2.00724	0
-1.10575	-1.98234	0.266099	-1.10575	-1.98234	0
-0.11584	-0.865673	0.324602	-0.11584	-0.865673	0
0.934889	-0.820793	0.335219	0.934889	-0.820793	0
2.04626	-0.789751	0.307954	2.04626	-0.789751	0
3.05541	-0.890075	0.322186	3.05541	-0.890075	0
4.04694	-0.853479	0.313814	4.04694	-0.853479	0
5.0767	-0.871886	0.335787	5.0767	-0.871886	0
6.09594	-0.84739	0.324154	6.09594	-0.84739	0
7.11741	-0.881537	0.332892	7.11741	-0.881537	0
8.1891	-0.92461	0.326148	8.1891	-0.92461	0
9.25707	-0.88295	0.315415	9.25707	-0.88295	0
10.2886	-0.889423	0.295875	10.2886	-0.889423	0
11.3824	-0.899908	0.289846	11.3824	-0.899908	0
-11.4162	-0.828603	0.317547	-11.4162	-0.828603	0
-10.3802	-0.833491	0.340301	-10.3802	-0.833491	0
-9.36199	-0.92109	0.322331	-9.36199	-0.92109	0
-8.32166	-0.942425	0.291851	-8.32166	-0.942425	0
-7.31156	-0.929593	0.326172	-7.31156	-0.929593	0
-6.23771	-0.970987	0.321729	-6.23771	-0.970987	0
-5.2817	-0.871129	0.287093	-5.2817	-0.871129	0
-4.23981	-0.942431	0.307431	-4.23981	-0.942431	0
-3.2023	-0.948294	0.323647	-3.2023	-0.948294	0
-2.19458	-0.950633	0.330905	-2.19458	-0.950633	0
-1.15623	-0.895516	0.325931	-1.15623	-0.895516	0
