-0.458449	-0.153934	-0.324899	-0.458449	-0.153934	0
0.585925	-0.149966	-0.31141	0.585925	-0.149966	0
1.61841	-0.116853	-0.302599	1.61841	-0.116853	0
2.65113	-0.0986124	-0.319642	2.65113	-0.0986124	0
3.72722	-0.144964	-0.316227	3.72722	-0.144964	0
4.82634	-0.0986779	-0.336614	4.82634	-0.0986779	0
5.79721	-0.146255	-0.321312	5.79721	-0.146255	0
6.81536	-0.157304	-0.298474	6.81536	-0.157304	0
7.83969	-0.125843	-0.328193	7.83969	-0.125843	0
8.88693	-0.111716	-0.321135	8.88693	-0.111716	0
9.90266	-0.186263	-0.330601	9.90266	-0.186263	0
11.0017	-0.193886	-0.311521	11.0017	-0.193886	0
-11.7411	-0.138695	-0.332333	-11.7411	-0.138695	0
-10.7584	-0.109218	-0.313382	-10.7584	-0.109218	0
-9.70557	-0.136741	-0.329932	-9.70557	-0.136741	0
-8.64598	-0.228568	-0.302687	-8.64598	-0.228568	0
-7.6073	-0.210491	-0.30352	-7.6073	-0.210491	0
-6.58967	-0.189074	-0.315514	-6.58967	-0.189074	0
-5.54357	-0.163785	-0.312738	-5.54357	-0.163785	0
-4.57419	-0.104155	-0.314605	-4.57419	-0.104155	0
-3.53118	-0.154321	-0.326041	-3.53118	-0.154321	0
-2.49117	-0.186034	-0.332101	-2.49117	-0.186034	0
-1.44306	-0.209961	-0.316083	-1.44306	-0.209961	0
-0.431597	0.898508	-0.326011	-0.431597	0.898508	0
0.554626	0.880327	-0.301847	0.554626	0.880327	0
1.63753	0.968453	-0.340707	1.63753	0.968453	0
2.71003	0.942474	-0.323204	2.71003	0.942474	0
3.84435	0.906348	-0.301468	3.84435	0.906348	0
4.80717	0.962877	-0.330889	4.80717	0.962877	0
5.78883	0.951263	-0.294292	5.78883	0.951263	0
6.80982	0.848756	-0.278588	6.80982	0.848756	0
7.88647	0.902605	-0.29474	7.88647	0.902605	0
8.91131	0.909167	-0.304187	8.91131	0.909167	0
9.90227	0.868508	-0.350993	9.90227	0.868508	0
10.9775	0.854233	-0.302047	10.9775	0.854233	0
-11.7758	0.868883	-0.32614	-11.7758	0.868883	0
-10.7332	0.988731	-0.321827	-10.7332	0.988731	0
-9.72787	0.930454	-0.309565	-9.72787	0.930454	0
-8.72392	0.812085	-0.323317	-8.72392	0.812085	0
-7.62757	0.805817	-0.30663	-7.62757	0.805817	0
-6.59943	0.855491	-0.287639	-6.59943	0.855491	0
-5.59348	0.83558	-0.319127	-5.59348	0.83558	0
-4.59863	0.924251	-0.333286	-4.59863	0.924251	0
-3.56817	0.882118	-0.325338	-3.56817	0.882118	0
-2.54081	0.828009	-0.318976	-2.54081	0.828009	0
-1.45532	0.838033	-0.303239	-1.45532	0.838033	0
-0.419333	1.90669	-0.313754	-0.419333	1.90669	0
0.61246	1.88337	-0.315916	0.61246	1.88337	0
1.62096	1.96525	-0.326495	1.62096	1.96525	0
2.71309	1.91958	-0.318846	2.71309	1.91958	0
3.7839	1.91619	-0.321707	3.7839	1.91619	0
4.78958	1.95178	-0.289093	4.78958	1.95178	0
5.87072	1.94857	-0.312437	5.87072	1.94857	0
6.86714	1.90884	-0.330095	6.86714	1.90884	0
7.88107	1.95197	-0.333854	7.88107	1.95197	0
8.89717	1.90184	-0.307932	8.89717	1.90184	0
9.9254	1.94474	-0.296204	9.9254	1.94474	0
10.9879	1.95038	-0.324362	10.9879	1.95038	0
-11.809	1.87498	-0.311284	-11.809	1.87498	0
-10.7459	1.9902	-0.311912	-10.7459	1.9902	0
-9.68429	1.96404	-0.324027	-9.68429	1.96404	0
-8.69382	1.90305	-0.294001	-8.69382	1.90305	0
-7.63273	1.80454	-0.2926	-7.63273	1.80454	0
-6.65297	1.84336	-0.320718	-6.65297	1.84336	0
-5.62815	1.91264	-0.318217	-5.62815	1.91264	0
-4.60595	2.01705	-0.336521	-4.60595	2.01705	0
-3.58843	1.87375	-0.300832	-3.58843	1.87375	0
-2.50031	1.90039	-0.321758	-2.50031	1.90039	0
-1.48452	1.89746	-0.307586	-1.48452	1.89746	0
-0.330592	3.00532	-0.305102	-0.330592	3.00532	0
0.665869	2.93282	-0.328619	0.665869	2.93282	0
1.7134	3.00433	-0.325175	1.7134	3.00433	0
2.75756	2.92058	-0.295232	2.75756	2.92058	0
3.76627	3.01708	-0.291713	3.76627	3.01708	0
4.78659	3.02999	-0.332276	4.78659	3.02999	0
5.81373	3.01604	-0.335542	5.81373	3.01604	0
6.81212	2.98284	-0.310463	6.81212	2.98284	0
7.85068	2.9313	-0.313177	7.85068	2.9313	0
8.849	2.93451	-0.310709	8.849	2.93451	0
9.91273	2.97095	-0.305997	9.91273	2.97095	0
10.8994	3.00015	-0.323148	10.8994	3.00015	0
-11.7729	3.03033	-0.304972	-11.7729	3.03033	0
-10.7202	2.97708	-0.307355	-10.7202	2.97708	0
-9.66289	2.9196	-0.309465	-9.66289	2.9196	0
-8.65021	2.95098	-0.294928	-8.65021	2.95098	0
-7.63786	2.94151	-0.295966	-7.63786	2.94151	0
-6.60564	2.91704	-0.333969	-6.60564	2.91704	0
-5.61265	2.9652	-0.328136	-5.61265	2.9652	0
-4.56474	2.96544	-0.300785	-4.56474	2.96544	0
-3.54643	2.94702	-0.312268	-3.54643	2.94702	0
-2.52096	2.91884	-0.326386	-2.52096	2.91884	0
-1.44466	2.97623	-0.314729	-1.44466	2.97623	0
-0.407636	4.01339	-0.330135	-0.407636	4.01339	0
0.634793	3.98311	-0.35102	0.634793	3.98311	0
1.66719	3.96639	-0.311913	1.66719	3.96639	0
2.7176	4.02976	-0.312662	2.7176	4.02976	0
3.78556	4.04086	-0.33238	3.78556	4.04086	0
4.80132	4.08684	-0.310725	4.80132	4.08684	0
5.84998	4.07519	-0.338475	5.84998	4.07519	0
6.81353	4.08143	-0.321371	6.81353	4.08143	0
7.85178	3.9881	-0.303044	7.85178	3.9881	0
8.81825	4.01376	-0.324586	8.81825	4.01376	0
9.90962	4.03689	-0.32106	9.90962	4.03689	0
10.9754	4.0198	-0.298459	10.9754	4.0198	0
-11.7886	4.02166	-0.321487	-11.7886	4.02166	0
-10.7597	3.99176	-0.311757	-10.7597	3.99176	0
-9.69729	4.00082	-0.323207	-9.69729	4.00082	0
-8.64827	3.96179	-0.299122	-8.64827	3.96179	0
-7.63185	3.9796	-0.341432	-7.63185	3.9796	0
-6.66006	3.9908	-0.313232	-6.66006	3.9908	0
-5.64296	4.02505	-0.343988	-5.64296	4.02505	0
-4.53523	3.9375	-0.338548	-4.53523	3.9375	0
-3.48487	4.00524	-0.331873	-3.48487	4.00524	0
-2.43326	3.99477	-0.306063	-2.43326	3.99477	0
-1.41554	3.95647	-0.319768	-1.41554	3.95647	0
-0.416249	5.01853	-0.340747	-0.416249	5.01853	0
0.61399	5.02505	-0.353582	0.61399	5.02505	0
1.63605	4.9996	-0.281485	1.63605	4.9996	0
2.61004	5.04599	-0.311789	2.61004	5.04599	0
3.75118	5.08294	-0.30569	3.75118	5.08294	0
4.86247	5.07207	-0.351041	4.86247	5.07207	0
5.92577	5.17887	-0.324686	5.92577	5.17887	0
6.90027	5.1268	-0.346702	6.90027	5.1268	0
7.90429	5.09553	-0.278054	7.90429	5.09553	0
8.89827	5.04831	-0.325915	8.89827	5.04831	0
9.90649	5.07455	-0.327076	9.90649	5.07455	0
10.9385	5.03875	-0.287723	10.9385	5.03875	0
-11.8332	4.98257	-0.310853	-11.8332	4.98257	0
-10.7889	5.01997	-0.332992	-10.7889	5.01997	0
-9.74594	5.03441	-0.333514	-9.74594	5.03441	0
-8.65562	5.03083	-0.285005	-8.65562	5.03083	0
-7.65027	4.95049	-0.335933	-7.65027	4.95049	0
-6.6084	5.03613	-0.324151	-6.6084	5.03613	0
-5.59114	5.01419	-0.307983	-5.59114	5.01419	0
-4.56152	5.0172	-0.314911	-4.56152	5.0172	0
-3.53993	5.0557	-0.299544	-3.53993	5.0557	0
-2.51293	5.01184	-0.329696	-2.51293	5.01184	0
-1.43956	4.97701	-0.308406	-1.43956	4.97701	0
-0.428101	6.12565	-0.30526	-0.428101	6.12565	0
0.618006	6.06056	-0.322836	0.618006	6.06056	0
1.71149	6.09717	-0.314789	1.71149	6.09717	0
2.78062	6.12947	-0.300602	2.78062	6.12947	0
3.7689	6.10832	-0.305241	3.7689	6.10832	0
4.81635	6.1043	-0.309227	4.81635	6.1043	0
5.82865	6.20939	-0.31979	5.82865	6.20939	0
6.86991	6.15992	-0.330332	6.86991	6.15992	0
7.92274	6.14426	-0.315216	7.92274	6.14426	0
8.96256	6.14586	-0.32582	8.96256	6.14586	0
9.9652	6.11422	-0.331569	9.9652	6.11422	0
10.993	6.04238	-0.328345	10.993	6.04238	0
-11.7957	6.05935	-0.308644	-11.7957	6.05935	0
-10.7991	6.08801	-0.335276	-10.7991	6.08801	0
-9.69027	6.01651	-0.343677	-9.69027	6.01651	0
-8.68174	6.04694	-0.304967	-8.68174	6.04694	0
-7.64038	6.02277	-0.314848	-7.64038	6.02277	0
-6.64828	6.03428	-0.301166	-6.64828	6.03428	0
-5.59369	6.03812	-0.313178	-5.59369	6.03812	0
-4.56501	6.00552	-0.318256	-4.56501	6.00552	0
-3.54791	6.04751	-0.312652	-3.54791	6.04751	0
-2.40715	6.07011	-0.319117	-2.40715	6.07011	0
-1.41891	6.09229	-0.31843	-1.41891	6.09229	0
-0.39917	7.11222	-0.319863	-0.39917	7.11222	0
0.627728	7.11095	-0.291741	0.627728	7.11095	0
1.67014	7.1503	-0.275539	1.67014	7.1503	0
2.6645	7.17915	-0.332804	2.6645	7.17915	0
3.76035	7.09162	-0.327098	3.76035	7.09162	0
4.82152	7.1801	-0.299006	4.82152	7.1801	0
5.86524	7.22842	-0.323761	5.86524	7.22842	0
6.93296	7.22343	-0.325688	6.93296	7.22343	0
7.96519	7.21081	-0.318126	7.96519	7.21081	0
8.94422	7.18064	-0.32086	8.94422	7.18064	0
9.98325	7.12719	-0.310429	9.98325	7.12719	0
11.0141	7.0827	-0.333181	11.0141	7.0827	0
-11.7363	7.10317	-0.299963	-11.7363	7.10317	0
-10.7266	7.08322	-0.283739	-10.7266	7.08322	0
-9.71931	7.12968	-0.326303	-9.71931	7.12968	0
-8.69739	7.05925	-0.322947	-8.69739	7.05925	0
-7.64549	7.05106	-0.324274	-7.64549	7.05106	0
-6.5881	7.06628	-0.304858	-6.5881	7.06628	0
-5.58293	7.00986	-0.321348	-5.58293	7.00986	0
-4.53384	7.06239	-0.323197	-4.53384	7.06239	0
-3.48087	7.07985	-0.326871	-3.48087	7.07985	0
-2.4817	7.09225	-0.324085	-2.4817	7.09225	0
-1.44247	7.09841	-0.316697	-1.44247	7.09841	0
-0.374599	8.16129	-0.334315	-0.374599	8.16129	0
0.632326	8.12988	-0.331303	0.632326	8.12988	0
1.63334	8.16822	-0.34302	1.63334	8.16822	0
2.66702	8.25774	-0.337919	2.66702	8.25774	0
3.723	8.14622	-0.327273	3.723	8.14622	0
4.73489	8.14663	-0.315076	4.73489	8.14663	0
5.81054	8.19737	-0.337033	5.81054	8.19737	0
6.84603	8.19627	-0.327836	6.84603	8.19627	0
7.90759	8.23518	-0.324404	7.90759	8.23518	0
8.9027	8.24086	-0.339503	8.9027	8.24086	0
9.92124	8.14271	-0.306635	9.92124	8.14271	0
10.9478	8.14392	-0.32496	10.9478	8.14392	0
-11.7468	8.13083	-0.308737	-11.7468	8.13083	0
-10.716	8.13582	-0.338858	-10.716	8.13582	0
-9.68832	8.09417	-0.328771	-9.68832	8.09417	0
-8.67053	8.05106	-0.302562	-8.67053	8.05106	0
-7.65865	8.10934	-0.316231	-7.65865	8.10934	0
-6.62676	8.10757	-0.300947	-6.62676	8.10757	0
-5.56195	8.08475	-0.323245	-5.56195	8.08475	0
-4.53494	8.10854	-0.306935	-4.53494	8.10854	0
-3.51853	8.1477	-0.310153	-3.51853	8.1477	0
-2.4437	8.19255	-0.337078	-2.4437	8.19255	0
-1.41852	8.11666	-0.290784	-1.41852	8.11666	0
-0.35212	9.22152	-0.291707	-0.35212	9.22152	0
0.627127	9.17081	-0.330403	0.627127	9.17081	0
1.67599	9.18838	-0.333484	1.67599	9.18838	0
2.74958	9.2259	-0.288617	2.74958	9.2259	0
3.79875	9.15911	-0.318749	3.79875	9.15911	0
4.79716	9.23515	-0.333319	4.79716	9.23515	0
5.83842	9.21476	-0.323796	5.83842	9.21476	0
6.8068	9.24178	-0.314349	6.8068	9.24178	0
7.91658	9.2468	-0.262476	7.91658	9.2468	0
8.93529	9.20146	-0.299363	8.93529	9.20146	0
9.95769	9.21144	-0.312683	9.95769	9.21144	0
11.0248	9.21869	-0.30817	11.0248	9.21869	0
-11.7715	9.15836	-0.322129	-11.7715	9.15836	0
-10.7437	9.14599	-0.308143	-10.7437	9.14599	0
-9.73048	9.11828	-0.312878	-9.73048	9.11828	0
-8.65376	9.08024	-0.296462	-8.65376	9.08024	0
-7.65979	9.08728	-0.323419	-7.65979	9.08728	0
-6.61454	9.12531	-0.328917	-6.61454	9.12531	0
-5.55064	9.17203	-0.334613	-5.55064	9.17203	0
-4.54061	9.15662	-0.337009	-4.54061	9.15662	0
-3.50273	9.15355	-0.337455	-3.50273	9.15355	0
-2.52749	9.17942	-0.289177	-2.52749	9.17942	0
-1.49813	9.17118	-0.317072	-1.49813	9.17118	0
-0.381011	10.2081	-0.342658	-0.381011	10.2081	0
0.6923	10.2728	-0.306099	0.6923	10.2728	0
1.66401	10.1739	-0.334634	1.66401	10.1739	0
2.69711	10.2661	-0.326029	2.69711	10.2661	0
3.7206	10.2395	-0.315385	3.7206	10.2395	0
4.72542	10.2442	-0.338928	4.72542	10.2442	0
5.75375	10.2748	-0.333538	5.75375	10.2748	0
6.81168	10.2582	-0.32013	6.81168	10.2582	0
7.85867	10.2502	-0.318668	7.85867	10.2502	0
8.92627	10.2472	-0.339145	8.92627	10.2472	0
9.92361	10.211	-0.320601	9.92361	10.211	0
10.9566	10.2415	-0.309565	10.9566	10.2415	0
-11.8005	10.1696	-0.303991	-11.8005	10.1696	0
-10.7769	10.222	-0.306921	-10.7769	10.222	0
-9.75232	10.1874	-0.320945	-9.75232	10.1874	0
-8.72148	10.1708	-0.304269	-8.72148	10.1708	0
-7.63722	10.1598	-0.330766	-7.63722	10.1598	0
-6.54632	10.1709	-0.324373	-6.54632	10.1709	0
-5.52407	10.1547	-0.343418	-5.52407	10.1547	0
-4.49015	10.2285	-0.314458	-4.49015	10.2285	0
-3.46981	10.1918	-0.31693	-3.46981	10.1918	0
-2.43266	10.1793	-0.316906	-2.43266	10.1793	0
-1.44219	10.1921	-0.318669	-1.44219	10.1921	0
-0.393285	11.2486	-0.327819	-0.393285	11.2486	0
0.602645	11.2843	-0.318459	0.602645	11.2843	0
1.58569	11.3039	-0.326167	1.58569	11.3039	0
2.66705	11.2821	-0.321736	2.66705	11.2821	0
3.71787	11.2146	-0.31461	3.71787	11.2146	0
4.68372	11.2377	-0.311487	4.68372	11.2377	0
5.7258	11.2892	-0.316491	5.7258	11.2892	0
6.78231	11.2747	-0.330166	6.78231	11.2747	0
7.78531	11.2545	-0.305826	7.78531	11.2545	0
8.84515	11.2893	-0.293945	8.84515	11.2893	0
9.97475	11.282	-0.327448	9.97475	11.282	0
10.9493	11.2428	-0.301524	10.9493	11.2428	0
-11.8635	11.2004	-0.30964	-11.8635	11.2004	0
-10.7814	11.2345	-0.310811	-10.7814	11.2345	0
-9.74576	11.2591	-0.315675	-9.74576	11.2591	0
-8.7408	11.201	-0.292165	-8.7408	11.201	0
-7.69353	11.1382	-0.311152	-7.69353	11.1382	0
-6.65014	11.2097	-0.311516	-6.65014	11.2097	0
-5.57036	11.1853	-0.306943	-5.57036	11.1853	0
-4.54158	11.2011	-0.350697	-4.54158	11.2011	0
-3.50294	11.2219	-0.290367	-3.50294	11.2219	0
-2.40321	11.1903	-0.346072	-2.40321	11.1903	0
-1.44717	11.1986	-0.323229	-1.44717	11.1986	0
-0.48677	-11.4918	-0.316167	-0.48677	-11.4918	0
0.579699	-11.5058	-0.296013	0.579699	-11.5058	0
1.53613	-11.4767	-0.267368	1.53613	-11.4767	0
2.60047	-11.5041	-0.294299	2.60047	-11.5041	0
3.62601	-11.517	-0.31227	3.62601	-11.517	0
4.6622	-11.515	-0.327881	4.6622	-11.515	0
5.73644	-11.4679	-0.313795	5.73644	-11.4679	0
6.78126	-11.4773	-0.325747	6.78126	-11.4773	0
7.79896	-11.4375	-0.331548	7.79896	-11.4375	0
8.82661	-11.4917	-0.325683	8.82661	-11.4917	0
9.88512	-11.4953	-0.291782	9.88512	-11.4953	0
10.96	-11.5168	-0.29774	10.96	-11.5168	0
-11.7865	-11.4817	-0.308777	-11.7865	-11.4817	0
-10.806	-11.5183	-0.330149	-10.806	-11.5183	0
-9.72136	-11.5076	-0.30979	-9.72136	-11.5076	0
-8.69216	-11.5632	-0.330839	-8.69216	-11.5632	0
-7.6581	-11.6003	-0.320891	-7.6581	-11.6003	0
-6.64399	-11.5525	-0.303024	-6.64399	-11.5525	0
-5.61274	-11.5985	-0.305966	-5.61274	-11.5985	0
-4.62712	-11.5243	-0.302554	-4.62712	-11.5243	0
-3.5457	-11.5159	-0.331153	-3.5457	-11.5159	0
-2.49107	-11.5712	-0.344434	-2.49107	-11.5712	0
-1.51864	-11.5168	-0.328582	-1.51864	-11.5168	0
-0.51539	-10.4349	-0.317171	-0.51539	-10.4349	0
0.546482	-10.4485	-0.34058	0.546482	-10.4485	0
1.63201	-10.4768	-0.335246	1.63201	-10.4768	0
2.58832	-10.454	-0.330113	2.58832	-10.454	0
3.64836	-10.4689	-0.313172	3.64836	-10.4689	0
4.62917	-10.5324	-0.324972	4.62917	-10.5324	0
5.77763	-10.4629	-0.303427	5.77763	-10.4629	0
6.8405	-10.4257	-0.315018	6.8405	-10.4257	0
7.87046	-10.4593	-0.313022	7.87046	-10.4593	0
8.93315	-10.4451	-0.33215	8.93315	-10.4451	0
9.91498	-10.4724	-0.266201	9.91498	-10.4724	0
10.9299	-10.422	-0.311834	10.9299	-10.422	0
-11.7717	-10.492	-0.312512	-11.7717	-10.492	0
-10.8306	-10.4652	-0.306938	-10.8306	-10.4652	0
-9.6752	-10.4821	-0.317004	-9.6752	-10.4821	0
-8.66814	-10.5127	-0.317823	-8.66814	-10.5127	0
-7.66697	-10.5484	-0.308022	-7.66697	-10.5484	0
-6.67088	-10.5245	-0.318509	-6.67088	-10.5245	0
-5.6243	-10.5238	-0.329183	-5.6243	-10.5238	0
-4.57436	-10.4752	-0.312939	-4.57436	-10.4752	0
-3.53177	-10.5373	-0.322154	-3.53177	-10.5373	0
-2.50534	-10.5033	-0.331378	-2.50534	-10.5033	0
-1.4891	-10.4971	-0.328743	-1.4891	-10.4971	0
-0.450435	-9.39134	-0.299761	-0.450435	-9.39134	0
0.538053	-9.44403	-0.28378	0.538053	-9.44403	0
1.60591	-9.45883	-0.310065	1.60591	-9.45883	0
2.64401	-9.45919	-0.31858	2.64401	-9.45919	0
3.72144	-9.3931	-0.330257	3.72144	-9.3931	0
4.7657	-9.45576	-0.317277	4.7657	-9.45576	0
5.72226	-9.44499	-0.301681	5.72226	-9.44499	0
6.82941	-9.42947	-0.305809	6.82941	-9.42947	0
7.84117	-9.45732	-0.302585	7.84117	-9.45732	0
8.90344	-9.40461	-0.331057	8.90344	-9.40461	0
9.87782	-9.44634	-0.335879	9.87782	-9.44634	0
10.9281	-9.39676	-0.33075	10.9281	-9.39676	0
-11.8688	-9.44251	-0.346121	-11.8688	-9.44251	0
-10.7737	-9.41856	-0.310911	-10.7737	-9.41856	0
-9.7611	-9.42082	-0.290452	-9.7611	-9.42082	0
-8.73388	-9.49283	-0.309571	-8.73388	-9.49283	0
-7.69206	-9.47793	-0.301349	-7.69206	-9.47793	0
-6.65406	-9.43669	-0.315134	-6.65406	-9.43669	0
-5.59453	-9.54112	-0.283942	-5.59453	-9.54112	0
-4.54161	-9.47296	-0.31601	-4.54161	-9.47296	0
-3.53893	-9.45722	-0.324698	-3.53893	-9.45722	0
-2.52792	-9.44541	-0.326427	-2.52792	-9.44541	0
-1.45074	-9.45275	-0.352378	-1.45074	-9.45275	0
-0.487671	-8.41716	-0.298048	-0.487671	-8.41716	0
0.55669	-8.42465	-0.30451	0.55669	-8.42465	0
1.60541	-8.40354	-0.324277	1.60541	-8.40354	0
2.68989	-8.38248	-0.332675	2.68989	-8.38248	0
3.68349	-8.44032	-0.349066	3.68349	-8.44032	0
4.746	-8.37333	-0.310713	4.746	-8.37333	0
5.76755	-8.41119	-0.328356	5.76755	-8.41119	0
6.75871	-8.32323	-0.337658	6.75871	-8.32323	0
7.83279	-8.41208	-0.314219	7.83279	-8.41208	0
8.84172	-8.35885	-0.329109	8.84172	-8.35885	0
9.9328	-8.41091	-0.317219	9.9328	-8.41091	0
10.9611	-8.41948	-0.312773	10.9611	-8.41948	0
-11.8481	-8.41824	-0.33054	-11.8481	-8.41824	0
-10.8034	-8.39726	-0.332131	-10.8034	-8.39726	0
-9.7598	-8.39452	-0.301466	-9.7598	-8.39452	0
-8.72974	-8.47812	-0.295377	-8.72974	-8.47812	0
-7.67155	-8.39514	-0.318821	-7.67155	-8.39514	0
-6.63485	-8.39266	-0.261265	-6.63485	-8.39266	0
-5.5923	-8.45262	-0.320569	-5.5923	-8.45262	0
-4.5523	-8.42607	-0.301322	-4.5523	-8.42607	0
-3.54242	-8.44538	-0.329006	-3.54242	-8.44538	0
-2.47169	-8.39878	-0.332513	-2.47169	-8.39878	0
-1.47885	-8.40317	-0.292806	-1.47885	-8.40317	0
-0.445316	-7.33926	-0.305123	-0.445316	-7.33926	0
0.555171	-7.36599	-0.333279	0.555171	-7.36599	0
1.65278	-7.3536	-0.318338	1.65278	-7.3536	0
2.64009	-7.32887	-0.323308	2.64009	-7.32887	0
3.63538	-7.34729	-0.325935	3.63538	-7.34729	0
4.64268	-7.35383	-0.329228	4.64268	-7.35383	0
5.74001	-7.30933	-0.31194	5.74001	-7.30933	0
6.82175	-7.34218	-0.293985	6.82175	-7.34218	0
7.85535	-7.3595	-0.30358	7.85535	-7.3595	0
8.86039	-7.35556	-0.324581	8.86039	-7.35556	0
9.91001	-7.42105	-0.322948	9.91001	-7.42105	0
10.9714	-7.3602	-0.33916	10.9714	-7.3602	0
-11.7788	-7.37039	-0.327315	-11.7788	-7.37039	0
-10.7564	-7.35887	-0.333348	-10.7564	-7.35887	0
-9.68626	-7.35731	-0.318285	-9.68626	-7.35731	0
-8.71175	-7.32811	-0.309634	-8.71175	-7.32811	0
-7.73302	-7.30588	-0.320836	-7.73302	-7.30588	0
-6.67722	-7.34278	-0.285512	-6.67722	-7.34278	0
-5.65466	-7.4001	-0.316943	-5.65466	-7.4001	0
-4.6408	-7.47351	-0.298554	-4.6408	-7.47351	0
-3.52566	-7.44639	-0.326539	-3.52566	-7.44639	0
-2.48583	-7.35121	-0.295182	-2.48583	-7.35121	0
-1.46585	-7.42144	-0.319311	-1.46585	-7.42144	0
-0.50314	-6.30955	-0.316601	-0.50314	-6.30955	0
0.533823	-6.34554	-0.331934	0.533823	-6.34554	0
1.60035	-6.262	-0.341005	1.60035	-6.262	0
2.66183	-6.30135	-0.301902	2.66183	-6.30135	0
3.66738	-6.32591	-0.319572	3.66738	-6.32591	0
4.79976	-6.33776	-0.303539	4.79976	-6.33776	0
5.7884	-6.31072	-0.33817	5.7884	-6.31072	0
6.82654	-6.36668	-0.315528	6.82654	-6.36668	0
7.86875	-6.30789	-0.299662	7.86875	-6.30789	0
8.85319	-6.3422	-0.313923	8.85319	-6.3422	0
9.89955	-6.38373	-0.302878	9.89955	-6.38373	0
10.9478	-6.31096	-0.316434	10.9478	-6.31096	0
-11.7885	-6.29512	-0.31552	-11.7885	-6.29512	0
-10.767	-6.31561	-0.34068	-10.767	-6.31561	0
-9.7525	-6.33236	-0.32332	-9.7525	-6.33236	0
-8.71546	-6.26547	-0.306739	-8.71546	-6.26547	0
-7.71831	-6.33926	-0.3024	-7.71831	-6.33926	0
-6.68804	-6.36002	-0.305428	-6.68804	-6.36002	0
-5.6173	-6.32348	-0.340354	-5.6173	-6.32348	0
-4.5728	-6.40604	-0.312441	-4.5728	-6.40604	0
-3.50888	-6.38305	-0.322126	-3.50888	-6.38305	0
-2.51325	-6.33653	-0.327079	-2.51325	-6.33653	0
-1.49326	-6.33884	-0.335793	-1.49326	-6.33884	0
-0.410495	-5.31443	-0.32	-0.410495	-5.31443	0
0.602561	-5.31921	-0.33247	0.602561	-5.31921	0
1.6569	-5.27386	-0.319292	1.6569	-5.27386	0
2.68887	-5.26683	-0.311862	2.68887	-5.26683	0
3.76219	-5.2846	-0.316755	3.76219	-5.2846	0
4.74904	-5.2514	-0.32418	4.74904	-5.2514	0
5.81647	-5.28957	-0.298041	5.81647	-5.28957	0
6.79976	-5.27755	-0.340224	6.79976	-5.27755	0
7.8588	-5.26246	-0.335541	7.8588	-5.26246	0
8.88443	-5.31863	-0.324271	8.88443	-5.31863	0
9.94619	-5.37885	-0.313094	9.94619	-5.37885	0
10.9629	-5.28791	-0.304948	10.9629	-5.28791	0
-11.8364	-5.26945	-0.343268	-11.8364	-5.26945	0
-10.8165	-5.34575	-0.327415	-10.8165	-5.34575	0
-9.7506	-5.33727	-0.304043	-9.7506	-5.33727	0
-8.66345	-5.23549	-0.337085	-8.66345	-5.23549	0
-7.69077	-5.33075	-0.327208	-7.69077	-5.33075	0
-6.68826	-5.34085	-0.325269	-6.68826	-5.34085	0
-5.59025	-5.34756	-0.312918	-5.59025	-5.34756	0
-4.62393	-5.38258	-0.307212	-4.62393	-5.38258	0
-3.56968	-5.32886	-0.304298	-3.56968	-5.32886	0
-2.50381	-5.34529	-0.316422	-2.50381	-5.34529	0
-1.48113	-5.31793	-0.324592	-1.48113	-5.31793	0
-0.406049	-4.28886	-0.297753	-0.406049	-4.28886	0
0.635414	-4.28025	-0.332963	0.635414	-4.28025	0
1.66521	-4.19202	-0.284543	1.66521	-4.19202	0
2.69269	-4.21974	-0.307765	2.69269	-4.21974	0
3.67497	-4.28114	-0.314252	3.67497	-4.28114	0
4.72074	-4.22319	-0.340739	4.72074	-4.22319	0
5.78582	-4.28039	-0.331744	5.78582	-4.28039	0
6.78064	-4.27864	-0.308599	6.78064	-4.27864	0
7.79219	-4.22696	-0.317778	7.79219	-4.22696	0
8.85458	-4.32082	-0.311285	8.85458	-4.32082	0
9.90321	-4.32675	-0.301846	9.90321	-4.32675	0
10.8962	-4.25634	-0.337164	10.8962	-4.25634	0
-11.8498	-4.25405	-0.33035	-11.8498	-4.25405	0
-10.77	-4.24237	-0.321742	-10.77	-4.24237	0
-9.68224	-4.31482	-0.318474	-9.68224	-4.31482	0
-8.67138	-4.22329	-0.319277	-8.67138	-4.22329	0
-7.64984	-4.31449	-0.310291	-7.64984	-4.31449	0
-6.67894	-4.27805	-0.293687	-6.67894	-4.27805	0
-5.56818	-4.31171	-0.325401	-5.56818	-4.31171	0
-4.52645	-4.31655	-0.330862	-4.52645	-4.31655	0
-3.51659	-4.17521	-0.310827	-3.51659	-4.17521	0
-2.51637	-4.27656	-0.315362	-2.51637	-4.27656	0
-1.44909	-4.28891	-0.300426	-1.44909	-4.28891	0
-0.413833	-3.21469	-0.301888	-0.413833	-3.21469	0
0.627337	-3.19769	-0.331149	0.627337	-3.19769	0
1.60505	-3.2265	-0.339482	1.60505	-3.2265	0
2.65462	-3.20867	-0.352705	2.65462	-3.20867	0
3.64719	-3.18822	-0.321357	3.64719	-3.18822	0
4.69455	-3.12659	-0.330257	4.69455	-3.12659	0
5.73322	-3.23568	-0.323402	5.73322	-3.23568	0
6.74901	-3.2378	-0.339787	6.74901	-3.2378	0
7.83029	-3.24918	-0.311598	7.83029	-3.24918	0
8.93419	-3.26573	-0.325176	8.93419	-3.26573	0
9.90472	-3.25063	-0.32866	9.90472	-3.25063	0
10.9007	-3.26388	-0.294906	10.9007	-3.26388	0
-11.7943	-3.22715	-0.335243	-11.7943	-3.22715	0
-10.767	-3.26337	-0.308604	-10.767	-3.26337	0
-9.74902	-3.2067	-0.308356	-9.74902	-3.2067	0
-8.69729	-3.19625	-0.313583	-8.69729	-3.19625	0
-7.68751	-3.26662	-0.32265	-7.68751	-3.26662	0
-6.64312	-3.29585	-0.295812	-6.64312	-3.29585	0
-5.58324	-3.27677	-0.326375	-5.58324	-3.27677	0
-4.53238	-3.2228	-0.322509	-4.53238	-3.2228	0
-3.47589	-3.1791	-0.309985	-3.47589	-3.1791	0
-2.41727	-3.23375	-0.339299	-2.41727	-3.23375	0
-1.36669	-3.26921	-0.276944	-1.36669	-3.26921	0
-0.395305	-2.207	-0.319982	-0.395305	-2.207	0
0.616907	-2.17505	-0.306142	0.616907	-2.17505	0
1.6025	-2.19331	-0.295554	1.6025	-2.19331	0
2.61143	-2.17275	-0.33931	2.61143	-2.17275	0
3.63547	-2.22209	-0.309973	3.63547	-2.22209	0
4.67432	-2.16675	-0.317863	4.67432	-2.16675	0
5.68376	-2.21425	-0.296249	5.68376	-2.21425	0
6.76793	-2.24119	-0.301703	6.76793	-2.24119	0
7.81398	-2.17778	-0.332534	7.81398	-2.17778	0
8.8025	-2.16862	-0.29748	8.8025	-2.16862	0
9.84307	-2.23103	-0.333834	9.84307	-2.23103	0
10.8841	-2.24978	-0.30636	10.8841	-2.24978	0
-11.8052	-2.21839	-0.318926	-11.8052	-2.21839	0
-10.8522	-2.15792	-0.337896	-10.8522	-2.15792	0
-9.72617	-2.23045	-0.341072	-9.72617	-2.23045	0
-8.73702	-2.24007	-0.300459	-8.73702	-2.24007	0
-7.64223	-2.23521	-0.30903	-7.64223	-2.23521	0
-6.6155	-2.25524	-0.311479	-6.6155	-2.25524	0
-5.58966	-2.24625	-0.306408	-5.58966	-2.24625	0
-4.50091	-2.22691	-0.305545	-4.50091	-2.22691	0
-3.50481	-2.21836	-0.32752	-3.50481	-2.21836	0
-2.43132	-2.20694	-0.303626	-2.43132	-2.20694	0
-1.40231	-2.27818	-0.291256	-1.40231	-2.27818	0
-0.437469	-1.15585	-0.31655	-0.437469	-1.15585	0
0.624713	-1.17512	-0.352448	0.624713	-1.17512	0
1.64666	-1.17024	-0.303508	1.64666	-1.17024	0
2.6461	-1.18483	-0.292378	2.6461	-1.18483	0
3.67967	-1.1861	-0.318603	3.67967	-1.1861	0
4.74576	-1.11161	-0.325894	4.74576	-1.11161	0
5.77418	-1.19741	-0.298381	5.77418	-1.19741	0
6.77552	-1.22995	-0.295306	6.77552	-1.22995	0
7.81686	-1.13427	-0.315605	7.81686	-1.13427	0
8.84271	-1.17417	-0.277205	8.84271	-1.17417	0
9.9001	-1.20694	-0.295673	9.9001	-1.20694	0
10.9567	-1.22486	-0.312621	10.9567	-1.22486	0
-11.8327	-1.20473	-0.306531	-11.8327	-1.20473	0
-10.7678	-1.15701	-0.314238	-10.7678	-1.15701	0
-9.76023	-1.17413	-0.293807	-9.76023	-1.17413	0
-8.71924	-1.23536	-0.321067	-8.71924	-1.23536	0
-7.61519	-1.25007	-0.341929	-7.61519	-1.25007	0
-6.57927	-1.22384	-0.314981	-6.57927	-1.22384	0
-5.5388	-1.21951	-0.318595	-5.5388	-1.21951	0
-4.49651	-1.11906	-0.301515	-4.49651	-1.11906	0
-3.49776	-1.23796	-0.314161	-3.49776	-1.23796	0
-2.4565	-1.20598	-0.308117	-2.4565	-1.20598	0
-1.4269	-1.17753	-0.329411	-1.4269	-1.17753	0
0.0585924	0.37943	0.32341	0.0585924	0.37943	0
1.12187	0.367621	0.323941	1.12187	0.367621	0
2.15052	0.390247	0.320978	2.15052	0.390247	0
3.26339	0.410459	0.323779	3.26339	0.410459	0
4.28852	0.386036	0.352201	4.28852	0.386036	0
5.28296	0.413119	0.319878	5.28296	0.413119	0
6.26735	0.339848	0.323169	6.26735	0.339848	0
7.32513	0.362086	0.321628	7.32513	0.362086	0
8.38811	0.351388	0.306335	8.38811	0.351388	0
9.41618	0.323012	0.327469	9.41618	0.323012	0
10.4265	0.375811	0.308084	10.4265	0.375811	0
11.4896	0.330688	0.336534	11.4896	0.330688	0
-11.2501	0.432884	0.343661	-11.2501	0.432884	0
-10.2139	0.436175	0.320567	-10.2139	0.436175	0
-9.2346	0.32341	0.337391	-9.2346	0.32341	0
-8.13446	0.381104	0.330832	-8.13446	0.381104	0
-7.11691	0.296824	0.321409	-7.11691	0.296824	0
-6.10527	0.302323	0.314646	-6.10527	0.302323	0
-5.08973	0.356421	0.338721	-5.08973	0.356421	0
-4.01465	0.368065	0.316565	-4.01465	0.368065	0
-3.02308	0.34454	0.317702	-3.02308	0.34454	0
-1.97265	0.302498	0.265389	-1.97265	0.302498	0
-0.963692	0.353703	0.314466	-0.963692	0.353703	0
0.0637157	1.39695	0.351395	0.0637157	1.39695	0
1.11795	1.39685	0.315705	1.11795	1.39685	0
2.21041	1.37386	0.332314	2.21041	1.37386	0
3.27787	1.40818	0.296519	3.27787	1.40818	0
4.2984	1.47784	0.328107	4.2984	1.47784	0
5.33165	1.48347	0.342702	5.33165	1.48347	0
6.29667	1.43928	0.328125	6.29667	1.43928	0
7.35674	1.43768	0.31911	7.35674	1.43768	0
8.33607	1.4125	0.299574	8.33607	1.4125	0
9.43822	1.40329	0.333387	9.43822	1.40329	0
10.4583	1.40749	0.30104	10.4583	1.40749	0
11.4835	1.34728	0.319996	11.4835	1.34728	0
-11.2705	1.44161	0.327849	-11.2705	1.44161	0
-10.2364	1.45366	0.330508	-10.2364	1.45366	0
-9.19314	1.36191	0.305772	-9.19314	1.36191	0
-8.20271	1.36038	0.331246	-8.20271	1.36038	0
-7.14285	1.34261	0.348007	-7.14285	1.34261	0
-6.10994	1.35467	0.328382	-6.10994	1.35467	0
-5.11476	1.40392	0.315657	-5.11476	1.40392	0
-4.13778	1.43361	0.324543	-4.13778	1.43361	0
-3.01373	1.35788	0.330715	-3.01373	1.35788	0
-2.00922	1.37732	0.299989	-2.00922	1.37732	0
-0.955332	1.4514	0.312325	-0.955332	1.4514	0
0.124642	2.43448	0.348881	0.124642	2.43448	0
1.13274	2.43325	0.336959	1.13274	2.43325	0
2.22075	2.44263	0.328007	2.22075	2.44263	0
3.25957	2.42285	0.304821	3.25957	2.42285	0
4.27181	2.53166	0.310328	4.27181	2.53166	0
5.33132	2.51743	0.303182	5.33132	2.51743	0
6.35179	2.4889	0.333154	6.35179	2.4889	0
7.30697	2.4618	0.343505	7.30697	2.4618	0
8.3553	2.48445	0.341545	8.3553	2.48445	0
9.41363	2.47744	0.307923	9.41363	2.47744	0
10.4416	2.45167	0.311877	10.4416	2.45167	0
11.4396	2.48678	0.303503	11.4396	2.48678	0
-11.3137	2.44914	0.322091	-11.3137	2.44914	0
-10.202	2.46817	0.340335	-10.202	2.46817	0
-9.17165	2.43999	0.336894	-9.17165	2.43999	0
-8.13084	2.39656	0.322259	-8.13084	2.39656	0
-7.10277	2.4286	0.290889	-7.10277	2.4286	0
-6.09852	2.43939	0.335422	-6.09852	2.43939	0
-5.08009	2.48235	0.313231	-5.08009	2.48235	0
-4.05715	2.45132	0.337855	-4.05715	2.45132	0
-3.01085	2.41862	0.335567	-3.01085	2.41862	0
-1.93605	2.40519	0.332273	-1.93605	2.40519	0
-0.913803	2.42059	0.3244	-0.913803	2.42059	0
0.153484	3.51844	0.334193	0.153484	3.51844	0
1.14369	3.40349	0.303289	1.14369	3.40349	0
2.22395	3.45873	0.324364	2.22395	3.45873	0
3.21355	3.5064	0.316016	3.21355	3.5064	0
4.30449	3.56419	0.324891	4.30449	3.56419	0
5.31982	3.56914	0.3116	5.31982	3.56914	0
6.29814	3.60003	0.296152	6.29814	3.60003	0
7.31343	3.50385	0.310722	7.31343	3.50385	0
8.34893	3.4677	0.323365	8.34893	3.4677	0
9.37318	3.53196	0.30375	9.37318	3.53196	0
10.4173	3.49909	0.332395	10.4173	3.49909	0
11.4478	3.47871	0.314095	11.4478	3.47871	0
-11.2759	3.47804	0.313104	-11.2759	3.47804	0
-10.2491	3.48158	0.32285	-10.2491	3.48158	0
-9.17394	3.47568	0.311326	-9.17394	3.47568	0
-8.11421	3.47039	0.338255	-8.11421	3.47039	0
-7.10494	3.4978	0.32638	-7.10494	3.4978	0
-6.12242	3.47691	0.277316	-6.12242	3.47691	0
-5.12784	3.48638	0.314006	-5.12784	3.48638	0
-4.07337	3.47458	0.291277	-4.07337	3.47458	0
-3.00694	3.43161	0.317713	-3.00694	3.43161	0
-1.95642	3.47249	0.316546	-1.95642	3.47249	0
-0.94841	3.4555	0.301108	-0.94841	3.4555	0
0.132257	4.55103	0.323239	0.132257	4.55103	0
1.16853	4.42417	0.33517	1.16853	4.42417	0
2.18913	4.51303	0.315264	2.18913	4.51303	0
3.25208	4.54242	0.307997	3.25208	4.54242	0
4.3104	4.55191	0.313314	4.3104	4.55191	0
5.34231	4.56997	0.333918	5.34231	4.56997	0
6.34544	4.60903	0.325711	6.34544	4.60903	0
7.3214	4.56908	0.307276	7.3214	4.56908	0
8.35004	4.49159	0.320087	8.35004	4.49159	0
9.34179	4.48825	0.307349	9.34179	4.48825	0
10.3757	4.51178	0.320963	10.3757	4.51178	0
11.474	4.48781	0.3243	11.474	4.48781	0
-11.281	4.50065	0.323423	-11.281	4.50065	0
-10.256	4.51021	0.305384	-10.256	4.51021	0
-9.19464	4.52218	0.297665	-9.19464	4.52218	0
-8.18651	4.47092	0.321449	-8.18651	4.47092	0
-7.08614	4.47799	0.321998	-7.08614	4.47799	0
-6.09553	4.52052	0.325625	-6.09553	4.52052	0
-5.06241	4.4519	0.317804	-5.06241	4.4519	0
-4.01681	4.50803	0.298246	-4.01681	4.50803	0
-2.99709	4.49308	0.324591	-2.99709	4.49308	0
-1.92646	4.48758	0.345741	-1.92646	4.48758	0
-0.880534	4.52295	0.317543	-0.880534	4.52295	0
0.0777659	5.56953	0.291835	0.0777659	5.56953	0
1.13038	5.52873	0.305623	1.13038	5.52873	0
2.1802	5.58681	0.316005	2.1802	5.58681	0
3.26266	5.60081	0.29749	3.26266	5.60081	0
4.28741	5.59864	0.293543	4.28741	5.59864	0
5.37437	5.59082	0.294293	5.37437	5.59082	0
6.38476	5.67071	0.308075	6.38476	5.67071	0
7.39057	5.62326	0.312646	7.39057	5.62326	0
8.41763	5.62991	0.296219	8.41763	5.62991	0
9.43924	5.61154	0.285707	9.43924	5.61154	0
10.4519	5.56271	0.335693	10.4519	5.56271	0
11.4523	5.57754	0.319467	11.4523	5.57754	0
-11.2971	5.51528	0.334194	-11.2971	5.51528	0
-10.2775	5.52895	0.30887	-10.2775	5.52895	0
-9.23697	5.51898	0.295585	-9.23697	5.51898	0
-8.10038	5.50024	0.315749	-8.10038	5.50024	0
-7.12059	5.50809	0.315798	-7.12059	5.50809	0
-6.08338	5.51837	0.307393	-6.08338	5.51837	0
-5.10587	5.51245	0.305613	-5.10587	5.51245	0
-4.07416	5.5606	0.336549	-4.07416	5.5606	0
-2.97985	5.57512	0.304796	-2.97985	5.57512	0
-1.97455	5.50871	0.309333	-1.97455	5.50871	0
-0.943746	5.56228	0.300217	-0.943746	5.56228	0
0.134084	6.5839	0.338733	0.134084	6.5839	0
1.17072	6.54127	0.314385	1.17072	6.54127	0
2.2319	6.62413	0.307663	2.2319	6.62413	0
3.18614	6.66131	0.302911	3.18614	6.66131	0
4.28659	6.66278	0.326129	4.28659	6.66278	0
5.30485	6.62413	0.29957	5.30485	6.62413	0
6.36774	6.73023	0.309298	6.36774	6.73023	0
7.44459	6.69863	0.311266	7.44459	6.69863	0
8.43555	6.66423	0.327149	8.43555	6.66423	0
9.47485	6.6493	0.342694	9.47485	6.6493	0
10.5191	6.64668	0.31106	10.5191	6.64668	0
11.4788	6.54738	0.297934	11.4788	6.54738	0
-11.2763	6.59748	0.30653	-11.2763	6.59748	0
-10.2094	6.5214	0.305413	-10.2094	6.5214	0
-9.21764	6.54323	0.309394	-9.21764	6.54323	0
-8.14628	6.54986	0.331529	-8.14628	6.54986	0
-7.12024	6.5435	0.338112	-7.12024	6.5435	0
-6.08007	6.5375	0.302314	-6.08007	6.5375	0
-5.03699	6.55385	0.316031	-5.03699	6.55385	0
-4.0297	6.58605	0.345671	-4.0297	6.58605	0
-2.979	6.60977	0.304898	-2.979	6.60977	0
-1.93987	6.59833	0.31978	-1.93987	6.59833	0
-0.930137	6.62723	0.331104	-0.930137	6.62723	0
0.0889264	7.61365	0.339487	0.0889264	7.61365	0
1.10073	7.62906	0.30152	1.10073	7.62906	0
2.2115	7.67566	0.304731	2.2115	7.67566	0
3.20834	7.64163	0.340059	3.20834	7.64163	0
4.19688	7.6396	0.315255	4.19688	7.6396	0
5.35778	7.67932	0.335659	5.35778	7.67932	0
6.37137	7.71908	0.334376	6.37137	7.71908	0
7.43243	7.72054	0.292701	7.43243	7.72054	0
8.43928	7.712	0.298134	8.43928	7.712	0
9.43914	7.6543	0.326151	9.43914	7.6543	0
10.4373	7.62214	0.307151	10.4373	7.62214	0
11.5142	7.62673	0.319502	11.5142	7.62673	0
-11.2592	7.62598	0.339852	-11.2592	7.62598	0
-10.2084	7.60175	0.303798	-10.2084	7.60175	0
-9.19934	7.53626	0.318763	-9.19934	7.53626	0
-8.16162	7.53525	0.314021	-8.16162	7.53525	0
-7.13835	7.58325	0.319412	-7.13835	7.58325	0
-6.10288	7.58096	0.346778	-6.10288	7.58096	0
-5.04501	7.54815	0.310265	-5.04501	7.54815	0
-4.04277	7.60326	0.277547	-4.04277	7.60326	0
-2.95311	7.61573	0.294549	-2.95311	7.61573	0
-1.95877	7.65782	0.306146	-1.95877	7.65782	0
-0.879056	7.64546	0.325792	-0.879056	7.64546	0
0.144472	8.65955	0.308315	0.144472	8.65955	0
1.16453	8.64898	0.323204	1.16453	8.64898	0
2.16045	8.68283	0.304594	2.16045	8.68283	0
3.21257	8.62838	0.321989	3.21257	8.62838	0
4.28374	8.63369	0.301434	4.28374	8.63369	0
5.32451	8.70257	0.300315	5.32451	8.70257	0
6.3968	8.70357	0.311388	6.3968	8.70357	0
7.3677	8.72949	0.330388	7.3677	8.72949	0
8.39162	8.73143	0.326799	8.39162	8.73143	0
9.42591	8.61137	0.350297	9.42591	8.61137	0
10.4498	8.66362	0.281741	10.4498	8.66362	0
11.4594	8.65149	0.313635	11.4594	8.65149	0
-11.2808	8.64399	0.333773	-11.2808	8.64399	0
-10.2178	8.64663	0.327437	-10.2178	8.64663	0
-9.17513	8.59888	0.321659	-9.17513	8.59888	0
-8.13308	8.58826	0.317086	-8.13308	8.58826	0
-7.10367	8.61817	0.340457	-7.10367	8.61817	0
-6.05295	8.6235	0.268913	-6.05295	8.6235	0
-5.08749	8.61001	0.295401	-5.08749	8.61001	0
-4.0605	8.63373	0.318705	-4.0605	8.63373	0
-2.99319	8.68904	0.331891	-2.99319	8.68904	0
-1.93085	8.65907	0.307193	-1.93085	8.65907	0
-0.883297	8.67321	0.303855	-0.883297	8.67321	0
0.181179	9.7087	0.305653	0.181179	9.7087	0
1.17246	9.72474	0.31184	1.17246	9.72474	0
2.17983	9.73419	0.32278	2.17983	9.73419	0
3.3025	9.72519	0.324343	3.3025	9.72519	0
4.29742	9.73505	0.325814	4.29742	9.73505	0
5.25679	9.72802	0.305885	5.25679	9.72802	0
6.31246	9.77047	0.296119	6.31246	9.77047	0
7.33548	9.78115	0.315912	7.33548	9.78115	0
8.45002	9.78957	0.316549	8.45002	9.78957	0
9.50941	9.71175	0.342761	9.50941	9.71175	0
10.4909	9.71009	0.327012	10.4909	9.71009	0
11.5054	9.72379	0.334559	11.5054	9.72379	0
-11.2676	9.67074	0.315811	-11.2676	9.67074	0
-10.2246	9.65376	0.32488	-10.2246	9.65376	0
-9.20914	9.64803	0.297708	-9.20914	9.64803	0
-8.15197	9.5971	0.321366	-8.15197	9.5971	0
-7.14393	9.65351	0.299598	-7.14393	9.65351	0
-6.07935	9.60518	0.308626	-6.07935	9.60518	0
-5.01833	9.63889	0.325593	-5.01833	9.63889	0
-4.0154	9.66526	0.294552	-4.0154	9.66526	0
-2.98717	9.73661	0.347232	-2.98717	9.73661	0
-1.9384	9.67271	0.315705	-1.9384	9.67271	0
-0.93104	9.67966	0.325661	-0.93104	9.67966	0
0.113493	10.7146	0.325768	0.113493	10.7146	0
1.22177	10.765	0.351825	1.22177	10.765	0
2.17261	10.7302	0.306765	2.17261	10.7302	0
3.18061	10.735	0.331063	3.18061	10.735	0
4.23945	10.7391	0.343603	4.23945	10.7391	0
5.27757	10.7469	0.32269	5.27757	10.7469	0
6.29073	10.7744	0.321054	6.29073	10.7744	0
7.27597	10.7624	0.349892	7.27597	10.7624	0
8.38072	10.8093	0.315979	8.38072	10.8093	0
9.48324	10.755	0.278554	9.48324	10.755	0
10.4877	10.7311	0.314511	10.4877	10.7311	0
11.5039	10.7126	0.319737	11.5039	10.7126	0
-11.2989	10.7236	0.30869	-11.2989	10.7236	0
-10.2366	10.727	0.341859	-10.2366	10.727	0
-9.2148	10.6772	0.340196	-9.2148	10.6772	0
-8.16155	10.5821	0.32378	-8.16155	10.5821	0
-7.12494	10.6666	0.322914	-7.12494	10.6666	0
-6.10621	10.6349	0.293652	-6.10621	10.6349	0
-5.02694	10.6766	0.32701	-5.02694	10.6766	0
-4.017	10.6961	0.322455	-4.017	10.6961	0
-2.95602	10.7744	0.299017	-2.95602	10.7744	0
-1.94789	10.7156	0.354589	-1.94789	10.7156	0
-0.911697	10.7258	0.305574	-0.911697	10.7258	0
0.0404953	11.7492	0.336143	0.0404953	11.7492	0
1.04929	11.7397	0.344429	1.04929	11.7397	0
2.06741	11.7702	0.314625	2.06741	11.7702	0
3.15581	11.7691	0.325085	3.15581	11.7691	0
4.13442	11.771	0.314372	4.13442	11.771	0
5.19786	11.8079	0.3321	5.19786	11.8079	0
6.21559	11.8132	0.327101	6.21559	11.8132	0
7.26703	11.7868	0.326023	7.26703	11.7868	0
8.27044	11.792	0.303633	8.27044	11.792	0
9.37626	11.7331	0.280834	9.37626	11.7331	0
10.4008	11.7846	0.336317	10.4008	11.7846	0
11.4958	11.7397	0.302216	11.4958	11.7397	0
-11.2864	11.6911	0.280283	-11.2864	11.6911	0
-10.271	11.7884	0.333045	-10.271	11.7884	0
-9.24907	11.7428	0.336737	-9.24907	11.7428	0
-8.19341	11.6967	0.303944	-8.19341	11.6967	0
-7.17764	11.6685	0.336064	-7.17764	11.6685	0
-6.06277	11.6893	0.317776	-6.06277	11.6893	0
-5.03045	11.6871	0.326297	-5.03045	11.6871	0
-4.05773	11.728	0.314754	-4.05773	11.728	0
-3.00308	11.7185	0.310658	-3.00308	11.7185	0
-1.93971	11.7584	0.34646	-1.93971	11.7584	0
-0.989524	11.7473	0.322591	-0.989524	11.7473	0
0.0249984	-11.0064	0.298033	0.0249984	-11.0064	0
1.00682	-10.9646	0.3263	1.00682	-10.9646	0
2.0634	-10.9624	0.307045	2.0634	-10.9624	0
3.06089	-10.9771	0.316009	3.06089	-10.9771	0
4.15113	-10.9875	0.317576	4.15113	-10.9875	0
5.18867	-10.9594	0.281205	5.18867	-10.9594	0
6.35605	-11.009	0.329143	6.35605	-11.009	0
7.35365	-10.9895	0.325445	7.35365	-10.9895	0
8.35432	-10.9543	0.304465	8.35432	-10.9543	0
9.37382	-11.0113	0.295567	9.37382	-11.0113	0
10.4818	-11.0142	0.292925	10.4818	-11.0142	0
11.4705	-10.9645	0.326602	11.4705	-10.9645	0
-11.2642	-10.9856	0.326312	-11.2642	-10.9856	0
-10.2563	-10.9993	0.285879	-10.2563	-10.9993	0
-9.21092	-11.0345	0.305849	-9.21092	-11.0345	0
-8.14588	-11.0422	0.311191	-8.14588	-11.0422	0
-7.11637	-11.0317	0.341499	-7.11637	-11.0317	0
-6.12749	-11.0333	0.327557	-6.12749	-11.0333	0
-5.15864	-11.0242	0.310867	-5.15864	-11.0242	0
-4.09696	-11.0019	0.335455	-4.09696	-11.0019	0
-3.01607	-11.0092	0.333409	-3.01607	-11.0092	0
-2.01125	-11.0342	0.318064	-2.01125	-11.0342	0
-1.01997	-11.0056	0.322561	-1.01997	-11.0056	0
0.0332587	-9.9408	0.303086	0.0332587	-9.9408	0
1.0672	-9.97865	0.298319	1.0672	-9.97865	0
2.12352	-9.91301	0.31751	2.12352	-9.91301	0
3.15569	-9.96454	0.296979	3.15569	-9.96454	0
4.13841	-9.95128	0.305396	4.13841	-9.95128	0
5.15599	-10.0114	0.309825	5.15599	-10.0114	0
6.28191	-9.92263	0.334598	6.28191	-9.92263	0
7.33859	-9.94881	0.355478	7.33859	-9.94881	0
8.41978	-9.91411	0.288264	8.41978	-9.91411	0
9.42116	-9.95511	0.329391	9.42116	-9.95511	0
10.4248	-9.90348	0.322221	10.4248	-9.90348	0
11.4661	-9.96129	0.333373	11.4661	-9.96129	0
-11.3089	-9.96827	0.317448	-11.3089	-9.96827	0
-10.2127	-10.011	0.314499	-10.2127	-10.011	0
-9.22219	-9.98879	0.334158	-9.22219	-9.98879	0
-8.185	-9.97945	0.344732	-8.185	-9.97945	0
-7.21614	-9.97031	0.314161	-7.21614	-9.97031	0
-6.15193	-10.0058	0.329555	-6.15193	-10.0058	0
-5.10494	-10.0332	0.334887	-5.10494	-10.0332	0
-4.02151	-9.98004	0.30074	-4.02151	-9.98004	0
-2.9771	-10.0038	0.282244	-2.9771	-10.0038	0
-1.95542	-9.95251	0.263024	-1.95542	-9.95251	0
-0.995589	-9.92127	0.311482	-0.995589	-9.92127	0
0.0784394	-8.95221	0.341428	0.0784394	-8.95221	0
1.11523	-8.86804	0.293993	1.11523	-8.86804	0
2.1864	-8.88314	0.268719	2.1864	-8.88314	0
3.20531	-8.94228	0.327707	3.20531	-8.94228	0
4.24908	-8.87471	0.303273	4.24908	-8.87471	0
5.26941	-8.93319	0.300908	5.26941	-8.93319	0
6.27706	-8.87625	0.303114	6.27706	-8.87625	0
7.32162	-8.89899	0.271393	7.32162	-8.89899	0
8.35468	-8.89779	0.304169	8.35468	-8.89779	0
9.40246	-8.92286	0.305825	9.40246	-8.92286	0
10.4348	-8.90443	0.320415	10.4348	-8.90443	0
11.4775	-8.94781	0.321054	11.4775	-8.94781	0
-11.3255	-8.901	0.318669	-11.3255	-8.901	0
-10.3044	-8.91538	0.33675	-10.3044	-8.91538	0
-9.23464	-8.91675	0.332153	-9.23464	-8.91675	0
-8.1789	-8.94246	0.337032	-8.1789	-8.94246	0
-7.18254	-8.90721	0.308967	-7.18254	-8.90721	0
-6.13491	-9.00554	0.310806	-6.13491	-9.00554	0
-5.04837	-8.9567	0.319602	-5.04837	-8.9567	0
-4.06557	-8.95403	0.306029	-4.06557	-8.95403	0
-2.99603	-8.92808	0.315005	-2.99603	-8.92808	0
-1.99895	-8.91175	0.290328	-1.99895	-8.91175	0
-1.04481	-8.92221	0.345286	-1.04481	-8.92221	0
0.0693251	-7.88515	0.317078	0.0693251	-7.88515	0
1.0697	-7.85581	0.307065	1.0697	-7.85581	0
2.16943	-7.85578	0.317506	2.16943	-7.85578	0
3.17049	-7.87802	0.320476	3.17049	-7.87802	0
4.16239	-7.84502	0.295468	4.16239	-7.84502	0
5.17959	-7.8469	0.303928	5.17959	-7.8469	0
6.22596	-7.88182	0.307032	6.22596	-7.88182	0
7.35066	-7.92274	0.293771	7.35066	-7.92274	0
8.34839	-7.885	0.337284	8.34839	-7.885	0
9.36735	-7.9114	0.317552	9.36735	-7.9114	0
10.4527	-7.89212	0.323273	10.4527	-7.89212	0
11.4852	-7.87782	0.309097	11.4852	-7.87782	0
-11.264	-7.80651	0.316952	-11.264	-7.80651	0
-10.2382	-7.83852	0.304927	-10.2382	-7.83852	0
-9.2085	-7.9168	0.29217	-9.2085	-7.9168	0
-8.23437	-7.87852	0.293035	-8.23437	-7.87852	0
-7.21158	-7.83435	0.304967	-7.21158	-7.83435	0
-6.12235	-7.90988	0.331657	-6.12235	-7.90988	0
-5.13958	-7.9338	0.332416	-5.13958	-7.9338	0
-4.00518	-7.95054	0.321192	-4.00518	-7.95054	0
-2.98713	-7.93021	0.316231	-2.98713	-7.93021	0
-1.94759	-7.9	0.324001	-1.94759	-7.9	0
-0.921429	-7.86193	0.328961	-0.921429	-7.86193	0
0.0764845	-6.82256	0.307756	0.0764845	-6.82256	0
1.13222	-6.80589	0.312703	1.13222	-6.80589	0
2.12595	-6.82807	0.300621	2.12595	-6.82807	0
3.14829	-6.82262	0.320897	3.14829	-6.82262	0
4.17246	-6.80118	0.293375	4.17246	-6.80118	0
5.23199	-6.85645	0.32095	5.23199	-6.85645	0
6.27629	-6.87825	0.320267	6.27629	-6.87825	0
7.38652	-6.82518	0.327497	7.38652	-6.82518	0
8.40608	-6.84413	0.28365	8.40608	-6.84413	0
9.42056	-6.91401	0.320855	9.42056	-6.91401	0
10.4637	-6.86394	0.299599	10.4637	-6.86394	0
11.4891	-6.86087	0.303692	11.4891	-6.86087	0
-11.2817	-6.8466	0.31637	-11.2817	-6.8466	0
-10.2543	-6.85357	0.315069	-10.2543	-6.85357	0
-9.22571	-6.7933	0.307607	-9.22571	-6.7933	0
-8.23494	-6.79523	0.328674	-8.23494	-6.79523	0
-7.24754	-6.84615	0.339911	-7.24754	-6.84615	0
-6.14909	-6.87632	0.329478	-6.14909	-6.87632	0
-5.13258	-6.86381	0.281255	-5.13258	-6.86381	0
-4.07845	-6.95643	0.321989	-4.07845	-6.95643	0
-3.06875	-6.88157	0.317693	-3.06875	-6.88157	0
-2.00336	-6.82162	0.3226	-2.00336	-6.82162	0
-0.962373	-6.83778	0.321321	-0.962373	-6.83778	0
0.113689	-5.80417	0.308693	0.113689	-5.80417	0
1.11334	-5.80243	0.31948	1.11334	-5.80243	0
2.11216	-5.82687	0.333675	2.11216	-5.82687	0
3.23778	-5.81927	0.306158	3.23778	-5.81927	0
4.29128	-5.82625	0.298021	4.29128	-5.82625	0
5.34352	-5.79753	0.320761	5.34352	-5.79753	0
6.31572	-5.80732	0.303115	6.31572	-5.80732	0
7.29829	-5.80038	0.288585	7.29829	-5.80038	0
8.34657	-5.71824	0.301527	8.34657	-5.71824	0
9.43634	-5.83387	0.309074	9.43634	-5.83387	0
10.4618	-5.89678	0.344106	10.4618	-5.89678	0
11.4901	-5.75602	0.312358	11.4901	-5.75602	0
-11.2779	-5.85846	0.323659	-11.2779	-5.85846	0
-10.2428	-5.85491	0.331781	-10.2428	-5.85491	0
-9.19339	-5.7924	0.346364	-9.19339	-5.7924	0
-8.19191	-5.78157	0.336286	-8.19191	-5.78157	0
-7.22456	-5.82584	0.338602	-7.22456	-5.82584	0
-6.16907	-5.85586	0.33729	-6.16907	-5.85586	0
-5.04914	-5.89181	0.327636	-5.04914	-5.89181	0
-4.08013	-5.86754	0.319508	-4.08013	-5.86754	0
-3.02967	-5.83833	0.326647	-3.02967	-5.83833	0
-1.97723	-5.84183	0.32965	-1.97723	-5.84183	0
-0.960866	-5.79011	0.306094	-0.960866	-5.79011	0
0.12332	-4.76772	0.317003	0.12332	-4.76772	0
1.18122	-4.80135	0.336356	1.18122	-4.80135	0
2.17959	-4.7565	0.332011	2.17959	-4.7565	0
3.19263	-4.7818	0.316219	3.19263	-4.7818	0
4.19685	-4.75461	0.316529	4.19685	-4.75461	0
5.27482	-4.74874	0.334278	5.27482	-4.74874	0
6.33476	-4.80407	0.335533	6.33476	-4.80407	0
7.33364	-4.77934	0.323943	7.33364	-4.77934	0
8.32283	-4.74089	0.284123	8.32283	-4.74089	0
9.35995	-4.83484	0.272356	9.35995	-4.83484	0
10.4135	-4.8112	0.327038	10.4135	-4.8112	0
11.4002	-4.77024	0.313405	11.4002	-4.77024	0
-11.299	-4.79996	0.305891	-11.299	-4.79996	0
-10.2327	-4.81777	0.306633	-10.2327	-4.81777	0
-9.18402	-4.75742	0.279089	-9.18402	-4.75742	0
-8.14874	-4.75677	0.310513	-8.14874	-4.75677	0
-7.10847	-4.82044	0.322617	-7.10847	-4.82044	0
-6.12705	-4.80682	0.298763	-6.12705	-4.80682	0
-5.05745	-4.81284	0.343429	-5.05745	-4.81284	0
-4.06901	-4.78072	0.30502	-4.06901	-4.78072	0
-3.05912	-4.79014	0.273705	-3.05912	-4.79014	0
-1.97798	-4.79973	0.31479	-1.97798	-4.79973	0
-0.965165	-4.82635	0.326684	-0.965165	-4.82635	0
0.134373	-3.74944	0.303049	0.134373	-3.74944	0
1.12613	-3.69674	0.318666	1.12613	-3.69674	0
2.23111	-3.74546	0.316628	2.23111	-3.74546	0
3.23989	-3.73821	0.339595	3.23989	-3.73821	0
4.23302	-3.71692	0.313538	4.23302	-3.71692	0
5.19408	-3.70185	0.299384	5.19408	-3.70185	0
6.24821	-3.73841	0.318387	6.24821	-3.73841	0
7.26838	-3.73372	0.32762	7.26838	-3.73372	0
8.33147	-3.73381	0.319687	8.33147	-3.73381	0
9.38115	-3.81537	0.312968	9.38115	-3.81537	0
10.4017	-3.77349	0.309971	10.4017	-3.77349	0
11.4441	-3.78021	0.315109	11.4441	-3.78021	0
-11.2939	-3.78319	0.331509	-11.2939	-3.78319	0
-10.2422	-3.7817	0.314371	-10.2422	-3.7817	0
-9.21154	-3.74714	0.334811	-9.21154	-3.74714	0
-8.23003	-3.68901	0.338822	-8.23003	-3.68901	0
-7.22576	-3.79234	0.3108	-7.22576	-3.79234	0
-6.07969	-3.83014	0.331364	-6.07969	-3.83014	0
-5.02877	-3.78512	0.321158	-5.02877	-3.78512	0
-3.9893	-3.69029	0.323756	-3.9893	-3.69029	0
-2.9438	-3.67789	0.311617	-2.9438	-3.67789	0
-1.95613	-3.78767	0.316725	-1.95613	-3.78767	0
-0.873499	-3.77929	0.313431	-0.873499	-3.77929	0
0.116375	-2.67014	0.337354	0.116375	-2.67014	0
1.1129	-2.70414	0.334953	1.1129	-2.70414	0
2.1071	-2.75581	0.318026	2.1071	-2.75581	0
3.11121	-2.74295	0.321064	3.11121	-2.74295	0
4.14339	-2.67763	0.332859	4.14339	-2.67763	0
5.18664	-2.72035	0.32155	5.18664	-2.72035	0
6.24523	-2.72262	0.324969	6.24523	-2.72262	0
7.33396	-2.71959	0.312635	7.33396	-2.71959	0
8.32522	-2.71197	0.324288	8.32522	-2.71197	0
9.37007	-2.72152	0.317487	9.37007	-2.72152	0
10.3969	-2.75629	0.322063	10.3969	-2.75629	0
11.4787	-2.79743	0.326755	11.4787	-2.79743	0
-11.3786	-2.74299	0.324178	-11.3786	-2.74299	0
-10.2966	-2.68661	0.291052	-10.2966	-2.68661	0
-9.2667	-2.70098	0.331657	-9.2667	-2.70098	0
-8.18879	-2.72717	0.315287	-8.18879	-2.72717	0
-7.17129	-2.73623	0.330213	-7.17129	-2.73623	0
-6.06784	-2.77609	0.319574	-6.06784	-2.77609	0
-5.03264	-2.74051	0.346196	-5.03264	-2.74051	0
-4.01614	-2.70606	0.333894	-4.01614	-2.70606	0
-2.96398	-2.73409	0.31432	-2.96398	-2.73409	0
-1.90808	-2.77507	0.327305	-1.90808	-2.77507	0
-0.891973	-2.68757	0.336415	-0.891973	-2.68757	0
0.107059	-1.63174	0.322348	0.107059	-1.63174	0
1.12043	-1.65375	0.314289	1.12043	-1.65375	0
2.1289	-1.70132	0.333202	2.1289	-1.70132	0
3.1451	-1.70831	0.31452	3.1451	-1.70831	0
4.15981	-1.6875	0.322474	4.15981	-1.6875	0
5.17857	-1.6811	0.324856	5.17857	-1.6811	0
6.29016	-1.73268	0.312141	6.29016	-1.73268	0
7.33061	-1.73227	0.314621	7.33061	-1.73227	0
8.33916	-1.67674	0.325429	8.33916	-1.67674	0
9.35425	-1.69702	0.324833	9.35425	-1.69702	0
10.3573	-1.73181	0.324662	10.3573	-1.73181	0
11.4261	-1.7323	0.328536	11.4261	-1.7323	0
-11.3098	-1.67835	0.333682	-11.3098	-1.67835	0
-10.2653	-1.68448	0.312562	-10.2653	-1.68448	0
-9.22123	-1.71439	0.319911	-9.22123	-1.71439	0
-8.18377	-1.75295	0.310607	-8.18377	-1.75295	0
-7.12354	-1.74378	0.328805	-7.12354	-1.74378	0
-6.07168	-1.72569	0.330188	-6.07168	-1.72569	0
-5.02656	-1.7251	0.306733	-5.02656	-1.7251	0
-4.03099	-1.68551	0.300515	-4.03099	-1.68551	0
-2.96881	-1.72807	0.310928	-2.96881	-1.72807	0
-1.91955	-1.67365	0.30478	-1.91955	-1.67365	0
-0.967335	-1.65402	0.287236	-0.967335	-1.65402	0
0.0883894	-0.654238	0.305954	0.0883894	-0.654238	0
1.14569	-0.614747	0.285582	1.14569	-0.614747	0
2.1736	-0.595973	0.323141	2.1736	-0.595973	0
3.1734	-0.63063	0.310529	3.1734	-0.63063	0
4.22946	-0.646404	0.313377	4.22946	-0.646404	0
5.26549	-0.711986	0.319629	5.26549	-0.711986	0
6.25582	-0.664733	0.340818	6.25582	-0.664733	0
7.31854	-0.668309	0.328254	7.31854	-0.668309	0
8.38518	-0.633197	0.325714	8.38518	-0.633197	0
9.42407	-0.659085	0.316493	9.42407	-0.659085	0
10.4309	-0.666295	0.303366	10.4309	-0.666295	0
11.4887	-0.711455	0.324673	11.4887	-0.711455	0
-11.3501	-0.682884	0.324408	-11.3501	-0.682884	0
-10.2143	-0.59896	0.317842	-10.2143	-0.59896	0
-9.20939	-0.662187	0.326489	-9.20939	-0.662187	0
-8.11183	-0.715798	0.322217	-8.11183	-0.715798	0
-7.08313	-0.729091	0.308698	-7.08313	-0.729091	0
-6.04318	-0.690074	0.336743	-6.04318	-0.690074	0
-5.03293	-0.683782	0.331059	-5.03293	-0.683782	0
-3.9703	-0.669637	0.304787	-3.9703	-0.669637	0
-2.97207	-0.650342	0.29593	-2.97207	-0.650342	0
-1.94295	-0.642894	0.321751	-1.94295	-0.642894	0
-0.925947	-0.686186	0.331273	-0.925947	-0.686186	0
