-0.412739	-0.125686	-0.335087	-0.412739	-0.125686	0
0.631045	-0.068648	-0.312335	0.631045	-0.068648	0
1.71547	-0.133223	-0.336496	1.71547	-0.133223	0
2.72649	-0.113248	-0.342039	2.72649	-0.113248	0
3.74389	-0.090585	-0.313947	3.74389	-0.090585	0
4.78983	-0.104895	-0.345495	4.78983	-0.104895	0
5.77398	-0.0846811	-0.268188	5.77398	-0.0846811	0
6.79637	-0.0965533	-0.319197	6.79637	-0.0965533	0
7.8791	-0.135282	-0.316904	7.8791	-0.135282	0
8.8885	-0.119708	-0.311419	8.8885	-0.119708	0
9.98149	-0.154367	-0.331903	9.98149	-0.154367	0
11.003	-0.159353	-0.314307	11.003	-0.159353	0
-11.7693	-0.225568	-0.306649	-11.7693	-0.225568	0
-10.7045	-0.164737	-0.322048	-10.7045	-0.164737	0
-9.65575	-0.116867	-0.301814	-9.65575	-0.116867	0
-8.65307	-0.17351	-0.332582	-8.65307	-0.17351	0
-7.66013	-0.191339	-0.340057	-7.66013	-0.191339	0
-6.61753	-0.196507	-0.306818	-6.61753	-0.196507	0
-5.54361	-0.224265	-0.321951	-5.54361	-0.224265	0
-4.5301	-0.144321	-0.31361	-4.5301	-0.144321	0
-3.53481	-0.166378	-0.340689	-3.53481	-0.166378	0
-2.51628	-0.0983872	-0.347545	-2.51628	-0.0983872	0
-1.45208	-0.131833	-0.321603	-1.45208	-0.131833	0
-0.386533	0.917065	-0.31696	-0.386533	0.917065	0
0.682537	0.911457	-0.318298	0.682537	0.911457	0
1.69398	0.985277	-0.309521	1.69398	0.985277	0
2.71413	0.926626	-0.311111	2.71413	0.926626	0
3.7321	0.970056	-0.307978	3.7321	0.970056	0
4.76712	0.908029	-0.319877	4.76712	0.908029	0
5.7635	0.930573	-0.292	5.7635	0.930573	0
6.84696	0.923308	-0.323962	6.84696	0.923308	0
7.91859	0.850982	-0.318694	7.91859	0.850982	0
8.97748	0.859552	-0.296627	8.97748	0.859552	0
9.96819	0.848497	-0.318367	9.96819	0.848497	0
10.9623	0.841105	-0.298735	10.9623	0.841105	0
-11.7229	0.853387	-0.350214	-11.7229	0.853387	0
-10.717	0.869764	-0.315437	-10.717	0.869764	0
-9.68404	0.903611	-0.292678	-9.68404	0.903611	0
-8.63111	0.881631	-0.331996	-8.63111	0.881631	0
-7.59708	0.88127	-0.313416	-7.59708	0.88127	0
-6.60963	0.823415	-0.306568	-6.60963	0.823415	0
-5.59842	0.784193	-0.317379	-5.59842	0.784193	0
-4.49448	0.892467	-0.288532	-4.49448	0.892467	0
-3.46445	0.93397	-0.304433	-3.46445	0.93397	0
-2.45272	0.884376	-0.319845	-2.45272	0.884376	0
-1.40351	0.890093	-0.316207	-1.40351	0.890093	0
-0.352116	1.94661	-0.309729	-0.352116	1.94661	0
0.653851	1.92701	-0.331927	0.653851	1.92701	0
1.65061	1.98585	-0.334376	1.65061	1.98585	0
2.73653	1.95806	-0.327245	2.73653	1.95806	0
3.75912	1.99804	-0.312473	3.75912	1.99804	0
4.76463	1.93567	-0.324524	4.76463	1.93567	0
5.83339	1.93018	-0.333962	5.83339	1.93018	0
6.81355	1.90353	-0.312653	6.81355	1.90353	0
7.82926	1.9229	-0.317929	7.82926	1.9229	0
8.95206	1.86107	-0.312308	8.95206	1.86107	0
9.94079	1.88706	-0.325323	9.94079	1.88706	0
10.9017	1.86748	-0.30004	10.9017	1.86748	0
-11.7822	1.87858	-0.306594	-11.7822	1.87858	0
-10.738	1.88835	-0.333898	-10.738	1.88835	0
-9.72046	1.85851	-0.29932	-9.72046	1.85851	0
-8.69109	1.95936	-0.324313	-8.69109	1.95936	0
-7.61741	1.8936	-0.338264	-7.61741	1.8936	0
-6.58472	1.94356	-0.326638	-6.58472	1.94356	0
-5.53029	1.90859	-0.323483	-5.53029	1.90859	0
-4.51026	1.89983	-0.315932	-4.51026	1.89983	0
-3.46824	1.96525	-0.319209	-3.46824	1.96525	0
-2.37475	1.93835	-0.294147	-2.37475	1.93835	0
-1.42178	1.92794	-0.274358	-1.42178	1.92794	0
-0.3448	2.96866	-0.356327	-0.3448	2.96866	0
0.655581	3.03045	-0.315998	0.655581	3.03045	0
1.68399	3.03183	-0.314137	1.68399	3.03183	0
2.73436	2.99173	-0.276938	2.73436	2.99173	0
3.73702	3.01759	-0.315684	3.73702	3.01759	0
4.80595	2.96937	-0.32281	4.80595	2.96937	0
5.82117	2.95361	-0.298696	5.82117	2.95361	0
6.87609	2.95736	-0.324759	6.87609	2.95736	0
7.85155	2.9728	-0.321078	7.85155	2.9728	0
8.91103	2.91879	-0.334014	8.91103	2.91879	0
9.95864	2.90048	-0.320806	9.95864	2.90048	0
10.9859	2.87754	-0.298169	10.9859	2.87754	0
-11.7911	2.87758	-0.34111	-11.7911	2.87758	0
-10.7571	2.91921	-0.326824	-10.7571	2.91921	0
-9.71488	2.90562	-0.317636	-9.71488	2.90562	0
-8.67925	2.95661	-0.304652	-8.67925	2.95661	0
-7.60009	2.97038	-0.323906	-7.60009	2.97038	0
-6.60841	2.9488	-0.318379	-6.60841	2.9488	0
-5.51014	2.95074	-0.314415	-5.51014	2.95074	0
-4.48957	2.90069	-0.291851	-4.48957	2.90069	0
-3.45282	2.95247	-0.332527	-3.45282	2.95247	0
-2.37535	2.96694	-0.32847	-2.37535	2.96694	0
-1.38922	2.976	-0.313801	-1.38922	2.976	0
-0.42796	4.08285	-0.313017	-0.42796	4.08285	0
0.577027	4.05497	-0.323866	0.577027	4.05497	0
1.65245	4.03527	-0.33414	1.65245	4.03527	0
2.77138	4.04332	-0.334036	2.77138	4.04332	0
3.7401	4.07314	-0.336967	3.7401	4.07314	0
4.75827	4.02912	-0.321056	4.75827	4.02912	0
5.84334	4.0603	-0.338233	5.84334	4.0603	0
6.87529	3.99767	-0.305144	6.87529	3.99767	0
7.92569	3.98235	-0.334898	7.92569	3.98235	0
8.92219	3.94083	-0.285258	8.92219	3.94083	0
9.96267	3.9114	-0.330322	9.96267	3.9114	0
11.0067	3.97326	-0.317196	11.0067	3.97326	0
-11.8192	3.91336	-0.316801	-11.8192	3.91336	0
-10.8082	3.93313	-0.325396	-10.8082	3.93313	0
-9.7483	3.9234	-0.312184	-9.7483	3.9234	0
-8.67114	4.03461	-0.291466	-8.67114	4.03461	0
-7.6536	3.99819	-0.305996	-7.6536	3.99819	0
-6.60759	3.96658	-0.351579	-6.60759	3.96658	0
-5.49634	3.95439	-0.307504	-5.49634	3.95439	0
-4.52617	3.84833	-0.297821	-4.52617	3.84833	0
-3.48698	3.95693	-0.311507	-3.48698	3.95693	0
-2.36894	3.98607	-0.346954	-2.36894	3.98607	0
-1.37136	3.9627	-0.321095	-1.37136	3.9627	0
-0.382357	5.06666	-0.334267	-0.382357	5.06666	0
0.637533	5.08684	-0.335033	0.637533	5.08684	0
1.64863	5.0501	-0.296005	1.64863	5.0501	0
2.66297	5.06705	-0.301137	2.66297	5.06705	0
3.73021	5.06866	-0.344261	3.73021	5.06866	0
4.76153	5.08224	-0.276408	4.76153	5.08224	0
5.83045	5.01929	-0.308349	5.83045	5.01929	0
6.80095	5.02395	-0.326296	6.80095	5.02395	0
7.90923	4.97644	-0.31415	7.90923	4.97644	0
8.90785	4.9548	-0.269228	8.90785	4.9548	0
9.95096	5.00842	-0.283903	9.95096	5.00842	0
10.9954	4.99763	-0.281378	10.9954	4.99763	0
-11.7965	4.99515	-0.300021	-11.7965	4.99515	0
-10.7366	4.98948	-0.328202	-10.7366	4.98948	0
-9.72653	5.00947	-0.32715	-9.72653	5.00947	0
-8.65693	5.04614	-0.327077	-8.65693	5.04614	0
-7.62027	4.99876	-0.322295	-7.62027	4.99876	0
-6.60248	4.99765	-0.319615	-6.60248	4.99765	0
-5.51302	4.98462	-0.331654	-5.51302	4.98462	0
-4.499	5.02765	-0.330571	-4.499	5.02765	0
-3.47319	4.94727	-0.291591	-3.47319	4.94727	0
-2.46606	5.00638	-0.33017	-2.46606	5.00638	0
-1.41136	5.0019	-0.325139	-1.41136	5.0019	0
-0.41177	6.10037	-0.317791	-0.41177	6.10037	0
0.618801	6.06937	-0.326669	0.618801	6.06937	0
1.70646	6.10733	-0.325061	1.70646	6.10733	0
2.74052	6.10583	-0.33669	2.74052	6.10583	0
3.76508	6.09543	-0.30976	3.76508	6.09543	0
4.77859	6.07755	-0.301333	4.77859	6.07755	0
5.83269	6.12989	-0.325536	5.83269	6.12989	0
6.83854	6.08366	-0.332263	6.83854	6.08366	0
7.85333	5.96972	-0.339217	7.85333	5.96972	0
8.88294	5.95983	-0.340057	8.88294	5.95983	0
9.94684	5.98977	-0.321762	9.94684	5.98977	0
10.9439	6.04692	-0.330898	10.9439	6.04692	0
-11.8301	6.04664	-0.301348	-11.8301	6.04664	0
-10.7996	5.98041	-0.332029	-10.7996	5.98041	0
-9.70505	6.04073	-0.309448	-9.70505	6.04073	0
-8.63796	5.98584	-0.30479	-8.63796	5.98584	0
-7.64545	6.02283	-0.31577	-7.64545	6.02283	0
-6.59608	5.98524	-0.314444	-6.59608	5.98524	0
-5.59061	6.00485	-0.323095	-5.59061	6.00485	0
-4.56769	6.0266	-0.303513	-4.56769	6.0266	0
-3.55218	6.0312	-0.316151	-3.55218	6.0312	0
-2.51217	6.06844	-0.334149	-2.51217	6.06844	0
-1.44843	6.09027	-0.298163	-1.44843	6.09027	0
-0.324139	7.12297	-0.332966	-0.324139	7.12297	0
0.65795	7.08318	-0.299599	0.65795	7.08318	0
1.7519	7.15267	-0.316269	1.7519	7.15267	0
2.80219	7.14074	-0.33681	2.80219	7.14074	0
3.81703	7.1402	-0.334045	3.81703	7.1402	0
4.83675	7.20644	-0.327918	4.83675	7.20644	0
5.84351	7.11245	-0.324949	5.84351	7.11245	0
6.9317	7.1152	-0.316342	6.9317	7.1152	0
7.93914	7.05482	-0.319306	7.93914	7.05482	0
8.89333	7.0254	-0.328198	8.89333	7.0254	0
9.92227	6.97617	-0.323823	9.92227	6.97617	0
10.9638	7.13015	-0.324967	10.9638	7.13015	0
-11.7669	7.0685	-0.336825	-11.7669	7.0685	0
-10.6903	7.02548	-0.296551	-10.6903	7.02548	0
-9.6895	7.10054	-0.326407	-9.6895	7.10054	0
-8.70049	7.01003	-0.310556	-8.70049	7.01003	0
-7.57925	7.04884	-0.315239	-7.57925	7.04884	0
-6.61737	7.01944	-0.286361	-6.61737	7.01944	0
-5.54947	7.05938	-0.321607	-5.54947	7.05938	0
-4.56743	7.07037	-0.302788	-4.56743	7.07037	0
-3.48345	7.0986	-0.306463	-3.48345	7.0986	0
-2.46406	7.0932	-0.301857	-2.46406	7.0932	0
-1.44851	7.07686	-0.312703	-1.44851	7.07686	0
-0.372423	8.14864	-0.299825	-0.372423	8.14864	0
0.654205	8.102	-0.340528	0.654205	8.102	0
1.70595	8.13196	-0.321371	1.70595	8.13196	0
2.77146	8.12932	-0.337848	2.77146	8.12932	0
3.79316	8.1074	-0.322349	3.79316	8.1074	0
4.78641	8.23907	-0.313032	4.78641	8.23907	0
5.84193	8.16385	-0.315561	5.84193	8.16385	0
6.89407	8.16279	-0.299265	6.89407	8.16279	0
7.94397	8.17877	-0.30757	7.94397	8.17877	0
8.90694	8.09898	-0.334246	8.90694	8.09898	0
9.94283	8.04961	-0.332505	9.94283	8.04961	0
10.961	8.107	-0.326693	10.961	8.107	0
-11.779	8.08809	-0.316872	-11.779	8.08809	0
-10.7185	8.03566	-0.294973	-10.7185	8.03566	0
-9.72365	8.06659	-0.323562	-9.72365	8.06659	0
-8.64422	8.07003	-0.298958	-8.64422	8.07003	0
-7.62267	8.10427	-0.293323	-7.62267	8.10427	0
-6.57502	8.09687	-0.308605	-6.57502	8.09687	0
-5.56382	8.14473	-0.336983	-5.56382	8.14473	0
-4.52396	8.1084	-0.303925	-4.52396	8.1084	0
-3.50071	8.10616	-0.327744	-3.50071	8.10616	0
-2.50647	8.11062	-0.323176	-2.50647	8.11062	0
-1.42928	8.14178	-0.29641	-1.42928	8.14178	0
-0.327396	9.16353	-0.309833	-0.327396	9.16353	0
0.746723	9.20344	-0.309901	0.746723	9.20344	0
1.72129	9.2314	-0.322575	1.72129	9.2314	0
2.70982	9.12298	-0.30443	2.70982	9.12298	0
3.76657	9.18304	-0.301697	3.76657	9.18304	0
4.8071	9.20126	-0.324519	4.8071	9.20126	0
5.84411	9.18641	-0.310788	5.84411	9.18641	0
6.86435	9.1589	-0.333481	6.86435	9.1589	0
7.84964	9.22891	-0.3117	7.84964	9.22891	0
8.86646	9.15244	-0.312195	8.86646	9.15244	0
9.8982	9.1488	-0.317933	9.8982	9.1488	0
10.9146	9.11585	-0.31699	10.9146	9.11585	0
-11.7602	9.13837	-0.326106	-11.7602	9.13837	0
-10.7692	9.11456	-0.30363	-10.7692	9.11456	0
-9.75926	9.11213	-0.35501	-9.75926	9.11213	0
-8.66866	9.11305	-0.336884	-8.66866	9.11305	0
-7.63265	9.13875	-0.320529	-7.63265	9.13875	0
-6.57583	9.14427	-0.315896	-6.57583	9.14427	0
-5.53107	9.14374	-0.320586	-5.53107	9.14374	0
-4.45583	9.11426	-0.354127	-4.45583	9.11426	0
-3.41226	9.13507	-0.307597	-3.41226	9.13507	0
-2.36241	9.13318	-0.326574	-2.36241	9.13318	0
-1.31089	9.16763	-0.305143	-1.31089	9.16763	0
-0.359838	10.2499	-0.301282	-0.359838	10.2499	0
0.718491	10.2359	-0.315122	0.718491	10.2359	0
1.76343	10.2159	-0.321786	1.76343	10.2159	0
2.74122	10.1948	-0.320449	2.74122	10.1948	0
3.74092	10.2451	-0.323253	3.74092	10.2451	0
4.7826	10.1642	-0.334421	4.7826	10.1642	0
5.81109	10.2195	-0.301507	5.81109	10.2195	0
6.84799	10.2129	-0.334551	6.84799	10.2129	0
7.90488	10.2481	-0.288968	7.90488	10.2481	0
8.97244	10.2065	-0.329451	8.97244	10.2065	0
9.93874	10.2154	-0.338352	9.93874	10.2154	0
10.956	10.1738	-0.294147	10.956	10.1738	0
-11.7837	10.1556	-0.318045	-11.7837	10.1556	0
-10.77	10.1859	-0.29954	-10.77	10.1859	0
-9.67477	10.1989	-0.332453	-9.67477	10.1989	0
-8.71683	10.1769	-0.322984	-8.71683	10.1769	0
-7.63616	10.1487	-0.314593	-7.63616	10.1487	0
-6.57156	10.1368	-0.311916	-6.57156	10.1368	0
-5.54578	10.1914	-0.294805	-5.54578	10.1914	0
-4.4835	10.1201	-0.308615	-4.4835	10.1201	0
-3.40479	10.1718	-0.327549	-3.40479	10.1718	0
-2.41693	10.2298	-0.313985	-2.41693	10.2298	0
-1.37594	10.1712	-0.321538	-1.37594	10.1712	0
-0.339296	11.2774	-0.304186	-0.339296	11.2774	0
0.752925	11.248	-0.306468	0.752925	11.248	0
1.74621	11.2985	-0.302372	1.74621	11.2985	0
2.77975	11.299	-0.330947	2.77975	11.299	0
3.78669	11.3213	-0.317242	3.78669	11.3213	0
4.76654	11.2174	-0.349372	4.76654	11.2174	0
5.82975	11.2322	-0.304213	5.82975	11.2322	0
6.87543	11.2916	-0.319234	6.87543	11.2916	0
7.94406	11.272	-0.330087	7.94406	11.272	0
8.90342	11.2891	-0.286832	8.90342	11.2891	0
9.97917	11.2655	-0.350126	9.97917	11.2655	0
10.984	11.1592	-0.330914	10.984	11.1592	0
-11.7489	11.1447	-0.318718	-11.7489	11.1447	0
-10.7045	11.2038	-0.293022	-10.7045	11.2038	0
-9.70053	11.2323	-0.322584	-9.70053	11.2323	0
-8.66644	11.2433	-0.301426	-8.66644	11.2433	0
-7.60938	11.1459	-0.32562	-7.60938	11.1459	0
-6.58508	11.1495	-0.301561	-6.58508	11.1495	0
-5.52544	11.1665	-0.302136	-5.52544	11.1665	0
-4.45314	11.1287	-0.312965	-4.45314	11.1287	0
-3.49357	11.1607	-0.340561	-3.49357	11.1607	0
-2.41759	11.1885	-0.317481	-2.41759	11.1885	0
-1.35677	11.2692	-0.310575	-1.35677	11.2692	0
-0.306835	-11.4904	-0.299614	-0.306835	-11.4904	0
0.666961	-11.5117	-0.341295	0.666961	-11.5117	0
1.68766	-11.421	-0.295371	1.68766	-11.421	0
2.74495	-11.4598	-0.345489	2.74495	-11.4598	0
3.75995	-11.4756	-0.333546	3.75995	-11.4756	0
4.78815	-11.4871	-0.29686	4.78815	-11.4871	0
5.79351	-11.5317	-0.318916	5.79351	-11.5317	0
6.76388	-11.4777	-0.313683	6.76388	-11.4777	0
7.86331	-11.4378	-0.316416	7.86331	-11.4378	0
8.88477	-11.502	-0.353703	8.88477	-11.502	0
9.94617	-11.4887	-0.335123	9.94617	-11.4887	0
10.9754	-11.5267	-0.324568	10.9754	-11.5267	0
-11.7515	-11.5403	-0.322632	-11.7515	-11.5403	0
-10.7224	-11.5561	-0.31585	-10.7224	-11.5561	0
-9.62661	-11.5357	-0.312314	-9.62661	-11.5357	0
-8.60829	-11.5621	-0.319412	-8.60829	-11.5621	0
-7.59481	-11.5957	-0.322602	-7.59481	-11.5957	0
-6.5597	-11.6097	-0.315489	-6.5597	-11.6097	0
-5.5495	-11.6276	-0.301598	-5.5495	-11.6276	0
-4.48954	-11.5539	-0.322862	-4.48954	-11.5539	0
-3.41502	-11.5573	-0.313062	-3.41502	-11.5573	0
-2.48311	-11.5806	-0.312071	-2.48311	-11.5806	0
-1.4255	-11.5259	-0.342218	-1.4255	-11.5259	0
-0.463664	-10.4785	-0.322728	-0.463664	-10.4785	0
0.660499	-10.4322	-0.318313	0.660499	-10.4322	0
1.70699	-10.4118	-0.296483	1.70699	-10.4118	0
2.73658	-10.4313	-0.325463	2.73658	-10.4313	0
3.82938	-10.4567	-0.315721	3.82938	-10.4567	0
4.82474	-10.4798	-0.337892	4.82474	-10.4798	0
5.80878	-10.4962	-0.305212	5.80878	-10.4962	0
6.84522	-10.4646	-0.336434	6.84522	-10.4646	0
7.93498	-10.482	-0.333998	7.93498	-10.482	0
8.96195	-10.4423	-0.293569	8.96195	-10.4423	0
9.96468	-10.3959	-0.299595	9.96468	-10.3959	0
11.0141	-10.4693	-0.308191	11.0141	-10.4693	0
-11.701	-10.483	-0.294691	-11.701	-10.483	0
-10.661	-10.55	-0.308049	-10.661	-10.55	0
-9.69273	-10.5552	-0.30894	-9.69273	-10.5552	0
-8.59184	-10.5043	-0.316009	-8.59184	-10.5043	0
-7.56216	-10.6349	-0.345943	-7.56216	-10.6349	0
-6.53476	-10.6169	-0.296683	-6.53476	-10.6169	0
-5.50975	-10.5648	-0.288005	-5.50975	-10.5648	0
-4.4995	-10.561	-0.291235	-4.4995	-10.561	0
-3.48178	-10.5218	-0.333348	-3.48178	-10.5218	0
-2.38683	-10.5138	-0.305151	-2.38683	-10.5138	0
-1.41479	-10.5064	-0.307772	-1.41479	-10.5064	0
-0.363184	-9.43718	-0.302422	-0.363184	-9.43718	0
0.635826	-9.45229	-0.302553	0.635826	-9.45229	0
1.68839	-9.37843	-0.321805	1.68839	-9.37843	0
2.7611	-9.38206	-0.3116	2.7611	-9.38206	0
3.82483	-9.39701	-0.288957	3.82483	-9.39701	0
4.8347	-9.38178	-0.344212	4.8347	-9.38178	0
5.85226	-9.44493	-0.299577	5.85226	-9.44493	0
6.86778	-9.48906	-0.293788	6.86778	-9.48906	0
7.90884	-9.44975	-0.316102	7.90884	-9.44975	0
8.91078	-9.45657	-0.320711	8.91078	-9.45657	0
9.97065	-9.39594	-0.341347	9.97065	-9.39594	0
11.0108	-9.46001	-0.321418	11.0108	-9.46001	0
-11.7237	-9.47929	-0.299706	-11.7237	-9.47929	0
-10.6709	-9.49609	-0.324625	-10.6709	-9.49609	0
-9.62158	-9.55379	-0.337994	-9.62158	-9.55379	0
-8.61586	-9.54041	-0.292257	-8.61586	-9.54041	0
-7.5844	-9.51433	-0.305285	-7.5844	-9.51433	0
-6.55583	-9.53738	-0.325401	-6.55583	-9.53738	0
-5.48861	-9.56952	-0.317607	-5.48861	-9.56952	0
-4.4666	-9.57376	-0.313587	-4.4666	-9.57376	0
-3.4243	-9.46274	-0.311209	-3.4243	-9.46274	0
-2.4333	-9.48107	-0.338074	-2.4333	-9.48107	0
-1.37538	-9.43219	-0.360801	-1.37538	-9.43219	0
-0.364898	-8.3754	-0.310293	-0.364898	-8.3754	0
0.668835	-8.417	-0.330469	0.668835	-8.417	0
1.73144	-8.35526	-0.322737	1.73144	-8.35526	0
2.74635	-8.38611	-0.307525	2.74635	-8.38611	0
3.75427	-8.40611	-0.306579	3.75427	-8.40611	0
4.81757	-8.35392	-0.294029	4.81757	-8.35392	0
5.82576	-8.42182	-0.332161	5.82576	-8.42182	0
6.88235	-8.46798	-0.301272	6.88235	-8.46798	0
7.88444	-8.40148	-0.331257	7.88444	-8.40148	0
8.90756	-8.37625	-0.329665	8.90756	-8.37625	0
9.91504	-8.36731	-0.310564	9.91504	-8.36731	0
10.9728	-8.40532	-0.314855	10.9728	-8.40532	0
-11.7633	-8.51491	-0.32038	-11.7633	-8.51491	0
-10.712	-8.46014	-0.324345	-10.712	-8.46014	0
-9.69499	-8.47877	-0.350257	-9.69499	-8.47877	0
-8.67154	-8.4774	-0.30746	-8.67154	-8.4774	0
-7.60042	-8.4741	-0.31913	-7.60042	-8.4741	0
-6.57573	-8.51474	-0.312921	-6.57573	-8.51474	0
-5.59635	-8.53938	-0.287146	-5.59635	-8.53938	0
-4.52227	-8.53228	-0.312984	-4.52227	-8.53228	0
-3.44894	-8.41881	-0.33734	-3.44894	-8.41881	0
-2.39484	-8.4307	-0.302345	-2.39484	-8.4307	0
-1.37206	-8.35609	-0.30623	-1.37206	-8.35609	0
-0.315597	-7.374	-0.299331	-0.315597	-7.374	0
0.693435	-7.32882	-0.309775	0.693435	-7.32882	0
1.69096	-7.31785	-0.325134	1.69096	-7.31785	0
2.71913	-7.29581	-0.324062	2.71913	-7.29581	0
3.73794	-7.27512	-0.33914	3.73794	-7.27512	0
4.72817	-7.35771	-0.32562	4.72817	-7.35771	0
5.84122	-7.40718	-0.296483	5.84122	-7.40718	0
6.87231	-7.41554	-0.320954	6.87231	-7.41554	0
7.87285	-7.30999	-0.315012	7.87285	-7.30999	0
8.87524	-7.34633	-0.308477	8.87524	-7.34633	0
9.93	-7.36859	-0.316666	9.93	-7.36859	0
11.0063	-7.38994	-0.301579	11.0063	-7.38994	0
-11.7291	-7.38849	-0.271247	-11.7291	-7.38849	0
-10.6699	-7.45916	-0.319261	-10.6699	-7.45916	0
-9.66128	-7.43374	-0.348247	-9.66128	-7.43374	0
-8.66325	-7.47881	-0.320729	-8.66325	-7.47881	0
-7.61498	-7.44594	-0.303463	-7.61498	-7.44594	0
-6.57999	-7.44077	-0.313858	-6.57999	-7.44077	0
-5.53298	-7.46144	-0.330269	-5.53298	-7.46144	0
-4.51806	-7.47256	-0.304466	-4.51806	-7.47256	0
-3.48152	-7.41231	-0.302755	-3.48152	-7.41231	0
-2.47759	-7.41334	-0.345858	-2.47759	-7.41334	0
-1.38095	-7.3157	-0.315388	-1.38095	-7.3157	0
-0.418311	-6.34589	-0.321921	-0.418311	-6.34589	0
0.664236	-6.33205	-0.297433	0.664236	-6.33205	0
1.6894	-6.29541	-0.345853	1.6894	-6.29541	0
2.74945	-6.26595	-0.319801	2.74945	-6.26595	0
3.79491	-6.21683	-0.308741	3.79491	-6.21683	0
4.79642	-6.31928	-0.318327	4.79642	-6.31928	0
5.78758	-6.32625	-0.324421	5.78758	-6.32625	0
6.8168	-6.34036	-0.313846	6.8168	-6.34036	0
7.85594	-6.24205	-0.310749	7.85594	-6.24205	0
8.96898	-6.34706	-0.291044	8.96898	-6.34706	0
9.96705	-6.31147	-0.323687	9.96705	-6.31147	0
11.0154	-6.39773	-0.320603	11.0154	-6.39773	0
-11.7432	-6.38396	-0.308407	-11.7432	-6.38396	0
-10.6824	-6.39282	-0.347215	-10.6824	-6.39282	0
-9.62836	-6.3498	-0.322776	-9.62836	-6.3498	0
-8.62309	-6.42616	-0.326363	-8.62309	-6.42616	0
-7.64317	-6.42074	-0.326774	-7.64317	-6.42074	0
-6.61119	-6.40988	-0.305771	-6.61119	-6.40988	0
-5.57296	-6.38243	-0.289623	-5.57296	-6.38243	0
-4.55077	-6.42065	-0.318536	-4.55077	-6.42065	0
-3.52092	-6.41179	-0.348974	-3.52092	-6.41179	0
-2.46583	-6.39486	-0.324451	-2.46583	-6.39486	0
-1.44911	-6.33656	-0.317297	-1.44911	-6.33656	0
-0.316267	-5.29147	-0.298954	-0.316267	-5.29147	0
0.642409	-5.28284	-0.320083	0.642409	-5.28284	0
1.67836	-5.19185	-0.320516	1.67836	-5.19185	0
2.71301	-5.23747	-0.324685	2.71301	-5.23747	0
3.74662	-5.25041	-0.310599	3.74662	-5.25041	0
4.84661	-5.23217	-0.313207	4.84661	-5.23217	0
5.81869	-5.2568	-0.30884	5.81869	-5.2568	0
6.80931	-5.31807	-0.306111	6.80931	-5.31807	0
7.88619	-5.22036	-0.286056	7.88619	-5.22036	0
8.93097	-5.31614	-0.333413	8.93097	-5.31614	0
9.91286	-5.38014	-0.303347	9.91286	-5.38014	0
11.0206	-5.3193	-0.3477	11.0206	-5.3193	0
-11.7909	-5.3524	-0.34349	-11.7909	-5.3524	0
-10.6923	-5.33982	-0.31296	-10.6923	-5.33982	0
-9.69971	-5.31925	-0.34014	-9.69971	-5.31925	0
-8.60697	-5.34962	-0.327623	-8.60697	-5.34962	0
-7.6058	-5.36056	-0.327013	-7.6058	-5.36056	0
-6.52577	-5.3633	-0.328381	-6.52577	-5.3633	0
-5.5568	-5.39387	-0.325327	-5.5568	-5.39387	0
-4.5107	-5.38351	-0.305282	-4.5107	-5.38351	0
-3.49353	-5.36825	-0.337672	-3.49353	-5.36825	0
-2.42232	-5.36758	-0.335624	-2.42232	-5.36758	0
-1.36719	-5.27972	-0.31672	-1.36719	-5.27972	0
-0.38681	-4.23307	-0.312042	-0.38681	-4.23307	0
0.624545	-4.2079	-0.334271	0.624545	-4.2079	0
1.68892	-4.18151	-0.331997	1.68892	-4.18151	0
2.71935	-4.15464	-0.326187	2.71935	-4.15464	0
3.76705	-4.2324	-0.297719	3.76705	-4.2324	0
4.78407	-4.25593	-0.312846	4.78407	-4.25593	0
5.87839	-4.21461	-0.325598	5.87839	-4.21461	0
6.8886	-4.25525	-0.334066	6.8886	-4.25525	0
7.94627	-4.20066	-0.313681	7.94627	-4.20066	0
8.94593	-4.29346	-0.34349	8.94593	-4.29346	0
9.97948	-4.34173	-0.294915	9.97948	-4.34173	0
11.0292	-4.23392	-0.30466	11.0292	-4.23392	0
-11.7812	-4.3111	-0.315213	-11.7812	-4.3111	0
-10.6857	-4.28525	-0.336634	-10.6857	-4.28525	0
-9.7011	-4.28022	-0.310276	-9.7011	-4.28022	0
-8.64043	-4.31644	-0.326436	-8.64043	-4.31644	0
-7.6368	-4.34284	-0.338328	-7.6368	-4.34284	0
-6.62931	-4.27729	-0.339591	-6.62931	-4.27729	0
-5.55828	-4.3538	-0.326214	-5.55828	-4.3538	0
-4.51529	-4.37093	-0.324059	-4.51529	-4.37093	0
-3.43307	-4.33787	-0.291165	-3.43307	-4.33787	0
-2.45082	-4.3193	-0.304107	-2.45082	-4.3193	0
-1.41632	-4.27304	-0.315762	-1.41632	-4.27304	0
-0.369755	-3.21471	-0.319323	-0.369755	-3.21471	0
0.631544	-3.18465	-0.308441	0.631544	-3.18465	0
1.65955	-3.12917	-0.306961	1.65955	-3.12917	0
2.7118	-3.15045	-0.33055	2.7118	-3.15045	0
3.71372	-3.21581	-0.332428	3.71372	-3.21581	0
4.77131	-3.23262	-0.343151	4.77131	-3.23262	0
5.89909	-3.22132	-0.294987	5.89909	-3.22132	0
6.9352	-3.20879	-0.305833	6.9352	-3.20879	0
7.9432	-3.25712	-0.330348	7.9432	-3.25712	0
8.95092	-3.20153	-0.31088	8.95092	-3.20153	0
9.97678	-3.2268	-0.311983	9.97678	-3.2268	0
10.9964	-3.25617	-0.314621	10.9964	-3.25617	0
-11.7806	-3.21842	-0.333336	-11.7806	-3.21842	0
-10.7447	-3.28154	-0.296896	-10.7447	-3.28154	0
-9.71917	-3.25876	-0.303067	-9.71917	-3.25876	0
-8.63848	-3.31553	-0.342692	-8.63848	-3.31553	0
-7.65284	-3.23994	-0.31542	-7.65284	-3.23994	0
-6.63017	-3.29882	-0.264658	-6.63017	-3.29882	0
-5.54784	-3.32082	-0.319268	-5.54784	-3.32082	0
-4.45028	-3.30748	-0.338431	-4.45028	-3.30748	0
-3.45177	-3.35878	-0.297118	-3.45177	-3.35878	0
-2.48879	-3.23069	-0.318149	-2.48879	-3.23069	0
-1.44235	-3.21201	-0.313843	-1.44235	-3.21201	0
-0.402458	-2.14802	-0.332545	-0.402458	-2.14802	0
0.634417	-2.17396	-0.344465	0.634417	-2.17396	0
1.66095	-2.18523	-0.317582	1.66095	-2.18523	0
2.68595	-2.13789	-0.338351	2.68595	-2.13789	0
3.77071	-2.1961	-0.306857	3.77071	-2.1961	0
4.82747	-2.18358	-0.336895	4.82747	-2.18358	0
5.87919	-2.20939	-0.30637	5.87919	-2.20939	0
6.90749	-2.18798	-0.308154	6.90749	-2.18798	0
7.88071	-2.19236	-0.30955	7.88071	-2.19236	0
8.96068	-2.19313	-0.336615	8.96068	-2.19313	0
9.92954	-2.19729	-0.293739	9.92954	-2.19729	0
11.017	-2.24704	-0.307913	11.017	-2.24704	0
-11.7351	-2.20108	-0.323733	-11.7351	-2.20108	0
-10.7343	-2.23913	-0.295358	-10.7343	-2.23913	0
-9.7054	-2.20782	-0.344189	-9.7054	-2.20782	0
-8.66552	-2.24984	-0.321921	-8.66552	-2.24984	0
-7.6549	-2.23696	-0.305779	-7.6549	-2.23696	0
-6.55942	-2.21699	-0.322035	-6.55942	-2.21699	0
-5.56322	-2.29411	-0.292863	-5.56322	-2.29411	0
-4.52034	-2.21494	-0.330035	-4.52034	-2.21494	0
-3.53222	-2.30799	-0.350092	-3.53222	-2.30799	0
-2.45138	-2.18378	-0.342145	-2.45138	-2.18378	0
-1.44365	-2.22179	-0.325825	-1.44365	-2.22179	0
-0.399742	-1.12229	-0.326719	-0.399742	-1.12229	0
0.662496	-1.07555	-0.316361	0.662496	-1.07555	0
1.66812	-1.1672	-0.299319	1.66812	-1.1672	0
2.73682	-1.12596	-0.293173	2.73682	-1.12596	0
3.74029	-1.10715	-0.333305	3.74029	-1.10715	0
4.79968	-1.09274	-0.310292	4.79968	-1.09274	0
5.81744	-1.13486	-0.326882	5.81744	-1.13486	0
6.88711	-1.13342	-0.314147	6.88711	-1.13342	0
7.86713	-1.12644	-0.321763	7.86713	-1.12644	0
8.88309	-1.19421	-0.316327	8.88309	-1.19421	0
9.92226	-1.2066	-0.312583	9.92226	-1.2066	0
10.9724	-1.18761	-0.334756	10.9724	-1.18761	0
-11.7535	-1.22182	-0.307586	-11.7535	-1.22182	0
-10.6985	-1.19365	-0.317662	-10.6985	-1.19365	0
-9.68745	-1.14373	-0.316307	-9.68745	-1.14373	0
-8.62976	-1.21109	-0.331164	-8.62976	-1.21109	0
-7.65173	-1.24555	-0.308424	-7.65173	-1.24555	0
-6.61391	-1.19469	-0.311554	-6.61391	-1.19469	0
-5.565	-1.22358	-0.328587	-5.565	-1.22358	0
-4.5143	-1.21888	-0.331399	-4.5143	-1.21888	0
-3.49833	-1.25131	-0.284543	-3.49833	-1.25131	0
-2.49922	-1.19	-0.341703	-2.49922	-1.19	0
-1.42871	-1.15761	-0.325296	-1.42871	-1.15761	0
0.0979501	0.415834	0.30518	0.0979501	0.415834	0
1.20976	0.431019	0.3213	1.20976	0.431019	0
2.19721	0.379816	0.318399	2.19721	0.379816	0
3.19262	0.432335	0.335534	3.19262	0.432335	0
4.26178	0.460674	0.323573	4.26178	0.460674	0
5.24718	0.386832	0.324818	5.24718	0.386832	0
6.30843	0.401246	0.334314	6.30843	0.401246	0
7.32251	0.399344	0.305762	7.32251	0.399344	0
8.37117	0.36252	0.322586	8.37117	0.36252	0
9.45358	0.342955	0.329144	9.45358	0.342955	0
10.4793	0.301036	0.337127	10.4793	0.301036	0
11.5594	0.360629	0.313168	11.5594	0.360629	0
-11.2564	0.331884	0.323562	-11.2564	0.331884	0
-10.2213	0.324023	0.307203	-10.2213	0.324023	0
-9.1496	0.400442	0.335779	-9.1496	0.400442	0
-8.1368	0.357805	0.308456	-8.1368	0.357805	0
-7.10717	0.33833	0.334828	-7.10717	0.33833	0
-6.09844	0.288636	0.326447	-6.09844	0.288636	0
-4.9897	0.323305	0.302481	-4.9897	0.323305	0
-3.97316	0.350027	0.294285	-3.97316	0.350027	0
-2.95146	0.409083	0.32969	-2.95146	0.409083	0
-1.94646	0.367623	0.319298	-1.94646	0.367623	0
-0.925058	0.420362	0.317585	-0.925058	0.420362	0
0.132761	1.39975	0.332823	0.132761	1.39975	0
1.17367	1.42083	0.350583	1.17367	1.42083	0
2.192	1.42151	0.30224	2.192	1.42151	0
3.19167	1.46859	0.337049	3.19167	1.46859	0
4.2377	1.48062	0.334968	4.2377	1.48062	0
5.27783	1.45584	0.286377	5.27783	1.45584	0
6.32611	1.41372	0.296291	6.32611	1.41372	0
7.3256	1.36196	0.334568	7.3256	1.36196	0
8.43769	1.34914	0.318042	8.43769	1.34914	0
9.49069	1.37186	0.335622	9.49069	1.37186	0
10.4267	1.36448	0.334035	10.4267	1.36448	0
11.4884	1.37842	0.345276	11.4884	1.37842	0
-11.2664	1.41617	0.30369	-11.2664	1.41617	0
-10.2494	1.39687	0.321828	-10.2494	1.39687	0
-9.16774	1.42618	0.318249	-9.16774	1.42618	0
-8.18572	1.39634	0.30689	-8.18572	1.39634	0
-7.09573	1.39629	0.341126	-7.09573	1.39629	0
-6.07569	1.34304	0.314521	-6.07569	1.34304	0
-5.07222	1.3853	0.260695	-5.07222	1.3853	0
-3.95215	1.38728	0.335759	-3.95215	1.38728	0
-2.94246	1.45989	0.29925	-2.94246	1.45989	0
-1.93445	1.39877	0.304653	-1.93445	1.39877	0
-0.870972	1.39462	0.31105	-0.870972	1.39462	0
0.174272	2.42993	0.303855	0.174272	2.42993	0
1.15818	2.50323	0.328735	1.15818	2.50323	0
2.17529	2.48239	0.305184	2.17529	2.48239	0
3.24348	2.4724	0.326728	3.24348	2.4724	0
4.25772	2.49702	0.311973	4.25772	2.49702	0
5.29489	2.434	0.301495	5.29489	2.434	0
6.31137	2.42911	0.314019	6.31137	2.42911	0
7.37084	2.42962	0.339963	7.37084	2.42962	0
8.4219	2.37671	0.286744	8.4219	2.37671	0
9.40682	2.41613	0.294306	9.40682	2.41613	0
10.4445	2.38847	0.311933	10.4445	2.38847	0
11.4356	2.35685	0.316743	11.4356	2.35685	0
-11.266	2.37743	0.287327	-11.266	2.37743	0
-10.2725	2.407	0.322543	-10.2725	2.407	0
-9.1932	2.44256	0.313193	-9.1932	2.44256	0
-8.13419	2.4111	0.321796	-8.13419	2.4111	0
-7.12243	2.42547	0.31091	-7.12243	2.42547	0
-6.06326	2.46949	0.305843	-6.06326	2.46949	0
-5.02954	2.3881	0.324813	-5.02954	2.3881	0
-3.96285	2.40426	0.323675	-3.96285	2.40426	0
-2.90022	2.46218	0.308068	-2.90022	2.46218	0
-1.90904	2.48977	0.329384	-1.90904	2.48977	0
-0.841528	2.49883	0.314258	-0.841528	2.49883	0
0.0788442	3.48627	0.27821	0.0788442	3.48627	0
1.1728	3.55365	0.309288	1.1728	3.55365	0
2.23453	3.53325	0.306479	2.23453	3.53325	0
3.26079	3.47608	0.352969	3.26079	3.47608	0
4.31559	3.54567	0.331619	4.31559	3.54567	0
5.3221	3.52161	0.324661	5.3221	3.52161	0
6.37158	3.50073	0.322718	6.37158	3.50073	0
7.38417	3.49326	0.313076	7.38417	3.49326	0
8.38042	3.38727	0.319062	8.38042	3.38727	0
9.47685	3.39983	0.296337	9.47685	3.39983	0
10.4851	3.37068	0.323021	10.4851	3.37068	0
11.492	3.37514	0.314247	11.492	3.37514	0
-11.2728	3.44385	0.327555	-11.2728	3.44385	0
-10.2819	3.46447	0.304818	-10.2819	3.46447	0
-9.20485	3.4289	0.295021	-9.20485	3.4289	0
-8.15689	3.4773	0.322694	-8.15689	3.4773	0
-7.10408	3.49203	0.30129	-7.10408	3.49203	0
-6.08385	3.47601	0.289697	-6.08385	3.47601	0
-5.02646	3.43861	0.33621	-5.02646	3.43861	0
-3.94197	3.40214	0.330086	-3.94197	3.40214	0
-2.88529	3.46078	0.293151	-2.88529	3.46078	0
-1.92084	3.53114	0.324423	-1.92084	3.53114	0
-0.883605	3.53087	0.304264	-0.883605	3.53087	0
0.114084	4.51192	0.327618	0.114084	4.51192	0
1.12498	4.53628	0.334412	1.12498	4.53628	0
2.13636	4.54434	0.324683	2.13636	4.54434	0
3.16998	4.54726	0.330358	3.16998	4.54726	0
4.22821	4.59121	0.337267	4.22821	4.59121	0
5.303	4.52126	0.326952	5.303	4.52126	0
6.37203	4.50893	0.325895	6.37203	4.50893	0
7.40126	4.53494	0.312287	7.40126	4.53494	0
8.42248	4.42313	0.346236	8.42248	4.42313	0
9.48176	4.41963	0.296932	9.48176	4.41963	0
10.4915	4.47562	0.289353	10.4915	4.47562	0
11.4687	4.46986	0.312598	11.4687	4.46986	0
-11.2915	4.48513	0.323606	-11.2915	4.48513	0
-10.2522	4.49953	0.321572	-10.2522	4.49953	0
-9.21905	4.47987	0.284983	-9.21905	4.47987	0
-8.15509	4.52656	0.326772	-8.15509	4.52656	0
-7.08637	4.46063	0.359429	-7.08637	4.46063	0
-6.05793	4.4662	0.286462	-6.05793	4.4662	0
-4.99399	4.49961	0.317546	-4.99399	4.49961	0
-4.03014	4.44826	0.290099	-4.03014	4.44826	0
-2.9454	4.48174	0.307473	-2.9454	4.48174	0
-1.9023	4.5043	0.303086	-1.9023	4.5043	0
-0.912497	4.55037	0.325351	-0.912497	4.55037	0
0.0964143	5.60575	0.335782	0.0964143	5.60575	0
1.12524	5.58333	0.306859	1.12524	5.58333	0
2.19146	5.62515	0.317174	2.19146	5.62515	0
3.20714	5.54142	0.298012	3.20714	5.54142	0
4.25768	5.59589	0.342522	4.25768	5.59589	0
5.33808	5.59572	0.313735	5.33808	5.59572	0
6.34107	5.59368	0.299556	6.34107	5.59368	0
7.34504	5.51366	0.316384	7.34504	5.51366	0
8.37508	5.50084	0.339367	8.37508	5.50084	0
9.38408	5.51437	0.322196	9.38408	5.51437	0
10.4374	5.52583	0.310202	10.4374	5.52583	0
11.4677	5.55269	0.302109	11.4677	5.55269	0
-11.2375	5.48601	0.337535	-11.2375	5.48601	0
-10.2163	5.54571	0.319638	-10.2163	5.54571	0
-9.18206	5.49464	0.322985	-9.18206	5.49464	0
-8.13583	5.52289	0.318666	-8.13583	5.52289	0
-7.09182	5.51679	0.333793	-7.09182	5.51679	0
-6.05508	5.47252	0.301887	-6.05508	5.47252	0
-5.03735	5.49744	0.33048	-5.03735	5.49744	0
-4.00785	5.49435	0.330755	-4.00785	5.49435	0
-2.98109	5.49212	0.331923	-2.98109	5.49212	0
-1.94024	5.55284	0.331563	-1.94024	5.55284	0
-0.927667	5.60256	0.322752	-0.927667	5.60256	0
0.140304	6.58184	0.323446	0.140304	6.58184	0
1.19381	6.55767	0.315557	1.19381	6.55767	0
2.23561	6.62437	0.313864	2.23561	6.62437	0
3.27289	6.63749	0.305984	3.27289	6.63749	0
4.33219	6.66252	0.294401	4.33219	6.66252	0
5.33342	6.63522	0.296879	5.33342	6.63522	0
6.37694	6.60497	0.310134	6.37694	6.60497	0
7.39951	6.53963	0.316418	7.39951	6.53963	0
8.40524	6.52701	0.325734	8.40524	6.52701	0
9.41547	6.51339	0.305337	9.41547	6.51339	0
10.4392	6.57534	0.31673	10.4392	6.57534	0
11.4366	6.55611	0.317721	11.4366	6.55611	0
-11.3126	6.51247	0.317317	-11.3126	6.51247	0
-10.2462	6.48148	0.335878	-10.2462	6.48148	0
-9.21564	6.52934	0.313157	-9.21564	6.52934	0
-8.09557	6.54645	0.299698	-8.09557	6.54645	0
-7.06694	6.47953	0.307055	-7.06694	6.47953	0
-6.06214	6.55231	0.318159	-6.06214	6.55231	0
-5.07907	6.52149	0.309899	-5.07907	6.52149	0
-4.03908	6.54478	0.305972	-4.03908	6.54478	0
-3.02138	6.51991	0.321567	-3.02138	6.51991	0
-2.00644	6.59741	0.331898	-2.00644	6.59741	0
-0.930724	6.63086	0.303326	-0.930724	6.63086	0
0.142029	7.63514	0.305933	0.142029	7.63514	0
1.17641	7.5911	0.328621	1.17641	7.5911	0
2.3012	7.6033	0.307001	2.3012	7.6033	0
3.29229	7.59608	0.323794	3.29229	7.59608	0
4.3275	7.62686	0.315517	4.3275	7.62686	0
5.34516	7.6871	0.307102	5.34516	7.6871	0
6.38341	7.65826	0.329665	6.38341	7.65826	0
7.40366	7.58364	0.313559	7.40366	7.58364	0
8.38469	7.59684	0.328443	8.38469	7.59684	0
9.3947	7.53651	0.297077	9.3947	7.53651	0
10.4353	7.57112	0.325334	10.4353	7.57112	0
11.4661	7.5971	0.315204	11.4661	7.5971	0
-11.271	7.52661	0.315552	-11.271	7.52661	0
-10.2139	7.51791	0.329279	-10.2139	7.51791	0
-9.18211	7.549	0.335481	-9.18211	7.549	0
-8.13499	7.57151	0.305102	-8.13499	7.57151	0
-7.0864	7.56192	0.320813	-7.0864	7.56192	0
-6.05431	7.59615	0.350094	-6.05431	7.59615	0
-5.04531	7.59736	0.30373	-5.04531	7.59736	0
-4.02039	7.5724	0.324369	-4.02039	7.5724	0
-2.9677	7.58385	0.317179	-2.9677	7.58385	0
-1.94999	7.61465	0.307962	-1.94999	7.61465	0
-0.924628	7.64025	0.294653	-0.924628	7.64025	0
0.206975	8.67086	0.325531	0.206975	8.67086	0
1.17757	8.6664	0.321524	1.17757	8.6664	0
2.21299	8.62503	0.329692	2.21299	8.62503	0
3.21581	8.60556	0.303539	3.21581	8.60556	0
4.2101	8.64098	0.302388	4.2101	8.64098	0
5.28668	8.67273	0.323002	5.28668	8.67273	0
6.34019	8.63906	0.332548	6.34019	8.63906	0
7.38233	8.65137	0.32763	7.38233	8.65137	0
8.36507	8.70191	0.319637	8.36507	8.70191	0
9.41286	8.61873	0.289781	9.41286	8.61873	0
10.4264	8.5737	0.323844	10.4264	8.5737	0
11.4829	8.59707	0.297933	11.4829	8.59707	0
-11.2144	8.59352	0.327854	-11.2144	8.59352	0
-10.2182	8.60749	0.331127	-10.2182	8.60749	0
-9.21237	8.61281	0.332423	-9.21237	8.61281	0
-8.15031	8.62528	0.349664	-8.15031	8.62528	0
-7.10695	8.57523	0.314445	-7.10695	8.57523	0
-6.0552	8.60989	0.350054	-6.0552	8.60989	0
-5.01948	8.60818	0.322411	-5.01948	8.60818	0
-3.99631	8.56953	0.326763	-3.99631	8.56953	0
-2.93632	8.62341	0.354624	-2.93632	8.62341	0
-1.89376	8.63107	0.318292	-1.89376	8.63107	0
-0.856122	8.62173	0.341654	-0.856122	8.62173	0
0.158804	9.75658	0.302394	0.158804	9.75658	0
1.21828	9.73264	0.343418	1.21828	9.73264	0
2.24543	9.70673	0.333819	2.24543	9.70673	0
3.23584	9.67648	0.311308	3.23584	9.67648	0
4.25071	9.733	0.295348	4.25071	9.733	0
5.28974	9.68394	0.326332	5.28974	9.68394	0
6.37543	9.68085	0.326199	6.37543	9.68085	0
7.36383	9.71956	0.309501	7.36383	9.71956	0
8.39748	9.69313	0.310354	8.39748	9.69313	0
9.41479	9.62909	0.315473	9.41479	9.62909	0
10.4447	9.64645	0.320718	10.4447	9.64645	0
11.461	9.63886	0.272627	11.461	9.63886	0
-11.2405	9.63065	0.319513	-11.2405	9.63065	0
-10.2204	9.64236	0.302975	-10.2204	9.64236	0
-9.19898	9.58913	0.27584	-9.19898	9.58913	0
-8.17572	9.65712	0.291374	-8.17572	9.65712	0
-7.0847	9.65093	0.327207	-7.0847	9.65093	0
-6.03686	9.6774	0.322329	-6.03686	9.6774	0
-4.98896	9.63759	0.31893	-4.98896	9.63759	0
-3.92739	9.59895	0.298467	-3.92739	9.59895	0
-2.87009	9.65867	0.322095	-2.87009	9.65867	0
-1.8567	9.67712	0.298449	-1.8567	9.67712	0
-0.872404	9.66428	0.307795	-0.872404	9.66428	0
0.185859	10.7401	0.299096	0.185859	10.7401	0
1.29211	10.7569	0.325629	1.29211	10.7569	0
2.26681	10.82	0.326585	2.26681	10.82	0
3.26949	10.7416	0.31478	3.26949	10.7416	0
4.2501	10.7336	0.327787	4.2501	10.7336	0
5.30722	10.732	0.318418	5.30722	10.732	0
6.3302	10.7433	0.319778	6.3302	10.7433	0
7.36459	10.7571	0.301858	7.36459	10.7571	0
8.4564	10.7188	0.319765	8.4564	10.7188	0
9.44377	10.7479	0.304513	9.44377	10.7479	0
10.4773	10.7171	0.320404	10.4773	10.7171	0
11.5157	10.6771	0.321639	11.5157	10.6771	0
-11.232	10.6707	0.315078	-11.232	10.6707	0
-10.1873	10.6859	0.306075	-10.1873	10.6859	0
-9.20194	10.6986	0.342944	-9.20194	10.6986	0
-8.17977	10.7038	0.326941	-8.17977	10.7038	0
-7.09484	10.6689	0.329787	-7.09484	10.6689	0
-6.11427	10.6486	0.326845	-6.11427	10.6486	0
-5.01908	10.6609	0.331845	-5.01908	10.6609	0
-3.99996	10.651	0.301541	-3.99996	10.651	0
-2.94616	10.7291	0.319145	-2.94616	10.7291	0
-1.89671	10.6917	0.282565	-1.89671	10.6917	0
-0.88356	10.7445	0.31141	-0.88356	10.7445	0
0.236883	11.8038	0.324166	0.236883	11.8038	0
1.24989	11.8402	0.293736	1.24989	11.8402	0
2.26677	11.8373	0.302069	2.26677	11.8373	0
3.2987	11.8209	0.31704	3.2987	11.8209	0
4.33476	11.7483	0.328598	4.33476	11.7483	0
5.32387	11.7201	0.333063	5.32387	11.7201	0
6.31401	11.7998	0.327492	6.31401	11.7998	0
7.38213	11.7692	0.284662	7.38213	11.7692	0
8.39284	11.8178	0.310986	8.39284	11.8178	0
9.469	11.7563	0.325057	9.469	11.7563	0
10.487	11.7946	0.303926	10.487	11.7946	0
11.524	11.736	0.307091	11.524	11.736	0
-11.2505	11.7313	0.286868	-11.2505	11.7313	0
-10.2198	11.716	0.306418	-10.2198	11.716	0
-9.19035	11.7496	0.313629	-9.19035	11.7496	0
-8.13426	11.7536	0.302968	-8.13426	11.7536	0
-7.09734	11.6401	0.334907	-7.09734	11.6401	0
-6.05548	11.6348	0.291649	-6.05548	11.6348	0
-4.9942	11.6365	0.297033	-4.9942	11.6365	0
-3.98167	11.6892	0.300606	-3.98167	11.6892	0
-2.95681	11.7352	0.341635	-2.95681	11.7352	0
-1.88921	11.7424	0.327213	-1.88921	11.7424	0
-0.823753	11.767	0.345237	-0.823753	11.767	0
0.147727	-10.9243	0.275095	0.147727	-10.9243	0
1.16412	-10.9152	0.318622	1.16412	-10.9152	0
2.25474	-10.9399	0.329326	2.25474	-10.9399	0
3.20818	-11.0038	0.33473	3.20818	-11.0038	0
4.27869	-10.9905	0.313876	4.27869	-10.9905	0
5.30983	-11.023	0.310347	5.30983	-11.023	0
6.2931	-11.007	0.345639	6.2931	-11.007	0
7.3247	-10.9593	0.284517	7.3247	-10.9593	0
8.4128	-10.9454	0.324418	8.4128	-10.9454	0
9.42644	-11.0008	0.318939	9.42644	-11.0008	0
10.4463	-10.9631	0.32709	10.4463	-10.9631	0
11.4598	-11.0181	0.288672	11.4598	-11.0181	0
-11.2154	-11.0378	0.306027	-11.2154	-11.0378	0
-10.1287	-11.0436	0.321823	-10.1287	-11.0436	0
-9.08529	-11.0588	0.298138	-9.08529	-11.0588	0
-8.14293	-11.0503	0.290541	-8.14293	-11.0503	0
-7.08047	-11.1415	0.326718	-7.08047	-11.1415	0
-6.0697	-11.1478	0.32308	-6.0697	-11.1478	0
-5.05869	-11.1297	0.317718	-5.05869	-11.1297	0
-3.96033	-10.999	0.304766	-3.96033	-10.999	0
-2.93975	-10.9776	0.310888	-2.93975	-10.9776	0
-1.8978	-11.0423	0.341438	-1.8978	-11.0423	0
-0.906861	-11.029	0.328129	-0.906861	-11.029	0
0.119336	-9.94897	0.324407	0.119336	-9.94897	0
1.21774	-9.90945	0.319245	1.21774	-9.90945	0
2.22512	-9.86142	0.289894	2.22512	-9.86142	0
3.29025	-9.90471	0.322002	3.29025	-9.90471	0
4.33109	-9.95599	0.316814	4.33109	-9.95599	0
5.29208	-9.94959	0.323888	5.29208	-9.94959	0
6.37371	-9.97725	0.314937	6.37371	-9.97725	0
7.3833	-10.0164	0.316926	7.3833	-10.0164	0
8.40058	-9.94887	0.330895	8.40058	-9.94887	0
9.46066	-9.91456	0.336839	9.46066	-9.91456	0
10.4883	-9.92672	0.329299	10.4883	-9.92672	0
11.5263	-10.0172	0.306314	11.5263	-10.0172	0
-11.1854	-9.97437	0.336981	-11.1854	-9.97437	0
-10.2158	-9.97737	0.30113	-10.2158	-9.97737	0
-9.10459	-10.014	0.336172	-9.10459	-10.014	0
-8.0449	-10.0415	0.332789	-8.0449	-10.0415	0
-7.07086	-10.1125	0.315891	-7.07086	-10.1125	0
-6.07208	-10.0703	0.30951	-6.07208	-10.0703	0
-5.02196	-10.0999	0.347863	-5.02196	-10.0999	0
-3.89946	-10.0369	0.325507	-3.89946	-10.0369	0
-2.94759	-9.97114	0.311151	-2.94759	-9.97114	0
-1.88378	-9.97587	0.316197	-1.88378	-9.97587	0
-0.946059	-9.96203	0.314124	-0.946059	-9.96203	0
0.133444	-8.87656	0.324616	0.133444	-8.87656	0
1.14514	-8.91875	0.298987	1.14514	-8.91875	0
2.20546	-8.85449	0.33811	2.20546	-8.85449	0
3.25362	-8.8779	0.328197	3.25362	-8.8779	0
4.31669	-8.84794	0.312944	4.31669	-8.84794	0
5.28639	-8.93311	0.327098	5.28639	-8.93311	0
6.34054	-8.98441	0.31819	6.34054	-8.98441	0
7.35974	-8.96286	0.316557	7.35974	-8.96286	0
8.40548	-8.89581	0.293428	8.40548	-8.89581	0
9.41664	-8.89054	0.304307	9.41664	-8.89054	0
10.4278	-8.90082	0.324569	10.4278	-8.90082	0
11.4966	-8.97506	0.334959	11.4966	-8.97506	0
-11.2408	-8.96278	0.315092	-11.2408	-8.96278	0
-10.1623	-8.9831	0.305405	-10.1623	-8.9831	0
-9.18808	-8.99345	0.297483	-9.18808	-8.99345	0
-8.16211	-8.98047	0.307002	-8.16211	-8.98047	0
-7.09849	-9.03653	0.316394	-7.09849	-9.03653	0
-6.03423	-9.07757	0.325747	-6.03423	-9.07757	0
-4.95729	-9.06802	0.287371	-4.95729	-9.06802	0
-3.97099	-8.98585	0.321864	-3.97099	-8.98585	0
-2.94104	-8.92427	0.317102	-2.94104	-8.92427	0
-1.84983	-8.96784	0.326754	-1.84983	-8.96784	0
-0.898235	-8.90866	0.31866	-0.898235	-8.90866	0
0.235761	-7.89792	0.345708	0.235761	-7.89792	0
1.19629	-7.86315	0.314034	1.19629	-7.86315	0
2.1829	-7.84554	0.319726	2.1829	-7.84554	0
3.25567	-7.83621	0.2943	3.25567	-7.83621	0
4.24623	-7.84002	0.321525	4.24623	-7.84002	0
5.3188	-7.87335	0.322593	5.3188	-7.87335	0
6.31395	-7.95349	0.312695	6.31395	-7.95349	0
7.39052	-7.86246	0.327336	7.39052	-7.86246	0
8.38768	-7.82176	0.341926	8.38768	-7.82176	0
9.35793	-7.82655	0.318995	9.35793	-7.82655	0
10.4396	-7.89167	0.324066	10.4396	-7.89167	0
11.4753	-7.92636	0.279787	11.4753	-7.92636	0
-11.2511	-7.9708	0.301345	-11.2511	-7.9708	0
-10.1973	-7.96473	0.317851	-10.1973	-7.96473	0
-9.18215	-7.91398	0.315381	-9.18215	-7.91398	0
-8.13165	-7.95653	0.327243	-8.13165	-7.95653	0
-7.02905	-8.05375	0.308544	-7.02905	-8.05375	0
-6.01943	-7.96464	0.306392	-6.01943	-7.96464	0
-4.99989	-8.0004	0.312533	-4.99989	-8.0004	0
-3.97715	-7.96389	0.298518	-3.97715	-7.96389	0
-2.96785	-7.92903	0.314913	-2.96785	-7.92903	0
-1.89258	-7.9095	0.311535	-1.89258	-7.9095	0
-0.861467	-7.87071	0.346987	-0.861467	-7.87071	0
0.121004	-6.82019	0.319507	0.121004	-6.82019	0
1.20368	-6.78863	0.333764	1.20368	-6.78863	0
2.22805	-6.76473	0.318368	2.22805	-6.76473	0
3.24721	-6.77184	0.329754	3.24721	-6.77184	0
4.27534	-6.79482	0.321618	4.27534	-6.79482	0
5.26657	-6.87275	0.321444	5.26657	-6.87275	0
6.2935	-6.91594	0.314889	6.2935	-6.91594	0
7.36292	-6.82401	0.31575	7.36292	-6.82401	0
8.40836	-6.85831	0.290223	8.40836	-6.85831	0
9.4645	-6.83593	0.314015	9.4645	-6.83593	0
10.5107	-6.87724	0.32219	10.5107	-6.87724	0
11.5634	-6.87922	0.304785	11.5634	-6.87922	0
-11.0787	-6.92954	0.34242	-11.0787	-6.92954	0
-10.1075	-6.89941	0.314044	-10.1075	-6.89941	0
-9.12365	-6.93626	0.27038	-9.12365	-6.93626	0
-8.15068	-6.97235	0.323956	-8.15068	-6.97235	0
-7.11916	-6.93135	0.308043	-7.11916	-6.93135	0
-6.0313	-6.94889	0.306286	-6.0313	-6.94889	0
-5.02727	-6.92278	0.322763	-5.02727	-6.92278	0
-4.02679	-6.95528	0.312842	-4.02679	-6.95528	0
-2.99603	-6.92105	0.327015	-2.99603	-6.92105	0
-1.99031	-6.91606	0.344105	-1.99031	-6.91606	0
-0.859111	-6.85545	0.321497	-0.859111	-6.85545	0
0.157885	-5.80962	0.320384	0.157885	-5.80962	0
1.19265	-5.73819	0.315776	1.19265	-5.73819	0
2.22463	-5.72608	0.313237	2.22463	-5.72608	0
3.25347	-5.74719	0.32047	3.25347	-5.74719	0
4.29158	-5.74865	0.347161	4.29158	-5.74865	0
5.25375	-5.81378	0.301041	5.25375	-5.81378	0
6.29231	-5.83191	0.318936	6.29231	-5.83191	0
7.34302	-5.78303	0.303372	7.34302	-5.78303	0
8.37212	-5.7878	0.342644	8.37212	-5.7878	0
9.4503	-5.81696	0.332619	9.4503	-5.81696	0
10.5218	-5.82465	0.292225	10.5218	-5.82465	0
11.5282	-5.85981	0.319561	11.5282	-5.85981	0
-11.1832	-5.86209	0.303473	-11.1832	-5.86209	0
-10.1943	-5.90806	0.308175	-10.1943	-5.90806	0
-9.12912	-5.83876	0.299038	-9.12912	-5.83876	0
-8.12389	-5.94441	0.31812	-8.12389	-5.94441	0
-7.07582	-5.90772	0.331344	-7.07582	-5.90772	0
-6.06829	-5.86844	0.324708	-6.06829	-5.86844	0
-5.02075	-5.86794	0.287452	-5.02075	-5.86794	0
-4.03153	-5.93609	0.301612	-4.03153	-5.93609	0
-2.98388	-5.86224	0.269711	-2.98388	-5.86224	0
-1.91521	-5.8269	0.337271	-1.91521	-5.8269	0
-0.912014	-5.8474	0.303138	-0.912014	-5.8474	0
0.169235	-4.72302	0.329592	0.169235	-4.72302	0
1.1725	-4.71156	0.311645	1.1725	-4.71156	0
2.21577	-4.7242	0.351509	2.21577	-4.7242	0
3.20926	-4.72781	0.321387	3.20926	-4.72781	0
4.29415	-4.76415	0.343818	4.29415	-4.76415	0
5.33131	-4.71689	0.297638	5.33131	-4.71689	0
6.40656	-4.74585	0.295523	6.40656	-4.74585	0
7.39728	-4.74112	0.314111	7.39728	-4.74112	0
8.41516	-4.74471	0.342358	8.41516	-4.74471	0
9.41317	-4.81755	0.305459	9.41317	-4.81755	0
10.5043	-4.83928	0.298949	10.5043	-4.83928	0
11.5506	-4.82145	0.300607	11.5506	-4.82145	0
-11.2398	-4.7919	0.307162	-11.2398	-4.7919	0
-10.2433	-4.85678	0.329818	-10.2433	-4.85678	0
-9.15648	-4.86082	0.329458	-9.15648	-4.86082	0
-8.17136	-4.83822	0.297471	-8.17136	-4.83822	0
-7.1061	-4.89314	0.312668	-7.1061	-4.89314	0
-6.08677	-4.85917	0.322874	-6.08677	-4.85917	0
-5.065	-4.83117	0.322206	-5.065	-4.83117	0
-3.9916	-4.84425	0.306513	-3.9916	-4.84425	0
-2.95419	-4.87504	0.298422	-2.95419	-4.87504	0
-1.9241	-4.82408	0.307399	-1.9241	-4.82408	0
-0.875278	-4.76137	0.308884	-0.875278	-4.76137	0
0.107996	-3.72514	0.309954	0.107996	-3.72514	0
1.16404	-3.68646	0.302177	1.16404	-3.68646	0
2.18206	-3.6977	0.331244	2.18206	-3.6977	0
3.20051	-3.65612	0.321772	3.20051	-3.65612	0
4.29482	-3.7369	0.332742	4.29482	-3.7369	0
5.32852	-3.67519	0.329136	5.32852	-3.67519	0
6.42384	-3.73672	0.302676	6.42384	-3.73672	0
7.42457	-3.75779	0.325959	7.42457	-3.75779	0
8.49761	-3.72245	0.302013	8.49761	-3.72245	0
9.4836	-3.74843	0.321894	9.4836	-3.74843	0
10.4667	-3.77086	0.329013	10.4667	-3.77086	0
11.51	-3.7383	0.314133	11.51	-3.7383	0
-11.3143	-3.77603	0.300231	-11.3143	-3.77603	0
-10.2104	-3.77679	0.328531	-10.2104	-3.77679	0
-9.20762	-3.79343	0.316228	-9.20762	-3.79343	0
-8.1477	-3.78971	0.310079	-8.1477	-3.78971	0
-7.15486	-3.80873	0.294795	-7.15486	-3.80873	0
-6.03369	-3.81726	0.314047	-6.03369	-3.81726	0
-4.9906	-3.77268	0.274263	-4.9906	-3.77268	0
-3.98146	-3.85094	0.305142	-3.98146	-3.85094	0
-2.95258	-3.80705	0.329888	-2.95258	-3.80705	0
-1.96045	-3.76044	0.309501	-1.96045	-3.76044	0
-0.881126	-3.70815	0.304192	-0.881126	-3.70815	0
0.0977083	-2.65615	0.296489	0.0977083	-2.65615	0
1.11706	-2.65826	0.331303	1.11706	-2.65826	0
2.19363	-2.66387	0.326105	2.19363	-2.66387	0
3.22038	-2.63541	0.322058	3.22038	-2.63541	0
4.2604	-2.71855	0.300204	4.2604	-2.71855	0
5.27668	-2.70457	0.302463	5.27668	-2.70457	0
6.39884	-2.70764	0.31051	6.39884	-2.70764	0
7.46565	-2.72691	0.314339	7.46565	-2.72691	0
8.4276	-2.69999	0.321332	8.4276	-2.69999	0
9.42829	-2.66726	0.329615	9.42829	-2.66726	0
10.4982	-2.7626	0.332798	10.4982	-2.7626	0
11.5033	-2.71419	0.316704	11.5033	-2.71419	0
-11.2978	-2.73558	0.308327	-11.2978	-2.73558	0
-10.2642	-2.73762	0.318912	-10.2642	-2.73762	0
-9.22282	-2.78023	0.318994	-9.22282	-2.78023	0
-8.213	-2.77311	0.306567	-8.213	-2.77311	0
-7.14519	-2.71539	0.324588	-7.14519	-2.71539	0
-6.06861	-2.80682	0.30826	-6.06861	-2.80682	0
-5.04872	-2.78651	0.289186	-5.04872	-2.78651	0
-4.02781	-2.82846	0.325706	-4.02781	-2.82846	0
-3.00604	-2.74752	0.339794	-3.00604	-2.74752	0
-1.93495	-2.71344	0.341017	-1.93495	-2.71344	0
-0.922979	-2.65549	0.32396	-0.922979	-2.65549	0
0.159611	-1.66732	0.299408	0.159611	-1.66732	0
1.16125	-1.6635	0.318962	1.16125	-1.6635	0
2.16753	-1.66308	0.312899	2.16753	-1.66308	0
3.26008	-1.6777	0.288957	3.26008	-1.6777	0
4.29509	-1.65568	0.28697	4.29509	-1.65568	0
5.31626	-1.69611	0.293609	5.31626	-1.69611	0
6.29719	-1.70234	0.318804	6.29719	-1.70234	0
7.37317	-1.66869	0.335008	7.37317	-1.66869	0
8.4321	-1.73424	0.320141	8.4321	-1.73424	0
9.45245	-1.63697	0.337575	9.45245	-1.63697	0
10.4914	-1.70903	0.312777	10.4914	-1.70903	0
11.465	-1.68046	0.321368	11.465	-1.68046	0
-11.2786	-1.6992	0.317942	-11.2786	-1.6992	0
-10.1762	-1.71898	0.321677	-10.1762	-1.71898	0
-9.13479	-1.72488	0.298433	-9.13479	-1.72488	0
-8.15367	-1.70163	0.361412	-8.15367	-1.70163	0
-7.07804	-1.68267	0.325137	-7.07804	-1.68267	0
-6.05564	-1.71352	0.304499	-6.05564	-1.71352	0
-4.99974	-1.74404	0.300921	-4.99974	-1.74404	0
-3.98955	-1.79783	0.311921	-3.98955	-1.79783	0
-2.96545	-1.74703	0.323748	-2.96545	-1.74703	0
-1.96361	-1.68189	0.31481	-1.96361	-1.68189	0
-0.945575	-1.60692	0.298795	-0.945575	-1.60692	0
0.125804	-0.625527	0.316067	0.125804	-0.625527	0
1.17899	-0.587947	0.309728	1.17899	-0.587947	0
2.21391	-0.624705	0.322046	2.21391	-0.624705	0
3.25333	-0.614274	0.319783	3.25333	-0.614274	0
4.25138	-0.582189	0.318165	4.25138	-0.582189	0
5.3076	-0.636798	0.320884	5.3076	-0.636798	0
6.35491	-0.614378	0.329356	6.35491	-0.614378	0
7.37724	-0.58824	0.326568	7.37724	-0.58824	0
8.39732	-0.646843	0.325727	8.39732	-0.646843	0
9.42104	-0.609377	0.274852	9.42104	-0.609377	0
10.4676	-0.722109	0.295618	10.4676	-0.722109	0
11.446	-0.671316	0.348798	11.446	-0.671316	0
-11.1884	-0.682663	0.332537	-11.1884	-0.682663	0
-10.1613	-0.640247	0.326642	-10.1613	-0.640247	0
-9.13984	-0.678983	0.332393	-9.13984	-0.678983	0
-8.16924	-0.714611	0.330339	-8.16924	-0.714611	0
-7.17198	-0.655219	0.321943	-7.17198	-0.655219	0
-6.08214	-0.748748	0.299743	-6.08214	-0.748748	0
-5.05939	-0.755544	0.325251	-5.05939	-0.755544	0
-4.10383	-0.687724	0.311035	-4.10383	-0.687724	0
-3.02706	-0.63773	0.306495	-3.02706	-0.63773	0
-2.00116	-0.662836	0.307806	-2.00116	-0.662836	0
-0.953507	-0.61365	0.333174	-0.953507	-0.61365	0
