-0.385702	-0.288857	-0.343902	-0.385702	-0.288857	0
0.619385	-0.22259	-0.310323	0.619385	-0.22259	0
1.59219	-0.314678	-0.313827	1.59219	-0.314678	0
2.63344	-0.349232	-0.327034	2.63344	-0.349232	0
3.65201	-0.357783	-0.314678	3.65201	-0.357783	0
4.66676	-0.346467	-0.313421	4.66676	-0.346467	0
5.71859	-0.382463	-0.333945	5.71859	-0.382463	0
6.73402	-0.303862	-0.320929	6.73402	-0.303862	0
7.70854	-0.256425	-0.331588	7.70854	-0.256425	0
8.86574	-0.346754	-0.304918	8.86574	-0.346754	0
9.91673	-0.328009	-0.313031	9.91673	-0.328009	0
10.9636	-0.340119	-0.325217	10.9636	-0.340119	0
-11.8715	-0.340729	-0.318457	-11.8715	-0.340729	0
-10.838	-0.331025	-0.336463	-10.838	-0.331025	0
-9.79392	-0.324972	-0.322338	-9.79392	-0.324972	0
-8.74305	-0.313032	-0.326149	-8.74305	-0.313032	0
-7.68363	-0.336065	-0.329717	-7.68363	-0.336065	0
-6.64589	-0.281699	-0.328202	-6.64589	-0.281699	0
-5.53323	-0.327262	-0.327084	-5.53323	-0.327262	0
-4.48544	-0.314957	-0.356782	-4.48544	-0.314957	0
-3.53654	-0.345099	-0.309761	-3.53654	-0.345099	0
-2.51449	-0.346263	-0.308939	-2.51449	-0.346263	0
-1.52531	-0.316606	-0.325325	-1.52531	-0.316606	0
-0.440838	0.784422	-0.32891	-0.440838	0.784422	0
0.597839	0.744003	-0.306882	0.597839	0.744003	0
1.58736	0.737849	-0.29973	1.58736	0.737849	0
2.57565	0.700106	-0.333473	2.57565	0.700106	0
3.63781	0.706694	-0.304014	3.63781	0.706694	0
4.699	0.72097	-0.317301	4.699	0.72097	0
5.73075	0.708979	-0.291082	5.73075	0.708979	0
6.75301	0.757694	-0.319767	6.75301	0.757694	0
7.83085	0.748482	-0.311905	7.83085	0.748482	0
8.86093	0.707774	-0.311033	8.86093	0.707774	0
9.89523	0.765236	-0.309568	9.89523	0.765236	0
10.917	0.718727	-0.335013	10.917	0.718727	0
-11.8303	0.701453	-0.322957	-11.8303	0.701453	0
-10.8319	0.701144	-0.318435	-10.8319	0.701144	0
-9.81153	0.777901	-0.317261	-9.81153	0.777901	0
-8.79168	0.696556	-0.305407	-8.79168	0.696556	0
-7.74796	0.68507	-0.313016	-7.74796	0.68507	0
-6.6751	0.716879	-0.313204	-6.6751	0.716879	0
-5.60125	0.664981	-0.298451	-5.60125	0.664981	0
-4.54307	0.744342	-0.328043	-4.54307	0.744342	0
-3.51828	0.659859	-0.351419	-3.51828	0.659859	0
-2.49717	0.716566	-0.32005	-2.49717	0.716566	0
-1.48743	0.754518	-0.289405	-1.48743	0.754518	0
-0.445059	1.79694	-0.333972	-0.445059	1.79694	0
0.581793	1.79299	-0.328815	0.581793	1.79299	0
1.56801	1.78589	-0.321901	1.56801	1.78589	0
2.61195	1.71471	-0.312843	2.61195	1.71471	0
3.64618	1.76923	-0.336242	3.64618	1.76923	0
4.67529	1.72525	-0.336692	4.67529	1.72525	0
5.73254	1.78354	-0.336842	5.73254	1.78354	0
6.79177	1.73129	-0.285901	6.79177	1.73129	0
7.82968	1.76759	-0.333167	7.82968	1.76759	0
8.86831	1.81864	-0.303023	8.86831	1.81864	0
9.85209	1.74582	-0.3134	9.85209	1.74582	0
10.8434	1.70992	-0.316999	10.8434	1.70992	0
-11.868	1.71579	-0.326262	-11.868	1.71579	0
-10.8771	1.7055	-0.326667	-10.8771	1.7055	0
-9.80705	1.78319	-0.301813	-9.80705	1.78319	0
-8.7836	1.74656	-0.324451	-8.7836	1.74656	0
-7.71303	1.70873	-0.324818	-7.71303	1.70873	0
-6.69076	1.74731	-0.330791	-6.69076	1.74731	0
-5.60641	1.71436	-0.337638	-5.60641	1.71436	0
-4.58851	1.77717	-0.322054	-4.58851	1.77717	0
-3.48547	1.75193	-0.326322	-3.48547	1.75193	0
-2.44407	1.759	-0.337967	-2.44407	1.759	0
-1.4332	1.69369	-0.341611	-1.4332	1.69369	0
-0.428127	2.77375	-0.322874	-0.428127	2.77375	0
0.624153	2.78894	-0.298572	0.624153	2.78894	0
1.63246	2.81247	-0.276489	1.63246	2.81247	0
2.66071	2.81917	-0.313009	2.66071	2.81917	0
3.71239	2.76963	-0.30018	3.71239	2.76963	0
4.71637	2.83663	-0.323969	4.71637	2.83663	0
5.73597	2.76489	-0.293858	5.73597	2.76489	0
6.77344	2.77225	-0.337475	6.77344	2.77225	0
7.7492	2.77864	-0.318039	7.7492	2.77864	0
8.849	2.79465	-0.295569	8.849	2.79465	0
9.86411	2.75094	-0.312874	9.86411	2.75094	0
10.8745	2.7476	-0.30025	10.8745	2.7476	0
-11.9269	2.73325	-0.326037	11.8592	2.73325	0
-10.7991	2.77642	-0.305944	-10.7991	2.77642	0
-9.78758	2.81011	-0.316453	-9.78758	2.81011	0
-8.76673	2.76992	-0.310538	-8.76673	2.76992	0
-7.75457	2.71386	-0.348234	-7.75457	2.71386	0
-6.75974	2.77213	-0.295822	-6.75974	2.77213	0
-5.64856	2.78462	-0.314407	-5.64856	2.78462	0
-4.57123	2.77993	-0.302859	-4.57123	2.77993	0
-3.52913	2.71413	-0.302515	-3.52913	2.71413	0
-2.53592	2.79661	-0.339742	-2.53592	2.79661	0
-1.41138	2.71657	-0.302139	-1.41138	2.71657	0
-0.414158	3.74778	-0.334489	-0.414158	3.74778	0
0.594193	3.84888	-0.290902	0.594193	3.84888	0
1.65212	3.79574	-0.32451	1.65212	3.79574	0
2.68647	3.90009	-0.313122	2.68647	3.90009	0
3.72387	3.81766	-0.301552	3.72387	3.81766	0
4.67004	3.85506	-0.314183	4.67004	3.85506	0
5.76458	3.837	-0.350108	5.76458	3.837	0
6.74617	3.74701	-0.313466	6.74617	3.74701	0
7.84635	3.80184	-0.358627	7.84635	3.80184	0
8.87606	3.74586	-0.326295	8.87606	3.74586	0
9.90723	3.80498	-0.316339	9.90723	3.80498	0
10.916	3.86176	-0.332135	10.916	3.86176	0
-11.8769	3.84499	-0.334034	-11.8769	3.84499	0
-10.8538	3.80931	-0.308897	-10.8538	3.80931	0
-9.80979	3.8082	-0.321334	-9.80979	3.8082	0
-8.80657	3.83059	-0.327993	-8.80657	3.83059	0
-7.76975	3.78034	-0.35551	-7.76975	3.78034	0
-6.70802	3.7413	-0.297131	-6.70802	3.7413	0
-5.6477	3.81554	-0.333942	-5.6477	3.81554	0
-4.61876	3.79766	-0.336453	-4.61876	3.79766	0
-3.57378	3.79239	-0.30739	-3.57378	3.79239	0
-2.5662	3.75445	-0.316695	-2.5662	3.75445	0
-1.48666	3.72021	-0.312599	-1.48666	3.72021	0
-0.499367	4.80702	-0.324368	-0.499367	4.80702	0
0.543996	4.82317	-0.294954	0.543996	4.82317	0
1.61293	4.86339	-0.335873	1.61293	4.86339	0
2.63266	4.87888	-0.304731	2.63266	4.87888	0
3.65467	4.8615	-0.318745	3.65467	4.8615	0
4.71582	4.88284	-0.313735	4.71582	4.88284	0
5.78775	4.86545	-0.278919	5.78775	4.86545	0
6.80379	4.80681	-0.325755	6.80379	4.80681	0
7.88066	4.82501	-0.323134	7.88066	4.82501	0
8.87316	4.82757	-0.313931	8.87316	4.82757	0
9.89534	4.85472	-0.307403	9.89534	4.85472	0
10.87	4.90783	-0.28083	10.87	4.90783	0
-11.9232	4.87515	-0.292457	11.8629	4.87515	0
-10.8975	4.88485	-0.32023	-10.8975	4.88485	0
-9.84088	4.82767	-0.297361	-9.84088	4.82767	0
-8.82324	4.83617	-0.32597	-8.82324	4.83617	0
-7.81345	4.81937	-0.303014	-7.81345	4.81937	0
-6.71602	4.77021	-0.319423	-6.71602	4.77021	0
-5.64358	4.80709	-0.327795	-5.64358	4.80709	0
-4.62906	4.8208	-0.311524	-4.62906	4.8208	0
-3.58963	4.82059	-0.292736	-3.58963	4.82059	0
-2.57616	4.75612	-0.321648	-2.57616	4.75612	0
-1.47258	4.76343	-0.312812	-1.47258	4.76343	0
-0.45085	5.89576	-0.312927	-0.45085	5.89576	0
0.617633	5.8708	-0.331208	0.617633	5.8708	0
1.6282	5.91759	-0.320796	1.6282	5.91759	0
2.63675	5.8457	-0.321215	2.63675	5.8457	0
3.62761	5.81059	-0.304879	3.62761	5.81059	0
4.66502	5.85889	-0.312777	4.66502	5.85889	0
5.75708	5.85396	-0.317417	5.75708	5.85396	0
6.80145	5.83549	-0.323093	6.80145	5.83549	0
7.88658	5.88187	-0.320448	7.88658	5.88187	0
8.84607	5.82755	-0.322059	8.84607	5.82755	0
9.89159	5.89691	-0.325304	9.89159	5.89691	0
10.9209	5.92903	-0.306391	10.9209	5.92903	0
-11.8686	5.89287	-0.337512	-11.8686	5.89287	0
-10.9143	5.89729	-0.316131	-10.9143	5.89729	0
-9.84988	5.88608	-0.329307	-9.84988	5.88608	0
-8.82629	5.84912	-0.341288	-8.82629	5.84912	0
-7.76835	5.8	-0.315543	-7.76835	5.8	0
-6.6627	5.83336	-0.311485	-6.6627	5.83336	0
-5.66631	5.82277	-0.321045	-5.66631	5.82277	0
-4.61848	5.87196	-0.325353	-4.61848	5.87196	0
-3.59183	5.82029	-0.326964	-3.59183	5.82029	0
-2.48733	5.79789	-0.34476	-2.48733	5.79789	0
-1.45172	5.81682	-0.327518	-1.45172	5.81682	0
-0.453828	6.8816	-0.321837	-0.453828	6.8816	0
0.565908	6.88483	-0.315443	0.565908	6.88483	0
1.63085	6.90614	-0.346182	1.63085	6.90614	0
2.66323	6.9288	-0.319656	2.66323	6.9288	0
3.67314	6.91064	-0.323914	3.67314	6.91064	0
4.67287	6.87478	-0.314935	4.67287	6.87478	0
5.77512	6.90432	-0.295311	5.77512	6.90432	0
6.77544	6.88382	-0.293778	6.77544	6.88382	0
7.80586	6.9029	-0.315051	7.80586	6.9029	0
8.8731	6.88607	-0.330945	8.8731	6.88607	0
9.87819	6.9247	-0.341152	9.87819	6.9247	0
10.9617	6.91256	-0.302862	10.9617	6.91256	0
-11.7905	6.91503	-0.329072	-11.7905	6.91503	0
-10.8218	6.96959	-0.326451	-10.8218	6.96959	0
-9.86333	6.90684	-0.329698	-9.86333	6.90684	0
-8.78368	6.86787	-0.311397	-8.78368	6.86787	0
-7.75821	6.87408	-0.335345	-7.75821	6.87408	0
-6.68589	6.88279	-0.30083	-6.68589	6.88279	0
-5.5884	6.86111	-0.315757	-5.5884	6.86111	0
-4.58563	6.92472	-0.301373	-4.58563	6.92472	0
-3.55635	6.87056	-0.325753	-3.55635	6.87056	0
-2.53622	6.86659	-0.315342	-2.53622	6.86659	0
-1.49838	6.91402	-0.318506	-1.49838	6.91402	0
-0.457649	7.95394	-0.32766	-0.457649	7.95394	0
0.584028	7.95426	-0.318579	0.584028	7.95426	0
1.60307	7.94178	-0.34632	1.60307	7.94178	0
2.6373	7.90433	-0.319844	2.6373	7.90433	0
3.6375	7.95018	-0.318361	3.6375	7.95018	0
4.7106	7.9578	-0.327853	4.7106	7.9578	0
5.77316	7.96803	-0.307827	5.77316	7.96803	0
6.81947	7.95459	-0.296165	6.81947	7.95459	0
7.80922	7.97697	-0.324109	7.80922	7.97697	0
8.84321	7.89647	-0.342307	8.84321	7.89647	0
9.84579	7.94969	-0.30646	9.84579	7.94969	0
10.9346	7.99614	-0.311162	10.9346	7.99614	0
-11.8345	7.94283	-0.303923	-11.8345	7.94283	0
-10.846	7.95777	-0.310815	-10.846	7.95777	0
-9.7395	7.98216	-0.309367	-9.7395	7.98216	0
-8.77467	7.94356	-0.331981	-8.77467	7.94356	0
-7.72761	7.93041	-0.319777	-7.72761	7.93041	0
-6.63234	7.88543	-0.335573	-6.63234	7.88543	0
-5.5766	7.9087	-0.310427	-5.5766	7.9087	0
-4.57092	7.95306	-0.30837	-4.57092	7.95306	0
-3.54763	7.92784	-0.314049	-3.54763	7.92784	0
-2.53349	7.88798	-0.300333	-2.53349	7.88798	0
-1.51752	7.95772	-0.333952	-1.51752	7.95772	0
-0.420286	8.99594	-0.32487	-0.420286	8.99594	0
0.610811	8.95608	-0.310168	0.610811	8.95608	0
1.63193	9.00764	-0.332218	1.63193	9.00764	0
2.61843	8.97986	-0.326352	2.61843	8.97986	0
3.61582	8.96401	-0.326263	3.61582	8.96401	0
4.6677	8.94714	-0.346268	4.6677	8.94714	0
5.68927	8.96591	-0.327836	5.68927	8.96591	0
6.85883	8.98974	-0.305534	6.85883	8.98974	0
7.80043	9.00625	-0.28743	7.80043	9.00625	0
8.85208	9.00693	-0.309825	8.85208	9.00693	0
9.84798	8.95015	-0.327475	9.84798	8.95015	0
10.8773	8.98548	-0.329447	10.8773	8.98548	0
-11.8929	9.0413	-0.312035	-11.8929	9.0413	0
-10.8695	9.02326	-0.329271	-10.8695	9.02326	0
-9.80636	9.00992	-0.287964	-9.80636	9.00992	0
-8.73096	8.98929	-0.329209	-8.73096	8.98929	0
-7.72022	8.93468	-0.312347	-7.72022	8.93468	0
-6.71052	8.90754	-0.313023	-6.71052	8.90754	0
-5.63822	8.97801	-0.337221	-5.63822	8.97801	0
-4.53928	8.98325	-0.324069	-4.53928	8.98325	0
-3.49286	8.94	-0.299023	-3.49286	8.94	0
-2.4873	8.94397	-0.327659	-2.4873	8.94397	0
-1.46655	8.98785	-0.309105	-1.46655	8.98785	0
-0.421284	10.0031	-0.298591	-0.421284	10.0031	0
0.580521	10.0133	-0.325142	0.580521	10.0133	0
1.64126	10.0196	-0.332035	1.64126	10.0196	0
2.67355	9.98916	-0.317022	2.67355	9.98916	0
3.72916	9.97513	-0.298738	3.72916	9.97513	0
4.72628	10.0045	-0.33356	4.72628	10.0045	0
5.72716	9.9943	-0.323006	5.72716	9.9943	0
6.75075	10.0246	-0.306228	6.75075	10.0246	0
7.75172	10.032	-0.319375	7.75172	10.032	0
8.87229	9.99981	-0.314812	8.87229	9.99981	0
9.92667	10.0034	-0.304061	9.92667	10.0034	0
10.9073	9.97804	-0.33787	10.9073	9.97804	0
-11.87	10.051	-0.319839	-11.87	10.051	0
-10.8302	10.0645	-0.304762	-10.8302	10.0645	0
-9.8124	9.99551	-0.33527	-9.8124	9.99551	0
-8.77994	10.0211	-0.298922	-8.77994	10.0211	0
-7.7166	9.90963	-0.298784	-7.7166	9.90963	0
-6.67287	9.9084	-0.331496	-6.67287	9.9084	0
-5.59841	9.9673	-0.312269	-5.59841	9.9673	0
-4.55873	9.97293	-0.307042	-4.55873	9.97293	0
-3.52684	9.94163	-0.331794	-3.52684	9.94163	0
-2.44253	9.96831	-0.309091	-2.44253	9.96831	0
-1.44103	9.93935	-0.326806	-1.44103	9.93935	0
-0.402219	11.0151	-0.329411	-0.402219	11.0151	0
0.601859	11.0135	-0.313857	0.601859	11.0135	0
1.63083	11.0206	-0.286563	1.63083	11.0206	0
2.67318	11.0422	-0.323571	2.67318	11.0422	0
3.71899	11.0735	-0.312607	3.71899	11.0735	0
4.74964	11.0338	-0.30902	4.74964	11.0338	0
5.77872	11.0257	-0.311194	5.77872	11.0257	0
6.79257	11.0397	-0.332018	6.79257	11.0397	0
7.78932	11.0582	-0.310986	7.78932	11.0582	0
8.82447	11.0787	-0.309064	8.82447	11.0787	0
9.84681	11.0322	-0.339658	9.84681	11.0322	0
10.8594	11.0932	-0.332969	10.8594	11.0932	0
-11.8824	11.0853	-0.301458	-11.8824	11.0853	0
-10.861	11.0638	-0.338257	-10.861	11.0638	0
-9.78622	11.0334	-0.329958	-9.78622	11.0334	0
-8.72596	10.9963	-0.290066	-8.72596	10.9963	0
-7.67591	10.9611	-0.304092	-7.67591	10.9611	0
-6.70433	10.9626	-0.334161	-6.70433	10.9626	0
-5.62698	10.9633	-0.317303	-5.62698	10.9633	0
-4.59246	10.9973	-0.315199	-4.59246	10.9973	0
-3.48975	10.9622	-0.295177	-3.48975	10.9622	0
-2.48333	11.0124	-0.320829	-2.48333	11.0124	0
-1.48762	10.9516	-0.345069	-1.48762	10.9516	0
-0.52445	-11.7089	-0.273821	-0.52445	-11.7089	0
0.513317	-11.7569	-0.297024	0.513317	-11.7569	0
1.5567	-11.7117	-0.303776	1.5567	-11.7117	0
2.64996	-11.6947	-0.319325	2.64996	-11.6947	0
3.70665	-11.7101	-0.318345	3.70665	-11.7101	0
4.72381	-11.689	-0.309652	4.72381	-11.689	0
5.70935	-11.697	-0.334752	5.70935	-11.697	0
6.70302	-11.7033	-0.34661	6.70302	-11.7033	0
7.78325	-11.6983	-0.342955	7.78325	-11.6983	0
8.85213	-11.7122	-0.315192	8.85213	-11.7122	0
9.86577	-11.7101	-0.339733	9.86577	-11.7101	0
10.8754	-11.6957	-0.315526	10.8754	-11.6957	0
-11.8594	-11.684	-0.303678	-11.8594	-11.684	0
-10.8051	-11.7743	-0.32277	-10.8051	-11.7743	0
-9.8119	-11.7998	-0.334232	-9.8119	-11.7998	0
-8.79913	-11.6618	-0.314057	-8.79913	-11.6618	0
-7.79164	-11.7576	-0.314587	-7.79164	-11.7576	0
-6.74248	-11.7688	-0.326869	-6.74248	-11.7688	0
-5.61645	-11.7538	-0.326646	-5.61645	-11.7538	0
-4.56004	-11.781	-0.326391	-4.56004	-11.781	0
-3.57373	-11.7553	-0.284888	-3.57373	-11.7553	0
-2.50954	-11.751	-0.309344	-2.50954	-11.751	0
-1.5304	-11.7698	-0.285398	-1.5304	-11.7698	0
-0.458982	-10.699	-0.309392	-0.458982	-10.699	0
0.541644	-10.768	-0.311375	0.541644	-10.768	0
1.56283	-10.6807	-0.339303	1.56283	-10.6807	0
2.62625	-10.6225	-0.288028	2.62625	-10.6225	0
3.70237	-10.6541	-0.305215	3.70237	-10.6541	0
4.80571	-10.6241	-0.298889	4.80571	-10.6241	0
5.79296	-10.6298	-0.318625	5.79296	-10.6298	0
6.73537	-10.6833	-0.299509	6.73537	-10.6833	0
7.74077	-10.6856	-0.310609	7.74077	-10.6856	0
8.79516	-10.712	-0.318388	8.79516	-10.712	0
9.81247	-10.7034	-0.322069	9.81247	-10.7034	0
10.859	-10.6353	-0.297533	10.859	-10.6353	0
-11.9275	-10.6529	-0.33103	11.8585	-10.6529	0
-10.8501	-10.6683	-0.325918	-10.8501	-10.6683	0
-9.76822	-10.7261	-0.320006	-9.76822	-10.7261	0
-8.79243	-10.6846	-0.278379	-8.79243	-10.6846	0
-7.74649	-10.7209	-0.324828	-7.74649	-10.7209	0
-6.63721	-10.8263	-0.318295	-6.63721	-10.8263	0
-5.63334	-10.7349	-0.295121	-5.63334	-10.7349	0
-4.62101	-10.737	-0.299428	-4.62101	-10.737	0
-3.52324	-10.7148	-0.302881	-3.52324	-10.7148	0
-2.53845	-10.7175	-0.334106	-2.53845	-10.7175	0
-1.49456	-10.6941	-0.305178	-1.49456	-10.6941	0
-0.52297	-9.71891	-0.310247	-0.52297	-9.71891	0
0.566283	-9.76719	-0.316634	0.566283	-9.76719	0
1.61746	-9.58871	-0.335926	1.61746	-9.58871	0
2.62736	-9.65644	-0.331668	2.62736	-9.65644	0
3.71385	-9.66616	-0.326518	3.71385	-9.66616	0
4.71373	-9.57423	-0.345231	4.71373	-9.57423	0
5.74036	-9.57493	-0.318867	5.74036	-9.57493	0
6.77552	-9.63844	-0.314662	6.77552	-9.63844	0
7.7998	-9.68788	-0.320644	7.7998	-9.68788	0
8.88148	-9.63763	-0.310663	8.88148	-9.63763	0
9.87173	-9.64714	-0.290132	9.87173	-9.64714	0
10.8592	-9.57785	-0.331384	10.8592	-9.57785	0
-11.8546	-9.6142	-0.294526	-11.8546	-9.6142	0
-10.8395	-9.64861	-0.326518	-10.8395	-9.64861	0
-9.78489	-9.65446	-0.318795	-9.78489	-9.65446	0
-8.68779	-9.67891	-0.343678	-8.68779	-9.67891	0
-7.67198	-9.65468	-0.307685	-7.67198	-9.65468	0
-6.64365	-9.74254	-0.358312	-6.64365	-9.74254	0
-5.66188	-9.70972	-0.326402	-5.66188	-9.70972	0
-4.5377	-9.71942	-0.316567	-4.5377	-9.71942	0
-3.52513	-9.63056	-0.325963	-3.52513	-9.63056	0
-2.50427	-9.68807	-0.352016	-2.50427	-9.68807	0
-1.5115	-9.69082	-0.32435	-1.5115	-9.69082	0
-0.463284	-8.69102	-0.300382	-0.463284	-8.69102	0
0.572474	-8.6395	-0.321455	0.572474	-8.6395	0
1.57349	-8.60629	-0.321613	1.57349	-8.60629	0
2.67452	-8.59923	-0.297877	2.67452	-8.59923	0
3.69478	-8.55824	-0.331801	3.69478	-8.55824	0
4.73915	-8.58332	-0.313608	4.73915	-8.58332	0
5.79499	-8.54925	-0.309028	5.79499	-8.54925	0
6.83093	-8.66065	-0.286468	6.83093	-8.66065	0
7.90067	-8.58162	-0.32179	7.90067	-8.58162	0
8.85532	-8.61725	-0.317723	8.85532	-8.61725	0
9.94217	-8.58509	-0.310593	9.94217	-8.58509	0
10.91	-8.50133	-0.317503	10.91	-8.50133	0
-11.8041	-8.64266	-0.302627	-11.8041	-8.64266	0
-10.7463	-8.67533	-0.317848	-10.7463	-8.67533	0
-9.69824	-8.65549	-0.329892	-9.69824	-8.65549	0
-8.64955	-8.59976	-0.316565	-8.64955	-8.59976	0
-7.63322	-8.68866	-0.329305	-7.63322	-8.68866	0
-6.60437	-8.64856	-0.304958	-6.60437	-8.64856	0
-5.60718	-8.66922	-0.336169	-5.60718	-8.66922	0
-4.57314	-8.60847	-0.317815	-4.57314	-8.60847	0
-3.53437	-8.63465	-0.312449	-3.53437	-8.63465	0
-2.51738	-8.63822	-0.313514	-2.51738	-8.63822	0
-1.4857	-8.63418	-0.311777	-1.4857	-8.63418	0
-0.377525	-7.62309	-0.3424	-0.377525	-7.62309	0
0.621859	-7.6378	-0.331739	0.621859	-7.6378	0
1.62375	-7.60024	-0.327281	1.62375	-7.60024	0
2.65381	-7.56629	-0.336958	2.65381	-7.56629	0
3.68129	-7.48512	-0.316235	3.68129	-7.48512	0
4.71463	-7.56861	-0.309449	4.71463	-7.56861	0
5.77124	-7.55667	-0.268397	5.77124	-7.55667	0
6.86453	-7.57283	-0.302894	6.86453	-7.57283	0
7.87878	-7.53153	-0.336609	7.87878	-7.53153	0
8.88791	-7.52863	-0.30003	8.88791	-7.52863	0
9.8901	-7.51655	-0.31586	9.8901	-7.51655	0
10.9699	-7.52453	-0.315867	10.9699	-7.52453	0
-11.7953	-7.623	-0.297356	-11.7953	-7.623	0
-10.7564	-7.61882	-0.331005	-10.7564	-7.61882	0
-9.63209	-7.61759	-0.296612	-9.63209	-7.61759	0
-8.6661	-7.61652	-0.328105	-8.6661	-7.61652	0
-7.65768	-7.6047	-0.307217	-7.65768	-7.6047	0
-6.61714	-7.60109	-0.331316	-6.61714	-7.60109	0
-5.56662	-7.57631	-0.31138	-5.56662	-7.57631	0
-4.53321	-7.65978	-0.323446	-4.53321	-7.65978	0
-3.51114	-7.5647	-0.310373	-3.51114	-7.5647	0
-2.48119	-7.59315	-0.317907	-2.48119	-7.59315	0
-1.49005	-7.63536	-0.345352	-1.49005	-7.63536	0
-0.413287	-6.55943	-0.30953	-0.413287	-6.55943	0
0.56249	-6.55658	-0.31964	0.56249	-6.55658	0
1.59876	-6.53947	-0.334841	1.59876	-6.53947	0
2.6495	-6.52504	-0.327543	2.6495	-6.52504	0
3.7213	-6.47177	-0.285406	3.7213	-6.47177	0
4.75459	-6.51285	-0.33037	4.75459	-6.51285	0
5.79122	-6.55225	-0.299154	5.79122	-6.55225	0
6.84259	-6.50102	-0.333245	6.84259	-6.50102	0
7.87635	-6.51177	-0.335535	7.87635	-6.51177	0
8.88834	-6.46825	-0.289153	8.88834	-6.46825	0
9.93996	-6.46599	-0.320602	9.93996	-6.46599	0
10.9633	-6.54009	-0.298494	10.9633	-6.54009	0
-11.7787	-6.55116	-0.319945	-11.7787	-6.55116	0
-10.7541	-6.58802	-0.286337	-10.7541	-6.58802	0
-9.76774	-6.57229	-0.326515	-9.76774	-6.57229	0
-8.67906	-6.55419	-0.321344	-8.67906	-6.55419	0
-7.68474	-6.54403	-0.342254	-7.68474	-6.54403	0
-6.65564	-6.54311	-0.311962	-6.65564	-6.54311	0
-5.61415	-6.56664	-0.323276	-5.61415	-6.56664	0
-4.52117	-6.59635	-0.334207	-4.52117	-6.59635	0
-3.49441	-6.54166	-0.338002	-3.49441	-6.54166	0
-2.50996	-6.53923	-0.307906	-2.50996	-6.53923	0
-1.48002	-6.64927	-0.318867	-1.48002	-6.64927	0
-0.521101	-5.5566	-0.317014	-0.521101	-5.5566	0
0.500999	-5.51124	-0.344074	0.500999	-5.51124	0
1.51548	-5.48042	-0.317826	1.51548	-5.48042	0
2.59978	-5.57191	-0.322941	2.59978	-5.57191	0
3.65677	-5.51596	-0.314168	3.65677	-5.51596	0
4.7183	-5.50851	-0.31414	4.7183	-5.50851	0
5.80137	-5.54256	-0.328264	5.80137	-5.54256	0
6.77001	-5.4646	-0.29224	6.77001	-5.4646	0
7.85275	-5.50221	-0.307082	7.85275	-5.50221	0
8.88611	-5.46484	-0.318586	8.88611	-5.46484	0
9.86926	-5.41966	-0.327696	9.86926	-5.41966	0
10.9371	-5.45353	-0.272278	10.9371	-5.45353	0
-11.7765	-5.47755	-0.286049	-11.7765	-5.47755	0
-10.7118	-5.58118	-0.327978	-10.7118	-5.58118	0
-9.70497	-5.5625	-0.307719	-9.70497	-5.5625	0
-8.72223	-5.50211	-0.337223	-8.72223	-5.50211	0
-7.69204	-5.51359	-0.292485	-7.69204	-5.51359	0
-6.65722	-5.52453	-0.333066	-6.65722	-5.52453	0
-5.66596	-5.52405	-0.2907	-5.66596	-5.52405	0
-4.61622	-5.53227	-0.324225	-4.61622	-5.53227	0
-3.60576	-5.48879	-0.324944	-3.60576	-5.48879	0
-2.58349	-5.52445	-0.326592	-2.58349	-5.52445	0
-1.51743	-5.51326	-0.313345	-1.51743	-5.51326	0
-0.470284	-4.56041	-0.323737	-0.470284	-4.56041	0
0.562841	-4.45194	-0.33172	0.562841	-4.45194	0
1.57004	-4.46995	-0.27687	1.57004	-4.46995	0
2.58377	-4.48972	-0.326241	2.58377	-4.48972	0
3.66941	-4.44108	-0.328626	3.66941	-4.44108	0
4.72077	-4.49583	-0.340024	4.72077	-4.49583	0
5.73315	-4.50262	-0.303137	5.73315	-4.50262	0
6.78141	-4.41293	-0.331163	6.78141	-4.41293	0
7.8717	-4.53114	-0.346388	7.8717	-4.53114	0
8.9209	-4.465	-0.321836	8.9209	-4.465	0
9.99837	-4.3969	-0.313424	9.99837	-4.3969	0
11.0661	-4.47458	-0.325805	11.0661	-4.47458	0
-11.7525	-4.46712	-0.298481	-11.7525	-4.46712	0
-10.7524	-4.47855	-0.33582	-10.7524	-4.47855	0
-9.71827	-4.52538	-0.274706	-9.71827	-4.52538	0
-8.71711	-4.52007	-0.316729	-8.71711	-4.52007	0
-7.70232	-4.44145	-0.291461	-7.70232	-4.44145	0
-6.69884	-4.4383	-0.304867	-6.69884	-4.4383	0
-5.69198	-4.56347	-0.320341	-5.69198	-4.56347	0
-4.63245	-4.49077	-0.336494	-4.63245	-4.49077	0
-3.64952	-4.47646	-0.332805	-3.64952	-4.47646	0
-2.55227	-4.49436	-0.339537	-2.55227	-4.49436	0
-1.52281	-4.49834	-0.284121	-1.52281	-4.49834	0
-0.495976	-3.44844	-0.290516	-0.495976	-3.44844	0
0.523346	-3.39091	-0.322319	0.523346	-3.39091	0
1.60288	-3.4879	-0.342627	1.60288	-3.4879	0
2.65884	-3.42438	-0.331251	2.65884	-3.42438	0
3.67512	-3.43564	-0.301488	3.67512	-3.43564	0
4.70145	-3.50393	-0.333303	4.70145	-3.50393	0
5.73201	-3.45742	-0.326681	5.73201	-3.45742	0
6.78342	-3.34512	-0.300286	6.78342	-3.34512	0
7.82363	-3.45401	-0.312838	7.82363	-3.45401	0
8.86352	-3.40727	-0.320001	8.86352	-3.40727	0
9.9477	-3.40269	-0.333303	9.9477	-3.40269	0
10.9645	-3.4113	-0.328829	10.9645	-3.4113	0
-11.8351	-3.3956	-0.324768	-11.8351	-3.3956	0
-10.8097	-3.40218	-0.321766	-10.8097	-3.40218	0
-9.74941	-3.46041	-0.31381	-9.74941	-3.46041	0
-8.72155	-3.43104	-0.339208	-8.72155	-3.43104	0
-7.70361	-3.44819	-0.288855	-7.70361	-3.44819	0
-6.66278	-3.44734	-0.33367	-6.66278	-3.44734	0
-5.6212	-3.46901	-0.302005	-5.6212	-3.46901	0
-4.61025	-3.44666	-0.309315	-4.61025	-3.44666	0
-3.58571	-3.49368	-0.328621	-3.58571	-3.49368	0
-2.52674	-3.4659	-0.277423	-2.52674	-3.4659	0
-1.56271	-3.47027	-0.304394	-1.56271	-3.47027	0
-0.461244	-2.43262	-0.328237	-0.461244	-2.43262	0
0.560886	-2.30641	-0.336068	0.560886	-2.30641	0
1.55295	-2.39705	-0.299989	1.55295	-2.39705	0
2.62687	-2.40821	-0.340347	2.62687	-2.40821	0
3.67594	-2.38702	-0.318649	3.67594	-2.38702	0
4.67679	-2.43491	-0.318245	4.67679	-2.43491	0
5.70933	-2.43326	-0.32091	5.70933	-2.43326	0
6.74324	-2.37596	-0.331869	6.74324	-2.37596	0
7.77344	-2.32384	-0.298919	7.77344	-2.32384	0
8.87553	-2.4004	-0.324796	8.87553	-2.4004	0
9.9266	-2.366	-0.31078	9.9266	-2.366	0
10.9213	-2.30212	-0.291931	10.9213	-2.30212	0
-11.8809	-2.37531	-0.33707	-11.8809	-2.37531	0
-10.82	-2.36026	-0.32782	-10.82	-2.36026	0
-9.83751	-2.36958	-0.318721	-9.83751	-2.36958	0
-8.76555	-2.42397	-0.332065	-8.76555	-2.42397	0
-7.72891	-2.43542	-0.312261	-7.72891	-2.43542	0
-6.63349	-2.41625	-0.323637	-6.63349	-2.41625	0
-5.58033	-2.41201	-0.324348	-5.58033	-2.41201	0
-4.57565	-2.41229	-0.342749	-4.57565	-2.41229	0
-3.60544	-2.41838	-0.322036	-3.60544	-2.41838	0
-2.55803	-2.4268	-0.319755	-2.55803	-2.4268	0
-1.53658	-2.42441	-0.302049	-1.53658	-2.42441	0
-0.443054	-1.39408	-0.290276	-0.443054	-1.39408	0
0.564501	-1.31082	-0.34975	0.564501	-1.31082	0
1.61552	-1.33328	-0.298948	1.61552	-1.33328	0
2.66016	-1.38341	-0.306648	2.66016	-1.38341	0
3.64148	-1.30244	-0.28036	3.64148	-1.30244	0
4.66285	-1.38103	-0.341985	4.66285	-1.38103	0
5.75338	-1.39178	-0.308789	5.75338	-1.39178	0
6.79959	-1.30168	-0.323334	6.79959	-1.30168	0
7.82535	-1.31226	-0.313694	7.82535	-1.31226	0
8.83837	-1.33084	-0.305148	8.83837	-1.33084	0
9.92097	-1.33173	-0.31451	9.92097	-1.33173	0
10.9196	-1.29052	-0.320441	10.9196	-1.29052	0
-11.8836	-1.35295	-0.317552	-11.8836	-1.35295	0
-10.8188	-1.34812	-0.319191	-10.8188	-1.34812	0
-9.7917	-1.34214	-0.290737	-9.7917	-1.34214	0
-8.78937	-1.37397	-0.322212	-8.78937	-1.37397	0
-7.7332	-1.35316	-0.312572	-7.7332	-1.35316	0
-6.6704	-1.37799	-0.288114	-6.6704	-1.37799	0
-5.64575	-1.30231	-0.319407	-5.64575	-1.30231	0
-4.55897	-1.38104	-0.306042	-4.55897	-1.38104	0
-3.5564	-1.4116	-0.317615	-3.5564	-1.4116	0
-2.4958	-1.40944	-0.333609	-2.4958	-1.40944	0
-1.43621	-1.37506	-0.329826	-1.43621	-1.37506	0
0.0614564	0.232966	0.303057	0.0614564	0.232966	0
1.09019	0.245551	0.345091	1.09019	0.245551	0
2.10613	0.195727	0.316665	2.10613	0.195727	0
3.13033	0.214983	0.319315	3.13033	0.214983	0
4.18622	0.199465	0.324252	4.18622	0.199465	0
5.1988	0.162099	0.308242	5.1988	0.162099	0
6.25336	0.22808	0.332482	6.25336	0.22808	0
7.27178	0.238055	0.344368	7.27178	0.238055	0
8.29864	0.234158	0.296043	8.29864	0.234158	0
9.38807	0.253291	0.318583	9.38807	0.253291	0
10.4633	0.211148	0.32322	10.4633	0.211148	0
11.415	0.151249	0.314065	11.415	0.151249	0
-11.2868	0.184983	0.335567	-11.2868	0.184983	0
-10.312	0.228345	0.308925	-10.312	0.228345	0
-9.29228	0.211055	0.314286	-9.29228	0.211055	0
-8.23496	0.148746	0.333391	-8.23496	0.148746	0
-7.15088	0.212325	0.297694	-7.15088	0.212325	0
-6.12248	0.225315	0.305065	-6.12248	0.225315	0
-5.02162	0.156099	0.285503	-5.02162	0.156099	0
-4.00868	0.155398	0.323276	-4.00868	0.155398	0
-2.9921	0.202685	0.334446	-2.9921	0.202685	0
-1.98625	0.207957	0.324118	-1.98625	0.207957	0
-0.935048	0.142445	0.300177	-0.935048	0.142445	0
0.0572892	1.26327	0.317554	0.0572892	1.26327	0
1.07192	1.29423	0.36186	1.07192	1.29423	0
2.07358	1.22716	0.30668	2.07358	1.22716	0
3.12804	1.1745	0.325035	3.12804	1.1745	0
4.19654	1.2254	0.31457	4.19654	1.2254	0
5.21209	1.26385	0.33415	5.21209	1.26385	0
6.2756	1.24595	0.340531	6.2756	1.24595	0
7.2918	1.258	0.316651	7.2918	1.258	0
8.31068	1.24286	0.311137	8.31068	1.24286	0
9.38739	1.29968	0.309393	9.38739	1.29968	0
10.401	1.21608	0.307529	10.401	1.21608	0
11.4469	1.21648	0.359377	11.4469	1.21648	0
-11.3438	1.25798	0.330309	-11.3438	1.25798	0
-10.3693	1.25643	0.312984	-10.3693	1.25643	0
-9.27253	1.24478	0.320667	-9.27253	1.24478	0
-8.25223	1.1815	0.315721	-8.25223	1.1815	0
-7.22225	1.22243	0.283376	-7.22225	1.22243	0
-6.16488	1.20574	0.304203	-6.16488	1.20574	0
-5.06145	1.19318	0.319344	-5.06145	1.19318	0
-4.01491	1.22781	0.309239	-4.01491	1.22781	0
-3.05659	1.21887	0.317592	-3.05659	1.21887	0
-2.03335	1.26007	0.342246	-2.03335	1.26007	0
-0.930601	1.23461	0.317915	-0.930601	1.23461	0
0.10212	2.25099	0.307755	0.10212	2.25099	0
1.13511	2.3005	0.310687	1.13511	2.3005	0
2.1679	2.26165	0.318608	2.1679	2.26165	0
3.14522	2.23491	0.326601	3.14522	2.23491	0
4.21973	2.24469	0.335091	4.21973	2.24469	0
5.20649	2.27504	0.283385	5.20649	2.27504	0
6.26295	2.25808	0.301399	6.26295	2.25808	0
7.30529	2.2767	0.301633	7.30529	2.2767	0
8.32729	2.29006	0.29288	8.32729	2.29006	0
9.33362	2.27413	0.337456	9.33362	2.27413	0
10.3286	2.22187	0.299347	10.3286	2.22187	0
11.3379	2.23377	0.330126	11.3379	2.23377	0
-11.4453	2.29927	0.333857	-11.4453	2.29927	0
-10.3241	2.26048	0.317974	-10.3241	2.26048	0
-9.25392	2.2915	0.338045	-9.25392	2.2915	0
-8.23226	2.20608	0.324556	-8.23226	2.20608	0
-7.22564	2.23677	0.333011	-7.22564	2.23677	0
-6.14238	2.24435	0.275241	-6.14238	2.24435	0
-5.12653	2.23571	0.310459	-5.12653	2.23571	0
-4.0912	2.26017	0.339171	-4.0912	2.26017	0
-2.93152	2.2622	0.342013	-2.93152	2.2622	0
-1.97155	2.27384	0.299657	-1.97155	2.27384	0
-0.96531	2.23183	0.36722	-0.96531	2.23183	0
0.0937998	3.24961	0.302286	0.0937998	3.24961	0
1.09052	3.33888	0.323657	1.09052	3.33888	0
2.24657	3.31588	0.312313	2.24657	3.31588	0
3.18803	3.25447	0.310471	3.18803	3.25447	0
4.1962	3.31778	0.3379	4.1962	3.31778	0
5.1938	3.33112	0.309173	5.1938	3.33112	0
6.2157	3.28216	0.334352	6.2157	3.28216	0
7.29523	3.3285	0.304854	7.29523	3.3285	0
8.3421	3.2708	0.333	8.3421	3.2708	0
9.40118	3.28111	0.317518	9.40118	3.28111	0
10.4189	3.30377	0.326656	10.4189	3.30377	0
11.3998	3.28712	0.315881	11.3998	3.28712	0
-11.3488	3.30682	0.31131	-11.3488	3.30682	0
-10.3078	3.36471	0.325902	-10.3078	3.36471	0
-9.29377	3.34871	0.331779	-9.29377	3.34871	0
-8.27118	3.25742	0.331754	-8.27118	3.25742	0
-7.26758	3.26153	0.291081	-7.26758	3.26153	0
-6.15552	3.25412	0.34092	-6.15552	3.25412	0
-5.14211	3.26583	0.283563	-5.14211	3.26583	0
-4.11247	3.26941	0.326094	-4.11247	3.26941	0
-3.06424	3.27012	0.349891	-3.06424	3.27012	0
-1.99053	3.27413	0.325158	-1.99053	3.27413	0
-0.932454	3.27344	0.310633	-0.932454	3.27344	0
0.0359625	4.30478	0.329199	0.0359625	4.30478	0
1.09592	4.40827	0.316359	1.09592	4.40827	0
2.10886	4.32954	0.324249	2.10886	4.32954	0
3.16326	4.35092	0.325099	3.16326	4.35092	0
4.17486	4.33227	0.354109	4.17486	4.33227	0
5.32356	4.32542	0.311046	5.32356	4.32542	0
6.31387	4.2856	0.321248	6.31387	4.2856	0
7.3561	4.32005	0.303244	7.3561	4.32005	0
8.39114	4.26122	0.327786	8.39114	4.26122	0
9.37698	4.29573	0.333475	9.37698	4.29573	0
10.3877	4.3649	0.342405	10.3877	4.3649	0
11.3953	4.34047	0.314523	11.3953	4.34047	0
-11.3237	4.37749	0.30711	-11.3237	4.37749	0
-10.2964	4.35988	0.360199	-10.2964	4.35988	0
-9.28689	4.36184	0.323502	-9.28689	4.36184	0
-8.29261	4.29309	0.316404	-8.29261	4.29309	0
-7.24179	4.25085	0.300473	-7.24179	4.25085	0
-6.19817	4.34052	0.322323	-6.19817	4.34052	0
-5.16069	4.28323	0.303684	-5.16069	4.28323	0
-4.11009	4.28831	0.300395	-4.11009	4.28831	0
-3.02229	4.26256	0.313289	-3.02229	4.26256	0
-2.02787	4.25237	0.298014	-2.02787	4.25237	0
-0.969233	4.24875	0.31827	-0.969233	4.24875	0
0.0297364	5.36714	0.276146	0.0297364	5.36714	0
1.12406	5.40942	0.318524	1.12406	5.40942	0
2.12244	5.33983	0.343323	2.12244	5.33983	0
3.11188	5.33795	0.356385	3.11188	5.33795	0
4.11968	5.37088	0.322232	4.11968	5.37088	0
5.21453	5.38444	0.321311	5.21453	5.38444	0
6.35208	5.27249	0.352374	6.35208	5.27249	0
7.32939	5.36869	0.291967	7.32939	5.36869	0
8.33681	5.31903	0.313437	8.33681	5.31903	0
9.35702	5.32198	0.315426	9.35702	5.32198	0
10.3803	5.45945	0.328887	10.3803	5.45945	0
11.3779	5.41286	0.320059	11.3779	5.41286	0
-11.3794	5.39409	0.322169	-11.3794	5.39409	0
-10.3583	5.39283	0.306134	-10.3583	5.39283	0
-9.34652	5.42596	0.328394	-9.34652	5.42596	0
-8.29589	5.32588	0.32185	-8.29589	5.32588	0
-7.22541	5.2891	0.299288	-7.22541	5.2891	0
-6.19757	5.30105	0.288809	-6.19757	5.30105	0
-5.15625	5.31417	0.331268	-5.15625	5.31417	0
-4.10771	5.3521	0.313378	-4.10771	5.3521	0
-3.03973	5.31635	0.32218	-3.03973	5.31635	0
-2.00822	5.3092	0.279107	-2.00822	5.3092	0
-0.979677	5.33017	0.331583	-0.979677	5.33017	0
0.090345	6.37836	0.32437	0.090345	6.37836	0
1.10224	6.40895	0.339424	1.10224	6.40895	0
2.11087	6.36766	0.315095	2.11087	6.36766	0
3.08272	6.3618	0.297782	3.08272	6.3618	0
4.13659	6.36928	0.319619	4.13659	6.36928	0
5.18441	6.39546	0.327155	5.18441	6.39546	0
6.21875	6.36095	0.292943	6.21875	6.36095	0
7.28669	6.38382	0.304077	7.28669	6.38382	0
8.32348	6.35355	0.339701	8.32348	6.35355	0
9.36668	6.40758	0.322243	9.36668	6.40758	0
10.3799	6.43137	0.340075	10.3799	6.43137	0
11.4866	6.44897	0.316424	11.4866	6.44897	0
-11.3469	6.42744	0.325051	-11.3469	6.42744	0
-10.3391	6.39443	0.319659	-10.3391	6.39443	0
-9.35903	6.4347	0.310121	-9.35903	6.4347	0
-8.27548	6.34708	0.303831	-8.27548	6.34708	0
-7.22504	6.41414	0.285623	-7.22504	6.41414	0
-6.16969	6.34557	0.310022	-6.16969	6.34557	0
-5.12851	6.32268	0.313967	-5.12851	6.32268	0
-4.09334	6.39123	0.329932	-4.09334	6.39123	0
-3.10089	6.29157	0.29671	-3.10089	6.29157	0
-2.00459	6.35318	0.288141	-2.00459	6.35318	0
-0.949048	6.40489	0.317131	-0.949048	6.40489	0
0.0306455	7.43942	0.320838	0.0306455	7.43942	0
1.05165	7.42481	0.339378	1.05165	7.42481	0
2.11637	7.37407	0.304517	2.11637	7.37407	0
3.16071	7.43447	0.336495	3.16071	7.43447	0
4.21131	7.44154	0.303042	4.21131	7.44154	0
5.26588	7.43407	0.319808	5.26588	7.43407	0
6.32212	7.42272	0.343893	6.32212	7.42272	0
7.31579	7.43162	0.316043	7.31579	7.43162	0
8.28466	7.41954	0.321921	8.28466	7.41954	0
9.34739	7.41992	0.317508	9.34739	7.41992	0
10.402	7.42816	0.296735	10.402	7.42816	0
11.4586	7.43922	0.325649	11.4586	7.43922	0
-11.3262	7.45255	0.327485	-11.3262	7.45255	0
-10.2628	7.51414	0.32369	-10.2628	7.51414	0
-9.27077	7.43553	0.30872	-9.27077	7.43553	0
-8.24079	7.40411	0.288177	-8.24079	7.40411	0
-7.19973	7.37975	0.334281	-7.19973	7.37975	0
-6.12304	7.37654	0.303101	-6.12304	7.37654	0
-5.09543	7.40644	0.347887	-5.09543	7.40644	0
-4.0483	7.43731	0.303449	-4.0483	7.43731	0
-3.04817	7.3581	0.330225	-3.04817	7.3581	0
-2.01017	7.33638	0.316736	-2.01017	7.33638	0
-1.02411	7.43386	0.310331	-1.02411	7.43386	0
0.0711349	8.46655	0.322983	0.0711349	8.46655	0
1.06818	8.42776	0.33838	1.06818	8.42776	0
2.08833	8.43837	0.315594	2.08833	8.43837	0
3.11454	8.4719	0.322063	3.11454	8.4719	0
4.15508	8.44912	0.321028	4.15508	8.44912	0
5.21008	8.46262	0.311855	5.21008	8.46262	0
6.26503	8.48695	0.319265	6.26503	8.48695	0
7.25782	8.444	0.341612	7.25782	8.444	0
8.31397	8.45253	0.317463	8.31397	8.45253	0
9.33474	8.43674	0.305152	9.33474	8.43674	0
10.3512	8.48066	0.311051	10.3512	8.48066	0
11.444	8.47122	0.337764	11.444	8.47122	0
-11.3732	8.55204	0.315412	-11.3732	8.55204	0
-10.3488	8.48379	0.331002	-10.3488	8.48379	0
-9.27279	8.52448	0.345495	-9.27279	8.52448	0
-8.23132	8.40568	0.284122	-8.23132	8.40568	0
-7.20372	8.39698	0.314366	-7.20372	8.39698	0
-6.16025	8.42283	0.30906	-6.16025	8.42283	0
-5.08372	8.47772	0.309545	-5.08372	8.47772	0
-4.04277	8.47209	0.327854	-4.04277	8.47209	0
-3.01889	8.39337	0.323056	-3.01889	8.39337	0
-1.91077	8.41573	0.309307	-1.91077	8.41573	0
-0.960558	8.44599	0.311164	-0.960558	8.44599	0
0.103294	9.46291	0.330227	0.103294	9.46291	0
1.08481	9.49615	0.317502	1.08481	9.49615	0
2.14557	9.50564	0.331604	2.14557	9.50564	0
3.18321	9.50891	0.327481	3.18321	9.50891	0
4.21661	9.48435	0.297444	4.21661	9.48435	0
5.17173	9.52119	0.300907	5.17173	9.52119	0
6.25201	9.52008	0.295304	6.25201	9.52008	0
7.31307	9.47269	0.328927	7.31307	9.47269	0
8.29377	9.53875	0.299417	8.29377	9.53875	0
9.36066	9.51942	0.321886	9.36066	9.51942	0
10.3729	9.50131	0.317309	10.3729	9.50131	0
11.4109	9.50419	0.309961	11.4109	9.50419	0
-11.3525	9.54221	0.344635	-11.3525	9.54221	0
-10.3318	9.50246	0.333723	-10.3318	9.50246	0
-9.26072	9.55514	0.326448	-9.26072	9.55514	0
-8.24959	9.47447	0.334301	-8.24959	9.47447	0
-7.19257	9.41546	0.318606	-7.19257	9.41546	0
-6.13738	9.43187	0.2829	-6.13738	9.43187	0
-5.07208	9.44866	0.310573	-5.07208	9.44866	0
-4.03915	9.43685	0.336904	-4.03915	9.43685	0
-3.02387	9.44328	0.336117	-3.02387	9.44328	0
-2.00789	9.41027	0.323489	-2.00789	9.41027	0
-0.929765	9.48375	0.328532	-0.929765	9.48375	0
0.0996863	10.4938	0.319037	0.0996863	10.4938	0
1.10922	10.4922	0.310058	1.10922	10.4922	0
2.17945	10.5331	0.346551	2.17945	10.5331	0
3.19414	10.5457	0.289499	3.19414	10.5457	0
4.20783	10.5147	0.318363	4.20783	10.5147	0
5.24867	10.5359	0.302322	5.24867	10.5359	0
6.2703	10.525	0.321173	6.2703	10.525	0
7.2936	10.5274	0.308074	7.2936	10.5274	0
8.33286	10.5567	0.332628	8.33286	10.5567	0
9.31784	10.499	0.287091	9.31784	10.499	0
10.4333	10.5376	0.332452	10.4333	10.5376	0
11.404	10.5362	0.313311	11.404	10.5362	0
-11.3654	10.5469	0.313277	-11.3654	10.5469	0
-10.3027	10.5747	0.325997	-10.3027	10.5747	0
-9.32021	10.5797	0.31424	-9.32021	10.5797	0
-8.22582	10.4437	0.339028	-8.22582	10.4437	0
-7.12647	10.4097	0.29735	-7.12647	10.4097	0
-6.16414	10.4686	0.318528	-6.16414	10.4686	0
-5.09862	10.5094	0.302107	-5.09862	10.5094	0
-4.07274	10.4813	0.308918	-4.07274	10.4813	0
-3.05842	10.4163	0.329696	-3.05842	10.4163	0
-1.93177	10.4625	0.327183	-1.93177	10.4625	0
-0.963277	10.5228	0.311815	-0.963277	10.5228	0
0.0323922	11.4896	0.342759	0.0323922	11.4896	0
1.08576	11.5172	0.318473	1.08576	11.5172	0
2.14801	11.5936	0.316451	2.14801	11.5936	0
3.22425	11.5931	0.319919	3.22425	11.5931	0
4.23778	11.5282	0.341256	4.23778	11.5282	0
5.22511	11.5249	0.304106	5.22511	11.5249	0
6.25034	11.5403	0.296813	6.25034	11.5403	0
7.27803	11.557	0.316034	7.27803	11.557	0
8.3069	11.6229	0.32092	8.3069	11.6229	0
9.33968	11.5409	0.340782	9.33968	11.5409	0
10.3692	11.5828	0.320547	10.3692	11.5828	0
11.4295	11.574	0.325062	11.4295	11.574	0
-11.3337	11.57	0.323853	-11.3337	11.57	0
-10.3126	11.5742	0.315984	-10.3126	11.5742	0
-9.25917	11.5151	0.305309	-9.25917	11.5151	0
-8.2049	11.4685	0.335509	-8.2049	11.4685	0
-7.18291	11.5197	0.321183	-7.18291	11.5197	0
-6.12043	11.4634	0.282193	-6.12043	11.4634	0
-5.10085	11.5276	0.313099	-5.10085	11.5276	0
-4.07143	11.4696	0.336848	-4.07143	11.4696	0
-3.01781	11.5234	0.303738	-3.01781	11.5234	0
-2.00401	11.5111	0.333226	-2.00401	11.5111	0
-1.0108	11.4882	0.321817	-1.0108	11.4882	0
-0.00630456	-11.2479	0.338774	-0.00630456	-11.2479	0
1.09699	-11.2043	0.313004	1.09699	-11.2043	0
2.10035	-11.1735	0.30332	2.10035	-11.1735	0
3.17103	-11.181	0.281844	3.17103	-11.181	0
4.25747	-11.154	0.314759	4.25747	-11.154	0
5.27465	-11.1894	0.30434	5.27465	-11.1894	0
6.23867	-11.2098	0.326985	6.23867	-11.2098	0
7.26037	-11.2291	0.322901	7.26037	-11.2291	0
8.32363	-11.176	0.321381	8.32363	-11.176	0
9.35222	-11.2597	0.318665	9.35222	-11.2597	0
10.3644	-11.1591	0.329389	10.3644	-11.1591	0
11.3798	-11.1357	0.324345	11.3798	-11.1357	0
-11.3298	-11.1563	0.326335	-11.3298	-11.1563	0
-10.3508	-11.2062	0.328884	-10.3508	-11.2062	0
-9.30684	-11.223	0.317445	-9.30684	-11.223	0
-8.257	-11.273	0.316412	-8.257	-11.273	0
-7.24753	-11.3173	0.308075	-7.24753	-11.3173	0
-6.13911	-11.2338	0.322881	-6.13911	-11.2338	0
-5.10945	-11.2299	0.335404	-5.10945	-11.2299	0
-4.08178	-11.2511	0.299562	-4.08178	-11.2511	0
-3.02953	-11.2307	0.332258	-3.02953	-11.2307	0
-1.98692	-11.2279	0.330369	-1.98692	-11.2279	0
-1.0314	-11.2181	0.338369	-1.0314	-11.2181	0
0.0238658	-10.1965	0.326757	0.0238658	-10.1965	0
1.05372	-10.1969	0.341753	1.05372	-10.1969	0
2.08952	-10.0778	0.311753	2.08952	-10.0778	0
3.13772	-10.1077	0.323101	3.13772	-10.1077	0
4.23379	-10.1446	0.306513	4.23379	-10.1446	0
5.25973	-10.0913	0.30159	5.25973	-10.0913	0
6.24727	-10.1397	0.320627	6.24727	-10.1397	0
7.28463	-10.1538	0.335316	7.28463	-10.1538	0
8.2897	-10.1763	0.288494	8.2897	-10.1763	0
9.29681	-10.1802	0.324921	9.29681	-10.1802	0
10.3928	-10.1617	0.330888	10.3928	-10.1617	0
11.3373	-10.1129	0.294808	11.3373	-10.1129	0
-11.3458	-10.1446	0.301068	-11.3458	-10.1446	0
-10.3438	-10.2026	0.33412	-10.3438	-10.2026	0
-9.36707	-10.1678	0.319429	-9.36707	-10.1678	0
-8.26042	-10.1674	0.332114	-8.26042	-10.1674	0
-7.19763	-10.2436	0.30145	-7.19763	-10.2436	0
-6.21536	-10.2423	0.312965	-6.21536	-10.2423	0
-5.13659	-10.2039	0.348446	-5.13659	-10.2039	0
-4.07198	-10.2181	0.322756	-4.07198	-10.2181	0
-3.03159	-10.1728	0.332181	-3.03159	-10.1728	0
-2.04086	-10.2095	0.297487	-2.04086	-10.2095	0
-0.998839	-10.2527	0.328171	-0.998839	-10.2527	0
0.0425524	-9.16557	0.310585	0.0425524	-9.16557	0
1.05328	-9.17226	0.266923	1.05328	-9.17226	0
2.10211	-9.09798	0.30173	2.10211	-9.09798	0
3.1962	-9.1298	0.279451	3.1962	-9.1298	0
4.21712	-9.04903	0.305819	4.21712	-9.04903	0
5.23714	-9.0883	0.267968	5.23714	-9.0883	0
6.27451	-9.11075	0.321562	6.27451	-9.11075	0
7.32952	-9.15482	0.311252	7.32952	-9.15482	0
8.31332	-9.1478	0.304212	8.31332	-9.1478	0
9.37188	-9.16559	0.332883	9.37188	-9.16559	0
10.4621	-9.10003	0.326184	10.4621	-9.10003	0
11.4199	-9.05162	0.280052	11.4199	-9.05162	0
-11.3089	-9.13371	0.344983	-11.3089	-9.13371	0
-10.1789	-9.19537	0.314651	-10.1789	-9.19537	0
-9.19596	-9.15107	0.324686	-9.19596	-9.15107	0
-8.15826	-9.13177	0.322258	-8.15826	-9.13177	0
-7.05965	-9.18011	0.340245	-7.05965	-9.18011	0
-6.099	-9.189	0.320905	-6.099	-9.189	0
-5.04403	-9.13024	0.284701	-5.04403	-9.13024	0
-4.04784	-9.18391	0.290492	-4.04784	-9.18391	0
-3.01874	-9.17888	0.322115	-3.01874	-9.17888	0
-2.02924	-9.12626	0.341591	-2.02924	-9.12626	0
-1.05177	-9.11498	0.339565	-1.05177	-9.11498	0
0.10396	-8.12604	0.330314	0.10396	-8.12604	0
1.11647	-8.11506	0.334166	1.11647	-8.11506	0
2.11536	-8.10008	0.306981	2.11536	-8.10008	0
3.16116	-8.07821	0.310567	3.16116	-8.07821	0
4.17817	-8.08013	0.32489	4.17817	-8.08013	0
5.20755	-8.05412	0.312574	5.20755	-8.05412	0
6.3409	-8.11764	0.317867	6.3409	-8.11764	0
7.38374	-8.04339	0.329049	7.38374	-8.04339	0
8.37797	-8.0637	0.302649	8.37797	-8.0637	0
9.38008	-8.1386	0.301383	9.38008	-8.1386	0
10.3919	-8.07978	0.326549	10.3919	-8.07978	0
11.4551	-8.05645	0.330909	11.4551	-8.05645	0
-11.264	-8.12426	0.333509	-11.264	-8.12426	0
-10.218	-8.13879	0.287741	-10.218	-8.13879	0
-9.17204	-8.11781	0.314226	-9.17204	-8.11781	0
-8.15778	-8.13859	0.31451	-8.15778	-8.13859	0
-7.14516	-8.1204	0.321856	-7.14516	-8.1204	0
-6.10771	-8.12079	0.31138	-6.10771	-8.12079	0
-5.10256	-8.16668	0.334785	-5.10256	-8.16668	0
-4.05334	-8.13572	0.322068	-4.05334	-8.13572	0
-3.01203	-8.11466	0.337876	-3.01203	-8.11466	0
-1.96497	-8.1028	0.311103	-1.96497	-8.1028	0
-0.954458	-8.10916	0.316502	-0.954458	-8.10916	0
0.108069	-7.09621	0.298299	0.108069	-7.09621	0
1.14376	-7.09587	0.273001	1.14376	-7.09587	0
2.13143	-7.10677	0.357235	2.13143	-7.10677	0
3.11273	-7.01343	0.305651	3.11273	-7.01343	0
4.21252	-7.01617	0.316409	4.21252	-7.01617	0
5.24103	-7.01138	0.316472	5.24103	-7.01138	0
6.31724	-7.03224	0.318371	6.31724	-7.03224	0
7.37076	-7.00404	0.296758	7.37076	-7.00404	0
8.38759	-6.97215	0.323919	8.38759	-6.97215	0
9.39484	-7.01965	0.307216	9.39484	-7.01965	0
10.3824	-7.05556	0.314162	10.3824	-7.05556	0
11.4641	-7.05109	0.306736	11.4641	-7.05109	0
-11.3006	-7.09478	0.326502	-11.3006	-7.09478	0
-10.2497	-7.13782	0.319342	-10.2497	-7.13782	0
-9.22503	-7.06676	0.297025	-9.22503	-7.06676	0
-8.21463	-7.11886	0.331131	-8.21463	-7.11886	0
-7.18476	-7.02577	0.264395	-7.18476	-7.02577	0
-6.13121	-7.10568	0.311263	-6.13121	-7.10568	0
-5.04139	-7.09299	0.32098	-5.04139	-7.09299	0
-4.02795	-7.08961	0.312217	-4.02795	-7.08961	0
-3.00965	-7.0856	0.314802	-3.00965	-7.0856	0
-1.98924	-7.05203	0.339862	-1.98924	-7.05203	0
-0.894255	-7.13271	0.315514	-0.894255	-7.13271	0
0.0533351	-6.01187	0.312957	0.0533351	-6.01187	0
1.01583	-6.05519	0.308933	1.01583	-6.05519	0
2.0664	-6.02032	0.300913	2.0664	-6.02032	0
3.14796	-6.0097	0.323706	3.14796	-6.0097	0
4.17699	-5.98322	0.323889	4.17699	-5.98322	0
5.25981	-5.97287	0.328062	5.25981	-5.97287	0
6.29883	-6.04218	0.312773	6.29883	-6.04218	0
7.37044	-5.99703	0.315521	7.37044	-5.99703	0
8.39114	-5.98527	0.336683	8.39114	-5.98527	0
9.40654	-5.9983	0.328165	9.40654	-5.9983	0
10.4155	-5.97885	0.319337	10.4155	-5.97885	0
11.5039	-5.99886	0.300383	11.5039	-5.99886	0
-11.2986	-6.03838	0.333013	-11.2986	-6.03838	0
-10.2812	-6.07676	0.344065	-10.2812	-6.07676	0
-9.21875	-6.07785	0.314006	-9.21875	-6.07785	0
-8.17341	-6.06484	0.319873	-8.17341	-6.06484	0
-7.13637	-6.01425	0.306695	-7.13637	-6.01425	0
-6.14411	-6.08878	0.340118	-6.14411	-6.08878	0
-5.09305	-6.0544	0.286289	-5.09305	-6.0544	0
-4.06468	-6.05915	0.321637	-4.06468	-6.05915	0
-3.05853	-6.05579	0.332181	-3.05853	-6.05579	0
-1.9458	-6.0767	0.315713	-1.9458	-6.0767	0
-0.975133	-6.10813	0.313849	-0.975133	-6.10813	0
0.0475609	-4.99398	0.312725	0.0475609	-4.99398	0
1.00884	-5.04802	0.32143	1.00884	-5.04802	0
2.07027	-5.02946	0.323657	2.07027	-5.02946	0
3.15821	-4.95287	0.279112	3.15821	-4.95287	0
4.18646	-5.03415	0.298015	4.18646	-5.03415	0
5.22773	-4.99521	0.345337	5.22773	-4.99521	0
6.31266	-4.98404	0.349066	6.31266	-4.98404	0
7.30581	-4.96178	0.301106	7.30581	-4.96178	0
8.36173	-4.9891	0.327184	8.36173	-4.9891	0
9.39063	-4.93006	0.293683	9.39063	-4.93006	0
10.4493	-4.92716	0.332507	10.4493	-4.92716	0
11.5578	-4.96058	0.352214	11.5578	-4.96058	0
-11.2148	-5.01459	0.330787	-11.2148	-5.01459	0
-10.1953	-5.12392	0.326282	-10.1953	-5.12392	0
-9.21653	-4.98904	0.352674	-9.21653	-4.98904	0
-8.20831	-5.03463	0.336468	-8.20831	-5.03463	0
-7.20403	-5.0399	0.312266	-7.20403	-5.0399	0
-6.21258	-5.02268	0.33297	-6.21258	-5.02268	0
-5.13414	-5.02212	0.328964	-5.13414	-5.02212	0
-4.1305	-5.05644	0.320088	-4.1305	-5.05644	0
-3.09152	-5.00253	0.307462	-3.09152	-5.00253	0
-2.03847	-5.03657	0.313443	-2.03847	-5.03657	0
-1.00187	-5.01145	0.31411	-1.00187	-5.01145	0
-0.00137139	-3.93445	0.320201	-0.00137139	-3.93445	0
1.03272	-3.92223	0.313052	1.03272	-3.92223	0
2.09369	-3.94776	0.324407	2.09369	-3.94776	0
3.14763	-3.9302	0.308157	3.14763	-3.9302	0
4.20653	-3.954	0.320725	4.20653	-3.954	0
5.23424	-3.94925	0.314564	5.23424	-3.94925	0
6.27477	-3.97028	0.320547	6.27477	-3.97028	0
7.29912	-3.9331	0.29559	7.29912	-3.9331	0
8.32234	-3.99288	0.328288	8.32234	-3.99288	0
9.39298	-3.93926	0.318115	9.39298	-3.93926	0
10.4872	-3.92455	0.329849	10.4872	-3.92455	0
11.4722	-3.93303	0.311142	11.4722	-3.93303	0
-11.2765	-3.92335	0.290268	-11.2765	-3.92335	0
-10.274	-3.99749	0.327165	-10.274	-3.99749	0
-9.2637	-3.95537	0.338709	-9.2637	-3.95537	0
-8.25082	-3.93765	0.332687	-8.25082	-3.93765	0
-7.19229	-3.91393	0.330486	-7.19229	-3.91393	0
-6.16262	-3.94935	0.336869	-6.16262	-3.94935	0
-5.14855	-4.00458	0.309759	-5.14855	-4.00458	0
-4.10744	-3.93394	0.330526	-4.10744	-3.93394	0
-3.04763	-4.00961	0.301862	-3.04763	-4.00961	0
-2.01801	-3.98896	0.310351	-2.01801	-3.98896	0
-0.955166	-3.98207	0.311012	-0.955166	-3.98207	0
0.025496	-2.84679	0.314503	0.025496	-2.84679	0
1.03434	-2.90916	0.2972	1.03434	-2.90916	0
2.10011	-2.91702	0.321289	2.10011	-2.91702	0
3.19162	-2.88243	0.318045	3.19162	-2.88243	0
4.19914	-2.94283	0.287324	4.19914	-2.94283	0
5.25266	-2.93721	0.358	5.25266	-2.93721	0
6.27243	-2.92622	0.319969	6.27243	-2.92622	0
7.34372	-2.9328	0.326836	7.34372	-2.9328	0
8.33764	-2.89445	0.291679	8.33764	-2.89445	0
9.4162	-2.9287	0.311475	9.4162	-2.9287	0
10.4364	-2.86416	0.318043	10.4364	-2.86416	0
11.4202	-2.86728	0.334269	11.4202	-2.86728	0
-11.3504	-2.90025	0.323089	-11.3504	-2.90025	0
-10.322	-2.9265	0.297424	-10.322	-2.9265	0
-9.29479	-2.93139	0.308767	-9.29479	-2.93139	0
-8.2183	-2.88921	0.343476	-8.2183	-2.88921	0
-7.1551	-2.86579	0.316514	-7.1551	-2.86579	0
-6.09326	-2.91213	0.319174	-6.09326	-2.91213	0
-5.13204	-2.92623	0.299977	-5.13204	-2.92623	0
-4.10161	-2.95524	0.314097	-4.10161	-2.95524	0
-3.08393	-2.95629	0.30586	-3.08393	-2.95629	0
-2.01725	-2.92846	0.329818	-2.01725	-2.92846	0
-1.01211	-2.95307	0.323875	-1.01211	-2.95307	0
0.079632	-1.84737	0.322197	0.079632	-1.84737	0
1.03416	-1.79545	0.333049	1.03416	-1.79545	0
2.07262	-1.85184	0.298961	2.07262	-1.85184	0
3.10468	-1.90337	0.313672	3.10468	-1.90337	0
4.17363	-1.8707	0.32441	4.17363	-1.8707	0
5.24254	-1.89808	0.303007	5.24254	-1.89808	0
6.30708	-1.82583	0.304071	6.30708	-1.82583	0
7.28881	-1.81139	0.308241	7.28881	-1.81139	0
8.31074	-1.86073	0.326013	8.31074	-1.86073	0
9.32964	-1.84738	0.316822	9.32964	-1.84738	0
10.3748	-1.79984	0.320955	10.3748	-1.79984	0
11.4088	-1.84821	0.343341	11.4088	-1.84821	0
-11.3664	-1.88155	0.28125	-11.3664	-1.88155	0
-10.34	-1.80762	0.340928	-10.34	-1.80762	0
-9.25774	-1.8658	0.314797	-9.25774	-1.8658	0
-8.26482	-1.86819	0.33029	-8.26482	-1.86819	0
-7.15138	-1.88755	0.301764	-7.15138	-1.88755	0
-6.10771	-1.86749	0.297793	-6.10771	-1.86749	0
-5.09096	-1.89111	0.28509	-5.09096	-1.89111	0
-4.09256	-1.90644	0.320204	-4.09256	-1.90644	0
-3.08403	-1.94329	0.318802	-3.08403	-1.94329	0
-1.96261	-1.89995	0.328704	-1.96261	-1.89995	0
-0.947712	-1.91244	0.306084	-0.947712	-1.91244	0
0.0742592	-0.801075	0.302276	0.0742592	-0.801075	0
1.06263	-0.790149	0.325893	1.06263	-0.790149	0
2.14799	-0.80865	0.322473	2.14799	-0.80865	0
3.12771	-0.798871	0.326344	3.12771	-0.798871	0
4.2	-0.867284	0.332842	4.2	-0.867284	0
5.22822	-0.861176	0.297746	5.22822	-0.861176	0
6.26619	-0.811712	0.332019	6.26619	-0.811712	0
7.27659	-0.843795	0.332022	7.27659	-0.843795	0
8.28735	-0.792845	0.310547	8.28735	-0.792845	0
9.40808	-0.822392	0.317133	9.40808	-0.822392	0
10.453	-0.809045	0.327497	10.453	-0.809045	0
11.4489	-0.866382	0.316862	11.4489	-0.866382	0
-11.358	-0.84671	0.342765	-11.358	-0.84671	0
-10.3341	-0.800266	0.309133	-10.3341	-0.800266	0
-9.27293	-0.855104	0.294157	-9.27293	-0.855104	0
-8.24511	-0.84898	0.298941	-8.24511	-0.84898	0
-7.17072	-0.842308	0.312612	-7.17072	-0.842308	0
-6.14699	-0.798083	0.322479	-6.14699	-0.798083	0
-5.08728	-0.843581	0.285519	-5.08728	-0.843581	0
-4.02508	-0.850498	0.32542	-4.02508	-0.850498	0
-3.00128	-0.886985	0.308721	-3.00128	-0.886985	0
-1.97292	-0.919806	0.314358	-1.97292	-0.919806	0
-1.00883	-0.827239	0.304816	-1.00883	-0.827239	0
