-0.718344	-0.31474	-0.314188	-0.718344	-0.31474	0
0.381077	-0.31598	-0.329405	0.381077	-0.31598	0
1.36979	-0.348631	-0.32259	1.36979	-0.348631	0
2.44623	-0.39931	-0.333506	2.44623	-0.39931	0
3.41126	-0.363915	-0.331137	3.41126	-0.363915	0
4.44577	-0.409988	-0.315956	4.44577	-0.409988	0
5.52908	-0.394471	-0.343185	5.52908	-0.394471	0
6.5947	-0.385763	-0.319238	6.5947	-0.385763	0
7.62708	-0.45821	-0.323516	7.62708	-0.45821	0
8.62689	-0.359117	-0.321371	8.62689	-0.359117	0
9.65797	-0.313518	-0.314149	9.65797	-0.313518	0
10.7009	-0.326694	-0.306321	10.7009	-0.326694	0
11.6942	-0.313584	-0.314635	11.6942	-0.313584	0
-11.0126	-0.297812	-0.308085	-11.0126	-0.297812	0
-10.0164	-0.305598	-0.305484	-10.0164	-0.305598	0
-8.99642	-0.328533	-0.31274	-8.99642	-0.328533	0
-7.90818	-0.286638	-0.311198	-7.90818	-0.286638	0
-6.86057	-0.229866	-0.330586	-6.86057	-0.229866	0
-5.87369	-0.308619	-0.312407	-5.87369	-0.308619	0
-4.78884	-0.320427	-0.32019	-4.78884	-0.320427	0
-3.77556	-0.387325	-0.315117	-3.77556	-0.387325	0
-2.74438	-0.363042	-0.307965	-2.74438	-0.363042	0
-1.75403	-0.309752	-0.32023	-1.75403	-0.309752	0
-0.664031	0.717498	-0.314002	-0.664031	0.717498	0
0.347465	0.733897	-0.316838	0.347465	0.733897	0
1.36012	0.665361	-0.303776	1.36012	0.665361	0
2.42339	0.653501	-0.329022	2.42339	0.653501	0
3.4622	0.721136	-0.313	3.4622	0.721136	0
4.44744	0.655671	-0.325583	4.44744	0.655671	0
5.51544	0.649795	-0.312658	5.51544	0.649795	0
6.57895	0.694814	-0.304569	6.57895	0.694814	0
7.58071	0.662255	-0.282526	7.58071	0.662255	0
8.53453	0.666784	-0.310523	8.53453	0.666784	0
9.63354	0.710855	-0.343198	9.63354	0.710855	0
10.6781	0.701591	-0.297846	10.6781	0.701591	0
11.7373	0.75238	-0.322948	11.7373	0.75238	0
-11.0495	0.771229	-0.308612	-11.0495	0.771229	0
-9.9751	0.739385	-0.316617	-9.9751	0.739385	0
-9.02783	0.723958	-0.333465	-9.02783	0.723958	0
-7.9437	0.704011	-0.326617	-7.9437	0.704011	0
-6.87665	0.734396	-0.335484	-6.87665	0.734396	0
-5.83381	0.695431	-0.326679	-5.83381	0.695431	0
-4.82583	0.692456	-0.312342	-4.82583	0.692456	0
-3.74312	0.664945	-0.347015	-3.74312	0.664945	0
-2.74164	0.696991	-0.332631	-2.74164	0.696991	0
-1.65479	0.670123	-0.338116	-1.65479	0.670123	0
-0.64116	1.74863	-0.318677	-0.64116	1.74863	0
0.36783	1.76225	-0.321833	0.36783	1.76225	0
1.32437	1.68846	-0.348136	1.32437	1.68846	0
2.38824	1.63345	-0.334362	2.38824	1.63345	0
3.43805	1.7737	-0.298998	3.43805	1.7737	0
4.53562	1.70383	-0.329342	4.53562	1.70383	0
5.54821	1.68661	-0.316988	5.54821	1.68661	0
6.53	1.69764	-0.321318	6.53	1.69764	0
7.57509	1.68718	-0.332192	7.57509	1.68718	0
8.57725	1.70595	-0.315674	8.57725	1.70595	0
9.6526	1.75931	-0.329608	9.6526	1.75931	0
10.7065	1.78576	-0.338335	10.7065	1.78576	0
11.7421	1.78319	-0.287367	11.7421	1.78319	0
-11.0073	1.77942	-0.316676	-11.0073	1.77942	0
-9.99868	1.76029	-0.275285	-9.99868	1.76029	0
-8.95004	1.75896	-0.261176	-8.95004	1.75896	0
-7.98129	1.70647	-0.329037	-7.98129	1.70647	0
-6.93067	1.761	-0.323434	-6.93067	1.761	0
-5.9071	1.70699	-0.306948	-5.9071	1.70699	0
-4.86278	1.72284	-0.309576	-4.86278	1.72284	0
-3.73115	1.79405	-0.327714	-3.73115	1.79405	0
-2.75954	1.72484	-0.304227	-2.75954	1.72484	0
-1.73777	1.70203	-0.314974	-1.73777	1.70203	0
-0.69289	2.73742	-0.320265	-0.69289	2.73742	0
0.333526	2.82078	-0.309236	0.333526	2.82078	0
1.35678	2.79838	-0.322001	1.35678	2.79838	0
2.37636	2.73002	-0.337221	2.37636	2.73002	0
3.50485	2.73976	-0.300827	3.50485	2.73976	0
4.52259	2.71931	-0.319098	4.52259	2.71931	0
5.58993	2.72825	-0.320028	5.58993	2.72825	0
6.56022	2.68822	-0.316078	6.56022	2.68822	0
7.69821	2.76612	-0.317921	7.69821	2.76612	0
8.63213	2.67619	-0.345596	8.63213	2.67619	0
9.66496	2.75106	-0.299914	9.66496	2.75106	0
10.7443	2.79133	-0.340127	10.7443	2.79133	0
11.7363	2.8327	-0.316539	11.7363	2.8327	0
-11.0343	2.80517	-0.305182	-11.0343	2.80517	0
-10.0152	2.76336	-0.336179	-10.0152	2.76336	0
-8.99165	2.75435	-0.31431	-8.99165	2.75435	0
-7.89318	2.79882	-0.334531	-7.89318	2.79882	0
-6.90186	2.80159	-0.314209	-6.90186	2.80159	0
-5.87425	2.7572	-0.329919	-5.87425	2.7572	0
-4.87384	2.73578	-0.314384	-4.87384	2.73578	0
-3.83569	2.81847	-0.322961	-3.83569	2.81847	0
-2.79234	2.79822	-0.309035	-2.79234	2.79822	0
-1.70799	2.79836	-0.321659	-1.70799	2.79836	0
-0.705505	3.79955	-0.302839	-0.705505	3.79955	0
0.336539	3.81321	-0.353072	0.336539	3.81321	0
1.35456	3.75882	-0.331879	1.35456	3.75882	0
2.4041	3.74643	-0.335736	2.4041	3.74643	0
3.44846	3.78074	-0.312343	3.44846	3.78074	0
4.49408	3.75114	-0.296318	4.49408	3.75114	0
5.53543	3.73707	-0.310771	5.53543	3.73707	0
6.582	3.76574	-0.332944	6.582	3.76574	0
7.60891	3.80209	-0.333086	7.60891	3.80209	0
8.66508	3.80804	-0.297143	8.66508	3.80804	0
9.68958	3.79951	-0.3382	9.68958	3.79951	0
10.7421	3.85256	-0.337807	10.7421	3.85256	0
11.7599	3.8776	-0.312356	11.7599	3.8776	0
-10.9947	3.84634	-0.312277	-10.9947	3.84634	0
-9.97013	3.80702	-0.321694	-9.97013	3.80702	0
-8.96856	3.77656	-0.277736	-8.96856	3.77656	0
-8.01231	3.83004	-0.3321	-8.01231	3.83004	0
-6.91415	3.8351	-0.307958	-6.91415	3.8351	0
-5.88181	3.87007	-0.320463	-5.88181	3.87007	0
-4.80625	3.84364	-0.268265	-4.80625	3.84364	0
-3.8271	3.81042	-0.3295	-3.8271	3.81042	0
-2.72118	3.78899	-0.296066	-2.72118	3.78899	0
-1.74637	3.79521	-0.321215	-1.74637	3.79521	0
-0.667191	4.80898	-0.319164	-0.667191	4.80898	0
0.369734	4.903	-0.317723	0.369734	4.903	0
1.40105	4.77347	-0.320476	1.40105	4.77347	0
2.40007	4.76047	-0.334425	2.40007	4.76047	0
3.45612	4.75757	-0.323909	3.45612	4.75757	0
4.45944	4.72863	-0.303824	4.45944	4.72863	0
5.55765	4.78167	-0.306513	5.55765	4.78167	0
6.57227	4.83722	-0.315786	6.57227	4.83722	0
7.61057	4.82086	-0.299789	7.61057	4.82086	0
8.69255	4.8233	-0.297665	8.69255	4.8233	0
9.71234	4.81678	-0.325367	9.71234	4.81678	0
10.6989	4.91293	-0.31288	10.6989	4.91293	0
11.7477	4.85953	-0.323596	11.7477	4.85953	0
-10.9971	4.86721	-0.301487	-10.9971	4.86721	0
-10.0141	4.81467	-0.29873	-10.0141	4.81467	0
-8.99347	4.79636	-0.314328	-8.99347	4.79636	0
-7.97097	4.8319	-0.348057	-7.97097	4.8319	0
-6.87941	4.85078	-0.319315	-6.87941	4.85078	0
-5.82498	4.91023	-0.301172	-5.82498	4.91023	0
-4.8893	4.8789	-0.313778	-4.8893	4.8789	0
-3.76616	4.83438	-0.330958	-3.76616	4.83438	0
-2.76554	4.83305	-0.297497	-2.76554	4.83305	0
-1.72999	4.85465	-0.29525	-1.72999	4.85465	0
-0.626403	5.9161	-0.314938	-0.626403	5.9161	0
0.375772	5.91115	-0.31561	0.375772	5.91115	0
1.40383	5.78079	-0.316653	1.40383	5.78079	0
2.444	5.79254	-0.322386	2.444	5.79254	0
3.51591	5.78585	-0.322577	3.51591	5.78585	0
4.54416	5.74898	-0.315759	4.54416	5.74898	0
5.53109	5.86136	-0.321063	5.53109	5.86136	0
6.59266	5.80185	-0.30974	6.59266	5.80185	0
7.59332	5.81751	-0.319057	7.59332	5.81751	0
8.66357	5.86057	-0.326435	8.66357	5.86057	0
9.69712	5.80746	-0.320447	9.69712	5.80746	0
10.7595	5.90497	-0.318869	10.7595	5.90497	0
11.7762	5.90524	-0.308501	11.7762	5.90524	0
-10.9886	5.95323	-0.327979	-10.9886	5.95323	0
-9.97518	5.90954	-0.317113	-9.97518	5.90954	0
-8.92939	5.89137	-0.299591	-8.92939	5.89137	0
-7.92447	5.80402	-0.277431	-7.92447	5.80402	0
-6.90735	5.87571	-0.314318	-6.90735	5.87571	0
-5.89946	5.92668	-0.339856	-5.89946	5.92668	0
-4.83508	5.92415	-0.307339	-4.83508	5.92415	0
-3.77267	5.84254	-0.3388	-3.77267	5.84254	0
-2.72414	5.85768	-0.327901	-2.72414	5.85768	0
-1.70331	5.87229	-0.314774	-1.70331	5.87229	0
-0.63011	6.90237	-0.32461	-0.63011	6.90237	0
0.430334	6.92196	-0.317344	0.430334	6.92196	0
1.44646	6.81178	-0.346723	1.44646	6.81178	0
2.48823	6.81908	-0.318493	2.48823	6.81908	0
3.54856	6.82578	-0.305008	3.54856	6.82578	0
4.53727	6.80225	-0.324042	4.53727	6.80225	0
5.52838	6.83677	-0.338538	5.52838	6.83677	0
6.54053	6.8315	-0.316106	6.54053	6.8315	0
7.58362	6.85991	-0.312533	7.58362	6.85991	0
8.63464	6.93525	-0.338761	8.63464	6.93525	0
9.66505	6.87241	-0.331509	9.66505	6.87241	0
10.7172	6.88998	-0.308074	10.7172	6.88998	0
11.7997	6.94841	-0.321853	11.7997	6.94841	0
-11.0409	6.94896	-0.310937	-11.0409	6.94896	0
-10.0214	6.92625	-0.33665	-10.0214	6.92625	0
-8.99736	6.93587	-0.326547	-8.99736	6.93587	0
-7.96418	6.9133	-0.30061	-7.96418	6.9133	0
-6.90405	6.95585	-0.333214	-6.90405	6.95585	0
-5.90272	6.96553	-0.298329	-5.90272	6.96553	0
-4.7962	6.97536	-0.298585	-4.7962	6.97536	0
-3.76284	6.95408	-0.281105	-3.76284	6.95408	0
-2.73387	6.94304	-0.304139	-2.73387	6.94304	0
-1.69177	6.92412	-0.312418	-1.69177	6.92412	0
-0.645352	7.89691	-0.331544	-0.645352	7.89691	0
0.390847	7.90883	-0.325653	0.390847	7.90883	0
1.41817	7.82837	-0.33121	1.41817	7.82837	0
2.43882	7.81888	-0.285332	2.43882	7.81888	0
3.50698	7.84756	-0.306038	3.50698	7.84756	0
4.58868	7.8102	-0.307514	4.58868	7.8102	0
5.59716	7.90461	-0.320387	5.59716	7.90461	0
6.54825	7.98937	-0.338177	6.54825	7.98937	0
7.57183	7.90607	-0.31915	7.57183	7.90607	0
8.64946	7.9354	-0.30769	8.64946	7.9354	0
9.65747	7.86243	-0.332594	9.65747	7.86243	0
10.7132	7.91374	-0.339838	10.7132	7.91374	0
11.7311	7.96041	-0.30633	11.7311	7.96041	0
-11.0582	7.98483	-0.344496	-11.0582	7.98483	0
-10.0019	7.96489	-0.32742	-10.0019	7.96489	0
-8.97651	7.93445	-0.314714	-8.97651	7.93445	0
-7.90857	7.91266	-0.323226	-7.90857	7.91266	0
-6.89064	7.98421	-0.310065	-6.89064	7.98421	0
-5.82814	7.99273	-0.315663	-5.82814	7.99273	0
-4.82907	7.95186	-0.313616	-4.82907	7.95186	0
-3.81737	7.95748	-0.330091	-3.81737	7.95748	0
-2.6952	7.99187	-0.325682	-2.6952	7.99187	0
-1.6864	7.96756	-0.322681	-1.6864	7.96756	0
-0.682916	8.93653	-0.303539	-0.682916	8.93653	0
0.324624	8.88681	-0.309839	0.324624	8.88681	0
1.41091	8.90776	-0.306728	1.41091	8.90776	0
2.48818	8.84928	-0.304817	2.48818	8.84928	0
3.56237	8.86501	-0.28895	3.56237	8.86501	0
4.52874	8.91005	-0.297543	4.52874	8.91005	0
5.57239	8.90527	-0.323769	5.57239	8.90527	0
6.60717	9.0516	-0.305151	6.60717	9.0516	0
7.56768	8.95719	-0.295055	7.56768	8.95719	0
8.62542	8.97221	-0.327264	8.62542	8.97221	0
9.65947	8.91001	-0.344984	9.65947	8.91001	0
10.7446	8.96226	-0.323877	10.7446	8.96226	0
11.7182	9.03857	-0.343427	11.7182	9.03857	0
-11.0133	9.02759	-0.341806	-11.0133	9.02759	0
-10.0375	8.96665	-0.324473	-10.0375	8.96665	0
-8.91152	9.00583	-0.324386	-8.91152	9.00583	0
-7.90657	8.99274	-0.29579	-7.90657	8.99274	0
-6.87271	8.97968	-0.318078	-6.87271	8.97968	0
-5.85926	9.01783	-0.315156	-5.85926	9.01783	0
-4.86188	8.95466	-0.315167	-4.86188	8.95466	0
-3.84266	9.0105	-0.317614	-3.84266	9.0105	0
-2.77729	8.98922	-0.314465	-2.77729	8.98922	0
-1.69619	9.01358	-0.320317	-1.69619	9.01358	0
-0.611329	9.95834	-0.33259	-0.611329	9.95834	0
0.370502	9.93361	-0.322026	0.370502	9.93361	0
1.40358	9.90772	-0.307863	1.40358	9.90772	0
2.37949	9.9164	-0.326821	2.37949	9.9164	0
3.44124	9.88114	-0.332392	3.44124	9.88114	0
4.47456	9.97383	-0.332943	4.47456	9.97383	0
5.58223	10.0218	-0.324201	5.58223	10.0218	0
6.5835	10.0329	-0.30534	6.5835	10.0329	0
7.6621	10.002	-0.33084	7.6621	10.002	0
8.65496	9.9493	-0.315446	8.65496	9.9493	0
9.71739	9.96601	-0.304224	9.71739	9.96601	0
10.7194	10.0496	-0.336074	10.7194	10.0496	0
11.7523	10.0575	-0.330172	11.7523	10.0575	0
-10.9708	10.0646	-0.300314	-10.9708	10.0646	0
-9.99829	9.9533	-0.328957	-9.99829	9.9533	0
-8.98503	10.0233	-0.316209	-8.98503	10.0233	0
-7.92273	9.98217	-0.335532	-7.92273	9.98217	0
-6.93609	10.1052	-0.330525	-6.93609	10.1052	0
-5.86131	10.1176	-0.319136	-5.86131	10.1176	0
-4.85349	9.9603	-0.315564	-4.85349	9.9603	0
-3.8476	10.0348	-0.306645	-3.8476	10.0348	0
-2.76624	10.0257	-0.318709	-2.76624	10.0257	0
-1.72059	10.0172	-0.315148	-1.72059	10.0172	0
-0.693831	10.9627	-0.310446	-0.693831	10.9627	0
0.339048	10.9571	-0.297215	0.339048	10.9571	0
1.44039	10.9713	-0.354028	1.44039	10.9713	0
2.48875	10.939	-0.314541	2.48875	10.939	0
3.47749	10.9522	-0.305427	3.47749	10.9522	0
4.49211	10.9719	-0.313345	4.49211	10.9719	0
5.52789	11.0375	-0.346257	5.52789	11.0375	0
6.61852	11.076	-0.314383	6.61852	11.076	0
7.61506	11.0191	-0.311622	7.61506	11.0191	0
8.59114	10.9872	-0.311565	8.59114	10.9872	0
9.63461	11.0452	-0.328096	9.63461	11.0452	0
10.6685	11.0125	-0.294568	10.6685	11.0125	0
11.7297	11.0835	-0.338022	11.7297	11.0835	0
-10.9959	11.0733	-0.319712	-10.9959	11.0733	0
-9.97909	11.0731	-0.316975	-9.97909	11.0731	0
-8.99806	11.0305	-0.354988	-8.99806	11.0305	0
-7.92708	11.0585	-0.327627	-7.92708	11.0585	0
-6.85428	11.1389	-0.323076	-6.85428	11.1389	0
-5.8424	11.1326	-0.354624	-5.8424	11.1326	0
-4.81999	11.0417	-0.313773	-4.81999	11.0417	0
-3.80208	11.0478	-0.314886	-3.80208	11.0478	0
-2.78257	10.9938	-0.312972	-2.78257	10.9938	0
-1.75052	10.9468	-0.310518	-1.75052	10.9468	0
-0.621168	-11.7387	-0.30597	-0.621168	-11.7387	0
0.391825	-11.8208	-0.311843	0.391825	-11.8208	0
1.39559	-11.7837	-0.315824	1.39559	-11.7837	0
2.46177	-11.8148	-0.339119	2.46177	-11.8148	0
3.51999	-11.7984	-0.28544	3.51999	-11.7984	0
4.54778	-11.7974	-0.327195	4.54778	-11.7974	0
5.643	-11.7884	-0.330158	5.643	-11.7884	0
6.61957	-11.6801	-0.320823	6.61957	-11.6801	0
7.63566	-11.6567	-0.350207	7.63566	-11.6567	0
8.68608	-11.7348	-0.32015	8.68608	-11.7348	0
9.70886	-11.6594	-0.291677	9.70886	-11.6594	0
10.716	-11.7006	-0.320091	10.716	-11.7006	0
11.7353	-11.6354	-0.331003	11.7353	-11.6354	0
-10.9538	-11.6572	-0.319472	-10.9538	-11.6572	0
-9.93279	-11.69	-0.305111	-9.93279	-11.69	0
-8.96063	-11.722	-0.310175	-8.96063	-11.722	0
-7.90284	-11.6667	-0.295334	-7.90284	-11.6667	0
-6.86449	-11.6283	-0.324432	-6.86449	-11.6283	0
-5.85097	-11.687	-0.316182	-5.85097	-11.687	0
-4.85895	-11.6912	-0.304707	-4.85895	-11.6912	0
-3.80983	-11.7033	-0.311235	-3.80983	-11.7033	0
-2.75443	-11.7452	-0.296719	-2.75443	-11.7452	0
-1.70078	-11.7797	-0.310043	-1.70078	-11.7797	0
-0.665366	-10.7055	-0.310073	-0.665366	-10.7055	0
0.406256	-10.7973	-0.286489	0.406256	-10.7973	0
1.39778	-10.7631	-0.292639	1.39778	-10.7631	0
2.41909	-10.8059	-0.311328	2.41909	-10.8059	0
3.48103	-10.7465	-0.322432	3.48103	-10.7465	0
4.55302	-10.7365	-0.315855	4.55302	-10.7365	0
5.52812	-10.8012	-0.322474	5.52812	-10.8012	0
6.61208	-10.6508	-0.33467	6.61208	-10.6508	0
7.61722	-10.6663	-0.288329	7.61722	-10.6663	0
8.68379	-10.7195	-0.323323	8.68379	-10.7195	0
9.71696	-10.6686	-0.293198	9.71696	-10.6686	0
10.7602	-10.6493	-0.309126	10.7602	-10.6493	0
11.8173	-10.6242	-0.309892	11.8173	-10.6242	0
-11.0149	-10.629	-0.292382	-11.0149	-10.629	0
-9.96996	-10.6089	-0.310764	-9.96996	-10.6089	0
-8.91674	-10.6496	-0.338758	-8.91674	-10.6496	0
-7.91706	-10.6102	-0.316623	-7.91706	-10.6102	0
-6.87948	-10.6028	-0.305655	-6.87948	-10.6028	0
-5.84719	-10.6783	-0.306685	-5.84719	-10.6783	0
-4.78417	-10.7014	-0.317486	-4.78417	-10.7014	0
-3.79915	-10.7249	-0.290749	-3.79915	-10.7249	0
-2.74531	-10.7417	-0.309773	-2.74531	-10.7417	0
-1.70212	-10.7178	-0.296326	-1.70212	-10.7178	0
-0.685662	-9.6501	-0.327418	-0.685662	-9.6501	0
0.3358	-9.79726	-0.329761	0.3358	-9.79726	0
1.38785	-9.66562	-0.309473	1.38785	-9.66562	0
2.45539	-9.74755	-0.346508	2.45539	-9.74755	0
3.52126	-9.74365	-0.314895	3.52126	-9.74365	0
4.52573	-9.68074	-0.326409	4.52573	-9.68074	0
5.54367	-9.68528	-0.323732	5.54367	-9.68528	0
6.62403	-9.67959	-0.324644	6.62403	-9.67959	0
7.62391	-9.63446	-0.344077	7.62391	-9.63446	0
8.66775	-9.68804	-0.320771	8.66775	-9.68804	0
9.67097	-9.6159	-0.316606	9.67097	-9.6159	0
10.7758	-9.64624	-0.314758	10.7758	-9.64624	0
11.7331	-9.59108	-0.289331	11.7331	-9.59108	0
-11.039	-9.6486	-0.310342	-11.039	-9.6486	0
-10.0049	-9.52571	-0.314232	-10.0049	-9.52571	0
-8.95885	-9.5561	-0.308311	-8.95885	-9.5561	0
-7.94848	-9.60049	-0.308675	-7.94848	-9.60049	0
-6.90781	-9.52563	-0.321652	-6.90781	-9.52563	0
-5.90135	-9.65355	-0.306745	-5.90135	-9.65355	0
-4.84348	-9.61971	-0.32647	-4.84348	-9.61971	0
-3.84117	-9.67602	-0.329627	-3.84117	-9.67602	0
-2.7425	-9.67658	-0.30895	-2.7425	-9.67658	0
-1.71679	-9.68963	-0.309568	-1.71679	-9.68963	0
-0.638926	-8.67494	-0.317536	-0.638926	-8.67494	0
0.348158	-8.71552	-0.341098	0.348158	-8.71552	0
1.42971	-8.63068	-0.30272	1.42971	-8.63068	0
2.50862	-8.6856	-0.338341	2.50862	-8.6856	0
3.53491	-8.6765	-0.290652	3.53491	-8.6765	0
4.60608	-8.59913	-0.303319	4.60608	-8.59913	0
5.56651	-8.66863	-0.306154	5.56651	-8.66863	0
6.59093	-8.60962	-0.342977	6.59093	-8.60962	0
7.65169	-8.61023	-0.323044	7.65169	-8.61023	0
8.6269	-8.60319	-0.28701	8.6269	-8.60319	0
9.7126	-8.56777	-0.342864	9.7126	-8.56777	0
10.7257	-8.61701	-0.324051	10.7257	-8.61701	0
11.7778	-8.5723	-0.325375	11.7778	-8.5723	0
-11.0109	-8.49591	-0.333482	-11.0109	-8.49591	0
-9.99199	-8.53019	-0.304585	-9.99199	-8.53019	0
-8.94261	-8.5519	-0.313946	-8.94261	-8.5519	0
-7.88752	-8.54959	-0.315949	-7.88752	-8.54959	0
-6.87779	-8.54698	-0.322381	-6.87779	-8.54698	0
-5.84512	-8.59112	-0.304379	-5.84512	-8.59112	0
-4.78529	-8.6143	-0.332202	-4.78529	-8.6143	0
-3.79644	-8.70007	-0.311467	-3.79644	-8.70007	0
-2.69927	-8.58871	-0.349162	-2.69927	-8.58871	0
-1.70763	-8.64597	-0.309529	-1.70763	-8.64597	0
-0.65802	-7.57678	-0.327748	-0.65802	-7.57678	0
0.343512	-7.6238	-0.301753	0.343512	-7.6238	0
1.40803	-7.66024	-0.309737	1.40803	-7.66024	0
2.4982	-7.6519	-0.276591	2.4982	-7.6519	0
3.50193	-7.69255	-0.299463	3.50193	-7.69255	0
4.53511	-7.55048	-0.357007	4.53511	-7.55048	0
5.58561	-7.62988	-0.341976	5.58561	-7.62988	0
6.55994	-7.60427	-0.30545	6.55994	-7.60427	0
7.63737	-7.59357	-0.321568	7.63737	-7.59357	0
8.69282	-7.5524	-0.325314	8.69282	-7.5524	0
9.71262	-7.5281	-0.320476	9.71262	-7.5281	0
10.7245	-7.5516	-0.323359	10.7245	-7.5516	0
11.7596	-7.54402	-0.325365	11.7596	-7.54402	0
-11.0222	-7.5341	-0.300516	-11.0222	-7.5341	0
-10.0282	-7.51503	-0.330294	-10.0282	-7.51503	0
-8.96368	-7.46043	-0.32391	-8.96368	-7.46043	0
-7.90478	-7.51923	-0.310116	-7.90478	-7.51923	0
-6.84884	-7.5181	-0.311707	-6.84884	-7.5181	0
-5.8123	-7.56053	-0.294396	-5.8123	-7.56053	0
-4.77085	-7.61615	-0.306394	-4.77085	-7.61615	0
-3.7603	-7.63326	-0.317468	-3.7603	-7.63326	0
-2.79312	-7.59269	-0.332978	-2.79312	-7.59269	0
-1.71	-7.64382	-0.305631	-1.71	-7.64382	0
-0.72201	-6.54687	-0.321094	-0.72201	-6.54687	0
0.31718	-6.56066	-0.309232	0.31718	-6.56066	0
1.43202	-6.58825	-0.312266	1.43202	-6.58825	0
2.43178	-6.6222	-0.310468	2.43178	-6.6222	0
3.46382	-6.6022	-0.314243	3.46382	-6.6022	0
4.51884	-6.53059	-0.317231	4.51884	-6.53059	0
5.54908	-6.56575	-0.31619	5.54908	-6.56575	0
6.58394	-6.57578	-0.318147	6.58394	-6.57578	0
7.5989	-6.55931	-0.318733	7.5989	-6.55931	0
8.69932	-6.48025	-0.309743	8.69932	-6.48025	0
9.69732	-6.5325	-0.30801	9.69732	-6.5325	0
10.7208	-6.50554	-0.305586	10.7208	-6.50554	0
11.7234	-6.51492	-0.307653	11.7234	-6.51492	0
-11.0125	-6.4862	-0.308129	-11.0125	-6.4862	0
-9.98333	-6.51505	-0.338241	-9.98333	-6.51505	0
-8.9622	-6.50348	-0.315933	-8.9622	-6.50348	0
-7.85809	-6.51	-0.31839	-7.85809	-6.51	0
-6.8645	-6.48689	-0.332592	-6.8645	-6.48689	0
-5.74585	-6.45623	-0.341292	-5.74585	-6.45623	0
-4.7865	-6.60238	-0.319214	-4.7865	-6.60238	0
-3.77007	-6.5728	-0.307756	-3.77007	-6.5728	0
-2.78136	-6.53742	-0.330682	-2.78136	-6.53742	0
-1.73455	-6.62549	-0.353905	-1.73455	-6.62549	0
-0.755016	-5.51762	-0.333286	-0.755016	-5.51762	0
0.373433	-5.57071	-0.324718	0.373433	-5.57071	0
1.39329	-5.54072	-0.345205	1.39329	-5.54072	0
2.41403	-5.56611	-0.300635	2.41403	-5.56611	0
3.44878	-5.48154	-0.295011	3.44878	-5.48154	0
4.50411	-5.49694	-0.312952	4.50411	-5.49694	0
5.53532	-5.49585	-0.289165	5.53532	-5.49585	0
6.54759	-5.54844	-0.325279	6.54759	-5.54844	0
7.62704	-5.52651	-0.294696	7.62704	-5.52651	0
8.68889	-5.47659	-0.329448	8.68889	-5.47659	0
9.7394	-5.46565	-0.339647	9.7394	-5.46565	0
10.741	-5.46236	-0.338141	10.741	-5.46236	0
11.7646	-5.48051	-0.337155	11.7646	-5.48051	0
-10.9847	-5.48701	-0.341818	-10.9847	-5.48701	0
-9.95794	-5.45862	-0.29409	-9.95794	-5.45862	0
-8.90322	-5.46513	-0.350033	-8.90322	-5.46513	0
-7.86977	-5.44979	-0.33677	-7.86977	-5.44979	0
-6.84653	-5.43588	-0.339051	-6.84653	-5.43588	0
-5.84346	-5.43875	-0.32785	-5.84346	-5.43875	0
-4.80584	-5.52376	-0.289479	-4.80584	-5.52376	0
-3.81988	-5.50487	-0.31889	-3.81988	-5.50487	0
-2.765	-5.5613	-0.305227	-2.765	-5.5613	0
-1.75626	-5.57608	-0.330202	-1.75626	-5.57608	0
-0.738159	-4.49186	-0.31564	-0.738159	-4.49186	0
0.315069	-4.52755	-0.320294	0.315069	-4.52755	0
1.37666	-4.53363	-0.329881	1.37666	-4.53363	0
2.37514	-4.50858	-0.303397	2.37514	-4.50858	0
3.46627	-4.49257	-0.29377	3.46627	-4.49257	0
4.52823	-4.46696	-0.320318	4.52823	-4.46696	0
5.50764	-4.44706	-0.318631	5.50764	-4.44706	0
6.58951	-4.49568	-0.310651	6.58951	-4.49568	0
7.65945	-4.49232	-0.328102	7.65945	-4.49232	0
8.67915	-4.44164	-0.301446	8.67915	-4.44164	0
9.68345	-4.41714	-0.348288	9.68345	-4.41714	0
10.7631	-4.38776	-0.31253	10.7631	-4.38776	0
11.7447	-4.46112	-0.340586	11.7447	-4.46112	0
-11.0023	-4.48563	-0.337862	-11.0023	-4.48563	0
-9.97566	-4.44705	-0.287204	-9.97566	-4.44705	0
-8.90423	-4.38634	-0.325382	-8.90423	-4.38634	0
-7.88833	-4.45217	-0.31285	-7.88833	-4.45217	0
-6.89566	-4.37182	-0.315797	-6.89566	-4.37182	0
-5.84723	-4.40432	-0.318654	-5.84723	-4.40432	0
-4.87343	-4.42575	-0.306782	-4.87343	-4.42575	0
-3.86791	-4.52548	-0.323983	-3.86791	-4.52548	0
-2.82724	-4.58493	-0.295111	-2.82724	-4.58493	0
-1.75603	-4.54628	-0.313425	-1.75603	-4.54628	0
-0.680845	-3.49269	-0.289362	-0.680845	-3.49269	0
0.311034	-3.4365	-0.306123	0.311034	-3.4365	0
1.32306	-3.53391	-0.308604	1.32306	-3.53391	0
2.31383	-3.47287	-0.32084	2.31383	-3.47287	0
3.36612	-3.51359	-0.332863	3.36612	-3.51359	0
4.45107	-3.47042	-0.349604	4.45107	-3.47042	0
5.52452	-3.45128	-0.307125	5.52452	-3.45128	0
6.52582	-3.49071	-0.315726	6.52582	-3.49071	0
7.64857	-3.51343	-0.320981	7.64857	-3.51343	0
8.63243	-3.4354	-0.296725	8.63243	-3.4354	0
9.6623	-3.36137	-0.307309	9.6623	-3.36137	0
10.709	-3.39435	-0.348993	10.709	-3.39435	0
11.7265	-3.40922	-0.330624	11.7265	-3.40922	0
-11.0343	-3.50162	-0.328836	-11.0343	-3.50162	0
-9.96994	-3.43607	-0.307277	-9.96994	-3.43607	0
-8.98129	-3.39563	-0.297187	-8.98129	-3.39563	0
-7.92703	-3.35724	-0.318394	-7.92703	-3.35724	0
-6.89888	-3.35974	-0.324478	-6.89888	-3.35974	0
-5.86436	-3.38484	-0.31978	-5.86436	-3.38484	0
-4.82889	-3.42462	-0.309496	-4.82889	-3.42462	0
-3.83633	-3.47577	-0.306115	-3.83633	-3.47577	0
-2.81271	-3.52501	-0.310301	-2.81271	-3.52501	0
-1.71117	-3.44922	-0.320803	-1.71117	-3.44922	0
-0.736969	-2.39747	-0.326062	-0.736969	-2.39747	0
0.342087	-2.40009	-0.328152	0.342087	-2.40009	0
1.3466	-2.45582	-0.329079	1.3466	-2.45582	0
2.4149	-2.44932	-0.280149	2.4149	-2.44932	0
3.40605	-2.47292	-0.292884	3.40605	-2.47292	0
4.44369	-2.48773	-0.323039	4.44369	-2.48773	0
5.46329	-2.39249	-0.332324	5.46329	-2.39249	0
6.49585	-2.43698	-0.326764	6.49585	-2.43698	0
7.56213	-2.43489	-0.331525	7.56213	-2.43489	0
8.62826	-2.42808	-0.3186	8.62826	-2.42808	0
9.65261	-2.30547	-0.31642	9.65261	-2.30547	0
10.7557	-2.32761	-0.337317	10.7557	-2.32761	0
11.7324	-2.37595	-0.312555	11.7324	-2.37595	0
-11.009	-2.44148	-0.322565	-11.009	-2.44148	0
-10.0182	-2.42416	-0.332315	-10.0182	-2.42416	0
-8.98319	-2.37758	-0.319413	-8.98319	-2.37758	0
-7.93304	-2.3622	-0.325317	-7.93304	-2.3622	0
-6.93199	-2.33731	-0.334492	-6.93199	-2.33731	0
-5.88544	-2.37828	-0.335614	-5.88544	-2.37828	0
-4.85635	-2.36067	-0.309873	-4.85635	-2.36067	0
-3.81181	-2.45747	-0.291322	-3.81181	-2.45747	0
-2.7698	-2.44481	-0.307667	-2.7698	-2.44481	0
-1.74934	-2.41392	-0.32705	-1.74934	-2.41392	0
-0.683707	-1.37943	-0.304051	-0.683707	-1.37943	0
0.263763	-1.39167	-0.317388	0.263763	-1.39167	0
1.30164	-1.39112	-0.322206	1.30164	-1.39112	0
2.36652	-1.45694	-0.323488	2.36652	-1.45694	0
3.48317	-1.40413	-0.336452	3.48317	-1.40413	0
4.51371	-1.42141	-0.31048	4.51371	-1.42141	0
5.48104	-1.41082	-0.329712	5.48104	-1.41082	0
6.55713	-1.42139	-0.306793	6.55713	-1.42139	0
7.63566	-1.42244	-0.298347	7.63566	-1.42244	0
8.69337	-1.38593	-0.317598	8.69337	-1.38593	0
9.71669	-1.33613	-0.326315	9.71669	-1.33613	0
10.7502	-1.32683	-0.304584	10.7502	-1.32683	0
11.8014	-1.37123	-0.337444	11.8014	-1.37123	0
-10.9883	-1.35669	-0.336004	-10.9883	-1.35669	0
-9.99891	-1.34631	-0.312684	-9.99891	-1.34631	0
-8.98896	-1.34239	-0.323019	-8.98896	-1.34239	0
-7.94376	-1.32298	-0.328309	-7.94376	-1.32298	0
-6.9121	-1.2922	-0.298669	-6.9121	-1.2922	0
-5.86184	-1.33483	-0.326694	-5.86184	-1.33483	0
-4.84214	-1.35066	-0.295247	-4.84214	-1.35066	0
-3.8134	-1.38347	-0.335725	-3.8134	-1.38347	0
-2.7646	-1.39502	-0.315671	-2.7646	-1.39502	0
-1.72715	-1.39279	-0.335096	-1.72715	-1.39279	0
-0.148657	0.184483	0.293428	-0.148657	0.184483	0
0.857543	0.180829	0.340819	0.857543	0.180829	0
1.92863	0.114801	0.298219	1.92863	0.114801	0
2.89701	0.124668	0.317826	2.89701	0.124668	0
3.91589	0.134648	0.340996	3.91589	0.134648	0
4.94837	0.0748991	0.319467	4.94837	0.0748991	0
6.06604	0.148938	0.286909	6.06604	0.148938	0
7.06	0.161982	0.309742	7.06	0.161982	0
8.10768	0.0929909	0.318941	8.10768	0.0929909	0
9.12284	0.224378	0.31041	9.12284	0.224378	0
10.13	0.240867	0.336036	10.13	0.240867	0
11.1923	0.221562	0.2954	11.1923	0.221562	0
-11.5321	0.232163	0.313035	-11.5321	0.232163	0
-10.5655	0.210978	0.314188	-10.5655	0.210978	0
-9.49268	0.164288	0.320419	-9.49268	0.164288	0
-8.47831	0.211372	0.314552	-8.47831	0.211372	0
-7.41741	0.206865	0.349287	-7.41741	0.206865	0
-6.35116	0.26906	0.319615	-6.35116	0.26906	0
-5.32464	0.168528	0.336873	-5.32464	0.168528	0
-4.25815	0.22979	0.305117	-4.25815	0.22979	0
-3.233	0.198693	0.342312	-3.233	0.198693	0
-2.23272	0.195203	0.303821	-2.23272	0.195203	0
-1.20466	0.185969	0.332888	-1.20466	0.185969	0
-0.131689	1.2403	0.305294	-0.131689	1.2403	0
0.89576	1.24034	0.304588	0.89576	1.24034	0
1.92544	1.16836	0.315225	1.92544	1.16836	0
2.97488	1.18257	0.321091	2.97488	1.18257	0
3.98154	1.22194	0.314392	3.98154	1.22194	0
5.0261	1.11976	0.321475	5.0261	1.11976	0
5.98297	1.20671	0.344069	5.98297	1.20671	0
7.06962	1.22029	0.340936	7.06962	1.22029	0
8.05814	1.16796	0.343045	8.05814	1.16796	0
9.11407	1.20218	0.298416	9.11407	1.20218	0
10.1799	1.27371	0.294465	10.1799	1.27371	0
11.1759	1.24177	0.323018	11.1759	1.24177	0
-11.5332	1.27818	0.298466	-11.5332	1.27818	0
-10.5194	1.25267	0.336652	-10.5194	1.25267	0
-9.50925	1.22351	0.350781	-9.50925	1.22351	0
-8.4161	1.20747	0.315091	-8.4161	1.20747	0
-7.41291	1.21173	0.288463	-7.41291	1.21173	0
-6.36374	1.27638	0.332743	-6.36374	1.27638	0
-5.34481	1.19734	0.32769	-5.34481	1.19734	0
-4.2844	1.26039	0.286744	-4.2844	1.26039	0
-3.28546	1.17176	0.298449	-3.28546	1.17176	0
-2.2962	1.18308	0.301635	-2.2962	1.18308	0
-1.21678	1.25191	0.31294	-1.21678	1.25191	0
-0.148026	2.26784	0.343334	-0.148026	2.26784	0
0.854527	2.25026	0.315237	0.854527	2.25026	0
1.87092	2.18028	0.287808	1.87092	2.18028	0
2.90072	2.22681	0.306215	2.90072	2.22681	0
3.96892	2.18116	0.287534	3.96892	2.18116	0
5.05708	2.18016	0.308033	5.05708	2.18016	0
6.06053	2.17647	0.317029	6.06053	2.17647	0
7.11103	2.23598	0.286653	7.11103	2.23598	0
8.16798	2.1807	0.330878	8.16798	2.1807	0
9.14505	2.23276	0.324987	9.14505	2.23276	0
10.1761	2.31338	0.321079	10.1761	2.31338	0
11.1811	2.24747	0.333382	11.1811	2.24747	0
-11.5245	2.32097	0.3337	-11.5245	2.32097	0
-10.5312	2.25036	0.322003	-10.5312	2.25036	0
-9.47142	2.26189	0.330089	-9.47142	2.26189	0
-8.42438	2.29967	0.301477	-8.42438	2.29967	0
-7.42498	2.29208	0.294011	-7.42498	2.29208	0
-6.38906	2.26566	0.3173	-6.38906	2.26566	0
-5.38816	2.19311	0.306818	-5.38816	2.19311	0
-4.30172	2.25504	0.315629	-4.30172	2.25504	0
-3.25621	2.26324	0.288471	-3.25621	2.26324	0
-2.23088	2.24649	0.288177	-2.23088	2.24649	0
-1.19717	2.25393	0.310735	-1.19717	2.25393	0
-0.160387	3.34138	0.323785	-0.160387	3.34138	0
0.821909	3.29712	0.320957	0.821909	3.29712	0
1.89654	3.28314	0.296326	1.89654	3.28314	0
2.93707	3.22806	0.301356	2.93707	3.22806	0
3.99006	3.27612	0.326684	3.99006	3.27612	0
5.01111	3.24141	0.327281	5.01111	3.24141	0
6.04567	3.25873	0.327239	6.04567	3.25873	0
7.05065	3.24372	0.301963	7.05065	3.24372	0
8.14058	3.25046	0.312208	8.14058	3.25046	0
9.15631	3.27998	0.316906	9.15631	3.27998	0
10.2138	3.31038	0.289704	10.2138	3.31038	0
11.2006	3.32212	0.320964	11.2006	3.32212	0
-11.5159	3.34351	0.316916	-11.5159	3.34351	0
-10.5304	3.29639	0.305211	-10.5304	3.29639	0
-9.5116	3.26404	0.332817	-9.5116	3.26404	0
-8.44822	3.3077	0.303001	-8.44822	3.3077	0
-7.43132	3.33806	0.316765	-7.43132	3.33806	0
-6.3637	3.28983	0.334053	-6.3637	3.28983	0
-5.361	3.28527	0.296258	-5.361	3.28527	0
-4.35667	3.2891	0.333982	-4.35667	3.2891	0
-3.3163	3.32532	0.309342	-3.3163	3.32532	0
-2.26015	3.22998	0.304243	-2.26015	3.22998	0
-1.22127	3.28027	0.354593	-1.22127	3.28027	0
-0.122883	4.35518	0.333199	-0.122883	4.35518	0
0.87579	4.31186	0.318557	0.87579	4.31186	0
1.87275	4.24465	0.327675	1.87275	4.24465	0
2.93578	4.26204	0.305648	2.93578	4.26204	0
3.96443	4.29365	0.32711	3.96443	4.29365	0
4.99869	4.28613	0.3031	4.99869	4.28613	0
6.06493	4.30611	0.327465	6.06493	4.30611	0
7.11474	4.28465	0.325387	7.11474	4.28465	0
8.15743	4.27717	0.321921	8.15743	4.27717	0
9.19638	4.33393	0.31744	9.19638	4.33393	0
10.1925	4.34971	0.323665	10.1925	4.34971	0
11.1895	4.37108	0.311014	11.1895	4.37108	0
-11.5337	4.38605	0.315897	-11.5337	4.38605	0
-10.507	4.29918	0.352679	-10.507	4.29918	0
-9.49879	4.34779	0.311048	-9.49879	4.34779	0
-8.47955	4.36851	0.309458	-8.47955	4.36851	0
-7.46695	4.30664	0.325967	-7.46695	4.30664	0
-6.41717	4.3241	0.344976	-6.41717	4.3241	0
-5.35362	4.32454	0.327164	-5.35362	4.32454	0
-4.26806	4.36864	0.314305	-4.26806	4.36864	0
-3.28088	4.33468	0.307068	-3.28088	4.33468	0
-2.24525	4.33904	0.315713	-2.24525	4.33904	0
-1.16909	4.29982	0.318314	-1.16909	4.29982	0
-0.156707	5.41223	0.307758	-0.156707	5.41223	0
0.906574	5.38741	0.355093	0.906574	5.38741	0
1.91064	5.33089	0.301134	1.91064	5.33089	0
2.92323	5.27275	0.313693	2.92323	5.27275	0
4.00151	5.24534	0.321283	4.00151	5.24534	0
5.02769	5.2996	0.313086	5.02769	5.2996	0
6.01599	5.33295	0.327362	6.01599	5.33295	0
7.09324	5.29937	0.329109	7.09324	5.29937	0
8.16533	5.31763	0.321962	8.16533	5.31763	0
9.17798	5.37815	0.341329	9.17798	5.37815	0
10.1882	5.39653	0.319054	10.1882	5.39653	0
11.2814	5.35783	0.305651	11.2814	5.35783	0
-11.4893	5.39324	0.309634	-11.4893	5.39324	0
-10.4947	5.41225	0.313715	-10.4947	5.41225	0
-9.48921	5.39622	0.333443	-9.48921	5.39622	0
-8.49977	5.30497	0.307305	-8.49977	5.30497	0
-7.41626	5.30457	0.344386	-7.41626	5.30457	0
-6.36013	5.35441	0.319526	-6.36013	5.35441	0
-5.35053	5.46527	0.297491	-5.35053	5.46527	0
-4.24927	5.3506	0.30829	-4.24927	5.3506	0
-3.24639	5.33224	0.33646	-3.24639	5.33224	0
-2.20883	5.35349	0.336209	-2.20883	5.35349	0
-1.19416	5.36242	0.332035	-1.19416	5.36242	0
-0.146838	6.39061	0.316994	-0.146838	6.39061	0
0.893988	6.41557	0.323679	0.893988	6.41557	0
1.92261	6.30164	0.320682	1.92261	6.30164	0
2.90535	6.29194	0.324795	2.90535	6.29194	0
4.02698	6.26106	0.334065	4.02698	6.26106	0
5.00247	6.31789	0.29584	5.00247	6.31789	0
6.03975	6.33108	0.30177	6.03975	6.33108	0
7.08192	6.31975	0.306659	7.08192	6.31975	0
8.14912	6.39987	0.300621	8.14912	6.39987	0
9.17925	6.41906	0.31649	9.17925	6.41906	0
10.1798	6.40713	0.3183	10.1798	6.40713	0
11.2796	6.35964	0.331717	11.2796	6.35964	0
-11.5086	6.42971	0.322651	-11.5086	6.42971	0
-10.4916	6.45076	0.312641	-10.4916	6.45076	0
-9.48944	6.44043	0.289604	-9.48944	6.44043	0
-8.44942	6.36928	0.309792	-8.44942	6.36928	0
-7.44022	6.389	0.310533	-7.44022	6.389	0
-6.39916	6.39102	0.326789	-6.39916	6.39102	0
-5.38606	6.43563	0.31757	-5.38606	6.43563	0
-4.33825	6.39592	0.316795	-4.33825	6.39592	0
-3.24386	6.38031	0.31483	-3.24386	6.38031	0
-2.2879	6.43365	0.343866	-2.2879	6.43365	0
-1.19777	6.39815	0.318077	-1.19777	6.39815	0
-0.131424	7.38971	0.332247	-0.131424	7.38971	0
0.900538	7.42668	0.324257	0.900538	7.42668	0
1.89427	7.3301	0.312359	1.89427	7.3301	0
3.01993	7.35103	0.313839	3.01993	7.35103	0
4.05097	7.29837	0.32281	4.05097	7.29837	0
5.1057	7.38676	0.317756	5.1057	7.38676	0
6.05391	7.36674	0.294602	6.05391	7.36674	0
7.04385	7.38155	0.307771	7.04385	7.38155	0
8.12041	7.39084	0.307983	8.12041	7.39084	0
9.22716	7.36187	0.306498	9.22716	7.36187	0
10.2065	7.40498	0.341924	10.2065	7.40498	0
11.2156	7.38785	0.322824	11.2156	7.38785	0
-11.5562	7.45857	0.339207	-11.5562	7.45857	0
-10.5769	7.47744	0.334896	-10.5769	7.47744	0
-9.50004	7.4461	0.300536	-9.50004	7.4461	0
-8.49181	7.39294	0.320594	-8.49181	7.39294	0
-7.43298	7.43081	0.312702	-7.43298	7.43081	0
-6.35391	7.46825	0.333868	-6.35391	7.46825	0
-5.34213	7.43189	0.306569	-5.34213	7.43189	0
-4.27366	7.48669	0.324476	-4.27366	7.48669	0
-3.25156	7.45746	0.339533	-3.25156	7.45746	0
-2.18971	7.44191	0.322206	-2.18971	7.44191	0
-1.14183	7.37527	0.318142	-1.14183	7.37527	0
-0.19297	8.405	0.331605	-0.19297	8.405	0
0.872835	8.44603	0.312568	0.872835	8.44603	0
1.93814	8.36487	0.310771	1.93814	8.36487	0
3.00728	8.37392	0.309496	3.00728	8.37392	0
4.04485	8.33376	0.302389	4.04485	8.33376	0
5.05007	8.43428	0.336426	5.05007	8.43428	0
6.08382	8.42529	0.329665	6.08382	8.42529	0
7.08183	8.44892	0.31459	7.08183	8.44892	0
8.05169	8.43838	0.319342	8.05169	8.43838	0
9.1652	8.44417	0.32012	9.1652	8.44417	0
10.2001	8.46267	0.28459	10.2001	8.46267	0
11.2307	8.47968	0.333696	11.2307	8.47968	0
-11.5452	8.52835	0.302284	-11.5452	8.52835	0
-10.5754	8.4776	0.315189	-10.5754	8.4776	0
-9.43039	8.46054	0.298302	-9.43039	8.46054	0
-8.41993	8.41128	0.260159	-8.41993	8.41128	0
-7.38897	8.49948	0.308039	-7.38897	8.49948	0
-6.37831	8.49268	0.272361	-6.37831	8.49268	0
-5.33953	8.43544	0.327747	-5.33953	8.43544	0
-4.3308	8.4944	0.315107	-4.3308	8.4944	0
-3.29204	8.4611	0.305725	-3.29204	8.4611	0
-2.22497	8.46507	0.310513	-2.22497	8.46507	0
-1.22073	8.44875	0.30349	-1.22073	8.44875	0
-0.188596	9.40206	0.338659	-0.188596	9.40206	0
0.837288	9.41776	0.320911	0.837288	9.41776	0
1.95831	9.36843	0.303707	1.95831	9.36843	0
2.96386	9.42162	0.309302	2.96386	9.42162	0
4.02939	9.42759	0.346105	4.02939	9.42759	0
5.03362	9.4346	0.336809	5.03362	9.4346	0
6.0728	9.50934	0.292503	6.0728	9.50934	0
7.16501	9.5414	0.338867	7.16501	9.5414	0
8.14861	9.44602	0.326301	8.14861	9.44602	0
9.15196	9.45365	0.291636	9.15196	9.45365	0
10.1827	9.40197	0.306838	10.1827	9.40197	0
11.2628	9.5252	0.318605	11.2628	9.5252	0
-11.5284	9.53025	0.317944	-11.5284	9.53025	0
-10.5318	9.49212	0.309637	-10.5318	9.49212	0
-9.51719	9.48807	0.332571	-9.51719	9.48807	0
-8.48512	9.51428	0.319266	-8.48512	9.51428	0
-7.37064	9.53281	0.315892	-7.37064	9.53281	0
-6.40239	9.57628	0.266314	-6.40239	9.57628	0
-5.37668	9.49931	0.338026	-5.37668	9.49931	0
-4.33956	9.49938	0.292521	-4.33956	9.49938	0
-3.30728	9.49725	0.320838	-3.30728	9.49725	0
-2.25787	9.43465	0.306378	-2.25787	9.43465	0
-1.21531	9.53158	0.345078	-1.21531	9.53158	0
-0.121937	10.4283	0.315611	-0.121937	10.4283	0
0.900105	10.4371	0.292473	0.900105	10.4371	0
1.89815	10.4362	0.323828	1.89815	10.4362	0
2.95038	10.4321	0.332172	2.95038	10.4321	0
3.95619	10.4184	0.288818	3.95619	10.4184	0
4.99963	10.4913	0.325822	4.99963	10.4913	0
6.05371	10.5483	0.301778	6.05371	10.5483	0
7.07895	10.553	0.335719	7.07895	10.553	0
8.10893	10.4734	0.314407	8.10893	10.4734	0
9.13539	10.4918	0.316873	9.13539	10.4918	0
10.1351	10.5174	0.317028	10.1351	10.5174	0
11.1626	10.5205	0.321333	11.1626	10.5205	0
-11.5283	10.5688	0.32935	-11.5283	10.5688	0
-10.4764	10.5364	0.314698	-10.4764	10.5364	0
-9.45248	10.5261	0.324933	-9.45248	10.5261	0
-8.39861	10.5092	0.33831	-8.39861	10.5092	0
-7.43636	10.541	0.303874	-7.43636	10.541	0
-6.36122	10.6189	0.312767	-6.36122	10.6189	0
-5.35208	10.5741	0.315693	-5.35208	10.5741	0
-4.32496	10.5419	0.341272	-4.32496	10.5419	0
-3.33071	10.5136	0.333036	-3.33071	10.5136	0
-2.26453	10.484	0.335248	-2.26453	10.484	0
-1.24934	10.4965	0.323003	-1.24934	10.4965	0
-0.171514	11.5231	0.340182	-0.171514	11.5231	0
0.916644	11.4549	0.321377	0.916644	11.4549	0
1.9204	11.4495	0.314572	1.9204	11.4495	0
2.96191	11.4615	0.323212	2.96191	11.4615	0
4.04903	11.4669	0.332321	4.04903	11.4669	0
5.09607	11.5436	0.310548	5.09607	11.5436	0
6.12073	11.5394	0.340694	6.12073	11.5394	0
7.11776	11.5921	0.31827	7.11776	11.5921	0
8.11069	11.529	0.296282	8.11069	11.529	0
9.16919	11.5376	0.311262	9.16919	11.5376	0
10.1677	11.541	0.315266	10.1677	11.541	0
11.2421	11.5717	0.312332	11.2421	11.5717	0
-11.5415	11.5912	0.312333	-11.5415	11.5912	0
-10.5274	11.5731	0.329974	-10.5274	11.5731	0
-9.46919	11.5468	0.352073	-9.46919	11.5468	0
-8.48	11.5445	0.315912	-8.48	11.5445	0
-7.42989	11.585	0.313489	-7.42989	11.585	0
-6.3651	11.6254	0.320117	-6.3651	11.6254	0
-5.31409	11.5783	0.321899	-5.31409	11.5783	0
-4.26821	11.567	0.326461	-4.26821	11.567	0
-3.26414	11.5697	0.316632	-3.26414	11.5697	0
-2.26485	11.5203	0.354091	-2.26485	11.5203	0
-1.20934	11.5053	0.317053	-1.20934	11.5053	0
-0.138584	-11.2432	0.311505	-0.138584	-11.2432	0
0.882254	-11.3008	0.312454	0.882254	-11.3008	0
1.94686	-11.297	0.286502	1.94686	-11.297	0
2.94388	-11.2624	0.330017	2.94388	-11.2624	0
4.0122	-11.2658	0.304547	4.0122	-11.2658	0
5.03081	-11.2447	0.309813	5.03081	-11.2447	0
6.11689	-11.2048	0.315292	6.11689	-11.2048	0
7.12753	-11.2071	0.355193	7.12753	-11.2071	0
8.12333	-11.209	0.31322	8.12333	-11.209	0
9.16155	-11.2114	0.33291	9.16155	-11.2114	0
10.2152	-11.156	0.310637	10.2152	-11.156	0
11.2149	-11.1702	0.319354	11.2149	-11.1702	0
-11.5101	-11.1986	0.33966	-11.5101	-11.1986	0
-10.4225	-11.15	0.32132	-10.4225	-11.15	0
-9.44045	-11.15	0.314993	-9.44045	-11.15	0
-8.45091	-11.1514	0.305425	-8.45091	-11.1514	0
-7.35119	-11.1303	0.329068	-7.35119	-11.1303	0
-6.36237	-11.1179	0.326791	-6.36237	-11.1179	0
-5.37469	-11.1926	0.331307	-5.37469	-11.1926	0
-4.33914	-11.2015	0.315926	-4.33914	-11.2015	0
-3.28333	-11.2253	0.329008	-3.28333	-11.2253	0
-2.21684	-11.2915	0.351471	-2.21684	-11.2915	0
-1.1995	-11.2439	0.31035	-1.1995	-11.2439	0
-0.151277	-10.2618	0.323976	-0.151277	-10.2618	0
0.904071	-10.1955	0.335179	0.904071	-10.1955	0
1.93599	-10.1981	0.342504	1.93599	-10.1981	0
3.00735	-10.2778	0.296328	3.00735	-10.2778	0
4.04997	-10.2324	0.296502	4.04997	-10.2324	0
5.07743	-10.2278	0.332963	5.07743	-10.2278	0
6.06927	-10.1572	0.318482	6.06927	-10.1572	0
7.13076	-10.1348	0.323446	7.13076	-10.1348	0
8.18197	-10.1814	0.331012	8.18197	-10.1814	0
9.2053	-10.1716	0.323099	9.2053	-10.1716	0
10.2407	-10.1429	0.330574	10.2407	-10.1429	0
11.2577	-10.1441	0.330136	11.2577	-10.1441	0
-11.5542	-10.1334	0.348126	-11.5542	-10.1334	0
-10.4728	-10.1098	0.352672	-10.4728	-10.1098	0
-9.47462	-10.0939	0.300935	-9.47462	-10.0939	0
-8.47092	-10.1332	0.308112	-8.47092	-10.1332	0
-7.42453	-10.0817	0.313502	-7.42453	-10.0817	0
-6.43735	-10.058	0.308202	-6.43735	-10.058	0
-5.34529	-10.1333	0.296793	-5.34529	-10.1333	0
-4.3365	-10.1223	0.321698	-4.3365	-10.1223	0
-3.27906	-10.1947	0.268396	-3.27906	-10.1947	0
-2.25307	-10.1823	0.323127	-2.25307	-10.1823	0
-1.12993	-10.1687	0.325717	-1.12993	-10.1687	0
-0.155944	-9.20999	0.301542	-0.155944	-9.20999	0
0.854247	-9.18659	0.283973	0.854247	-9.18659	0
1.93153	-9.15635	0.269461	1.93153	-9.15635	0
2.97765	-9.27818	0.290277	2.97765	-9.27818	0
4.04394	-9.18191	0.312669	4.04394	-9.18191	0
5.05682	-9.18236	0.326694	5.05682	-9.18236	0
6.10136	-9.16884	0.298499	6.10136	-9.16884	0
7.13791	-9.16512	0.293622	7.13791	-9.16512	0
8.18644	-9.12875	0.321894	8.18644	-9.12875	0
9.20031	-9.07686	0.333732	9.20031	-9.07686	0
10.1604	-9.10307	0.326263	10.1604	-9.10307	0
11.2326	-9.08384	0.334606	11.2326	-9.08384	0
-11.5199	-9.03533	0.330957	-11.5199	-9.03533	0
-10.5602	-9.08588	0.310404	-10.5602	-9.08588	0
-9.47679	-9.0202	0.327589	-9.47679	-9.0202	0
-8.43467	-9.06249	0.318385	-8.43467	-9.06249	0
-7.44182	-9.0538	0.305805	-7.44182	-9.0538	0
-6.41763	-9.05931	0.316951	-6.41763	-9.05931	0
-5.36397	-9.11016	0.313942	-5.36397	-9.11016	0
-4.30711	-9.1573	0.346884	-4.30711	-9.1573	0
-3.25244	-9.19225	0.296944	-3.25244	-9.19225	0
-2.22095	-9.14164	0.299026	-2.22095	-9.14164	0
-1.18673	-9.16822	0.293502	-1.18673	-9.16822	0
-0.161495	-8.13875	0.344874	-0.161495	-8.13875	0
0.857209	-8.16415	0.315887	0.857209	-8.16415	0
2.0046	-8.17048	0.329021	2.0046	-8.17048	0
3.05747	-8.21497	0.315787	3.05747	-8.21497	0
4.06658	-8.11436	0.30309	4.06658	-8.11436	0
5.01695	-8.06329	0.350576	5.01695	-8.06329	0
6.09294	-8.11765	0.324596	6.09294	-8.11765	0
7.09909	-8.11233	0.279438	7.09909	-8.11233	0
8.14921	-8.09391	0.318516	8.14921	-8.09391	0
9.23465	-8.06615	0.334892	9.23465	-8.06615	0
10.213	-8.09859	0.319358	10.213	-8.09859	0
11.2455	-8.08158	0.312504	11.2455	-8.08158	0
-11.5549	-8.06113	0.348529	-11.5549	-8.06113	0
-10.5219	-8.06869	0.322989	-10.5219	-8.06869	0
-9.42765	-7.99573	0.312374	-9.42765	-7.99573	0
-8.41184	-8.03896	0.30281	-8.41184	-8.03896	0
-7.3881	-8.03509	0.300824	-7.3881	-8.03509	0
-6.3596	-8.05264	0.334425	-6.3596	-8.05264	0
-5.35147	-8.07203	0.323879	-5.35147	-8.07203	0
-4.26156	-8.15868	0.321321	-4.26156	-8.15868	0
-3.26734	-8.15066	0.314293	-3.26734	-8.15066	0
-2.23615	-8.14034	0.324663	-2.23615	-8.14034	0
-1.18576	-8.15568	0.316836	-1.18576	-8.15568	0
-0.139608	-7.08763	0.307012	-0.139608	-7.08763	0
0.90457	-7.07505	0.31834	0.90457	-7.07505	0
1.94853	-7.07862	0.327152	1.94853	-7.07862	0
3.00322	-7.13032	0.32933	3.00322	-7.13032	0
4.01002	-7.06982	0.326161	4.01002	-7.06982	0
5.02919	-7.06239	0.304732	5.02919	-7.06239	0
6.03869	-7.05935	0.297289	6.03869	-7.05935	0
7.0916	-7.08452	0.321728	7.0916	-7.08452	0
8.14367	-7.07051	0.322933	8.14367	-7.07051	0
9.17177	-7.02501	0.32352	9.17177	-7.02501	0
10.1941	-7.03956	0.318232	10.1941	-7.03956	0
11.2098	-7.06878	0.298243	11.2098	-7.06878	0
-11.5155	-6.99428	0.309843	-11.5155	-6.99428	0
-10.4896	-6.95476	0.339875	-10.4896	-6.95476	0
-9.44117	-7.0175	0.345834	-9.44117	-7.0175	0
-8.41726	-6.98648	0.299957	-8.41726	-6.98648	0
-7.3692	-7.00035	0.336175	-7.3692	-7.00035	0
-6.32926	-6.98063	0.315134	-6.32926	-6.98063	0
-5.32906	-7.06429	0.336217	-5.32906	-7.06429	0
-4.29683	-7.08006	0.324515	-4.29683	-7.08006	0
-3.23689	-7.10799	0.35059	-3.23689	-7.10799	0
-2.23309	-7.11871	0.300327	-2.23309	-7.11871	0
-1.18824	-7.09898	0.320191	-1.18824	-7.09898	0
-0.175967	-6.03738	0.3302	-0.175967	-6.03738	0
0.862219	-6.10019	0.327431	0.862219	-6.10019	0
1.93463	-6.04998	0.299272	1.93463	-6.04998	0
2.95438	-6.04499	0.326212	2.95438	-6.04499	0
3.98428	-6.0363	0.331877	3.98428	-6.0363	0
5.04301	-6.06358	0.341212	5.04301	-6.06358	0
6.05748	-6.03983	0.343299	6.05748	-6.03983	0
7.05115	-6.08047	0.289874	7.05115	-6.08047	0
8.2065	-6.04481	0.295245	8.2065	-6.04481	0
9.23695	-5.97049	0.310311	9.23695	-5.97049	0
10.2419	-5.95229	0.322658	10.2419	-5.95229	0
11.2554	-5.95775	0.331621	11.2554	-5.95775	0
-11.5332	-6.00357	0.323413	-11.5332	-6.00357	0
-10.4586	-5.96725	0.32801	-10.4586	-5.96725	0
-9.43863	-5.98583	0.327041	-9.43863	-5.98583	0
-8.40396	-5.99646	0.321311	-8.40396	-5.99646	0
-7.32061	-5.98166	0.328374	-7.32061	-5.98166	0
-6.31139	-5.96446	0.302559	-6.31139	-5.96446	0
-5.29554	-6.01644	0.334541	-5.29554	-6.01644	0
-4.24781	-6.0563	0.309801	-4.24781	-6.0563	0
-3.28848	-6.0764	0.34927	-3.28848	-6.0764	0
-2.24491	-6.07812	0.318009	-2.24491	-6.07812	0
-1.2179	-6.06114	0.301856	-1.2179	-6.06114	0
-0.202495	-5.06267	0.258395	-0.202495	-5.06267	0
0.883526	-5.02769	0.284383	0.883526	-5.02769	0
1.89421	-5.01636	0.338522	1.89421	-5.01636	0
2.90398	-5.05259	0.30942	2.90398	-5.05259	0
4.00611	-4.96906	0.341411	4.00611	-4.96906	0
5.02047	-4.9348	0.32212	5.02047	-4.9348	0
6.04498	-4.96477	0.310397	6.04498	-4.96477	0
7.101	-5.03116	0.306626	7.101	-5.03116	0
8.15878	-5.01379	0.323853	8.15878	-5.01379	0
9.18446	-4.98552	0.313216	9.18446	-4.98552	0
10.2249	-4.89174	0.301423	10.2249	-4.89174	0
11.2563	-4.9207	0.325292	11.2563	-4.9207	0
-11.5141	-4.96325	0.305485	-11.5141	-4.96325	0
-10.4974	-4.96189	0.328814	-10.4974	-4.96189	0
-9.39298	-4.95837	0.331662	-9.39298	-4.95837	0
-8.44526	-4.91797	0.326415	-8.44526	-4.91797	0
-7.32619	-4.90704	0.316954	-7.32619	-4.90704	0
-6.32856	-4.89097	0.318666	-6.32856	-4.89097	0
-5.37188	-4.98692	0.320459	-5.37188	-4.98692	0
-4.40037	-5.00578	0.343942	-4.40037	-5.00578	0
-3.34856	-5.03333	0.34814	-3.34856	-5.03333	0
-2.23607	-5.02159	0.332761	-2.23607	-5.02159	0
-1.22983	-5.02855	0.315363	-1.22983	-5.02855	0
-0.153121	-3.97279	0.317409	-0.153121	-3.97279	0
0.853734	-4.0338	0.297096	0.853734	-4.0338	0
1.86388	-3.98638	0.328036	1.86388	-3.98638	0
2.8727	-3.94579	0.333463	2.8727	-3.94579	0
3.90567	-3.98067	0.315573	3.90567	-3.98067	0
4.9801	-3.86908	0.33723	4.9801	-3.86908	0
6.01333	-3.93965	0.335553	6.01333	-3.93965	0
7.11079	-3.95745	0.289497	7.11079	-3.95745	0
8.13996	-3.93844	0.327427	8.13996	-3.93844	0
9.17206	-3.9136	0.310642	9.17206	-3.9136	0
10.1834	-3.90182	0.314097	10.1834	-3.90182	0
11.2212	-3.87596	0.318227	11.2212	-3.87596	0
-11.5577	-3.97399	0.321219	-11.5577	-3.97399	0
-10.5454	-3.9909	0.327002	-10.5454	-3.9909	0
-9.4343	-3.94495	0.336048	-9.4343	-3.94495	0
-8.41206	-3.91154	0.330818	-8.41206	-3.91154	0
-7.41179	-3.87098	0.292401	-7.41179	-3.87098	0
-6.43196	-3.8903	0.333881	-6.43196	-3.8903	0
-5.38159	-3.86523	0.34747	-5.38159	-3.86523	0
-4.3345	-3.99166	0.322314	-4.3345	-3.99166	0
-3.26526	-4.01709	0.323247	-3.26526	-4.01709	0
-2.23881	-4.00023	0.270305	-2.23881	-4.00023	0
-1.20089	-4.04815	0.324003	-1.20089	-4.04815	0
-0.179078	-2.91422	0.314335	-0.179078	-2.91422	0
0.862719	-2.94897	0.298235	0.862719	-2.94897	0
1.8584	-2.94995	0.318005	1.8584	-2.94995	0
2.88574	-3.00076	0.324292	2.88574	-3.00076	0
3.93005	-2.98511	0.306246	3.93005	-2.98511	0
5.00943	-2.90193	0.331757	5.00943	-2.90193	0
6.01052	-2.91312	0.319807	6.01052	-2.91312	0
7.0514	-2.94285	0.27831	7.0514	-2.94285	0
8.14587	-2.9666	0.314472	8.14587	-2.9666	0
9.1764	-2.8568	0.330413	9.1764	-2.8568	0
10.2317	-2.87083	0.301583	10.2317	-2.87083	0
11.2707	-2.87496	0.320314	11.2707	-2.87496	0
-11.54	-2.92433	0.332902	-11.54	-2.92433	0
-10.5458	-2.97688	0.295556	-10.5458	-2.97688	0
-9.50136	-2.87618	0.294169	-9.50136	-2.87618	0
-8.4354	-2.94114	0.324224	-8.4354	-2.94114	0
-7.40373	-2.8203	0.309578	-7.40373	-2.8203	0
-6.3904	-2.83571	0.306979	-6.3904	-2.83571	0
-5.35309	-2.87073	0.314129	-5.35309	-2.87073	0
-4.38882	-2.91717	0.321347	-4.38882	-2.91717	0
-3.27102	-2.9826	0.317731	-3.27102	-2.9826	0
-2.27679	-2.98265	0.313585	-2.27679	-2.98265	0
-1.25423	-2.95305	0.310049	-1.25423	-2.95305	0
-0.217488	-1.93274	0.314102	-0.217488	-1.93274	0
0.81472	-1.87789	0.316372	0.81472	-1.87789	0
1.86533	-1.96846	0.304891	1.86533	-1.96846	0
2.93199	-1.89708	0.309306	2.93199	-1.89708	0
3.93172	-1.97667	0.323811	3.93172	-1.97667	0
5.01646	-1.87868	0.298495	5.01646	-1.87868	0
5.98659	-1.92494	0.337313	5.98659	-1.92494	0
7.07792	-1.912	0.305821	7.07792	-1.912	0
8.12841	-1.90831	0.317362	8.12841	-1.90831	0
9.14897	-1.86677	0.307961	9.14897	-1.86677	0
10.2504	-1.8718	0.319176	10.2504	-1.8718	0
11.2273	-1.87137	0.334901	11.2273	-1.87137	0
-11.5453	-1.87628	0.333243	-11.5453	-1.87628	0
-10.4769	-1.91282	0.294353	-10.4769	-1.91282	0
-9.48893	-1.876	0.323632	-9.48893	-1.876	0
-8.44572	-1.84907	0.290016	-8.44572	-1.84907	0
-7.44931	-1.83004	0.334514	-7.44931	-1.83004	0
-6.3828	-1.8035	0.299465	-6.3828	-1.8035	0
-5.35991	-1.87796	0.310955	-5.35991	-1.87796	0
-4.3397	-1.85632	0.309961	-4.3397	-1.85632	0
-3.32085	-1.90995	0.304893	-3.32085	-1.90995	0
-2.264	-1.92	0.309605	-2.264	-1.92	0
-1.21596	-1.91836	0.326712	-1.21596	-1.91836	0
-0.205716	-0.836279	0.314247	-0.205716	-0.836279	0
0.814391	-0.865538	0.323415	0.814391	-0.865538	0
1.92882	-0.948627	0.311531	1.92882	-0.948627	0
2.95191	-0.943432	0.323778	2.95191	-0.943432	0
3.96947	-0.92681	0.34905	3.96947	-0.92681	0
5.0136	-0.902164	0.325165	5.0136	-0.902164	0
6.03443	-0.874335	0.309978	6.03443	-0.874335	0
7.07182	-0.909084	0.335106	7.07182	-0.909084	0
8.10547	-0.914185	0.310559	8.10547	-0.914185	0
9.18897	-0.826936	0.328011	9.18897	-0.826936	0
10.2023	-0.819828	0.326997	10.2023	-0.819828	0
11.2609	-0.81169	0.335397	11.2609	-0.81169	0
-11.5501	-0.808259	0.307367	-11.5501	-0.808259	0
-10.4969	-0.863885	0.317457	-10.4969	-0.863885	0
-9.51777	-0.826416	0.296704	-9.51777	-0.826416	0
-8.4755	-0.845064	0.321127	-8.4755	-0.845064	0
-7.40592	-0.79211	0.312883	-7.40592	-0.79211	0
-6.35493	-0.807739	0.309852	-6.35493	-0.807739	0
-5.35553	-0.794981	0.32081	-5.35553	-0.794981	0
-4.34125	-0.868004	0.320556	-4.34125	-0.868004	0
-3.26655	-0.887639	0.327015	-3.26655	-0.887639	0
-2.18	-0.867584	0.291335	-2.18	-0.867584	0
-1.17796	-0.818443	0.319274	-1.17796	-0.818443	0
