-0.776813	-0.326805	-0.322445	-0.776813	-0.326805	0
0.29279	-0.357198	-0.298913	0.29279	-0.357198	0
1.32125	-0.309384	-0.322974	1.32125	-0.309384	0
2.36102	-0.343863	-0.290708	2.36102	-0.343863	0
3.47828	-0.283196	-0.299428	3.47828	-0.283196	0
4.48179	-0.31208	-0.322033	4.48179	-0.31208	0
5.53686	-0.262996	-0.314969	5.53686	-0.262996	0
6.55246	-0.365811	-0.286989	6.55246	-0.365811	0
7.54703	-0.358613	-0.315821	7.54703	-0.358613	0
8.51904	-0.355674	-0.322153	8.51904	-0.355674	0
9.62379	-0.368093	-0.319133	9.62379	-0.368093	0
10.6143	-0.356435	-0.346532	10.6143	-0.356435	0
11.6749	-0.24675	-0.331156	11.6749	-0.24675	0
-11.1116	-0.236399	-0.306993	-11.1116	-0.236399	0
-10.0875	-0.239173	-0.310148	-10.0875	-0.239173	0
-9.10225	-0.334941	-0.299044	-9.10225	-0.334941	0
-8.05393	-0.313546	-0.311677	-8.05393	-0.313546	0
-6.98535	-0.338596	-0.309508	-6.98535	-0.338596	0
-5.93161	-0.304735	-0.283504	-5.93161	-0.304735	0
-4.91975	-0.313404	-0.339955	-4.91975	-0.313404	0
-3.90739	-0.310576	-0.339234	-3.90739	-0.310576	0
-2.86011	-0.317139	-0.316955	-2.86011	-0.317139	0
-1.81935	-0.257464	-0.290795	-1.81935	-0.257464	0
-0.727306	0.732019	-0.347733	-0.727306	0.732019	0
0.277906	0.685077	-0.306137	0.277906	0.685077	0
1.35784	0.689706	-0.337236	1.35784	0.689706	0
2.33771	0.663575	-0.315458	2.33771	0.663575	0
3.37538	0.693576	-0.296342	3.37538	0.693576	0
4.46603	0.761018	-0.307637	4.46603	0.761018	0
5.48768	0.707941	-0.272187	5.48768	0.707941	0
6.51711	0.66145	-0.334485	6.51711	0.66145	0
7.54806	0.721777	-0.310242	7.54806	0.721777	0
8.58654	0.666373	-0.297272	8.58654	0.666373	0
9.6342	0.682663	-0.333356	9.6342	0.682663	0
10.6242	0.69911	-0.300964	10.6242	0.69911	0
11.6432	0.724753	-0.335776	11.6432	0.724753	0
-11.1005	0.807835	-0.324406	-11.1005	0.807835	0
-10.07	0.731307	-0.313686	-10.07	0.731307	0
-9.05285	0.74843	-0.324687	-9.05285	0.74843	0
-7.99577	0.666355	-0.339183	-7.99577	0.666355	0
-6.98403	0.698327	-0.3438	-6.98403	0.698327	0
-5.95659	0.737619	-0.309474	-5.95659	0.737619	0
-4.9161	0.748517	-0.27381	-4.9161	0.748517	0
-3.89727	0.687232	-0.311205	-3.89727	0.687232	0
-2.85491	0.787672	-0.326097	-2.85491	0.787672	0
-1.75595	0.737374	-0.297604	-1.75595	0.737374	0
-0.776632	1.74135	-0.317551	-0.776632	1.74135	0
0.261158	1.71879	-0.320314	0.261158	1.71879	0
1.30967	1.76069	-0.322158	1.30967	1.76069	0
2.38018	1.67622	-0.300816	2.38018	1.67622	0
3.38563	1.69664	-0.336176	3.38563	1.69664	0
4.45178	1.78615	-0.303591	4.45178	1.78615	0
5.53726	1.79594	-0.325753	5.53726	1.79594	0
6.52065	1.73236	-0.328354	6.52065	1.73236	0
7.55374	1.70245	-0.335645	7.55374	1.70245	0
8.58697	1.77815	-0.321105	8.58697	1.77815	0
9.67269	1.69136	-0.310135	9.67269	1.69136	0
10.6916	1.7452	-0.336421	10.6916	1.7452	0
11.6839	1.7555	-0.30675	11.6839	1.7555	0
-11.0825	1.77342	-0.324832	-11.0825	1.77342	0
-10.0213	1.73827	-0.300099	-10.0213	1.73827	0
-9.00561	1.81033	-0.291629	-9.00561	1.81033	0
-8.00813	1.73558	-0.312352	-8.00813	1.73558	0
-7.01235	1.73852	-0.317234	-7.01235	1.73852	0
-5.95058	1.73557	-0.35668	-5.95058	1.73557	0
-4.94493	1.72311	-0.337533	-4.94493	1.72311	0
-3.9203	1.7393	-0.350106	-3.9203	1.7393	0
-2.87138	1.76681	-0.326643	-2.87138	1.76681	0
-1.81751	1.76419	-0.322315	-1.81751	1.76419	0
-0.77414	2.8227	-0.306162	-0.77414	2.8227	0
0.257826	2.76877	-0.320682	0.257826	2.76877	0
1.31148	2.77812	-0.32324	1.31148	2.77812	0
2.40539	2.71771	-0.316531	2.40539	2.71771	0
3.41804	2.81835	-0.330421	3.41804	2.81835	0
4.44816	2.82869	-0.305279	4.44816	2.82869	0
5.4988	2.79628	-0.325609	5.4988	2.79628	0
6.55575	2.729	-0.32785	6.55575	2.729	0
7.61985	2.79053	-0.321663	7.61985	2.79053	0
8.61395	2.79755	-0.322222	8.61395	2.79755	0
9.6775	2.72599	-0.322119	9.6775	2.72599	0
10.6896	2.82912	-0.291131	10.6896	2.82912	0
11.6524	2.83246	-0.314841	11.6524	2.83246	0
-11.0895	2.84263	-0.337152	-11.0895	2.84263	0
-10.0458	2.78175	-0.34238	-10.0458	2.78175	0
-8.98886	2.81812	-0.331359	-8.98886	2.81812	0
-7.94122	2.74511	-0.325507	-7.94122	2.74511	0
-6.93136	2.79003	-0.302724	-6.93136	2.79003	0
-5.92573	2.81152	-0.330495	-5.92573	2.81152	0
-4.89097	2.80121	-0.296619	-4.89097	2.80121	0
-3.88001	2.76494	-0.320222	-3.88001	2.76494	0
-2.8659	2.77736	-0.299881	-2.8659	2.77736	0
-1.78281	2.82127	-0.333272	-1.78281	2.82127	0
-0.702546	3.82079	-0.28059	-0.702546	3.82079	0
0.321204	3.8066	-0.302292	0.321204	3.8066	0
1.36671	3.78371	-0.271967	1.36671	3.78371	0
2.37423	3.8026	-0.313611	2.37423	3.8026	0
3.423	3.87369	-0.311858	3.423	3.87369	0
4.48096	3.84826	-0.280045	4.48096	3.84826	0
5.55061	3.80196	-0.301742	5.55061	3.80196	0
6.53137	3.77641	-0.31029	6.53137	3.77641	0
7.5638	3.81432	-0.336391	7.5638	3.81432	0
8.612	3.81486	-0.308032	8.612	3.81486	0
9.6962	3.81977	-0.273143	9.6962	3.81977	0
10.6685	3.82574	-0.297155	10.6685	3.82574	0
11.7231	3.85658	-0.326645	11.7231	3.85658	0
-11.0851	3.91978	-0.304479	-11.0851	3.91978	0
-10.0531	3.87377	-0.312441	-10.0531	3.87377	0
-9.01852	3.84576	-0.305451	-9.01852	3.84576	0
-7.97843	3.81605	-0.303554	-7.97843	3.81605	0
-6.95352	3.79853	-0.310134	-6.95352	3.79853	0
-5.89274	3.88944	-0.318836	-5.89274	3.88944	0
-4.82561	3.82779	-0.297633	-4.82561	3.82779	0
-3.80647	3.82107	-0.33549	-3.80647	3.82107	0
-2.77266	3.79282	-0.343873	-2.77266	3.79282	0
-1.76354	3.83244	-0.322304	-1.76354	3.83244	0
-0.652485	4.85426	-0.329019	-0.652485	4.85426	0
0.406552	4.86445	-0.335521	0.406552	4.86445	0
1.43203	4.90945	-0.301802	1.43203	4.90945	0
2.45681	4.89426	-0.300413	2.45681	4.89426	0
3.46559	4.84915	-0.306956	3.46559	4.84915	0
4.47911	4.84955	-0.282337	4.47911	4.84955	0
5.49928	4.85505	-0.300536	5.49928	4.85505	0
6.5553	4.8495	-0.31022	6.5553	4.8495	0
7.5703	4.82482	-0.333752	7.5703	4.82482	0
8.61723	4.81899	-0.316401	8.61723	4.81899	0
9.62685	4.86553	-0.307673	9.62685	4.86553	0
10.6266	4.92493	-0.342092	10.6266	4.92493	0
11.6957	4.90351	-0.332366	11.6957	4.90351	0
-11.0829	4.86844	-0.319233	-11.0829	4.86844	0
-10.0216	4.88931	-0.311502	-10.0216	4.88931	0
-8.99943	4.89433	-0.328355	-8.99943	4.89433	0
-7.94982	4.89163	-0.31233	-7.94982	4.89163	0
-6.87878	4.89142	-0.326888	-6.87878	4.89142	0
-5.86641	4.90536	-0.304834	-5.86641	4.90536	0
-4.81132	4.83052	-0.317639	-4.81132	4.83052	0
-3.77167	4.87751	-0.304128	-3.77167	4.87751	0
-2.74935	4.87256	-0.338574	-2.74935	4.87256	0
-1.69596	4.87341	-0.335682	-1.69596	4.87341	0
-0.637383	5.93792	-0.32126	-0.637383	5.93792	0
0.41157	5.94573	-0.343644	0.41157	5.94573	0
1.37987	5.93297	-0.313446	1.37987	5.93297	0
2.43836	5.94927	-0.316187	2.43836	5.94927	0
3.43821	5.86822	-0.333516	3.43821	5.86822	0
4.50683	5.88796	-0.322603	4.50683	5.88796	0
5.54363	5.84815	-0.325739	5.54363	5.84815	0
6.58183	5.87817	-0.336794	6.58183	5.87817	0
7.62222	5.87321	-0.327769	7.62222	5.87321	0
8.60246	5.84959	-0.317934	8.60246	5.84959	0
9.63538	5.93666	-0.309015	9.63538	5.93666	0
10.6664	5.89883	-0.2976	10.6664	5.89883	0
11.6987	5.95337	-0.303978	11.6987	5.95337	0
-11.0624	5.95047	-0.314637	-11.0624	5.95047	0
-10.019	5.9276	-0.294049	-10.019	5.9276	0
-8.96095	5.89692	-0.332023	-8.96095	5.89692	0
-7.89024	5.93767	-0.308469	-7.89024	5.93767	0
-6.89254	5.86619	-0.303257	-6.89254	5.86619	0
-5.82668	5.86383	-0.271496	-5.82668	5.86383	0
-4.74265	5.8661	-0.318838	-4.74265	5.8661	0
-3.73339	5.87013	-0.316121	-3.73339	5.87013	0
-2.70782	5.91885	-0.301012	-2.70782	5.91885	0
-1.63633	5.86963	-0.301245	-1.63633	5.86963	0
-0.659643	6.96747	-0.310511	-0.659643	6.96747	0
0.427137	6.92614	-0.348561	0.427137	6.92614	0
1.39421	6.96393	-0.314485	1.39421	6.96393	0
2.45565	6.92162	-0.328653	2.45565	6.92162	0
3.46694	6.95004	-0.321194	3.46694	6.95004	0
4.4526	6.94679	-0.339942	4.4526	6.94679	0
5.52099	6.96022	-0.304475	5.52099	6.96022	0
6.53471	6.87952	-0.308521	6.53471	6.87952	0
7.61415	6.91572	-0.332067	7.61415	6.91572	0
8.66514	6.90928	-0.317328	8.66514	6.90928	0
9.62756	6.92657	-0.312738	9.62756	6.92657	0
10.6918	6.92276	-0.343997	10.6918	6.92276	0
11.734	6.95159	-0.309367	11.734	6.95159	0
-11.0328	6.98679	-0.292454	-11.0328	6.98679	0
-10.0097	6.93699	-0.323649	-10.0097	6.93699	0
-8.96559	6.96379	-0.307146	-8.96559	6.96379	0
-7.87423	6.95727	-0.298764	-7.87423	6.95727	0
-6.85877	6.93534	-0.348385	-6.85877	6.93534	0
-5.85958	6.9006	-0.318057	-5.85958	6.9006	0
-4.76112	6.84728	-0.318935	-4.76112	6.84728	0
-3.75326	6.96067	-0.313324	-3.75326	6.96067	0
-2.72154	6.8875	-0.320812	-2.72154	6.8875	0
-1.68183	6.92169	-0.318029	-1.68183	6.92169	0
-0.675136	7.99677	-0.270895	-0.675136	7.99677	0
0.305181	7.96684	-0.325538	0.305181	7.96684	0
1.36137	7.99998	-0.34618	1.36137	7.99998	0
2.40085	7.94934	-0.302095	2.40085	7.94934	0
3.40045	7.93739	-0.313862	3.40045	7.93739	0
4.44569	7.9713	-0.326842	4.44569	7.9713	0
5.47711	7.92004	-0.312878	5.47711	7.92004	0
6.56393	7.92795	-0.288074	6.56393	7.92795	0
7.61152	7.92259	-0.315263	7.61152	7.92259	0
8.61461	7.95944	-0.318315	8.61461	7.95944	0
9.69143	7.95713	-0.294199	9.69143	7.95713	0
10.6888	7.94798	-0.334574	10.6888	7.94798	0
11.7789	8.03369	-0.31211	11.7789	8.03369	0
-11.0158	8.00295	-0.315558	-11.0158	8.00295	0
-9.95286	8.02523	-0.322054	-9.95286	8.02523	0
-8.90524	8.01778	-0.305378	-8.90524	8.01778	0
-7.89266	7.95336	-0.319888	-7.89266	7.95336	0
-6.83805	7.95354	-0.335693	-6.83805	7.95354	0
-5.76465	7.91269	-0.304595	-5.76465	7.91269	0
-4.70078	7.88405	-0.330941	-4.70078	7.88405	0
-3.67744	7.92621	-0.309875	-3.67744	7.92621	0
-2.72607	7.95191	-0.298341	-2.72607	7.95191	0
-1.72457	7.99595	-0.319358	-1.72457	7.99595	0
-0.669391	9.01116	-0.326204	-0.669391	9.01116	0
0.3427	9.03063	-0.318993	0.3427	9.03063	0
1.3579	9.02942	-0.324038	1.3579	9.02942	0
2.45409	8.99166	-0.309171	2.45409	8.99166	0
3.42059	8.98768	-0.320225	3.42059	8.98768	0
4.49251	9.00907	-0.309883	4.49251	9.00907	0
5.4821	8.93502	-0.334441	5.4821	8.93502	0
6.50393	8.95395	-0.317321	6.50393	8.95395	0
7.56082	8.99244	-0.292566	7.56082	8.99244	0
8.59332	8.99938	-0.310448	8.59332	8.99938	0
9.64433	8.96621	-0.320926	9.64433	8.96621	0
10.6847	8.95111	-0.302451	10.6847	8.95111	0
11.7219	8.99407	-0.308023	11.7219	8.99407	0
-11.0004	9.05457	-0.323822	-11.0004	9.05457	0
-9.97109	9.01536	-0.310329	-9.97109	9.01536	0
-8.91208	9.03065	-0.330066	-8.91208	9.03065	0
-7.87395	9.00105	-0.347387	-7.87395	9.00105	0
-6.84136	9.03465	-0.304647	-6.84136	9.03465	0
-5.84322	8.98662	-0.303362	-5.84322	8.98662	0
-4.77501	8.94381	-0.322463	-4.77501	8.94381	0
-3.75204	8.98217	-0.315821	-3.75204	8.98217	0
-2.70561	8.98558	-0.343995	-2.70561	8.98558	0
-1.69637	9.03783	-0.330548	-1.69637	9.03783	0
-0.717063	10.0427	-0.312751	-0.717063	10.0427	0
0.340378	10.0618	-0.310114	0.340378	10.0618	0
1.3844	10.0433	-0.34291	1.3844	10.0433	0
2.40399	10.0395	-0.3019	2.40399	10.0395	0
3.47905	10.0282	-0.344069	3.47905	10.0282	0
4.48954	10.0966	-0.322325	4.48954	10.0966	0
5.42953	9.96197	-0.326261	5.42953	9.96197	0
6.54259	9.99573	-0.320825	6.54259	9.99573	0
7.51597	10.0155	-0.290416	7.51597	10.0155	0
8.55769	10.0435	-0.303641	8.55769	10.0435	0
9.6198	10.0122	-0.313148	9.6198	10.0122	0
10.6221	10.0155	-0.295293	10.6221	10.0155	0
11.7002	10.0338	-0.327751	11.7002	10.0338	0
-10.9768	10.1337	-0.302518	-10.9768	10.1337	0
-9.93123	10.0446	-0.297094	-9.93123	10.0446	0
-8.94465	10.0393	-0.313633	-8.94465	10.0393	0
-7.88003	10.0301	-0.309621	-7.88003	10.0301	0
-6.89182	10.056	-0.289235	-6.89182	10.056	0
-5.82778	10.0344	-0.343118	-5.82778	10.0344	0
-4.87185	10.0092	-0.293421	-4.87185	10.0092	0
-3.86815	10.0286	-0.330207	-3.86815	10.0286	0
-2.8352	10.0548	-0.318297	-2.8352	10.0548	0
-1.72939	10.0207	-0.292625	-1.72939	10.0207	0
-0.724779	11.1065	-0.318831	-0.724779	11.1065	0
0.270717	11.1023	-0.32722	0.270717	11.1023	0
1.31698	11.0758	-0.29439	1.31698	11.0758	0
2.35513	11.114	-0.322466	2.35513	11.114	0
3.37332	11.0491	-0.316081	3.37332	11.0491	0
4.39067	11.0804	-0.310885	4.39067	11.0804	0
5.4381	11.0024	-0.322387	5.4381	11.0024	0
6.48758	11.0065	-0.281755	6.48758	11.0065	0
7.52713	11.0449	-0.281188	7.52713	11.0449	0
8.5631	11.0683	-0.282998	8.5631	11.0683	0
9.61111	11.0715	-0.311118	9.61111	11.0715	0
10.6363	10.995	-0.327999	10.6363	10.995	0
11.706	11.0544	-0.329023	11.706	11.0544	0
-10.9932	11.1551	-0.300332	-10.9932	11.1551	0
-9.99706	11.0912	-0.330956	-9.99706	11.0912	0
-8.93596	11.0539	-0.326072	-8.93596	11.0539	0
-7.90975	11.0969	-0.301925	-7.90975	11.0969	0
-6.88308	11.0625	-0.300566	-6.88308	11.0625	0
-5.87315	11.0874	-0.322104	-5.87315	11.0874	0
-4.8673	11.0489	-0.32386	-4.8673	11.0489	0
-3.84764	11.0939	-0.344888	-3.84764	11.0939	0
-2.83074	11.0538	-0.322592	-2.83074	11.0538	0
-1.82679	11.0943	-0.299074	-1.82679	11.0943	0
-0.719165	-11.6548	-0.32523	-0.719165	-11.6548	0
0.318381	-11.6778	-0.306024	0.318381	-11.6778	0
1.29324	-11.5875	-0.296265	1.29324	-11.5875	0
2.31164	-11.6345	-0.308605	2.31164	-11.6345	0
3.37165	-11.7212	-0.300492	3.37165	-11.7212	0
4.43952	-11.68	-0.311749	4.43952	-11.68	0
5.49286	-11.7094	-0.339876	5.49286	-11.7094	0
6.48904	-11.7145	-0.326174	6.48904	-11.7145	0
7.49831	-11.7234	-0.319152	7.49831	-11.7234	0
8.56858	-11.7258	-0.326672	8.56858	-11.7258	0
9.64283	-11.6595	-0.283756	9.64283	-11.6595	0
10.6849	-11.7403	-0.305575	10.6849	-11.7403	0
11.6854	-11.7124	-0.307669	11.6854	-11.7124	0
-11.0811	-11.6696	-0.290092	-11.0811	-11.6696	0
-9.98154	-11.6382	-0.311754	-9.98154	-11.6382	0
-8.9755	-11.7046	-0.332456	-8.9755	-11.7046	0
-7.97429	-11.6616	-0.33672	-7.97429	-11.6616	0
-6.93875	-11.66	-0.330043	-6.93875	-11.66	0
-5.83035	-11.6388	-0.316742	-5.83035	-11.6388	0
-4.82018	-11.7089	-0.303057	-4.82018	-11.7089	0
-3.84809	-11.7179	-0.321367	-3.84809	-11.7179	0
-2.76262	-11.6995	-0.316928	-2.76262	-11.6995	0
-1.78683	-11.6891	-0.3201	-1.78683	-11.6891	0
-0.735708	-10.6631	-0.328118	-0.735708	-10.6631	0
0.273778	-10.6357	-0.336876	0.273778	-10.6357	0
1.33171	-10.592	-0.305834	1.33171	-10.592	0
2.36876	-10.6023	-0.327585	2.36876	-10.6023	0
3.37141	-10.6331	-0.325381	3.37141	-10.6331	0
4.42121	-10.6626	-0.344054	4.42121	-10.6626	0
5.47209	-10.6458	-0.320108	5.47209	-10.6458	0
6.53067	-10.6718	-0.320783	6.53067	-10.6718	0
7.53545	-10.7252	-0.306974	7.53545	-10.7252	0
8.53462	-10.6995	-0.307487	8.53462	-10.6995	0
9.52626	-10.6355	-0.316873	9.52626	-10.6355	0
10.6072	-10.5978	-0.317434	10.6072	-10.5978	0
11.7263	-10.6199	-0.316001	11.7263	-10.6199	0
-11.031	-10.6349	-0.31738	-11.031	-10.6349	0
-10.0194	-10.5838	-0.336952	-10.0194	-10.5838	0
-8.92807	-10.6562	-0.343182	-8.92807	-10.6562	0
-7.94742	-10.6375	-0.33584	-7.94742	-10.6375	0
-6.94048	-10.6122	-0.33757	-6.94048	-10.6122	0
-5.8917	-10.5716	-0.298805	-5.8917	-10.5716	0
-4.87947	-10.701	-0.30988	-4.87947	-10.701	0
-3.82077	-10.6991	-0.332396	-3.82077	-10.6991	0
-2.80235	-10.7085	-0.307564	-2.80235	-10.7085	0
-1.82561	-10.6845	-0.321272	-1.82561	-10.6845	0
-0.770907	-9.57876	-0.313412	-0.770907	-9.57876	0
0.256099	-9.63132	-0.299383	0.256099	-9.63132	0
1.32142	-9.57645	-0.326101	1.32142	-9.57645	0
2.38744	-9.51615	-0.324053	2.38744	-9.51615	0
3.40663	-9.63555	-0.296906	3.40663	-9.63555	0
4.45672	-9.64698	-0.288857	4.45672	-9.64698	0
5.47443	-9.67821	-0.288884	5.47443	-9.67821	0
6.47101	-9.56089	-0.331232	6.47101	-9.56089	0
7.53289	-9.67104	-0.33061	7.53289	-9.67104	0
8.54843	-9.6376	-0.292903	8.54843	-9.6376	0
9.60176	-9.65338	-0.319603	9.60176	-9.65338	0
10.6702	-9.59412	-0.342557	10.6702	-9.59412	0
11.6488	-9.64844	-0.303881	11.6488	-9.64844	0
-11.0801	-9.57075	-0.316441	-11.0801	-9.57075	0
-10.0413	-9.56078	-0.328607	-10.0413	-9.56078	0
-8.99156	-9.5627	-0.316564	-8.99156	-9.5627	0
-7.95974	-9.62098	-0.306749	-7.95974	-9.62098	0
-6.89873	-9.53441	-0.322325	-6.89873	-9.53441	0
-5.79592	-9.59972	-0.296392	-5.79592	-9.59972	0
-4.82199	-9.64548	-0.320095	-4.82199	-9.64548	0
-3.78304	-9.61239	-0.316721	-3.78304	-9.61239	0
-2.78781	-9.64901	-0.337495	-2.78781	-9.64901	0
-1.74935	-9.61852	-0.289432	-1.74935	-9.61852	0
-0.745572	-8.54072	-0.302621	-0.745572	-8.54072	0
0.357196	-8.57379	-0.328836	0.357196	-8.57379	0
1.38556	-8.55798	-0.300369	1.38556	-8.55798	0
2.37269	-8.46149	-0.320257	2.37269	-8.46149	0
3.3918	-8.59936	-0.335468	3.3918	-8.59936	0
4.42215	-8.64453	-0.33201	4.42215	-8.64453	0
5.45899	-8.55724	-0.305979	5.45899	-8.55724	0
6.52411	-8.56173	-0.33131	6.52411	-8.56173	0
7.53445	-8.57342	-0.341982	7.53445	-8.57342	0
8.53629	-8.59614	-0.33347	8.53629	-8.59614	0
9.52965	-8.5592	-0.284392	9.52965	-8.5592	0
10.6108	-8.58841	-0.33474	10.6108	-8.58841	0
11.6696	-8.59942	-0.315707	11.6696	-8.59942	0
-11.0875	-8.52703	-0.281286	-11.0875	-8.52703	0
-10.0372	-8.55428	-0.314621	-10.0372	-8.55428	0
-8.98899	-8.52541	-0.287603	-8.98899	-8.52541	0
-7.96967	-8.57412	-0.320089	-7.96967	-8.57412	0
-6.93719	-8.5545	-0.340898	-6.93719	-8.5545	0
-5.853	-8.5369	-0.311837	-5.853	-8.5369	0
-4.84262	-8.59706	-0.311802	-4.84262	-8.59706	0
-3.7828	-8.57058	-0.330153	-3.7828	-8.57058	0
-2.78068	-8.66047	-0.306171	-2.78068	-8.66047	0
-1.7832	-8.61926	-0.318892	-1.7832	-8.61926	0
-0.718485	-7.53572	-0.334327	-0.718485	-7.53572	0
0.348121	-7.53168	-0.314472	0.348121	-7.53168	0
1.38506	-7.51413	-0.287447	1.38506	-7.51413	0
2.41845	-7.49587	-0.306905	2.41845	-7.49587	0
3.43331	-7.4989	-0.340209	3.43331	-7.4989	0
4.41608	-7.52166	-0.291546	4.41608	-7.52166	0
5.43294	-7.5826	-0.285938	5.43294	-7.5826	0
6.43519	-7.55662	-0.344797	6.43519	-7.55662	0
7.49664	-7.51553	-0.322057	7.49664	-7.51553	0
8.58382	-7.6079	-0.326103	8.58382	-7.6079	0
9.55787	-7.55657	-0.330112	9.55787	-7.55657	0
10.5891	-7.53127	-0.313855	10.5891	-7.53127	0
11.6361	-7.60252	-0.331691	11.6361	-7.60252	0
-11.0631	-7.5385	-0.327109	-11.0631	-7.5385	0
-10.0688	-7.55331	-0.340456	-10.0688	-7.55331	0
-9.05658	-7.49215	-0.340128	-9.05658	-7.49215	0
-7.94696	-7.50096	-0.340252	-7.94696	-7.50096	0
-6.9461	-7.52975	-0.286206	-6.9461	-7.52975	0
-5.86768	-7.47915	-0.325185	-5.86768	-7.47915	0
-4.84727	-7.53052	-0.321096	-4.84727	-7.53052	0
-3.78184	-7.56591	-0.295036	-3.78184	-7.56591	0
-2.73276	-7.57382	-0.319645	-2.73276	-7.57382	0
-1.76725	-7.53887	-0.342644	-1.76725	-7.53887	0
-0.7292	-6.51648	-0.333157	-0.7292	-6.51648	0
0.399501	-6.55931	-0.315619	0.399501	-6.55931	0
1.35662	-6.54529	-0.292434	1.35662	-6.54529	0
2.38411	-6.49008	-0.34911	2.38411	-6.49008	0
3.37845	-6.48749	-0.314321	3.37845	-6.48749	0
4.42635	-6.44348	-0.331891	4.42635	-6.44348	0
5.41264	-6.51096	-0.318559	5.41264	-6.51096	0
6.45126	-6.5004	-0.305386	6.45126	-6.5004	0
7.50688	-6.53301	-0.295482	7.50688	-6.53301	0
8.54699	-6.56192	-0.321575	8.54699	-6.56192	0
9.55026	-6.55996	-0.328008	9.55026	-6.55996	0
10.6441	-6.48566	-0.333493	10.6441	-6.48566	0
11.6792	-6.61148	-0.296737	11.6792	-6.61148	0
-11.1146	-6.51223	-0.317194	-11.1146	-6.51223	0
-10.1167	-6.53193	-0.341946	-10.1167	-6.53193	0
-9.06189	-6.49382	-0.331431	-9.06189	-6.49382	0
-8.02163	-6.48919	-0.32878	-8.02163	-6.48919	0
-7.02244	-6.51666	-0.330717	-7.02244	-6.51666	0
-5.83431	-6.48718	-0.329396	-5.83431	-6.48718	0
-4.87117	-6.50419	-0.319424	-4.87117	-6.50419	0
-3.87482	-6.47999	-0.323874	-3.87482	-6.47999	0
-2.82557	-6.54926	-0.346626	-2.82557	-6.54926	0
-1.78196	-6.54693	-0.296637	-1.78196	-6.54693	0
-0.776258	-5.43318	-0.312336	-0.776258	-5.43318	0
0.257046	-5.55796	-0.30269	0.257046	-5.55796	0
1.27729	-5.52732	-0.299863	1.27729	-5.52732	0
2.33685	-5.52099	-0.324516	2.33685	-5.52099	0
3.37032	-5.47704	-0.317782	3.37032	-5.47704	0
4.4061	-5.40278	-0.323925	4.4061	-5.40278	0
5.48263	-5.40479	-0.318207	5.48263	-5.40479	0
6.44694	-5.50528	-0.295773	6.44694	-5.50528	0
7.53936	-5.48741	-0.317044	7.53936	-5.48741	0
8.53155	-5.47631	-0.325055	8.53155	-5.47631	0
9.58681	-5.52058	-0.333662	9.58681	-5.52058	0
10.6217	-5.49046	-0.300551	10.6217	-5.49046	0
11.6249	-5.55879	-0.326216	11.6249	-5.55879	0
-11.0629	-5.49192	-0.302666	-11.0629	-5.49192	0
-10.0703	-5.45806	-0.327694	-10.0703	-5.45806	0
-9.04743	-5.4458	-0.332961	-9.04743	-5.4458	0
-7.99845	-5.45359	-0.314738	-7.99845	-5.45359	0
-6.948	-5.53263	-0.345804	-6.948	-5.53263	0
-5.94254	-5.51791	-0.336863	-5.94254	-5.51791	0
-4.85139	-5.46705	-0.336978	-4.85139	-5.46705	0
-3.83869	-5.41728	-0.322544	-3.83869	-5.41728	0
-2.81053	-5.47549	-0.296759	-2.81053	-5.47549	0
-1.7991	-5.50001	-0.317528	-1.7991	-5.50001	0
-0.796076	-4.43436	-0.286868	-0.796076	-4.43436	0
0.215484	-4.46926	-0.327599	0.215484	-4.46926	0
1.30994	-4.49959	-0.321337	1.30994	-4.49959	0
2.30332	-4.437	-0.294582	2.30332	-4.437	0
3.35013	-4.48189	-0.320071	3.35013	-4.48189	0
4.41274	-4.38912	-0.338866	4.41274	-4.38912	0
5.43026	-4.40474	-0.32565	5.43026	-4.40474	0
6.5126	-4.43004	-0.301238	6.5126	-4.43004	0
7.51767	-4.53717	-0.305799	7.51767	-4.53717	0
8.53167	-4.44231	-0.300378	8.53167	-4.44231	0
9.55332	-4.46889	-0.320818	9.55332	-4.46889	0
10.6475	-4.49932	-0.326961	10.6475	-4.49932	0
11.6922	-4.48057	-0.313605	11.6922	-4.48057	0
-11.1659	-4.44371	-0.332703	-11.1659	-4.44371	0
-10.129	-4.42952	-0.324409	-10.129	-4.42952	0
-9.18379	-4.3986	-0.320809	-9.18379	-4.3986	0
-8.08428	-4.44932	-0.317538	-8.08428	-4.44932	0
-6.98828	-4.50121	-0.31026	-6.98828	-4.50121	0
-5.95247	-4.48461	-0.308831	-5.95247	-4.48461	0
-4.94222	-4.4373	-0.320663	-4.94222	-4.4373	0
-3.89585	-4.42448	-0.311401	-3.89585	-4.42448	0
-2.80784	-4.41955	-0.319788	-2.80784	-4.41955	0
-1.79481	-4.41926	-0.318006	-1.79481	-4.41926	0
-0.814453	-3.40123	-0.290347	-0.814453	-3.40123	0
0.26898	-3.43402	-0.323141	0.26898	-3.43402	0
1.28116	-3.41532	-0.329217	1.28116	-3.41532	0
2.2919	-3.35899	-0.316227	2.2919	-3.35899	0
3.33126	-3.38638	-0.332927	3.33126	-3.38638	0
4.44909	-3.40291	-0.323275	4.44909	-3.40291	0
5.45578	-3.3408	-0.347294	5.45578	-3.3408	0
6.50271	-3.42748	-0.300512	6.50271	-3.42748	0
7.55544	-3.44386	-0.301167	7.55544	-3.44386	0
8.56494	-3.46207	-0.329085	8.56494	-3.46207	0
9.58148	-3.45936	-0.337372	9.58148	-3.45936	0
10.628	-3.4528	-0.293878	10.628	-3.4528	0
11.6227	-3.42689	-0.29209	11.6227	-3.42689	0
-11.1402	-3.40537	-0.312643	-11.1402	-3.40537	0
-10.0684	-3.37643	-0.303902	-10.0684	-3.37643	0
-9.07179	-3.3712	-0.32483	-9.07179	-3.3712	0
-8.06807	-3.37167	-0.276035	-8.06807	-3.37167	0
-7.00199	-3.39636	-0.312856	-7.00199	-3.39636	0
-6.02126	-3.42576	-0.337853	-6.02126	-3.42576	0
-4.9794	-3.42544	-0.323898	-4.9794	-3.42544	0
-3.92574	-3.37795	-0.295781	-3.92574	-3.37795	0
-2.89388	-3.38952	-0.307362	-2.89388	-3.38952	0
-1.8268	-3.40685	-0.330131	-1.8268	-3.40685	0
-0.800565	-2.38129	-0.294338	-0.800565	-2.38129	0
0.210707	-2.40979	-0.338621	0.210707	-2.40979	0
1.27143	-2.40378	-0.32809	1.27143	-2.40378	0
2.29786	-2.35302	-0.30165	2.29786	-2.35302	0
3.35847	-2.32515	-0.29983	3.35847	-2.32515	0
4.40273	-2.42575	-0.343256	4.40273	-2.42575	0
5.43777	-2.30804	-0.30133	5.43777	-2.30804	0
6.48888	-2.37661	-0.301166	6.48888	-2.37661	0
7.54705	-2.47288	-0.333694	7.54705	-2.47288	0
8.55534	-2.40368	-0.317854	8.55534	-2.40368	0
9.6286	-2.44425	-0.300068	9.6286	-2.44425	0
10.6301	-2.39358	-0.317175	10.6301	-2.39358	0
11.664	-2.38979	-0.332829	11.664	-2.38979	0
-11.0183	-2.36075	-0.321036	-11.0183	-2.36075	0
-10.0254	-2.38869	-0.322015	-10.0254	-2.38869	0
-9.05632	-2.33648	-0.33278	-9.05632	-2.33648	0
-7.96632	-2.36965	-0.31728	-7.96632	-2.36965	0
-6.91157	-2.33608	-0.319751	-6.91157	-2.33608	0
-5.9499	-2.38474	-0.313463	-5.9499	-2.38474	0
-4.94377	-2.37734	-0.354874	-4.94377	-2.37734	0
-3.91119	-2.3036	-0.327388	-3.91119	-2.3036	0
-2.82	-2.2976	-0.322856	-2.82	-2.2976	0
-1.79032	-2.34659	-0.315958	-1.79032	-2.34659	0
-0.815669	-1.32332	-0.340166	-0.815669	-1.32332	0
0.199152	-1.3488	-0.355183	0.199152	-1.3488	0
1.23993	-1.33825	-0.337454	1.23993	-1.33825	0
2.2821	-1.31569	-0.338679	2.2821	-1.31569	0
3.3626	-1.29403	-0.311982	3.3626	-1.29403	0
4.46062	-1.33102	-0.319248	4.46062	-1.33102	0
5.44618	-1.34648	-0.331803	5.44618	-1.34648	0
6.50497	-1.36251	-0.303702	6.50497	-1.36251	0
7.51737	-1.39488	-0.302654	7.51737	-1.39488	0
8.57983	-1.38835	-0.329422	8.57983	-1.38835	0
9.65552	-1.36986	-0.27485	9.65552	-1.36986	0
10.693	-1.32923	-0.314704	10.693	-1.32923	0
11.6641	-1.35906	-0.313917	11.6641	-1.35906	0
-11.104	-1.25007	-0.315801	-11.104	-1.25007	0
-10.0665	-1.2991	-0.321634	-10.0665	-1.2991	0
-9.05813	-1.33775	-0.311431	-9.05813	-1.33775	0
-7.99104	-1.3625	-0.314427	-7.99104	-1.3625	0
-6.96553	-1.36355	-0.320172	-6.96553	-1.36355	0
-5.95552	-1.32565	-0.317676	-5.95552	-1.32565	0
-4.89188	-1.37536	-0.330174	-4.89188	-1.37536	0
-3.91023	-1.31761	-0.299204	-3.91023	-1.31761	0
-2.9077	-1.29253	-0.326	-2.9077	-1.29253	0
-1.86238	-1.27526	-0.309476	-1.86238	-1.27526	0
-0.222889	0.168959	0.302447	-0.222889	0.168959	0
0.791192	0.218574	0.34789	0.791192	0.218574	0
1.83282	0.18904	0.280721	1.83282	0.18904	0
2.85428	0.149281	0.318471	2.85428	0.149281	0
3.94914	0.268389	0.32097	3.94914	0.268389	0
4.95688	0.208577	0.299565	4.95688	0.208577	0
6.02948	0.15649	0.327288	6.02948	0.15649	0
7.07068	0.15766	0.296132	7.07068	0.15766	0
8.03264	0.210246	0.327638	8.03264	0.210246	0
9.06442	0.121528	0.313958	9.06442	0.121528	0
10.1258	0.162605	0.303879	10.1258	0.162605	0
11.1348	0.173796	0.309571	11.1348	0.173796	0
-11.6134	0.294634	0.32616	-11.6134	0.294634	0
-10.6063	0.264285	0.307707	-10.6063	0.264285	0
-9.54937	0.243633	0.332249	-9.54937	0.243633	0
-8.52888	0.203855	0.287578	-8.52888	0.203855	0
-7.5268	0.201654	0.342576	-7.5268	0.201654	0
-6.51386	0.223499	0.321528	-6.51386	0.223499	0
-5.44793	0.221582	0.31583	-5.44793	0.221582	0
-4.40079	0.205463	0.332559	-4.40079	0.205463	0
-3.38408	0.162676	0.334569	-3.38408	0.162676	0
-2.36803	0.255999	0.280954	-2.36803	0.255999	0
-1.23973	0.228345	0.323943	-1.23973	0.228345	0
-0.233795	1.23395	0.313767	-0.233795	1.23395	0
0.793583	1.24108	0.324512	0.793583	1.24108	0
1.79984	1.21501	0.319776	1.79984	1.21501	0
2.85076	1.17051	0.333131	2.85076	1.17051	0
3.96921	1.29827	0.300084	3.96921	1.29827	0
4.99687	1.27066	0.305922	4.99687	1.27066	0
5.98762	1.23114	0.31861	5.98762	1.23114	0
6.97329	1.22214	0.29124	6.97329	1.22214	0
8.08171	1.27261	0.328647	8.08171	1.27261	0
9.13014	1.14771	0.318846	9.13014	1.14771	0
10.1586	1.17485	0.321228	10.1586	1.17485	0
11.1846	1.2217	0.327224	11.1846	1.2217	0
-11.5769	1.28637	0.330261	-11.5769	1.28637	0
-10.5906	1.28527	0.32803	-10.5906	1.28527	0
-9.53716	1.26471	0.30683	-9.53716	1.26471	0
-8.54604	1.24476	0.288121	-8.54604	1.24476	0
-7.48805	1.18904	0.304432	-7.48805	1.18904	0
-6.46514	1.2597	0.328064	-6.46514	1.2597	0
-5.44144	1.25296	0.311571	-5.44144	1.25296	0
-4.39241	1.23137	0.327516	-4.39241	1.23137	0
-3.389	1.26418	0.315797	-3.389	1.26418	0
-2.33044	1.25176	0.312803	-2.33044	1.25176	0
-1.3097	1.24098	0.348568	-1.3097	1.24098	0
-0.254991	2.25474	0.306866	-0.254991	2.25474	0
0.760142	2.28423	0.30898	0.760142	2.28423	0
1.85616	2.22136	0.321588	1.85616	2.22136	0
2.90343	2.2356	0.304611	2.90343	2.2356	0
3.89154	2.25904	0.276607	3.89154	2.25904	0
4.919	2.28813	0.33035	4.919	2.28813	0
6.04023	2.26157	0.307361	6.04023	2.26157	0
7.09945	2.25523	0.290743	7.09945	2.25523	0
8.11744	2.28789	0.312886	8.11744	2.28789	0
9.13827	2.18628	0.290731	9.13827	2.18628	0
10.172	2.23068	0.28907	10.172	2.23068	0
11.19	2.23148	0.315831	11.19	2.23148	0
-11.5793	2.27085	0.308493	-11.5793	2.27085	0
-10.5686	2.30933	0.311541	-10.5686	2.30933	0
-9.53877	2.35088	0.321054	-9.53877	2.35088	0
-8.49012	2.29496	0.337211	-8.49012	2.29496	0
-7.52836	2.23255	0.335633	-7.52836	2.23255	0
-6.48624	2.26852	0.309018	-6.48624	2.26852	0
-5.48142	2.28457	0.296261	-5.48142	2.28457	0
-4.4396	2.18483	0.310132	-4.4396	2.18483	0
-3.40131	2.24465	0.275065	-3.40131	2.24465	0
-2.33065	2.2941	0.313357	-2.33065	2.2941	0
-1.24633	2.25055	0.321568	-1.24633	2.25055	0
-0.229224	3.28951	0.342045	-0.229224	3.28951	0
0.787139	3.27393	0.310877	0.787139	3.27393	0
1.86673	3.19221	0.314467	1.86673	3.19221	0
2.87089	3.28122	0.325162	2.87089	3.28122	0
3.92205	3.35043	0.331849	3.92205	3.35043	0
5.01118	3.25409	0.309259	5.01118	3.25409	0
6.04071	3.24209	0.331854	6.04071	3.24209	0
7.03697	3.30265	0.291055	7.03697	3.30265	0
8.0998	3.29156	0.314126	8.0998	3.29156	0
9.13429	3.25312	0.317096	9.13429	3.25312	0
10.1431	3.24745	0.315839	10.1431	3.24745	0
11.1907	3.33856	0.329412	11.1907	3.33856	0
-11.5719	3.29928	0.307717	-11.5719	3.29928	0
-10.5689	3.39069	0.289276	-10.5689	3.39069	0
-9.55247	3.33665	0.295224	-9.55247	3.33665	0
-8.47545	3.31975	0.33083	-8.47545	3.31975	0
-7.46905	3.23825	0.35264	-7.46905	3.23825	0
-6.39539	3.36059	0.320954	-6.39539	3.36059	0
-5.41151	3.34308	0.313617	-5.41151	3.34308	0
-4.31051	3.29891	0.318821	-4.31051	3.29891	0
-3.34337	3.30421	0.320006	-3.34337	3.30421	0
-2.30515	3.31671	0.296504	-2.30515	3.31671	0
-1.30975	3.27898	0.310909	-1.30975	3.27898	0
-0.172977	4.40303	0.317186	-0.172977	4.40303	0
0.902501	4.36146	0.30692	0.902501	4.36146	0
1.88267	4.3782	0.322284	1.88267	4.3782	0
2.94088	4.37677	0.327751	2.94088	4.37677	0
3.97017	4.34833	0.353231	3.97017	4.34833	0
5.03321	4.31032	0.350709	5.03321	4.31032	0
6.04042	4.3299	0.321014	6.04042	4.3299	0
7.02755	4.32884	0.324411	7.02755	4.32884	0
8.08281	4.3147	0.302975	8.08281	4.3147	0
9.12553	4.29886	0.305814	9.12553	4.29886	0
10.152	4.34425	0.352337	10.152	4.34425	0
11.1574	4.41319	0.284609	11.1574	4.41319	0
-11.5789	4.39281	0.342811	-11.5789	4.39281	0
-10.5703	4.38697	0.319481	-10.5703	4.38697	0
-9.50939	4.39809	0.326532	-9.50939	4.39809	0
-8.46671	4.34308	0.299004	-8.46671	4.34308	0
-7.42515	4.33179	0.313391	-7.42515	4.33179	0
-6.4195	4.37892	0.310702	-6.4195	4.37892	0
-5.40098	4.35479	0.297271	-5.40098	4.35479	0
-4.30709	4.30642	0.304793	-4.30709	4.30642	0
-3.26983	4.32145	0.288874	-3.26983	4.32145	0
-2.28846	4.37009	0.309335	-2.28846	4.37009	0
-1.19896	4.34085	0.310699	-1.19896	4.34085	0
-0.13468	5.3967	0.313353	-0.13468	5.3967	0
0.901882	5.41365	0.348	0.901882	5.41365	0
1.93499	5.4596	0.310293	1.93499	5.4596	0
2.90412	5.39362	0.326089	2.90412	5.39362	0
4.00039	5.42216	0.319136	4.00039	5.42216	0
5.03739	5.40945	0.318579	5.03739	5.40945	0
6.05683	5.32005	0.284698	6.05683	5.32005	0
7.07529	5.35407	0.334462	7.07529	5.35407	0
8.10427	5.3146	0.30406	8.10427	5.3146	0
9.12842	5.39235	0.295938	9.12842	5.39235	0
10.1175	5.39566	0.3086	10.1175	5.39566	0
11.1355	5.39627	0.310971	11.1355	5.39627	0
-11.6024	5.44083	0.301921	-11.6024	5.44083	0
-10.5959	5.42062	0.32293	-10.5959	5.42062	0
-9.46533	5.37693	0.294232	-9.46533	5.37693	0
-8.44727	5.41064	0.331279	-8.44727	5.41064	0
-7.4613	5.2834	0.33147	-7.4613	5.2834	0
-6.40387	5.40333	0.337874	-6.40387	5.40333	0
-5.29041	5.36276	0.312584	-5.29041	5.36276	0
-4.28376	5.3411	0.340523	-4.28376	5.3411	0
-3.21468	5.37924	0.340608	-3.21468	5.37924	0
-2.20173	5.35279	0.297706	-2.20173	5.35279	0
-1.13844	5.34958	0.347357	-1.13844	5.34958	0
-0.112373	6.51643	0.319266	-0.112373	6.51643	0
0.897591	6.42102	0.332553	0.897591	6.42102	0
1.91975	6.45923	0.301625	1.91975	6.45923	0
2.95578	6.42575	0.354801	2.95578	6.42575	0
3.96498	6.38947	0.293063	3.96498	6.38947	0
5.06558	6.41844	0.320613	5.06558	6.41844	0
6.02969	6.37416	0.325651	6.02969	6.37416	0
7.09335	6.35888	0.290096	7.09335	6.35888	0
8.13309	6.38403	0.327206	8.13309	6.38403	0
9.12566	6.4158	0.322625	9.12566	6.4158	0
10.1641	6.43515	0.331081	10.1641	6.43515	0
11.1752	6.41644	0.330468	11.1752	6.41644	0
-11.5533	6.42296	0.318473	-11.5533	6.42296	0
-10.5437	6.44848	0.298907	-10.5437	6.44848	0
-9.48426	6.44342	0.293447	-9.48426	6.44342	0
-8.43996	6.44209	0.312475	-8.43996	6.44209	0
-7.32945	6.40408	0.33149	-7.32945	6.40408	0
-6.37056	6.41503	0.306953	-6.37056	6.41503	0
-5.29167	6.36502	0.299937	-5.29167	6.36502	0
-4.25583	6.40544	0.317158	-4.25583	6.40544	0
-3.25409	6.39893	0.309514	-3.25409	6.39893	0
-2.1736	6.39608	0.309881	-2.1736	6.39608	0
-1.1802	6.43651	0.320259	-1.1802	6.43651	0
-0.152948	7.50466	0.305147	-0.152948	7.50466	0
0.846882	7.4592	0.315965	0.846882	7.4592	0
1.83163	7.50174	0.321945	1.83163	7.50174	0
2.88383	7.44411	0.322729	2.88383	7.44411	0
3.92647	7.45046	0.334459	3.92647	7.45046	0
4.93795	7.44799	0.285285	4.93795	7.44799	0
6.02608	7.44204	0.328656	6.02608	7.44204	0
7.0695	7.41647	0.319722	7.0695	7.41647	0
8.0879	7.40022	0.296158	8.0879	7.40022	0
9.15175	7.46264	0.326451	9.15175	7.46264	0
10.2011	7.42349	0.300436	10.2011	7.42349	0
11.1892	7.43588	0.308418	11.1892	7.43588	0
-11.5467	7.5315	0.318205	-11.5467	7.5315	0
-10.4997	7.43846	0.30585	-10.4997	7.43846	0
-9.465	7.49462	0.333085	-9.465	7.49462	0
-8.42351	7.447	0.32678	-8.42351	7.447	0
-7.33818	7.44755	0.339485	-7.33818	7.44755	0
-6.32061	7.42571	0.304365	-6.32061	7.42571	0
-5.27536	7.39749	0.288617	-5.27536	7.39749	0
-4.27364	7.41951	0.331408	-4.27364	7.41951	0
-3.22538	7.45049	0.339192	-3.22538	7.45049	0
-2.21702	7.42674	0.323175	-2.21702	7.42674	0
-1.21629	7.49353	0.297031	-1.21629	7.49353	0
-0.179484	8.53982	0.318635	-0.179484	8.53982	0
0.830873	8.50516	0.324497	0.830873	8.50516	0
1.8465	8.53433	0.313534	1.8465	8.53433	0
2.90911	8.46099	0.324439	2.90911	8.46099	0
3.91113	8.44493	0.299756	3.91113	8.44493	0
4.94478	8.46586	0.323881	4.94478	8.46586	0
5.99928	8.47023	0.28494	5.99928	8.47023	0
7.05136	8.42755	0.329672	7.05136	8.42755	0
8.09526	8.42428	0.338207	8.09526	8.42428	0
9.16546	8.51385	0.318443	9.16546	8.51385	0
10.2355	8.48044	0.33363	10.2355	8.48044	0
11.2287	8.44742	0.301527	11.2287	8.44742	0
-11.5053	8.51992	0.335367	-11.5053	8.51992	0
-10.5178	8.45917	0.328382	-10.5178	8.45917	0
-9.41176	8.51487	0.342566	-9.41176	8.51487	0
-8.36756	8.52429	0.319736	-8.36756	8.52429	0
-7.34216	8.48065	0.27556	-7.34216	8.48065	0
-6.33005	8.45309	0.301333	-6.33005	8.45309	0
-5.28382	8.44057	0.292403	-5.28382	8.44057	0
-4.23333	8.37975	0.334667	-4.23333	8.37975	0
-3.24794	8.50624	0.32986	-3.24794	8.50624	0
-2.2121	8.50838	0.319505	-2.2121	8.50838	0
-1.19333	8.5339	0.30444	-1.19333	8.5339	0
-0.168518	9.56259	0.329573	-0.168518	9.56259	0
0.868174	9.5222	0.321653	0.868174	9.5222	0
1.91345	9.5849	0.331717	1.91345	9.5849	0
2.93917	9.58967	0.311294	2.93917	9.58967	0
3.92509	9.51441	0.312302	3.92509	9.51441	0
4.95581	9.50189	0.337139	4.95581	9.50189	0
6.01335	9.45585	0.323014	6.01335	9.45585	0
7.03037	9.47693	0.33392	7.03037	9.47693	0
8.07836	9.45558	0.323223	8.07836	9.45558	0
9.14579	9.54377	0.340161	9.14579	9.54377	0
10.1423	9.50576	0.286518	10.1423	9.50576	0
11.1858	9.50635	0.311902	11.1858	9.50635	0
-11.5168	9.61606	0.270345	-11.5168	9.61606	0
-10.4893	9.50595	0.316794	-10.4893	9.50595	0
-9.43498	9.5314	0.326281	-9.43498	9.5314	0
-8.41448	9.49703	0.324679	-8.41448	9.49703	0
-7.40303	9.495	0.330482	-7.40303	9.495	0
-6.36777	9.55784	0.316882	-6.36777	9.55784	0
-5.33893	9.45012	0.314854	-5.33893	9.45012	0
-4.29988	9.44896	0.336349	-4.29988	9.44896	0
-3.30091	9.53335	0.289772	-3.30091	9.53335	0
-2.27922	9.56363	0.327073	-2.27922	9.56363	0
-1.18544	9.50718	0.318619	-1.18544	9.50718	0
-0.233373	10.6102	0.329848	-0.233373	10.6102	0
0.817262	10.5936	0.322308	0.817262	10.5936	0
1.85449	10.6034	0.32452	1.85449	10.6034	0
2.91099	10.5859	0.344104	2.91099	10.5859	0
3.9322	10.5619	0.340962	3.9322	10.5619	0
4.96633	10.5534	0.331914	4.96633	10.5534	0
5.93369	10.4573	0.320715	5.93369	10.4573	0
6.97803	10.4893	0.327744	6.97803	10.4893	0
8.0095	10.504	0.333953	8.0095	10.504	0
9.09719	10.5517	0.310471	9.09719	10.5517	0
10.1604	10.5155	0.326928	10.1604	10.5155	0
11.1549	10.5051	0.318011	11.1549	10.5051	0
-11.53	10.5809	0.307425	-11.53	10.5809	0
-10.4678	10.5848	0.312308	-10.4678	10.5848	0
-9.45947	10.5862	0.313873	-9.45947	10.5862	0
-8.39897	10.5908	0.337435	-8.39897	10.5908	0
-7.36342	10.5655	0.325737	-7.36342	10.5655	0
-6.33617	10.5486	0.297545	-6.33617	10.5486	0
-5.35582	10.5414	0.320588	-5.35582	10.5414	0
-4.30426	10.4896	0.322541	-4.30426	10.4896	0
-3.34309	10.5439	0.326457	-3.34309	10.5439	0
-2.31581	10.5878	0.324527	-2.31581	10.5878	0
-1.25266	10.5644	0.309033	-1.25266	10.5644	0
-0.262407	11.6247	0.339705	-0.262407	11.6247	0
0.755519	11.5807	0.316012	0.755519	11.5807	0
1.81088	11.6294	0.289247	1.81088	11.6294	0
2.85855	11.5998	0.332074	2.85855	11.5998	0
3.904	11.5975	0.32972	3.904	11.5975	0
4.99037	11.5373	0.298278	4.99037	11.5373	0
5.98051	11.5425	0.328192	5.98051	11.5425	0
6.97694	11.5421	0.359547	6.97694	11.5421	0
8.00959	11.5743	0.307333	8.00959	11.5743	0
9.07811	11.5917	0.332997	9.07811	11.5917	0
10.1172	11.6082	0.32092	10.1172	11.6082	0
11.1821	11.5166	0.319221	11.1821	11.5166	0
-11.5364	11.565	0.326778	-11.5364	11.565	0
-10.4587	11.6346	0.314817	-10.4587	11.6346	0
-9.4848	11.5634	0.27762	-9.4848	11.5634	0
-8.45303	11.6115	0.33415	-8.45303	11.6115	0
-7.42911	11.6715	0.312592	-7.42911	11.6715	0
-6.35967	11.6456	0.314206	-6.35967	11.6456	0
-5.34739	11.5793	0.328487	-5.34739	11.5793	0
-4.34013	11.5315	0.322008	-4.34013	11.5315	0
-3.3105	11.6268	0.298525	-3.3105	11.6268	0
-2.2918	11.5716	0.308811	-2.2918	11.5716	0
-1.28035	11.6088	0.31806	-1.28035	11.6088	0
-0.181983	-11.1833	0.336503	-0.181983	-11.1833	0
0.806813	-11.1374	0.311353	0.806813	-11.1374	0
1.81566	-11.0925	0.339386	1.81566	-11.0925	0
2.80266	-11.1249	0.310918	2.80266	-11.1249	0
3.87128	-11.1349	0.318837	3.87128	-11.1349	0
4.96293	-11.2281	0.299414	4.96293	-11.2281	0
5.97291	-11.1784	0.305111	5.97291	-11.1784	0
6.99616	-11.206	0.32228	6.99616	-11.206	0
8.034	-11.2502	0.29751	8.034	-11.2502	0
9.04428	-11.1952	0.310527	9.04428	-11.1952	0
10.1315	-11.1676	0.305761	10.1315	-11.1676	0
11.1828	-11.1788	0.305655	11.1828	-11.1788	0
-11.608	-11.134	0.327893	-11.608	-11.134	0
-10.4906	-11.1171	0.289191	-10.4906	-11.1171	0
-9.49233	-11.1085	0.329709	-9.49233	-11.1085	0
-8.46637	-11.1473	0.333466	-8.46637	-11.1473	0
-7.43326	-11.1387	0.325423	-7.43326	-11.1387	0
-6.43759	-11.1294	0.29573	-6.43759	-11.1294	0
-5.41748	-11.1449	0.346621	-5.41748	-11.1449	0
-4.36189	-11.1775	0.338001	-4.36189	-11.1775	0
-3.3467	-11.1948	0.317147	-3.3467	-11.1948	0
-2.31056	-11.1601	0.325016	-2.31056	-11.1601	0
-1.26573	-11.1792	0.290705	-1.26573	-11.1792	0
-0.217911	-10.0955	0.29335	-0.217911	-10.0955	0
0.796004	-10.0946	0.331786	0.796004	-10.0946	0
1.83909	-10.0735	0.297207	1.83909	-10.0735	0
2.85881	-10.0789	0.344906	2.85881	-10.0789	0
3.92578	-10.1375	0.32014	3.92578	-10.1375	0
4.9523	-10.1687	0.344358	4.9523	-10.1687	0
5.96545	-10.1489	0.316687	5.96545	-10.1489	0
6.93537	-10.1151	0.304062	6.93537	-10.1151	0
8.02651	-10.1647	0.312265	8.02651	-10.1647	0
9.07458	-10.1454	0.337481	9.07458	-10.1454	0
10.1536	-10.0718	0.322065	10.1536	-10.0718	0
11.1758	-10.1171	0.318778	11.1758	-10.1171	0
-11.5262	-10.106	0.320908	-11.5262	-10.106	0
-10.5376	-10.1217	0.310844	-10.5376	-10.1217	0
-9.49934	-10.0875	0.324448	-9.49934	-10.0875	0
-8.46961	-10.0997	0.313698	-8.46961	-10.0997	0
-7.42396	-10.1055	0.318805	-7.42396	-10.1055	0
-6.38461	-10.0792	0.297694	-6.38461	-10.0792	0
-5.2832	-10.1398	0.321975	-5.2832	-10.1398	0
-4.27162	-10.1316	0.305208	-4.27162	-10.1316	0
-3.33238	-10.1423	0.330679	-3.33238	-10.1423	0
-2.27378	-10.1177	0.305761	-2.27378	-10.1177	0
-1.25958	-10.1738	0.307603	-1.25958	-10.1738	0
-0.225532	-9.04924	0.30013	-0.225532	-9.04924	0
0.772475	-9.08575	0.309149	0.772475	-9.08575	0
1.85721	-9.06523	0.294285	1.85721	-9.06523	0
2.89794	-9.06472	0.321985	2.89794	-9.06472	0
3.91765	-9.07499	0.330304	3.91765	-9.07499	0
4.97807	-9.11387	0.314676	4.97807	-9.11387	0
5.93675	-9.06078	0.329224	5.93675	-9.06078	0
7.0191	-9.07886	0.317568	7.0191	-9.07886	0
8.03012	-9.12078	0.316095	8.03012	-9.12078	0
9.09278	-9.13837	0.306422	9.09278	-9.13837	0
10.0977	-9.09092	0.302525	10.0977	-9.09092	0
11.1591	-9.08924	0.331277	11.1591	-9.08924	0
-11.5711	-9.08025	0.322976	-11.5711	-9.08025	0
-10.5297	-9.07454	0.327014	-10.5297	-9.07454	0
-9.54686	-9.0778	0.320576	-9.54686	-9.0778	0
-8.48191	-9.0454	0.333902	-8.48191	-9.0454	0
-7.486	-9.09138	0.334325	-7.486	-9.09138	0
-6.35971	-9.04399	0.306251	-6.35971	-9.04399	0
-5.35577	-9.07746	0.360372	-5.35577	-9.07746	0
-4.35738	-9.13089	0.31914	-4.35738	-9.13089	0
-3.32595	-9.09166	0.353954	-3.32595	-9.09166	0
-2.2921	-9.17005	0.337793	-2.2921	-9.17005	0
-1.24836	-9.11802	0.323262	-1.24836	-9.11802	0
-0.229326	-8.05332	0.316932	-0.229326	-8.05332	0
0.857839	-8.0945	0.305226	0.857839	-8.0945	0
1.87243	-8.03092	0.328053	1.87243	-8.03092	0
2.9312	-8.00805	0.291144	2.9312	-8.00805	0
3.90017	-8.02359	0.30247	3.90017	-8.02359	0
4.85043	-8.08414	0.328535	4.85043	-8.08414	0
5.97731	-8.0421	0.324429	5.97731	-8.0421	0
7.02672	-8.05098	0.295001	7.02672	-8.05098	0
8.02462	-8.04967	0.312653	8.02462	-8.04967	0
9.0298	-8.07884	0.344262	9.0298	-8.07884	0
10.0849	-8.00312	0.305966	10.0849	-8.00312	0
11.1324	-8.09274	0.286798	11.1324	-8.09274	0
-11.6138	-8.04612	0.352278	-11.6138	-8.04612	0
-10.5609	-8.03767	0.326189	-10.5609	-8.03767	0
-9.526	-8.03682	0.328792	-9.526	-8.03682	0
-8.42822	-7.97373	0.269678	-8.42822	-7.97373	0
-7.43393	-8.03237	0.29413	-7.43393	-8.03237	0
-6.42308	-8.06994	0.323085	-6.42308	-8.06994	0
-5.35638	-8.03799	0.322636	-5.35638	-8.03799	0
-4.36047	-8.07103	0.314567	-4.36047	-8.07103	0
-3.23915	-8.06865	0.324142	-3.23915	-8.06865	0
-2.25991	-8.11182	0.324572	-2.25991	-8.11182	0
-1.24776	-8.04642	0.306531	-1.24776	-8.04642	0
-0.234431	-6.97765	0.315728	-0.234431	-6.97765	0
0.841227	-7.06272	0.333513	0.841227	-7.06272	0
1.90531	-7.02959	0.336164	1.90531	-7.02959	0
2.9215	-7.02221	0.314258	2.9215	-7.02221	0
3.9404	-6.9824	0.312807	3.9404	-6.9824	0
4.92694	-7.05744	0.317414	4.92694	-7.05744	0
5.94514	-6.99552	0.322469	5.94514	-6.99552	0
6.981	-6.98325	0.313956	6.981	-6.98325	0
8.01729	-7.05371	0.299138	8.01729	-7.05371	0
9.02385	-7.08638	0.349067	9.02385	-7.08638	0
10.0787	-7.02673	0.298283	10.0787	-7.02673	0
11.0881	-7.0637	0.328206	11.0881	-7.0637	0
-11.6123	-7.11792	0.312942	-11.6123	-7.11792	0
-10.6027	-7.00214	0.326307	-10.6027	-7.00214	0
-9.5726	-6.99984	0.315245	-9.5726	-6.99984	0
-8.5486	-6.97561	0.300383	-8.5486	-6.97561	0
-7.4838	-7.02119	0.316052	-7.4838	-7.02119	0
-6.41367	-7.01795	0.322215	-6.41367	-7.01795	0
-5.3286	-7.04265	0.291372	-5.3286	-7.04265	0
-4.3304	-7.03606	0.318314	-4.3304	-7.03606	0
-3.29635	-7.04606	0.326926	-3.29635	-7.04606	0
-2.26957	-7.05484	0.321961	-2.26957	-7.05484	0
-1.21415	-7.03262	0.329984	-1.21415	-7.03262	0
-0.259468	-6.00488	0.321166	-0.259468	-6.00488	0
0.812329	-6.06096	0.344035	0.812329	-6.06096	0
1.82897	-6.01041	0.314286	1.82897	-6.01041	0
2.86357	-6.01474	0.32303	2.86357	-6.01474	0
3.92702	-5.92917	0.321706	3.92702	-5.92917	0
4.99765	-5.96179	0.317038	4.99765	-5.96179	0
5.93675	-6.01245	0.32497	5.93675	-6.01245	0
6.99396	-5.99068	0.330369	6.99396	-5.99068	0
8.06323	-6.00461	0.318174	8.06323	-6.00461	0
9.08164	-5.98539	0.305858	9.08164	-5.98539	0
10.0651	-5.9911	0.317137	10.0651	-5.9911	0
11.1586	-6.05544	0.330511	11.1586	-6.05544	0
-11.6206	-6.05099	0.318924	-11.6206	-6.05099	0
-10.6127	-6.00649	0.330116	-10.6127	-6.00649	0
-9.50361	-5.99014	0.306692	-9.50361	-5.99014	0
-8.52201	-5.9638	0.302983	-8.52201	-5.9638	0
-7.50929	-5.91946	0.313478	-7.50929	-5.91946	0
-6.43985	-6.02652	0.319414	-6.43985	-6.02652	0
-5.3735	-5.99333	0.309689	-5.3735	-5.99333	0
-4.3429	-5.92298	0.324571	-4.3429	-5.92298	0
-3.3453	-6.00747	0.296266	-3.3453	-6.00747	0
-2.33001	-6.04689	0.299272	-2.33001	-6.04689	0
-1.2337	-6.0363	0.29442	-1.2337	-6.0363	0
-0.243299	-5.02363	0.309992	-0.243299	-5.02363	0
0.772165	-4.98313	0.321312	0.772165	-4.98313	0
1.81383	-5.0506	0.338668	1.81383	-5.0506	0
2.82445	-4.93098	0.31251	2.82445	-4.93098	0
3.9338	-4.96636	0.305127	3.9338	-4.96636	0
4.93508	-4.89135	0.321692	4.93508	-4.89135	0
6.0022	-4.93948	0.290546	6.0022	-4.93948	0
7.01158	-5.00403	0.312268	7.01158	-5.00403	0
8.12039	-4.95016	0.327633	8.12039	-4.95016	0
9.11755	-5.03956	0.302335	9.11755	-5.03956	0
10.1552	-4.92937	0.310424	10.1552	-4.92937	0
11.1799	-4.96993	0.286441	11.1799	-4.96993	0
-11.5728	-4.95089	0.332768	-11.5728	-4.95089	0
-10.6123	-4.90966	0.300342	-10.6123	-4.90966	0
-9.62389	-4.96183	0.308872	-9.62389	-4.96183	0
-8.55359	-4.95857	0.287604	-8.55359	-4.95857	0
-7.52232	-4.9255	0.28438	-7.52232	-4.9255	0
-6.46262	-4.99608	0.308297	-6.46262	-4.99608	0
-5.38991	-5.00607	0.300709	-5.38991	-5.00607	0
-4.41648	-4.9523	0.300913	-4.41648	-4.9523	0
-3.37046	-4.95966	0.330174	-3.37046	-4.95966	0
-2.26959	-4.97443	0.30784	-2.26959	-4.97443	0
-1.30568	-4.94955	0.31351	-1.30568	-4.94955	0
-0.234371	-3.92522	0.31159	-0.234371	-3.92522	0
0.77482	-3.96767	0.300397	0.77482	-3.96767	0
1.76757	-3.95405	0.292754	1.76757	-3.95405	0
2.84389	-3.86715	0.328832	2.84389	-3.86715	0
3.85506	-3.96312	0.302472	3.85506	-3.96312	0
4.90383	-3.86172	0.319538	4.90383	-3.86172	0
5.93034	-3.92474	0.303251	5.93034	-3.92474	0
7.08036	-3.95841	0.313364	7.08036	-3.95841	0
8.05377	-3.94704	0.330145	8.05377	-3.94704	0
9.11164	-3.98342	0.315702	9.11164	-3.98342	0
10.1186	-3.93693	0.329017	10.1186	-3.93693	0
11.1686	-3.97847	0.332272	11.1686	-3.97847	0
-11.6059	-3.90265	0.315563	-11.6059	-3.90265	0
-10.6348	-3.89957	0.303127	-10.6348	-3.89957	0
-9.63615	-3.91529	0.330952	-9.63615	-3.91529	0
-8.61632	-3.93318	0.310604	-8.61632	-3.93318	0
-7.52714	-3.93941	0.273743	-7.52714	-3.93941	0
-6.48675	-3.95848	0.300044	-6.48675	-3.95848	0
-5.53728	-3.96602	0.320268	-5.53728	-3.96602	0
-4.39833	-3.90531	0.331668	-4.39833	-3.90531	0
-3.35563	-3.90106	0.333007	-3.35563	-3.90106	0
-2.31907	-3.86614	0.331063	-2.31907	-3.86614	0
-1.29679	-3.92078	0.325416	-1.29679	-3.92078	0
-0.315611	-2.94504	0.310063	-0.315611	-2.94504	0
0.74523	-2.90898	0.294088	0.74523	-2.90898	0
1.80273	-2.85693	0.321538	1.80273	-2.85693	0
2.82509	-2.81612	0.313875	2.82509	-2.81612	0
3.90357	-2.96274	0.321321	3.90357	-2.96274	0
4.90217	-2.9004	0.33232	4.90217	-2.9004	0
5.98315	-2.90956	0.307606	5.98315	-2.90956	0
7.01677	-2.903	0.324324	7.01677	-2.903	0
8.04564	-2.89073	0.321404	8.04564	-2.89073	0
9.07194	-2.96425	0.32406	9.07194	-2.96425	0
10.1238	-2.89682	0.341579	10.1238	-2.89682	0
11.1455	-2.8568	0.328042	11.1455	-2.8568	0
-11.6112	-2.8732	0.310924	-11.6112	-2.8732	0
-10.5866	-2.86134	0.309214	-10.5866	-2.86134	0
-9.54957	-2.9213	0.318107	-9.54957	-2.9213	0
-8.5459	-2.84337	0.319178	-8.5459	-2.84337	0
-7.49029	-2.89446	0.325026	-7.49029	-2.89446	0
-6.52611	-2.8917	0.315572	-6.52611	-2.8917	0
-5.47019	-2.91945	0.299431	-5.47019	-2.91945	0
-4.44137	-2.87344	0.307503	-4.44137	-2.87344	0
-3.38158	-2.79851	0.311602	-3.38158	-2.79851	0
-2.29691	-2.86596	0.314074	-2.29691	-2.86596	0
-1.3202	-2.86263	0.315312	-1.3202	-2.86263	0
-0.284369	-1.92339	0.316898	-0.284369	-1.92339	0
0.714256	-1.8631	0.305478	0.714256	-1.8631	0
1.76419	-1.84761	0.326639	1.76419	-1.84761	0
2.84491	-1.80437	0.290921	2.84491	-1.80437	0
3.89609	-1.87577	0.304301	3.89609	-1.87577	0
4.91104	-1.86566	0.345988	4.91104	-1.86566	0
5.9933	-1.89421	0.317484	5.9933	-1.89421	0
7.01146	-1.89485	0.340997	7.01146	-1.89485	0
8.07548	-1.88041	0.304532	8.07548	-1.88041	0
9.09304	-1.89373	0.295502	9.09304	-1.89373	0
10.1811	-1.86035	0.297525	10.1811	-1.86035	0
11.1855	-1.86889	0.331258	11.1855	-1.86889	0
-11.549	-1.82	0.317223	-11.549	-1.82	0
-10.6026	-1.86013	0.293686	-10.6026	-1.86013	0
-9.59221	-1.79652	0.297049	-9.59221	-1.79652	0
-8.55245	-1.7878	0.28516	-8.55245	-1.7878	0
-7.42979	-1.89359	0.325519	-7.42979	-1.89359	0
-6.44245	-1.83135	0.309086	-6.44245	-1.83135	0
-5.44243	-1.88771	0.334108	-5.44243	-1.88771	0
-4.41132	-1.84178	0.290419	-4.41132	-1.84178	0
-3.36378	-1.84719	0.308651	-3.36378	-1.84719	0
-2.34601	-1.82837	0.339324	-2.34601	-1.82837	0
-1.27605	-1.81343	0.300065	-1.27605	-1.81343	0
-0.251309	-0.826014	0.302236	-0.251309	-0.826014	0
0.791676	-0.884895	0.327097	0.791676	-0.884895	0
1.79942	-0.795067	0.293821	1.79942	-0.795067	0
2.85105	-0.831839	0.320138	2.85105	-0.831839	0
3.95673	-0.865528	0.336857	3.95673	-0.865528	0
4.97489	-0.792222	0.315256	4.97489	-0.792222	0
6.00692	-0.882417	0.254949	6.00692	-0.882417	0
7.02858	-0.87114	0.342441	7.02858	-0.87114	0
8.04451	-0.883751	0.309764	8.04451	-0.883751	0
9.05983	-0.837935	0.356556	9.05983	-0.837935	0
10.1695	-0.8204	0.366261	10.1695	-0.8204	0
11.147	-0.815921	0.323894	11.147	-0.815921	0
-11.6328	-0.799386	0.332199	-11.6328	-0.799386	0
-10.5864	-0.803062	0.313123	-10.5864	-0.803062	0
-9.59227	-0.802399	0.353946	-9.59227	-0.802399	0
-8.52597	-0.778771	0.332456	-8.52597	-0.778771	0
-7.50063	-0.852072	0.313816	-7.50063	-0.852072	0
-6.48136	-0.796722	0.327759	-6.48136	-0.796722	0
-5.45693	-0.858509	0.324024	-5.45693	-0.858509	0
-4.4604	-0.839862	0.330821	-4.4604	-0.839862	0
-3.4094	-0.857529	0.338593	-3.4094	-0.857529	0
-2.3501	-0.796039	0.343101	-2.3501	-0.796039	0
-1.31463	-0.8228	0.31127	-1.31463	-0.8228	0
