-0.467101	-0.43573	-0.329918	-0.467101	-0.43573	0
0.549372	-0.348809	-0.330703	0.549372	-0.348809	0
1.59629	-0.367179	-0.316834	1.59629	-0.367179	0
2.60516	-0.388999	-0.323554	2.60516	-0.388999	0
3.6	-0.368741	-0.31888	3.6	-0.368741	0
4.6938	-0.377835	-0.342932	4.6938	-0.377835	0
5.69479	-0.381548	-0.327001	5.69479	-0.381548	0
6.74392	-0.390354	-0.326747	6.74392	-0.390354	0
7.79019	-0.377069	-0.335626	7.79019	-0.377069	0
8.83053	-0.341465	-0.286838	8.83053	-0.341465	0
9.91886	-0.400548	-0.301545	9.91886	-0.400548	0
10.9294	-0.449531	-0.340539	10.9294	-0.449531	0
-11.7471	-0.404425	-0.32279	-11.7471	-0.404425	0
-10.7748	-0.389406	-0.335918	-10.7748	-0.389406	0
-9.78179	-0.384464	-0.339345	-9.78179	-0.384464	0
-8.70631	-0.403225	-0.330873	-8.70631	-0.403225	0
-7.70004	-0.426663	-0.321068	-7.70004	-0.426663	0
-6.7375	-0.44445	-0.306251	-6.7375	-0.44445	0
-5.60423	-0.379259	-0.275506	-5.60423	-0.379259	0
-4.57732	-0.381531	-0.334578	-4.57732	-0.381531	0
-3.52882	-0.429807	-0.317286	-3.52882	-0.429807	0
-2.5474	-0.411632	-0.327786	-2.5474	-0.411632	0
-1.50501	-0.429383	-0.299636	-1.50501	-0.429383	0
-0.455896	0.7076	-0.297848	-0.455896	0.7076	0
0.549549	0.668812	-0.298398	0.549549	0.668812	0
1.58951	0.620851	-0.333749	1.58951	0.620851	0
2.65833	0.722888	-0.338639	2.65833	0.722888	0
3.67074	0.672914	-0.282505	3.67074	0.672914	0
4.69082	0.648888	-0.331328	4.69082	0.648888	0
5.71403	0.643459	-0.334436	5.71403	0.643459	0
6.74743	0.608886	-0.327866	6.74743	0.608886	0
7.76185	0.585581	-0.300426	7.76185	0.585581	0
8.79021	0.646671	-0.340357	8.79021	0.646671	0
9.83686	0.651095	-0.335195	9.83686	0.651095	0
10.8753	0.620434	-0.334649	10.8753	0.620434	0
-11.8733	0.578749	-0.32911	-11.8733	0.578749	0
-10.8398	0.650633	-0.322171	-10.8398	0.650633	0
-9.87589	0.640163	-0.33811	-9.87589	0.640163	0
-8.78472	0.616692	-0.28907	-8.78472	0.616692	0
-7.73928	0.582087	-0.321614	-7.73928	0.582087	0
-6.69191	0.573074	-0.325809	-6.69191	0.573074	0
-5.67556	0.596322	-0.321682	-5.67556	0.596322	0
-4.63712	0.6209	-0.302354	-4.63712	0.6209	0
-3.60805	0.636614	-0.291981	-3.60805	0.636614	0
-2.56777	0.625646	-0.326907	-2.56777	0.625646	0
-1.5016	0.609238	-0.283148	-1.5016	0.609238	0
-0.462748	1.69457	-0.307724	-0.462748	1.69457	0
0.563932	1.68963	-0.320901	0.563932	1.68963	0
1.619	1.67593	-0.32098	1.619	1.67593	0
2.60798	1.74963	-0.32451	2.60798	1.74963	0
3.65945	1.68336	-0.33044	3.65945	1.68336	0
4.69647	1.60226	-0.32027	4.69647	1.60226	0
5.76193	1.68845	-0.326051	5.76193	1.68845	0
6.77088	1.64669	-0.339327	6.77088	1.64669	0
7.77003	1.63781	-0.32346	7.77003	1.63781	0
8.76033	1.67488	-0.317954	8.76033	1.67488	0
9.82206	1.63573	-0.296995	9.82206	1.63573	0
10.8176	1.65633	-0.354729	10.8176	1.65633	0
-11.8973	1.65695	-0.3146	11.8887	1.65695	0
-10.9214	1.67263	-0.32071	-10.9214	1.67263	0
-9.87063	1.63269	-0.311571	-9.87063	1.63269	0
-8.77784	1.65767	-0.321487	-8.77784	1.65767	0
-7.76224	1.61322	-0.323339	-7.76224	1.61322	0
-6.71812	1.62112	-0.327316	-6.71812	1.62112	0
-5.66363	1.56965	-0.30898	-5.66363	1.56965	0
-4.64593	1.72581	-0.290216	-4.64593	1.72581	0
-3.60333	1.64665	-0.300283	-3.60333	1.64665	0
-2.58489	1.6763	-0.342492	-2.58489	1.6763	0
-1.49223	1.66976	-0.308142	-1.49223	1.66976	0
-0.451861	2.72906	-0.302798	-0.451861	2.72906	0
0.500832	2.73559	-0.324312	0.500832	2.73559	0
1.62734	2.72597	-0.305722	1.62734	2.72597	0
2.62981	2.76042	-0.317395	2.62981	2.76042	0
3.66182	2.73318	-0.319751	3.66182	2.73318	0
4.71335	2.70959	-0.356339	4.71335	2.70959	0
5.75134	2.72103	-0.326975	5.75134	2.72103	0
6.75734	2.66999	-0.310078	6.75734	2.66999	0
7.79413	2.62226	-0.333074	7.79413	2.62226	0
8.80119	2.73441	-0.313517	8.80119	2.73441	0
9.79258	2.72882	-0.309762	9.79258	2.72882	0
10.8827	2.72108	-0.301744	10.8827	2.72108	0
-11.8879	2.68717	-0.309725	-11.8879	2.68717	0
-10.8791	2.71135	-0.313017	-10.8791	2.71135	0
-9.83323	2.70449	-0.321759	-9.83323	2.70449	0
-8.80813	2.71046	-0.298546	-8.80813	2.71046	0
-7.84575	2.64604	-0.340399	-7.84575	2.64604	0
-6.7327	2.58606	-0.304856	-6.7327	2.58606	0
-5.73751	2.61519	-0.309803	-5.73751	2.61519	0
-4.66849	2.70018	-0.317522	-4.66849	2.70018	0
-3.6478	2.69598	-0.292853	-3.6478	2.69598	0
-2.63148	2.68509	-0.346306	-2.63148	2.68509	0
-1.52499	2.72025	-0.29061	-1.52499	2.72025	0
-0.403175	3.75047	-0.325129	-0.403175	3.75047	0
0.59201	3.78997	-0.293566	0.59201	3.78997	0
1.60435	3.81992	-0.306393	1.60435	3.81992	0
2.614	3.7841	-0.30288	2.614	3.7841	0
3.63923	3.75858	-0.320924	3.63923	3.75858	0
4.72634	3.77455	-0.334506	4.72634	3.77455	0
5.71932	3.77911	-0.319103	5.71932	3.77911	0
6.78126	3.74141	-0.300568	6.78126	3.74141	0
7.78752	3.70174	-0.317752	7.78752	3.70174	0
8.84354	3.74026	-0.332256	8.84354	3.74026	0
9.87007	3.72876	-0.302764	9.87007	3.72876	0
10.8908	3.76802	-0.298813	10.8908	3.76802	0
11.875	3.74639	-0.315242	11.875	3.74639	0
-10.8845	3.73325	-0.329486	-10.8845	3.73325	0
-9.83254	3.75955	-0.344113	-9.83254	3.75955	0
-8.80714	3.77171	-0.307967	-8.80714	3.77171	0
-7.77715	3.74146	-0.324438	-7.77715	3.74146	0
-6.74742	3.67603	-0.32094	-6.74742	3.67603	0
-5.72139	3.68589	-0.323906	-5.72139	3.68589	0
-4.73479	3.68984	-0.310632	-4.73479	3.68984	0
-3.65044	3.65365	-0.319229	-3.65044	3.65365	0
-2.5766	3.72363	-0.335995	-2.5766	3.72363	0
-1.46762	3.72109	-0.318305	-1.46762	3.72109	0
-0.463384	4.79072	-0.303222	-0.463384	4.79072	0
0.540587	4.82359	-0.314364	0.540587	4.82359	0
1.61685	4.80964	-0.322624	1.61685	4.80964	0
2.68173	4.75979	-0.30742	2.68173	4.75979	0
3.68665	4.79695	-0.322031	3.68665	4.79695	0
4.73858	4.79856	-0.334506	4.73858	4.79856	0
5.7712	4.76614	-0.317348	5.7712	4.76614	0
6.82605	4.80763	-0.313239	6.82605	4.80763	0
7.78073	4.76458	-0.310668	7.78073	4.76458	0
8.84282	4.79941	-0.326457	8.84282	4.79941	0
9.93607	4.82008	-0.311259	9.93607	4.82008	0
10.9557	4.79309	-0.309415	10.9557	4.79309	0
-11.8003	4.7796	-0.33005	-11.8003	4.7796	0
-10.826	4.81724	-0.293201	-10.826	4.81724	0
-9.81932	4.75209	-0.325883	-9.81932	4.75209	0
-8.77605	4.76343	-0.335934	-8.77605	4.76343	0
-7.76923	4.78587	-0.333177	-7.76923	4.78587	0
-6.74667	4.71773	-0.301002	-6.74667	4.71773	0
-5.67901	4.75576	-0.33543	-5.67901	4.75576	0
-4.67621	4.72662	-0.340925	-4.67621	4.72662	0
-3.63682	4.69815	-0.329589	-3.63682	4.69815	0
-2.54657	4.75063	-0.333559	-2.54657	4.75063	0
-1.51179	4.77048	-0.340051	-1.51179	4.77048	0
-0.548398	5.82136	-0.326803	-0.548398	5.82136	0
0.575829	5.83835	-0.331574	0.575829	5.83835	0
1.60099	5.8156	-0.296068	1.60099	5.8156	0
2.60982	5.80829	-0.321121	2.60982	5.80829	0
3.7199	5.83134	-0.325888	3.7199	5.83134	0
4.72593	5.85306	-0.285207	4.72593	5.85306	0
5.75458	5.8167	-0.283892	5.75458	5.8167	0
6.7544	5.81762	-0.30384	6.7544	5.81762	0
7.79016	5.80093	-0.340843	7.79016	5.80093	0
8.86638	5.8015	-0.320041	8.86638	5.8015	0
9.87985	5.82351	-0.336496	9.87985	5.82351	0
10.8975	5.78537	-0.33364	10.8975	5.78537	0
-11.8646	5.81167	-0.34085	-11.8646	5.81167	0
-10.8154	5.82531	-0.295509	-10.8154	5.82531	0
-9.76427	5.7896	-0.299594	-9.76427	5.7896	0
-8.72587	5.81133	-0.335952	-8.72587	5.81133	0
-7.74425	5.80752	-0.31735	-7.74425	5.80752	0
-6.70818	5.74479	-0.341591	-6.70818	5.74479	0
-5.7082	5.76839	-0.34348	-5.7082	5.76839	0
-4.65652	5.74066	-0.326296	-4.65652	5.74066	0
-3.62535	5.74429	-0.291777	-3.62535	5.74429	0
-2.59634	5.75399	-0.313283	-2.59634	5.75399	0
-1.50652	5.84392	-0.318336	-1.50652	5.84392	0
-0.475957	6.85824	-0.339419	-0.475957	6.85824	0
0.583135	6.79005	-0.324907	0.583135	6.79005	0
1.57906	6.8298	-0.335427	1.57906	6.8298	0
2.62452	6.86916	-0.317489	2.62452	6.86916	0
3.65989	6.87528	-0.328893	3.65989	6.87528	0
4.75256	6.90434	-0.323475	4.75256	6.90434	0
5.75737	6.8407	-0.307158	5.75737	6.8407	0
6.78203	6.90023	-0.309612	6.78203	6.90023	0
7.76499	6.89117	-0.326038	7.76499	6.89117	0
8.82215	6.87076	-0.299272	8.82215	6.87076	0
9.82244	6.84964	-0.334607	9.82244	6.84964	0
10.8919	6.89051	-0.310513	10.8919	6.89051	0
-11.8985	6.82176	-0.296735	11.8876	6.82176	0
-10.8472	6.80666	-0.338179	-10.8472	6.80666	0
-9.75246	6.86864	-0.307375	-9.75246	6.86864	0
-8.73916	6.82194	-0.30277	-8.73916	6.82194	0
-7.7193	6.819	-0.304898	-7.7193	6.819	0
-6.7044	6.79757	-0.328387	-6.7044	6.79757	0
-5.6728	6.77082	-0.33435	-5.6728	6.77082	0
-4.62198	6.78917	-0.331985	-4.62198	6.78917	0
-3.60324	6.77816	-0.297229	-3.60324	6.77816	0
-2.53552	6.77879	-0.327632	-2.53552	6.77879	0
-1.50949	6.80321	-0.317508	-1.50949	6.80321	0
-0.441651	7.85219	-0.322769	-0.441651	7.85219	0
0.573528	7.87294	-0.303132	0.573528	7.87294	0
1.60646	7.8606	-0.281305	1.60646	7.8606	0
2.6271	7.88276	-0.325843	2.6271	7.88276	0
3.67167	7.86492	-0.318443	3.67167	7.86492	0
4.71628	7.86937	-0.324229	4.71628	7.86937	0
5.73868	7.8817	-0.320275	5.73868	7.8817	0
6.74338	7.90418	-0.322019	6.74338	7.90418	0
7.79482	7.87916	-0.317687	7.79482	7.87916	0
8.755	7.94791	-0.316501	8.755	7.94791	0
9.80349	7.88593	-0.343167	9.80349	7.88593	0
10.9205	7.90013	-0.30709	10.9205	7.90013	0
11.9086	7.88192	-0.299293	-11.8774	7.88192	0
-10.7583	7.85578	-0.323032	-10.7583	7.85578	0
-9.73581	7.86502	-0.316652	-9.73581	7.86502	0
-8.68558	7.90353	-0.340771	-8.68558	7.90353	0
-7.63116	7.87656	-0.328501	-7.63116	7.87656	0
-6.6672	7.84955	-0.301326	-6.6672	7.84955	0
-5.64348	7.80619	-0.302728	-5.64348	7.80619	0
-4.62548	7.82607	-0.300029	-4.62548	7.82607	0
-3.61343	7.88325	-0.320675	-3.61343	7.88325	0
-2.55713	7.81379	-0.308262	-2.55713	7.81379	0
-1.48964	7.87127	-0.328115	-1.48964	7.87127	0
-0.502425	8.88109	-0.338841	-0.502425	8.88109	0
0.509745	8.89156	-0.300775	0.509745	8.89156	0
1.52432	8.91518	-0.29558	1.52432	8.91518	0
2.57893	8.89943	-0.294773	2.57893	8.89943	0
3.5982	8.87284	-0.325882	3.5982	8.87284	0
4.68227	8.89571	-0.308255	4.68227	8.89571	0
5.71107	8.92867	-0.314178	5.71107	8.92867	0
6.70675	8.98394	-0.329313	6.70675	8.98394	0
7.7186	8.97234	-0.351139	7.7186	8.97234	0
8.75056	8.95334	-0.29839	8.75056	8.95334	0
9.78613	8.92783	-0.32323	9.78613	8.92783	0
10.836	8.8766	-0.310978	10.836	8.8766	0
-11.8331	8.93303	-0.303346	-11.8331	8.93303	0
-10.8129	8.89172	-0.309519	-10.8129	8.89172	0
-9.78531	8.87906	-0.289824	-9.78531	8.87906	0
-8.75445	8.92535	-0.286921	-8.75445	8.92535	0
-7.78296	8.96682	-0.317479	-7.78296	8.96682	0
-6.76637	8.86958	-0.314369	-6.76637	8.86958	0
-5.66332	8.87786	-0.310554	-5.66332	8.87786	0
-4.64053	8.88474	-0.307902	-4.64053	8.88474	0
-3.62659	8.91668	-0.319626	-3.62659	8.91668	0
-2.54765	8.86678	-0.321329	-2.54765	8.86678	0
-1.47761	8.9572	-0.312022	-1.47761	8.9572	0
-0.494997	9.95876	-0.307368	-0.494997	9.95876	0
0.502739	9.90461	-0.349801	0.502739	9.90461	0
1.54469	9.96473	-0.308802	1.54469	9.96473	0
2.59697	9.94205	-0.33159	2.59697	9.94205	0
3.70025	9.94435	-0.322054	3.70025	9.94435	0
4.70867	9.96191	-0.28869	4.70867	9.96191	0
5.7259	9.9947	-0.321506	5.7259	9.9947	0
6.72747	10.0478	-0.320928	6.72747	10.0478	0
7.85205	10.0163	-0.311443	7.85205	10.0163	0
8.8403	9.97266	-0.280314	8.8403	9.97266	0
9.85575	9.95713	-0.303052	9.85575	9.95713	0
10.8933	9.88902	-0.308984	10.8933	9.88902	0
-11.8269	9.96935	-0.323394	-11.8269	9.96935	0
-10.7862	9.96147	-0.316191	-10.7862	9.96147	0
-9.79832	9.94583	-0.310871	-9.79832	9.94583	0
-8.76578	9.97516	-0.336092	-8.76578	9.97516	0
-7.7222	9.98396	-0.296636	-7.7222	9.98396	0
-6.70969	9.92659	-0.330084	-6.70969	9.92659	0
-5.66856	9.89275	-0.339623	-5.66856	9.89275	0
-4.6679	9.9349	-0.32002	-4.6679	9.9349	0
-3.54676	9.93888	-0.305935	-3.54676	9.93888	0
-2.52007	9.85784	-0.31375	-2.52007	9.85784	0
-1.52572	9.94638	-0.326418	-1.52572	9.94638	0
-0.482466	10.9431	-0.303311	-0.482466	10.9431	0
0.51402	10.9586	-0.309925	0.51402	10.9586	0
1.54825	10.9341	-0.340242	1.54825	10.9341	0
2.5888	11.0144	-0.330805	2.5888	11.0144	0
3.62038	10.9797	-0.333794	3.62038	10.9797	0
4.65688	10.9336	-0.314361	4.65688	10.9336	0
5.69333	11.0071	-0.318612	5.69333	11.0071	0
6.72794	11.0164	-0.313744	6.72794	11.0164	0
7.81306	11.0605	-0.333473	7.81306	11.0605	0
8.8671	11.0638	-0.304737	8.8671	11.0638	0
9.86618	10.9661	-0.295645	9.86618	10.9661	0
10.9075	10.9497	-0.303177	10.9075	10.9497	0
-11.8338	10.9922	-0.305276	-11.8338	10.9922	0
-10.7955	10.9811	-0.343272	-10.7955	10.9811	0
-9.80205	11.0163	-0.301431	-9.80205	11.0163	0
-8.80069	11.037	-0.318286	-8.80069	11.037	0
-7.68368	11.0066	-0.349186	-7.68368	11.0066	0
-6.63427	10.9073	-0.282735	-6.63427	10.9073	0
-5.65913	10.9623	-0.299674	-5.65913	10.9623	0
-4.63726	10.9496	-0.341093	-4.63726	10.9496	0
-3.53034	10.9856	-0.307249	-3.53034	10.9856	0
-2.50899	10.9361	-0.300591	-2.50899	10.9361	0
-1.47992	10.9715	-0.319509	-1.47992	10.9715	0
-0.478921	-11.7952	-0.285345	-0.478921	-11.7952	0
0.540936	-11.7718	-0.334851	0.540936	-11.7718	0
1.53176	-11.8031	-0.320467	1.53176	-11.8031	0
2.64448	-11.7774	-0.308066	2.64448	-11.7774	0
3.62952	-11.7357	-0.314955	3.62952	-11.7357	0
4.64345	-11.7386	-0.330339	4.64345	-11.7386	0
5.6677	-11.7676	-0.302361	5.6677	-11.7676	0
6.72207	-11.7294	-0.30811	6.72207	-11.7294	0
7.72395	-11.6821	-0.317646	7.72395	-11.6821	0
8.81437	-11.705	-0.294052	8.81437	-11.705	0
9.87196	-11.7654	-0.307987	9.87196	-11.7654	0
10.8659	-11.795	-0.312267	10.8659	-11.795	0
-11.932	-11.7488	-0.299735	11.8541	-11.7488	0
-10.7976	-11.7514	-0.291797	-10.7976	-11.7514	0
-9.79696	-11.7565	-0.320284	-9.79696	-11.7565	0
-8.75791	-11.7383	-0.328044	-8.75791	-11.7383	0
-7.75897	-11.7756	-0.299354	-7.75897	-11.7756	0
-6.73822	-11.7734	-0.329075	-6.73822	-11.7734	0
-5.63472	-11.7531	-0.315612	-5.63472	-11.7531	0
-4.60982	-11.7729	-0.297331	-4.60982	-11.7729	0
-3.50498	-11.7755	-0.334806	-3.50498	-11.7755	0
-2.51542	-11.7645	-0.332696	-2.51542	-11.7645	0
-1.53017	-11.8021	-0.337187	-1.53017	-11.8021	0
-0.506036	-10.7474	-0.323524	-0.506036	-10.7474	0
0.558789	-10.734	-0.290442	0.558789	-10.734	0
1.57268	-10.7073	-0.318683	1.57268	-10.7073	0
2.5849	-10.7087	-0.337431	2.5849	-10.7087	0
3.63535	-10.6964	-0.322621	3.63535	-10.6964	0
4.66704	-10.7467	-0.32086	4.66704	-10.7467	0
5.7112	-10.7355	-0.319081	5.7112	-10.7355	0
6.75407	-10.6288	-0.305178	6.75407	-10.6288	0
7.8046	-10.6046	-0.317286	7.8046	-10.6046	0
8.83139	-10.7146	-0.351272	8.83139	-10.7146	0
9.91845	-10.7514	-0.303752	9.91845	-10.7514	0
10.9306	-10.6894	-0.307965	10.9306	-10.6894	0
-11.8385	-10.7676	-0.335934	-11.8385	-10.7676	0
-10.8078	-10.7603	-0.32765	-10.8078	-10.7603	0
-9.84336	-10.6773	-0.306249	-9.84336	-10.6773	0
-8.7425	-10.7195	-0.339051	-8.7425	-10.7195	0
-7.69771	-10.7439	-0.269763	-7.69771	-10.7439	0
-6.68852	-10.7787	-0.288983	-6.68852	-10.7787	0
-5.64226	-10.6879	-0.321152	-5.64226	-10.6879	0
-4.64125	-10.7535	-0.323243	-4.64125	-10.7535	0
-3.5992	-10.7836	-0.351436	-3.5992	-10.7836	0
-2.52752	-10.7768	-0.331802	-2.52752	-10.7768	0
-1.50916	-10.7256	-0.31641	-1.50916	-10.7256	0
-0.513981	-9.78082	-0.286081	-0.513981	-9.78082	0
0.546761	-9.71419	-0.308672	0.546761	-9.71419	0
1.56763	-9.66429	-0.315108	1.56763	-9.66429	0
2.66393	-9.65962	-0.316004	2.66393	-9.65962	0
3.69108	-9.62796	-0.335534	3.69108	-9.62796	0
4.72351	-9.67098	-0.32648	4.72351	-9.67098	0
5.76439	-9.70355	-0.370097	5.76439	-9.70355	0
6.76947	-9.68893	-0.309829	6.76947	-9.68893	0
7.82399	-9.62826	-0.323658	7.82399	-9.62826	0
8.87981	-9.67571	-0.326925	8.87981	-9.67571	0
9.87945	-9.63616	-0.322313	9.87945	-9.63616	0
10.8788	-9.66653	-0.349078	10.8788	-9.66653	0
-11.8556	-9.72134	-0.299275	-11.8556	-9.72134	0
-10.898	-9.65824	-0.345324	-10.898	-9.65824	0
-9.82264	-9.63015	-0.355955	-9.82264	-9.63015	0
-8.72252	-9.68389	-0.306353	-8.72252	-9.68389	0
-7.7092	-9.73461	-0.317671	-7.7092	-9.73461	0
-6.71267	-9.77519	-0.305372	-6.71267	-9.77519	0
-5.70223	-9.70293	-0.333524	-5.70223	-9.70293	0
-4.63266	-9.68505	-0.352334	-4.63266	-9.68505	0
-3.60151	-9.7405	-0.323948	-3.60151	-9.7405	0
-2.57694	-9.7044	-0.288866	-2.57694	-9.7044	0
-1.53198	-9.7263	-0.28296	-1.53198	-9.7263	0
-0.491847	-8.6608	-0.340285	-0.491847	-8.6608	0
0.496582	-8.63628	-0.330166	0.496582	-8.63628	0
1.54935	-8.66324	-0.334278	1.54935	-8.66324	0
2.62369	-8.63236	-0.335421	2.62369	-8.63236	0
3.65307	-8.60985	-0.323454	3.65307	-8.60985	0
4.74243	-8.60637	-0.334789	4.74243	-8.60637	0
5.73799	-8.63508	-0.330251	5.73799	-8.63508	0
6.79259	-8.61149	-0.330534	6.79259	-8.61149	0
7.82248	-8.62983	-0.28445	7.82248	-8.62983	0
8.84328	-8.54835	-0.316252	8.84328	-8.54835	0
9.89089	-8.6321	-0.301299	9.89089	-8.6321	0
10.9428	-8.65769	-0.319456	10.9428	-8.65769	0
-11.8385	-8.69644	-0.310895	-11.8385	-8.69644	0
-10.8167	-8.64249	-0.304879	-10.8167	-8.64249	0
-9.76934	-8.65885	-0.309152	-9.76934	-8.65885	0
-8.76926	-8.68827	-0.303909	-8.76926	-8.68827	0
-7.68516	-8.78217	-0.319238	-7.68516	-8.78217	0
-6.67587	-8.73059	-0.300828	-6.67587	-8.73059	0
-5.67032	-8.69609	-0.346144	-5.67032	-8.69609	0
-4.60581	-8.62997	-0.335019	-4.60581	-8.62997	0
-3.62544	-8.68068	-0.318061	-3.62544	-8.68068	0
-2.51083	-8.65553	-0.310515	-2.51083	-8.65553	0
-1.51945	-8.6894	-0.344745	-1.51945	-8.6894	0
-0.486706	-7.59768	-0.288374	-0.486706	-7.59768	0
0.527676	-7.60827	-0.300645	0.527676	-7.60827	0
1.55101	-7.63363	-0.331638	1.55101	-7.63363	0
2.63035	-7.58251	-0.301553	2.63035	-7.58251	0
3.68921	-7.52182	-0.336455	3.68921	-7.52182	0
4.69874	-7.58094	-0.333734	4.69874	-7.58094	0
5.80623	-7.62861	-0.301937	5.80623	-7.62861	0
6.85126	-7.58882	-0.283804	6.85126	-7.58882	0
7.79041	-7.61527	-0.325455	7.79041	-7.61527	0
8.85992	-7.60564	-0.329931	8.85992	-7.60564	0
9.92664	-7.62517	-0.347894	9.92664	-7.62517	0
10.9343	-7.64661	-0.307653	10.9343	-7.64661	0
11.9238	-7.52653	-0.303927	-11.8622	-7.52653	0
-10.8546	-7.64437	-0.320935	-10.8546	-7.64437	0
-9.80701	-7.65326	-0.336744	-9.80701	-7.65326	0
-8.76188	-7.67489	-0.286615	-8.76188	-7.67489	0
-7.75576	-7.69524	-0.308135	-7.75576	-7.69524	0
-6.71072	-7.72583	-0.293524	-6.71072	-7.72583	0
-5.64503	-7.66861	-0.328441	-5.64503	-7.66861	0
-4.5902	-7.64689	-0.296745	-4.5902	-7.64689	0
-3.59547	-7.58918	-0.322125	-3.59547	-7.58918	0
-2.55512	-7.67685	-0.320342	-2.55512	-7.67685	0
-1.47435	-7.63348	-0.325715	-1.47435	-7.63348	0
-0.504267	-6.58745	-0.311925	-0.504267	-6.58745	0
0.548814	-6.58892	-0.31434	0.548814	-6.58892	0
1.61214	-6.58604	-0.296398	1.61214	-6.58604	0
2.65679	-6.54651	-0.339133	2.65679	-6.54651	0
3.65677	-6.52277	-0.301079	3.65677	-6.52277	0
4.73892	-6.59892	-0.317487	4.73892	-6.59892	0
5.73397	-6.54711	-0.323217	5.73397	-6.54711	0
6.77546	-6.5618	-0.314629	6.77546	-6.5618	0
7.80694	-6.5865	-0.319748	7.80694	-6.5865	0
8.81963	-6.59433	-0.276023	8.81963	-6.59433	0
9.83847	-6.61807	-0.337287	9.83847	-6.61807	0
10.9222	-6.57026	-0.318198	10.9222	-6.57026	0
-11.9214	-6.57336	-0.319488	11.8646	-6.57336	0
-10.8367	-6.56292	-0.316545	-10.8367	-6.56292	0
-9.89324	-6.63075	-0.313612	-9.89324	-6.63075	0
-8.82905	-6.65686	-0.30942	-8.82905	-6.65686	0
-7.78515	-6.60665	-0.317853	-7.78515	-6.60665	0
-6.7498	-6.69312	-0.345046	-6.7498	-6.69312	0
-5.713	-6.61902	-0.322714	-5.713	-6.61902	0
-4.70149	-6.59158	-0.318802	-4.70149	-6.59158	0
-3.68109	-6.60145	-0.316301	-3.68109	-6.60145	0
-2.61655	-6.59234	-0.352124	-2.61655	-6.59234	0
-1.4693	-6.58236	-0.31985	-1.4693	-6.58236	0
-0.523728	-5.5604	-0.269661	-0.523728	-5.5604	0
0.567571	-5.5817	-0.325432	0.567571	-5.5817	0
1.63253	-5.57796	-0.320428	1.63253	-5.57796	0
2.6574	-5.53258	-0.327428	2.6574	-5.53258	0
3.68488	-5.52576	-0.319847	3.68488	-5.52576	0
4.69999	-5.5516	-0.298866	4.69999	-5.5516	0
5.69689	-5.54322	-0.308468	5.69689	-5.54322	0
6.76259	-5.55706	-0.309882	6.76259	-5.55706	0
7.80507	-5.46028	-0.335155	7.80507	-5.46028	0
8.84314	-5.5756	-0.310013	8.84314	-5.5756	0
9.9142	-5.59258	-0.30179	9.9142	-5.59258	0
10.9194	-5.53678	-0.308913	10.9194	-5.53678	0
11.9289	-5.57165	-0.335411	-11.8572	-5.57165	0
-10.814	-5.58314	-0.314696	-10.814	-5.58314	0
-9.79423	-5.64825	-0.322347	-9.79423	-5.64825	0
-8.729	-5.60979	-0.3377	-8.729	-5.60979	0
-7.74361	-5.61466	-0.320047	-7.74361	-5.61466	0
-6.75358	-5.66196	-0.321621	-6.75358	-5.66196	0
-5.69526	-5.58016	-0.305457	-5.69526	-5.58016	0
-4.672	-5.56569	-0.317129	-4.672	-5.56569	0
-3.64236	-5.56326	-0.292437	-3.64236	-5.56326	0
-2.64767	-5.55887	-0.292728	-2.64767	-5.55887	0
-1.57552	-5.56905	-0.345371	-1.57552	-5.56905	0
-0.539422	-4.55237	-0.327577	-0.539422	-4.55237	0
0.511485	-4.57691	-0.336064	0.511485	-4.57691	0
1.49457	-4.51853	-0.338313	1.49457	-4.51853	0
2.61863	-4.5009	-0.272625	2.61863	-4.5009	0
3.63015	-4.48229	-0.317854	3.63015	-4.48229	0
4.65784	-4.5285	-0.329948	4.65784	-4.5285	0
5.71811	-4.47355	-0.297333	5.71811	-4.47355	0
6.82652	-4.46227	-0.306386	6.82652	-4.46227	0
7.89809	-4.44048	-0.317229	7.89809	-4.44048	0
8.8705	-4.57954	-0.30433	8.8705	-4.57954	0
9.87227	-4.56355	-0.342582	9.87227	-4.56355	0
10.8818	-4.53517	-0.313625	10.8818	-4.53517	0
11.9008	-4.5088	-0.320818	-11.8853	-4.5088	0
-10.8201	-4.58505	-0.303841	-10.8201	-4.58505	0
-9.80219	-4.5903	-0.325561	-9.80219	-4.5903	0
-8.81478	-4.61469	-0.334029	-8.81478	-4.61469	0
-7.75705	-4.56856	-0.324009	-7.75705	-4.56856	0
-6.75053	-4.57962	-0.331951	-6.75053	-4.57962	0
-5.68388	-4.55466	-0.335331	-5.68388	-4.55466	0
-4.64952	-4.49304	-0.314508	-4.64952	-4.49304	0
-3.62379	-4.54345	-0.293309	-3.62379	-4.54345	0
-2.61126	-4.52934	-0.340948	-2.61126	-4.52934	0
-1.61745	-4.56339	-0.324739	-1.61745	-4.56339	0
-0.473808	-3.54742	-0.318346	-0.473808	-3.54742	0
0.551078	-3.52366	-0.322846	0.551078	-3.52366	0
1.56565	-3.52443	-0.308521	1.56565	-3.52443	0
2.5976	-3.45816	-0.2948	2.5976	-3.45816	0
3.62413	-3.45579	-0.312148	3.62413	-3.45579	0
4.69532	-3.42075	-0.308248	4.69532	-3.42075	0
5.72951	-3.47714	-0.315495	5.72951	-3.47714	0
6.83476	-3.42701	-0.306568	6.83476	-3.42701	0
7.83627	-3.4029	-0.346667	7.83627	-3.4029	0
8.87344	-3.42523	-0.314892	8.87344	-3.42523	0
9.88641	-3.48131	-0.292168	9.88641	-3.48131	0
10.8696	-3.48796	-0.341214	10.8696	-3.48796	0
-11.8929	-3.5092	-0.313556	-11.8929	-3.5092	0
-10.8253	-3.53605	-0.329044	-10.8253	-3.53605	0
-9.72348	-3.50944	-0.289765	-9.72348	-3.50944	0
-8.67049	-3.64778	-0.318319	-8.67049	-3.64778	0
-7.66442	-3.53921	-0.334352	-7.66442	-3.53921	0
-6.674	-3.53475	-0.305563	-6.674	-3.53475	0
-5.6477	-3.51981	-0.301086	-5.6477	-3.51981	0
-4.63317	-3.45604	-0.306479	-4.63317	-3.45604	0
-3.55366	-3.53445	-0.297106	-3.55366	-3.53445	0
-2.54183	-3.53851	-0.330383	-2.54183	-3.53851	0
-1.52467	-3.51194	-0.311135	-1.52467	-3.51194	0
-0.494739	-2.50808	-0.292252	-0.494739	-2.50808	0
0.577247	-2.46446	-0.324187	0.577247	-2.46446	0
1.63037	-2.45018	-0.331951	1.63037	-2.45018	0
2.62196	-2.41781	-0.318807	2.62196	-2.41781	0
3.67819	-2.48807	-0.315357	3.67819	-2.48807	0
4.66708	-2.4464	-0.344474	4.66708	-2.4464	0
5.7474	-2.41265	-0.313416	5.7474	-2.41265	0
6.74463	-2.44951	-0.314997	6.74463	-2.44951	0
7.82301	-2.4058	-0.296024	7.82301	-2.4058	0
8.879	-2.42682	-0.306885	8.879	-2.42682	0
9.91041	-2.45094	-0.309632	9.91041	-2.45094	0
10.9121	-2.45616	-0.331794	10.9121	-2.45616	0
-11.8135	-2.55377	-0.303409	-11.8135	-2.55377	0
-10.8035	-2.46664	-0.325684	-10.8035	-2.46664	0
-9.76742	-2.4217	-0.308428	-9.76742	-2.4217	0
-8.75302	-2.50772	-0.333107	-8.75302	-2.50772	0
-7.70164	-2.4953	-0.340272	-7.70164	-2.4953	0
-6.66202	-2.53494	-0.322221	-6.66202	-2.53494	0
-5.65743	-2.50102	-0.29306	-5.65743	-2.50102	0
-4.6014	-2.48969	-0.330955	-4.6014	-2.48969	0
-3.56448	-2.49171	-0.299294	-3.56448	-2.49171	0
-2.52249	-2.49605	-0.347656	-2.52249	-2.49605	0
-1.52344	-2.42107	-0.312026	-1.52344	-2.42107	0
-0.546173	-1.48565	-0.323666	-0.546173	-1.48565	0
0.552685	-1.41521	-0.314507	0.552685	-1.41521	0
1.56451	-1.39629	-0.310436	1.56451	-1.39629	0
2.60886	-1.36408	-0.353422	2.60886	-1.36408	0
3.64576	-1.41016	-0.333682	3.64576	-1.41016	0
4.68439	-1.33169	-0.306327	4.68439	-1.33169	0
5.79975	-1.43757	-0.317153	5.79975	-1.43757	0
6.80291	-1.43308	-0.290102	6.80291	-1.43308	0
7.8251	-1.40395	-0.302094	7.8251	-1.40395	0
8.83477	-1.37948	-0.319056	8.83477	-1.37948	0
9.97909	-1.44027	-0.341363	9.97909	-1.44027	0
10.9695	-1.43949	-0.312417	10.9695	-1.43949	0
-11.7632	-1.45898	-0.315622	-11.7632	-1.45898	0
-10.8087	-1.39145	-0.307749	-10.8087	-1.39145	0
-9.79396	-1.39889	-0.324066	-9.79396	-1.39889	0
-8.71366	-1.45531	-0.31657	-8.71366	-1.45531	0
-7.72548	-1.47909	-0.317327	-7.72548	-1.47909	0
-6.64172	-1.49489	-0.311847	-6.64172	-1.49489	0
-5.5414	-1.47663	-0.311749	-5.5414	-1.47663	0
-4.58909	-1.45283	-0.306305	-4.58909	-1.45283	0
-3.55116	-1.52219	-0.323691	-3.55116	-1.52219	0
-2.54012	-1.48504	-0.300134	-2.54012	-1.48504	0
-1.5351	-1.42083	-0.310986	-1.5351	-1.42083	0
0.014978	0.112349	0.350796	0.014978	0.112349	0
1.06392	0.149705	0.323817	1.06392	0.149705	0
2.09859	0.148135	0.28623	2.09859	0.148135	0
3.08562	0.147849	0.278468	3.08562	0.147849	0
4.19875	0.204025	0.326132	4.19875	0.204025	0
5.18183	0.140126	0.298005	5.18183	0.140126	0
6.18873	0.151816	0.313504	6.18873	0.151816	0
7.27425	0.105864	0.335694	7.27425	0.105864	0
8.25424	0.0939655	0.320809	8.25424	0.0939655	0
9.3091	0.170232	0.330881	9.3091	0.170232	0
10.3547	0.100837	0.334462	10.3547	0.100837	0
11.3889	0.032607	0.323179	11.3889	0.032607	0
-11.3047	0.167346	0.325961	-11.3047	0.167346	0
-10.3042	0.141015	0.325952	-10.3042	0.141015	0
-9.28577	0.110446	0.295238	-9.28577	0.110446	0
-8.23314	0.051715	0.311292	-8.23314	0.051715	0
-7.23007	0.0656315	0.315404	-7.23007	0.0656315	0
-6.20058	0.0558993	0.315145	-6.20058	0.0558993	0
-5.14087	0.126838	0.33738	-5.14087	0.126838	0
-4.10625	0.0991493	0.300169	-4.10625	0.0991493	0
-3.02037	0.113394	0.321444	-3.02037	0.113394	0
-2.04012	0.119422	0.308545	-2.04012	0.119422	0
-0.996496	0.100585	0.323105	-0.996496	0.100585	0
0.0638965	1.20084	0.325348	0.0638965	1.20084	0
1.08613	1.16995	0.304242	1.08613	1.16995	0
2.08479	1.18351	0.323854	2.08479	1.18351	0
3.13409	1.18101	0.299628	3.13409	1.18101	0
4.18595	1.19114	0.331007	4.18595	1.19114	0
5.21225	1.1806	0.335436	5.21225	1.1806	0
6.20734	1.13665	0.306252	6.20734	1.13665	0
7.25033	1.15143	0.342586	7.25033	1.15143	0
8.26078	1.15303	0.297975	8.26078	1.15303	0
9.27807	1.19768	0.305738	9.27807	1.19768	0
10.3329	1.10318	0.300836	10.3329	1.10318	0
11.325	1.1661	0.292731	11.325	1.1661	0
-11.3683	1.15786	0.318856	-11.3683	1.15786	0
-10.3696	1.15972	0.310886	-10.3696	1.15972	0
-9.32349	1.14828	0.317041	-9.32349	1.14828	0
-8.2275	1.13833	0.3209	-8.2275	1.13833	0
-7.23413	1.11018	0.293681	-7.23413	1.11018	0
-6.19538	1.10229	0.314923	-6.19538	1.10229	0
-5.14736	1.11747	0.32207	-5.14736	1.11747	0
-4.1457	1.17017	0.325189	-4.1457	1.17017	0
-3.06697	1.15833	0.313083	-3.06697	1.15833	0
-2.04282	1.16195	0.313893	-2.04282	1.16195	0
-0.968834	1.19301	0.32191	-0.968834	1.19301	0
0.0765348	2.22254	0.330284	0.0765348	2.22254	0
1.09369	2.20034	0.315925	1.09369	2.20034	0
2.1384	2.2293	0.322101	2.1384	2.2293	0
3.11542	2.18234	0.31561	3.11542	2.18234	0
4.18894	2.18263	0.30502	4.18894	2.18263	0
5.17131	2.19428	0.298781	5.17131	2.19428	0
6.21901	2.16903	0.325299	6.21901	2.16903	0
7.27075	2.1469	0.32254	7.27075	2.1469	0
8.33094	2.20291	0.307992	8.33094	2.20291	0
9.31669	2.22872	0.310201	9.31669	2.22872	0
10.3457	2.23423	0.311971	10.3457	2.23423	0
11.3837	2.16185	0.321756	11.3837	2.16185	0
-11.3823	2.19507	0.302082	-11.3823	2.19507	0
-10.3908	2.17307	0.338883	-10.3908	2.17307	0
-9.30242	2.20631	0.286748	-9.30242	2.20631	0
-8.32784	2.18312	0.310504	-8.32784	2.18312	0
-7.32182	2.15737	0.341578	-7.32182	2.15737	0
-6.21505	2.07818	0.337771	-6.21505	2.07818	0
-5.22141	2.13901	0.315076	-5.22141	2.13901	0
-4.15886	2.20427	0.330135	-4.15886	2.20427	0
-3.13124	2.14246	0.319359	-3.13124	2.14246	0
-2.09246	2.19573	0.300631	-2.09246	2.19573	0
-0.980202	2.19909	0.287302	-0.980202	2.19909	0
0.0868228	3.26072	0.356228	0.0868228	3.26072	0
1.10939	3.24402	0.293865	1.10939	3.24402	0
2.08768	3.21666	0.308988	2.08768	3.21666	0
3.15931	3.26723	0.327967	3.15931	3.26723	0
4.20186	3.21987	0.324714	4.20186	3.21987	0
5.22097	3.23331	0.286207	5.22097	3.23331	0
6.26224	3.20985	0.311836	6.26224	3.20985	0
7.3292	3.15453	0.323526	7.3292	3.15453	0
8.3045	3.18322	0.34187	8.3045	3.18322	0
9.33765	3.25214	0.315322	9.33765	3.25214	0
10.3727	3.22562	0.272102	10.3727	3.22562	0
11.3928	3.23426	0.338443	11.3928	3.23426	0
-11.3654	3.25594	0.306026	-11.3654	3.25594	0
-10.3357	3.23335	0.335634	-10.3357	3.23335	0
-9.31944	3.24684	0.299485	-9.31944	3.24684	0
-8.28374	3.2372	0.321025	-8.28374	3.2372	0
-7.3022	3.14078	0.266851	-7.3022	3.14078	0
-6.27966	3.17007	0.269629	-6.27966	3.17007	0
-5.19361	3.1571	0.336297	-5.19361	3.1571	0
-4.18028	3.18904	0.33158	-4.18028	3.18904	0
-3.06565	3.1767	0.347573	-3.06565	3.1767	0
-2.03966	3.23194	0.344329	-2.03966	3.23194	0
-0.89873	3.25537	0.318268	-0.89873	3.25537	0
0.0199054	4.27978	0.321677	0.0199054	4.27978	0
1.06307	4.32879	0.345082	1.06307	4.32879	0
2.10978	4.27073	0.333894	2.10978	4.27073	0
3.15604	4.26026	0.341238	3.15604	4.26026	0
4.19511	4.29705	0.30752	4.19511	4.29705	0
5.26425	4.2792	0.328822	5.26425	4.2792	0
6.28495	4.30736	0.302644	6.28495	4.30736	0
7.30401	4.24462	0.295649	7.30401	4.24462	0
8.32582	4.26969	0.303434	8.32582	4.26969	0
9.38274	4.26487	0.310347	9.38274	4.26487	0
10.3782	4.28388	0.301055	10.3782	4.28388	0
11.4368	4.28845	0.323964	11.4368	4.28845	0
-11.2784	4.27757	0.336728	-11.2784	4.27757	0
-10.3207	4.26163	0.310094	-10.3207	4.26163	0
-9.32653	4.2603	0.332983	-9.32653	4.2603	0
-8.26802	4.25213	0.307863	-8.26802	4.25213	0
-7.27592	4.22099	0.321852	-7.27592	4.22099	0
-6.2458	4.18036	0.305035	-6.2458	4.18036	0
-5.22626	4.18787	0.328158	-5.22626	4.18787	0
-4.16934	4.16167	0.308691	-4.16934	4.16167	0
-3.11015	4.20388	0.322423	-3.11015	4.20388	0
-2.03562	4.19243	0.327898	-2.03562	4.19243	0
-0.97164	4.25883	0.320685	-0.97164	4.25883	0
0.0539441	5.32498	0.320707	0.0539441	5.32498	0
1.10973	5.34525	0.32338	1.10973	5.34525	0
2.1726	5.29181	0.328193	2.1726	5.29181	0
3.19207	5.33297	0.298586	3.19207	5.33297	0
4.24977	5.28023	0.316368	4.24977	5.28023	0
5.23429	5.32708	0.344433	5.23429	5.32708	0
6.23074	5.30721	0.321363	6.23074	5.30721	0
7.26304	5.33514	0.32118	7.26304	5.33514	0
8.33865	5.29716	0.317639	8.33865	5.29716	0
9.38328	5.33724	0.323409	9.38328	5.33724	0
10.4256	5.35404	0.311142	10.4256	5.35404	0
11.4517	5.28755	0.30314	11.4517	5.28755	0
-11.3386	5.38493	0.318508	-11.3386	5.38493	0
-10.2982	5.31373	0.29407	-10.2982	5.31373	0
-9.28742	5.26728	0.335835	-9.28742	5.26728	0
-8.24993	5.27326	0.320516	-8.24993	5.27326	0
-7.22424	5.26572	0.320109	-7.22424	5.26572	0
-6.221	5.22077	0.308557	-6.221	5.22077	0
-5.16243	5.21619	0.323989	-5.16243	5.21619	0
-4.13236	5.19443	0.306488	-4.13236	5.19443	0
-3.08653	5.24719	0.313306	-3.08653	5.24719	0
-2.02279	5.25936	0.344927	-2.02279	5.25936	0
-1.00018	5.30033	0.306523	-1.00018	5.30033	0
0.0005513	6.29043	0.334671	0.0005513	6.29043	0
1.08126	6.34599	0.355161	1.08126	6.34599	0
2.10949	6.32644	0.293395	2.10949	6.32644	0
3.15341	6.31642	0.332901	3.15341	6.31642	0
4.17833	6.41938	0.294199	4.17833	6.41938	0
5.23434	6.33981	0.33883	5.23434	6.33981	0
6.28632	6.37467	0.320822	6.28632	6.37467	0
7.263	6.36229	0.342165	7.263	6.36229	0
8.2935	6.32632	0.319056	8.2935	6.32632	0
9.36208	6.3491	0.329597	9.36208	6.3491	0
10.3823	6.37396	0.289783	10.3823	6.37396	0
11.3432	6.29898	0.291723	11.3432	6.29898	0
-11.3565	6.35351	0.312116	-11.3565	6.35351	0
-10.2803	6.35518	0.320676	-10.2803	6.35518	0
-9.25804	6.32854	0.316741	-9.25804	6.32854	0
-8.2399	6.32785	0.317782	-8.2399	6.32785	0
-7.21877	6.29146	0.320277	-7.21877	6.29146	0
-6.21911	6.28767	0.341134	-6.21911	6.28767	0
-5.16513	6.24432	0.299567	-5.16513	6.24432	0
-4.1468	6.23749	0.334956	-4.1468	6.23749	0
-3.08504	6.2667	0.312553	-3.08504	6.2667	0
-2.09883	6.25589	0.334935	-2.09883	6.25589	0
-1.0248	6.32995	0.285095	-1.0248	6.32995	0
0.040454	7.3207	0.311529	0.040454	7.3207	0
1.10697	7.35667	0.309177	1.10697	7.35667	0
2.12721	7.35077	0.31149	2.12721	7.35077	0
3.1681	7.3366	0.332323	3.1681	7.3366	0
4.16626	7.36925	0.344136	4.16626	7.36925	0
5.19909	7.36033	0.345285	5.19909	7.36033	0
6.2767	7.38153	0.331164	6.2767	7.38153	0
7.30396	7.39588	0.31807	7.30396	7.39588	0
8.34782	7.34817	0.314216	8.34782	7.34817	0
9.32961	7.38691	0.29584	9.32961	7.38691	0
10.33	7.29447	0.335031	10.33	7.29447	0
11.3949	7.32092	0.349922	11.3949	7.32092	0
-11.3472	7.36398	0.290016	-11.3472	7.36398	0
-10.3212	7.33234	0.34138	-10.3212	7.33234	0
-9.23058	7.36823	0.308372	-9.23058	7.36823	0
-8.19489	7.36952	0.321492	-8.19489	7.36952	0
-7.22259	7.33963	0.296677	-7.22259	7.33963	0
-6.19702	7.27158	0.303062	-6.19702	7.27158	0
-5.18702	7.2666	0.316753	-5.18702	7.2666	0
-4.09306	7.31166	0.292178	-4.09306	7.31166	0
-3.09459	7.33942	0.298179	-3.09459	7.33942	0
-2.03519	7.31814	0.294671	-2.03519	7.31814	0
-1.02371	7.3637	0.296926	-1.02371	7.3637	0
0.0373896	8.37616	0.348761	0.0373896	8.37616	0
1.06955	8.41364	0.327599	1.06955	8.41364	0
2.09355	8.43641	0.306551	2.09355	8.43641	0
3.15968	8.40443	0.324648	3.15968	8.40443	0
4.22433	8.41686	0.32499	4.22433	8.41686	0
5.2125	8.40305	0.314904	5.2125	8.40305	0
6.26657	8.46136	0.314176	6.26657	8.46136	0
7.24865	8.43222	0.279899	7.24865	8.43222	0
8.25188	8.4262	0.320258	8.25188	8.4262	0
9.30253	8.42879	0.31673	9.30253	8.42879	0
10.3455	8.34459	0.323354	10.3455	8.34459	0
11.448	8.36	0.34937	11.448	8.36	0
-11.3331	8.35224	0.273665	-11.3331	8.35224	0
-10.2722	8.36076	0.329626	-10.2722	8.36076	0
-9.2214	8.33777	0.343261	-9.2214	8.33777	0
-8.17396	8.39907	0.310173	-8.17396	8.39907	0
-7.20002	8.349	0.332302	-7.20002	8.349	0
-6.2115	8.35084	0.33009	-6.2115	8.35084	0
-5.15993	8.34	0.278909	-5.15993	8.34	0
-4.1448	8.41056	0.325207	-4.1448	8.41056	0
-3.08535	8.34317	0.307768	-3.08535	8.34317	0
-2.02073	8.34576	0.308184	-2.02073	8.34576	0
-0.984555	8.36649	0.313677	-0.984555	8.36649	0
-0.01182	9.42031	0.312417	-0.01182	9.42031	0
1.0251	9.48854	0.310888	1.0251	9.48854	0
2.06356	9.45198	0.317425	2.06356	9.45198	0
3.14334	9.49728	0.303128	3.14334	9.49728	0
4.19118	9.46094	0.293086	4.19118	9.46094	0
5.2216	9.40739	0.326378	5.2216	9.40739	0
6.23186	9.48172	0.33364	6.23186	9.48172	0
7.22711	9.52672	0.303219	7.22711	9.52672	0
8.21595	9.38519	0.328542	8.21595	9.38519	0
9.29088	9.41328	0.352653	9.29088	9.41328	0
10.3341	9.45925	0.324436	10.3341	9.45925	0
11.3788	9.36717	0.298404	11.3788	9.36717	0
-11.3594	9.45389	0.312016	-11.3594	9.45389	0
-10.3636	9.40196	0.326725	-10.3636	9.40196	0
-9.32161	9.42009	0.299376	-9.32161	9.42009	0
-8.23971	9.50111	0.351406	-8.23971	9.50111	0
-7.23102	9.42012	0.32435	-7.23102	9.42012	0
-6.2281	9.37617	0.303177	-6.2281	9.37617	0
-5.13233	9.39885	0.314195	-5.13233	9.39885	0
-4.0717	9.48053	0.316948	-4.0717	9.48053	0
-3.04184	9.37794	0.323571	-3.04184	9.37794	0
-2.0319	9.41233	0.344043	-2.0319	9.41233	0
-0.945647	9.42492	0.331039	-0.945647	9.42492	0
0.0883963	10.3955	0.338508	0.0883963	10.3955	0
1.02838	10.4649	0.320303	1.02838	10.4649	0
2.06439	10.4424	0.292762	2.06439	10.4424	0
3.06822	10.489	0.288375	3.06822	10.489	0
4.09457	10.4798	0.321614	4.09457	10.4798	0
5.17889	10.4673	0.348486	5.17889	10.4673	0
6.21053	10.4945	0.316838	6.21053	10.4945	0
7.30414	10.5704	0.32063	7.30414	10.5704	0
8.32091	10.5875	0.315807	8.32091	10.5875	0
9.36176	10.5169	0.333087	9.36176	10.5169	0
10.3852	10.4429	0.316614	10.3852	10.4429	0
11.4507	10.4383	0.312637	11.4507	10.4383	0
-11.3275	10.4474	0.306104	-11.3275	10.4474	0
-10.3342	10.468	0.308542	-10.3342	10.468	0
-9.2874	10.483	0.293919	-9.2874	10.483	0
-8.30151	10.4969	0.328475	-8.30151	10.4969	0
-7.21833	10.4655	0.351491	-7.21833	10.4655	0
-6.11948	10.3794	0.319219	-6.11948	10.3794	0
-5.13319	10.4689	0.325389	-5.13319	10.4689	0
-4.07714	10.4475	0.290875	-4.07714	10.4475	0
-3.01622	10.4144	0.311639	-3.01622	10.4144	0
-1.9852	10.4564	0.30831	-1.9852	10.4564	0
-0.966456	10.4245	0.309804	-0.966456	10.4245	0
0.026376	11.5132	0.343022	0.026376	11.5132	0
1.03617	11.503	0.320076	1.03617	11.503	0
2.09027	11.5034	0.276399	2.09027	11.5034	0
3.137	11.4816	0.323395	3.137	11.4816	0
4.14387	11.5395	0.296093	4.14387	11.5395	0
5.14675	11.5422	0.310123	5.14675	11.5422	0
6.16286	11.5221	0.29528	6.16286	11.5221	0
7.23549	11.5866	0.330423	7.23549	11.5866	0
8.25601	11.5898	0.328383	8.25601	11.5898	0
9.37337	11.59	0.33299	9.37337	11.59	0
10.4039	11.4453	0.322833	10.4039	11.4453	0
11.4006	11.4486	0.365207	11.4006	11.4486	0
-11.3058	11.5152	0.330174	-11.3058	11.5152	0
-10.296	11.5053	0.315068	-10.296	11.5053	0
-9.26742	11.5477	0.322116	-9.26742	11.5477	0
-8.2795	11.4935	0.322881	-8.2795	11.4935	0
-7.22132	11.4636	0.324505	-7.22132	11.4636	0
-6.19703	11.4964	0.302946	-6.19703	11.4964	0
-5.10275	11.4648	0.315063	-5.10275	11.4648	0
-4.07374	11.5163	0.290835	-4.07374	11.5163	0
-2.99025	11.505	0.323361	-2.99025	11.505	0
-1.99329	11.5055	0.320264	-1.99329	11.5055	0
-1.00455	11.4816	0.323029	-1.00455	11.4816	0
-0.0218831	-11.2522	0.287366	-0.0218831	-11.2522	0
1.04327	-11.2273	0.313771	1.04327	-11.2273	0
2.05742	-11.264	0.294027	2.05742	-11.264	0
3.09123	-11.1878	0.299429	3.09123	-11.1878	0
4.11117	-11.2092	0.311169	4.11117	-11.2092	0
5.17798	-11.2179	0.322509	5.17798	-11.2179	0
6.22112	-11.2276	0.315036	6.22112	-11.2276	0
7.25533	-11.1535	0.294628	7.25533	-11.1535	0
8.30857	-11.1948	0.324652	8.30857	-11.1948	0
9.32836	-11.1682	0.317549	9.32836	-11.1682	0
10.4168	-11.1915	0.313235	10.4168	-11.1915	0
11.4087	-11.2287	0.337797	11.4087	-11.2287	0
-11.3736	-11.2578	0.312259	-11.3736	-11.2578	0
-10.2487	-11.2486	0.349271	-10.2487	-11.2486	0
-9.27613	-11.1913	0.290168	-9.27613	-11.1913	0
-8.27649	-11.2706	0.32836	-8.27649	-11.2706	0
-7.24535	-11.2807	0.32517	-7.24535	-11.2807	0
-6.16612	-11.2766	0.291765	-6.16612	-11.2766	0
-5.16663	-11.1998	0.305709	-5.16663	-11.1998	0
-4.07238	-11.2704	0.310292	-4.07238	-11.2704	0
-3.07625	-11.2683	0.318424	-3.07625	-11.2683	0
-2.02771	-11.2862	0.312035	-2.02771	-11.2862	0
-1.05562	-11.2713	0.289623	-1.05562	-11.2713	0
0.0306751	-10.2337	0.302128	0.0306751	-10.2337	0
1.0754	-10.1732	0.334976	1.0754	-10.1732	0
2.11899	-10.1949	0.319489	2.11899	-10.1949	0
3.14297	-10.1495	0.304235	3.14297	-10.1495	0
4.17684	-10.1123	0.309025	4.17684	-10.1123	0
5.22201	-10.2247	0.274218	5.22201	-10.2247	0
6.25246	-10.1658	0.330952	6.25246	-10.1658	0
7.29799	-10.1447	0.338051	7.29799	-10.1447	0
8.3586	-10.2106	0.319884	8.3586	-10.2106	0
9.37879	-10.1838	0.290704	9.37879	-10.1838	0
10.3775	-10.1957	0.31885	10.3775	-10.1957	0
11.4284	-10.1949	0.276154	11.4284	-10.1949	0
-11.302	-10.2274	0.298313	-11.302	-10.2274	0
-10.3586	-10.1341	0.30612	-10.3586	-10.1341	0
-9.2989	-10.209	0.279057	-9.2989	-10.209	0
-8.21465	-10.2313	0.326304	-8.21465	-10.2313	0
-7.2121	-10.2718	0.336488	-7.2121	-10.2718	0
-6.1643	-10.2697	0.332919	-6.1643	-10.2697	0
-5.14009	-10.1903	0.303926	-5.14009	-10.1903	0
-4.13901	-10.2154	0.306175	-4.13901	-10.2154	0
-3.1123	-10.2807	0.329923	-3.1123	-10.2807	0
-2.05694	-10.2146	0.309889	-2.05694	-10.2146	0
-0.977763	-10.2511	0.336982	-0.977763	-10.2511	0
0.00233474	-9.19899	0.310117	0.00233474	-9.19899	0
0.974508	-9.16815	0.325231	0.974508	-9.16815	0
2.13363	-9.12836	0.309487	2.13363	-9.12836	0
3.16987	-9.12479	0.319797	3.16987	-9.12479	0
4.19192	-9.08113	0.283582	4.19192	-9.08113	0
5.23883	-9.18293	0.309849	5.23883	-9.18293	0
6.23672	-9.17596	0.319829	6.23672	-9.17596	0
7.29919	-9.1094	0.298982	7.29919	-9.1094	0
8.33632	-9.17783	0.318629	8.33632	-9.17783	0
9.29978	-9.10878	0.330625	9.29978	-9.10878	0
10.3689	-9.18796	0.306629	10.3689	-9.18796	0
11.4025	-9.1869	0.331902	11.4025	-9.1869	0
-11.3348	-9.20713	0.323318	-11.3348	-9.20713	0
-10.2612	-9.12369	0.310236	-10.2612	-9.12369	0
-9.25014	-9.21334	0.324929	-9.25014	-9.21334	0
-8.21677	-9.18995	0.312565	-8.21677	-9.18995	0
-7.18208	-9.2283	0.335887	-7.18208	-9.2283	0
-6.1978	-9.24827	0.315554	-6.1978	-9.24827	0
-5.15711	-9.13571	0.30174	-5.15711	-9.13571	0
-4.14755	-9.15908	0.307315	-4.14755	-9.15908	0
-3.10376	-9.23627	0.312442	-3.10376	-9.23627	0
-2.04522	-9.17999	0.311494	-2.04522	-9.17999	0
-1.01102	-9.16535	0.317194	-1.01102	-9.16535	0
0.0404407	-8.12912	0.318869	0.0404407	-8.12912	0
1.07145	-8.12138	0.28433	1.07145	-8.12138	0
2.09876	-8.13619	0.319416	2.09876	-8.13619	0
3.16705	-8.09408	0.289253	3.16705	-8.09408	0
4.17537	-8.07119	0.301016	4.17537	-8.07119	0
5.20319	-8.10352	0.307773	5.20319	-8.10352	0
6.26038	-8.14916	0.330096	6.26038	-8.14916	0
7.28707	-8.12723	0.354929	7.28707	-8.12723	0
8.32368	-8.0937	0.321552	8.32368	-8.0937	0
9.37781	-8.08823	0.317054	9.37781	-8.08823	0
10.4305	-8.14965	0.330795	10.4305	-8.14965	0
11.4482	-8.13969	0.316038	11.4482	-8.13969	0
-11.3314	-8.15954	0.319439	-11.3314	-8.15954	0
-10.3331	-8.11508	0.309765	-10.3331	-8.11508	0
-9.33468	-8.16718	0.319268	-9.33468	-8.16718	0
-8.22507	-8.26138	0.339562	-8.22507	-8.26138	0
-7.20788	-8.19997	0.330658	-7.20788	-8.19997	0
-6.15591	-8.2481	0.319848	-6.15591	-8.2481	0
-5.12053	-8.14395	0.319	-5.12053	-8.14395	0
-4.09586	-8.14164	0.325545	-4.09586	-8.14164	0
-3.04873	-8.24429	0.314778	-3.04873	-8.24429	0
-1.96351	-8.14464	0.322108	-1.96351	-8.14464	0
-0.974786	-8.19395	0.304693	-0.974786	-8.19395	0
0.0258226	-7.03415	0.324246	0.0258226	-7.03415	0
1.03628	-7.09456	0.306965	1.03628	-7.09456	0
2.12738	-7.06766	0.321727	2.12738	-7.06766	0
3.12764	-7.05944	0.337078	3.12764	-7.05944	0
4.16444	-7.04632	0.311959	4.16444	-7.04632	0
5.21862	-7.12451	0.325278	5.21862	-7.12451	0
6.257	-7.05259	0.299081	6.257	-7.05259	0
7.33427	-7.06839	0.324766	7.33427	-7.06839	0
8.34351	-7.09211	0.332981	8.34351	-7.09211	0
9.35387	-7.1153	0.297338	9.35387	-7.1153	0
10.3779	-7.10656	0.305846	10.3779	-7.10656	0
11.3736	-7.05592	0.354328	11.3736	-7.05592	0
-11.3418	-7.07433	0.316792	-11.3418	-7.07433	0
-10.3814	-7.10652	0.315424	-10.3814	-7.10652	0
-9.35558	-7.16871	0.312018	-9.35558	-7.16871	0
-8.28511	-7.17888	0.325218	-8.28511	-7.17888	0
-7.26024	-7.17191	0.329732	-7.26024	-7.17191	0
-6.25707	-7.11991	0.322499	-6.25707	-7.11991	0
-5.18527	-7.067	0.309882	-5.18527	-7.067	0
-4.17548	-7.07079	0.332069	-4.17548	-7.07079	0
-3.02996	-7.17348	0.329221	-3.02996	-7.17348	0
-2.01863	-7.15866	0.277668	-2.01863	-7.15866	0
-1.03758	-7.13926	0.325149	-1.03758	-7.13926	0
0.0467407	-6.02641	0.313327	0.0467407	-6.02641	0
1.07469	-6.09015	0.293427	1.07469	-6.09015	0
2.1158	-6.08951	0.320813	2.1158	-6.08951	0
3.10504	-6.04811	0.328669	3.10504	-6.04811	0
4.18903	-6.02639	0.312643	4.18903	-6.02639	0
5.1558	-6.08784	0.340802	5.1558	-6.08784	0
6.21893	-6.01965	0.311026	6.21893	-6.01965	0
7.30299	-6.05129	0.322711	7.30299	-6.05129	0
8.28115	-6.04972	0.323553	8.28115	-6.04972	0
9.36349	-6.09062	0.315693	9.36349	-6.09062	0
10.3404	-6.1085	0.347493	10.3404	-6.1085	0
11.3661	-6.07799	0.351972	11.3661	-6.07799	0
-11.3683	-6.03362	0.310511	-11.3683	-6.03362	0
-10.3778	-6.09329	0.321993	-10.3778	-6.09329	0
-9.31429	-6.17345	0.284487	-9.31429	-6.17345	0
-8.28599	-6.09818	0.326956	-8.28599	-6.09818	0
-7.22868	-6.15002	0.319215	-7.22868	-6.15002	0
-6.17006	-6.13975	0.344689	-6.17006	-6.13975	0
-5.18481	-6.01413	0.32674	-5.18481	-6.01413	0
-4.17204	-6.02077	0.332842	-4.17204	-6.02077	0
-3.13027	-6.12225	0.309349	-3.13027	-6.12225	0
-2.1188	-6.121	0.30614	-2.1188	-6.121	0
-1.04668	-6.06052	0.331998	-1.04668	-6.06052	0
0.00252931	-5.02522	0.320647	0.00252931	-5.02522	0
1.06897	-5.08601	0.2871	1.06897	-5.08601	0
2.09127	-5.05337	0.334688	2.09127	-5.05337	0
3.15351	-5.02376	0.297668	3.15351	-5.02376	0
4.14776	-5.01203	0.333342	4.14776	-5.01203	0
5.15205	-5.01664	0.308704	5.15205	-5.01664	0
6.2694	-5.01311	0.302388	6.2694	-5.01311	0
7.2785	-5.00534	0.314435	7.2785	-5.00534	0
8.37905	-5.00571	0.338412	8.37905	-5.00571	0
9.38916	-5.15596	0.306342	9.38916	-5.15596	0
10.3915	-5.05227	0.309454	10.3915	-5.05227	0
11.4067	-5.07466	0.311128	11.4067	-5.07466	0
-11.3944	-5.03076	0.31817	-11.3944	-5.03076	0
-10.2441	-5.09876	0.303883	-10.2441	-5.09876	0
-9.27627	-5.1122	0.334255	-9.27627	-5.1122	0
-8.28446	-5.08385	0.289122	-8.28446	-5.08385	0
-7.26827	-5.08011	0.349245	-7.26827	-5.08011	0
-6.22658	-5.10784	0.33158	-6.22658	-5.10784	0
-5.19905	-4.97922	0.342698	-5.19905	-4.97922	0
-4.18182	-5.00618	0.300836	-4.18182	-5.00618	0
-3.12802	-5.0538	0.319161	-3.12802	-5.0538	0
-2.02698	-5.08791	0.306984	-2.02698	-5.08791	0
-1.06666	-5.01512	0.323882	-1.06666	-5.01512	0
0.0287745	-4.08635	0.325383	0.0287745	-4.08635	0
1.00699	-4.02554	0.337282	1.00699	-4.02554	0
2.02249	-4.01869	0.303655	2.02249	-4.01869	0
3.13901	-3.96952	0.323287	3.13901	-3.96952	0
4.17758	-3.99592	0.320681	4.17758	-3.99592	0
5.22067	-3.93907	0.312332	5.22067	-3.93907	0
6.28849	-3.99052	0.325672	6.28849	-3.99052	0
7.39016	-3.94036	0.314851	7.39016	-3.94036	0
8.35964	-3.959	0.327929	8.35964	-3.959	0
9.31882	-3.96579	0.306497	9.31882	-3.96579	0
10.3325	-4.00974	0.289797	10.3325	-4.00974	0
11.3751	-4.02246	0.322777	11.3751	-4.02246	0
-11.3708	-4.03964	0.314352	-11.3708	-4.03964	0
-10.3733	-4.0662	0.318435	-10.3733	-4.0662	0
-9.25691	-4.02323	0.288121	-9.25691	-4.02323	0
-8.25693	-4.12806	0.347343	-8.25693	-4.12806	0
-7.21469	-4.09947	0.321189	-7.21469	-4.09947	0
-6.2065	-4.1316	0.308429	-6.2065	-4.1316	0
-5.09337	-3.99443	0.333537	-5.09337	-3.99443	0
-4.11157	-3.97125	0.325913	-4.11157	-3.97125	0
-3.04296	-4.0384	0.337065	-3.04296	-4.0384	0
-2.03147	-3.98601	0.326442	-2.03147	-3.98601	0
-1.01413	-4.04586	0.318829	-1.01413	-4.04586	0
0.0692735	-3.04551	0.318109	0.0692735	-3.04551	0
1.02654	-3.02888	0.307652	1.02654	-3.02888	0
2.10391	-2.92842	0.339783	2.10391	-2.92842	0
3.11426	-2.93415	0.314946	3.11426	-2.93415	0
4.16175	-2.98172	0.323726	4.16175	-2.98172	0
5.22306	-2.88975	0.303384	5.22306	-2.88975	0
6.25084	-2.99093	0.325839	6.25084	-2.99093	0
7.30948	-2.95994	0.338524	7.30948	-2.95994	0
8.3733	-2.91248	0.336144	8.3733	-2.91248	0
9.36264	-2.95616	0.340693	9.36264	-2.95616	0
10.4309	-2.982	0.329154	10.4309	-2.982	0
11.4205	-2.98896	0.321763	11.4205	-2.98896	0
-11.2872	-2.98191	0.345142	-11.2872	-2.98191	0
-10.2387	-3.00979	0.321711	-10.2387	-3.00979	0
-9.19505	-2.98953	0.325186	-9.19505	-2.98953	0
-8.23648	-3.07685	0.302802	-8.23648	-3.07685	0
-7.22184	-2.99489	0.306645	-7.22184	-2.99489	0
-6.19984	-3.04178	0.329592	-6.19984	-3.04178	0
-5.12767	-2.96897	0.344008	-5.12767	-2.96897	0
-4.03228	-2.99003	0.338985	-4.03228	-2.99003	0
-3.04281	-2.98281	0.321719	-3.04281	-2.98281	0
-1.97477	-2.99882	0.33453	-1.97477	-2.99882	0
-0.996195	-3.00886	0.314801	-0.996195	-3.00886	0
0.0577266	-1.98719	0.307327	0.0577266	-1.98719	0
1.09106	-1.92843	0.295343	1.09106	-1.92843	0
2.11107	-1.88415	0.279138	2.11107	-1.88415	0
3.14466	-1.89587	0.301154	3.14466	-1.89587	0
4.20493	-1.94873	0.278225	4.20493	-1.94873	0
5.18067	-1.91518	0.289371	5.18067	-1.91518	0
6.25488	-1.93199	0.341583	6.25488	-1.93199	0
7.28246	-1.93836	0.313215	7.28246	-1.93836	0
8.39544	-1.92094	0.353163	8.39544	-1.92094	0
9.39622	-1.91741	0.301085	9.39622	-1.91741	0
10.4397	-1.92674	0.320495	10.4397	-1.92674	0
11.4926	-1.98445	0.286121	11.4926	-1.98445	0
-11.2363	-1.9433	0.322643	-11.2363	-1.9433	0
-10.2515	-1.93738	0.297026	-10.2515	-1.93738	0
-9.247	-1.9225	0.313218	-9.247	-1.9225	0
-8.22786	-2.04943	0.320313	-8.22786	-2.04943	0
-7.22762	-2.00086	0.302018	-7.22762	-2.00086	0
-6.17654	-1.97851	0.334382	-6.17654	-1.97851	0
-5.07659	-1.95516	0.30379	-5.07659	-1.95516	0
-4.10395	-1.9293	0.3283	-4.10395	-1.9293	0
-3.04731	-2.00196	0.340739	-3.04731	-2.00196	0
-2.05127	-1.94803	0.314696	-2.05127	-1.94803	0
-0.99185	-1.97617	0.324414	-0.99185	-1.97617	0
0.0187981	-0.943006	0.326108	0.0187981	-0.943006	0
1.02823	-0.884542	0.324032	1.02823	-0.884542	0
2.04419	-0.897533	0.327933	2.04419	-0.897533	0
3.12612	-0.925776	0.310453	3.12612	-0.925776	0
4.14715	-0.833788	0.319744	4.14715	-0.833788	0
5.18785	-0.901258	0.315669	5.18785	-0.901258	0
6.26029	-0.874767	0.329716	6.26029	-0.874767	0
7.26063	-0.871647	0.313032	7.26063	-0.871647	0
8.37266	-0.87361	0.278532	8.37266	-0.87361	0
9.35738	-0.893573	0.300414	9.35738	-0.893573	0
10.4529	-0.948004	0.293324	10.4529	-0.948004	0
11.5347	-0.935299	0.308644	11.5347	-0.935299	0
-11.2516	-0.860992	0.33266	-11.2516	-0.860992	0
-10.2187	-0.896883	0.319472	-10.2187	-0.896883	0
-9.24321	-0.857053	0.2925	-9.24321	-0.857053	0
-8.22204	-0.948662	0.298983	-8.22204	-0.948662	0
-7.20922	-0.977006	0.326127	-7.20922	-0.977006	0
-6.16499	-0.945618	0.312249	-6.16499	-0.945618	0
-5.09985	-0.893565	0.31674	-5.09985	-0.893565	0
-4.03502	-0.956131	0.32567	-4.03502	-0.956131	0
-3.03648	-0.940302	0.333555	-3.03648	-0.940302	0
-2.03541	-0.945715	0.319896	-2.03541	-0.945715	0
-1.01341	-0.931945	0.326823	-1.01341	-0.931945	0
