-0.660337	-0.334172	-0.320533	-0.660337	-0.334172	0
0.35787	-0.339675	-0.321435	0.35787	-0.339675	0
1.42693	-0.348047	-0.315275	1.42693	-0.348047	0
2.4762	-0.321521	-0.341419	2.4762	-0.321521	0
3.53522	-0.33241	-0.3285	3.53522	-0.33241	0
4.57668	-0.361214	-0.324403	4.57668	-0.361214	0
5.60386	-0.345799	-0.31268	5.60386	-0.345799	0
6.61549	-0.29126	-0.289131	6.61549	-0.29126	0
7.6314	-0.284713	-0.339321	7.6314	-0.284713	0
8.67577	-0.315748	-0.316157	8.67577	-0.315748	0
9.74226	-0.378771	-0.328221	9.74226	-0.378771	0
10.7952	-0.351701	-0.340806	10.7952	-0.351701	0
11.803	-0.309779	-0.3324	11.803	-0.309779	0
-10.9909	-0.339464	-0.298636	-10.9909	-0.339464	0
-10.0003	-0.360303	-0.295256	-10.0003	-0.360303	0
-8.92096	-0.293602	-0.301426	-8.92096	-0.293602	0
-7.93763	-0.342629	-0.290554	-7.93763	-0.342629	0
-6.90723	-0.309363	-0.333415	-6.90723	-0.309363	0
-5.8079	-0.367336	-0.320065	-5.8079	-0.367336	0
-4.81613	-0.343211	-0.282483	-4.81613	-0.343211	0
-3.79855	-0.387107	-0.312308	-3.79855	-0.387107	0
-2.7226	-0.406519	-0.320815	-2.7226	-0.406519	0
-1.65458	-0.360507	-0.331571	-1.65458	-0.360507	0
-0.677258	0.674598	-0.328688	-0.677258	0.674598	0
0.379372	0.711323	-0.33813	0.379372	0.711323	0
1.44232	0.647761	-0.304882	1.44232	0.647761	0
2.4582	0.701962	-0.309832	2.4582	0.701962	0
3.44838	0.697427	-0.31656	3.44838	0.697427	0
4.55714	0.741531	-0.322795	4.55714	0.741531	0
5.57075	0.700452	-0.329413	5.57075	0.700452	0
6.58599	0.716857	-0.294634	6.58599	0.716857	0
7.66151	0.729021	-0.315006	7.66151	0.729021	0
8.70321	0.659888	-0.343673	8.70321	0.659888	0
9.73617	0.677702	-0.303591	9.73617	0.677702	0
10.7559	0.676239	-0.329596	10.7559	0.676239	0
11.77	0.714341	-0.34811	11.77	0.714341	0
-11.0053	0.715089	-0.302994	-11.0053	0.715089	0
-9.98896	0.708391	-0.293646	-9.98896	0.708391	0
-8.90838	0.675958	-0.338869	-8.90838	0.675958	0
-7.91812	0.735248	-0.333378	-7.91812	0.735248	0
-6.85594	0.715454	-0.329617	-6.85594	0.715454	0
-5.77465	0.673919	-0.331275	-5.77465	0.673919	0
-4.77602	0.666234	-0.331073	-4.77602	0.666234	0
-3.74976	0.690933	-0.317457	-3.74976	0.690933	0
-2.68487	0.675789	-0.308149	-2.68487	0.675789	0
-1.70193	0.721242	-0.311882	-1.70193	0.721242	0
-0.666452	1.69624	-0.314875	-0.666452	1.69624	0
0.346304	1.71721	-0.328866	0.346304	1.71721	0
1.36607	1.68086	-0.300803	1.36607	1.68086	0
2.44927	1.6867	-0.314666	2.44927	1.6867	0
3.4254	1.69439	-0.348545	3.4254	1.69439	0
4.5102	1.74702	-0.302472	4.5102	1.74702	0
5.52694	1.76677	-0.302014	5.52694	1.76677	0
6.59149	1.75816	-0.322247	6.59149	1.75816	0
7.61516	1.76745	-0.333053	7.61516	1.76745	0
8.62027	1.70549	-0.302634	8.62027	1.70549	0
9.63954	1.75539	-0.282176	9.63954	1.75539	0
10.6484	1.73522	-0.331758	10.6484	1.73522	0
11.662	1.77754	-0.276943	11.662	1.77754	0
-11.0245	1.74331	-0.331239	-11.0245	1.74331	0
-9.98028	1.70798	-0.296822	-9.98028	1.70798	0
-8.98685	1.72412	-0.312891	-8.98685	1.72412	0
-7.95238	1.74059	-0.3015	-7.95238	1.74059	0
-6.85321	1.6666	-0.323955	-6.85321	1.6666	0
-5.85789	1.6951	-0.318937	-5.85789	1.6951	0
-4.85394	1.75244	-0.283598	-4.85394	1.75244	0
-3.76088	1.71258	-0.32056	-3.76088	1.71258	0
-2.75412	1.66386	-0.295908	-2.75412	1.66386	0
-1.68872	1.75831	-0.319989	-1.68872	1.75831	0
-0.66202	2.82691	-0.312023	-0.66202	2.82691	0
0.38785	2.73156	-0.317385	0.38785	2.73156	0
1.38445	2.70483	-0.325695	1.38445	2.70483	0
2.3829	2.71568	-0.329173	2.3829	2.71568	0
3.47544	2.76075	-0.326294	3.47544	2.76075	0
4.52635	2.74074	-0.336774	4.52635	2.74074	0
5.6031	2.78833	-0.325134	5.6031	2.78833	0
6.59275	2.76995	-0.327054	6.59275	2.76995	0
7.63352	2.83098	-0.32382	7.63352	2.83098	0
8.63074	2.76636	-0.314412	8.63074	2.76636	0
9.65643	2.78621	-0.312039	9.65643	2.78621	0
10.7394	2.77712	-0.317932	10.7394	2.77712	0
11.7315	2.77967	-0.346086	11.7315	2.77967	0
-11.0367	2.78377	-0.338878	-11.0367	2.78377	0
-10.0299	2.75213	-0.332819	-10.0299	2.75213	0
-9.00589	2.79358	-0.3141	-9.00589	2.79358	0
-7.98176	2.74923	-0.331815	-7.98176	2.74923	0
-6.96425	2.68855	-0.310016	-6.96425	2.68855	0
-5.89937	2.67273	-0.344576	-5.89937	2.67273	0
-4.79509	2.78198	-0.338407	-4.79509	2.78198	0
-3.78444	2.75079	-0.289677	-3.78444	2.75079	0
-2.73121	2.72316	-0.323353	-2.73121	2.72316	0
-1.69739	2.76237	-0.323216	-1.69739	2.76237	0
-0.663819	3.79616	-0.334174	-0.663819	3.79616	0
0.442989	3.7702	-0.34121	0.442989	3.7702	0
1.45475	3.72538	-0.341328	1.45475	3.72538	0
2.51362	3.76766	-0.301395	2.51362	3.76766	0
3.51904	3.79285	-0.32539	3.51904	3.79285	0
4.54709	3.72786	-0.33456	4.54709	3.72786	0
5.53904	3.85507	-0.31385	5.53904	3.85507	0
6.60941	3.84974	-0.332678	6.60941	3.84974	0
7.63643	3.80371	-0.318705	7.63643	3.80371	0
8.6443	3.796	-0.299248	8.6443	3.796	0
9.641	3.79074	-0.316252	9.641	3.79074	0
10.7135	3.79197	-0.337961	10.7135	3.79197	0
11.7287	3.87139	-0.315417	11.7287	3.87139	0
-11.0268	3.81028	-0.332983	-11.0268	3.81028	0
-10.0049	3.83167	-0.290111	-10.0049	3.83167	0
-8.9867	3.8012	-0.326163	-8.9867	3.8012	0
-7.91471	3.75381	-0.315486	-7.91471	3.75381	0
-6.87924	3.77649	-0.307293	-6.87924	3.77649	0
-5.86695	3.72992	-0.303944	-5.86695	3.72992	0
-4.87167	3.78307	-0.313267	-4.87167	3.78307	0
-3.8356	3.76868	-0.311082	-3.8356	3.76868	0
-2.74685	3.80167	-0.329796	-2.74685	3.80167	0
-1.70463	3.78799	-0.293871	-1.70463	3.78799	0
-0.637584	4.80661	-0.300299	-0.637584	4.80661	0
0.353883	4.81229	-0.334159	0.353883	4.81229	0
1.38682	4.77408	-0.326276	1.38682	4.77408	0
2.44188	4.80583	-0.326562	2.44188	4.80583	0
3.46231	4.86296	-0.315821	3.46231	4.86296	0
4.5348	4.78307	-0.338427	4.5348	4.78307	0
5.52505	4.91789	-0.335076	5.52505	4.91789	0
6.57067	4.88202	-0.30129	6.57067	4.88202	0
7.60322	4.87345	-0.317544	7.60322	4.87345	0
8.62883	4.83214	-0.312007	8.62883	4.83214	0
9.70871	4.85645	-0.312755	9.70871	4.85645	0
10.7519	4.81925	-0.323531	10.7519	4.81925	0
11.7713	4.8289	-0.316258	11.7713	4.8289	0
-11.0425	4.87082	-0.31319	-11.0425	4.87082	0
-9.99678	4.81143	-0.325927	-9.99678	4.81143	0
-8.96997	4.81224	-0.32539	-8.96997	4.81224	0
-7.93681	4.77661	-0.326605	-7.93681	4.77661	0
-6.88076	4.74992	-0.321386	-6.88076	4.74992	0
-5.8544	4.77261	-0.304393	-5.8544	4.77261	0
-4.89142	4.79593	-0.29426	-4.89142	4.79593	0
-3.7989	4.83458	-0.32235	-3.7989	4.83458	0
-2.80252	4.82078	-0.327556	-2.80252	4.82078	0
-1.71966	4.75225	-0.315383	-1.71966	4.75225	0
-0.660131	5.82395	-0.294844	-0.660131	5.82395	0
0.389828	5.83607	-0.309103	0.389828	5.83607	0
1.42835	5.79676	-0.306933	1.42835	5.79676	0
2.44822	5.86958	-0.328683	2.44822	5.86958	0
3.50724	5.8165	-0.334661	3.50724	5.8165	0
4.52648	5.81133	-0.294821	4.52648	5.81133	0
5.56926	5.91378	-0.338363	5.56926	5.91378	0
6.56698	5.88604	-0.332369	6.56698	5.88604	0
7.62137	5.86596	-0.342573	7.62137	5.86596	0
8.67033	5.8844	-0.320353	8.67033	5.8844	0
9.70673	5.85667	-0.305584	9.70673	5.85667	0
10.6881	5.86284	-0.308818	10.6881	5.86284	0
11.7276	5.86149	-0.317656	11.7276	5.86149	0
-11.0394	5.86466	-0.299318	-11.0394	5.86466	0
-9.93121	5.83258	-0.324626	-9.93121	5.83258	0
-8.93111	5.83073	-0.312898	-8.93111	5.83073	0
-7.8668	5.81169	-0.298835	-7.8668	5.81169	0
-6.7691	5.84724	-0.288123	-6.7691	5.84724	0
-5.83408	5.77768	-0.331324	-5.83408	5.77768	0
-4.76637	5.83456	-0.330534	-4.76637	5.83456	0
-3.73327	5.82414	-0.334671	-3.73327	5.82414	0
-2.72254	5.81328	-0.319523	-2.72254	5.81328	0
-1.70001	5.83932	-0.339125	-1.70001	5.83932	0
-0.697713	6.83088	-0.33989	-0.697713	6.83088	0
0.34206	6.84842	-0.33144	0.34206	6.84842	0
1.45247	6.84113	-0.303069	1.45247	6.84113	0
2.4733	6.91418	-0.346241	2.4733	6.91418	0
3.50997	6.83349	-0.331382	3.50997	6.83349	0
4.48953	6.82179	-0.339638	4.48953	6.82179	0
5.54712	6.93937	-0.335938	5.54712	6.93937	0
6.64095	6.9401	-0.305863	6.64095	6.9401	0
7.65287	6.94473	-0.332636	7.65287	6.94473	0
8.63426	6.93469	-0.290921	8.63426	6.93469	0
9.63668	6.94574	-0.3343	9.63668	6.94574	0
10.675	6.90445	-0.3332	10.675	6.90445	0
11.7357	6.89675	-0.284512	11.7357	6.89675	0
-11.0255	6.88399	-0.308875	-11.0255	6.88399	0
-9.99387	6.8638	-0.334766	-9.99387	6.8638	0
-8.93456	6.88567	-0.332947	-8.93456	6.88567	0
-7.9187	6.86909	-0.310046	-7.9187	6.86909	0
-6.90094	6.87555	-0.293918	-6.90094	6.87555	0
-5.81772	6.89974	-0.326884	-5.81772	6.89974	0
-4.73149	6.93631	-0.344299	-4.73149	6.93631	0
-3.76242	6.88329	-0.318884	-3.76242	6.88329	0
-2.76393	6.82711	-0.315774	-2.76393	6.82711	0
-1.77354	6.90916	-0.323634	-1.77354	6.90916	0
-0.683858	7.92655	-0.336083	-0.683858	7.92655	0
0.336837	7.85634	-0.317434	0.336837	7.85634	0
1.42906	7.94501	-0.320492	1.42906	7.94501	0
2.47249	7.95773	-0.318645	2.47249	7.95773	0
3.49742	7.88704	-0.320675	3.49742	7.88704	0
4.49827	7.891	-0.336176	4.49827	7.891	0
5.4995	7.91165	-0.333899	5.4995	7.91165	0
6.56315	7.94478	-0.291171	6.56315	7.94478	0
7.58144	7.93668	-0.321194	7.58144	7.93668	0
8.62771	7.96838	-0.298522	8.62771	7.96838	0
9.68984	7.95199	-0.329502	9.68984	7.95199	0
10.7489	7.9959	-0.31083	10.7489	7.9959	0
11.7562	7.90901	-0.319505	11.7562	7.90901	0
-11.0137	7.90206	-0.301276	-11.0137	7.90206	0
-9.97867	7.89667	-0.318944	-9.97867	7.89667	0
-8.96789	7.90142	-0.318307	-8.96789	7.90142	0
-7.94805	7.91309	-0.312163	-7.94805	7.91309	0
-6.92798	7.87122	-0.324854	-6.92798	7.87122	0
-5.90588	7.87206	-0.294079	-5.90588	7.87206	0
-4.8088	7.91875	-0.326186	-4.8088	7.91875	0
-3.8092	7.92146	-0.329257	-3.8092	7.92146	0
-2.77818	7.88521	-0.300577	-2.77818	7.88521	0
-1.7539	7.93459	-0.329539	-1.7539	7.93459	0
-0.649604	8.92278	-0.318753	-0.649604	8.92278	0
0.381281	8.92216	-0.302571	0.381281	8.92216	0
1.45134	8.91194	-0.335279	1.45134	8.91194	0
2.4808	8.94067	-0.302861	2.4808	8.94067	0
3.48979	8.97274	-0.329418	3.48979	8.97274	0
4.45971	8.97495	-0.346655	4.45971	8.97495	0
5.50405	9.00145	-0.312736	5.50405	9.00145	0
6.51501	8.91695	-0.321946	6.51501	8.91695	0
7.63058	9.00234	-0.348134	7.63058	9.00234	0
8.64962	8.98797	-0.31049	8.64962	8.98797	0
9.65974	8.95074	-0.277621	9.65974	8.95074	0
10.6995	9.00098	-0.289936	10.6995	9.00098	0
11.7142	8.948	-0.311828	11.7142	8.948	0
-10.9749	8.95169	-0.326094	-10.9749	8.95169	0
-9.9205	8.97493	-0.319552	-9.9205	8.97493	0
-8.91241	9.00733	-0.351964	-8.91241	9.00733	0
-7.85501	8.98099	-0.330793	-7.85501	8.98099	0
-6.90957	8.9074	-0.314153	-6.90957	8.9074	0
-5.89216	8.94841	-0.324582	-5.89216	8.94841	0
-4.82124	8.9361	-0.307908	-4.82124	8.9361	0
-3.74108	8.92616	-0.345568	-3.74108	8.92616	0
-2.75994	8.93073	-0.324403	-2.75994	8.93073	0
-1.73015	8.94554	-0.27177	-1.73015	8.94554	0
-0.599146	9.95073	-0.322164	-0.599146	9.95073	0
0.449418	9.91598	-0.284458	0.449418	9.91598	0
1.45376	9.97911	-0.324581	1.45376	9.97911	0
2.48206	10.0126	-0.332309	2.48206	10.0126	0
3.54975	9.98327	-0.303397	3.54975	9.98327	0
4.55151	10.008	-0.31114	4.55151	10.008	0
5.56758	10.0406	-0.312295	5.56758	10.0406	0
6.6089	9.96277	-0.305838	6.6089	9.96277	0
7.66169	10.0037	-0.304883	7.66169	10.0037	0
8.68893	10.0005	-0.346062	8.68893	10.0005	0
9.73037	9.96492	-0.323287	9.73037	9.96492	0
10.7887	10.0252	-0.32367	10.7887	10.0252	0
11.8183	10.043	-0.340904	11.8183	10.043	0
-10.9449	9.97361	-0.312664	-10.9449	9.97361	0
-9.91904	10.0351	-0.314267	-9.91904	10.0351	0
-8.84598	10.0316	-0.294098	-8.84598	10.0316	0
-7.86825	9.99275	-0.294162	-7.86825	9.99275	0
-6.87456	9.96375	-0.329675	-6.87456	9.96375	0
-5.84051	9.96175	-0.28772	-5.84051	9.96175	0
-4.85196	9.9683	-0.316519	-4.85196	9.9683	0
-3.78869	9.97816	-0.33231	-3.78869	9.97816	0
-2.77656	9.96299	-0.293344	-2.77656	9.96299	0
-1.6769	10.01	-0.316648	-1.6769	10.01	0
-0.605777	10.9713	-0.299894	-0.605777	10.9713	0
0.371183	10.973	-0.323034	0.371183	10.973	0
1.41487	11.0323	-0.294982	1.41487	11.0323	0
2.46073	11.0334	-0.31813	2.46073	11.0334	0
3.4722	10.9499	-0.316398	3.4722	10.9499	0
4.51761	11.0438	-0.299496	4.51761	11.0438	0
5.64641	11.0978	-0.302557	5.64641	11.0978	0
6.67544	11.0355	-0.314391	6.67544	11.0355	0
7.68793	10.9937	-0.336662	7.68793	10.9937	0
8.72305	11.0482	-0.295612	8.72305	11.0482	0
9.73603	10.9998	-0.293553	9.73603	10.9998	0
10.7605	11.0344	-0.331413	10.7605	11.0344	0
11.8338	11.0398	-0.299776	11.8338	11.0398	0
-10.9609	11.0044	-0.326413	-10.9609	11.0044	0
-9.94125	11.0929	-0.299044	-9.94125	11.0929	0
-8.96129	11.0764	-0.326177	-8.96129	11.0764	0
-7.8413	11.0014	-0.31657	-7.8413	11.0014	0
-6.85547	11.0052	-0.324773	-6.85547	11.0052	0
-5.79506	11	-0.325142	-5.79506	11	0
-4.82511	11.006	-0.32456	-4.82511	11.006	0
-3.77696	11.0064	-0.340445	-3.77696	11.0064	0
-2.73316	11.0567	-0.317301	-2.73316	11.0567	0
-1.606	11.0246	-0.332707	-1.606	11.0246	0
-0.633296	-11.7883	-0.334242	-0.633296	-11.7883	0
0.423365	-11.7468	-0.288705	0.423365	-11.7468	0
1.46808	-11.7274	-0.308339	1.46808	-11.7274	0
2.47414	-11.7521	-0.306791	2.47414	-11.7521	0
3.50202	-11.791	-0.326606	3.50202	-11.791	0
4.56942	-11.6936	-0.307772	4.56942	-11.6936	0
5.62694	-11.6799	-0.327967	5.62694	-11.6799	0
6.75085	-11.7558	-0.324118	6.75085	-11.7558	0
7.7452	-11.7544	-0.306822	7.7452	-11.7544	0
8.71395	-11.7146	-0.338628	8.71395	-11.7146	0
9.74374	-11.7349	-0.321778	9.74374	-11.7349	0
10.7691	-11.7104	-0.29117	10.7691	-11.7104	0
11.7526	-11.7727	-0.306388	11.7526	-11.7727	0
-10.9227	-11.7099	-0.322652	-10.9227	-11.7099	0
-9.91669	-11.6591	-0.336297	-9.91669	-11.6591	0
-8.90265	-11.7018	-0.303981	-8.90265	-11.7018	0
-7.86485	-11.7197	-0.328599	-7.86485	-11.7197	0
-6.78852	-11.7568	-0.306767	-6.78852	-11.7568	0
-5.80808	-11.7089	-0.277915	-5.80808	-11.7089	0
-4.79487	-11.805	-0.31862	-4.79487	-11.805	0
-3.70691	-11.7404	-0.307119	-3.70691	-11.7404	0
-2.64231	-11.7713	-0.331808	-2.64231	-11.7713	0
-1.62467	-11.7721	-0.275279	-1.62467	-11.7721	0
-0.60502	-10.7526	-0.297787	-0.60502	-10.7526	0
0.483501	-10.6916	-0.333152	0.483501	-10.6916	0
1.52051	-10.645	-0.338358	1.52051	-10.645	0
2.49885	-10.6793	-0.330481	2.49885	-10.6793	0
3.49842	-10.7044	-0.325988	3.49842	-10.7044	0
4.58957	-10.678	-0.345821	4.58957	-10.678	0
5.56325	-10.7098	-0.311246	5.56325	-10.7098	0
6.69642	-10.7597	-0.326061	6.69642	-10.7597	0
7.67525	-10.6819	-0.305803	7.67525	-10.6819	0
8.69055	-10.6784	-0.325303	8.69055	-10.6784	0
9.78303	-10.6758	-0.319158	9.78303	-10.6758	0
10.7965	-10.6297	-0.32102	10.7965	-10.6297	0
11.8066	-10.6841	-0.294364	11.8066	-10.6841	0
-10.9621	-10.6602	-0.326274	-10.9621	-10.6602	0
-9.92603	-10.6291	-0.312758	-9.92603	-10.6291	0
-8.83031	-10.6789	-0.320645	-8.83031	-10.6789	0
-7.84874	-10.652	-0.312736	-7.84874	-10.652	0
-6.79838	-10.6831	-0.305156	-6.79838	-10.6831	0
-5.79922	-10.6385	-0.321544	-5.79922	-10.6385	0
-4.68884	-10.6759	-0.32512	-4.68884	-10.6759	0
-3.6774	-10.7569	-0.309098	-3.6774	-10.7569	0
-2.64739	-10.7425	-0.324751	-2.64739	-10.7425	0
-1.64559	-10.7433	-0.321539	-1.64559	-10.7433	0
-0.637384	-9.68181	-0.325819	-0.637384	-9.68181	0
0.431187	-9.67128	-0.322952	0.431187	-9.67128	0
1.46354	-9.62406	-0.305698	1.46354	-9.62406	0
2.48152	-9.69515	-0.30983	2.48152	-9.69515	0
3.51738	-9.64546	-0.334132	3.51738	-9.64546	0
4.51043	-9.63773	-0.322539	4.51043	-9.63773	0
5.5894	-9.68765	-0.29669	5.5894	-9.68765	0
6.65003	-9.73262	-0.306384	6.65003	-9.73262	0
7.71764	-9.66309	-0.304213	7.71764	-9.66309	0
8.7061	-9.67983	-0.300167	8.7061	-9.67983	0
9.69556	-9.69883	-0.311446	9.69556	-9.69883	0
10.719	-9.59529	-0.31557	10.719	-9.59529	0
11.8234	-9.63611	-0.334825	11.8234	-9.63611	0
-10.9118	-9.61657	-0.328802	-10.9118	-9.61657	0
-9.93971	-9.62948	-0.304821	-9.93971	-9.62948	0
-8.86431	-9.66341	-0.335987	-8.86431	-9.66341	0
-7.82287	-9.64709	-0.301435	-7.82287	-9.64709	0
-6.82925	-9.6121	-0.332221	-6.82925	-9.6121	0
-5.76862	-9.65437	-0.342953	-5.76862	-9.65437	0
-4.7508	-9.68782	-0.313809	-4.7508	-9.68782	0
-3.73925	-9.73121	-0.345702	-3.73925	-9.73121	0
-2.73667	-9.72422	-0.305256	-2.73667	-9.72422	0
-1.705	-9.72186	-0.319056	-1.705	-9.72186	0
-0.63211	-8.59652	-0.327966	-0.63211	-8.59652	0
0.394256	-8.64736	-0.295976	0.394256	-8.64736	0
1.46322	-8.62707	-0.29463	1.46322	-8.62707	0
2.51823	-8.62106	-0.316736	2.51823	-8.62106	0
3.4803	-8.64212	-0.318668	3.4803	-8.64212	0
4.54905	-8.55456	-0.318071	4.54905	-8.55456	0
5.57737	-8.65342	-0.341072	5.57737	-8.65342	0
6.5978	-8.70248	-0.311637	6.5978	-8.70248	0
7.60516	-8.66642	-0.326328	7.60516	-8.66642	0
8.63732	-8.63891	-0.310244	8.63732	-8.63891	0
9.67397	-8.58806	-0.312579	9.67397	-8.58806	0
10.7371	-8.59915	-0.329003	10.7371	-8.59915	0
11.8154	-8.6652	-0.3172	11.8154	-8.6652	0
-10.9725	-8.5895	-0.346613	-10.9725	-8.5895	0
-9.91577	-8.60026	-0.310041	-9.91577	-8.60026	0
-8.94343	-8.60325	-0.332781	-8.94343	-8.60325	0
-7.85397	-8.58881	-0.316413	-7.85397	-8.58881	0
-6.84399	-8.61124	-0.324402	-6.84399	-8.61124	0
-5.78396	-8.6417	-0.330733	-5.78396	-8.6417	0
-4.78471	-8.71546	-0.313116	-4.78471	-8.71546	0
-3.74581	-8.65668	-0.33006	-3.74581	-8.65668	0
-2.70725	-8.66945	-0.335405	-2.70725	-8.66945	0
-1.68959	-8.66298	-0.330398	-1.68959	-8.66298	0
-0.702869	-7.59187	-0.33762	-0.702869	-7.59187	0
0.336769	-7.63679	-0.296321	0.336769	-7.63679	0
1.44167	-7.64842	-0.316911	1.44167	-7.64842	0
2.42041	-7.51958	-0.341588	2.42041	-7.51958	0
3.49051	-7.59556	-0.291962	3.49051	-7.59556	0
4.52512	-7.56315	-0.301196	4.52512	-7.56315	0
5.58908	-7.57892	-0.327617	5.58908	-7.57892	0
6.57676	-7.61463	-0.353522	6.57676	-7.61463	0
7.62963	-7.62283	-0.293543	7.62963	-7.62283	0
8.69028	-7.62597	-0.338282	8.69028	-7.62597	0
9.68632	-7.58238	-0.322869	9.68632	-7.58238	0
10.7199	-7.54971	-0.30491	10.7199	-7.54971	0
11.8398	-7.58802	-0.312314	11.8398	-7.58802	0
-10.9457	-7.5341	-0.286798	-10.9457	-7.5341	0
-9.93473	-7.50758	-0.303024	-9.93473	-7.50758	0
-8.91369	-7.62349	-0.334834	-8.91369	-7.62349	0
-7.86426	-7.59135	-0.302312	-7.86426	-7.59135	0
-6.89936	-7.62365	-0.337631	-6.89936	-7.62365	0
-5.87509	-7.54252	-0.31715	-5.87509	-7.54252	0
-4.80603	-7.6296	-0.321804	-4.80603	-7.6296	0
-3.72656	-7.62544	-0.325867	-3.72656	-7.62544	0
-2.72248	-7.66958	-0.316019	-2.72248	-7.66958	0
-1.6894	-7.62075	-0.344995	-1.6894	-7.62075	0
-0.642052	-6.50531	-0.310942	-0.642052	-6.50531	0
0.339478	-6.60354	-0.324626	0.339478	-6.60354	0
1.47428	-6.5578	-0.350533	1.47428	-6.5578	0
2.44996	-6.53433	-0.330237	2.44996	-6.53433	0
3.44629	-6.5657	-0.331562	3.44629	-6.5657	0
4.52048	-6.56605	-0.326751	4.52048	-6.56605	0
5.55953	-6.49031	-0.318585	5.55953	-6.49031	0
6.63493	-6.54558	-0.318103	6.63493	-6.54558	0
7.61933	-6.54703	-0.299551	7.61933	-6.54703	0
8.64522	-6.55196	-0.292654	8.64522	-6.55196	0
9.68941	-6.55002	-0.33133	9.68941	-6.55002	0
10.7412	-6.53356	-0.299797	10.7412	-6.53356	0
11.7947	-6.54421	-0.278178	11.7947	-6.54421	0
-10.9891	-6.49048	-0.325929	-10.9891	-6.49048	0
-9.89764	-6.54147	-0.281693	-9.89764	-6.54147	0
-8.84979	-6.51467	-0.30367	-8.84979	-6.51467	0
-7.84788	-6.51168	-0.260785	-7.84788	-6.51168	0
-6.82482	-6.5117	-0.333185	-6.82482	-6.5117	0
-5.88058	-6.45826	-0.324927	-5.88058	-6.45826	0
-4.75771	-6.55181	-0.300721	-4.75771	-6.55181	0
-3.70269	-6.55838	-0.331696	-3.70269	-6.55838	0
-2.64384	-6.63772	-0.281111	-2.64384	-6.63772	0
-1.67158	-6.62665	-0.342501	-1.67158	-6.62665	0
-0.681983	-5.52694	-0.323467	-0.681983	-5.52694	0
0.38501	-5.55232	-0.31665	0.38501	-5.55232	0
1.40561	-5.51314	-0.323758	1.40561	-5.51314	0
2.45317	-5.52041	-0.314942	2.45317	-5.52041	0
3.4836	-5.50383	-0.324178	3.4836	-5.50383	0
4.49398	-5.4595	-0.320657	4.49398	-5.4595	0
5.49734	-5.49394	-0.29174	5.49734	-5.49394	0
6.61721	-5.57183	-0.313686	6.61721	-5.57183	0
7.65134	-5.52517	-0.309076	7.65134	-5.52517	0
8.63436	-5.50941	-0.327929	8.63436	-5.50941	0
9.69451	-5.51567	-0.333271	9.69451	-5.51567	0
10.6869	-5.51238	-0.327313	10.6869	-5.51238	0
11.7493	-5.55371	-0.320433	11.7493	-5.55371	0
-11.0091	-5.4462	-0.317382	-11.0091	-5.4462	0
-9.92232	-5.50866	-0.323601	-9.92232	-5.50866	0
-8.90547	-5.51278	-0.309824	-8.90547	-5.51278	0
-7.84061	-5.50926	-0.325883	-7.84061	-5.50926	0
-6.84921	-5.49099	-0.312201	-6.84921	-5.49099	0
-5.82307	-5.47376	-0.31258	-5.82307	-5.47376	0
-4.76739	-5.51908	-0.285217	-4.76739	-5.51908	0
-3.70504	-5.50917	-0.290629	-3.70504	-5.50917	0
-2.71579	-5.51049	-0.328159	-2.71579	-5.51049	0
-1.70165	-5.52744	-0.288369	-1.70165	-5.52744	0
-0.60888	-4.52618	-0.305175	-0.60888	-4.52618	0
0.380085	-4.49962	-0.288196	0.380085	-4.49962	0
1.38064	-4.50576	-0.32472	1.38064	-4.50576	0
2.43183	-4.49163	-0.326156	2.43183	-4.49163	0
3.44473	-4.45866	-0.315471	3.44473	-4.45866	0
4.44785	-4.43405	-0.32377	4.44785	-4.43405	0
5.50796	-4.43474	-0.320703	5.50796	-4.43474	0
6.58238	-4.47298	-0.332416	6.58238	-4.47298	0
7.62562	-4.48749	-0.314608	7.62562	-4.48749	0
8.6447	-4.48674	-0.292831	8.6447	-4.48674	0
9.69658	-4.47405	-0.348842	9.69658	-4.47405	0
10.7307	-4.51314	-0.30515	10.7307	-4.51314	0
11.729	-4.50744	-0.314904	11.729	-4.50744	0
-10.9532	-4.46582	-0.316127	-10.9532	-4.46582	0
-9.97293	-4.47018	-0.314859	-9.97293	-4.47018	0
-8.9302	-4.4896	-0.315526	-8.9302	-4.4896	0
-7.92491	-4.53186	-0.314314	-7.92491	-4.53186	0
-6.89838	-4.49575	-0.335585	-6.89838	-4.49575	0
-5.82335	-4.45668	-0.32991	-5.82335	-4.45668	0
-4.77331	-4.55502	-0.303183	-4.77331	-4.55502	0
-3.73394	-4.48235	-0.294266	-3.73394	-4.48235	0
-2.70961	-4.5182	-0.328049	-2.70961	-4.5182	0
-1.64394	-4.55881	-0.313838	-1.64394	-4.55881	0
-0.650675	-3.40615	-0.303472	-0.650675	-3.40615	0
0.388162	-3.45928	-0.313155	0.388162	-3.45928	0
1.38968	-3.46373	-0.309659	1.38968	-3.46373	0
2.41168	-3.45142	-0.327674	2.41168	-3.45142	0
3.49204	-3.38872	-0.32799	3.49204	-3.38872	0
4.52859	-3.40616	-0.34557	4.52859	-3.40616	0
5.51653	-3.42106	-0.287958	5.51653	-3.42106	0
6.5764	-3.45961	-0.290525	6.5764	-3.45961	0
7.6054	-3.46096	-0.289684	7.6054	-3.46096	0
8.5937	-3.46295	-0.341868	8.5937	-3.46295	0
9.62585	-3.44468	-0.321892	9.62585	-3.44468	0
10.6458	-3.46319	-0.321899	10.6458	-3.46319	0
11.6914	-3.44301	-0.315063	11.6914	-3.44301	0
-11.0085	-3.44297	-0.306285	-11.0085	-3.44297	0
-9.98037	-3.4146	-0.310634	-9.98037	-3.4146	0
-8.91448	-3.41426	-0.296165	-8.91448	-3.41426	0
-7.87994	-3.48149	-0.323717	-7.87994	-3.48149	0
-6.86653	-3.46427	-0.296603	-6.86653	-3.46427	0
-5.85617	-3.49876	-0.307199	-5.85617	-3.49876	0
-4.77019	-3.48846	-0.331397	-4.77019	-3.48846	0
-3.79256	-3.43315	-0.322473	-3.79256	-3.43315	0
-2.7562	-3.44306	-0.327367	-2.7562	-3.44306	0
-1.69102	-3.48496	-0.283255	-1.69102	-3.48496	0
-0.610987	-2.37244	-0.345494	-0.610987	-2.37244	0
0.379923	-2.38312	-0.323606	0.379923	-2.38312	0
1.37067	-2.48704	-0.322111	1.37067	-2.48704	0
2.3611	-2.37859	-0.299021	2.3611	-2.37859	0
3.38523	-2.3914	-0.297695	3.38523	-2.3914	0
4.4835	-2.39408	-0.326604	4.4835	-2.39408	0
5.54061	-2.39871	-0.320884	5.54061	-2.39871	0
6.57931	-2.40862	-0.316594	6.57931	-2.40862	0
7.61433	-2.41354	-0.326889	7.61433	-2.41354	0
8.64963	-2.40462	-0.314358	8.64963	-2.40462	0
9.65452	-2.41662	-0.319748	9.65452	-2.41662	0
10.6916	-2.40386	-0.312111	10.6916	-2.40386	0
11.7266	-2.45735	-0.325198	11.7266	-2.45735	0
-10.9931	-2.43929	-0.32877	-10.9931	-2.43929	0
-9.96028	-2.40175	-0.308116	-9.96028	-2.40175	0
-8.93975	-2.36552	-0.317526	-8.93975	-2.36552	0
-7.92093	-2.45624	-0.289651	-7.92093	-2.45624	0
-6.8949	-2.44096	-0.276735	-6.8949	-2.44096	0
-5.81977	-2.4733	-0.299984	-5.81977	-2.4733	0
-4.78215	-2.41729	-0.32527	-4.78215	-2.41729	0
-3.73026	-2.39644	-0.303054	-3.73026	-2.39644	0
-2.69127	-2.45213	-0.306017	-2.69127	-2.45213	0
-1.62761	-2.381	-0.318086	-1.62761	-2.381	0
-0.658532	-1.39446	-0.334502	-0.658532	-1.39446	0
0.369623	-1.33312	-0.296724	0.369623	-1.33312	0
1.41937	-1.34108	-0.301984	1.41937	-1.34108	0
2.41581	-1.34308	-0.325993	2.41581	-1.34308	0
3.45963	-1.34329	-0.33235	3.45963	-1.34329	0
4.50445	-1.36899	-0.290787	4.50445	-1.36899	0
5.51698	-1.37891	-0.325197	5.51698	-1.37891	0
6.6031	-1.35868	-0.307612	6.6031	-1.35868	0
7.65276	-1.32259	-0.309375	7.65276	-1.32259	0
8.68898	-1.37608	-0.338641	8.68898	-1.37608	0
9.68907	-1.42683	-0.332831	9.68907	-1.42683	0
10.7739	-1.39231	-0.33037	10.7739	-1.39231	0
11.7227	-1.38917	-0.298001	11.7227	-1.38917	0
-10.997	-1.39848	-0.312224	-10.997	-1.39848	0
-9.95842	-1.36874	-0.324727	-9.95842	-1.36874	0
-8.93139	-1.30918	-0.314853	-8.93139	-1.30918	0
-7.87478	-1.38435	-0.333942	-7.87478	-1.38435	0
-6.84084	-1.3884	-0.330804	-6.84084	-1.3884	0
-5.78231	-1.46128	-0.306454	-5.78231	-1.46128	0
-4.72015	-1.35706	-0.340034	-4.72015	-1.35706	0
-3.72238	-1.41163	-0.315673	-3.72238	-1.41163	0
-2.70382	-1.38381	-0.330996	-2.70382	-1.38381	0
-1.71141	-1.39573	-0.325502	-1.71141	-1.39573	0
-0.0939203	0.205765	0.343972	-0.0939203	0.205765	0
0.915732	0.166255	0.292776	0.915732	0.166255	0
1.92746	0.148005	0.316729	1.92746	0.148005	0
2.93757	0.100958	0.341683	2.93757	0.100958	0
4.02434	0.191631	0.294323	4.02434	0.191631	0
5.10501	0.178668	0.310712	5.10501	0.178668	0
6.08473	0.22222	0.332481	6.08473	0.22222	0
7.13004	0.246149	0.310052	7.13004	0.246149	0
8.2047	0.189516	0.309692	8.2047	0.189516	0
9.23959	0.218158	0.305561	9.23959	0.218158	0
10.2508	0.140023	0.327814	10.2508	0.140023	0
11.2422	0.194327	0.327213	11.2422	0.194327	0
-11.5448	0.201659	0.310811	-11.5448	0.201659	0
-10.4811	0.179756	0.315867	-10.4811	0.179756	0
-9.4847	0.202127	0.316595	-9.4847	0.202127	0
-8.40592	0.25563	0.320234	-8.40592	0.25563	0
-7.39547	0.236367	0.306245	-7.39547	0.236367	0
-6.37021	0.126801	0.295945	-6.37021	0.126801	0
-5.29143	0.189903	0.327205	-5.29143	0.189903	0
-4.28813	0.14952	0.292413	-4.28813	0.14952	0
-3.19811	0.149364	0.308457	-3.19811	0.149364	0
-2.2012	0.107067	0.308368	-2.2012	0.107067	0
-1.18083	0.174008	0.301065	-1.18083	0.174008	0
-0.131158	1.20166	0.32936	-0.131158	1.20166	0
0.839366	1.17374	0.325208	0.839366	1.17374	0
1.93407	1.19886	0.3286	1.93407	1.19886	0
2.96796	1.19115	0.321632	2.96796	1.19115	0
4.00291	1.22885	0.32823	4.00291	1.22885	0
5.08802	1.22169	0.339491	5.08802	1.22169	0
6.06483	1.28436	0.304876	6.06483	1.28436	0
7.14484	1.30026	0.338513	7.14484	1.30026	0
8.16571	1.23362	0.338232	8.16571	1.23362	0
9.15318	1.20884	0.295541	9.15318	1.20884	0
10.2104	1.16766	0.306033	10.2104	1.16766	0
11.1841	1.2253	0.354272	11.1841	1.2253	0
-11.5771	1.25286	0.312558	-11.5771	1.25286	0
-10.5491	1.2601	0.307871	-10.5491	1.2601	0
-9.4611	1.17856	0.296972	-9.4611	1.17856	0
-8.44909	1.22959	0.332575	-8.44909	1.22959	0
-7.42101	1.18978	0.309804	-7.42101	1.18978	0
-6.31645	1.1806	0.312154	-6.31645	1.1806	0
-5.27962	1.21305	0.323539	-5.27962	1.21305	0
-4.28551	1.19746	0.327136	-4.28551	1.19746	0
-3.21779	1.15694	0.333714	-3.21779	1.15694	0
-2.2078	1.15669	0.328501	-2.2078	1.15669	0
-1.1659	1.19033	0.352573	-1.1659	1.19033	0
-0.165328	2.19247	0.313747	-0.165328	2.19247	0
0.877916	2.15594	0.335035	0.877916	2.15594	0
1.86744	2.19093	0.318939	1.86744	2.19093	0
2.91192	2.27733	0.319665	2.91192	2.27733	0
3.91403	2.21971	0.312802	3.91403	2.21971	0
5.02387	2.30106	0.319489	5.02387	2.30106	0
6.10888	2.28939	0.297884	6.10888	2.28939	0
7.1099	2.27852	0.325362	7.1099	2.27852	0
8.10707	2.25624	0.344194	8.10707	2.25624	0
9.13071	2.28318	0.297612	9.13071	2.28318	0
10.1863	2.25405	0.306026	10.1863	2.25405	0
11.1908	2.30949	0.309919	11.1908	2.30949	0
-11.5241	2.30169	0.318722	-11.5241	2.30169	0
-10.5236	2.23765	0.299789	-10.5236	2.23765	0
-9.50298	2.23685	0.328447	-9.50298	2.23685	0
-8.46201	2.2217	0.302362	-8.46201	2.2217	0
-7.42119	2.16229	0.343999	-7.42119	2.16229	0
-6.4011	2.24708	0.334369	-6.4011	2.24708	0
-5.39894	2.22189	0.316498	-5.39894	2.22189	0
-4.32174	2.25052	0.313301	-4.32174	2.25052	0
-3.25358	2.22203	0.309089	-3.25358	2.22203	0
-2.21464	2.22674	0.308113	-2.21464	2.22674	0
-1.13968	2.27841	0.327268	-1.13968	2.27841	0
-0.14765	3.29468	0.310144	-0.14765	3.29468	0
0.891004	3.27339	0.312626	0.891004	3.27339	0
1.93771	3.24119	0.318306	1.93771	3.24119	0
3.00553	3.27393	0.290649	3.00553	3.27393	0
4.07693	3.25117	0.332351	4.07693	3.25117	0
5.08504	3.26932	0.320738	5.08504	3.26932	0
6.10332	3.29394	0.305525	6.10332	3.29394	0
7.12969	3.28722	0.323764	7.12969	3.28722	0
8.14071	3.28298	0.325707	8.14071	3.28298	0
9.14976	3.29514	0.332807	9.14976	3.29514	0
10.2085	3.26978	0.28557	10.2085	3.26978	0
11.2417	3.2946	0.331164	11.2417	3.2946	0
-11.5459	3.32551	0.288488	-11.5459	3.32551	0
-10.5656	3.2569	0.336968	-10.5656	3.2569	0
-9.51709	3.27477	0.328064	-9.51709	3.27477	0
-8.47191	3.26802	0.31424	-8.47191	3.26802	0
-7.44973	3.22331	0.303974	-7.44973	3.22331	0
-6.4127	3.18955	0.27958	-6.4127	3.18955	0
-5.33146	3.24068	0.334289	-5.33146	3.24068	0
-4.28183	3.25808	0.341822	-4.28183	3.25808	0
-3.23597	3.26109	0.325711	-3.23597	3.26109	0
-2.22174	3.25089	0.308824	-2.22174	3.25089	0
-1.15744	3.32343	0.32293	-1.15744	3.32343	0
-0.102441	4.23874	0.320141	-0.102441	4.23874	0
0.914132	4.22417	0.300558	0.914132	4.22417	0
1.91621	4.26225	0.312628	1.91621	4.26225	0
2.97403	4.29766	0.288088	2.97403	4.29766	0
3.98781	4.3007	0.303813	3.98781	4.3007	0
5.02247	4.32591	0.298203	5.02247	4.32591	0
6.06053	4.36938	0.288216	6.06053	4.36938	0
7.1246	4.29754	0.341874	7.1246	4.29754	0
8.12795	4.36101	0.306905	8.12795	4.36101	0
9.16755	4.34201	0.342689	9.16755	4.34201	0
10.188	4.29696	0.300549	10.188	4.29696	0
11.2237	4.32278	0.322748	11.2237	4.32278	0
-11.5232	4.35039	0.299857	-11.5232	4.35039	0
-10.5386	4.35465	0.32848	-10.5386	4.35465	0
-9.49392	4.35488	0.317831	-9.49392	4.35488	0
-8.44252	4.25159	0.328679	-8.44252	4.25159	0
-7.39192	4.27678	0.332449	-7.39192	4.27678	0
-6.41131	4.25404	0.341717	-6.41131	4.25404	0
-5.36551	4.27664	0.325984	-5.36551	4.27664	0
-4.32425	4.29379	0.328231	-4.32425	4.29379	0
-3.29394	4.28975	0.314782	-3.29394	4.28975	0
-2.26173	4.29746	0.317071	-2.26173	4.29746	0
-1.16192	4.30381	0.327173	-1.16192	4.30381	0
-0.104141	5.30122	0.335215	-0.104141	5.30122	0
0.89606	5.26921	0.319672	0.89606	5.26921	0
1.90824	5.28569	0.312213	1.90824	5.28569	0
2.94633	5.35281	0.3038	2.94633	5.35281	0
4.01207	5.29206	0.326396	4.01207	5.29206	0
5.04318	5.34923	0.338218	5.04318	5.34923	0
6.02958	5.40872	0.337773	6.02958	5.40872	0
7.05471	5.40431	0.335527	7.05471	5.40431	0
8.19279	5.37858	0.316695	8.19279	5.37858	0
9.18383	5.34717	0.327852	9.18383	5.34717	0
10.1824	5.32944	0.326665	10.1824	5.32944	0
11.2305	5.38212	0.32463	11.2305	5.38212	0
-11.5685	5.37572	0.324267	-11.5685	5.37572	0
-10.5024	5.34957	0.309442	-10.5024	5.34957	0
-9.45513	5.30087	0.332929	-9.45513	5.30087	0
-8.41686	5.28119	0.320332	-8.41686	5.28119	0
-7.37384	5.26093	0.300979	-7.37384	5.26093	0
-6.32256	5.30745	0.357129	-6.32256	5.30745	0
-5.33407	5.34901	0.319388	-5.33407	5.34901	0
-4.29621	5.32136	0.309092	-4.29621	5.32136	0
-3.24602	5.29392	0.31965	-3.24602	5.29392	0
-2.17889	5.29426	0.301136	-2.17889	5.29426	0
-1.21341	5.32968	0.289717	-1.21341	5.32968	0
-0.113763	6.34343	0.303773	-0.113763	6.34343	0
0.921259	6.33504	0.338058	0.921259	6.33504	0
1.99498	6.36132	0.318208	1.99498	6.36132	0
3.0134	6.3673	0.308471	3.0134	6.3673	0
3.98135	6.33372	0.342788	3.98135	6.33372	0
5.04729	6.40677	0.297872	5.04729	6.40677	0
6.12402	6.41657	0.314279	6.12402	6.41657	0
7.13702	6.38785	0.320154	7.13702	6.38785	0
8.1139	6.42111	0.322169	8.1139	6.42111	0
9.15783	6.39207	0.314839	9.15783	6.39207	0
10.1325	6.44913	0.29344	10.1325	6.44913	0
11.114	6.36557	0.319827	11.114	6.36557	0
-11.5164	6.41102	0.325479	-11.5164	6.41102	0
-10.4458	6.34537	0.336477	-10.4458	6.34537	0
-9.489	6.39463	0.290775	-9.489	6.39463	0
-8.43934	6.33729	0.318512	-8.43934	6.33729	0
-7.37261	6.37947	0.297029	-7.37261	6.37947	0
-6.32654	6.37258	0.335288	-6.32654	6.37258	0
-5.32084	6.38327	0.276002	-5.32084	6.38327	0
-4.2784	6.38415	0.303386	-4.2784	6.38415	0
-3.27525	6.3127	0.322291	-3.27525	6.3127	0
-2.17582	6.31744	0.321412	-2.17582	6.31744	0
-1.16971	6.32698	0.289544	-1.16971	6.32698	0
-0.214484	7.42102	0.325849	-0.214484	7.42102	0
0.915642	7.34505	0.286235	0.915642	7.34505	0
1.93094	7.34098	0.309889	1.93094	7.34098	0
2.97439	7.40892	0.307516	2.97439	7.40892	0
4.016	7.38343	0.307041	4.016	7.38343	0
4.98901	7.42828	0.322174	4.98901	7.42828	0
6.07107	7.44299	0.333258	6.07107	7.44299	0
7.11179	7.4192	0.326619	7.11179	7.4192	0
8.12731	7.46581	0.346693	8.12731	7.46581	0
9.15507	7.42709	0.306665	9.15507	7.42709	0
10.1811	7.45125	0.299675	10.1811	7.45125	0
11.203	7.39311	0.311044	11.203	7.39311	0
-11.5128	7.40327	0.324368	-11.5128	7.40327	0
-10.4545	7.37877	0.31786	-10.4545	7.37877	0
-9.42332	7.34957	0.315517	-9.42332	7.34957	0
-8.47767	7.3917	0.34635	-8.47767	7.3917	0
-7.40245	7.37741	0.317315	-7.40245	7.37741	0
-6.34827	7.32446	0.309805	-6.34827	7.32446	0
-5.29069	7.32869	0.30502	-5.29069	7.32869	0
-4.28976	7.37904	0.32031	-4.28976	7.37904	0
-3.26729	7.38483	0.301129	-3.26729	7.38483	0
-2.27426	7.34756	0.330763	-2.27426	7.34756	0
-1.21639	7.41641	0.316833	-1.21639	7.41641	0
-0.10271	8.42364	0.348633	-0.10271	8.42364	0
0.847473	8.36169	0.310206	0.847473	8.36169	0
1.90586	8.38197	0.337911	1.90586	8.38197	0
3.05075	8.43603	0.309674	3.05075	8.43603	0
4.05208	8.39878	0.332037	4.05208	8.39878	0
5.05686	8.47369	0.313008	5.05686	8.47369	0
6.01662	8.43414	0.301412	6.01662	8.43414	0
7.10907	8.50791	0.296921	7.10907	8.50791	0
8.04656	8.49256	0.320087	8.04656	8.49256	0
9.12369	8.43869	0.332594	9.12369	8.43869	0
10.2036	8.45353	0.319278	10.2036	8.45353	0
11.1881	8.47965	0.31886	11.1881	8.47965	0
-11.5467	8.44402	0.302136	-11.5467	8.44402	0
-10.54	8.43443	0.325152	-10.54	8.43443	0
-9.48291	8.45917	0.313143	-9.48291	8.45917	0
-8.47814	8.43212	0.308718	-8.47814	8.43212	0
-7.40058	8.41621	0.313494	-7.40058	8.41621	0
-6.39944	8.37469	0.315414	-6.39944	8.37469	0
-5.37822	8.42704	0.298861	-5.37822	8.42704	0
-4.28937	8.4651	0.303483	-4.28937	8.4651	0
-3.2531	8.47153	0.332057	-3.2531	8.47153	0
-2.22953	8.39507	0.314946	-2.22953	8.39507	0
-1.18278	8.41752	0.323381	-1.18278	8.41752	0
-0.096831	9.44784	0.32583	-0.096831	9.44784	0
0.930775	9.38101	0.305182	0.930775	9.38101	0
1.97507	9.44068	0.323186	1.97507	9.44068	0
3.0103	9.48102	0.318336	3.0103	9.48102	0
4.04577	9.49382	0.29206	4.04577	9.49382	0
5.04878	9.46203	0.335616	5.04878	9.46203	0
6.048	9.47589	0.33452	6.048	9.47589	0
7.09568	9.48567	0.320052	7.09568	9.48567	0
8.13664	9.48573	0.349872	8.13664	9.48573	0
9.13148	9.52673	0.323668	9.13148	9.52673	0
10.1676	9.52515	0.328366	10.1676	9.52515	0
11.2679	9.54495	0.311644	11.2679	9.54495	0
-11.4681	9.43068	0.303323	-11.4681	9.43068	0
-10.4002	9.44844	0.317532	-10.4002	9.44844	0
-9.41157	9.51105	0.299434	-9.41157	9.51105	0
-8.41444	9.46607	0.32722	-8.41444	9.46607	0
-7.33649	9.43039	0.351008	-7.33649	9.43039	0
-6.34617	9.43284	0.32619	-6.34617	9.43284	0
-5.35095	9.44845	0.330553	-5.35095	9.44845	0
-4.34647	9.46542	0.313007	-4.34647	9.46542	0
-3.3154	9.49827	0.346422	-3.3154	9.49827	0
-2.24164	9.43919	0.309845	-2.24164	9.43919	0
-1.18961	9.43345	0.320062	-1.18961	9.43345	0
-0.0666702	10.4338	0.329724	-0.0666702	10.4338	0
0.930637	10.4354	0.314039	0.930637	10.4354	0
1.94858	10.4684	0.300833	1.94858	10.4684	0
2.94872	10.489	0.330933	2.94872	10.489	0
4.0278	10.4668	0.326669	4.0278	10.4668	0
5.07238	10.5683	0.310603	5.07238	10.5683	0
6.11953	10.5595	0.307493	6.11953	10.5595	0
7.14184	10.4742	0.298682	7.14184	10.4742	0
8.16857	10.5064	0.333977	8.16857	10.5064	0
9.14879	10.5461	0.307687	9.14879	10.5461	0
10.2421	10.516	0.320392	10.2421	10.516	0
11.3081	10.5118	0.317803	11.3081	10.5118	0
-11.4173	10.4931	0.335228	-11.4173	10.4931	0
-10.4354	10.5107	0.321175	-10.4354	10.5107	0
-9.38698	10.5267	0.346825	-9.38698	10.5267	0
-8.34819	10.5947	0.33903	-8.34819	10.5947	0
-7.34704	10.4717	0.32186	-7.34704	10.4717	0
-6.35656	10.4549	0.322213	-6.35656	10.4549	0
-5.27355	10.457	0.333222	-5.27355	10.457	0
-4.25863	10.524	0.301013	-4.25863	10.524	0
-3.23999	10.5033	0.314927	-3.23999	10.5033	0
-2.20538	10.5043	0.27078	-2.20538	10.5043	0
-1.15982	10.4779	0.318034	-1.15982	10.4779	0
-0.11132	11.5703	0.322234	-0.11132	11.5703	0
0.908948	11.4568	0.313337	0.908948	11.4568	0
1.94118	11.5121	0.313387	1.94118	11.5121	0
2.95941	11.5474	0.324239	2.95941	11.5474	0
3.99931	11.51	0.32701	3.99931	11.51	0
5.06179	11.5785	0.31429	5.06179	11.5785	0
6.1547	11.6194	0.275102	6.1547	11.6194	0
7.18142	11.4913	0.315707	7.18142	11.4913	0
8.20802	11.5127	0.334728	8.20802	11.5127	0
9.19669	11.57	0.321872	9.19669	11.57	0
10.253	11.5135	0.300482	10.253	11.5135	0
11.302	11.4977	0.337466	11.302	11.4977	0
-11.4358	11.5607	0.317622	-11.4358	11.5607	0
-10.4829	11.5866	0.317622	-10.4829	11.5866	0
-9.42875	11.5789	0.292431	-9.42875	11.5789	0
-8.3811	11.5651	0.319268	-8.3811	11.5651	0
-7.34116	11.533	0.322933	-7.34116	11.533	0
-6.32884	11.4688	0.348767	-6.32884	11.4688	0
-5.33174	11.4815	0.343287	-5.33174	11.4815	0
-4.25051	11.5359	0.302376	-4.25051	11.5359	0
-3.25993	11.5208	0.318256	-3.25993	11.5208	0
-2.17569	11.4886	0.315737	-2.17569	11.4886	0
-1.10485	11.4902	0.308613	-1.10485	11.4902	0
-0.0508868	-11.2416	0.334008	-0.0508868	-11.2416	0
0.962323	-11.2249	0.329751	0.962323	-11.2249	0
1.98739	-11.2259	0.330414	1.98739	-11.2259	0
3.02313	-11.2448	0.285378	3.02313	-11.2448	0
4.06824	-11.1829	0.309294	4.06824	-11.1829	0
5.05693	-11.2124	0.329839	5.05693	-11.2124	0
6.16966	-11.1774	0.332811	6.16966	-11.1774	0
7.20104	-11.2332	0.324972	7.20104	-11.2332	0
8.22428	-11.1969	0.33059	8.22428	-11.1969	0
9.26338	-11.1794	0.31797	9.26338	-11.1794	0
10.2885	-11.131	0.324492	10.2885	-11.131	0
11.2899	-11.1941	0.303861	11.2899	-11.1941	0
-11.4305	-11.239	0.326229	-11.4305	-11.239	0
-10.4277	-11.1615	0.305931	-10.4277	-11.1615	0
-9.41105	-11.1294	0.343679	-9.41105	-11.1294	0
-8.36584	-11.2344	0.342372	-8.36584	-11.2344	0
-7.35205	-11.1934	0.318659	-7.35205	-11.1934	0
-6.3331	-11.1508	0.319033	-6.3331	-11.1508	0
-5.29295	-11.231	0.320317	-5.29295	-11.231	0
-4.28868	-11.2806	0.321247	-4.28868	-11.2806	0
-3.14245	-11.2557	0.337084	-3.14245	-11.2557	0
-2.13077	-11.2914	0.327413	-2.13077	-11.2914	0
-1.12066	-11.1644	0.306887	-1.12066	-11.1644	0
-0.0636764	-10.2506	0.320792	-0.0636764	-10.2506	0
0.978898	-10.1584	0.299387	0.978898	-10.1584	0
1.98818	-10.1931	0.315879	1.98818	-10.1931	0
3.04172	-10.1859	0.335106	3.04172	-10.1859	0
4.04944	-10.1747	0.321607	4.04944	-10.1747	0
5.02156	-10.1544	0.361123	5.02156	-10.1544	0
6.07683	-10.2143	0.312603	6.07683	-10.2143	0
7.1857	-10.1878	0.332854	7.1857	-10.1878	0
8.16494	-10.1884	0.335862	8.16494	-10.1884	0
9.22377	-10.2199	0.30544	9.22377	-10.2199	0
10.2841	-10.1158	0.325733	10.2841	-10.1158	0
11.3126	-10.0897	0.318158	11.3126	-10.0897	0
-11.4768	-10.1626	0.291278	-11.4768	-10.1626	0
-10.4503	-10.1453	0.330385	-10.4503	-10.1453	0
-9.36535	-10.1659	0.305147	-9.36535	-10.1659	0
-8.39796	-10.172	0.323703	-8.39796	-10.172	0
-7.32281	-10.195	0.303934	-7.32281	-10.195	0
-6.31645	-10.0901	0.310607	-6.31645	-10.0901	0
-5.2439	-10.2225	0.321097	-5.2439	-10.2225	0
-4.17851	-10.2335	0.305493	-4.17851	-10.2335	0
-3.15705	-10.2842	0.33503	-3.15705	-10.2842	0
-2.15898	-10.2498	0.329713	-2.15898	-10.2498	0
-1.1193	-10.1695	0.30364	-1.1193	-10.1695	0
-0.179493	-9.15721	0.34024	-0.179493	-9.15721	0
0.886022	-9.15927	0.328854	0.886022	-9.15927	0
1.96986	-9.15057	0.334211	1.96986	-9.15057	0
2.95445	-9.19799	0.319398	2.95445	-9.19799	0
4.02133	-9.11109	0.310571	4.02133	-9.11109	0
5.0545	-9.15807	0.297565	5.0545	-9.15807	0
6.06565	-9.15377	0.323341	6.06565	-9.15377	0
7.15358	-9.18127	0.309174	7.15358	-9.18127	0
8.2171	-9.11442	0.344123	8.2171	-9.11442	0
9.21808	-9.16723	0.338914	9.21808	-9.16723	0
10.1849	-9.12744	0.33034	10.1849	-9.12744	0
11.2803	-9.10562	0.331366	11.2803	-9.10562	0
-11.4769	-9.15116	0.326305	-11.4769	-9.15116	0
-10.4317	-9.08402	0.319788	-10.4317	-9.08402	0
-9.40708	-9.16195	0.301709	-9.40708	-9.16195	0
-8.37575	-9.13265	0.301684	-8.37575	-9.13265	0
-7.35326	-9.12764	0.321643	-7.35326	-9.12764	0
-6.33131	-9.06682	0.305098	-6.33131	-9.06682	0
-5.27509	-9.13006	0.318521	-5.27509	-9.13006	0
-4.24575	-9.21024	0.322692	-4.24575	-9.21024	0
-3.23672	-9.17987	0.303182	-3.23672	-9.17987	0
-2.1677	-9.20712	0.317472	-2.1677	-9.20712	0
-1.21489	-9.13572	0.323625	-1.21489	-9.13572	0
-0.185628	-8.05002	0.314322	-0.185628	-8.05002	0
0.90884	-8.10233	0.312843	0.90884	-8.10233	0
1.96377	-8.10147	0.324745	1.96377	-8.10147	0
2.93247	-8.09722	0.334632	2.93247	-8.09722	0
3.95851	-8.10608	0.314088	3.95851	-8.10608	0
5.08634	-8.09956	0.281556	5.08634	-8.09956	0
6.13662	-8.14764	0.313982	6.13662	-8.14764	0
7.08108	-8.13827	0.300089	7.08108	-8.13827	0
8.11004	-8.12033	0.342965	8.11004	-8.12033	0
9.13967	-8.14824	0.334979	9.13967	-8.14824	0
10.2631	-8.0933	0.317314	10.2631	-8.0933	0
11.3159	-8.10673	0.288156	11.3159	-8.10673	0
-11.5056	-8.16027	0.332128	-11.5056	-8.16027	0
-10.4557	-8.08034	0.271065	-10.4557	-8.08034	0
-9.45342	-8.11342	0.317422	-9.45342	-8.11342	0
-8.4248	-8.13306	0.33475	-8.4248	-8.13306	0
-7.34919	-8.07179	0.330559	-7.34919	-8.07179	0
-6.3157	-8.05255	0.310867	-6.3157	-8.05255	0
-5.32464	-8.12397	0.316321	-5.32464	-8.12397	0
-4.29134	-8.14318	0.317472	-4.29134	-8.14318	0
-3.23475	-8.19294	0.320726	-3.23475	-8.19294	0
-2.24459	-8.18768	0.28233	-2.24459	-8.18768	0
-1.18531	-8.11412	0.327869	-1.18531	-8.11412	0
-0.144868	-7.05263	0.31654	-0.144868	-7.05263	0
0.909539	-7.11785	0.327604	0.909539	-7.11785	0
1.88107	-7.0467	0.335189	1.88107	-7.0467	0
2.96029	-7.11293	0.337613	2.96029	-7.11293	0
4.00739	-7.07656	0.322355	4.00739	-7.07656	0
5.10686	-7.03028	0.34068	5.10686	-7.03028	0
6.1307	-7.05483	0.289263	6.1307	-7.05483	0
7.09732	-7.11187	0.328966	7.09732	-7.11187	0
8.18303	-7.08925	0.328913	8.18303	-7.08925	0
9.18379	-7.03374	0.322335	9.18379	-7.03374	0
10.1946	-7.04272	0.320413	10.1946	-7.04272	0
11.2644	-7.09682	0.321461	11.2644	-7.09682	0
-11.4877	-7.03651	0.335437	-11.4877	-7.03651	0
-10.4712	-7.01804	0.329864	-10.4712	-7.01804	0
-9.32782	-7.03326	0.309991	-9.32782	-7.03326	0
-8.32649	-7.12236	0.304749	-8.32649	-7.12236	0
-7.32922	-7.06149	0.319915	-7.32922	-7.06149	0
-6.38748	-7.02445	0.304488	-6.38748	-7.02445	0
-5.33649	-7.07683	0.3275	-5.33649	-7.07683	0
-4.25834	-7.07967	0.293971	-4.25834	-7.07967	0
-3.26788	-7.08951	0.327088	-3.26788	-7.08951	0
-2.2003	-7.1736	0.328977	-2.2003	-7.1736	0
-1.18111	-7.08539	0.342494	-1.18111	-7.08539	0
-0.153841	-6.06144	0.323694	-0.153841	-6.06144	0
0.924465	-6.11482	0.307739	0.924465	-6.11482	0
1.9262	-6.00932	0.336504	1.9262	-6.00932	0
2.97289	-6.00437	0.323462	2.97289	-6.00437	0
3.99931	-6.04899	0.313693	3.99931	-6.04899	0
5.00496	-6.0189	0.323417	5.00496	-6.0189	0
6.02954	-5.99745	0.320699	6.02954	-5.99745	0
7.13133	-6.03267	0.343879	7.13133	-6.03267	0
8.14517	-6.03653	0.314385	8.14517	-6.03653	0
9.15505	-6.02871	0.343006	9.15505	-6.02871	0
10.1623	-6.05727	0.323799	10.1623	-6.05727	0
11.1994	-6.02847	0.311964	11.1994	-6.02847	0
-11.47	-6.00503	0.319323	-11.47	-6.00503	0
-10.4403	-6.0393	0.301253	-10.4403	-6.0393	0
-9.39331	-6.00755	0.330016	-9.39331	-6.00755	0
-8.37171	-6.02523	0.326252	-8.37171	-6.02523	0
-7.32729	-5.99373	0.334318	-7.32729	-5.99373	0
-6.3032	-5.98921	0.353512	-6.3032	-5.98921	0
-5.31903	-6.02087	0.310126	-5.31903	-6.02087	0
-4.24228	-6.04685	0.317238	-4.24228	-6.04685	0
-3.20107	-6.07311	0.311042	-3.20107	-6.07311	0
-2.18661	-6.08172	0.291643	-2.18661	-6.08172	0
-1.15411	-6.07334	0.332764	-1.15411	-6.07334	0
-0.108754	-5.06187	0.330543	-0.108754	-5.06187	0
0.893901	-5.05109	0.336434	0.893901	-5.05109	0
1.92395	-4.97904	0.315874	1.92395	-4.97904	0
2.93965	-4.95896	0.346153	2.93965	-4.95896	0
4.01549	-4.99405	0.33534	4.01549	-4.99405	0
5.03637	-4.96687	0.316187	5.03637	-4.96687	0
6.02438	-5.00439	0.299281	6.02438	-5.00439	0
7.05256	-4.99993	0.292447	7.05256	-4.99993	0
8.09177	-4.96414	0.332265	8.09177	-4.96414	0
9.17184	-5.02556	0.31813	9.17184	-5.02556	0
10.2046	-4.99723	0.321072	10.2046	-4.99723	0
11.2669	-5.00866	0.312721	11.2669	-5.00866	0
-11.5249	-4.94432	0.306366	-11.5249	-4.94432	0
-10.4683	-5.03002	0.318035	-10.4683	-5.03002	0
-9.43241	-4.98362	0.337772	-9.43241	-4.98362	0
-8.42557	-5.01944	0.322773	-8.42557	-5.01944	0
-7.37006	-5.01179	0.314849	-7.37006	-5.01179	0
-6.34612	-4.97031	0.311016	-6.34612	-4.97031	0
-5.30076	-4.99127	0.326869	-5.30076	-4.99127	0
-4.25886	-4.97882	0.330717	-4.25886	-4.97882	0
-3.21451	-5.01776	0.333276	-3.21451	-5.01776	0
-2.22109	-5.02721	0.323069	-2.22109	-5.02721	0
-1.14754	-4.99051	0.300746	-1.14754	-4.99051	0
-0.139214	-3.97353	0.305587	-0.139214	-3.97353	0
0.908421	-3.97638	0.305985	0.908421	-3.97638	0
1.89685	-3.97545	0.308169	1.89685	-3.97545	0
2.94143	-3.89425	0.2952	2.94143	-3.89425	0
3.92493	-3.93027	0.310643	3.92493	-3.93027	0
4.98125	-3.93885	0.305207	4.98125	-3.93885	0
6.09142	-3.94426	0.313372	6.09142	-3.94426	0
7.08031	-3.98022	0.311137	7.08031	-3.98022	0
8.10165	-3.98066	0.301954	8.10165	-3.98066	0
9.14094	-3.96848	0.317717	9.14094	-3.96848	0
10.1725	-3.96291	0.328777	10.1725	-3.96291	0
11.2159	-3.95194	0.281841	11.2159	-3.95194	0
-11.4738	-3.96042	0.32365	-11.4738	-3.96042	0
-10.4872	-3.92947	0.317364	-10.4872	-3.92947	0
-9.41904	-3.97772	0.30514	-9.41904	-3.97772	0
-8.4101	-3.97232	0.317743	-8.4101	-3.97232	0
-7.40222	-3.986	0.3175	-7.40222	-3.986	0
-6.34529	-3.98039	0.338449	-6.34529	-3.98039	0
-5.28801	-3.97955	0.294333	-5.28801	-3.97955	0
-4.28737	-3.97147	0.326581	-4.28737	-3.97147	0
-3.22788	-3.91093	0.33233	-3.22788	-3.91093	0
-2.17529	-4.01263	0.318139	-2.17529	-4.01263	0
-1.14636	-3.9667	0.315889	-1.14636	-3.9667	0
-0.125208	-2.92853	0.299305	-0.125208	-2.92853	0
0.902635	-2.96276	0.331225	0.902635	-2.96276	0
1.90732	-2.95125	0.319024	1.90732	-2.95125	0
2.87094	-2.93585	0.313806	2.87094	-2.93585	0
3.97934	-2.91153	0.315371	3.97934	-2.91153	0
5.04109	-2.92418	0.33249	5.04109	-2.92418	0
6.10333	-2.93616	0.321862	6.10333	-2.93616	0
7.10874	-2.90554	0.333806	7.10874	-2.90554	0
8.15357	-2.88	0.298418	8.15357	-2.88	0
9.16798	-2.94569	0.317994	9.16798	-2.94569	0
10.1672	-2.93771	0.304453	10.1672	-2.93771	0
11.1747	-2.92248	0.321113	11.1747	-2.92248	0
-11.5093	-2.9418	0.32051	-11.5093	-2.9418	0
-10.4905	-2.92285	0.313957	-10.4905	-2.92285	0
-9.47468	-2.94605	0.32046	-9.47468	-2.94605	0
-8.46112	-2.88088	0.318039	-8.46112	-2.88088	0
-7.43784	-2.97109	0.32854	-7.43784	-2.97109	0
-6.39327	-2.96419	0.313586	-6.39327	-2.96419	0
-5.31123	-3.00475	0.325646	-5.31123	-3.00475	0
-4.29414	-2.95401	0.330322	-4.29414	-2.95401	0
-3.23684	-2.9136	0.309375	-3.23684	-2.9136	0
-2.11229	-2.94495	0.33207	-2.11229	-2.94495	0
-1.13504	-2.92021	0.337121	-1.13504	-2.92021	0
-0.0999373	-1.86079	0.303154	-0.0999373	-1.86079	0
0.902446	-1.88971	0.304246	0.902446	-1.88971	0
1.87452	-1.84285	0.318546	1.87452	-1.84285	0
2.94108	-1.90423	0.33869	2.94108	-1.90423	0
3.98196	-1.92165	0.32879	3.98196	-1.92165	0
4.98069	-1.9182	0.33615	4.98069	-1.9182	0
6.06128	-1.83812	0.321908	6.06128	-1.83812	0
7.12126	-1.90063	0.288037	7.12126	-1.90063	0
8.13522	-1.87799	0.301307	8.13522	-1.87799	0
9.0908	-1.87866	0.336086	9.0908	-1.87866	0
10.1881	-1.89003	0.305105	10.1881	-1.89003	0
11.2427	-1.90497	0.30608	11.2427	-1.90497	0
-11.5256	-1.92599	0.286732	-11.5256	-1.92599	0
-10.4975	-1.90926	0.329004	-10.4975	-1.90926	0
-9.44218	-1.8944	0.312607	-9.44218	-1.8944	0
-8.42223	-1.84723	0.321423	-8.42223	-1.84723	0
-7.39824	-1.87057	0.313043	-7.39824	-1.87057	0
-6.36055	-1.8939	0.308032	-6.36055	-1.8939	0
-5.20816	-1.91184	0.311	-5.20816	-1.91184	0
-4.22066	-1.92999	0.325597	-4.22066	-1.92999	0
-3.19899	-1.86942	0.308947	-3.19899	-1.86942	0
-2.22333	-1.92358	0.312185	-2.22333	-1.92358	0
-1.14305	-1.90103	0.316007	-1.14305	-1.90103	0
-0.167124	-0.845669	0.303487	-0.167124	-0.845669	0
0.889924	-0.794325	0.314216	0.889924	-0.794325	0
1.94488	-0.845327	0.326161	1.94488	-0.845327	0
2.98628	-0.863857	0.326131	2.98628	-0.863857	0
4.03328	-0.812594	0.334251	4.03328	-0.812594	0
5.03621	-0.868672	0.342422	5.03621	-0.868672	0
6.06562	-0.833816	0.310366	6.06562	-0.833816	0
7.16104	-0.877482	0.332173	7.16104	-0.877482	0
8.1854	-0.83691	0.300189	8.1854	-0.83691	0
9.20712	-0.846179	0.313675	9.20712	-0.846179	0
10.2673	-0.87351	0.312355	10.2673	-0.87351	0
11.2474	-0.804144	0.345833	11.2474	-0.804144	0
-11.5172	-0.907504	0.328075	-11.5172	-0.907504	0
-10.5081	-0.879849	0.297114	-10.5081	-0.879849	0
-9.44876	-0.841914	0.294855	-9.44876	-0.841914	0
-8.44412	-0.848805	0.318644	-8.44412	-0.848805	0
-7.43953	-0.90877	0.342314	-7.43953	-0.90877	0
-6.38182	-0.863076	0.28388	-6.38182	-0.863076	0
-5.33687	-0.89509	0.321052	-5.33687	-0.89509	0
-4.28754	-0.891034	0.325724	-4.28754	-0.891034	0
-3.28254	-0.857831	0.312198	-3.28254	-0.857831	0
-2.14372	-0.894524	0.319663	-2.14372	-0.894524	0
-1.16398	-0.87649	0.28221	-1.16398	-0.87649	0
