-0.159612	 	0.282952	 	-0.313815	 	-0.159612	 	0.282952 	 0
0.875486	 	0.263472	 	-0.347484	 	0.875486	 	0.263472 	 0
1.8395	 	0.225904	 	-0.334169	 	1.8395	 	0.225904 	 0
2.94925	 	0.296537	 	-0.310952	 	2.94925	 	0.296537 	 0
3.98876	 	0.237687	 	-0.316192	 	3.98876	 	0.237687 	 0
5.0588	 	0.275168	 	-0.321553	 	5.0588	 	0.275168 	 0
6.07866	 	0.220562	 	-0.311521	 	6.07866	 	0.220562 	 0
7.03487	 	0.283637	 	-0.313457	 	7.03487	 	0.283637 	 0
8.12198	 	0.293657	 	-0.33125	 	8.12198	 	0.293657 	 0
9.16267	 	0.304257	 	-0.32734	 	9.16267	 	0.304257 	 0
10.2283	 	0.326692	 	-0.298215	 	10.2283	 	0.326692 	 0
11.2069	 	0.323495	 	-0.321481	 	11.2069	 	0.323495 	 0
-11.5065	 	0.320987	 	-0.291182	 	-11.5065	 	0.320987 	 0
-10.4606	 	0.296679	 	-0.301157	 	-10.4606	 	0.296679 	 0
-9.41754	 	0.336497	 	-0.306027	 	-9.41754	 	0.336497 	 0
-8.44134	 	0.41638	 	-0.305943	 	-8.44134	 	0.41638 	 0
-7.39889	 	0.321638	 	-0.336112	 	-7.39889	 	0.321638 	 0
-6.37897	 	0.315504	 	-0.313036	 	-6.37897	 	0.315504 	 0
-5.33486	 	0.281246	 	-0.346075	 	-5.33486	 	0.281246 	 0
-4.30878	 	0.293001	 	-0.33025	 	-4.30878	 	0.293001 	 0
-3.28054	 	0.272035	 	-0.296863	 	-3.28054	 	0.272035 	 0
-2.2161	 	0.318577	 	-0.31889	 	-2.2161	 	0.318577 	 0
-1.23625	 	0.302012	 	-0.30251	 	-1.23625	 	0.302012 	 0
-0.18892	 	1.33295	 	-0.317191	 	-0.18892	 	1.33295 	 0
0.855634	 	1.24581	 	-0.325382	 	0.855634	 	1.24581 	 0
1.94742	 	1.29697	 	-0.325773	 	1.94742	 	1.29697 	 0
3.00915	 	1.2994	 	-0.305909	 	3.00915	 	1.2994 	 0
3.9798	 	1.2516	 	-0.318683	 	3.9798	 	1.2516 	 0
5.03539	 	1.26076	 	-0.318702	 	5.03539	 	1.26076 	 0
6.01301	 	1.37097	 	-0.322251	 	6.01301	 	1.37097 	 0
7.04591	 	1.31203	 	-0.317181	 	7.04591	 	1.31203 	 0
8.09675	 	1.29608	 	-0.303705	 	8.09675	 	1.29608 	 0
9.14268	 	1.38095	 	-0.323301	 	9.14268	 	1.38095 	 0
10.1739	 	1.30097	 	-0.324081	 	10.1739	 	1.30097 	 0
11.2463	 	1.35392	 	-0.31433	 	11.2463	 	1.35392 	 0
-11.5108	 	1.34152	 	-0.336398	 	-11.5108	 	1.34152 	 0
-10.4587	 	1.33469	 	-0.288008	 	-10.4587	 	1.33469 	 0
-9.43107	 	1.37512	 	-0.318207	 	-9.43107	 	1.37512 	 0
-8.4146	 	1.45014	 	-0.355204	 	-8.4146	 	1.45014 	 0
-7.31635	 	1.39562	 	-0.339959	 	-7.31635	 	1.39562 	 0
-6.30564	 	1.32054	 	-0.280203	 	-6.30564	 	1.32054 	 0
-5.27923	 	1.30708	 	-0.31101	 	-5.27923	 	1.30708 	 0
-4.33257	 	1.32125	 	-0.317012	 	-4.33257	 	1.32125 	 0
-3.31984	 	1.33693	 	-0.308909	 	-3.31984	 	1.33693 	 0
-2.37891	 	1.33143	 	-0.320306	 	-2.37891	 	1.33143 	 0
-1.23048	 	1.35098	 	-0.302843	 	-1.23048	 	1.35098 	 0
-0.170718	 	2.35344	 	-0.309755	 	-0.170718	 	2.35344 	 0
0.92619	 	2.26739	 	-0.351551	 	0.92619	 	2.26739 	 0
1.92178	 	2.25067	 	-0.31971	 	1.92178	 	2.25067 	 0
2.98221	 	2.33831	 	-0.322772	 	2.98221	 	2.33831 	 0
4.00687	 	2.24545	 	-0.342903	 	4.00687	 	2.24545 	 0
5.03435	 	2.39932	 	-0.313851	 	5.03435	 	2.39932 	 0
6.001	 	2.37941	 	-0.330747	 	6.001	 	2.37941 	 0
7.03764	 	2.40536	 	-0.302403	 	7.03764	 	2.40536 	 0
8.10899	 	2.31881	 	-0.31852	 	8.10899	 	2.31881 	 0
9.14352	 	2.39223	 	-0.321931	 	9.14352	 	2.39223 	 0
10.227	 	2.33681	 	-0.318403	 	10.227	 	2.33681 	 0
11.2177	 	2.37853	 	-0.328062	 	11.2177	 	2.37853 	 0
-11.5415	 	2.41379	 	-0.324209	 	-11.5415	 	2.41379 	 0
-10.5529	 	2.43396	 	-0.329996	 	-10.5529	 	2.43396 	 0
-9.49834	 	2.42865	 	-0.285108	 	-9.49834	 	2.42865 	 0
-8.41136	 	2.43885	 	-0.291891	 	-8.41136	 	2.43885 	 0
-7.38365	 	2.38422	 	-0.290879	 	-7.38365	 	2.38422 	 0
-6.38515	 	2.31753	 	-0.290824	 	-6.38515	 	2.31753 	 0
-5.28197	 	2.34168	 	-0.327393	 	-5.28197	 	2.34168 	 0
-4.26339	 	2.34515	 	-0.308813	 	-4.26339	 	2.34515 	 0
-3.29256	 	2.4094	 	-0.338891	 	-3.29256	 	2.4094 	 0
-2.21245	 	2.41103	 	-0.303546	 	-2.21245	 	2.41103 	 0
-1.17754	 	2.37136	 	-0.329132	 	-1.17754	 	2.37136 	 0
-0.152345	 	3.35724	 	-0.308212	 	-0.152345	 	3.35724 	 0
0.872111	 	3.35837	 	-0.318915	 	0.872111	 	3.35837 	 0
1.89307	 	3.35321	 	-0.321424	 	1.89307	 	3.35321 	 0
2.92915	 	3.35656	 	-0.343475	 	2.92915	 	3.35656 	 0
3.98128	 	3.36583	 	-0.318965	 	3.98128	 	3.36583 	 0
4.97046	 	3.35808	 	-0.313838	 	4.97046	 	3.35808 	 0
6.04039	 	3.39402	 	-0.348391	 	6.04039	 	3.39402 	 0
7.02887	 	3.43266	 	-0.327654	 	7.02887	 	3.43266 	 0
8.06674	 	3.38161	 	-0.301888	 	8.06674	 	3.38161 	 0
9.08841	 	3.41314	 	-0.332457	 	9.08841	 	3.41314 	 0
10.1722	 	3.40787	 	-0.316648	 	10.1722	 	3.40787 	 0
11.1876	 	3.38735	 	-0.337361	 	11.1876	 	3.38735 	 0
-11.5217	 	3.4052	 	-0.309396	 	-11.5217	 	3.4052 	 0
-10.5368	 	3.4621	 	-0.323248	 	-10.5368	 	3.4621 	 0
-9.46391	 	3.44703	 	-0.283367	 	-9.46391	 	3.44703 	 0
-8.40375	 	3.48223	 	-0.316235	 	-8.40375	 	3.48223 	 0
-7.40342	 	3.42803	 	-0.331234	 	-7.40342	 	3.42803 	 0
-6.30846	 	3.31825	 	-0.324063	 	-6.30846	 	3.31825 	 0
-5.28283	 	3.35736	 	-0.315101	 	-5.28283	 	3.35736 	 0
-4.26685	 	3.41007	 	-0.307429	 	-4.26685	 	3.41007 	 0
-3.29986	 	3.43398	 	-0.3223	 	-3.29986	 	3.43398 	 0
-2.14985	 	3.43814	 	-0.308768	 	-2.14985	 	3.43814 	 0
-1.15063	 	3.46955	 	-0.303753	 	-1.15063	 	3.46955 	 0
-0.137008	 	4.43447	 	-0.318066	 	-0.137008	 	4.43447 	 0
0.925701	 	4.38503	 	-0.328374	 	0.925701	 	4.38503 	 0
1.89066	 	4.42054	 	-0.336621	 	1.89066	 	4.42054 	 0
2.91711	 	4.38225	 	-0.321108	 	2.91711	 	4.38225 	 0
3.98396	 	4.43593	 	-0.32529	 	3.98396	 	4.43593 	 0
5.01368	 	4.44758	 	-0.324412	 	5.01368	 	4.44758 	 0
5.99806	 	4.36281	 	-0.281049	 	5.99806	 	4.36281 	 0
7.05808	 	4.43258	 	-0.296246	 	7.05808	 	4.43258 	 0
8.03377	 	4.45526	 	-0.322377	 	8.03377	 	4.45526 	 0
9.10241	 	4.48814	 	-0.323184	 	9.10241	 	4.48814 	 0
10.1639	 	4.38828	 	-0.312291	 	10.1639	 	4.38828 	 0
11.1905	 	4.40541	 	-0.314391	 	11.1905	 	4.40541 	 0
-11.5634	 	4.41707	 	-0.312467	 	-11.5634	 	4.41707 	 0
-10.5393	 	4.48194	 	-0.312783	 	-10.5393	 	4.48194 	 0
-9.52049	 	4.45029	 	-0.308947	 	-9.52049	 	4.45029 	 0
-8.43924	 	4.49983	 	-0.308308	 	-8.43924	 	4.49983 	 0
-7.38819	 	4.47648	 	-0.339126	 	-7.38819	 	4.47648 	 0
-6.34235	 	4.40535	 	-0.276948	 	-6.34235	 	4.40535 	 0
-5.34171	 	4.43892	 	-0.301992	 	-5.34171	 	4.43892 	 0
-4.30704	 	4.46655	 	-0.331825	 	-4.30704	 	4.46655 	 0
-3.22384	 	4.50267	 	-0.314936	 	-3.22384	 	4.50267 	 0
-2.2241	 	4.44954	 	-0.31435	 	-2.2241	 	4.44954 	 0
-1.16533	 	4.45172	 	-0.321884	 	-1.16533	 	4.45172 	 0
-0.104415	 	5.52587	 	-0.318571	 	-0.104415	 	5.52587 	 0
0.862193	 	5.47993	 	-0.314994	 	0.862193	 	5.47993 	 0
1.82079	 	5.3951	 	-0.311374	 	1.82079	 	5.3951 	 0
2.86001	 	5.43863	 	-0.315179	 	2.86001	 	5.43863 	 0
3.95671	 	5.47535	 	-0.325277	 	3.95671	 	5.47535 	 0
4.95916	 	5.50526	 	-0.290297	 	4.95916	 	5.50526 	 0
6.02614	 	5.42454	 	-0.335182	 	6.02614	 	5.42454 	 0
7.01202	 	5.46634	 	-0.320671	 	7.01202	 	5.46634 	 0
8.04728	 	5.48531	 	-0.310029	 	8.04728	 	5.48531 	 0
9.06279	 	5.48429	 	-0.329427	 	9.06279	 	5.48429 	 0
10.0947	 	5.44568	 	-0.324977	 	10.0947	 	5.44568 	 0
11.1435	 	5.47466	 	-0.316021	 	11.1435	 	5.47466 	 0
-11.5395	 	5.48249	 	-0.321888	 	-11.5395	 	5.48249 	 0
-10.5136	 	5.4849	 	-0.280703	 	-10.5136	 	5.4849 	 0
-9.48599	 	5.50722	 	-0.305427	 	-9.48599	 	5.50722 	 0
-8.47525	 	5.57937	 	-0.349818	 	-8.47525	 	5.57937 	 0
-7.4363	 	5.47255	 	-0.326807	 	-7.4363	 	5.47255 	 0
-6.39669	 	5.49675	 	-0.314421	 	-6.39669	 	5.49675 	 0
-5.36785	 	5.50827	 	-0.303103	 	-5.36785	 	5.50827 	 0
-4.31893	 	5.48238	 	-0.341963	 	-4.31893	 	5.48238 	 0
-3.28442	 	5.51203	 	-0.297024	 	-3.28442	 	5.51203 	 0
-2.23192	 	5.45554	 	-0.287797	 	-2.23192	 	5.45554 	 0
-1.18006	 	5.46461	 	-0.33321	 	-1.18006	 	5.46461 	 0
-0.146659	 	6.49101	 	-0.354521	 	-0.146659	 	6.49101 	 0
0.851539	 	6.51316	 	-0.283096	 	0.851539	 	6.51316 	 0
1.86297	 	6.50155	 	-0.336295	 	1.86297	 	6.50155 	 0
2.87465	 	6.49327	 	-0.327141	 	2.87465	 	6.49327 	 0
3.86867	 	6.47533	 	-0.332023	 	3.86867	 	6.47533 	 0
4.95085	 	6.54109	 	-0.293512	 	4.95085	 	6.54109 	 0
5.97974	 	6.49755	 	-0.318715	 	5.97974	 	6.49755 	 0
7.01805	 	6.48652	 	-0.335956	 	7.01805	 	6.48652 	 0
8.06365	 	6.54563	 	-0.321387	 	8.06365	 	6.54563 	 0
9.13929	 	6.53533	 	-0.283759	 	9.13929	 	6.53533 	 0
10.1476	 	6.4989	 	-0.299215	 	10.1476	 	6.4989 	 0
11.2154	 	6.52969	 	-0.308226	 	11.2154	 	6.52969 	 0
-11.595	 	6.51694	 	-0.328695	 	-11.595	 	6.51694 	 0
-10.5352	 	6.4766	 	-0.329329	 	-10.5352	 	6.4766 	 0
-9.52239	 	6.51629	 	-0.33114	 	-9.52239	 	6.51629 	 0
-8.43412	 	6.54696	 	-0.321127	 	-8.43412	 	6.54696 	 0
-7.36137	 	6.5335	 	-0.307195	 	-7.36137	 	6.5335 	 0
-6.40937	 	6.51848	 	-0.343791	 	-6.40937	 	6.51848 	 0
-5.36364	 	6.51399	 	-0.30204	 	-5.36364	 	6.51399 	 0
-4.34007	 	6.53717	 	-0.290797	 	-4.34007	 	6.53717 	 0
-3.3046	 	6.54866	 	-0.308829	 	-3.3046	 	6.54866 	 0
-2.19947	 	6.51737	 	-0.306964	 	-2.19947	 	6.51737 	 0
-1.20541	 	6.52733	 	-0.317148	 	-1.20541	 	6.52733 	 0
-0.197296	 	7.53331	 	-0.308354	 	-0.197296	 	7.53331 	 0
0.781105	 	7.56339	 	-0.322485	 	0.781105	 	7.56339 	 0
1.84462	 	7.50361	 	-0.334608	 	1.84462	 	7.50361 	 0
2.87406	 	7.58928	 	-0.313868	 	2.87406	 	7.58928 	 0
3.83971	 	7.49889	 	-0.303619	 	3.83971	 	7.49889 	 0
4.89447	 	7.55588	 	-0.314922	 	4.89447	 	7.55588 	 0
5.93391	 	7.5472	 	-0.324549	 	5.93391	 	7.5472 	 0
7.01139	 	7.50567	 	-0.319706	 	7.01139	 	7.50567 	 0
8.08507	 	7.54856	 	-0.333875	 	8.08507	 	7.54856 	 0
9.10661	 	7.52815	 	-0.312896	 	9.10661	 	7.52815 	 0
10.1556	 	7.573	 	-0.307091	 	10.1556	 	7.573 	 0
11.1511	 	7.51566	 	-0.344568	 	11.1511	 	7.51566 	 0
-11.5384	 	7.54141	 	-0.311291	 	-11.5384	 	7.54141 	 0
-10.4961	 	7.48738	 	-0.308067	 	-10.4961	 	7.48738 	 0
-9.49961	 	7.55184	 	-0.321623	 	-9.49961	 	7.55184 	 0
-8.45169	 	7.57986	 	-0.331071	 	-8.45169	 	7.57986 	 0
-7.44309	 	7.54075	 	-0.312563	 	-7.44309	 	7.54075 	 0
-6.37393	 	7.55362	 	-0.32169	 	-6.37393	 	7.55362 	 0
-5.34771	 	7.53001	 	-0.306691	 	-5.34771	 	7.53001 	 0
-4.38157	 	7.50993	 	-0.330907	 	-4.38157	 	7.50993 	 0
-3.30289	 	7.58531	 	-0.297718	 	-3.30289	 	7.58531 	 0
-2.24198	 	7.5867	 	-0.312611	 	-2.24198	 	7.5867 	 0
-1.23048	 	7.53909	 	-0.339158	 	-1.23048	 	7.53909 	 0
-0.235938	 	8.56522	 	-0.310521	 	-0.235938	 	8.56522 	 0
0.798487	 	8.55644	 	-0.32485	 	0.798487	 	8.55644 	 0
1.84064	 	8.54613	 	-0.336239	 	1.84064	 	8.54613 	 0
2.88237	 	8.60027	 	-0.311073	 	2.88237	 	8.60027 	 0
3.89571	 	8.63348	 	-0.309006	 	3.89571	 	8.63348 	 0
4.93616	 	8.57884	 	-0.321118	 	4.93616	 	8.57884 	 0
5.9869	 	8.59617	 	-0.32723	 	5.9869	 	8.59617 	 0
7.04185	 	8.61172	 	-0.308892	 	7.04185	 	8.61172 	 0
8.08753	 	8.60876	 	-0.324164	 	8.08753	 	8.60876 	 0
9.1421	 	8.55509	 	-0.302524	 	9.1421	 	8.55509 	 0
10.1613	 	8.55246	 	-0.337023	 	10.1613	 	8.55246 	 0
11.2245	 	8.56177	 	-0.3114	 	11.2245	 	8.56177 	 0
-11.5378	 	8.51344	 	-0.292862	 	-11.5378	 	8.51344 	 0
-10.5086	 	8.58699	 	-0.336696	 	-10.5086	 	8.58699 	 0
-9.48828	 	8.59277	 	-0.330896	 	-9.48828	 	8.59277 	 0
-8.45121	 	8.62301	 	-0.3012	 	-8.45121	 	8.62301 	 0
-7.41072	 	8.57862	 	-0.321185	 	-7.41072	 	8.57862 	 0
-6.37449	 	8.57427	 	-0.332019	 	-6.37449	 	8.57427 	 0
-5.37058	 	8.6206	 	-0.325972	 	-5.37058	 	8.6206 	 0
-4.33141	 	8.57845	 	-0.311341	 	-4.33141	 	8.57845 	 0
-3.32638	 	8.58071	 	-0.3184	 	-3.32638	 	8.58071 	 0
-2.3528	 	8.53644	 	-0.310558	 	-2.3528	 	8.53644 	 0
-1.27664	 	8.55271	 	-0.306621	 	-1.27664	 	8.55271 	 0
-0.220342	 	9.60022	 	-0.325225	 	-0.220342	 	9.60022 	 0
0.764319	 	9.59332	 	-0.315233	 	0.764319	 	9.59332 	 0
1.83602	 	9.62185	 	-0.342439	 	1.83602	 	9.62185 	 0
2.88364	 	9.66881	 	-0.347281	 	2.88364	 	9.66881 	 0
3.94525	 	9.61699	 	-0.306985	 	3.94525	 	9.61699 	 0
4.94811	 	9.59685	 	-0.320264	 	4.94811	 	9.59685 	 0
5.96394	 	9.59137	 	-0.341482	 	5.96394	 	9.59137 	 0
7.02638	 	9.63228	 	-0.330619	 	7.02638	 	9.63228 	 0
8.11602	 	9.60096	 	-0.324026	 	8.11602	 	9.60096 	 0
9.08875	 	9.58438	 	-0.308834	 	9.08875	 	9.58438 	 0
10.1479	 	9.58402	 	-0.297185	 	10.1479	 	9.58402 	 0
11.1666	 	9.53907	 	-0.292551	 	11.1666	 	9.53907 	 0
-11.6149	 	9.57182	 	-0.338112	 	-11.6149	 	9.57182 	 0
-10.5638	 	9.57955	 	-0.314554	 	-10.5638	 	9.57955 	 0
-9.50622	 	9.55155	 	-0.329445	 	-9.50622	 	9.55155 	 0
-8.44794	 	9.60126	 	-0.315259	 	-8.44794	 	9.60126 	 0
-7.42343	 	9.57673	 	-0.317057	 	-7.42343	 	9.57673 	 0
-6.41492	 	9.59729	 	-0.34599	 	-6.41492	 	9.59729 	 0
-5.38552	 	9.59431	 	-0.285777	 	-5.38552	 	9.59431 	 0
-4.31607	 	9.59243	 	-0.303889	 	-4.31607	 	9.59243 	 0
-3.35405	 	9.62333	 	-0.34385	 	-3.35405	 	9.62333 	 0
-2.26895	 	9.62335	 	-0.33186	 	-2.26895	 	9.62335 	 0
-1.22415	 	9.62142	 	-0.30516	 	-1.22415	 	9.62142 	 0
-0.202484	 	10.626	 	-0.325562	 	-0.202484	 	10.626 	 0
0.854173	 	10.5749	 	-0.322562	 	0.854173	 	10.5749 	 0
1.89584	 	10.6462	 	-0.315009	 	1.89584	 	10.6462 	 0
2.89322	 	10.7056	 	-0.305509	 	2.89322	 	10.7056 	 0
3.91321	 	10.7134	 	-0.315992	 	3.91321	 	10.7134 	 0
4.91605	 	10.6728	 	-0.322289	 	4.91605	 	10.6728 	 0
6.02334	 	10.6404	 	-0.317321	 	6.02334	 	10.6404 	 0
7.02481	 	10.6674	 	-0.271431	 	7.02481	 	10.6674 	 0
8.11628	 	10.6221	 	-0.349402	 	8.11628	 	10.6221 	 0
9.15216	 	10.6334	 	-0.30588	 	9.15216	 	10.6334 	 0
10.1798	 	10.6176	 	-0.319082	 	10.1798	 	10.6176 	 0
11.2043	 	10.6061	 	-0.325661	 	11.2043	 	10.6061 	 0
-11.5286	 	10.5492	 	-0.332558	 	-11.5286	 	10.5492 	 0
-10.5253	 	10.6114	 	-0.299601	 	-10.5253	 	10.6114 	 0
-9.46936	 	10.6194	 	-0.311878	 	-9.46936	 	10.6194 	 0
-8.4629	 	10.628	 	-0.288524	 	-8.4629	 	10.628 	 0
-7.41309	 	10.6483	 	-0.333991	 	-7.41309	 	10.6483 	 0
-6.3333	 	10.6446	 	-0.301848	 	-6.3333	 	10.6446 	 0
-5.37442	 	10.6359	 	-0.307282	 	-5.37442	 	10.6359 	 0
-4.32462	 	10.6463	 	-0.304682	 	-4.32462	 	10.6463 	 0
-3.31473	 	10.6696	 	-0.333939	 	-3.31473	 	10.6696 	 0
-2.25876	 	10.6223	 	-0.309304	 	-2.25876	 	10.6223 	 0
-1.22065	 	10.5825	 	-0.28881	 	-1.22065	 	10.5825 	 0
-0.121844	 	11.6449	 	-0.342322	 	-0.121844	 	11.6449 	 0
0.889037	 	11.6339	 	-0.296293	 	0.889037	 	11.6339 	 0
1.84238	 	11.7186	 	-0.300827	 	1.84238	 	11.7186 	 0
2.92195	 	11.694	 	-0.317992	 	2.92195	 	11.694 	 0
4.00011	 	11.7012	 	-0.327536	 	4.00011	 	11.7012 	 0
5.01404	 	11.6559	 	-0.313917	 	5.01404	 	11.6559 	 0
6.01498	 	11.6484	 	-0.322142	 	6.01498	 	11.6484 	 0
7.12168	 	11.6272	 	-0.335335	 	7.12168	 	11.6272 	 0
8.10224	 	11.6695	 	-0.290653	 	8.10224	 	11.6695 	 0
9.17924	 	11.6591	 	-0.298502	 	9.17924	 	11.6591 	 0
10.2163	 	11.6929	 	-0.308932	 	10.2163	 	11.6929 	 0
11.2384	 	11.6026	 	-0.338481	 	11.2384	 	11.6026 	 0
-11.5241	 	11.583	 	-0.319597	 	-11.5241	 	11.583 	 0
-10.4601	 	11.6359	 	-0.358662	 	-10.4601	 	11.6359 	 0
-9.4751	 	11.6943	 	-0.323415	 	-9.4751	 	11.6943 	 0
-8.44212	 	11.6574	 	-0.295821	 	-8.44212	 	11.6574 	 0
-7.40772	 	11.6936	 	-0.331979	 	-7.40772	 	11.6936 	 0
-6.36962	 	11.7117	 	-0.32112	 	-6.36962	 	11.7117 	 0
-5.35134	 	11.6583	 	-0.307425	 	-5.35134	 	11.6583 	 0
-4.39355	 	11.6112	 	-0.318755	 	-4.39355	 	11.6112 	 0
-3.29233	 	11.7001	 	-0.305098	 	-3.29233	 	11.7001 	 0
-2.28582	 	11.6693	 	-0.32946	 	-2.28582	 	11.6693 	 0
-1.20698	 	11.6616	 	-0.321637	 	-1.20698	 	11.6616 	 0
-0.167826	 	-11.0467	 	-0.340282	 	-0.167826	 	-11.0467 	 0
0.819544	 	-11.0492	 	-0.321461	 	0.819544	 	-11.0492 	 0
1.82798	 	-11.0299	 	-0.305697	 	1.82798	 	-11.0299 	 0
2.89898	 	-11.0529	 	-0.29379	 	2.89898	 	-11.0529 	 0
3.98557	 	-11.0366	 	-0.300899	 	3.98557	 	-11.0366 	 0
4.97897	 	-11.1536	 	-0.318345	 	4.97897	 	-11.1536 	 0
6.02488	 	-11.0786	 	-0.341741	 	6.02488	 	-11.0786 	 0
7.09145	 	-11.1247	 	-0.33043	 	7.09145	 	-11.1247 	 0
8.11915	 	-11.1399	 	-0.296263	 	8.11915	 	-11.1399 	 0
9.19182	 	-11.0944	 	-0.3039	 	9.19182	 	-11.0944 	 0
10.2513	 	-11.031	 	-0.315237	 	10.2513	 	-11.031 	 0
11.2446	 	-11.0578	 	-0.295997	 	11.2446	 	-11.0578 	 0
-11.4886	 	-11.0878	 	-0.295209	 	-11.4886	 	-11.0878 	 0
-10.5136	 	-11.0579	 	-0.281514	 	-10.5136	 	-11.0579 	 0
-9.49628	 	-11.0395	 	-0.334867	 	-9.49628	 	-11.0395 	 0
-8.50987	 	-11.05	 	-0.306356	 	-8.50987	 	-11.05 	 0
-7.45722	 	-11.0308	 	-0.305973	 	-7.45722	 	-11.0308 	 0
-6.38319	 	-11.0604	 	-0.32417	 	-6.38319	 	-11.0604 	 0
-5.34217	 	-11.0237	 	-0.324729	 	-5.34217	 	-11.0237 	 0
-4.32359	 	-11.1002	 	-0.328511	 	-4.32359	 	-11.1002 	 0
-3.28261	 	-11.0327	 	-0.318087	 	-3.28261	 	-11.0327 	 0
-2.26745	 	-11.0996	 	-0.354578	 	-2.26745	 	-11.0996 	 0
-1.24246	 	-11.0661	 	-0.301023	 	-1.24246	 	-11.0661 	 0
-0.229446	 	-10.0179	 	-0.319502	 	-0.229446	 	-10.0179 	 0
0.868022	 	-9.96385	 	-0.303139	 	0.868022	 	-9.96385 	 0
1.84337	 	-9.9921	 	-0.323551	 	1.84337	 	-9.9921 	 0
2.91862	 	-10.0156	 	-0.304033	 	2.91862	 	-10.0156 	 0
3.91921	 	-10.0157	 	-0.32718	 	3.91921	 	-10.0157 	 0
5.03055	 	-10.0649	 	-0.278884	 	5.03055	 	-10.0649 	 0
6.06659	 	-10.0699	 	-0.345519	 	6.06659	 	-10.0699 	 0
7.10176	 	-10.0843	 	-0.310764	 	7.10176	 	-10.0843 	 0
8.10309	 	-10.0689	 	-0.284478	 	8.10309	 	-10.0689 	 0
9.20836	 	-10.1037	 	-0.327743	 	9.20836	 	-10.1037 	 0
10.2454	 	-9.94993	 	-0.30633	 	10.2454	 	-9.94993 	 0
11.284	 	-10.0776	 	-0.339854	 	11.284	 	-10.0776 	 0
-11.4741	 	-10.0603	 	-0.33546	 	-11.4741	 	-10.0603 	 0
-10.4549	 	-9.95933	 	-0.302313	 	-10.4549	 	-9.95933 	 0
-9.47771	 	-9.95427	 	-0.316017	 	-9.47771	 	-9.95427 	 0
-8.39362	 	-9.9588	 	-0.3139	 	-8.39362	 	-9.9588 	 0
-7.40545	 	-9.98572	 	-0.31115	 	-7.40545	 	-9.98572 	 0
-6.38132	 	-10.0297	 	-0.328814	 	-6.38132	 	-10.0297 	 0
-5.35911	 	-9.98859	 	-0.312706	 	-5.35911	 	-9.98859 	 0
-4.33429	 	-10.0536	 	-0.313522	 	-4.33429	 	-10.0536 	 0
-3.25886	 	-10.0938	 	-0.323136	 	-3.25886	 	-10.0938 	 0
-2.25639	 	-10.0104	 	-0.343047	 	-2.25639	 	-10.0104 	 0
-1.2688	 	-10.0562	 	-0.325722	 	-1.2688	 	-10.0562 	 0
-0.198386	 	-8.9628	 	-0.331966	 	-0.198386	 	-8.9628 	 0
0.874592	 	-8.95513	 	-0.32417	 	0.874592	 	-8.95513 	 0
1.90701	 	-9.00229	 	-0.290469	 	1.90701	 	-9.00229 	 0
2.97632	 	-8.94528	 	-0.315862	 	2.97632	 	-8.94528 	 0
3.9963	 	-9.0366	 	-0.324277	 	3.9963	 	-9.0366 	 0
5.04161	 	-9.02582	 	-0.298287	 	5.04161	 	-9.02582 	 0
6.04928	 	-9.04455	 	-0.337605	 	6.04928	 	-9.04455 	 0
7.09804	 	-9.06544	 	-0.327147	 	7.09804	 	-9.06544 	 0
8.16645	 	-9.02396	 	-0.302887	 	8.16645	 	-9.02396 	 0
9.18632	 	-9.07415	 	-0.309394	 	9.18632	 	-9.07415 	 0
10.2283	 	-9.01826	 	-0.305062	 	10.2283	 	-9.01826 	 0
11.2272	 	-9.02962	 	-0.325376	 	11.2272	 	-9.02962 	 0
-11.4852	 	-9.00565	 	-0.354447	 	-11.4852	 	-9.00565 	 0
-10.4509	 	-8.95583	 	-0.306577	 	-10.4509	 	-8.95583 	 0
-9.4063	 	-8.95882	 	-0.321603	 	-9.4063	 	-8.95882 	 0
-8.39891	 	-8.93475	 	-0.273437	 	-8.39891	 	-8.93475 	 0
-7.35479	 	-8.98997	 	-0.297244	 	-7.35479	 	-8.98997 	 0
-6.38115	 	-8.94934	 	-0.322268	 	-6.38115	 	-8.94934 	 0
-5.28593	 	-9.0175	 	-0.321104	 	-5.28593	 	-9.0175 	 0
-4.2435	 	-9.03925	 	-0.321433	 	-4.2435	 	-9.03925 	 0
-3.22159	 	-9.02777	 	-0.314191	 	-3.22159	 	-9.02777 	 0
-2.19372	 	-8.99659	 	-0.309259	 	-2.19372	 	-8.99659 	 0
-1.20016	 	-9.00763	 	-0.302789	 	-1.20016	 	-9.00763 	 0
-0.208436	 	-7.92338	 	-0.341246	 	-0.208436	 	-7.92338 	 0
0.85968	 	-7.95988	 	-0.329099	 	0.85968	 	-7.95988 	 0
1.90107	 	-7.97377	 	-0.319196	 	1.90107	 	-7.97377 	 0
2.98279	 	-7.93728	 	-0.319947	 	2.98279	 	-7.93728 	 0
4.012	 	-7.9874	 	-0.304023	 	4.012	 	-7.9874 	 0
5.01063	 	-7.99475	 	-0.302181	 	5.01063	 	-7.99475 	 0
6.07555	 	-8.02086	 	-0.329552	 	6.07555	 	-8.02086 	 0
7.09991	 	-8.0067	 	-0.315087	 	7.09991	 	-8.0067 	 0
8.13429	 	-8.0274	 	-0.320135	 	8.13429	 	-8.0274 	 0
9.15574	 	-8.01352	 	-0.333542	 	9.15574	 	-8.01352 	 0
10.2119	 	-8.00257	 	-0.307553	 	10.2119	 	-8.00257 	 0
11.2251	 	-7.98111	 	-0.30652	 	11.2251	 	-7.98111 	 0
-11.5007	 	-7.99915	 	-0.340014	 	-11.5007	 	-7.99915 	 0
-10.502	 	-7.96644	 	-0.361243	 	-10.502	 	-7.96644 	 0
-9.49879	 	-7.92621	 	-0.297142	 	-9.49879	 	-7.92621 	 0
-8.40824	 	-7.93194	 	-0.318282	 	-8.40824	 	-7.93194 	 0
-7.39663	 	-7.90934	 	-0.324016	 	-7.39663	 	-7.90934 	 0
-6.26436	 	-7.98963	 	-0.300439	 	-6.26436	 	-7.98963 	 0
-5.24438	 	-7.99838	 	-0.28679	 	-5.24438	 	-7.99838 	 0
-4.17125	 	-7.93876	 	-0.327213	 	-4.17125	 	-7.93876 	 0
-3.23364	 	-7.94671	 	-0.329238	 	-3.23364	 	-7.94671 	 0
-2.26083	 	-7.97097	 	-0.305344	 	-2.26083	 	-7.97097 	 0
-1.25273	 	-7.96008	 	-0.346013	 	-1.25273	 	-7.96008 	 0
-0.0999251	 	-6.89178	 	-0.28547	 	-0.0999251	 	-6.89178 	 0
0.957344	 	-6.94922	 	-0.321849	 	0.957344	 	-6.94922 	 0
1.96129	 	-6.88148	 	-0.318032	 	1.96129	 	-6.88148 	 0
2.9737	 	-6.91317	 	-0.319172	 	2.9737	 	-6.91317 	 0
4.05197	 	-6.92303	 	-0.329154	 	4.05197	 	-6.92303 	 0
5.06039	 	-6.99747	 	-0.305601	 	5.06039	 	-6.99747 	 0
6.06041	 	-6.95515	 	-0.295963	 	6.06041	 	-6.95515 	 0
7.06895	 	-7.02078	 	-0.309061	 	7.06895	 	-7.02078 	 0
8.17021	 	-6.93698	 	-0.310838	 	8.17021	 	-6.93698 	 0
9.18274	 	-6.996	 	-0.321153	 	9.18274	 	-6.996 	 0
10.2237	 	-6.93815	 	-0.305896	 	10.2237	 	-6.93815 	 0
11.2681	 	-6.94267	 	-0.310371	 	11.2681	 	-6.94267 	 0
-11.5208	 	-6.90459	 	-0.315135	 	-11.5208	 	-6.90459 	 0
-10.4976	 	-6.88141	 	-0.335394	 	-10.4976	 	-6.88141 	 0
-9.47099	 	-6.89706	 	-0.329903	 	-9.47099	 	-6.89706 	 0
-8.42385	 	-6.92376	 	-0.319057	 	-8.42385	 	-6.92376 	 0
-7.37262	 	-6.944	 	-0.316451	 	-7.37262	 	-6.944 	 0
-6.35059	 	-6.92794	 	-0.316363	 	-6.35059	 	-6.92794 	 0
-5.26299	 	-6.96182	 	-0.327355	 	-5.26299	 	-6.96182 	 0
-4.25132	 	-6.88374	 	-0.313825	 	-4.25132	 	-6.88374 	 0
-3.23283	 	-6.90934	 	-0.348909	 	-3.23283	 	-6.90934 	 0
-2.20881	 	-6.8791	 	-0.315172	 	-2.20881	 	-6.8791 	 0
-1.20862	 	-6.84797	 	-0.334592	 	-1.20862	 	-6.84797 	 0
-0.122849	 	-5.84815	 	-0.320458	 	-0.122849	 	-5.84815 	 0
0.887313	 	-5.90486	 	-0.299693	 	0.887313	 	-5.90486 	 0
1.96747	 	-5.90744	 	-0.305386	 	1.96747	 	-5.90744 	 0
2.98705	 	-5.88459	 	-0.326058	 	2.98705	 	-5.88459 	 0
4.00977	 	-5.93045	 	-0.33073	 	4.00977	 	-5.93045 	 0
5.11835	 	-5.90548	 	-0.293713	 	5.11835	 	-5.90548 	 0
6.17142	 	-5.93468	 	-0.310086	 	6.17142	 	-5.93468 	 0
7.12715	 	-5.97885	 	-0.336581	 	7.12715	 	-5.97885 	 0
8.1403	 	-5.95466	 	-0.319609	 	8.1403	 	-5.95466 	 0
9.21736	 	-5.89941	 	-0.335358	 	9.21736	 	-5.89941 	 0
10.2336	 	-5.91191	 	-0.312226	 	10.2336	 	-5.91191 	 0
11.2559	 	-5.87657	 	-0.32225	 	11.2559	 	-5.87657 	 0
-11.4794	 	-5.89345	 	-0.320183	 	-11.4794	 	-5.89345 	 0
-10.4213	 	-5.87531	 	-0.288595	 	-10.4213	 	-5.87531 	 0
-9.44241	 	-5.88445	 	-0.292176	 	-9.44241	 	-5.88445 	 0
-8.40442	 	-5.86114	 	-0.334298	 	-8.40442	 	-5.86114 	 0
-7.34447	 	-5.8609	 	-0.328378	 	-7.34447	 	-5.8609 	 0
-6.3139	 	-5.9006	 	-0.331148	 	-6.3139	 	-5.9006 	 0
-5.30328	 	-5.95959	 	-0.323921	 	-5.30328	 	-5.95959 	 0
-4.27265	 	-5.88678	 	-0.317231	 	-4.27265	 	-5.88678 	 0
-3.274	 	-5.87409	 	-0.313616	 	-3.274	 	-5.87409 	 0
-2.2337	 	-5.86593	 	-0.316075	 	-2.2337	 	-5.86593 	 0
-1.24044	 	-5.85808	 	-0.320623	 	-1.24044	 	-5.85808 	 0
-0.0736527	 	-4.85483	 	-0.330653	 	-0.0736527	 	-4.85483 	 0
0.980968	 	-4.88317	 	-0.288023	 	0.980968	 	-4.88317 	 0
2.00093	 	-4.83252	 	-0.335408	 	2.00093	 	-4.83252 	 0
3.01754	 	-4.85153	 	-0.307803	 	3.01754	 	-4.85153 	 0
4.06039	 	-4.88873	 	-0.315417	 	4.06039	 	-4.88873 	 0
5.11604	 	-4.92902	 	-0.330328	 	5.11604	 	-4.92902 	 0
6.14536	 	-4.89112	 	-0.314459	 	6.14536	 	-4.89112 	 0
7.17191	 	-4.94345	 	-0.312025	 	7.17191	 	-4.94345 	 0
8.15889	 	-4.87223	 	-0.306294	 	8.15889	 	-4.87223 	 0
9.1624	 	-4.84839	 	-0.317905	 	9.1624	 	-4.84839 	 0
10.1903	 	-4.82206	 	-0.297607	 	10.1903	 	-4.82206 	 0
11.2377	 	-4.88365	 	-0.302767	 	11.2377	 	-4.88365 	 0
-11.5071	 	-4.84922	 	-0.309727	 	-11.5071	 	-4.84922 	 0
-10.4164	 	-4.85961	 	-0.326995	 	-10.4164	 	-4.85961 	 0
-9.39953	 	-4.80188	 	-0.31606	 	-9.39953	 	-4.80188 	 0
-8.35962	 	-4.82217	 	-0.292622	 	-8.35962	 	-4.82217 	 0
-7.34889	 	-4.80786	 	-0.308242	 	-7.34889	 	-4.80786 	 0
-6.32204	 	-4.89127	 	-0.336935	 	-6.32204	 	-4.89127 	 0
-5.29041	 	-4.81765	 	-0.314095	 	-5.29041	 	-4.81765 	 0
-4.28412	 	-4.90218	 	-0.300674	 	-4.28412	 	-4.90218 	 0
-3.28948	 	-4.86701	 	-0.332888	 	-3.28948	 	-4.86701 	 0
-2.22788	 	-4.86744	 	-0.346991	 	-2.22788	 	-4.86744 	 0
-1.15117	 	-4.87165	 	-0.31605	 	-1.15117	 	-4.87165 	 0
-0.0941013	 	-3.8369	 	-0.315317	 	-0.0941013	 	-3.8369 	 0
0.953175	 	-3.83611	 	-0.304292	 	0.953175	 	-3.83611 	 0
1.98717	 	-3.82579	 	-0.310351	 	1.98717	 	-3.82579 	 0
2.98737	 	-3.85743	 	-0.322768	 	2.98737	 	-3.85743 	 0
4.01799	 	-3.8659	 	-0.321269	 	4.01799	 	-3.8659 	 0
5.08791	 	-3.87265	 	-0.343038	 	5.08791	 	-3.87265 	 0
6.09827	 	-3.89634	 	-0.297235	 	6.09827	 	-3.89634 	 0
7.13104	 	-3.82905	 	-0.341628	 	7.13104	 	-3.82905 	 0
8.11426	 	-3.80832	 	-0.30909	 	8.11426	 	-3.80832 	 0
9.17362	 	-3.79214	 	-0.331723	 	9.17362	 	-3.79214 	 0
10.2028	 	-3.79141	 	-0.334489	 	10.2028	 	-3.79141 	 0
11.2252	 	-3.81306	 	-0.327369	 	11.2252	 	-3.81306 	 0
-11.4991	 	-3.82953	 	-0.319173	 	-11.4991	 	-3.82953 	 0
-10.4486	 	-3.80333	 	-0.333275	 	-10.4486	 	-3.80333 	 0
-9.4072	 	-3.80934	 	-0.315424	 	-9.4072	 	-3.80934 	 0
-8.42619	 	-3.83611	 	-0.310324	 	-8.42619	 	-3.83611 	 0
-7.34461	 	-3.80458	 	-0.319187	 	-7.34461	 	-3.80458 	 0
-6.3382	 	-3.81345	 	-0.342951	 	-6.3382	 	-3.81345 	 0
-5.28684	 	-3.78648	 	-0.334697	 	-5.28684	 	-3.78648 	 0
-4.23041	 	-3.92399	 	-0.326837	 	-4.23041	 	-3.92399 	 0
-3.23186	 	-3.88295	 	-0.340301	 	-3.23186	 	-3.88295 	 0
-2.23112	 	-3.76377	 	-0.299829	 	-2.23112	 	-3.76377 	 0
-1.1286	 	-3.81727	 	-0.293129	 	-1.1286	 	-3.81727 	 0
-0.104822	 	-2.78764	 	-0.322448	 	-0.104822	 	-2.78764 	 0
0.921755	 	-2.86657	 	-0.354811	 	0.921755	 	-2.86657 	 0
1.92827	 	-2.84479	 	-0.322368	 	1.92827	 	-2.84479 	 0
2.96503	 	-2.80841	 	-0.349051	 	2.96503	 	-2.80841 	 0
4.05758	 	-2.83973	 	-0.322313	 	4.05758	 	-2.83973 	 0
5.05714	 	-2.84922	 	-0.324059	 	5.05714	 	-2.84922 	 0
6.08713	 	-2.85795	 	-0.294372	 	6.08713	 	-2.85795 	 0
7.12261	 	-2.84076	 	-0.328548	 	7.12261	 	-2.84076 	 0
8.13954	 	-2.81157	 	-0.335947	 	8.13954	 	-2.81157 	 0
9.16613	 	-2.79529	 	-0.308074	 	9.16613	 	-2.79529 	 0
10.1868	 	-2.76817	 	-0.329569	 	10.1868	 	-2.76817 	 0
11.2344	 	-2.77403	 	-0.298528	 	11.2344	 	-2.77403 	 0
-11.5034	 	-2.80302	 	-0.294905	 	-11.5034	 	-2.80302 	 0
-10.4388	 	-2.7697	 	-0.303382	 	-10.4388	 	-2.7697 	 0
-9.37595	 	-2.76649	 	-0.328326	 	-9.37595	 	-2.76649 	 0
-8.35002	 	-2.78565	 	-0.292135	 	-8.35002	 	-2.78565 	 0
-7.35605	 	-2.80333	 	-0.324904	 	-7.35605	 	-2.80333 	 0
-6.33902	 	-2.78567	 	-0.316026	 	-6.33902	 	-2.78567 	 0
-5.30234	 	-2.79521	 	-0.338854	 	-5.30234	 	-2.79521 	 0
-4.26872	 	-2.83826	 	-0.325793	 	-4.26872	 	-2.83826 	 0
-3.21928	 	-2.82706	 	-0.325983	 	-3.21928	 	-2.82706 	 0
-2.17797	 	-2.77067	 	-0.314257	 	-2.17797	 	-2.77067 	 0
-1.14655	 	-2.75183	 	-0.320433	 	-1.14655	 	-2.75183 	 0
-0.0922372	 	-1.76543	 	-0.331715	 	-0.0922372	 	-1.76543 	 0
0.889026	 	-1.82199	 	-0.316404	 	0.889026	 	-1.82199 	 0
1.95861	 	-1.83172	 	-0.29683	 	1.95861	 	-1.83172 	 0
2.9846	 	-1.79532	 	-0.328357	 	2.9846	 	-1.79532 	 0
3.98234	 	-1.70534	 	-0.342287	 	3.98234	 	-1.70534 	 0
4.95252	 	-1.81211	 	-0.316537	 	4.95252	 	-1.81211 	 0
6.0587	 	-1.85797	 	-0.313755	 	6.0587	 	-1.85797 	 0
7.06419	 	-1.78867	 	-0.271833	 	7.06419	 	-1.78867 	 0
8.09553	 	-1.84188	 	-0.31103	 	8.09553	 	-1.84188 	 0
9.16702	 	-1.77277	 	-0.321829	 	9.16702	 	-1.77277 	 0
10.1847	 	-1.73698	 	-0.309477	 	10.1847	 	-1.73698 	 0
11.2226	 	-1.75298	 	-0.319178	 	11.2226	 	-1.75298 	 0
-11.5126	 	-1.80097	 	-0.353844	 	-11.5126	 	-1.80097 	 0
-10.4756	 	-1.7596	 	-0.332227	 	-10.4756	 	-1.7596 	 0
-9.43754	 	-1.72275	 	-0.331634	 	-9.43754	 	-1.72275 	 0
-8.37485	 	-1.73091	 	-0.322873	 	-8.37485	 	-1.73091 	 0
-7.37779	 	-1.69902	 	-0.300657	 	-7.37779	 	-1.69902 	 0
-6.39731	 	-1.79065	 	-0.355461	 	-6.39731	 	-1.79065 	 0
-5.28811	 	-1.75642	 	-0.340721	 	-5.28811	 	-1.75642 	 0
-4.2367	 	-1.81293	 	-0.324396	 	-4.2367	 	-1.81293 	 0
-3.24375	 	-1.77432	 	-0.294651	 	-3.24375	 	-1.77432 	 0
-2.22783	 	-1.76336	 	-0.331935	 	-2.22783	 	-1.76336 	 0
-1.2141	 	-1.75101	 	-0.27678	 	-1.2141	 	-1.75101 	 0
-0.166544	 	-0.731513	 	-0.3392	 	-0.166544	 	-0.731513 	 0
0.903998	 	-0.763044	 	-0.327543	 	0.903998	 	-0.763044 	 0
1.88307	 	-0.802359	 	-0.321532	 	1.88307	 	-0.802359 	 0
2.97585	 	-0.756523	 	-0.326222	 	2.97585	 	-0.756523 	 0
4.0218	 	-0.745417	 	-0.31483	 	4.0218	 	-0.745417 	 0
5.05827	 	-0.704965	 	-0.320497	 	5.05827	 	-0.704965 	 0
6.07337	 	-0.821959	 	-0.318987	 	6.07337	 	-0.821959 	 0
7.07706	 	-0.752607	 	-0.334832	 	7.07706	 	-0.752607 	 0
8.09251	 	-0.718053	 	-0.329038	 	8.09251	 	-0.718053 	 0
9.10801	 	-0.778003	 	-0.331335	 	9.10801	 	-0.778003 	 0
10.172	 	-0.742493	 	-0.319794	 	10.172	 	-0.742493 	 0
11.301	 	-0.745099	 	-0.30846	 	11.301	 	-0.745099 	 0
-11.4987	 	-0.749774	 	-0.277359	 	-11.4987	 	-0.749774 	 0
-10.4568	 	-0.7318	 	-0.327087	 	-10.4568	 	-0.7318 	 0
-9.45039	 	-0.663064	 	-0.344661	 	-9.45039	 	-0.663064 	 0
-8.39863	 	-0.649125	 	-0.302857	 	-8.39863	 	-0.649125 	 0
-7.41397	 	-0.681016	 	-0.290934	 	-7.41397	 	-0.681016 	 0
-6.36756	 	-0.737546	 	-0.306081	 	-6.36756	 	-0.737546 	 0
-5.33027	 	-0.749955	 	-0.30098	 	-5.33027	 	-0.749955 	 0
-4.32071	 	-0.781785	 	-0.312361	 	-4.32071	 	-0.781785 	 0
-3.27116	 	-0.759379	 	-0.324658	 	-3.27116	 	-0.759379 	 0
-2.21713	 	-0.673065	 	-0.341399	 	-2.21713	 	-0.673065 	 0
-1.2075	 	-0.774363	 	-0.302919	 	-1.2075	 	-0.774363 	 0
0.36367	 	0.813341	 	0.340345	 	0.36367	 	0.813341 	 0
1.35116	 	0.782292	 	0.318385	 	1.35116	 	0.782292 	 0
2.39443	 	0.792058	 	0.286241	 	2.39443	 	0.792058 	 0
3.47634	 	0.755603	 	0.346058	 	3.47634	 	0.755603 	 0
4.53156	 	0.757071	 	0.314687	 	4.53156	 	0.757071 	 0
5.54284	 	0.768702	 	0.319535	 	5.54284	 	0.768702 	 0
6.52784	 	0.786814	 	0.334481	 	6.52784	 	0.786814 	 0
7.62533	 	0.791803	 	0.334461	 	7.62533	 	0.791803 	 0
8.65478	 	0.85403	 	0.338023	 	8.65478	 	0.85403 	 0
9.67919	 	0.836664	 	0.32183	 	9.67919	 	0.836664 	 0
10.6986	 	0.846218	 	0.326288	 	10.6986	 	0.846218 	 0
-12.0424	 	0.840262	 	0.299001	 	11.7436	 	0.840262 	 0
-10.9618	 	0.830733	 	0.308439	 	-10.9618	 	0.830733 	 0
-9.94486	 	0.887691	 	0.331665	 	-9.94486	 	0.887691 	 0
-8.85565	 	0.946584	 	0.306729	 	-8.85565	 	0.946584 	 0
-7.86569	 	0.858397	 	0.311322	 	-7.86569	 	0.858397 	 0
-6.86373	 	0.856245	 	0.323264	 	-6.86373	 	0.856245 	 0
-5.80448	 	0.806752	 	0.323348	 	-5.80448	 	0.806752 	 0
-4.76442	 	0.750637	 	0.319151	 	-4.76442	 	0.750637 	 0
-3.79741	 	0.824108	 	0.312587	 	-3.79741	 	0.824108 	 0
-2.80069	 	0.754901	 	0.316515	 	-2.80069	 	0.754901 	 0
-1.70238	 	0.843123	 	0.323478	 	-1.70238	 	0.843123 	 0
-0.683458	 	0.807543	 	0.316648	 	-0.683458	 	0.807543 	 0
0.3707	 	1.84123	 	0.299086	 	0.3707	 	1.84123 	 0
1.41294	 	1.7782	 	0.333863	 	1.41294	 	1.7782 	 0
2.45109	 	1.78268	 	0.326527	 	2.45109	 	1.78268 	 0
3.47096	 	1.80876	 	0.34476	 	3.47096	 	1.80876 	 0
4.52137	 	1.75928	 	0.321645	 	4.52137	 	1.75928 	 0
5.52996	 	1.85164	 	0.335489	 	5.52996	 	1.85164 	 0
6.56012	 	1.85216	 	0.325411	 	6.56012	 	1.85216 	 0
7.58799	 	1.86488	 	0.336875	 	7.58799	 	1.86488 	 0
8.6375	 	1.86197	 	0.297184	 	8.6375	 	1.86197 	 0
9.67052	 	1.82	 	0.310347	 	9.67052	 	1.82 	 0
10.7217	 	1.82646	 	0.318631	 	10.7217	 	1.82646 	 0
-12.0354	 	1.86525	 	0.302239	 	11.7506	 	1.86525 	 0
-11.0311	 	1.88351	 	0.318915	 	-11.0311	 	1.88351 	 0
-10.0169	 	1.91018	 	0.296083	 	-10.0169	 	1.91018 	 0
-8.92404	 	1.90123	 	0.325355	 	-8.92404	 	1.90123 	 0
-7.92031	 	1.85621	 	0.364778	 	-7.92031	 	1.85621 	 0
-6.87156	 	1.85041	 	0.319025	 	-6.87156	 	1.85041 	 0
-5.81506	 	1.8638	 	0.313062	 	-5.81506	 	1.8638 	 0
-4.79842	 	1.86316	 	0.343851	 	-4.79842	 	1.86316 	 0
-3.75728	 	1.85836	 	0.355409	 	-3.75728	 	1.85836 	 0
-2.77212	 	1.88427	 	0.315701	 	-2.77212	 	1.88427 	 0
-1.74018	 	1.8788	 	0.293009	 	-1.74018	 	1.8788 	 0
-0.703956	 	1.87095	 	0.330092	 	-0.703956	 	1.87095 	 0
0.402345	 	2.8238	 	0.290427	 	0.402345	 	2.8238 	 0
1.40984	 	2.83187	 	0.310194	 	1.40984	 	2.83187 	 0
2.40645	 	2.843	 	0.324344	 	2.40645	 	2.843 	 0
3.49157	 	2.83991	 	0.322156	 	3.49157	 	2.83991 	 0
4.46871	 	2.84107	 	0.336123	 	4.46871	 	2.84107 	 0
5.51674	 	2.89324	 	0.332673	 	5.51674	 	2.89324 	 0
6.53441	 	2.87088	 	0.301826	 	6.53441	 	2.87088 	 0
7.56491	 	2.90303	 	0.318962	 	7.56491	 	2.90303 	 0
8.61333	 	2.84098	 	0.313819	 	8.61333	 	2.84098 	 0
9.65045	 	2.91048	 	0.307098	 	9.65045	 	2.91048 	 0
10.714	 	2.84827	 	0.31773	 	10.714	 	2.84827 	 0
-12.0664	 	2.93706	 	0.3143	 	11.7197	 	2.93706 	 0
-11.0236	 	2.9203	 	0.313037	 	-11.0236	 	2.9203 	 0
-9.99233	 	2.92135	 	0.319396	 	-9.99233	 	2.92135 	 0
-8.94644	 	2.99254	 	0.304093	 	-8.94644	 	2.99254 	 0
-7.86451	 	2.9054	 	0.325869	 	-7.86451	 	2.9054 	 0
-6.86693	 	2.89647	 	0.323195	 	-6.86693	 	2.89647 	 0
-5.81191	 	2.8543	 	0.296685	 	-5.81191	 	2.8543 	 0
-4.7588	 	2.89779	 	0.324045	 	-4.7588	 	2.89779 	 0
-3.76753	 	2.84598	 	0.315928	 	-3.76753	 	2.84598 	 0
-2.73572	 	2.91321	 	0.288274	 	-2.73572	 	2.91321 	 0
-1.63655	 	2.92028	 	0.321316	 	-1.63655	 	2.92028 	 0
-0.659007	 	2.9298	 	0.318897	 	-0.659007	 	2.9298 	 0
0.376277	 	3.84088	 	0.299387	 	0.376277	 	3.84088 	 0
1.37499	 	3.88743	 	0.313901	 	1.37499	 	3.88743 	 0
2.42892	 	3.85197	 	0.316466	 	2.42892	 	3.85197 	 0
3.45847	 	3.85103	 	0.294984	 	3.45847	 	3.85103 	 0
4.47259	 	3.8782	 	0.301385	 	4.47259	 	3.8782 	 0
5.47278	 	3.89317	 	0.307209	 	5.47278	 	3.89317 	 0
6.52819	 	3.91712	 	0.320678	 	6.52819	 	3.91712 	 0
7.57023	 	3.94024	 	0.293217	 	7.57023	 	3.94024 	 0
8.572	 	3.9035	 	0.32283	 	8.572	 	3.9035 	 0
9.58771	 	3.92582	 	0.335278	 	9.58771	 	3.92582 	 0
10.7204	 	3.89378	 	0.30819	 	10.7204	 	3.89378 	 0
-12.0858	 	3.98331	 	0.31862	 	11.7003	 	3.98331 	 0
-11.0425	 	4.00053	 	0.335409	 	-11.0425	 	4.00053 	 0
-9.99408	 	3.95242	 	0.320726	 	-9.99408	 	3.95242 	 0
-8.90803	 	4.0024	 	0.321504	 	-8.90803	 	4.0024 	 0
-7.88302	 	3.99778	 	0.297211	 	-7.88302	 	3.99778 	 0
-6.87684	 	3.91873	 	0.330007	 	-6.87684	 	3.91873 	 0
-5.81515	 	3.85501	 	0.285674	 	-5.81515	 	3.85501 	 0
-4.81812	 	3.97088	 	0.299204	 	-4.81812	 	3.97088 	 0
-3.76754	 	3.99584	 	0.304053	 	-3.76754	 	3.99584 	 0
-2.69322	 	3.89969	 	0.314996	 	-2.69322	 	3.89969 	 0
-1.6383	 	3.95518	 	0.320211	 	-1.6383	 	3.95518 	 0
-0.628706	 	3.97012	 	0.279581	 	-0.628706	 	3.97012 	 0
0.321239	 	4.9219	 	0.32112	 	0.321239	 	4.9219 	 0
1.38504	 	4.89489	 	0.330663	 	1.38504	 	4.89489 	 0
2.42429	 	4.90413	 	0.31972	 	2.42429	 	4.90413 	 0
3.48523	 	4.93144	 	0.314361	 	3.48523	 	4.93144 	 0
4.46889	 	4.93642	 	0.307167	 	4.46889	 	4.93642 	 0
5.48652	 	4.92657	 	0.332736	 	5.48652	 	4.92657 	 0
6.5214	 	4.94735	 	0.316045	 	6.5214	 	4.94735 	 0
7.54786	 	5.01124	 	0.310022	 	7.54786	 	5.01124 	 0
8.54458	 	4.94147	 	0.326468	 	8.54458	 	4.94147 	 0
9.59853	 	4.94991	 	0.314808	 	9.59853	 	4.94991 	 0
10.6659	 	4.96503	 	0.314504	 	10.6659	 	4.96503 	 0
-12.1056	 	5.0125	 	0.293755	 	11.6804	 	5.0125 	 0
-11.0936	 	4.99235	 	0.341083	 	-11.0936	 	4.99235 	 0
-9.96968	 	4.96372	 	0.332203	 	-9.96968	 	4.96372 	 0
-8.96598	 	4.98873	 	0.321261	 	-8.96598	 	4.98873 	 0
-7.91964	 	5.00766	 	0.301739	 	-7.91964	 	5.00766 	 0
-6.90019	 	4.9655	 	0.298517	 	-6.90019	 	4.9655 	 0
-5.83413	 	4.91554	 	0.314739	 	-5.83413	 	4.91554 	 0
-4.81496	 	4.99445	 	0.313291	 	-4.81496	 	4.99445 	 0
-3.78871	 	4.98076	 	0.315224	 	-3.78871	 	4.98076 	 0
-2.70371	 	4.94433	 	0.324442	 	-2.70371	 	4.94433 	 0
-1.66088	 	4.97775	 	0.314742	 	-1.66088	 	4.97775 	 0
-0.665427	 	4.98193	 	0.309995	 	-0.665427	 	4.98193 	 0
0.342353	 	6.00359	 	0.333908	 	0.342353	 	6.00359 	 0
1.38689	 	5.96532	 	0.307125	 	1.38689	 	5.96532 	 0
2.32977	 	5.96358	 	0.309873	 	2.32977	 	5.96358 	 0
3.372	 	5.92172	 	0.346572	 	3.372	 	5.92172 	 0
4.4515	 	5.97679	 	0.324976	 	4.4515	 	5.97679 	 0
5.50811	 	5.98325	 	0.325698	 	5.50811	 	5.98325 	 0
6.53406	 	6.01494	 	0.306571	 	6.53406	 	6.01494 	 0
7.54623	 	6.05895	 	0.289951	 	7.54623	 	6.05895 	 0
8.55318	 	5.98633	 	0.334428	 	8.55318	 	5.98633 	 0
9.61484	 	5.96218	 	0.335007	 	9.61484	 	5.96218 	 0
10.656	 	5.96202	 	0.33398	 	10.656	 	5.96202 	 0
-12.0705	 	6.03856	 	0.318462	 	11.7156	 	6.03856 	 0
-11.0103	 	6.02186	 	0.307536	 	-11.0103	 	6.02186 	 0
-9.98753	 	6.01392	 	0.342455	 	-9.98753	 	6.01392 	 0
-8.93891	 	6.01655	 	0.321041	 	-8.93891	 	6.01655 	 0
-7.95149	 	6.00318	 	0.330025	 	-7.95149	 	6.00318 	 0
-6.90985	 	5.96357	 	0.332021	 	-6.90985	 	5.96357 	 0
-5.87266	 	5.99091	 	0.345814	 	-5.87266	 	5.99091 	 0
-4.85043	 	5.96528	 	0.317785	 	-4.85043	 	5.96528 	 0
-3.85727	 	6.03788	 	0.300035	 	-3.85727	 	6.03788 	 0
-2.76952	 	6.02057	 	0.318982	 	-2.76952	 	6.02057 	 0
-1.66751	 	5.95166	 	0.301368	 	-1.66751	 	5.95166 	 0
-0.64212	 	5.98656	 	0.345504	 	-0.64212	 	5.98656 	 0
0.320883	 	7.0429	 	0.31669	 	0.320883	 	7.0429 	 0
1.35037	 	7.03671	 	0.309466	 	1.35037	 	7.03671 	 0
2.31802	 	7.00805	 	0.342762	 	2.31802	 	7.00805 	 0
3.35457	 	6.92215	 	0.338432	 	3.35457	 	6.92215 	 0
4.38692	 	6.99488	 	0.297572	 	4.38692	 	6.99488 	 0
5.44889	 	7.04341	 	0.294218	 	5.44889	 	7.04341 	 0
6.46304	 	7.0365	 	0.294512	 	6.46304	 	7.0365 	 0
7.51687	 	7.04737	 	0.312547	 	7.51687	 	7.04737 	 0
8.55036	 	7.06913	 	0.32517	 	8.55036	 	7.06913 	 0
9.68758	 	7.04169	 	0.335568	 	9.68758	 	7.04169 	 0
10.668	 	6.98925	 	0.320102	 	10.668	 	6.98925 	 0
-12.0501	 	7.05113	 	0.313769	 	11.7359	 	7.05113 	 0
-11.0334	 	7.02169	 	0.307567	 	-11.0334	 	7.02169 	 0
-10.0198	 	7.02124	 	0.328067	 	-10.0198	 	7.02124 	 0
-8.99284	 	6.99676	 	0.310261	 	-8.99284	 	6.99676 	 0
-7.93109	 	7.06549	 	0.322677	 	-7.93109	 	7.06549 	 0
-6.92794	 	7.06843	 	0.337358	 	-6.92794	 	7.06843 	 0
-5.92565	 	7.0506	 	0.316013	 	-5.92565	 	7.0506 	 0
-4.87284	 	7.02276	 	0.335375	 	-4.87284	 	7.02276 	 0
-3.82742	 	7.04426	 	0.308856	 	-3.82742	 	7.04426 	 0
-2.76866	 	7.02429	 	0.332986	 	-2.76866	 	7.02429 	 0
-1.68721	 	7.03133	 	0.289577	 	-1.68721	 	7.03133 	 0
-0.690662	 	6.9738	 	0.331364	 	-0.690662	 	6.9738 	 0
0.315682	 	8.05309	 	0.335304	 	0.315682	 	8.05309 	 0
1.30565	 	8.0765	 	0.300501	 	1.30565	 	8.0765 	 0
2.3694	 	8.0455	 	0.336705	 	2.3694	 	8.0455 	 0
3.4111	 	8.07144	 	0.311673	 	3.4111	 	8.07144 	 0
4.45006	 	8.04929	 	0.309533	 	4.45006	 	8.04929 	 0
5.44328	 	8.08321	 	0.332566	 	5.44328	 	8.08321 	 0
6.49439	 	8.06027	 	0.282123	 	6.49439	 	8.06027 	 0
7.5354	 	8.07187	 	0.290552	 	7.5354	 	8.07187 	 0
8.57001	 	8.07025	 	0.304554	 	8.57001	 	8.07025 	 0
9.65311	 	8.03358	 	0.292576	 	9.65311	 	8.03358 	 0
10.694	 	8.06651	 	0.306035	 	10.694	 	8.06651 	 0
-12.1091	 	8.0424	 	0.306638	 	11.6769	 	8.0424 	 0
-11.0035	 	8.02595	 	0.301267	 	-11.0035	 	8.02595 	 0
-10.0077	 	8.0521	 	0.297792	 	-10.0077	 	8.0521 	 0
-8.98875	 	8.06991	 	0.31556	 	-8.98875	 	8.06991 	 0
-7.93493	 	8.09954	 	0.316293	 	-7.93493	 	8.09954 	 0
-6.9136	 	8.03124	 	0.320322	 	-6.9136	 	8.03124 	 0
-5.86066	 	8.05865	 	0.328391	 	-5.86066	 	8.05865 	 0
-4.86182	 	8.05866	 	0.332963	 	-4.86182	 	8.05866 	 0
-3.82951	 	8.06547	 	0.314997	 	-3.82951	 	8.06547 	 0
-2.80229	 	8.04253	 	0.327071	 	-2.80229	 	8.04253 	 0
-1.76158	 	8.06187	 	0.331427	 	-1.76158	 	8.06187 	 0
-0.713852	 	8.01028	 	0.292976	 	-0.713852	 	8.01028 	 0
0.274357	 	9.08314	 	0.315762	 	0.274357	 	9.08314 	 0
1.38055	 	9.0984	 	0.313516	 	1.38055	 	9.0984 	 0
2.36612	 	9.13052	 	0.327351	 	2.36612	 	9.13052 	 0
3.35462	 	9.14042	 	0.289701	 	3.35462	 	9.14042 	 0
4.42365	 	9.07936	 	0.338956	 	4.42365	 	9.07936 	 0
5.47211	 	9.10252	 	0.335096	 	5.47211	 	9.10252 	 0
6.51669	 	9.04922	 	0.315814	 	6.51669	 	9.04922 	 0
7.55487	 	9.07818	 	0.33447	 	7.55487	 	9.07818 	 0
8.5784	 	9.05115	 	0.351941	 	8.5784	 	9.05115 	 0
9.60488	 	9.09259	 	0.321871	 	9.60488	 	9.09259 	 0
10.6466	 	9.04815	 	0.304843	 	10.6466	 	9.04815 	 0
-12.0648	 	9.05576	 	0.33184	 	11.7213	 	9.05576 	 0
-11.1073	 	9.07046	 	0.342132	 	-11.1073	 	9.07046 	 0
-10.0581	 	9.07136	 	0.288216	 	-10.0581	 	9.07136 	 0
-9.01882	 	9.08279	 	0.307975	 	-9.01882	 	9.08279 	 0
-7.89196	 	9.10769	 	0.332009	 	-7.89196	 	9.10769 	 0
-6.88624	 	9.09918	 	0.32103	 	-6.88624	 	9.09918 	 0
-5.89931	 	9.06498	 	0.300332	 	-5.89931	 	9.06498 	 0
-4.84945	 	9.0875	 	0.341895	 	-4.84945	 	9.0875 	 0
-3.77723	 	9.0931	 	0.327257	 	-3.77723	 	9.0931 	 0
-2.7898	 	9.13377	 	0.302957	 	-2.7898	 	9.13377 	 0
-1.76703	 	9.09002	 	0.291156	 	-1.76703	 	9.09002 	 0
-0.741781	 	9.09703	 	0.317778	 	-0.741781	 	9.09703 	 0
0.295244	 	10.1126	 	0.337788	 	0.295244	 	10.1126 	 0
1.34625	 	10.0853	 	0.321095	 	1.34625	 	10.0853 	 0
2.36735	 	10.1306	 	0.321655	 	2.36735	 	10.1306 	 0
3.39917	 	10.1058	 	0.333479	 	3.39917	 	10.1058 	 0
4.45559	 	10.1687	 	0.312037	 	4.45559	 	10.1687 	 0
5.44966	 	10.1206	 	0.308294	 	5.44966	 	10.1206 	 0
6.47366	 	10.1088	 	0.334783	 	6.47366	 	10.1088 	 0
7.57775	 	10.1268	 	0.280123	 	7.57775	 	10.1268 	 0
8.60466	 	10.1549	 	0.340856	 	8.60466	 	10.1549 	 0
9.63762	 	10.1385	 	0.295531	 	9.63762	 	10.1385 	 0
10.6532	 	10.1202	 	0.330437	 	10.6532	 	10.1202 	 0
-12.0759	 	10.1005	 	0.322389	 	11.7102	 	10.1005 	 0
-10.9895	 	10.0816	 	0.303846	 	-10.9895	 	10.0816 	 0
-9.99665	 	10.0848	 	0.320347	 	-9.99665	 	10.0848 	 0
-8.99375	 	10.1003	 	0.327599	 	-8.99375	 	10.1003 	 0
-7.95345	 	10.1409	 	0.303811	 	-7.95345	 	10.1409 	 0
-6.93643	 	10.1948	 	0.326185	 	-6.93643	 	10.1948 	 0
-5.89941	 	10.0647	 	0.327818	 	-5.89941	 	10.0647 	 0
-4.80898	 	10.0772	 	0.326424	 	-4.80898	 	10.0772 	 0
-3.79521	 	10.1366	 	0.317465	 	-3.79521	 	10.1366 	 0
-2.80501	 	10.1288	 	0.318258	 	-2.80501	 	10.1288 	 0
-1.75161	 	10.1514	 	0.349644	 	-1.75161	 	10.1514 	 0
-0.695226	 	10.1158	 	0.335851	 	-0.695226	 	10.1158 	 0
0.340655	 	11.1073	 	0.321745	 	0.340655	 	11.1073 	 0
1.34823	 	11.1379	 	0.324478	 	1.34823	 	11.1379 	 0
2.40467	 	11.1909	 	0.313061	 	2.40467	 	11.1909 	 0
3.43938	 	11.2269	 	0.315392	 	3.43938	 	11.2269 	 0
4.45501	 	11.1963	 	0.315506	 	4.45501	 	11.1963 	 0
5.52915	 	11.1156	 	0.307629	 	5.52915	 	11.1156 	 0
6.51366	 	11.205	 	0.35144	 	6.51366	 	11.205 	 0
7.62404	 	11.1097	 	0.313711	 	7.62404	 	11.1097 	 0
8.63277	 	11.1587	 	0.323655	 	8.63277	 	11.1587 	 0
9.71255	 	11.1777	 	0.309156	 	9.71255	 	11.1777 	 0
10.6816	 	11.1466	 	0.344755	 	10.6816	 	11.1466 	 0
-12.0482	 	11.1012	 	0.301992	 	11.7378	 	11.1012 	 0
-11.0152	 	11.1526	 	0.301982	 	-11.0152	 	11.1526 	 0
-9.99123	 	11.1484	 	0.326095	 	-9.99123	 	11.1484 	 0
-8.97986	 	11.1711	 	0.300377	 	-8.97986	 	11.1711 	 0
-7.90323	 	11.1792	 	0.336529	 	-7.90323	 	11.1792 	 0
-6.88529	 	11.196	 	0.342113	 	-6.88529	 	11.196 	 0
-5.86175	 	11.1691	 	0.331211	 	-5.86175	 	11.1691 	 0
-4.85209	 	11.1259	 	0.333793	 	-4.85209	 	11.1259 	 0
-3.82124	 	11.2221	 	0.303901	 	-3.82124	 	11.2221 	 0
-2.78605	 	11.1657	 	0.296808	 	-2.78605	 	11.1657 	 0
-1.75731	 	11.1393	 	0.309917	 	-1.75731	 	11.1393 	 0
-0.687499	 	11.156	 	0.308417	 	-0.687499	 	11.156 	 0
0.335203	 	-11.6101	 	0.297691	 	0.335203	 	-11.6101 	 0
1.33696	 	-11.5704	 	0.317032	 	1.33696	 	-11.5704 	 0
2.37748	 	-11.6134	 	0.316372	 	2.37748	 	-11.6134 	 0
3.40707	 	-11.564	 	0.296566	 	3.40707	 	-11.564 	 0
4.47352	 	-11.5916	 	0.332895	 	4.47352	 	-11.5916 	 0
5.52056	 	-11.6037	 	0.318417	 	5.52056	 	-11.6037 	 0
6.57417	 	-11.6344	 	0.312138	 	6.57417	 	-11.6344 	 0
7.59909	 	-11.6505	 	0.327773	 	7.59909	 	-11.6505 	 0
8.65417	 	-11.6103	 	0.324435	 	8.65417	 	-11.6103 	 0
9.69834	 	-11.5666	 	0.325836	 	9.69834	 	-11.5666 	 0
10.709	 	-11.6062	 	0.295861	 	10.709	 	-11.6062 	 0
-12.0004	 	-11.6562	 	0.296913	 	11.7857	 	-11.6562 	 0
-10.9708	 	-11.6403	 	0.303984	 	-10.9708	 	-11.6403 	 0
-9.99741	 	-11.6262	 	0.315086	 	-9.99741	 	-11.6262 	 0
-8.99967	 	-11.5741	 	0.309701	 	-8.99967	 	-11.5741 	 0
-7.92457	 	-11.5055	 	0.324027	 	-7.92457	 	-11.5055 	 0
-6.89968	 	-11.594	 	0.302751	 	-6.89968	 	-11.594 	 0
-5.83562	 	-11.5281	 	0.294405	 	-5.83562	 	-11.5281 	 0
-4.85737	 	-11.5815	 	0.313406	 	-4.85737	 	-11.5815 	 0
-3.86514	 	-11.579	 	0.323821	 	-3.86514	 	-11.579 	 0
-2.77475	 	-11.5468	 	0.315966	 	-2.77475	 	-11.5468 	 0
-1.71215	 	-11.6222	 	0.273427	 	-1.71215	 	-11.6222 	 0
-0.682839	 	-11.5657	 	0.282668	 	-0.682839	 	-11.5657 	 0
0.298978	 	-10.5289	 	0.290211	 	0.298978	 	-10.5289 	 0
1.35181	 	-10.5236	 	0.313157	 	1.35181	 	-10.5236 	 0
2.37536	 	-10.5513	 	0.341137	 	2.37536	 	-10.5513 	 0
3.46284	 	-10.5518	 	0.312432	 	3.46284	 	-10.5518 	 0
4.49078	 	-10.5634	 	0.312118	 	4.49078	 	-10.5634 	 0
5.53798	 	-10.6054	 	0.307528	 	5.53798	 	-10.6054 	 0
6.55817	 	-10.641	 	0.303101	 	6.55817	 	-10.641 	 0
7.58301	 	-10.5927	 	0.312653	 	7.58301	 	-10.5927 	 0
8.64369	 	-10.5439	 	0.337223	 	8.64369	 	-10.5439 	 0
9.71574	 	-10.5239	 	0.315507	 	9.71574	 	-10.5239 	 0
10.7273	 	-10.5317	 	0.328697	 	10.7273	 	-10.5317 	 0
-12.0044	 	-10.5954	 	0.314081	 	11.7817	 	-10.5954 	 0
-10.9852	 	-10.5467	 	0.322516	 	-10.9852	 	-10.5467 	 0
-9.99899	 	-10.5536	 	0.30743	 	-9.99899	 	-10.5536 	 0
-9.00036	 	-10.5114	 	0.292499	 	-9.00036	 	-10.5114 	 0
-7.97566	 	-10.4969	 	0.348357	 	-7.97566	 	-10.4969 	 0
-6.91557	 	-10.525	 	0.334629	 	-6.91557	 	-10.525 	 0
-5.9286	 	-10.518	 	0.304111	 	-5.9286	 	-10.518 	 0
-4.89152	 	-10.5086	 	0.310452	 	-4.89152	 	-10.5086 	 0
-3.84883	 	-10.594	 	0.321107	 	-3.84883	 	-10.594 	 0
-2.73284	 	-10.5504	 	0.317821	 	-2.73284	 	-10.5504 	 0
-1.74063	 	-10.5196	 	0.319021	 	-1.74063	 	-10.5196 	 0
-0.741416	 	-10.5371	 	0.295466	 	-0.741416	 	-10.5371 	 0
0.32698	 	-9.43672	 	0.288126	 	0.32698	 	-9.43672 	 0
1.38159	 	-9.48836	 	0.324177	 	1.38159	 	-9.48836 	 0
2.4243	 	-9.47709	 	0.316122	 	2.4243	 	-9.47709 	 0
3.3861	 	-9.53266	 	0.323992	 	3.3861	 	-9.53266 	 0
4.44473	 	-9.60653	 	0.299859	 	4.44473	 	-9.60653 	 0
5.60659	 	-9.57973	 	0.312902	 	5.60659	 	-9.57973 	 0
6.55429	 	-9.55477	 	0.312182	 	6.55429	 	-9.55477 	 0
7.6332	 	-9.55763	 	0.31659	 	7.6332	 	-9.55763 	 0
8.65822	 	-9.54626	 	0.323479	 	8.65822	 	-9.54626 	 0
9.69704	 	-9.53283	 	0.326206	 	9.69704	 	-9.53283 	 0
10.8137	 	-9.51403	 	0.336719	 	10.8137	 	-9.51403 	 0
-12.0109	 	-9.53098	 	0.284998	 	11.7751	 	-9.53098 	 0
-11.0236	 	-9.52172	 	0.322902	 	-11.0236	 	-9.52172 	 0
-9.9188	 	-9.45011	 	0.322307	 	-9.9188	 	-9.45011 	 0
-8.92299	 	-9.47155	 	0.327033	 	-8.92299	 	-9.47155 	 0
-7.92683	 	-9.45041	 	0.335746	 	-7.92683	 	-9.45041 	 0
-6.87809	 	-9.49902	 	0.310696	 	-6.87809	 	-9.49902 	 0
-5.84561	 	-9.47776	 	0.315384	 	-5.84561	 	-9.47776 	 0
-4.76582	 	-9.52199	 	0.317088	 	-4.76582	 	-9.52199 	 0
-3.72546	 	-9.56931	 	0.326441	 	-3.72546	 	-9.56931 	 0
-2.71228	 	-9.52781	 	0.317473	 	-2.71228	 	-9.52781 	 0
-1.67551	 	-9.48042	 	0.336503	 	-1.67551	 	-9.48042 	 0
-0.673521	 	-9.50201	 	0.333969	 	-0.673521	 	-9.50201 	 0
0.292113	 	-8.41349	 	0.324218	 	0.292113	 	-8.41349 	 0
1.34643	 	-8.45415	 	0.313939	 	1.34643	 	-8.45415 	 0
2.42353	 	-8.51866	 	0.302868	 	2.42353	 	-8.51866 	 0
3.54312	 	-8.5001	 	0.318384	 	3.54312	 	-8.5001 	 0
4.52995	 	-8.58635	 	0.308341	 	4.52995	 	-8.58635 	 0
5.55076	 	-8.49135	 	0.30229	 	5.55076	 	-8.49135 	 0
6.58089	 	-8.56389	 	0.323443	 	6.58089	 	-8.56389 	 0
7.60199	 	-8.51422	 	0.322847	 	7.60199	 	-8.51422 	 0
8.6523	 	-8.52394	 	0.349516	 	8.6523	 	-8.52394 	 0
9.65787	 	-8.54639	 	0.275768	 	9.65787	 	-8.54639 	 0
10.6956	 	-8.50509	 	0.320736	 	10.6956	 	-8.50509 	 0
-12.0046	 	-8.5268	 	0.293816	 	11.7815	 	-8.5268 	 0
-10.998	 	-8.49148	 	0.317537	 	-10.998	 	-8.49148 	 0
-9.97739	 	-8.45659	 	0.345779	 	-9.97739	 	-8.45659 	 0
-8.95656	 	-8.40904	 	0.29287	 	-8.95656	 	-8.40904 	 0
-7.87908	 	-8.43403	 	0.30846	 	-7.87908	 	-8.43403 	 0
-6.84823	 	-8.42915	 	0.304797	 	-6.84823	 	-8.42915 	 0
-5.77698	 	-8.48224	 	0.292895	 	-5.77698	 	-8.48224 	 0
-4.70887	 	-8.51864	 	0.296687	 	-4.70887	 	-8.51864 	 0
-3.74655	 	-8.42793	 	0.333855	 	-3.74655	 	-8.42793 	 0
-2.72688	 	-8.50635	 	0.32383	 	-2.72688	 	-8.50635 	 0
-1.70347	 	-8.47782	 	0.350324	 	-1.70347	 	-8.47782 	 0
-0.740057	 	-8.43529	 	0.328536	 	-0.740057	 	-8.43529 	 0
0.394729	 	-7.43582	 	0.306113	 	0.394729	 	-7.43582 	 0
1.42756	 	-7.43725	 	0.329888	 	1.42756	 	-7.43725 	 0
2.4121	 	-7.46413	 	0.316855	 	2.4121	 	-7.46413 	 0
3.54122	 	-7.44687	 	0.313617	 	3.54122	 	-7.44687 	 0
4.51687	 	-7.48756	 	0.341424	 	4.51687	 	-7.48756 	 0
5.50911	 	-7.49579	 	0.324043	 	5.50911	 	-7.49579 	 0
6.54434	 	-7.53272	 	0.316577	 	6.54434	 	-7.53272 	 0
7.65982	 	-7.49854	 	0.289115	 	7.65982	 	-7.49854 	 0
8.72376	 	-7.46215	 	0.326426	 	8.72376	 	-7.46215 	 0
9.71962	 	-7.45008	 	0.301474	 	9.71962	 	-7.45008 	 0
10.7473	 	-7.41986	 	0.327796	 	10.7473	 	-7.41986 	 0
-11.9883	 	-7.48128	 	0.306797	 	11.7977	 	-7.48128 	 0
-10.9379	 	-7.40962	 	0.31239	 	-10.9379	 	-7.40962 	 0
-9.99141	 	-7.41724	 	0.342164	 	-9.99141	 	-7.41724 	 0
-8.92348	 	-7.42287	 	0.3018	 	-8.92348	 	-7.42287 	 0
-7.90872	 	-7.45311	 	0.338228	 	-7.90872	 	-7.45311 	 0
-6.82243	 	-7.4181	 	0.304159	 	-6.82243	 	-7.4181 	 0
-5.75361	 	-7.4065	 	0.30047	 	-5.75361	 	-7.4065 	 0
-4.71887	 	-7.48169	 	0.334	 	-4.71887	 	-7.48169 	 0
-3.68897	 	-7.37233	 	0.311544	 	-3.68897	 	-7.37233 	 0
-2.74845	 	-7.4437	 	0.309134	 	-2.74845	 	-7.4437 	 0
-1.67385	 	-7.38754	 	0.296786	 	-1.67385	 	-7.38754 	 0
-0.675155	 	-7.4242	 	0.324621	 	-0.675155	 	-7.4242 	 0
0.393742	 	-6.38699	 	0.339609	 	0.393742	 	-6.38699 	 0
1.43306	 	-6.40529	 	0.335096	 	1.43306	 	-6.40529 	 0
2.45338	 	-6.40779	 	0.320939	 	2.45338	 	-6.40779 	 0
3.48367	 	-6.41679	 	0.318977	 	3.48367	 	-6.41679 	 0
4.52287	 	-6.46511	 	0.304884	 	4.52287	 	-6.46511 	 0
5.54376	 	-6.44862	 	0.336631	 	5.54376	 	-6.44862 	 0
6.54627	 	-6.50006	 	0.313858	 	6.54627	 	-6.50006 	 0
7.56279	 	-6.46621	 	0.339179	 	7.56279	 	-6.46621 	 0
8.73336	 	-6.41155	 	0.311215	 	8.73336	 	-6.41155 	 0
9.74197	 	-6.4125	 	0.317984	 	9.74197	 	-6.4125 	 0
10.7625	 	-6.41807	 	0.326515	 	10.7625	 	-6.41807 	 0
-11.998	 	-6.38091	 	0.346283	 	11.788	 	-6.38091 	 0
-11.0017	 	-6.39362	 	0.314794	 	-11.0017	 	-6.39362 	 0
-9.97187	 	-6.44112	 	0.317461	 	-9.97187	 	-6.44112 	 0
-8.94352	 	-6.39301	 	0.330422	 	-8.94352	 	-6.39301 	 0
-7.91463	 	-6.37458	 	0.297981	 	-7.91463	 	-6.37458 	 0
-6.84026	 	-6.42092	 	0.301396	 	-6.84026	 	-6.42092 	 0
-5.82407	 	-6.40267	 	0.326204	 	-5.82407	 	-6.40267 	 0
-4.79097	 	-6.44122	 	0.336756	 	-4.79097	 	-6.44122 	 0
-3.77527	 	-6.40933	 	0.302992	 	-3.77527	 	-6.40933 	 0
-2.73066	 	-6.32582	 	0.328508	 	-2.73066	 	-6.32582 	 0
-1.73896	 	-6.33677	 	0.297437	 	-1.73896	 	-6.33677 	 0
-0.683935	 	-6.36865	 	0.310691	 	-0.683935	 	-6.36865 	 0
0.401958	 	-5.35779	 	0.320918	 	0.401958	 	-5.35779 	 0
1.44641	 	-5.4303	 	0.304387	 	1.44641	 	-5.4303 	 0
2.4505	 	-5.36221	 	0.316549	 	2.4505	 	-5.36221 	 0
3.54209	 	-5.43475	 	0.334359	 	3.54209	 	-5.43475 	 0
4.603	 	-5.41272	 	0.325517	 	4.603	 	-5.41272 	 0
5.65137	 	-5.39946	 	0.319584	 	5.65137	 	-5.39946 	 0
6.6432	 	-5.42814	 	0.310854	 	6.6432	 	-5.42814 	 0
7.63553	 	-5.4469	 	0.307195	 	7.63553	 	-5.4469 	 0
8.65908	 	-5.40539	 	0.277252	 	8.65908	 	-5.40539 	 0
9.69878	 	-5.36678	 	0.333386	 	9.69878	 	-5.36678 	 0
10.7263	 	-5.39577	 	0.323892	 	10.7263	 	-5.39577 	 0
-12.0057	 	-5.36987	 	0.289972	 	11.7803	 	-5.36987 	 0
-10.9247	 	-5.34717	 	0.319851	 	-10.9247	 	-5.34717 	 0
-9.87944	 	-5.34207	 	0.31351	 	-9.87944	 	-5.34207 	 0
-8.85793	 	-5.3669	 	0.29274	 	-8.85793	 	-5.3669 	 0
-7.86837	 	-5.35109	 	0.318597	 	-7.86837	 	-5.35109 	 0
-6.81795	 	-5.36488	 	0.317109	 	-6.81795	 	-5.36488 	 0
-5.8348	 	-5.32508	 	0.311349	 	-5.8348	 	-5.32508 	 0
-4.79674	 	-5.40609	 	0.280659	 	-4.79674	 	-5.40609 	 0
-3.78793	 	-5.35886	 	0.340576	 	-3.78793	 	-5.35886 	 0
-2.74912	 	-5.33203	 	0.307762	 	-2.74912	 	-5.33203 	 0
-1.73966	 	-5.31842	 	0.326783	 	-1.73966	 	-5.31842 	 0
-0.665107	 	-5.36216	 	0.308611	 	-0.665107	 	-5.36216 	 0
0.414247	 	-4.34915	 	0.324112	 	0.414247	 	-4.34915 	 0
1.44718	 	-4.37965	 	0.327239	 	1.44718	 	-4.37965 	 0
2.47868	 	-4.34909	 	0.321331	 	2.47868	 	-4.34909 	 0
3.55638	 	-4.38258	 	0.323338	 	3.55638	 	-4.38258 	 0
4.60608	 	-4.38709	 	0.333106	 	4.60608	 	-4.38709 	 0
5.57822	 	-4.37366	 	0.336971	 	5.57822	 	-4.37366 	 0
6.628	 	-4.41298	 	0.323981	 	6.628	 	-4.41298 	 0
7.6465	 	-4.37076	 	0.299325	 	7.6465	 	-4.37076 	 0
8.67441	 	-4.29732	 	0.323873	 	8.67441	 	-4.29732 	 0
9.69307	 	-4.31791	 	0.312733	 	9.69307	 	-4.31791 	 0
10.7295	 	-4.33991	 	0.329296	 	10.7295	 	-4.33991 	 0
-11.9991	 	-4.3515	 	0.323626	 	11.7869	 	-4.3515 	 0
-10.9907	 	-4.33424	 	0.287083	 	-10.9907	 	-4.33424 	 0
-9.98934	 	-4.27923	 	0.322686	 	-9.98934	 	-4.27923 	 0
-8.92651	 	-4.32581	 	0.334918	 	-8.92651	 	-4.32581 	 0
-7.86312	 	-4.31371	 	0.295342	 	-7.86312	 	-4.31371 	 0
-6.78308	 	-4.33469	 	0.280692	 	-6.78308	 	-4.33469 	 0
-5.78347	 	-4.2963	 	0.312746	 	-5.78347	 	-4.2963 	 0
-4.75241	 	-4.36059	 	0.321784	 	-4.75241	 	-4.36059 	 0
-3.74201	 	-4.35929	 	0.319368	 	-3.74201	 	-4.35929 	 0
-2.69158	 	-4.35655	 	0.324966	 	-2.69158	 	-4.35655 	 0
-1.7086	 	-4.31606	 	0.302899	 	-1.7086	 	-4.31606 	 0
-0.631784	 	-4.36434	 	0.314228	 	-0.631784	 	-4.36434 	 0
0.427152	 	-3.35998	 	0.339865	 	0.427152	 	-3.35998 	 0
1.48678	 	-3.31514	 	0.345038	 	1.48678	 	-3.31514 	 0
2.51562	 	-3.32691	 	0.329113	 	2.51562	 	-3.32691 	 0
3.50344	 	-3.30701	 	0.293474	 	3.50344	 	-3.30701 	 0
4.48847	 	-3.39544	 	0.326597	 	4.48847	 	-3.39544 	 0
5.55345	 	-3.34962	 	0.349373	 	5.55345	 	-3.34962 	 0
6.6034	 	-3.41731	 	0.294206	 	6.6034	 	-3.41731 	 0
7.6515	 	-3.34178	 	0.332264	 	7.6515	 	-3.34178 	 0
8.63727	 	-3.29758	 	0.318717	 	8.63727	 	-3.29758 	 0
9.69068	 	-3.29713	 	0.331846	 	9.69068	 	-3.29713 	 0
10.7112	 	-3.293	 	0.31586	 	10.7112	 	-3.293 	 0
-12.0547	 	-3.32986	 	0.317491	 	11.7314	 	-3.32986 	 0
-10.9937	 	-3.31026	 	0.325778	 	-10.9937	 	-3.31026 	 0
-9.91033	 	-3.25323	 	0.314908	 	-9.91033	 	-3.25323 	 0
-8.88839	 	-3.32179	 	0.31237	 	-8.88839	 	-3.32179 	 0
-7.85558	 	-3.28021	 	0.346404	 	-7.85558	 	-3.28021 	 0
-6.81368	 	-3.29374	 	0.29452	 	-6.81368	 	-3.29374 	 0
-5.78374	 	-3.24693	 	0.326282	 	-5.78374	 	-3.24693 	 0
-4.77197	 	-3.3096	 	0.326694	 	-4.77197	 	-3.3096 	 0
-3.72204	 	-3.37147	 	0.307282	 	-3.72204	 	-3.37147 	 0
-2.70357	 	-3.29045	 	0.330073	 	-2.70357	 	-3.29045 	 0
-1.68014	 	-3.29495	 	0.314782	 	-1.68014	 	-3.29495 	 0
-0.63271	 	-3.285	 	0.303126	 	-0.63271	 	-3.285 	 0
0.359592	 	-2.32539	 	0.345025	 	0.359592	 	-2.32539 	 0
1.38506	 	-2.30748	 	0.331889	 	1.38506	 	-2.30748 	 0
2.42685	 	-2.32848	 	0.32317	 	2.42685	 	-2.32848 	 0
3.4679	 	-2.27197	 	0.321398	 	3.4679	 	-2.27197 	 0
4.49405	 	-2.31951	 	0.300835	 	4.49405	 	-2.31951 	 0
5.51082	 	-2.27808	 	0.322641	 	5.51082	 	-2.27808 	 0
6.60548	 	-2.36259	 	0.332698	 	6.60548	 	-2.36259 	 0
7.56758	 	-2.31568	 	0.311142	 	7.56758	 	-2.31568 	 0
8.67138	 	-2.25048	 	0.310604	 	8.67138	 	-2.25048 	 0
9.67759	 	-2.26366	 	0.331392	 	9.67759	 	-2.26366 	 0
10.736	 	-2.24321	 	0.319588	 	10.736	 	-2.24321 	 0
-11.9999	 	-2.24628	 	0.325172	 	11.7861	 	-2.24628 	 0
-10.9698	 	-2.25775	 	0.319674	 	-10.9698	 	-2.25775 	 0
-9.9742	 	-2.2556	 	0.290539	 	-9.9742	 	-2.2556 	 0
-8.8847	 	-2.24391	 	0.284794	 	-8.8847	 	-2.24391 	 0
-7.84548	 	-2.22179	 	0.334388	 	-7.84548	 	-2.22179 	 0
-6.80857	 	-2.27919	 	0.341148	 	-6.80857	 	-2.27919 	 0
-5.79033	 	-2.23686	 	0.312146	 	-5.79033	 	-2.23686 	 0
-4.7542	 	-2.30743	 	0.309753	 	-4.7542	 	-2.30743 	 0
-3.71099	 	-2.33038	 	0.335949	 	-3.71099	 	-2.33038 	 0
-2.7188	 	-2.25435	 	0.331675	 	-2.7188	 	-2.25435 	 0
-1.67666	 	-2.27806	 	0.296236	 	-1.67666	 	-2.27806 	 0
-0.614648	 	-2.21727	 	0.315982	 	-0.614648	 	-2.21727 	 0
0.380067	 	-1.25761	 	0.323049	 	0.380067	 	-1.25761 	 0
1.41271	 	-1.32168	 	0.319841	 	1.41271	 	-1.32168 	 0
2.44735	 	-1.26824	 	0.314453	 	2.44735	 	-1.26824 	 0
3.43639	 	-1.25708	 	0.293105	 	3.43639	 	-1.25708 	 0
4.48159	 	-1.2453	 	0.334118	 	4.48159	 	-1.2453 	 0
5.49776	 	-1.29866	 	0.270686	 	5.49776	 	-1.29866 	 0
6.56739	 	-1.30725	 	0.32777	 	6.56739	 	-1.30725 	 0
7.59437	 	-1.21089	 	0.296332	 	7.59437	 	-1.21089 	 0
8.58273	 	-1.28701	 	0.300422	 	8.58273	 	-1.28701 	 0
9.66576	 	-1.26535	 	0.3174	 	9.66576	 	-1.26535 	 0
10.7404	 	-1.20758	 	0.294002	 	10.7404	 	-1.20758 	 0
-12.0216	 	-1.25802	 	0.314886	 	11.7644	 	-1.25802 	 0
-10.9801	 	-1.30005	 	0.315141	 	-10.9801	 	-1.30005 	 0
-9.93014	 	-1.24518	 	0.303613	 	-9.93014	 	-1.24518 	 0
-8.93114	 	-1.19198	 	0.30227	 	-8.93114	 	-1.19198 	 0
-7.89733	 	-1.21347	 	0.327352	 	-7.89733	 	-1.21347 	 0
-6.86106	 	-1.2382	 	0.322095	 	-6.86106	 	-1.2382 	 0
-5.86974	 	-1.31658	 	0.305077	 	-5.86974	 	-1.31658 	 0
-4.77849	 	-1.30436	 	0.324035	 	-4.77849	 	-1.30436 	 0
-3.76458	 	-1.25756	 	0.330883	 	-3.76458	 	-1.25756 	 0
-2.72455	 	-1.26459	 	0.307788	 	-2.72455	 	-1.26459 	 0
-1.77475	 	-1.28671	 	0.310074	 	-1.77475	 	-1.28671 	 0
-0.655289	 	-1.23987	 	0.313732	 	-0.655289	 	-1.23987 	 0
0.408105	 	-0.241926	 	0.314775	 	0.408105	 	-0.241926 	 0
1.37366	 	-0.25252	 	0.321047	 	1.37366	 	-0.25252 	 0
2.40548	 	-0.206938	 	0.317577	 	2.40548	 	-0.206938 	 0
3.49923	 	-0.260561	 	0.306257	 	3.49923	 	-0.260561 	 0
4.56609	 	-0.196599	 	0.321347	 	4.56609	 	-0.196599 	 0
5.59535	 	-0.24178	 	0.317385	 	5.59535	 	-0.24178 	 0
6.58151	 	-0.275723	 	0.333146	 	6.58151	 	-0.275723 	 0
7.62241	 	-0.213848	 	0.295553	 	7.62241	 	-0.213848 	 0
8.65246	 	-0.227672	 	0.307173	 	8.65246	 	-0.227672 	 0
9.65899	 	-0.236913	 	0.304847	 	9.65899	 	-0.236913 	 0
10.708	 	-0.217523	 	0.309918	 	10.708	 	-0.217523 	 0
-12.0389	 	-0.161052	 	0.303741	 	11.7471	 	-0.161052 	 0
-11.0062	 	-0.24664	 	0.323409	 	-11.0062	 	-0.24664 	 0
-9.95887	 	-0.192727	 	0.31532	 	-9.95887	 	-0.192727 	 0
-8.9611	 	-0.14667	 	0.330404	 	-8.9611	 	-0.14667 	 0
-7.92246	 	-0.165762	 	0.303407	 	-7.92246	 	-0.165762 	 0
-6.93806	 	-0.196596	 	0.32851	 	-6.93806	 	-0.196596 	 0
-5.82492	 	-0.233195	 	0.32862	 	-5.82492	 	-0.233195 	 0
-4.80952	 	-0.253103	 	0.279847	 	-4.80952	 	-0.253103 	 0
-3.84621	 	-0.299819	 	0.302612	 	-3.84621	 	-0.299819 	 0
-2.81796	 	-0.272379	 	0.319054	 	-2.81796	 	-0.272379 	 0
-1.69768	 	-0.265676	 	0.343384	 	-1.69768	 	-0.265676 	 0
-0.67064	 	-0.213378	 	0.318212	 	-0.67064	 	-0.213378 	 0
